2.000000000000000000e+01 2.062069999999999848e+00 -6.785839999999999463e+02 3.549060000000000059e+02 3.460720000000000027e+02 2.712629999999999768e+02
2.000000000000000000e+01 2.065519999999999801e+00 -6.774289999999999736e+02 3.543149999999999977e+02 3.491909999999999741e+02 2.800230000000000246e+02
2.000000000000000000e+01 2.060340000000000060e+00 -6.792559999999999718e+02 3.553849999999999909e+02 3.416589999999999918e+02 2.489079999999999870e+02
2.000000000000000000e+01 2.058619999999999894e+00 -6.796839999999999691e+02 3.554830000000000041e+02 3.430470000000000255e+02 2.646630000000000109e+02
2.000000000000000000e+01 2.055169999999999941e+00 -6.808500000000000227e+02 3.561129999999999995e+02 3.391610000000000014e+02 2.570869999999999891e+02
2.000000000000000000e+01 2.063790000000000013e+00 -6.779529999999999745e+02 3.546240000000000236e+02 3.462029999999999745e+02 2.699359999999999786e+02
2.000000000000000000e+01 2.056900000000000173e+00 -6.802540000000000191e+02 3.557259999999999991e+02 3.425009999999999764e+02 2.710140000000000100e+02
2.000000000000000000e+01 2.067239999999999966e+00 -6.767949999999999591e+02 3.539309999999999832e+02 3.506909999999999741e+02 2.964879999999999995e+02
6.000000000000000000e+01 2.065519999999999801e+00 -6.097159999999999854e+03 3.189679999999999836e+03 3.131099999999999909e+03 2.413280000000000200e+03
6.000000000000000000e+01 2.067239999999999966e+00 -6.091390000000000327e+03 3.186780000000000200e+03 3.138199999999999818e+03 2.440389999999999873e+03
6.000000000000000000e+01 2.055169999999999941e+00 -6.128859999999999673e+03 3.205920000000000073e+03 3.053840000000000146e+03 2.213239999999999782e+03
6.000000000000000000e+01 2.060340000000000060e+00 -6.112760000000000218e+03 3.197550000000000182e+03 3.101949999999999818e+03 2.374000000000000000e+03
6.000000000000000000e+01 2.063790000000000013e+00 -6.101619999999999891e+03 3.191590000000000146e+03 3.119179999999999836e+03 2.433710000000000036e+03
6.000000000000000000e+01 2.056900000000000173e+00 -6.123399999999999636e+03 3.203409999999999854e+03 3.050139999999999873e+03 2.209550000000000182e+03
6.000000000000000000e+01 2.058619999999999894e+00 -6.117869999999999891e+03 3.199980000000000018e+03 3.054380000000000109e+03 2.302849999999999909e+03
6.000000000000000000e+01 2.062069999999999848e+00 -6.107199999999999818e+03 3.195019999999999982e+03 3.092940000000000055e+03 2.327030000000000200e+03
1.000000000000000000e+02 2.055169999999999941e+00 -1.702479999999999927e+04 8.906250000000000000e+03 8.414090000000000146e+03 6.019319999999999709e+03
1.000000000000000000e+02 2.058619999999999894e+00 -1.699359999999999854e+04 8.872799999999999272e+03 8.850489999999999782e+03 6.031680000000000291e+04
1.000000000000000000e+02 2.062069999999999848e+00 -1.696509999999999854e+04 8.875159999999999854e+03 8.605409999999999854e+03 6.464020000000000437e+03
1.000000000000000000e+02 2.063790000000000013e+00 -1.695150000000000000e+04 8.868450000000000728e+03 8.633920000000000073e+03 6.566130000000000109e+03
1.000000000000000000e+02 2.056900000000000173e+00 -1.701000000000000000e+04 8.898559999999999491e+03 8.463670000000000073e+03 6.157840000000000146e+03
1.000000000000000000e+02 2.065519999999999801e+00 -1.693579999999999927e+04 8.860059999999999491e+03 8.677399999999999636e+03 6.684800000000000182e+03
1.000000000000000000e+02 2.067239999999999966e+00 -1.691950000000000000e+04 8.851100000000000364e+03 8.730879999999999200e+03 6.853119999999999891e+03
1.000000000000000000e+02 2.060340000000000060e+00 -1.698029999999999927e+04 8.883430000000000291e+03 8.556200000000000728e+03 6.390699999999999818e+03
1.400000000000000000e+02 2.055169999999999941e+00 -3.336740000000000146e+04 1.745529999999999927e+04 1.653779999999999927e+04 1.186339999999999964e+04
1.400000000000000000e+02 2.063790000000000013e+00 -3.322340000000000146e+04 1.738170000000000073e+04 1.691670000000000073e+04 1.274470000000000073e+04
1.400000000000000000e+02 2.058619999999999894e+00 -3.330969999999999709e+04 1.742540000000000146e+04 1.664509999999999854e+04 1.230229999999999927e+04
1.400000000000000000e+02 2.062069999999999848e+00 -3.320719999999999709e+04 1.673559999999999854e+04 2.760050000000000000e+04 4.586680000000000000e+06
1.400000000000000000e+02 2.056900000000000173e+00 -3.333950000000000000e+04 1.744050000000000000e+04 1.656400000000000000e+04 1.211200000000000000e+04
1.400000000000000000e+02 2.067239999999999966e+00 -3.312590000000000146e+04 1.677750000000000000e+04 2.633729999999999927e+04 4.082230000000000000e+06
1.400000000000000000e+02 2.060340000000000060e+00 -3.327600000000000000e+04 1.737440000000000146e+04 1.778659999999999854e+04 1.533040000000000000e+05
1.400000000000000000e+02 2.065519999999999801e+00 -3.319469999999999709e+04 1.736709999999999854e+04 1.700690000000000146e+04 1.295889999999999964e+04
