2.000000000000000000e+01 2.334480000000000111e+00 -5.345499999999999545e+02 2.287750000000000057e+02 6.567699999999999818e+02 3.466070000000000164e+03
2.000000000000000000e+01 2.341380000000000017e+00 -5.300810000000000173e+02 2.231210000000000093e+02 6.467409999999999854e+02 3.526900000000000091e+03
2.000000000000000000e+01 2.343100000000000183e+00 -5.301240000000000236e+02 2.243849999999999909e+02 6.485109999999999673e+02 3.480969999999999800e+03
2.000000000000000000e+01 2.332759999999999945e+00 -5.364980000000000473e+02 2.315970000000000084e+02 6.555349999999999682e+02 3.385769999999999982e+03
2.000000000000000000e+01 2.337930000000000064e+00 -5.324360000000000355e+02 2.265000000000000000e+02 6.487670000000000528e+02 3.460159999999999854e+03
2.000000000000000000e+01 2.331030000000000157e+00 -5.368659999999999854e+02 2.311370000000000005e+02 6.623909999999999627e+02 3.482260000000000218e+03
2.000000000000000000e+01 2.336209999999999898e+00 -5.341589999999999918e+02 2.287800000000000011e+02 6.524489999999999554e+02 3.422579999999999927e+03
2.000000000000000000e+01 2.339659999999999851e+00 -5.314070000000000391e+02 2.248580000000000041e+02 6.498310000000000173e+02 3.515210000000000036e+03
6.000000000000000000e+01 2.334480000000000111e+00 -4.652699999999999818e+03 1.086500000000000000e+03 5.981939999999999600e+03 1.842800000000000000e+05
6.000000000000000000e+01 2.337930000000000064e+00 -4.630029999999999745e+03 1.028779999999999973e+03 5.646319999999999709e+03 1.710850000000000000e+05
6.000000000000000000e+01 2.341380000000000017e+00 -4.612420000000000073e+03 1.003129999999999995e+03 5.558930000000000291e+03 1.651010000000000000e+05
6.000000000000000000e+01 2.336209999999999898e+00 -4.645960000000000036e+03 1.080829999999999927e+03 5.806989999999999782e+03 1.764840000000000000e+05
6.000000000000000000e+01 2.332759999999999945e+00 -4.665039999999999964e+03 1.114940000000000055e+03 5.995039999999999964e+03 1.871970000000000000e+05
6.000000000000000000e+01 2.343100000000000183e+00 -4.599520000000000437e+03 9.636440000000000055e+02 5.475159999999999854e+03 1.599500000000000000e+05
6.000000000000000000e+01 2.331030000000000157e+00 -4.672829999999999927e+03 1.122579999999999927e+03 6.057140000000000327e+03 1.858760000000000000e+05
6.000000000000000000e+01 2.339659999999999851e+00 -4.617949999999999818e+03 9.836900000000000546e+02 5.634960000000000036e+03 1.718730000000000000e+05
1.000000000000000000e+02 2.336209999999999898e+00 -1.285439999999999964e+04 1.879269999999999982e+03 1.500210000000000036e+04 6.912780000000000000e+05
1.000000000000000000e+02 2.343100000000000183e+00 -1.275629999999999927e+04 1.677309999999999945e+03 1.422620000000000073e+04 5.856670000000000000e+05
1.000000000000000000e+02 2.334480000000000111e+00 -1.288989999999999964e+04 1.955029999999999973e+03 1.545079999999999927e+04 7.771300000000000000e+05
1.000000000000000000e+02 2.332759999999999945e+00 -1.289789999999999964e+04 1.809160000000000082e+03 1.506979999999999927e+04 6.966220000000000000e+05
1.000000000000000000e+02 2.337930000000000064e+00 -1.282389999999999964e+04 1.740230000000000018e+03 1.456189999999999964e+04 6.254410000000000000e+05
1.000000000000000000e+02 2.339659999999999851e+00 -1.280760000000000036e+04 1.799839999999999918e+03 1.441810000000000036e+04 6.455460000000000000e+05
1.000000000000000000e+02 2.331030000000000157e+00 -1.293200000000000000e+04 1.949009999999999991e+03 1.549870000000000073e+04 7.792200000000000000e+05
1.000000000000000000e+02 2.341380000000000017e+00 -1.277270000000000073e+04 1.594670000000000073e+03 1.414010000000000036e+04 5.743210000000000000e+05
1.400000000000000000e+02 2.336209999999999898e+00 -2.517120000000000073e+04 2.366400000000000091e+03 2.779620000000000073e+04 1.281720000000000000e+06
1.400000000000000000e+02 2.334480000000000111e+00 -2.522700000000000000e+04 2.503440000000000055e+03 2.871679999999999927e+04 1.481910000000000000e+06
1.400000000000000000e+02 2.343100000000000183e+00 -2.498170000000000073e+04 2.252949999999999818e+03 2.699800000000000000e+04 1.192890000000000000e+06
1.400000000000000000e+02 2.332759999999999945e+00 -2.527179999999999927e+04 2.546500000000000000e+03 2.860990000000000146e+04 1.416170000000000000e+06
1.400000000000000000e+02 2.337930000000000064e+00 -2.513509999999999854e+04 2.466460000000000036e+03 2.820900000000000000e+04 1.426940000000000000e+06
1.400000000000000000e+02 2.341380000000000017e+00 -2.504129999999999927e+04 2.320090000000000146e+03 2.802790000000000146e+04 1.306250000000000000e+06
1.400000000000000000e+02 2.339659999999999851e+00 -2.508190000000000146e+04 2.375900000000000091e+03 2.807179999999999927e+04 1.293840000000000000e+06
1.400000000000000000e+02 2.331030000000000157e+00 -2.532550000000000000e+04 2.599059999999999945e+03 2.900379999999999927e+04 1.561650000000000000e+06
