2.000000000000000000e+01 2.384479999999999933e+00 -5.045199999999999818e+02 1.944780000000000086e+02 5.899410000000000309e+02 3.532659999999999854e+03
2.000000000000000000e+01 2.377590000000000092e+00 -5.082839999999999918e+02 1.984449999999999932e+02 5.995470000000000255e+02 3.569199999999999818e+03
2.000000000000000000e+01 2.374140000000000139e+00 -5.099929999999999950e+02 1.996560000000000059e+02 6.074550000000000409e+02 3.629219999999999800e+03
2.000000000000000000e+01 2.375859999999999861e+00 -5.093969999999999914e+02 1.995449999999999875e+02 6.095370000000000346e+02 3.593710000000000036e+03
2.000000000000000000e+01 2.382760000000000211e+00 -5.042930000000000064e+02 1.921140000000000043e+02 5.903310000000000173e+02 3.636130000000000109e+03
2.000000000000000000e+01 2.379309999999999814e+00 -5.060699999999999932e+02 1.948209999999999980e+02 5.988060000000000400e+02 3.606730000000000018e+03
2.000000000000000000e+01 2.372409999999999908e+00 -5.110880000000000223e+02 2.014010000000000105e+02 6.083920000000000528e+02 3.595840000000000146e+03
2.000000000000000000e+01 2.381029999999999980e+00 -5.055950000000000273e+02 1.943880000000000052e+02 5.938049999999999500e+02 3.606650000000000091e+03
6.000000000000000000e+01 2.372409999999999908e+00 -4.454760000000000218e+03 7.407200000000000273e+02 4.630300000000000182e+03 1.126560000000000000e+05
6.000000000000000000e+01 2.379309999999999814e+00 -4.424560000000000400e+03 7.104039999999999964e+02 4.429319999999999709e+03 1.004100000000000000e+05
6.000000000000000000e+01 2.374140000000000139e+00 -4.447300000000000182e+03 7.381280000000000427e+02 4.596319999999999709e+03 1.079880000000000000e+05
6.000000000000000000e+01 2.377590000000000092e+00 -4.433409999999999854e+03 7.277580000000000382e+02 4.536109999999999673e+03 1.073100000000000000e+05
6.000000000000000000e+01 2.381029999999999980e+00 -4.414180000000000291e+03 6.794249999999999545e+02 4.375699999999999818e+03 9.645739999999999418e+04
6.000000000000000000e+01 2.382760000000000211e+00 -4.410319999999999709e+03 7.032269999999999754e+02 4.389949999999999818e+03 9.851110000000000582e+04
6.000000000000000000e+01 2.384479999999999933e+00 -4.400840000000000146e+03 6.669070000000000391e+02 4.397149999999999636e+03 9.349580000000000291e+04
6.000000000000000000e+01 2.375859999999999861e+00 -4.442779999999999745e+03 7.517300000000000182e+02 4.587000000000000000e+03 1.085250000000000000e+05
1.000000000000000000e+02 2.384479999999999933e+00 -1.221829999999999927e+04 1.099440000000000055e+03 1.178810000000000036e+04 2.776440000000000000e+05
1.000000000000000000e+02 2.382760000000000211e+00 -1.224020000000000073e+04 1.136470000000000027e+03 1.194850000000000000e+04 2.988600000000000000e+05
1.000000000000000000e+02 2.375859999999999861e+00 -1.232229999999999927e+04 1.194339999999999918e+03 1.220210000000000036e+04 3.225920000000000000e+05
1.000000000000000000e+02 2.381029999999999980e+00 -1.226229999999999927e+04 1.150019999999999982e+03 1.201679999999999927e+04 3.098520000000000000e+05
1.000000000000000000e+02 2.372409999999999908e+00 -1.236410000000000036e+04 1.229220000000000027e+03 1.251929999999999927e+04 3.424910000000000000e+05
1.000000000000000000e+02 2.379309999999999814e+00 -1.228239999999999964e+04 1.171789999999999964e+03 1.207900000000000000e+04 3.147740000000000000e+05
1.000000000000000000e+02 2.377590000000000092e+00 -1.230400000000000000e+04 1.201900000000000091e+03 1.224179999999999927e+04 3.256820000000000000e+05
1.000000000000000000e+02 2.374140000000000139e+00 -1.233800000000000000e+04 1.196630000000000109e+03 1.229310000000000036e+04 3.224820000000000000e+05
1.400000000000000000e+02 2.379309999999999814e+00 -2.406850000000000000e+04 1.610619999999999891e+03 2.365579999999999927e+04 6.049970000000000000e+05
1.400000000000000000e+02 2.374140000000000139e+00 -2.418679999999999927e+04 1.675509999999999991e+03 2.409690000000000146e+04 6.335270000000000000e+05
1.400000000000000000e+02 2.375859999999999861e+00 -2.415559999999999854e+04 1.696640000000000100e+03 2.382350000000000000e+04 6.623030000000000000e+05
1.400000000000000000e+02 2.377590000000000092e+00 -2.410640000000000146e+04 1.627559999999999945e+03 2.381750000000000000e+04 6.308620000000000000e+05
1.400000000000000000e+02 2.382760000000000211e+00 -2.399429999999999927e+04 1.603980000000000018e+03 2.337970000000000073e+04 5.888750000000000000e+05
1.400000000000000000e+02 2.381029999999999980e+00 -2.403570000000000073e+04 1.630730000000000018e+03 2.374209999999999854e+04 6.088460000000000000e+05
1.400000000000000000e+02 2.384479999999999933e+00 -2.394509999999999854e+04 1.552210000000000036e+03 2.320029999999999927e+04 5.561620000000000000e+05
1.400000000000000000e+02 2.372409999999999908e+00 -2.423020000000000073e+04 1.711220000000000027e+03 2.394150000000000000e+04 6.928000000000000000e+05
