2.000000000000000000e+01 2.136210000000000164e+00 -6.498559999999999945e+02 3.383990000000000009e+02 4.341059999999999945e+02 5.588719999999999573e+02
2.000000000000000000e+01 2.129309999999999814e+00 -6.531119999999999663e+02 3.404619999999999891e+02 4.215919999999999845e+02 5.080070000000000050e+02
2.000000000000000000e+01 2.131029999999999980e+00 -6.521159999999999854e+02 3.396619999999999777e+02 4.272440000000000282e+02 5.567430000000000518e+02
2.000000000000000000e+01 2.127590000000000092e+00 -6.537780000000000200e+02 3.410860000000000127e+02 4.164700000000000273e+02 4.858570000000000277e+02
2.000000000000000000e+01 2.132760000000000211e+00 -6.514809999999999945e+02 3.393210000000000264e+02 4.287660000000000196e+02 5.421399999999999864e+02
2.000000000000000000e+01 2.134479999999999933e+00 -6.505370000000000346e+02 3.385960000000000036e+02 4.280790000000000077e+02 5.862380000000000564e+02
2.000000000000000000e+01 2.125859999999999861e+00 -6.547119999999999891e+02 3.415380000000000109e+02 4.145199999999999818e+02 4.912309999999999945e+02
2.000000000000000000e+01 2.124140000000000139e+00 -6.552859999999999445e+02 3.418940000000000055e+02 4.109569999999999936e+02 4.684060000000000059e+02
6.000000000000000000e+01 2.136210000000000164e+00 -5.849810000000000400e+03 3.045500000000000000e+03 3.906309999999999945e+03 5.357000000000000000e+03
6.000000000000000000e+01 2.125859999999999861e+00 -5.890170000000000073e+03 3.071510000000000218e+03 3.777059999999999945e+03 5.148699999999999818e+03
6.000000000000000000e+01 2.131029999999999980e+00 -5.870960000000000036e+03 3.060099999999999909e+03 3.821639999999999873e+03 4.751890000000000327e+03
6.000000000000000000e+01 2.127590000000000092e+00 -5.883310000000000400e+03 3.067380000000000109e+03 3.804059999999999945e+03 4.725060000000000400e+03
6.000000000000000000e+01 2.129309999999999814e+00 -5.877260000000000218e+03 3.063590000000000146e+03 3.823699999999999818e+03 4.813529999999999745e+03
6.000000000000000000e+01 2.132760000000000211e+00 -5.863220000000000255e+03 3.053849999999999909e+03 3.850800000000000182e+03 5.169699999999999818e+03
6.000000000000000000e+01 2.134479999999999933e+00 -5.857250000000000000e+03 3.050429999999999836e+03 3.879780000000000200e+03 5.172109999999999673e+03
6.000000000000000000e+01 2.124140000000000139e+00 -5.895859999999999673e+03 3.074329999999999927e+03 3.754769999999999982e+03 4.798729999999999563e+03
1.000000000000000000e+02 2.124140000000000139e+00 -1.637939999999999964e+04 8.543670000000000073e+03 1.036950000000000000e+04 1.249370000000000073e+04
1.000000000000000000e+02 2.129309999999999814e+00 -1.632579999999999927e+04 8.510739999999999782e+03 1.060510000000000036e+04 1.309220000000000073e+04
1.000000000000000000e+02 2.134479999999999933e+00 -1.627070000000000073e+04 8.474569999999999709e+03 1.077620000000000073e+04 1.445010000000000036e+04
1.000000000000000000e+02 2.131029999999999980e+00 -1.630600000000000000e+04 8.495760000000000218e+03 1.063870000000000073e+04 1.392470000000000073e+04
1.000000000000000000e+02 2.125859999999999861e+00 -1.636079999999999927e+04 8.530200000000000728e+03 1.050379999999999927e+04 1.332539999999999964e+04
1.000000000000000000e+02 2.132760000000000211e+00 -1.628729999999999927e+04 8.483180000000000291e+03 1.079139999999999964e+04 1.446710000000000036e+04
1.000000000000000000e+02 2.136210000000000164e+00 -1.625210000000000036e+04 8.462739999999999782e+03 1.085879999999999927e+04 1.467650000000000000e+04
1.000000000000000000e+02 2.127590000000000092e+00 -1.634170000000000073e+04 8.517569999999999709e+03 1.060089999999999964e+04 1.344500000000000000e+04
1.400000000000000000e+02 2.132760000000000211e+00 -3.192350000000000000e+04 1.662940000000000146e+04 2.090450000000000000e+04 2.852150000000000000e+04
1.400000000000000000e+02 2.129309999999999814e+00 -3.199629999999999927e+04 1.667609999999999854e+04 2.083050000000000000e+04 2.732590000000000146e+04
1.400000000000000000e+02 2.125859999999999861e+00 -3.207050000000000000e+04 1.672570000000000073e+04 2.050509999999999854e+04 2.508040000000000146e+04
1.400000000000000000e+02 2.131029999999999980e+00 -3.193909999999999854e+04 1.638459999999999854e+04 2.585150000000000000e+04 1.612690000000000000e+06
1.400000000000000000e+02 2.127590000000000092e+00 -3.203200000000000000e+04 1.669470000000000073e+04 2.087709999999999854e+04 3.796380000000000291e+04
1.400000000000000000e+02 2.136210000000000164e+00 -3.185150000000000000e+04 1.658190000000000146e+04 2.123509999999999854e+04 2.938990000000000146e+04
1.400000000000000000e+02 2.124140000000000139e+00 -3.208490000000000146e+04 1.653429999999999927e+04 2.401950000000000000e+04 1.314560000000000000e+06
1.400000000000000000e+02 2.134479999999999933e+00 -3.186959999999999854e+04 1.639640000000000146e+04 2.544079999999999927e+04 1.234900000000000000e+06
