2.000000000000000000e+01 2.281620000000000203e+00 -5.701630000000000109e+02 2.693079999999999927e+02 6.538410000000000082e+02 2.635250000000000000e+03
2.000000000000000000e+01 2.283819999999999961e+00 -5.694009999999999536e+02 2.689619999999999891e+02 6.539310000000000400e+02 2.632659999999999854e+03
2.000000000000000000e+01 2.280879999999999797e+00 -5.708110000000000355e+02 2.700969999999999800e+02 6.547789999999999964e+02 2.655079999999999927e+03
2.000000000000000000e+01 2.279409999999999936e+00 -5.709009999999999536e+02 2.698269999999999982e+02 6.591580000000000155e+02 2.644070000000000164e+03
2.000000000000000000e+01 2.280149999999999899e+00 -5.715049999999999955e+02 2.707429999999999950e+02 6.574360000000000355e+02 2.622650000000000091e+03
2.000000000000000000e+01 2.282350000000000101e+00 -5.699729999999999563e+02 2.696399999999999864e+02 6.574270000000000209e+02 2.612360000000000127e+03
2.000000000000000000e+01 2.283090000000000064e+00 -5.692380000000000564e+02 2.686299999999999955e+02 6.536720000000000255e+02 2.623530000000000200e+03
2.000000000000000000e+01 2.284559999999999924e+00 -5.675639999999999645e+02 2.659529999999999745e+02 6.630679999999999836e+02 2.790329999999999927e+03
6.000000000000000000e+01 2.283819999999999961e+00 -5.012640000000000327e+03 1.911829999999999927e+03 7.992869999999999891e+03 2.057320000000000000e+05
6.000000000000000000e+01 2.284559999999999924e+00 -5.007930000000000291e+03 1.910250000000000000e+03 7.966140000000000327e+03 1.969910000000000000e+05
6.000000000000000000e+01 2.283090000000000064e+00 -5.014210000000000036e+03 1.929660000000000082e+03 7.927670000000000073e+03 1.885820000000000000e+05
6.000000000000000000e+01 2.280149999999999899e+00 -5.041600000000000364e+03 2.001650000000000091e+03 7.887079999999999927e+03 1.736390000000000000e+05
6.000000000000000000e+01 2.279409999999999936e+00 -5.045470000000000255e+03 1.987769999999999982e+03 8.050569999999999709e+03 1.917620000000000000e+05
6.000000000000000000e+01 2.281620000000000203e+00 -5.033560000000000400e+03 1.968490000000000009e+03 8.026659999999999854e+03 1.965340000000000000e+05
6.000000000000000000e+01 2.282350000000000101e+00 -5.024369999999999891e+03 1.933109999999999900e+03 8.004710000000000036e+03 2.094490000000000000e+05
6.000000000000000000e+01 2.280879999999999797e+00 -5.039149999999999636e+03 1.991029999999999973e+03 7.885840000000000146e+03 1.827800000000000000e+05
1.000000000000000000e+02 2.281620000000000203e+00 -1.389310000000000036e+04 4.642890000000000327e+03 2.397029999999999927e+04 1.457440000000000000e+06
1.000000000000000000e+02 2.280879999999999797e+00 -1.391610000000000036e+04 4.740239999999999782e+03 2.466240000000000146e+04 1.480950000000000000e+06
1.000000000000000000e+02 2.279409999999999936e+00 -1.394979999999999927e+04 4.900609999999999673e+03 2.462359999999999854e+04 1.325780000000000000e+06
1.000000000000000000e+02 2.284559999999999924e+00 -1.379070000000000073e+04 4.106289999999999964e+03 2.501229999999999927e+04 1.761590000000000000e+06
1.000000000000000000e+02 2.280149999999999899e+00 -1.393739999999999964e+04 4.875100000000000364e+03 2.432479999999999927e+04 1.292380000000000000e+06
1.000000000000000000e+02 2.283819999999999961e+00 -1.384560000000000036e+04 4.528119999999999891e+03 2.466279999999999927e+04 1.497330000000000000e+06
1.000000000000000000e+02 2.282350000000000101e+00 -1.387750000000000000e+04 4.623170000000000073e+03 2.465259999999999854e+04 1.455830000000000000e+06
1.000000000000000000e+02 2.283090000000000064e+00 -1.385570000000000073e+04 4.516369999999999891e+03 2.489950000000000000e+04 1.575460000000000000e+06
1.400000000000000000e+02 2.280879999999999797e+00 -2.721990000000000146e+04 8.316120000000000800e+03 5.112690000000000146e+04 5.466850000000000000e+06
1.400000000000000000e+02 2.282350000000000101e+00 -2.713090000000000146e+04 7.820220000000000255e+03 4.884700000000000000e+04 5.399660000000000000e+06
1.400000000000000000e+02 2.280149999999999899e+00 -2.725529999999999927e+04 8.489930000000000291e+03 5.171880000000000291e+04 5.222900000000000000e+06
1.400000000000000000e+02 2.284559999999999924e+00 -2.703490000000000146e+04 7.606699999999999818e+03 4.773369999999999709e+04 4.995880000000000000e+06
1.400000000000000000e+02 2.283819999999999961e+00 -2.705700000000000000e+04 7.555109999999999673e+03 4.764869999999999709e+04 5.385070000000000000e+06
1.400000000000000000e+02 2.281620000000000203e+00 -2.716159999999999854e+04 8.057350000000000364e+03 4.869650000000000000e+04 4.917070000000000000e+06
1.400000000000000000e+02 2.279409999999999936e+00 -2.731790000000000146e+04 8.798389999999999418e+03 5.208659999999999854e+04 5.216930000000000000e+06
1.400000000000000000e+02 2.283090000000000064e+00 -2.710329999999999927e+04 7.701000000000000000e+03 5.117909999999999854e+04 5.877580000000000000e+06
