2.000000000000000000e+01 2.233999999999999986e+00 -6.000610000000000355e+02 2.988349999999999795e+02 5.963949999999999818e+02 1.806000000000000000e+03
2.000000000000000000e+01 2.228000000000000203e+00 -6.035220000000000482e+02 3.020869999999999891e+02 5.854750000000000227e+02 1.678049999999999955e+03
2.000000000000000000e+01 2.225999999999999979e+00 -6.047169999999999845e+02 3.030360000000000014e+02 5.862680000000000291e+02 1.672200000000000045e+03
2.000000000000000000e+01 2.221999999999999975e+00 -6.069959999999999809e+02 3.053550000000000182e+02 5.712450000000000045e+02 1.551589999999999918e+03
2.000000000000000000e+01 2.224000000000000199e+00 -6.057029999999999745e+02 3.040020000000000095e+02 5.823469999999999800e+02 1.629049999999999955e+03
2.000000000000000000e+01 2.220000000000000195e+00 -6.082730000000000246e+02 3.067919999999999732e+02 5.679500000000000455e+02 1.481410000000000082e+03
2.000000000000000000e+01 2.229999999999999982e+00 -6.028210000000000264e+02 3.018330000000000268e+02 5.844170000000000300e+02 1.675420000000000073e+03
2.000000000000000000e+01 2.232000000000000206e+00 -6.015249999999999773e+02 3.009300000000000068e+02 5.898120000000000118e+02 1.662099999999999909e+03
6.000000000000000000e+01 2.220000000000000195e+00 -5.456279999999999745e+03 2.697880000000000109e+03 5.864930000000000291e+03 4.288250000000000000e+04
6.000000000000000000e+01 2.233999999999999986e+00 -5.379500000000000000e+03 2.617710000000000036e+03 6.195859999999999673e+03 4.645240000000000146e+04
6.000000000000000000e+01 2.232000000000000206e+00 -5.389500000000000000e+03 2.624349999999999909e+03 6.184619999999999891e+03 4.992200000000000000e+04
6.000000000000000000e+01 2.225999999999999979e+00 -5.424609999999999673e+03 2.667429999999999836e+03 5.937279999999999745e+03 4.022730000000000291e+04
6.000000000000000000e+01 2.229999999999999982e+00 -5.398199999999999818e+03 2.631900000000000091e+03 6.159970000000000255e+03 4.857440000000000146e+04
6.000000000000000000e+01 2.221999999999999975e+00 -5.449699999999999818e+03 2.703769999999999982e+03 5.716460000000000036e+03 3.025929999999999927e+04
6.000000000000000000e+01 2.228000000000000203e+00 -5.412579999999999927e+03 2.656170000000000073e+03 6.041109999999999673e+03 4.119080000000000291e+04
6.000000000000000000e+01 2.224000000000000199e+00 -5.439579999999999927e+03 2.696969999999999800e+03 5.681359999999999673e+03 2.889090000000000146e+04
1.000000000000000000e+02 2.225999999999999979e+00 -1.506820000000000073e+04 7.418010000000000218e+03 1.646170000000000073e+04 1.030320000000000000e+05
1.000000000000000000e+02 2.229999999999999982e+00 -1.500310000000000036e+04 7.340710000000000036e+03 1.685470000000000073e+04 1.150760000000000000e+05
1.000000000000000000e+02 2.224000000000000199e+00 -1.510089999999999964e+04 7.457789999999999964e+03 1.615850000000000000e+04 9.690410000000000582e+04
1.000000000000000000e+02 2.221999999999999975e+00 -1.513370000000000073e+04 7.497909999999999854e+03 1.601500000000000000e+04 9.350369999999999709e+04
1.000000000000000000e+02 2.220000000000000195e+00 -1.516520000000000073e+04 7.533989999999999782e+03 1.585829999999999927e+04 8.977669999999999709e+04
1.000000000000000000e+02 2.228000000000000203e+00 -1.504479999999999927e+04 7.408439999999999600e+03 1.623229999999999927e+04 9.488500000000000000e+04
1.000000000000000000e+02 2.232000000000000206e+00 -1.497250000000000000e+04 7.305359999999999673e+03 1.684090000000000146e+04 1.215110000000000000e+05
1.000000000000000000e+02 2.233999999999999986e+00 -1.493250000000000000e+04 7.238779999999999745e+03 1.729220000000000073e+04 1.503480000000000000e+05
1.400000000000000000e+02 2.225999999999999979e+00 -2.952779999999999927e+04 1.451210000000000036e+04 3.260759999999999854e+04 2.314880000000000000e+05
1.400000000000000000e+02 2.224000000000000199e+00 -2.959629999999999927e+04 1.460910000000000036e+04 3.186570000000000073e+04 2.194380000000000000e+05
1.400000000000000000e+02 2.229999999999999982e+00 -2.939729999999999927e+04 1.434000000000000000e+04 3.362990000000000146e+04 2.942960000000000000e+05
1.400000000000000000e+02 2.220000000000000195e+00 -2.972509999999999854e+04 1.477110000000000036e+04 3.105059999999999854e+04 1.720030000000000000e+05
1.400000000000000000e+02 2.221999999999999975e+00 -2.966679999999999927e+04 1.471110000000000036e+04 3.148420000000000073e+04 1.864350000000000000e+05
1.400000000000000000e+02 2.233999999999999986e+00 -2.927440000000000146e+04 1.421470000000000073e+04 3.397509999999999854e+04 2.700240000000000000e+05
1.400000000000000000e+02 2.228000000000000203e+00 -2.946859999999999854e+04 1.444420000000000073e+04 3.329690000000000146e+04 2.624260000000000000e+05
1.400000000000000000e+02 2.232000000000000206e+00 -2.933679999999999927e+04 1.428539999999999964e+04 3.411840000000000146e+04 2.784040000000000000e+05
