3 100 2 -18040 9418
4 100 2 -17792 9328
5 100 2 -17692 9272
6 100 2 -17436 9210
7 100 2 -17720 9264
8 100 2 -17752 9252
9 100 2 -17632 9210
10 100 2 -17620 9192
11 100 2 -17512 9148
12 100 2 -17592 9182
13 100 2 -17344 9122
14 100 2 -17416 9178
15 100 2 -17320 9084
16 100 2 -17364 9084
17 100 2 -17244 9018
18 100 2 -17392 9070
19 100 2 -17396 9064
20 100 2 -17420 9096
21 100 2 -17492 9136
22 100 2 -17436 9098
23 100 2 -17488 9128
24 100 2 -17576 9170
25 100 2 -17464 9112
26 100 2 -17144 9022
27 100 2 -17276 9068
28 100 2 -17344 9102
29 100 2 -17360 9092
30 100 2 -17324 9066
31 100 2 -17204 9048
32 100 2 -17332 9066
33 100 2 -17168 9010
34 100 2 -17160 9022
35 100 2 -17252 9052
36 100 2 -17164 9022
37 100 2 -17376 9062
38 100 2 -17372 8998
39 100 2 -17632 9136
40 100 2 -17532 9152
41 100 2 -17452 9102
42 100 2 -17284 8970
43 100 2 -17112 8946
44 100 2 -17100 8970
45 100 2 -17252 9060
46 100 2 -17380 9068
47 100 2 -17516 9088
48 100 2 -17400 9118
49 100 2 -17592 9222
50 100 2 -17548 9200
51 100 2 -17360 9110
52 100 2 -17544 9114
53 100 2 -17412 9060
54 100 2 -17320 9026
55 100 2 -17284 9036
56 100 2 -17440 9116
57 100 2 -17316 9084
58 100 2 -17404 9090
59 100 2 -17380 9080
60 100 2 -17364 9060
61 100 2 -17472 9146
62 100 2 -17532 9172
63 100 2 -17256 9106
64 100 2 -17456 9150
65 100 2 -17716 9228
66 100 2 -17588 9160
67 100 2 -17580 9176
68 100 2 -17508 9164
69 100 2 -17628 9210
70 100 2 -17612 9220
71 100 2 -17560 9150
72 100 2 -17464 9130
73 100 2 -17540 9164
74 100 2 -17808 9282
75 100 2 -17600 9184
76 100 2 -17428 9126
77 100 2 -17312 9088
78 100 2 -17464 9126
79 100 2 -17540 9148
80 100 2 -17464 9096
81 100 2 -17452 9078
82 100 2 -17488 9094
83 100 2 -17424 9074
84 100 2 -17368 9050
85 100 2 -17252 9014
86 100 2 -17448 9060
88 100 2 -17464 9068
89 100 2 -17444 9068
90 100 2 -17496 9098
91 100 2 -17576 9112
92 100 2 -17656 9132
93 100 2 -17504 9088
95 100 2 -17296 8998
96 100 2 -17260 9020
97 100 2 -17412 9074
98 100 2 -17388 9056
99 100 2 -17580 9120
101 100 2 -17420 9110
102 100 2 -17520 9126
103 100 2 -17480 9148
105 100 2 -17592 9134
106 100 2 -17420 9056
107 100 2 -17528 9104
109 100 2 -17508 9102
110 100 2 -17540 9082
112 100 2 -17560 9090
113 100 2 -17576 9058
114 100 2 -17292 8984
116 100 2 -17120 8916
117 100 2 -17536 9036
119 100 2 -17400 9030
120 100 2 -17392 9064
122 100 2 -17532 9130
124 100 2 -17476 9170
125 100 2 -17588 9176
127 100 2 -17584 9158
128 100 2 -17560 9178
130 100 2 -17560 9176
132 100 2 -17376 9102
133 100 2 -17688 9164
135 100 2 -17416 9068
137 100 2 -17400 9058
139 100 2 -17184 8964
140 100 2 -17320 9058
142 100 2 -17288 9020
144 100 2 -17372 9078
146 100 2 -17316 9052
148 100 2 -17184 9002
150 100 2 -17220 8984
152 100 2 -17512 9108
154 100 2 -17528 9144
155 100 2 -17428 9118
157 100 2 -17244 9026
160 100 2 -17452 9116
162 100 2 -17472 9096
164 100 2 -17268 9062
166 100 2 -17300 9052
168 100 2 -17328 9060
170 100 2 -17356 9004
172 100 2 -17408 9022
174 100 2 -17356 9006
177 100 2 -17432 9050
179 100 2 -17252 9014
181 100 2 -17284 9030
184 100 2 -17460 9058
186 100 2 -17476 9044
188 100 2 -17112 8906
191 100 2 -17308 8944
193 100 2 -17356 8930
196 100 2 -17384 8970
198 100 2 -17372 8962
201 100 2 -17368 9054
203 100 2 -17404 9110
206 100 2 -17636 9210
209 100 2 -17540 9166
211 100 2 -17424 9096
214 100 2 -17396 9068
217 100 2 -17596 9174
220 100 2 -17476 9154
222 100 2 -17456 9112
225 100 2 -17340 9074
228 100 2 -17168 8978
231 100 2 -17360 9090
234 100 2 -17392 9132
237 100 2 -17592 9156
240 100 2 -17664 9202
243 100 2 -17548 9174
246 100 2 -17432 9132
250 100 2 -17484 9060
253 100 2 -17512 9056
256 100 2 -17540 9104
259 100 2 -17340 9034
263 100 2 -17500 9142
266 100 2 -17144 9002
269 100 2 -17208 9002
273 100 2 -17316 9016
276 100 2 -17284 9026
280 100 2 -17584 9178
284 100 2 -17656 9130
287 100 2 -17604 9140
291 100 2 -17324 9092
295 100 2 -17620 9196
298 100 2 -17480 9146
302 100 2 -17728 9250
306 100 2 -17708 9196
310 100 2 -17456 9120
314 100 2 -17460 9108
318 100 2 -17452 9136
322 100 2 -17588 9200
326 100 2 -17400 9144
331 100 2 -17632 9220
335 100 2 -17692 9232
339 100 2 -17700 9214
344 100 2 -17568 9200
348 100 2 -17448 9118
352 100 2 -17492 9228
357 100 2 -17564 9198
362 100 2 -17320 9120
366 100 2 -17320 9078
371 100 2 -17408 9090
376 100 2 -17340 9090
381 100 2 -17364 9036
385 100 2 -17272 9080
390 100 2 -17380 9112
395 100 2 -17168 8970
401 100 2 -17412 9118
406 100 2 -17208 9066
411 100 2 -17740 9214
416 100 2 -17376 9030
422 100 2 -17480 9064
427 100 2 -17440 9046
433 100 2 -17328 9014
438 100 2 -17488 9048
444 100 2 -17448 9110
449 100 2 -17360 9096
455 100 2 -17448 9114
461 100 2 -17528 9170
467 100 2 -17596 9192
473 100 2 -17428 9174
479 100 2 -17504 9188
485 100 2 -17656 9224
492 100 2 -17668 9216
498 100 2 -17448 9038
504 100 2 -17440 9036
511 100 2 -17260 8906
517 100 2 -17404 9052
524 100 2 -17436 9130
531 100 2 -17524 9072
538 100 2 -17224 8996
545 100 2 -17476 9100
552 100 2 -17428 9088
559 100 2 -17392 9096
566 100 2 -17292 9050
573 100 2 -17288 9010
581 100 2 -17316 9044
588 100 2 -17444 9138
596 100 2 -17372 9102
603 100 2 -17712 9250
611 100 2 -17232 9088
619 100 2 -17480 9074
627 100 2 -17408 9118
635 100 2 -17452 9144
643 100 2 -17628 9210
652 100 2 -17428 9146
660 100 2 -17528 9158
668 100 2 -17464 9122
677 100 2 -17816 9298
686 100 2 -17584 9228
695 100 2 -17420 9112
704 100 2 -17712 9248
713 100 2 -17684 9216
722 100 2 -17244 9072
731 100 2 -17452 9076
741 100 2 -17340 9016
750 100 2 -17444 9074
760 100 2 -17572 9104
770 100 2 -17688 9146
780 100 2 -17408 9074
790 100 2 -17348 9114
800 100 2 -17400 9074
810 100 2 -17396 9144
821 100 2 -17536 9190
831 100 2 -17056 8916
842 100 2 -17408 9020
853 100 2 -17476 9138
864 100 2 -17504 9146
875 100 2 -17384 9102
886 100 2 -17284 9032
897 100 2 -17268 9048
909 100 2 -17196 8936
921 100 2 -17248 8960
933 100 2 -17216 9048
945 100 2 -17176 9026
957 100 2 -17332 9144
969 100 2 -17432 9128
982 100 2 -17344 9068
994 100 2 -17408 9146
1007 100 2 -17540 9152
1020 100 2 -17384 9034
1033 100 2 -17624 9164
1047 100 2 -17468 9136
1060 100 2 -17472 9062
1074 100 2 -17284 9038
1088 100 2 -17340 9080
1102 100 2 -17444 9090
1116 100 2 -17592 9166
1130 100 2 -17348 9134
1145 100 2 -17308 9092
1160 100 2 -17652 9218
1174 100 2 -17452 9126
1190 100 2 -17556 9188
1205 100 2 -17304 9064
1220 100 2 -17384 9046
1236 100 2 -17116 8900
1252 100 2 -17284 9058
1268 100 2 -17536 9172
1285 100 2 -17604 9178
1301 100 2 -17360 9102
1318 100 2 -17240 9016
1335 100 2 -17000 8980
1352 100 2 -17660 9194
1370 100 2 -17108 8944
1387 100 2 -17688 9254
1405 100 2 -17292 9044
1423 100 2 -17300 9038
1442 100 2 -17292 9058
1460 100 2 -17456 9060
1479 100 2 -17632 9228
1498 100 2 -17452 9102
1517 100 2 -17428 9162
1537 100 2 -17380 9078
1557 100 2 -17524 9038
1577 100 2 -17836 9324
1597 100 2 -17352 9020
1618 100 2 -17456 9172
1639 100 2 -17356 9110
1660 100 2 -17532 9118
1681 100 2 -17424 9112
1703 100 2 -17416 9076
1725 100 2 -17408 9140
1747 100 2 -17492 9136
1770 100 2 -17476 9106
1792 100 2 -17336 9142
1816 100 2 -17356 9020
1839 100 2 -17528 9108
1863 100 2 -17160 9032
1887 100 2 -17500 9164
1911 100 2 -17540 9144
1936 100 2 -17412 9100
1961 100 2 -17292 9080
1986 100 2 -17312 8926
2012 100 2 -17284 9008
2037 100 2 -17320 9054
2064 100 2 -17440 9152
2090 100 2 -17564 9178
2117 100 2 -17524 9188
2145 100 2 -17696 9236
2172 100 2 -17560 9168
2200 100 2 -17692 9194
2229 100 2 -17600 9164
2257 100 2 -17404 9074
2286 100 2 -17480 9108
2316 100 2 -17528 9118
2346 100 2 -17520 9160
2376 100 2 -17868 9288
2407 100 2 -17264 9050
2438 100 2 -17204 8996
2469 100 2 -17264 9022
2501 100 2 -17700 9164
2533 100 2 -17552 9134
2566 100 2 -17408 9132
2599 100 2 -17584 9130
2633 100 2 -17308 9006
2667 100 2 -17268 8918
2701 100 2 -17340 9048
2736 100 2 -17528 9194
2771 100 2 -17428 9092
2807 100 2 -17224 9014
2843 100 2 -17532 9154
2880 100 2 -17492 9152
2917 100 2 -17452 9114
2954 100 2 -17568 9146
2992 100 2 -17296 8976
3031 100 2 -17420 9088
3070 100 2 -17408 9082
3110 100 2 -17572 9192
3150 100 2 -17452 9130
3190 100 2 -17580 9106
3232 100 2 -17292 9086
3273 100 2 -17384 9050
3315 100 2 -17732 9244
3358 100 2 -17464 9140
3402 100 2 -17592 9136
3445 100 2 -17536 9170
3490 100 2 -17396 9096
3535 100 2 -17404 8992
3580 100 2 -17716 9142
3627 100 2 -17384 9068
3673 100 2 -17336 9032
3721 100 2 -17448 9152
3769 100 2 -17228 8936
3817 100 2 -17188 9068
3867 100 2 -17496 9142
3916 100 2 -17224 8970
3967 100 2 -17464 9156
4018 100 2 -17576 9196
4070 100 2 -17276 9068
4122 100 2 -17428 9136
4176 100 2 -17604 9246
4229 100 2 -17504 9174
4284 100 2 -17416 9110
4339 100 2 -17428 9056
4395 100 2 -17312 9008
4452 100 2 -17372 8998
4509 100 2 -17772 9264
4567 100 2 -17380 9102
4626 100 2 -17352 9050
4686 100 2 -17476 9162
4746 100 2 -17356 9098
4808 100 2 -17368 9072
4870 100 2 -17076 8896
4932 100 2 -17624 9202
4996 100 2 -17132 8950
5060 100 2 -17184 9080
5126 100 2 -17580 9172
5192 100 2 -17260 9104
5259 100 2 -17532 9194
5327 100 2 -17328 9044
5395 100 2 -17408 9078
5465 100 2 -17504 9182
5535 100 2 -17772 9286
5607 100 2 -17496 9144
5679 100 2 -17456 9122
5752 100 2 -17504 9140
5826 100 2 -17240 9030
5902 100 2 -17396 9130
5978 100 2 -17684 9210
6055 100 2 -17412 9108
6133 100 2 -17184 8972
6212 100 2 -17224 9026
6292 100 2 -17452 9094
6373 100 2 -17120 8898
6455 100 2 -17460 9124
6539 100 2 -17288 9094
6623 100 2 -17312 9056
6708 100 2 -17360 9102
6795 100 2 -17192 8950
6883 100 2 -17308 9064
6971 100 2 -17484 9096
7061 100 2 -17516 9182
7152 100 2 -17472 9138
7245 100 2 -17648 9198
7338 100 2 -17380 8934
7433 100 2 -17284 9026
7529 100 2 -17388 9096
7626 100 2 -17348 9066
7724 100 2 -17592 9204
7824 100 2 -17584 9202
7925 100 2 -17448 9140
8027 100 2 -17488 9110
8130 100 2 -17608 9226
8235 100 2 -17576 9172
8341 100 2 -17556 9166
8449 100 2 -17664 9180
8558 100 2 -17656 9154
8668 100 2 -17552 9220
8780 100 2 -17548 9184
8893 100 2 -17604 9148
9008 100 2 -17572 9182
9124 100 2 -17320 9064
9242 100 2 -17240 9036
9361 100 2 -17468 9188
9482 100 2 -17252 9076
9604 100 2 -17256 9076
9728 100 2 -17456 9110
9853 100 2 -17268 9004
9980 100 2 -17228 9058
10109 100 2 -17616 9208
10240 100 2 -17356 9050
10372 100 2 -17524 9218
10505 100 2 -17520 9194
10641 100 2 -17796 9232
10778 100 2 -17272 8952
10917 100 2 -17376 9084
11058 100 2 -17604 9174
11201 100 2 -17424 9132
11345 100 2 -17444 9094
11491 100 2 -17328 9096
11640 100 2 -17568 9150
11790 100 2 -17540 9158
11942 100 2 -17416 9078
12096 100 2 -17332 9140
12252 100 2 -17436 9114
12410 100 2 -17772 9210
12570 100 2 -17552 9218
12732 100 2 -17532 9154
12896 100 2 -17276 8966
13062 100 2 -17496 9130
13231 100 2 -17484 9126
13402 100 2 -17512 9154
13574 100 2 -17384 9074
13750 100 2 -17712 9252
13927 100 2 -17308 9030
14106 100 2 -17240 9078
14288 100 2 -17452 9130
14473 100 2 -17332 9110
14659 100 2 -17412 9148
14848 100 2 -17420 9072
15040 100 2 -17516 9118
15234 100 2 -17528 9070
15430 100 2 -17632 9200
15629 100 2 -17716 9240
15831 100 2 -17668 9218
16035 100 2 -17368 9132
16242 100 2 -17300 9018
16451 100 2 -17368 8974
16664 100 2 -17356 9110
16879 100 2 -17492 9172
17096 100 2 -17800 9276
17317 100 2 -17532 9176
17540 100 2 -17292 9060
17766 100 2 -17404 9082
17995 100 2 -17912 9310
18228 100 2 -17396 9118
18463 100 2 -17696 9202
18701 100 2 -17392 9044
18942 100 2 -17252 9080
19186 100 2 -17392 9052
19434 100 2 -17260 9008
19684 100 2 -17828 9304
19938 100 2 -17380 9144
20195 100 2 -17448 9160
20456 100 2 -17308 9046
20720 100 2 -17520 9158
20987 100 2 -17492 9102
21258 100 2 -17624 9190
21532 100 2 -17364 9108
21810 100 2 -17352 9104
22091 100 2 -17528 9080
22376 100 2 -17444 9114
22664 100 2 -16968 8880
22957 100 2 -17228 9060
23253 100 2 -17368 9098
23553 100 2 -17732 9282
23856 100 2 -17220 9014
24164 100 2 -17324 9102
24476 100 2 -17492 9064
24791 100 2 -17268 8986
25111 100 2 -17660 9188
25435 100 2 -17492 9156
25763 100 2 -17724 9248
26095 100 2 -17392 9122
26432 100 2 -17348 9060
26773 100 2 -17376 9068
27118 100 2 -17324 9054
27468 100 2 -17376 9072
27822 100 2 -17448 9098
28181 100 2 -17568 9204
28545 100 2 -17624 9172
28913 100 2 -17432 9082
29286 100 2 -17600 9126
29663 100 2 -17588 9202
30046 100 2 -17500 9112
30434 100 2 -17248 9032
30826 100 2 -17108 8988
31224 100 2 -17528 9164
31626 100 2 -17628 9220
32034 100 2 -17824 9164
32447 100 2 -17220 9012
32866 100 2 -17412 9130
33290 100 2 -17660 9140
33719 100 2 -17388 9076
34154 100 2 -17532 9084
34595 100 2 -17472 9120
35041 100 2 -17352 9090
35493 100 2 -17344 9040
35951 100 2 -17588 9222
36414 100 2 -17392 9120
36884 100 2 -17252 9008
37360 100 2 -17468 9078
37841 100 2 -17408 9094
38330 100 2 -17420 9022
38824 100 2 -17608 9174
39325 100 2 -17232 8948
39832 100 2 -17504 9062
40346 100 2 -17288 9008
40866 100 2 -17560 9092
41393 100 2 -17244 8966
41927 100 2 -17496 9066
42468 100 2 -17244 8958
43015 100 2 -17380 9082
43570 100 2 -17656 9222
44132 100 2 -17488 9140
44701 100 2 -17396 9130
45278 100 2 -17244 8978
45862 100 2 -17812 9296
46453 100 2 -17428 9100
47053 100 2 -17240 9046
47660 100 2 -17552 9146
48274 100 2 -17620 9186
48897 100 2 -17592 9184
49528 100 2 -17804 9324
50166 100 2 -17360 9082
50813 100 2 -17632 9176
51469 100 2 -17164 8982
52133 100 2 -17488 9180
52805 100 2 -17000 8980
53486 100 2 -17424 9104
54176 100 2 -17504 9048
54875 100 2 -17312 9086
55582 100 2 -17520 9150
56299 100 2 -17588 9186
57025 100 2 -17380 9018
57761 100 2 -17424 9130
58506 100 2 -17524 9160
59261 100 2 -17516 9206
60025 100 2 -17284 8980
60799 100 2 -17412 9102
61583 100 2 -17360 9018
62378 100 2 -17800 9224
63182 100 2 -17336 9066
63997 100 2 -17576 9208
64822 100 2 -17356 9142
65658 100 2 -17312 8982
66505 100 2 -17476 8992
67363 100 2 -17604 9212
68232 100 2 -17384 9076
69112 100 2 -17824 9302
70003 100 2 -17272 9064
70906 100 2 -17120 8914
71821 100 2 -17156 9012
72747 100 2 -17652 9214
73685 100 2 -17460 9042
74636 100 2 -17388 9076
75599 100 2 -17112 8970
76574 100 2 -17548 9190
77561 100 2 -17572 9132
78562 100 2 -17168 8948
79575 100 2 -17656 9174
80601 100 2 -17580 9204
81641 100 2 -17452 9150
82694 100 2 -17316 9000
83760 100 2 -17228 9022
84841 100 2 -17416 9124
85935 100 2 -17316 9066
87043 100 2 -17420 9142
88166 100 2 -17532 9118
89303 100 2 -17788 9284
90455 100 2 -17268 9070
91622 100 2 -17568 9206
92803 100 2 -17560 9180
94000 100 2 -17348 9082
95213 100 2 -17564 9168
96441 100 2 -17708 9218
97685 100 2 -17436 9072
98945 100 2 -17532 9190
100221 100 2 -17368 9010
101513 100 2 -17316 9080
102823 100 2 -17384 9120
104149 100 2 -17528 9182
105492 100 2 -17356 9100
106853 100 2 -17380 9046
108231 100 2 -17316 9080
109627 100 2 -17476 9130
111041 100 2 -17696 9192
112473 100 2 -17720 9238
113924 100 2 -17492 9088
115393 100 2 -17356 9108
116882 100 2 -17108 8946
118389 100 2 -17268 9012
119916 100 2 -17436 9112
121463 100 2 -17380 9070
123029 100 2 -17320 9112
124616 100 2 -17400 9098
126224 100 2 -17464 9140
127852 100 2 -17860 9284
129501 100 2 -17148 8984
131171 100 2 -17496 9148
132863 100 2 -17532 9132
134576 100 2 -17568 9226
136312 100 2 -17708 9206
138070 100 2 -17512 9152
139851 100 2 -17640 9182
141655 100 2 -17336 9110
143482 100 2 -17332 9008
145333 100 2 -17308 9090
147207 100 2 -17560 9214
149106 100 2 -17448 9138
151029 100 2 -17536 9212
152977 100 2 -17668 9192
154950 100 2 -17544 9090
156948 100 2 -17580 9204
158973 100 2 -17468 9092
161023 100 2 -17372 9054
163100 100 2 -17788 9270
165204 100 2 -17448 9144
167334 100 2 -17572 9172
169493 100 2 -17344 9040
171679 100 2 -17604 9164
173893 100 2 -17536 9164
176136 100 2 -17448 9148
178408 100 2 -17296 9040
180709 100 2 -17472 9100
183040 100 2 -17604 9114
185400 100 2 -17296 9040
187792 100 2 -17296 9058
190214 100 2 -17708 9234
192667 100 2 -17284 9096
195152 100 2 -17372 9056
197669 100 2 -17504 9146
200219 100 2 -17424 9118
202801 100 2 -17540 9138
205417 100 2 -17216 9008
208066 100 2 -17336 9064
210750 100 2 -17512 9066
213468 100 2 -17332 9038
216222 100 2 -17576 9160
219010 100 2 -17276 9016
221835 100 2 -17300 9032
224696 100 2 -17412 9110
227595 100 2 -17236 9022
230530 100 2 -17780 9272
233503 100 2 -17380 9116
236515 100 2 -17420 9070
239566 100 2 -17372 9098
242656 100 2 -17232 9046
245785 100 2 -17772 9216
248956 100 2 -17640 9218
252167 100 2 -17584 9188
255419 100 2 -17584 9236
258713 100 2 -17504 9188
262050 100 2 -17460 9116
265430 100 2 -17568 9216
268854 100 2 -17364 9104
272321 100 2 -17356 9068
275834 100 2 -17432 9002
279391 100 2 -17564 9206
282995 100 2 -17544 9162
286645 100 2 -17420 9106
290342 100 2 -17684 9170
294087 100 2 -17388 9142
297880 100 2 -17448 9116
301722 100 2 -17244 9034
305614 100 2 -17304 9022
309556 100 2 -17400 9124
313548 100 2 -17212 8904
317592 100 2 -17600 9234
321689 100 2 -17500 9116
325838 100 2 -17608 9188
330040 100 2 -17552 9184
334297 100 2 -17516 9160
338609 100 2 -17728 9252
342976 100 2 -17364 9022
347400 100 2 -17252 9042
351881 100 2 -17504 9182
356419 100 2 -17612 9218
361016 100 2 -17392 9072
365673 100 2 -17748 9218
370389 100 2 -17724 9226
375167 100 2 -17264 9114
380005 100 2 -17496 9106
384907 100 2 -17484 9142
389871 100 2 -17312 9090
394900 100 2 -17688 9226
399993 100 2 -17420 9020
405152 100 2 -17204 9082
410378 100 2 -17584 9186
415671 100 2 -17640 9160
421032 100 2 -17372 9130
426463 100 2 -17632 9214
431963 100 2 -17508 9118
437535 100 2 -17444 9166
443178 100 2 -17168 9012
448894 100 2 -17572 9128
454684 100 2 -17284 9064
460548 100 2 -17460 9166
466489 100 2 -17652 9178
472505 100 2 -17540 9152
478600 100 2 -17124 8944
484773 100 2 -17804 9222
491025 100 2 -17380 9108
497358 100 2 -17704 9166
503773 100 2 -17408 9136
510271 100 2 -17272 9098
516852 100 2 -17864 9248
523519 100 2 -17376 9164
530271 100 2 -17428 9074
537111 100 2 -17568 9152
544038 100 2 -17448 9094
551055 100 2 -17512 9128
558163 100 2 -17544 9192
565362 100 2 -17384 9000
572654 100 2 -17500 9120
580040 100 2 -17532 9088
587521 100 2 -17252 8998
595099 100 2 -17616 9200
602775 100 2 -17404 9162
610549 100 2 -17924 9306
618424 100 2 -17376 8990
626400 100 2 -17372 9112
634480 100 2 -17280 9036
642663 100 2 -17356 9112
650952 100 2 -17552 9200
659348 100 2 -17428 9108
667853 100 2 -17116 8932
676467 100 2 -17204 8986
685192 100 2 -17468 9108
694029 100 2 -17676 9234
702981 100 2 -17540 9172
712048 100 2 -17460 9156
721232 100 2 -17436 9138
730534 100 2 -17608 9194
739957 100 2 -17536 9156
749500 100 2 -17104 9004
759168 100 2 -17680 9218
768959 100 2 -17536 9130
778877 100 2 -17672 9182
788923 100 2 -17300 9080
799099 100 2 -16864 8846
809405 100 2 -17300 9034
819845 100 2 -17316 9072
830419 100 2 -17788 9314
841130 100 2 -17256 9074
851979 100 2 -17452 9100
862968 100 2 -17520 9146
874098 100 2 -17472 9008
885373 100 2 -17340 9086
896792 100 2 -17536 9184
908359 100 2 -17628 9156
920075 100 2 -17348 9078
931942 100 2 -17592 9178
943962 100 2 -17692 9224
956137 100 2 -17612 9158
968470 100 2 -17476 9114
980961 100 2 -17488 9126
993613 100 2 -17428 9130
999999 100 2 -17444 9176
