3 20 2.2 -708 368
4 20 2.2 -696 370
5 20 2.2 -676 360
6 20 2.2 -684 354
7 20 2.2 -660 350
8 20 2.2 -596 324
9 20 2.2 -692 360
10 20 2.2 -584 314
11 20 2.2 -632 338
12 20 2.2 -644 344
13 20 2.2 -592 330
14 20 2.2 -668 354
15 20 2.2 -680 368
16 20 2.2 -668 358
17 20 2.2 -696 366
18 20 2.2 -708 372
19 20 2.2 -716 374
20 20 2.2 -704 372
21 20 2.2 -720 378
22 20 2.2 -652 350
23 20 2.2 -660 352
24 20 2.2 -652 340
25 20 2.2 -648 336
26 20 2.2 -636 324
27 20 2.2 -588 306
28 20 2.2 -580 290
29 20 2.2 -588 316
30 20 2.2 -636 332
31 20 2.2 -640 330
32 20 2.2 -624 334
33 20 2.2 -652 338
34 20 2.2 -632 316
35 20 2.2 -576 296
36 20 2.2 -608 296
37 20 2.2 -604 280
38 20 2.2 -580 270
39 20 2.2 -548 274
40 20 2.2 -608 312
41 20 2.2 -548 286
42 20 2.2 -600 292
43 20 2.2 -604 322
44 20 2.2 -620 314
45 20 2.2 -612 302
46 20 2.2 -584 302
47 20 2.2 -560 264
48 20 2.2 -576 274
49 20 2.2 -576 284
50 20 2.2 -540 276
51 20 2.2 -568 282
52 20 2.2 -544 256
53 20 2.2 -524 200
54 20 2.2 -544 224
55 20 2.2 -568 266
56 20 2.2 -556 250
57 20 2.2 -592 262
58 20 2.2 -572 238
59 20 2.2 -600 250
60 20 2.2 -620 264
61 20 2.2 -572 248
62 20 2.2 -620 280
63 20 2.2 -612 262
64 20 2.2 -628 280
65 20 2.2 -568 238
66 20 2.2 -552 218
67 20 2.2 -556 236
68 20 2.2 -612 238
69 20 2.2 -604 232
70 20 2.2 -612 260
71 20 2.2 -648 282
72 20 2.2 -640 282
73 20 2.2 -676 286
74 20 2.2 -640 300
75 20 2.2 -588 280
76 20 2.2 -608 286
77 20 2.2 -604 268
78 20 2.2 -544 238
79 20 2.2 -520 244
80 20 2.2 -544 242
81 20 2.2 -568 240
82 20 2.2 -620 274
83 20 2.2 -624 282
84 20 2.2 -620 282
85 20 2.2 -556 266
86 20 2.2 -580 274
88 20 2.2 -580 308
89 20 2.2 -608 302
90 20 2.2 -616 330
91 20 2.2 -624 334
92 20 2.2 -592 318
93 20 2.2 -572 314
95 20 2.2 -664 332
96 20 2.2 -624 324
97 20 2.2 -632 330
98 20 2.2 -588 306
99 20 2.2 -552 296
101 20 2.2 -548 282
102 20 2.2 -552 302
103 20 2.2 -588 326
105 20 2.2 -604 332
106 20 2.2 -604 326
107 20 2.2 -676 358
109 20 2.2 -728 380
110 20 2.2 -732 380
112 20 2.2 -680 360
113 20 2.2 -660 356
114 20 2.2 -724 376
116 20 2.2 -712 376
117 20 2.2 -688 368
119 20 2.2 -716 376
120 20 2.2 -712 376
122 20 2.2 -688 368
124 20 2.2 -644 352
125 20 2.2 -652 356
127 20 2.2 -708 372
128 20 2.2 -748 386
130 20 2.2 -696 368
132 20 2.2 -628 348
133 20 2.2 -596 336
135 20 2.2 -616 318
137 20 2.2 -604 298
139 20 2.2 -568 288
140 20 2.2 -552 280
142 20 2.2 -532 228
144 20 2.2 -528 246
146 20 2.2 -580 246
148 20 2.2 -568 280
150 20 2.2 -592 266
152 20 2.2 -544 246
154 20 2.2 -568 252
155 20 2.2 -568 272
157 20 2.2 -588 286
160 20 2.2 -536 224
162 20 2.2 -524 216
164 20 2.2 -508 232
166 20 2.2 -464 182
168 20 2.2 -560 288
170 20 2.2 -616 332
172 20 2.2 -632 340
174 20 2.2 -588 334
177 20 2.2 -668 352
179 20 2.2 -620 320
181 20 2.2 -632 344
184 20 2.2 -624 336
186 20 2.2 -584 310
188 20 2.2 -580 304
191 20 2.2 -584 308
193 20 2.2 -620 336
196 20 2.2 -636 342
198 20 2.2 -620 332
201 20 2.2 -656 348
203 20 2.2 -612 336
206 20 2.2 -648 354
209 20 2.2 -608 336
211 20 2.2 -592 320
214 20 2.2 -608 324
217 20 2.2 -644 336
220 20 2.2 -656 348
222 20 2.2 -644 334
225 20 2.2 -628 302
228 20 2.2 -608 274
231 20 2.2 -656 326
234 20 2.2 -636 330
237 20 2.2 -608 324
240 20 2.2 -672 350
243 20 2.2 -608 318
246 20 2.2 -588 314
250 20 2.2 -684 352
253 20 2.2 -612 326
256 20 2.2 -612 338
259 20 2.2 -652 354
263 20 2.2 -636 346
266 20 2.2 -712 368
269 20 2.2 -652 344
273 20 2.2 -708 374
276 20 2.2 -632 336
280 20 2.2 -668 356
284 20 2.2 -604 324
287 20 2.2 -620 340
291 20 2.2 -612 326
295 20 2.2 -588 314
298 20 2.2 -672 348
302 20 2.2 -704 372
306 20 2.2 -680 362
310 20 2.2 -740 384
314 20 2.2 -624 332
318 20 2.2 -576 304
322 20 2.2 -560 298
326 20 2.2 -660 352
331 20 2.2 -648 348
335 20 2.2 -680 350
339 20 2.2 -652 356
344 20 2.2 -668 336
348 20 2.2 -656 356
352 20 2.2 -584 326
357 20 2.2 -668 358
362 20 2.2 -620 330
366 20 2.2 -624 338
371 20 2.2 -680 354
376 20 2.2 -656 354
381 20 2.2 -636 340
385 20 2.2 -572 320
390 20 2.2 -616 346
395 20 2.2 -528 304
401 20 2.2 -620 338
406 20 2.2 -664 350
411 20 2.2 -596 304
416 20 2.2 -616 300
422 20 2.2 -568 250
427 20 2.2 -624 272
433 20 2.2 -568 252
438 20 2.2 -576 274
444 20 2.2 -624 314
449 20 2.2 -552 310
455 20 2.2 -684 366
461 20 2.2 -716 374
467 20 2.2 -640 344
473 20 2.2 -648 348
479 20 2.2 -636 330
485 20 2.2 -640 320
492 20 2.2 -636 342
498 20 2.2 -608 330
504 20 2.2 -612 314
511 20 2.2 -644 320
517 20 2.2 -584 260
524 20 2.2 -604 282
531 20 2.2 -512 222
538 20 2.2 -544 208
545 20 2.2 -572 178
552 20 2.2 -584 200
559 20 2.2 -528 176
566 20 2.2 -544 218
573 20 2.2 -544 230
581 20 2.2 -568 270
588 20 2.2 -612 294
596 20 2.2 -592 288
603 20 2.2 -572 254
611 20 2.2 -616 278
619 20 2.2 -588 296
627 20 2.2 -584 318
635 20 2.2 -624 308
643 20 2.2 -616 306
652 20 2.2 -672 366
660 20 2.2 -676 362
668 20 2.2 -600 300
677 20 2.2 -640 290
686 20 2.2 -636 294
695 20 2.2 -520 206
704 20 2.2 -556 286
713 20 2.2 -664 294
722 20 2.2 -640 296
731 20 2.2 -652 344
741 20 2.2 -588 312
750 20 2.2 -604 316
760 20 2.2 -560 292
770 20 2.2 -528 298
780 20 2.2 -656 344
790 20 2.2 -568 304
800 20 2.2 -612 322
810 20 2.2 -604 320
821 20 2.2 -684 368
831 20 2.2 -660 344
842 20 2.2 -624 338
853 20 2.2 -728 380
864 20 2.2 -684 358
875 20 2.2 -576 316
886 20 2.2 -636 338
897 20 2.2 -616 334
909 20 2.2 -540 282
921 20 2.2 -640 352
933 20 2.2 -696 364
945 20 2.2 -536 276
957 20 2.2 -496 196
969 20 2.2 -584 192
982 20 2.2 -540 170
994 20 2.2 -500 122
1007 20 2.2 -548 112
1020 20 2.2 -520 96
1033 20 2.2 -576 144
1047 20 2.2 -516 122
1060 20 2.2 -548 246
1074 20 2.2 -608 286
1088 20 2.2 -656 338
1102 20 2.2 -596 302
1116 20 2.2 -592 330
1130 20 2.2 -660 352
1145 20 2.2 -584 296
1160 20 2.2 -604 328
1174 20 2.2 -628 334
1190 20 2.2 -716 366
1205 20 2.2 -704 366
1220 20 2.2 -712 354
1236 20 2.2 -708 372
1252 20 2.2 -636 338
1268 20 2.2 -624 340
1285 20 2.2 -712 374
1301 20 2.2 -680 362
1318 20 2.2 -656 346
1335 20 2.2 -668 362
1352 20 2.2 -620 344
1370 20 2.2 -656 348
1387 20 2.2 -620 328
1405 20 2.2 -596 322
1423 20 2.2 -720 374
1442 20 2.2 -656 360
1460 20 2.2 -656 346
1479 20 2.2 -696 366
1498 20 2.2 -648 354
1517 20 2.2 -680 352
1537 20 2.2 -732 382
1557 20 2.2 -660 336
1577 20 2.2 -632 334
1597 20 2.2 -632 330
1618 20 2.2 -628 334
1639 20 2.2 -668 358
1660 20 2.2 -668 356
1681 20 2.2 -652 356
1703 20 2.2 -680 342
1725 20 2.2 -660 342
1747 20 2.2 -656 350
1770 20 2.2 -660 348
1792 20 2.2 -604 328
1816 20 2.2 -688 366
1839 20 2.2 -632 348
1863 20 2.2 -676 366
1887 20 2.2 -600 316
1911 20 2.2 -676 354
1936 20 2.2 -560 280
1961 20 2.2 -612 288
1986 20 2.2 -564 286
2012 20 2.2 -664 356
2037 20 2.2 -580 318
2064 20 2.2 -696 362
2090 20 2.2 -700 370
2117 20 2.2 -588 330
2145 20 2.2 -648 352
2172 20 2.2 -628 338
2200 20 2.2 -616 332
2229 20 2.2 -588 318
2257 20 2.2 -588 294
2286 20 2.2 -692 364
2316 20 2.2 -696 368
2346 20 2.2 -608 338
2376 20 2.2 -616 330
2407 20 2.2 -512 254
2438 20 2.2 -552 298
2469 20 2.2 -548 296
2501 20 2.2 -660 350
2533 20 2.2 -720 376
2566 20 2.2 -536 240
2599 20 2.2 -484 274
2633 20 2.2 -528 270
2667 20 2.2 -648 350
2701 20 2.2 -592 328
2736 20 2.2 -616 334
2771 20 2.2 -584 302
2807 20 2.2 -624 340
2843 20 2.2 -584 302
2880 20 2.2 -644 336
2917 20 2.2 -572 316
2954 20 2.2 -592 334
2992 20 2.2 -592 336
3031 20 2.2 -584 306
3070 20 2.2 -676 356
3110 20 2.2 -696 366
3150 20 2.2 -680 350
3190 20 2.2 -596 294
3232 20 2.2 -528 270
3273 20 2.2 -620 322
3315 20 2.2 -700 358
3358 20 2.2 -556 234
3402 20 2.2 -600 290
3445 20 2.2 -588 284
3490 20 2.2 -548 220
3535 20 2.2 -576 158
3580 20 2.2 -592 294
3627 20 2.2 -572 254
3673 20 2.2 -580 300
3721 20 2.2 -712 372
3769 20 2.2 -648 340
3817 20 2.2 -584 296
3867 20 2.2 -600 330
3916 20 2.2 -548 304
3967 20 2.2 -584 320
4018 20 2.2 -600 324
4070 20 2.2 -516 270
4122 20 2.2 -652 354
4176 20 2.2 -620 340
4229 20 2.2 -648 332
4284 20 2.2 -656 312
4339 20 2.2 -640 352
4395 20 2.2 -612 298
4452 20 2.2 -524 292
4509 20 2.2 -700 370
4567 20 2.2 -668 354
4626 20 2.2 -600 292
4686 20 2.2 -664 348
4746 20 2.2 -604 326
4808 20 2.2 -600 304
4870 20 2.2 -496 236
4932 20 2.2 -640 324
4996 20 2.2 -672 354
5060 20 2.2 -560 322
5126 20 2.2 -636 342
5192 20 2.2 -600 286
5259 20 2.2 -632 328
5327 20 2.2 -600 298
5395 20 2.2 -712 374
5465 20 2.2 -664 350
5535 20 2.2 -552 312
5607 20 2.2 -572 284
5679 20 2.2 -688 356
5752 20 2.2 -596 324
5826 20 2.2 -636 332
5902 20 2.2 -588 318
5978 20 2.2 -656 342
6055 20 2.2 -532 282
6133 20 2.2 -632 318
6212 20 2.2 -608 322
6292 20 2.2 -652 344
6373 20 2.2 -624 328
6455 20 2.2 -568 282
6539 20 2.2 -624 334
6623 20 2.2 -540 228
6708 20 2.2 -640 338
6795 20 2.2 -624 346
6883 20 2.2 -632 346
6971 20 2.2 -596 308
7061 20 2.2 -660 348
7152 20 2.2 -664 352
7245 20 2.2 -672 356
7338 20 2.2 -488 258
7433 20 2.2 -568 270
7529 20 2.2 -640 338
7626 20 2.2 -672 354
7724 20 2.2 -652 346
7824 20 2.2 -604 316
7925 20 2.2 -592 306
8027 20 2.2 -600 298
8130 20 2.2 -560 284
8235 20 2.2 -648 342
8341 20 2.2 -660 352
8449 20 2.2 -704 364
8558 20 2.2 -516 224
8668 20 2.2 -612 324
8780 20 2.2 -672 348
8893 20 2.2 -632 340
9008 20 2.2 -624 332
9124 20 2.2 -604 282
9242 20 2.2 -676 356
9361 20 2.2 -700 370
9482 20 2.2 -596 306
9604 20 2.2 -652 346
9728 20 2.2 -532 280
9853 20 2.2 -612 330
9980 20 2.2 -596 316
10109 20 2.2 -628 336
10240 20 2.2 -568 262
10372 20 2.2 -592 304
10505 20 2.2 -672 362
10641 20 2.2 -628 336
10778 20 2.2 -616 330
10917 20 2.2 -648 352
11058 20 2.2 -692 364
11201 20 2.2 -536 286
11345 20 2.2 -584 294
11491 20 2.2 -628 342
11640 20 2.2 -700 358
11790 20 2.2 -624 320
11942 20 2.2 -700 372
12096 20 2.2 -544 280
12252 20 2.2 -588 302
12410 20 2.2 -576 318
12570 20 2.2 -616 332
12732 20 2.2 -616 326
12896 20 2.2 -680 362
13062 20 2.2 -628 320
13231 20 2.2 -648 352
13402 20 2.2 -648 356
13574 20 2.2 -664 356
13750 20 2.2 -624 324
13927 20 2.2 -692 364
14106 20 2.2 -644 320
14288 20 2.2 -568 306
14473 20 2.2 -600 312
14659 20 2.2 -640 338
14848 20 2.2 -644 336
15040 20 2.2 -668 360
15234 20 2.2 -624 326
15430 20 2.2 -568 284
15629 20 2.2 -536 252
15831 20 2.2 -640 346
16035 20 2.2 -648 352
16242 20 2.2 -596 336
16451 20 2.2 -684 358
16664 20 2.2 -676 362
16879 20 2.2 -596 294
17096 20 2.2 -600 336
17317 20 2.2 -592 324
17540 20 2.2 -564 226
17766 20 2.2 -676 360
17995 20 2.2 -580 316
18228 20 2.2 -588 322
18463 20 2.2 -628 316
18701 20 2.2 -636 344
18942 20 2.2 -548 294
19186 20 2.2 -684 354
19434 20 2.2 -556 236
19684 20 2.2 -580 304
19938 20 2.2 -664 358
20195 20 2.2 -684 350
20456 20 2.2 -556 310
20720 20 2.2 -652 336
20987 20 2.2 -636 208
21258 20 2.2 -604 322
21532 20 2.2 -600 316
21810 20 2.2 -628 350
22091 20 2.2 -632 336
22376 20 2.2 -568 240
22664 20 2.2 -672 356
22957 20 2.2 -672 340
23253 20 2.2 -640 342
23553 20 2.2 -656 316
23856 20 2.2 -636 332
24164 20 2.2 -584 308
24476 20 2.2 -580 290
24791 20 2.2 -576 254
25111 20 2.2 -580 324
25435 20 2.2 -720 378
25763 20 2.2 -500 190
26095 20 2.2 -648 348
26432 20 2.2 -632 340
26773 20 2.2 -652 274
27118 20 2.2 -580 270
27468 20 2.2 -676 360
27822 20 2.2 -632 334
28181 20 2.2 -636 322
28545 20 2.2 -652 322
28913 20 2.2 -688 358
29286 20 2.2 -564 276
29663 20 2.2 -684 342
30046 20 2.2 -568 270
30434 20 2.2 -564 314
30826 20 2.2 -636 316
31224 20 2.2 -664 342
31626 20 2.2 -672 -352
32034 20 2.2 -640 -348
32447 20 2.2 -572 -306
32866 20 2.2 -648 -350
33290 20 2.2 -644 -340
33719 20 2.2 -552 -276
34154 20 2.2 -628 -340
34595 20 2.2 -588 -322
35041 20 2.2 -652 -348
35493 20 2.2 -684 -352
35951 20 2.2 -492 -116
36414 20 2.2 -624 -344
36884 20 2.2 -496 -272
37360 20 2.2 -620 -344
37841 20 2.2 -624 -326
38330 20 2.2 -612 -334
38824 20 2.2 -564 -318
39325 20 2.2 -700 -372
39832 20 2.2 -568 -306
40346 20 2.2 -628 -336
40866 20 2.2 -612 -334
41393 20 2.2 -676 -362
41927 20 2.2 -672 -358
42468 20 2.2 -560 -194
43015 20 2.2 -544 -296
43570 20 2.2 -524 -266
44132 20 2.2 -628 -336
44701 20 2.2 -624 -324
45278 20 2.2 -588 -330
45862 20 2.2 -544 -220
46453 20 2.2 -648 -344
47053 20 2.2 -568 -312
47660 20 2.2 -640 -326
48274 20 2.2 -628 -338
48897 20 2.2 -548 -306
49528 20 2.2 -592 -314
50166 20 2.2 -640 -340
50813 20 2.2 -592 -314
51469 20 2.2 -704 -354
52133 20 2.2 -616 -332
52805 20 2.2 -660 -352
53486 20 2.2 -648 -342
54176 20 2.2 -660 -358
54875 20 2.2 -628 -340
55582 20 2.2 -692 -362
56299 20 2.2 -548 304
57025 20 2.2 -572 288
57761 20 2.2 -632 326
58506 20 2.2 -616 346
59261 20 2.2 -564 286
60025 20 2.2 -528 266
60799 20 2.2 -692 368
61583 20 2.2 -632 342
62378 20 2.2 -464 186
63182 20 2.2 -644 336
63997 20 2.2 -596 280
64822 20 2.2 -680 364
65658 20 2.2 -628 340
66505 20 2.2 -600 -260
67363 20 2.2 -560 -168
68232 20 2.2 -544 -232
69112 20 2.2 -608 -334
70003 20 2.2 -680 -356
70906 20 2.2 -604 310
71821 20 2.2 -624 312
72747 20 2.2 -684 358
73685 20 2.2 -600 318
74636 20 2.2 -636 352
75599 20 2.2 -684 354
76574 20 2.2 -704 368
77561 20 2.2 -700 358
78562 20 2.2 -504 202
79575 20 2.2 -636 308
80601 20 2.2 -560 292
81641 20 2.2 -660 356
82694 20 2.2 -556 246
83760 20 2.2 -552 302
84841 20 2.2 -604 280
85935 20 2.2 -644 304
87043 20 2.2 -688 366
88166 20 2.2 -696 372
89303 20 2.2 -696 366
90455 20 2.2 -696 362
91622 20 2.2 -596 318
92803 20 2.2 -688 362
94000 20 2.2 -596 316
95213 20 2.2 -584 -306
96441 20 2.2 -592 -300
97685 20 2.2 -636 -348
98945 20 2.2 -652 -348
100221 20 2.2 -660 -338
101513 20 2.2 -652 -356
102823 20 2.2 -656 -338
104149 20 2.2 -620 -330
105492 20 2.2 -592 -304
106853 20 2.2 -688 -364
108231 20 2.2 -640 -330
109627 20 2.2 -604 -312
111041 20 2.2 -636 -338
112473 20 2.2 -620 -332
113924 20 2.2 -624 -332
115393 20 2.2 -608 -334
116882 20 2.2 -612 -306
118389 20 2.2 -660 -356
119916 20 2.2 -596 -270
121463 20 2.2 -680 -362
123029 20 2.2 -636 -318
124616 20 2.2 -692 -366
126224 20 2.2 -644 -348
127852 20 2.2 -588 -274
129501 20 2.2 -668 -360
131171 20 2.2 -680 -362
132863 20 2.2 -616 -332
134576 20 2.2 -532 -258
136312 20 2.2 -616 -334
138070 20 2.2 -544 -290
139851 20 2.2 -624 -316
141655 20 2.2 -568 -286
143482 20 2.2 -616 -340
145333 20 2.2 -636 -338
147207 20 2.2 -604 312
149106 20 2.2 -672 348
151029 20 2.2 -652 324
152977 20 2.2 -632 330
154950 20 2.2 -532 288
156948 20 2.2 -644 308
158973 20 2.2 -652 326
161023 20 2.2 -556 266
163100 20 2.2 -692 -368
165204 20 2.2 -580 -190
167334 20 2.2 -612 336
169493 20 2.2 -632 348
171679 20 2.2 -476 258
173893 20 2.2 -664 354
176136 20 2.2 -592 276
178408 20 2.2 -684 360
180709 20 2.2 -656 352
183040 20 2.2 -492 -132
185400 20 2.2 -628 -308
187792 20 2.2 -676 -358
190214 20 2.2 -668 -352
192667 20 2.2 -504 -160
195152 20 2.2 -680 -354
197669 20 2.2 -532 -4
200219 20 2.2 -564 314
202801 20 2.2 -540 140
205417 20 2.2 -656 350
208066 20 2.2 -584 316
210750 20 2.2 -668 360
213468 20 2.2 -632 338
216222 20 2.2 -688 -364
219010 20 2.2 -588 -310
221835 20 2.2 -632 -330
224696 20 2.2 -632 -334
227595 20 2.2 -656 -320
230530 20 2.2 -676 -364
233503 20 2.2 -672 -356
236515 20 2.2 -628 -342
239566 20 2.2 -668 -354
242656 20 2.2 -672 -354
245785 20 2.2 -596 326
248956 20 2.2 -588 280
252167 20 2.2 -540 230
255419 20 2.2 -592 332
258713 20 2.2 -640 334
262050 20 2.2 -688 366
265430 20 2.2 -616 334
268854 20 2.2 -664 276
272321 20 2.2 -688 366
275834 20 2.2 -648 348
279391 20 2.2 -668 -358
282995 20 2.2 -652 -352
286645 20 2.2 -536 -194
290342 20 2.2 -656 -356
294087 20 2.2 -656 354
297880 20 2.2 -652 338
301722 20 2.2 -540 282
305614 20 2.2 -652 354
309556 20 2.2 -656 352
313548 20 2.2 -536 272
317592 20 2.2 -660 358
321689 20 2.2 -648 350
325838 20 2.2 -636 334
330040 20 2.2 -636 -340
334297 20 2.2 -608 -332
338609 20 2.2 -572 -262
342976 20 2.2 -636 -348
347400 20 2.2 -556 -246
351881 20 2.2 -596 -328
356419 20 2.2 -568 -308
361016 20 2.2 -636 -338
365673 20 2.2 -644 -334
370389 20 2.2 -544 -268
375167 20 2.2 -620 -336
380005 20 2.2 -656 350
384907 20 2.2 -612 306
389871 20 2.2 -612 310
394900 20 2.2 -544 292
399993 20 2.2 -540 202
405152 20 2.2 -612 340
410378 20 2.2 -620 328
415671 20 2.2 -616 314
421032 20 2.2 -580 292
426463 20 2.2 -640 316
431963 20 2.2 -608 322
437535 20 2.2 -580 320
443178 20 2.2 -588 -328
448894 20 2.2 -560 -280
454684 20 2.2 -628 -328
460548 20 2.2 -648 -356
466489 20 2.2 -680 364
472505 20 2.2 -632 346
478600 20 2.2 -620 322
484773 20 2.2 -556 194
491025 20 2.2 -648 342
497358 20 2.2 -616 334
503773 20 2.2 -640 350
510271 20 2.2 -712 -376
516852 20 2.2 -608 -330
523519 20 2.2 -676 -346
530271 20 2.2 -612 -332
537111 20 2.2 -652 -342
544038 20 2.2 -676 -356
551055 20 2.2 -676 -354
558163 20 2.2 -736 378
565362 20 2.2 -480 158
572654 20 2.2 -624 330
580040 20 2.2 -548 -214
587521 20 2.2 -592 -338
595099 20 2.2 -644 352
602775 20 2.2 -592 -244
610549 20 2.2 -592 -318
618424 20 2.2 -648 -352
626400 20 2.2 -576 -272
634480 20 2.2 -696 -368
642663 20 2.2 -676 -354
650952 20 2.2 -488 -216
659348 20 2.2 -656 -354
667853 20 2.2 -580 290
676467 20 2.2 -604 -322
685192 20 2.2 -632 -346
694029 20 2.2 -572 -294
702981 20 2.2 -612 288
712048 20 2.2 -624 342
721232 20 2.2 -644 338
730534 20 2.2 -612 344
739957 20 2.2 -668 352
749500 20 2.2 -652 -348
759168 20 2.2 -640 340
768959 20 2.2 -616 332
778877 20 2.2 -712 -374
788923 20 2.2 -668 -362
799099 20 2.2 -616 288
809405 20 2.2 -584 300
819845 20 2.2 -548 -288
830419 20 2.2 -588 208
841130 20 2.2 -628 -336
851979 20 2.2 -648 352
862968 20 2.2 -560 278
874098 20 2.2 -704 368
885373 20 2.2 -680 -364
896792 20 2.2 -592 264
908359 20 2.2 -612 -294
920075 20 2.2 -632 336
931942 20 2.2 -536 294
943962 20 2.2 -664 -356
956137 20 2.2 -624 318
968470 20 2.2 -604 -328
980961 20 2.2 -656 344
993613 20 2.2 -576 282
999999 20 2.2 -720 -360
