3 20 2.2 -684 364
4 20 2.2 -696 366
5 20 2.2 -664 342
6 20 2.2 -628 338
7 20 2.2 -640 346
8 20 2.2 -652 354
9 20 2.2 -668 360
10 20 2.2 -672 350
11 20 2.2 -628 326
12 20 2.2 -616 322
13 20 2.2 -592 310
14 20 2.2 -612 308
15 20 2.2 -556 278
16 20 2.2 -556 274
17 20 2.2 -528 258
18 20 2.2 -536 264
19 20 2.2 -548 262
20 20 2.2 -512 208
21 20 2.2 -560 222
22 20 2.2 -596 222
23 20 2.2 -584 238
24 20 2.2 -576 248
25 20 2.2 -600 276
26 20 2.2 -592 272
27 20 2.2 -552 266
28 20 2.2 -596 278
29 20 2.2 -588 276
30 20 2.2 -604 296
31 20 2.2 -620 304
32 20 2.2 -620 306
33 20 2.2 -652 322
34 20 2.2 -608 312
35 20 2.2 -628 332
36 20 2.2 -620 324
37 20 2.2 -588 298
38 20 2.2 -560 300
39 20 2.2 -544 292
40 20 2.2 -544 274
41 20 2.2 -608 282
42 20 2.2 -632 286
43 20 2.2 -644 306
44 20 2.2 -632 270
45 20 2.2 -572 256
46 20 2.2 -612 282
47 20 2.2 -616 280
48 20 2.2 -628 284
49 20 2.2 -588 248
50 20 2.2 -564 240
51 20 2.2 -528 232
52 20 2.2 -532 240
53 20 2.2 -528 230
54 20 2.2 -584 248
55 20 2.2 -532 220
56 20 2.2 -528 206
57 20 2.2 -484 184
58 20 2.2 -496 166
59 20 2.2 -528 162
60 20 2.2 -480 158
61 20 2.2 -532 182
62 20 2.2 -576 194
63 20 2.2 -572 216
64 20 2.2 -544 220
65 20 2.2 -524 220
66 20 2.2 -476 198
67 20 2.2 -532 232
68 20 2.2 -488 234
69 20 2.2 -532 242
70 20 2.2 -516 244
71 20 2.2 -596 280
72 20 2.2 -556 274
73 20 2.2 -568 284
74 20 2.2 -584 262
75 20 2.2 -568 274
76 20 2.2 -628 282
77 20 2.2 -628 264
78 20 2.2 -612 278
79 20 2.2 -588 294
80 20 2.2 -616 300
81 20 2.2 -632 294
82 20 2.2 -652 308
83 20 2.2 -660 306
84 20 2.2 -628 308
85 20 2.2 -680 336
86 20 2.2 -624 308
88 20 2.2 -568 304
89 20 2.2 -564 286
90 20 2.2 -620 304
91 20 2.2 -652 306
92 20 2.2 -608 300
93 20 2.2 -676 328
95 20 2.2 -620 314
96 20 2.2 -620 324
97 20 2.2 -656 322
98 20 2.2 -636 334
99 20 2.2 -628 334
101 20 2.2 -632 328
102 20 2.2 -612 326
103 20 2.2 -624 342
105 20 2.2 -656 350
106 20 2.2 -632 352
107 20 2.2 -600 334
109 20 2.2 -604 336
110 20 2.2 -560 320
112 20 2.2 -524 280
113 20 2.2 -560 292
114 20 2.2 -556 282
116 20 2.2 -548 274
117 20 2.2 -584 300
119 20 2.2 -536 290
120 20 2.2 -564 312
122 20 2.2 -576 312
124 20 2.2 -604 334
125 20 2.2 -536 314
127 20 2.2 -548 304
128 20 2.2 -612 320
130 20 2.2 -676 362
132 20 2.2 -660 354
133 20 2.2 -652 344
135 20 2.2 -648 346
137 20 2.2 -580 330
139 20 2.2 -636 330
140 20 2.2 -664 342
142 20 2.2 -592 300
144 20 2.2 -676 322
146 20 2.2 -616 308
148 20 2.2 -624 320
150 20 2.2 -652 334
152 20 2.2 -512 288
154 20 2.2 -548 282
155 20 2.2 -572 294
157 20 2.2 -624 316
160 20 2.2 -608 334
162 20 2.2 -684 364
164 20 2.2 -740 384
166 20 2.2 -748 386
168 20 2.2 -696 370
170 20 2.2 -672 358
172 20 2.2 -660 356
174 20 2.2 -592 316
177 20 2.2 -604 336
179 20 2.2 -588 326
181 20 2.2 -560 306
184 20 2.2 -636 340
186 20 2.2 -644 340
188 20 2.2 -600 332
191 20 2.2 -600 316
193 20 2.2 -592 300
196 20 2.2 -556 260
198 20 2.2 -528 250
201 20 2.2 -584 302
203 20 2.2 -688 338
206 20 2.2 -588 314
209 20 2.2 -620 332
211 20 2.2 -680 354
214 20 2.2 -672 346
217 20 2.2 -596 304
220 20 2.2 -668 348
222 20 2.2 -664 352
225 20 2.2 -616 338
228 20 2.2 -616 326
231 20 2.2 -572 326
234 20 2.2 -616 336
237 20 2.2 -676 362
240 20 2.2 -624 338
243 20 2.2 -604 332
246 20 2.2 -676 360
250 20 2.2 -684 366
253 20 2.2 -668 358
256 20 2.2 -584 324
259 20 2.2 -656 350
263 20 2.2 -592 298
266 20 2.2 -564 282
269 20 2.2 -612 302
273 20 2.2 -660 312
276 20 2.2 -636 316
280 20 2.2 -596 324
284 20 2.2 -680 352
287 20 2.2 -672 342
291 20 2.2 -608 332
295 20 2.2 -580 312
298 20 2.2 -644 318
302 20 2.2 -640 328
306 20 2.2 -608 324
310 20 2.2 -696 368
314 20 2.2 -664 350
318 20 2.2 -664 358
322 20 2.2 -660 356
326 20 2.2 -668 352
331 20 2.2 -640 344
335 20 2.2 -636 346
339 20 2.2 -680 366
344 20 2.2 -704 368
348 20 2.2 -680 346
352 20 2.2 -624 324
357 20 2.2 -604 292
362 20 2.2 -596 306
366 20 2.2 -632 306
371 20 2.2 -620 320
376 20 2.2 -568 292
381 20 2.2 -620 320
385 20 2.2 -644 324
390 20 2.2 -664 326
395 20 2.2 -628 282
401 20 2.2 -516 256
406 20 2.2 -520 234
411 20 2.2 -604 310
416 20 2.2 -636 318
422 20 2.2 -640 324
427 20 2.2 -552 268
433 20 2.2 -488 246
438 20 2.2 -572 240
444 20 2.2 -532 250
449 20 2.2 -628 282
455 20 2.2 -560 296
461 20 2.2 -668 364
467 20 2.2 -624 330
473 20 2.2 -632 248
479 20 2.2 -568 270
485 20 2.2 -568 308
492 20 2.2 -552 300
498 20 2.2 -660 334
504 20 2.2 -652 338
511 20 2.2 -548 270
517 20 2.2 -504 210
524 20 2.2 -552 256
531 20 2.2 -580 316
538 20 2.2 -688 364
545 20 2.2 -728 380
552 20 2.2 -584 320
559 20 2.2 -596 332
566 20 2.2 -652 348
573 20 2.2 -572 280
581 20 2.2 -628 308
588 20 2.2 -524 258
596 20 2.2 -624 312
603 20 2.2 -616 276
611 20 2.2 -580 308
619 20 2.2 -548 288
627 20 2.2 -580 300
635 20 2.2 -628 326
643 20 2.2 -556 286
652 20 2.2 -644 308
660 20 2.2 -636 268
668 20 2.2 -548 280
677 20 2.2 -628 334
686 20 2.2 -676 358
695 20 2.2 -620 330
704 20 2.2 -660 354
713 20 2.2 -752 388
722 20 2.2 -652 348
731 20 2.2 -628 346
741 20 2.2 -592 304
750 20 2.2 -588 282
760 20 2.2 -584 290
770 20 2.2 -624 298
780 20 2.2 -616 328
790 20 2.2 -644 344
800 20 2.2 -592 322
810 20 2.2 -600 320
821 20 2.2 -648 338
831 20 2.2 -688 356
842 20 2.2 -656 322
853 20 2.2 -692 334
864 20 2.2 -600 318
875 20 2.2 -644 344
886 20 2.2 -652 356
897 20 2.2 -640 332
909 20 2.2 -688 366
921 20 2.2 -624 322
933 20 2.2 -668 362
945 20 2.2 -712 374
957 20 2.2 -580 292
969 20 2.2 -636 334
982 20 2.2 -580 294
994 20 2.2 -580 282
1007 20 2.2 -576 314
1020 20 2.2 -632 312
1033 20 2.2 -592 312
1047 20 2.2 -680 358
1060 20 2.2 -596 332
1074 20 2.2 -596 286
1088 20 2.2 -588 256
1102 20 2.2 -600 324
1116 20 2.2 -648 346
1130 20 2.2 -660 340
1145 20 2.2 -712 376
1160 20 2.2 -664 356
1174 20 2.2 -596 320
1190 20 2.2 -640 328
1205 20 2.2 -652 344
1220 20 2.2 -608 298
1236 20 2.2 -652 340
1252 20 2.2 -636 328
1268 20 2.2 -680 356
1285 20 2.2 -708 374
1301 20 2.2 -536 272
1318 20 2.2 -624 294
1335 20 2.2 -592 310
1352 20 2.2 -620 338
1370 20 2.2 -632 346
1387 20 2.2 -616 334
1405 20 2.2 -660 356
1423 20 2.2 -548 298
1442 20 2.2 -664 338
1460 20 2.2 -644 348
1479 20 2.2 -692 366
1498 20 2.2 -676 348
1517 20 2.2 -660 326
1537 20 2.2 -656 356
1557 20 2.2 -672 354
1577 20 2.2 -596 292
1597 20 2.2 -696 370
1618 20 2.2 -572 292
1639 20 2.2 -608 316
1660 20 2.2 -624 314
1681 20 2.2 -612 334
1703 20 2.2 -504 228
1725 20 2.2 -512 220
1747 20 2.2 -460 86
1770 20 2.2 -532 4
1792 20 2.2 -560 -146
1816 20 2.2 -508 -132
1839 20 2.2 -544 -208
1863 20 2.2 -628 -340
1887 20 2.2 -724 -374
1911 20 2.2 -664 -342
1936 20 2.2 -580 -300
1961 20 2.2 -600 -322
1986 20 2.2 -692 -364
2012 20 2.2 -612 -310
2037 20 2.2 -660 -358
2064 20 2.2 -644 -348
2090 20 2.2 -624 -344
2117 20 2.2 -668 -360
2145 20 2.2 -668 -354
2172 20 2.2 -684 -360
2200 20 2.2 -612 -314
2229 20 2.2 -668 -348
2257 20 2.2 -724 -376
2286 20 2.2 -700 -368
2316 20 2.2 -640 -340
2346 20 2.2 -636 -340
2376 20 2.2 -604 -316
2407 20 2.2 -504 -194
2438 20 2.2 -532 -118
2469 20 2.2 -496 -32
2501 20 2.2 -500 42
2533 20 2.2 -496 88
2566 20 2.2 -532 -132
2599 20 2.2 -548 -188
2633 20 2.2 -628 -328
2667 20 2.2 -564 -262
2701 20 2.2 -612 -316
2736 20 2.2 -560 -310
2771 20 2.2 -632 -300
2807 20 2.2 -628 -330
2843 20 2.2 -648 -316
2880 20 2.2 -640 -330
2917 20 2.2 -652 -350
2954 20 2.2 -664 -348
2992 20 2.2 -672 -348
3031 20 2.2 -692 -368
3070 20 2.2 -588 -294
3110 20 2.2 -572 -290
3150 20 2.2 -636 -336
3190 20 2.2 -656 -336
3232 20 2.2 -592 -308
3273 20 2.2 -636 -348
3315 20 2.2 -568 -280
3358 20 2.2 -608 -326
3402 20 2.2 -624 -328
3445 20 2.2 -576 -300
3490 20 2.2 -616 -334
3535 20 2.2 -580 -280
3580 20 2.2 -616 -340
3627 20 2.2 -648 -350
3673 20 2.2 -716 -364
3721 20 2.2 -680 -364
3769 20 2.2 -644 -346
3817 20 2.2 -620 -314
3867 20 2.2 -612 -332
3916 20 2.2 -672 -360
3967 20 2.2 -652 -350
4018 20 2.2 -620 -334
4070 20 2.2 -684 -366
4122 20 2.2 -628 -350
4176 20 2.2 -664 -284
4229 20 2.2 -508 -228
4284 20 2.2 -600 -312
4339 20 2.2 -624 -306
4395 20 2.2 -648 -354
4452 20 2.2 -628 -342
4509 20 2.2 -580 -264
4567 20 2.2 -716 -372
4626 20 2.2 -612 -320
4686 20 2.2 -664 -344
4746 20 2.2 -692 -368
4808 20 2.2 -664 -354
4870 20 2.2 -656 -334
4932 20 2.2 -636 -348
4996 20 2.2 -736 -380
5060 20 2.2 -656 -352
5126 20 2.2 -596 -264
5192 20 2.2 -640 -340
5259 20 2.2 -576 -320
5327 20 2.2 -624 -334
5395 20 2.2 -624 -326
5465 20 2.2 -768 -392
5535 20 2.2 -604 -316
5607 20 2.2 -596 -332
5679 20 2.2 -628 -326
5752 20 2.2 -544 -236
5826 20 2.2 -560 -314
5902 20 2.2 -644 -342
5978 20 2.2 -592 -312
6055 20 2.2 -612 -334
6133 20 2.2 -556 -280
6212 20 2.2 -684 -358
6292 20 2.2 -680 -348
6373 20 2.2 -684 -368
6455 20 2.2 -508 -270
6539 20 2.2 -512 -216
6623 20 2.2 -680 -346
6708 20 2.2 -668 -354
6795 20 2.2 -628 -308
6883 20 2.2 -636 -332
6971 20 2.2 -636 -332
7061 20 2.2 -688 -368
7152 20 2.2 -668 -360
7245 20 2.2 -708 -366
7338 20 2.2 -604 -294
7433 20 2.2 -672 -352
7529 20 2.2 -708 -366
7626 20 2.2 -636 -326
7724 20 2.2 -668 -354
7824 20 2.2 -592 -330
7925 20 2.2 -608 -322
8027 20 2.2 -632 -302
8130 20 2.2 -524 -252
8235 20 2.2 -620 -328
8341 20 2.2 -644 -342
8449 20 2.2 -664 -354
8558 20 2.2 -576 -280
8668 20 2.2 -652 -336
8780 20 2.2 -600 -330
8893 20 2.2 -596 -282
9008 20 2.2 -624 -338
9124 20 2.2 -584 -298
9242 20 2.2 -584 -200
9361 20 2.2 -684 -348
9482 20 2.2 -576 -308
9604 20 2.2 -608 -324
9728 20 2.2 -632 -330
9853 20 2.2 -564 -304
9980 20 2.2 -668 -360
10109 20 2.2 -668 -352
10240 20 2.2 -584 -284
10372 20 2.2 -700 -364
10505 20 2.2 -632 -306
10641 20 2.2 -648 -344
10778 20 2.2 -612 -320
10917 20 2.2 -608 -340
11058 20 2.2 -636 -328
11201 20 2.2 -616 -298
11345 20 2.2 -624 -308
11491 20 2.2 -544 -266
11640 20 2.2 -680 -352
11790 20 2.2 -572 -286
11942 20 2.2 -616 -316
12096 20 2.2 -624 -332
12252 20 2.2 -672 -356
12410 20 2.2 -540 -274
12570 20 2.2 -624 -304
12732 20 2.2 -568 -204
12896 20 2.2 -548 -218
13062 20 2.2 -624 -336
13231 20 2.2 -664 -358
13402 20 2.2 -624 -336
13574 20 2.2 -648 -354
13750 20 2.2 -672 -358
13927 20 2.2 -668 -352
14106 20 2.2 -636 -330
14288 20 2.2 -636 -342
14473 20 2.2 -656 -320
14659 20 2.2 -604 -322
14848 20 2.2 -628 -320
15040 20 2.2 -648 -350
15234 20 2.2 -564 -296
15430 20 2.2 -700 -372
15629 20 2.2 -592 -328
15831 20 2.2 -588 -308
16035 20 2.2 -652 -354
16242 20 2.2 -676 -358
16451 20 2.2 -612 -302
16664 20 2.2 -520 102
16879 20 2.2 -684 -364
17096 20 2.2 -600 -266
17317 20 2.2 -668 -348
17540 20 2.2 -660 -340
17766 20 2.2 -540 -280
17995 20 2.2 -548 -228
18228 20 2.2 -632 -334
18463 20 2.2 -568 -306
18701 20 2.2 -652 -352
18942 20 2.2 -604 -284
19186 20 2.2 -616 -324
19434 20 2.2 -632 -338
19684 20 2.2 -672 -354
19938 20 2.2 -632 -330
20195 20 2.2 -668 -342
20456 20 2.2 -568 -298
20720 20 2.2 -544 -292
20987 20 2.2 -608 -334
21258 20 2.2 -600 -292
21532 20 2.2 -496 -184
21810 20 2.2 -728 -378
22091 20 2.2 -548 -280
22376 20 2.2 -568 -316
22664 20 2.2 -668 -356
22957 20 2.2 -584 -302
23253 20 2.2 -580 -308
23553 20 2.2 -508 -248
23856 20 2.2 -560 -302
24164 20 2.2 -628 -346
24476 20 2.2 -656 -350
24791 20 2.2 -664 -354
25111 20 2.2 -584 -306
25435 20 2.2 -664 -346
25763 20 2.2 -664 -338
26095 20 2.2 -588 -286
26432 20 2.2 -628 -316
26773 20 2.2 -596 -324
27118 20 2.2 -604 -278
27468 20 2.2 -556 -286
27822 20 2.2 -716 -376
28181 20 2.2 -540 -268
28545 20 2.2 -668 -346
28913 20 2.2 -612 -334
29286 20 2.2 -544 -308
29663 20 2.2 -620 -314
30046 20 2.2 -676 -362
30434 20 2.2 -632 -340
30826 20 2.2 -680 -366
31224 20 2.2 -492 -190
31626 20 2.2 -612 -308
32034 20 2.2 -540 -260
32447 20 2.2 -588 -322
32866 20 2.2 -700 -370
33290 20 2.2 -620 -336
33719 20 2.2 -680 -362
34154 20 2.2 -656 -358
34595 20 2.2 -624 -334
35041 20 2.2 -612 -318
35493 20 2.2 -628 -348
35951 20 2.2 -712 -362
36414 20 2.2 -664 -354
36884 20 2.2 -620 -332
37360 20 2.2 -600 -322
37841 20 2.2 -656 -348
38330 20 2.2 -656 -354
38824 20 2.2 -568 -260
39325 20 2.2 -624 -334
39832 20 2.2 -544 -306
40346 20 2.2 -604 -336
40866 20 2.2 -680 -360
41393 20 2.2 -672 -354
41927 20 2.2 -620 -322
42468 20 2.2 -660 -336
43015 20 2.2 -556 -210
43570 20 2.2 -628 -340
44132 20 2.2 -652 -352
44701 20 2.2 -656 -348
45278 20 2.2 -588 -302
45862 20 2.2 -552 -300
46453 20 2.2 -672 -358
47053 20 2.2 -672 -334
47660 20 2.2 -632 -324
48274 20 2.2 -628 -346
48897 20 2.2 -604 -328
49528 20 2.2 -672 -354
50166 20 2.2 -508 -292
50813 20 2.2 -668 -344
51469 20 2.2 -516 100
52133 20 2.2 -608 322
52805 20 2.2 -528 264
53486 20 2.2 -612 240
54176 20 2.2 -616 336
54875 20 2.2 -692 368
55582 20 2.2 -604 256
56299 20 2.2 -664 358
57025 20 2.2 -560 198
57761 20 2.2 -648 342
58506 20 2.2 -684 364
59261 20 2.2 -632 350
60025 20 2.2 -592 326
60799 20 2.2 -648 348
61583 20 2.2 -692 362
62378 20 2.2 -672 344
63182 20 2.2 -624 306
63997 20 2.2 -708 372
64822 20 2.2 -528 198
65658 20 2.2 -612 312
66505 20 2.2 -656 342
67363 20 2.2 -572 316
68232 20 2.2 -564 300
69112 20 2.2 -664 336
70003 20 2.2 -692 368
70906 20 2.2 -692 348
71821 20 2.2 -672 350
72747 20 2.2 -620 320
73685 20 2.2 -632 310
74636 20 2.2 -604 326
75599 20 2.2 -584 300
76574 20 2.2 -572 322
77561 20 2.2 -640 280
78562 20 2.2 -520 114
79575 20 2.2 -636 -354
80601 20 2.2 -640 346
81641 20 2.2 -644 348
82694 20 2.2 -560 282
83760 20 2.2 -676 362
84841 20 2.2 -564 298
85935 20 2.2 -636 350
87043 20 2.2 -672 334
88166 20 2.2 -556 288
89303 20 2.2 -612 -334
90455 20 2.2 -596 -320
91622 20 2.2 -588 -318
92803 20 2.2 -656 -340
94000 20 2.2 -572 -284
95213 20 2.2 -624 -292
96441 20 2.2 -552 -262
97685 20 2.2 -692 366
98945 20 2.2 -688 368
100221 20 2.2 -656 346
101513 20 2.2 -644 350
102823 20 2.2 -660 344
104149 20 2.2 -564 230
105492 20 2.2 -696 370
106853 20 2.2 -704 374
108231 20 2.2 -612 330
109627 20 2.2 -604 306
111041 20 2.2 -500 226
112473 20 2.2 -576 -268
113924 20 2.2 -632 -320
115393 20 2.2 -668 -358
116882 20 2.2 -648 -352
118389 20 2.2 -668 -354
119916 20 2.2 -592 -312
121463 20 2.2 -616 -332
123029 20 2.2 -704 366
124616 20 2.2 -660 356
126224 20 2.2 -616 310
127852 20 2.2 -528 184
129501 20 2.2 -652 -358
131171 20 2.2 -640 -342
132863 20 2.2 -580 -280
134576 20 2.2 -608 -326
136312 20 2.2 -628 -316
138070 20 2.2 -692 -364
139851 20 2.2 -668 -358
141655 20 2.2 -516 -162
143482 20 2.2 -580 -286
145333 20 2.2 -700 -364
147207 20 2.2 -612 -334
149106 20 2.2 -596 -322
151029 20 2.2 -648 -348
152977 20 2.2 -632 -344
154950 20 2.2 -660 -344
156948 20 2.2 -504 98
158973 20 2.2 -644 344
161023 20 2.2 -596 244
163100 20 2.2 -636 316
165204 20 2.2 -668 354
167334 20 2.2 -588 -258
169493 20 2.2 -632 -348
171679 20 2.2 -572 -292
173893 20 2.2 -604 -306
176136 20 2.2 -544 -232
178408 20 2.2 -644 -338
180709 20 2.2 -552 -126
183040 20 2.2 -656 -346
185400 20 2.2 -588 -314
187792 20 2.2 -616 -318
190214 20 2.2 -536 -288
192667 20 2.2 -632 -334
195152 20 2.2 -496 -220
197669 20 2.2 -664 -330
200219 20 2.2 -544 -292
202801 20 2.2 -688 -366
205417 20 2.2 -608 -276
208066 20 2.2 -712 -364
210750 20 2.2 -624 -316
213468 20 2.2 -584 -296
216222 20 2.2 -588 -326
219010 20 2.2 -632 -334
221835 20 2.2 -504 -248
224696 20 2.2 -664 -350
227595 20 2.2 -648 -352
230530 20 2.2 -596 -300
233503 20 2.2 -488 -278
236515 20 2.2 -520 -254
239566 20 2.2 -556 -240
242656 20 2.2 -620 -342
245785 20 2.2 -616 -320
248956 20 2.2 -540 -232
252167 20 2.2 -584 -300
255419 20 2.2 -660 336
258713 20 2.2 -640 338
262050 20 2.2 -640 314
265430 20 2.2 -592 316
268854 20 2.2 -556 264
272321 20 2.2 -600 336
275834 20 2.2 -536 206
279391 20 2.2 -576 -312
282995 20 2.2 -568 -306
286645 20 2.2 -620 -332
290342 20 2.2 -648 -340
294087 20 2.2 -528 288
297880 20 2.2 -648 350
301722 20 2.2 -700 370
305614 20 2.2 -548 248
309556 20 2.2 -624 336
313548 20 2.2 -568 234
317592 20 2.2 -692 -358
321689 20 2.2 -548 -276
325838 20 2.2 -612 308
330040 20 2.2 -664 350
334297 20 2.2 -640 348
338609 20 2.2 -592 238
342976 20 2.2 -644 324
347400 20 2.2 -628 332
351881 20 2.2 -632 340
356419 20 2.2 -564 186
361016 20 2.2 -592 306
365673 20 2.2 -608 332
370389 20 2.2 -568 -188
375167 20 2.2 -620 330
380005 20 2.2 -648 348
384907 20 2.2 -628 328
389871 20 2.2 -620 -312
394900 20 2.2 -616 -296
399993 20 2.2 -616 -308
405152 20 2.2 -616 -344
410378 20 2.2 -672 -358
415671 20 2.2 -608 -338
421032 20 2.2 -572 288
426463 20 2.2 -704 368
431963 20 2.2 -668 312
437535 20 2.2 -688 368
443178 20 2.2 -608 320
448894 20 2.2 -668 -352
454684 20 2.2 -696 -360
460548 20 2.2 -644 344
466489 20 2.2 -476 -112
472505 20 2.2 -616 316
478600 20 2.2 -596 322
484773 20 2.2 -656 348
491025 20 2.2 -596 324
497358 20 2.2 -632 344
503773 20 2.2 -676 364
510271 20 2.2 -632 304
516852 20 2.2 -624 336
523519 20 2.2 -596 -320
530271 20 2.2 -588 -316
537111 20 2.2 -588 -262
544038 20 2.2 -616 -334
551055 20 2.2 -620 -328
558163 20 2.2 -660 336
565362 20 2.2 -696 360
572654 20 2.2 -680 362
580040 20 2.2 -632 -328
587521 20 2.2 -676 -362
595099 20 2.2 -632 -284
602775 20 2.2 -520 280
610549 20 2.2 -616 328
618424 20 2.2 -576 -314
626400 20 2.2 -608 -290
634480 20 2.2 -604 -302
642663 20 2.2 -560 -242
650952 20 2.2 -652 -310
659348 20 2.2 -592 -304
667853 20 2.2 -700 -372
676467 20 2.2 -636 -332
685192 20 2.2 -620 -336
694029 20 2.2 -656 -358
702981 20 2.2 -716 -376
712048 20 2.2 -648 348
721232 20 2.2 -580 316
730534 20 2.2 -616 -332
739957 20 2.2 -668 348
749500 20 2.2 -616 298
759168 20 2.2 -604 328
768959 20 2.2 -656 -346
778877 20 2.2 -504 -220
788923 20 2.2 -624 344
799099 20 2.2 -644 344
809405 20 2.2 -612 322
819845 20 2.2 -616 310
830419 20 2.2 -612 -326
841130 20 2.2 -720 376
851979 20 2.2 -680 -360
862968 20 2.2 -612 -306
874098 20 2.2 -576 308
885373 20 2.2 -632 -292
896792 20 2.2 -632 334
908359 20 2.2 -596 -258
920075 20 2.2 -672 350
931942 20 2.2 -636 -326
943962 20 2.2 -628 -334
956137 20 2.2 -644 326
968470 20 2.2 -568 302
980961 20 2.2 -532 186
993613 20 2.2 -688 334
999999 20 2.2 -668 360
