3 60 2.1 -6472 3386
4 60 2.1 -6276 3318
5 60 2.1 -6112 3256
6 60 2.1 -6028 3206
7 60 2.1 -6080 3208
8 60 2.1 -6184 3234
9 60 2.1 -6108 3214
10 60 2.1 -5936 3156
11 60 2.1 -5920 3134
12 60 2.1 -5976 3148
13 60 2.1 -6056 3196
14 60 2.1 -6012 3178
15 60 2.1 -6100 3200
16 60 2.1 -5976 3164
17 60 2.1 -5864 3094
18 60 2.1 -5812 3064
19 60 2.1 -5908 3070
20 60 2.1 -5976 3078
21 60 2.1 -5908 3040
22 60 2.1 -5892 3048
23 60 2.1 -5864 3064
24 60 2.1 -5932 3120
25 60 2.1 -6080 3190
26 60 2.1 -6052 3174
27 60 2.1 -6012 3140
28 60 2.1 -5996 3134
29 60 2.1 -5880 3116
30 60 2.1 -5872 3124
31 60 2.1 -6012 3176
32 60 2.1 -6152 3204
33 60 2.1 -6072 3148
34 60 2.1 -5804 3062
35 60 2.1 -5932 3130
36 60 2.1 -5972 3124
37 60 2.1 -5992 3110
38 60 2.1 -5928 3092
39 60 2.1 -5888 3108
40 60 2.1 -5884 3050
41 60 2.1 -5828 3066
42 60 2.1 -5856 3082
43 60 2.1 -5952 3116
44 60 2.1 -5944 3110
45 60 2.1 -6028 3136
46 60 2.1 -6004 3100
47 60 2.1 -6012 3076
48 60 2.1 -5828 3000
49 60 2.1 -5988 3052
50 60 2.1 -5936 3040
51 60 2.1 -5860 3022
52 60 2.1 -5832 2990
53 60 2.1 -5784 2966
54 60 2.1 -5872 2996
55 60 2.1 -5720 2910
56 60 2.1 -5744 2924
57 60 2.1 -5816 2954
58 60 2.1 -5836 2966
59 60 2.1 -5708 2884
60 60 2.1 -5764 2902
61 60 2.1 -5712 2870
62 60 2.1 -5764 2888
63 60 2.1 -5648 2866
64 60 2.1 -5700 2902
65 60 2.1 -5696 2910
66 60 2.1 -5660 2900
67 60 2.1 -5712 2952
68 60 2.1 -6016 3058
69 60 2.1 -6028 3070
70 60 2.1 -6140 3110
71 60 2.1 -6028 3072
72 60 2.1 -5872 3044
73 60 2.1 -5904 3048
74 60 2.1 -5872 3024
75 60 2.1 -5924 3052
76 60 2.1 -5828 3052
77 60 2.1 -5944 3104
78 60 2.1 -5832 3042
79 60 2.1 -5948 3112
80 60 2.1 -6056 3140
81 60 2.1 -5996 3126
82 60 2.1 -6068 3126
83 60 2.1 -5952 3084
84 60 2.1 -5968 3092
85 60 2.1 -5944 3108
86 60 2.1 -5784 3012
88 60 2.1 -5696 2954
89 60 2.1 -5652 2938
90 60 2.1 -5660 2928
91 60 2.1 -5704 2990
92 60 2.1 -5620 2950
93 60 2.1 -5764 2990
95 60 2.1 -5892 3098
96 60 2.1 -5876 3104
97 60 2.1 -5912 3108
98 60 2.1 -5964 3130
99 60 2.1 -6012 3150
101 60 2.1 -6036 3148
102 60 2.1 -5992 3136
103 60 2.1 -5996 3142
105 60 2.1 -5976 3158
106 60 2.1 -5936 3128
107 60 2.1 -6152 3222
109 60 2.1 -5960 3146
110 60 2.1 -5984 3160
112 60 2.1 -5956 3138
113 60 2.1 -5968 3182
114 60 2.1 -6184 3256
116 60 2.1 -6044 3210
117 60 2.1 -6068 3194
119 60 2.1 -5952 3154
120 60 2.1 -6012 3150
122 60 2.1 -6108 3198
124 60 2.1 -6108 3196
125 60 2.1 -6080 3186
127 60 2.1 -6200 3252
128 60 2.1 -6100 3226
130 60 2.1 -6216 3258
132 60 2.1 -6184 3254
133 60 2.1 -6204 3272
135 60 2.1 -6100 3242
137 60 2.1 -5940 3134
139 60 2.1 -6088 3210
140 60 2.1 -6020 3166
142 60 2.1 -5928 3102
144 60 2.1 -6008 3146
146 60 2.1 -6128 3164
148 60 2.1 -6044 3174
150 60 2.1 -5960 3126
152 60 2.1 -6000 3186
154 60 2.1 -6216 3254
155 60 2.1 -6308 3294
157 60 2.1 -6044 3202
160 60 2.1 -6220 3282
162 60 2.1 -6184 3288
164 60 2.1 -6216 3270
166 60 2.1 -6080 3216
168 60 2.1 -6032 3200
170 60 2.1 -6232 3254
172 60 2.1 -6164 3226
174 60 2.1 -5976 3130
177 60 2.1 -5940 3178
179 60 2.1 -6016 3176
181 60 2.1 -6116 3192
184 60 2.1 -5996 3150
186 60 2.1 -6000 3174
188 60 2.1 -6064 3216
191 60 2.1 -5988 3210
193 60 2.1 -5852 3136
196 60 2.1 -5912 3128
198 60 2.1 -6100 3164
201 60 2.1 -5864 3096
203 60 2.1 -5908 3122
206 60 2.1 -6040 3194
209 60 2.1 -6020 3210
211 60 2.1 -6192 3258
214 60 2.1 -6208 3266
217 60 2.1 -6008 3168
220 60 2.1 -6072 3176
222 60 2.1 -6040 3174
225 60 2.1 -6040 3184
228 60 2.1 -5896 3114
231 60 2.1 -5920 3126
234 60 2.1 -6180 3262
237 60 2.1 -6292 3320
240 60 2.1 -6024 3212
243 60 2.1 -6188 3252
246 60 2.1 -6000 3184
250 60 2.1 -6120 3228
253 60 2.1 -6052 3216
256 60 2.1 -6116 3248
259 60 2.1 -6096 3202
263 60 2.1 -6212 3248
266 60 2.1 -6160 3262
269 60 2.1 -6232 3280
273 60 2.1 -6132 3214
276 60 2.1 -6132 3214
280 60 2.1 -5952 3094
284 60 2.1 -6168 3198
287 60 2.1 -6256 3284
291 60 2.1 -6156 3208
295 60 2.1 -5988 3178
298 60 2.1 -5988 3140
302 60 2.1 -5964 3060
306 60 2.1 -6124 3164
310 60 2.1 -5884 3080
314 60 2.1 -5940 3160
318 60 2.1 -5996 3154
322 60 2.1 -5984 3152
326 60 2.1 -6272 3276
331 60 2.1 -6128 3232
335 60 2.1 -6168 3236
339 60 2.1 -5984 3188
344 60 2.1 -5960 3164
348 60 2.1 -6152 3242
352 60 2.1 -6188 3242
357 60 2.1 -5928 3148
362 60 2.1 -5920 3066
366 60 2.1 -5792 3028
371 60 2.1 -5852 3022
376 60 2.1 -5864 3022
381 60 2.1 -6072 3146
385 60 2.1 -5848 3050
390 60 2.1 -5816 3036
395 60 2.1 -5904 3062
401 60 2.1 -5936 3056
406 60 2.1 -5960 3116
411 60 2.1 -5908 3152
416 60 2.1 -6032 3152
422 60 2.1 -6112 3256
427 60 2.1 -6064 3184
433 60 2.1 -6124 3258
438 60 2.1 -6116 3236
444 60 2.1 -5924 3118
449 60 2.1 -5928 3174
455 60 2.1 -5980 3172
461 60 2.1 -6216 3272
467 60 2.1 -6068 3176
473 60 2.1 -5776 3034
479 60 2.1 -5792 3076
485 60 2.1 -5944 3110
492 60 2.1 -6076 3182
498 60 2.1 -6172 3248
504 60 2.1 -5960 3146
511 60 2.1 -6168 3238
517 60 2.1 -6020 3158
524 60 2.1 -5732 2944
531 60 2.1 -5728 2990
538 60 2.1 -5828 3060
545 60 2.1 -5960 3182
552 60 2.1 -5972 3186
559 60 2.1 -6120 3218
566 60 2.1 -6180 3252
573 60 2.1 -5976 3174
581 60 2.1 -6028 3174
588 60 2.1 -6080 3154
596 60 2.1 -6096 3148
603 60 2.1 -5844 3056
611 60 2.1 -5836 2998
619 60 2.1 -5812 2954
627 60 2.1 -5940 3032
635 60 2.1 -5888 3028
643 60 2.1 -5984 3132
652 60 2.1 -5876 3054
660 60 2.1 -5904 3114
668 60 2.1 -5972 3120
677 60 2.1 -6048 3136
686 60 2.1 -6140 3192
695 60 2.1 -6032 3190
704 60 2.1 -6052 3106
713 60 2.1 -6072 3124
722 60 2.1 -6024 3136
731 60 2.1 -6184 3120
741 60 2.1 -5988 3096
750 60 2.1 -5908 3028
760 60 2.1 -5880 3028
770 60 2.1 -6156 3194
780 60 2.1 -5904 3068
790 60 2.1 -5980 3130
800 60 2.1 -6268 3266
810 60 2.1 -6008 3122
821 60 2.1 -5956 3130
831 60 2.1 -6044 3214
842 60 2.1 -5992 3162
853 60 2.1 -5732 3030
864 60 2.1 -5960 3104
875 60 2.1 -6024 3132
886 60 2.1 -5868 3028
897 60 2.1 -5984 3156
909 60 2.1 -5992 3158
921 60 2.1 -5936 3080
933 60 2.1 -5960 3110
945 60 2.1 -6044 3186
957 60 2.1 -5928 3078
969 60 2.1 -5916 3106
982 60 2.1 -5904 3076
994 60 2.1 -5932 3050
1007 60 2.1 -5856 3036
1020 60 2.1 -6048 3160
1033 60 2.1 -6152 3268
1047 60 2.1 -6076 3160
1060 60 2.1 -5968 3116
1074 60 2.1 -5996 3152
1088 60 2.1 -5800 3040
1102 60 2.1 -6072 3164
1116 60 2.1 -6032 3144
1130 60 2.1 -5744 2998
1145 60 2.1 -6096 3162
1160 60 2.1 -6256 3280
1174 60 2.1 -6140 3160
1190 60 2.1 -6264 3240
1205 60 2.1 -5900 3104
1220 60 2.1 -6216 3218
1236 60 2.1 -6188 3276
1252 60 2.1 -5988 3156
1268 60 2.1 -5940 3084
1285 60 2.1 -5964 3126
1301 60 2.1 -6008 3136
1318 60 2.1 -6008 3168
1335 60 2.1 -5968 3062
1352 60 2.1 -6116 3206
1370 60 2.1 -5720 2932
1387 60 2.1 -6084 3190
1405 60 2.1 -6020 3186
1423 60 2.1 -6036 3178
1442 60 2.1 -5768 2920
1460 60 2.1 -5940 3132
1479 60 2.1 -6044 3164
1498 60 2.1 -6168 3180
1517 60 2.1 -6024 3184
1537 60 2.1 -6044 3188
1557 60 2.1 -5856 3084
1577 60 2.1 -5800 3022
1597 60 2.1 -6160 3246
1618 60 2.1 -6036 3136
1639 60 2.1 -6028 3168
1660 60 2.1 -5992 3046
1681 60 2.1 -5876 3058
1703 60 2.1 -6104 3168
1725 60 2.1 -6104 3222
1747 60 2.1 -6192 3268
1770 60 2.1 -6016 3174
1792 60 2.1 -6012 3158
1816 60 2.1 -5868 3042
1839 60 2.1 -6060 3176
1863 60 2.1 -6120 3246
1887 60 2.1 -6056 3166
1911 60 2.1 -5920 3104
1936 60 2.1 -6112 3240
1961 60 2.1 -6028 3146
1986 60 2.1 -6092 3240
2012 60 2.1 -6076 3180
2037 60 2.1 -5928 3164
2064 60 2.1 -6100 3188
2090 60 2.1 -5976 3106
2117 60 2.1 -6024 3164
2145 60 2.1 -5864 2908
2172 60 2.1 -5788 2886
2200 60 2.1 -5704 2886
2229 60 2.1 -5956 2890
2257 60 2.1 -5564 2634
2286 60 2.1 -5736 2992
2316 60 2.1 -5884 3110
2346 60 2.1 -6072 3218
2376 60 2.1 -5788 3096
2407 60 2.1 -5920 3144
2438 60 2.1 -6012 3166
2469 60 2.1 -5960 3130
2501 60 2.1 -6128 3226
2533 60 2.1 -5948 3138
2566 60 2.1 -5928 3162
2599 60 2.1 -5960 3136
2633 60 2.1 -5968 3120
2667 60 2.1 -5996 3086
2701 60 2.1 -6004 3162
2736 60 2.1 -5828 2982
2771 60 2.1 -5908 3096
2807 60 2.1 -6024 3196
2843 60 2.1 -6000 3164
2880 60 2.1 -6052 3198
2917 60 2.1 -6116 3204
2954 60 2.1 -6068 3220
2992 60 2.1 -6036 3074
3031 60 2.1 -5964 3140
3070 60 2.1 -5764 3054
3110 60 2.1 -5976 3098
3150 60 2.1 -6136 3224
3190 60 2.1 -5860 3112
3232 60 2.1 -5944 3040
3273 60 2.1 -5724 2970
3315 60 2.1 -6056 3168
3358 60 2.1 -6108 3238
3402 60 2.1 -6156 3238
3445 60 2.1 -5844 3050
3490 60 2.1 -5948 3124
3535 60 2.1 -5880 3118
3580 60 2.1 -6068 3194
3627 60 2.1 -6080 3194
3673 60 2.1 -6072 3212
3721 60 2.1 -5836 3022
3769 60 2.1 -6000 3192
3817 60 2.1 -6296 3296
3867 60 2.1 -5992 3044
3916 60 2.1 -5932 2990
3967 60 2.1 -5912 3110
4018 60 2.1 -5852 3100
4070 60 2.1 -5820 2974
4122 60 2.1 -5948 3146
4176 60 2.1 -6012 3160
4229 60 2.1 -5872 3070
4284 60 2.1 -6100 3150
4339 60 2.1 -5856 3064
4395 60 2.1 -5896 3130
4452 60 2.1 -6160 3190
4509 60 2.1 -5908 3186
4567 60 2.1 -6112 3178
4626 60 2.1 -5704 2882
4686 60 2.1 -6096 3154
4746 60 2.1 -6128 3202
4808 60 2.1 -5844 3044
4870 60 2.1 -5800 3024
4932 60 2.1 -6092 3186
4996 60 2.1 -5908 3034
5060 60 2.1 -6100 3232
5126 60 2.1 -5912 3064
5192 60 2.1 -6108 3176
5259 60 2.1 -5760 3064
5327 60 2.1 -5936 3116
5395 60 2.1 -5872 3082
5465 60 2.1 -6164 3216
5535 60 2.1 -5968 3100
5607 60 2.1 -5948 3142
5679 60 2.1 -6028 3188
5752 60 2.1 -5808 3124
5826 60 2.1 -6108 3154
5902 60 2.1 -6064 3188
5978 60 2.1 -6168 3230
6055 60 2.1 -5976 3124
6133 60 2.1 -5848 3038
6212 60 2.1 -5884 3086
6292 60 2.1 -5824 3008
6373 60 2.1 -5980 3140
6455 60 2.1 -6104 3220
6539 60 2.1 -5960 3148
6623 60 2.1 -6152 3208
6708 60 2.1 -5932 3132
6795 60 2.1 -5976 3158
6883 60 2.1 -6208 3266
6971 60 2.1 -6012 3216
7061 60 2.1 -5952 3114
7152 60 2.1 -5960 3098
7245 60 2.1 -6208 3268
7338 60 2.1 -5980 3104
7433 60 2.1 -5940 2890
7529 60 2.1 -6052 3174
7626 60 2.1 -5720 2984
7724 60 2.1 -6012 3160
7824 60 2.1 -6008 3156
7925 60 2.1 -6008 3094
8027 60 2.1 -5836 3018
8130 60 2.1 -5900 3118
8235 60 2.1 -5776 2922
8341 60 2.1 -6028 3204
8449 60 2.1 -6068 3180
8558 60 2.1 -6064 3088
8668 60 2.1 -5852 3110
8780 60 2.1 -5920 3088
8893 60 2.1 -6144 3274
9008 60 2.1 -5860 3094
9124 60 2.1 -6280 3298
9242 60 2.1 -5960 3198
9361 60 2.1 -6068 3214
9482 60 2.1 -5864 3066
9604 60 2.1 -5852 2960
9728 60 2.1 -6040 3168
9853 60 2.1 -5724 2972
9980 60 2.1 -5860 3030
10109 60 2.1 -6044 3124
10240 60 2.1 -5836 3044
10372 60 2.1 -6140 3194
10505 60 2.1 -5980 3116
10641 60 2.1 -5828 3082
10778 60 2.1 -5912 3050
10917 60 2.1 -6088 3184
11058 60 2.1 -5844 3082
11201 60 2.1 -6056 3170
11345 60 2.1 -5928 3126
11491 60 2.1 -5628 2720
11640 60 2.1 -5996 3166
11790 60 2.1 -6076 3206
11942 60 2.1 -6180 3248
12096 60 2.1 -6288 3298
12252 60 2.1 -6088 3202
12410 60 2.1 -5936 3076
12570 60 2.1 -5896 3116
12732 60 2.1 -6088 3222
12896 60 2.1 -6008 3184
13062 60 2.1 -5864 3082
13231 60 2.1 -5920 3010
13402 60 2.1 -6096 3194
13574 60 2.1 -6004 3148
13750 60 2.1 -5808 2982
13927 60 2.1 -6068 3174
14106 60 2.1 -5656 2780
14288 60 2.1 -5896 3076
14473 60 2.1 -5840 3030
14659 60 2.1 -6048 3138
14848 60 2.1 -6144 3232
15040 60 2.1 -6024 3178
15234 60 2.1 -6108 3154
15430 60 2.1 -5920 3120
15629 60 2.1 -5980 3128
15831 60 2.1 -5968 3148
16035 60 2.1 -5872 3152
16242 60 2.1 -5960 3118
16451 60 2.1 -6136 3210
16664 60 2.1 -5876 3090
16879 60 2.1 -6220 3196
17096 60 2.1 -5772 2954
17317 60 2.1 -5928 3142
17540 60 2.1 -6144 3228
17766 60 2.1 -5960 3100
17995 60 2.1 -6008 3140
18228 60 2.1 -5860 3122
18463 60 2.1 -5768 3078
18701 60 2.1 -6004 3208
18942 60 2.1 -5776 3040
19186 60 2.1 -5980 3148
19434 60 2.1 -5884 3080
19684 60 2.1 -6224 3240
19938 60 2.1 -6020 3180
20195 60 2.1 -5836 3050
20456 60 2.1 -6004 3096
20720 60 2.1 -5996 3088
20987 60 2.1 -5872 3054
21258 60 2.1 -5952 3132
21532 60 2.1 -6164 3220
21810 60 2.1 -5948 3070
22091 60 2.1 -5948 3104
22376 60 2.1 -6040 3174
22664 60 2.1 -6060 3164
22957 60 2.1 -5872 3052
23253 60 2.1 -6028 3112
23553 60 2.1 -6192 3290
23856 60 2.1 -5756 3032
24164 60 2.1 -6076 3144
24476 60 2.1 -6000 3178
24791 60 2.1 -6108 3188
25111 60 2.1 -6008 3176
25435 60 2.1 -6144 3258
25763 60 2.1 -5824 3074
26095 60 2.1 -6108 3236
26432 60 2.1 -5968 3128
26773 60 2.1 -5924 3088
27118 60 2.1 -5876 3110
27468 60 2.1 -6012 3138
27822 60 2.1 -6068 3184
28181 60 2.1 -5976 3150
28545 60 2.1 -6216 3242
28913 60 2.1 -5884 3014
29286 60 2.1 -5936 3110
29663 60 2.1 -6048 3188
30046 60 2.1 -5832 2998
30434 60 2.1 -6100 3200
30826 60 2.1 -6060 3202
31224 60 2.1 -5932 3124
31626 60 2.1 -5948 3060
32034 60 2.1 -5968 3166
32447 60 2.1 -6084 3178
32866 60 2.1 -5968 3092
33290 60 2.1 -6056 3130
33719 60 2.1 -6132 3208
34154 60 2.1 -5988 3144
34595 60 2.1 -5788 3060
35041 60 2.1 -6152 3236
35493 60 2.1 -5988 3098
35951 60 2.1 -5968 3100
36414 60 2.1 -5992 3128
36884 60 2.1 -6120 3232
37360 60 2.1 -5992 3150
37841 60 2.1 -5908 3136
38330 60 2.1 -6200 3192
38824 60 2.1 -5988 3124
39325 60 2.1 -5868 3042
39832 60 2.1 -5892 3030
40346 60 2.1 -5912 3156
40866 60 2.1 -5984 3116
41393 60 2.1 -5984 3096
41927 60 2.1 -6024 3082
42468 60 2.1 -5912 3026
43015 60 2.1 -5944 3070
43570 60 2.1 -5976 3092
44132 60 2.1 -5876 3116
44701 60 2.1 -5984 3160
45278 60 2.1 -5976 3124
45862 60 2.1 -5908 3060
46453 60 2.1 -5844 3082
47053 60 2.1 -5896 3038
47660 60 2.1 -5948 3128
48274 60 2.1 -6072 3202
48897 60 2.1 -6080 3214
49528 60 2.1 -5928 3086
50166 60 2.1 -6072 3160
50813 60 2.1 -6232 3260
51469 60 2.1 -5940 3124
52133 60 2.1 -5896 3022
52805 60 2.1 -5716 2952
53486 60 2.1 -6032 3152
54176 60 2.1 -5868 3100
54875 60 2.1 -6008 3042
55582 60 2.1 -5812 2932
56299 60 2.1 -6004 3140
57025 60 2.1 -5912 3118
57761 60 2.1 -5952 3172
58506 60 2.1 -5964 3074
59261 60 2.1 -5920 3168
60025 60 2.1 -6184 3216
60799 60 2.1 -6012 3168
61583 60 2.1 -6024 3142
62378 60 2.1 -6000 3158
63182 60 2.1 -5880 3106
63997 60 2.1 -6036 3058
64822 60 2.1 -5948 3126
65658 60 2.1 -6144 3166
66505 60 2.1 -5976 3188
67363 60 2.1 -6080 3176
68232 60 2.1 -6016 3156
69112 60 2.1 -6044 3192
70003 60 2.1 -6180 3216
70906 60 2.1 -5992 3204
71821 60 2.1 -6012 3140
72747 60 2.1 -5872 2916
73685 60 2.1 -6064 3180
74636 60 2.1 -5912 3140
75599 60 2.1 -5792 3018
76574 60 2.1 -5836 3090
77561 60 2.1 -5956 3172
78562 60 2.1 -5980 3066
79575 60 2.1 -5776 3002
80601 60 2.1 -5780 3032
81641 60 2.1 -5960 3126
82694 60 2.1 -6232 3244
83760 60 2.1 -6020 3130
84841 60 2.1 -5904 3134
85935 60 2.1 -6268 3252
87043 60 2.1 -6132 3220
88166 60 2.1 -5900 3050
89303 60 2.1 -5920 3138
90455 60 2.1 -6020 3134
91622 60 2.1 -6060 3220
92803 60 2.1 -5968 3158
94000 60 2.1 -6032 3162
95213 60 2.1 -5936 3152
96441 60 2.1 -6028 3126
97685 60 2.1 -6164 3248
98945 60 2.1 -6036 3112
100221 60 2.1 -6088 3156
101513 60 2.1 -5748 3062
102823 60 2.1 -5780 2960
104149 60 2.1 -6080 3144
105492 60 2.1 -5920 2936
106853 60 2.1 -6116 3252
108231 60 2.1 -6032 3208
109627 60 2.1 -5912 3090
111041 60 2.1 -6296 3304
112473 60 2.1 -5848 3068
113924 60 2.1 -5916 3116
115393 60 2.1 -5968 3166
116882 60 2.1 -5920 3088
118389 60 2.1 -5832 3058
119916 60 2.1 -6072 3190
121463 60 2.1 -5992 3176
123029 60 2.1 -5856 3130
124616 60 2.1 -6104 3158
126224 60 2.1 -6028 3164
127852 60 2.1 -5800 3062
129501 60 2.1 -6120 3206
131171 60 2.1 -5884 3136
132863 60 2.1 -5824 3114
134576 60 2.1 -6092 3176
136312 60 2.1 -6060 3204
138070 60 2.1 -5940 3108
139851 60 2.1 -5900 3096
141655 60 2.1 -5948 3114
143482 60 2.1 -5868 3078
145333 60 2.1 -5832 2978
147207 60 2.1 -6060 3206
149106 60 2.1 -6008 3164
151029 60 2.1 -5980 3156
152977 60 2.1 -6004 3188
154950 60 2.1 -6092 3208
156948 60 2.1 -6080 3208
158973 60 2.1 -5976 3150
161023 60 2.1 -5936 3020
163100 60 2.1 -5904 3096
165204 60 2.1 -5908 3118
167334 60 2.1 -6100 3234
169493 60 2.1 -5976 3052
171679 60 2.1 -5992 3130
173893 60 2.1 -6096 3192
176136 60 2.1 -5924 3044
178408 60 2.1 -5972 3006
180709 60 2.1 -6120 3200
183040 60 2.1 -6100 3212
185400 60 2.1 -6028 3008
187792 60 2.1 -6100 3168
190214 60 2.1 -6016 3134
192667 60 2.1 -5920 3040
195152 60 2.1 -6040 3178
197669 60 2.1 -5996 3126
200219 60 2.1 -5948 3140
202801 60 2.1 -6020 3092
205417 60 2.1 -6152 3254
208066 60 2.1 -6084 3242
210750 60 2.1 -5796 3000
213468 60 2.1 -5980 3166
216222 60 2.1 -5952 3082
219010 60 2.1 -6092 3216
221835 60 2.1 -6148 3232
224696 60 2.1 -6208 3292
227595 60 2.1 -6032 3164
230530 60 2.1 -6036 3176
233503 60 2.1 -5880 3094
236515 60 2.1 -5856 3086
239566 60 2.1 -6208 3258
242656 60 2.1 -6092 3142
245785 60 2.1 -5972 3146
248956 60 2.1 -5892 3066
252167 60 2.1 -5988 3154
255419 60 2.1 -6044 3210
258713 60 2.1 -5804 2980
262050 60 2.1 -6100 3152
265430 60 2.1 -5800 2984
268854 60 2.1 -6100 3204
272321 60 2.1 -5984 3174
275834 60 2.1 -6028 3206
279391 60 2.1 -5860 3060
282995 60 2.1 -6084 3178
286645 60 2.1 -6000 3168
290342 60 2.1 -5992 3182
294087 60 2.1 -5692 3006
297880 60 2.1 -5964 3106
301722 60 2.1 -6044 3188
305614 60 2.1 -6020 3090
309556 60 2.1 -5948 3164
313548 60 2.1 -5880 3090
317592 60 2.1 -5836 3040
321689 60 2.1 -6096 3222
325838 60 2.1 -6020 3112
330040 60 2.1 -6004 3166
334297 60 2.1 -6176 3262
338609 60 2.1 -6024 3132
342976 60 2.1 -6144 3224
347400 60 2.1 -5968 3094
351881 60 2.1 -5948 3102
356419 60 2.1 -5976 3058
361016 60 2.1 -5996 3170
365673 60 2.1 -6032 3094
370389 60 2.1 -5996 3102
375167 60 2.1 -5944 3072
380005 60 2.1 -5940 3132
384907 60 2.1 -6112 3228
389871 60 2.1 -6044 3154
394900 60 2.1 -6148 3248
399993 60 2.1 -5984 3082
405152 60 2.1 -6104 3214
410378 60 2.1 -5768 3054
415671 60 2.1 -5920 3098
421032 60 2.1 -6052 3160
426463 60 2.1 -5884 3070
431963 60 2.1 -6064 3202
437535 60 2.1 -5948 3160
443178 60 2.1 -5952 3128
448894 60 2.1 -5912 3110
454684 60 2.1 -5808 2942
460548 60 2.1 -6156 3248
466489 60 2.1 -5836 3118
472505 60 2.1 -5984 3142
478600 60 2.1 -5804 3078
484773 60 2.1 -6060 3196
491025 60 2.1 -6012 3144
497358 60 2.1 -5848 2972
503773 60 2.1 -6016 3142
510271 60 2.1 -5968 3108
516852 60 2.1 -5984 3086
523519 60 2.1 -5928 3106
530271 60 2.1 -6108 3214
537111 60 2.1 -6084 3208
544038 60 2.1 -6088 3200
551055 60 2.1 -5992 3158
558163 60 2.1 -5964 3110
565362 60 2.1 -6028 3110
572654 60 2.1 -5920 3148
580040 60 2.1 -6020 3152
587521 60 2.1 -5996 3164
595099 60 2.1 -6104 3214
602775 60 2.1 -6096 3216
610549 60 2.1 -6056 3216
618424 60 2.1 -6136 3206
626400 60 2.1 -5860 3088
634480 60 2.1 -5968 3172
642663 60 2.1 -6032 3146
650952 60 2.1 -6204 3270
659348 60 2.1 -6100 3164
667853 60 2.1 -6076 3170
676467 60 2.1 -6040 3140
685192 60 2.1 -5916 3146
694029 60 2.1 -5796 2988
702981 60 2.1 -6060 3224
712048 60 2.1 -5928 3150
721232 60 2.1 -6032 3234
730534 60 2.1 -6008 3144
739957 60 2.1 -6044 3138
749500 60 2.1 -5860 3090
759168 60 2.1 -5892 3096
768959 60 2.1 -6112 3214
778877 60 2.1 -5824 3004
788923 60 2.1 -6044 3140
799099 60 2.1 -6048 3192
809405 60 2.1 -5952 3140
819845 60 2.1 -6000 3172
830419 60 2.1 -5740 3014
841130 60 2.1 -6060 3208
851979 60 2.1 -5888 3052
862968 60 2.1 -6016 3122
874098 60 2.1 -6180 3230
885373 60 2.1 -6024 3152
896792 60 2.1 -5824 3046
908359 60 2.1 -5964 3140
920075 60 2.1 -6024 3128
931942 60 2.1 -5924 3112
943962 60 2.1 -5988 3182
956137 60 2.1 -6020 3138
968470 60 2.1 -5988 3086
980961 60 2.1 -6072 3182
993613 60 2.1 -6176 3228
999999 60 2.1 -6000 3184
