3 20 2.2 -672 354
4 20 2.2 -644 340
5 20 2.2 -584 328
6 20 2.2 -672 356
7 20 2.2 -676 350
8 20 2.2 -676 358
9 20 2.2 -636 348
10 20 2.2 -632 338
11 20 2.2 -652 338
12 20 2.2 -644 342
13 20 2.2 -664 354
14 20 2.2 -676 362
15 20 2.2 -660 356
16 20 2.2 -608 338
17 20 2.2 -644 350
18 20 2.2 -668 356
19 20 2.2 -616 338
20 20 2.2 -636 344
21 20 2.2 -652 358
22 20 2.2 -636 348
23 20 2.2 -596 322
24 20 2.2 -588 298
25 20 2.2 -612 304
26 20 2.2 -576 308
27 20 2.2 -644 334
28 20 2.2 -608 322
29 20 2.2 -616 334
30 20 2.2 -636 334
31 20 2.2 -612 338
32 20 2.2 -612 340
33 20 2.2 -672 362
34 20 2.2 -632 346
35 20 2.2 -632 338
36 20 2.2 -632 344
37 20 2.2 -588 308
38 20 2.2 -616 334
39 20 2.2 -624 334
40 20 2.2 -632 342
41 20 2.2 -600 328
42 20 2.2 -612 334
43 20 2.2 -636 334
44 20 2.2 -612 318
45 20 2.2 -576 304
46 20 2.2 -608 322
47 20 2.2 -612 318
48 20 2.2 -624 316
49 20 2.2 -644 338
50 20 2.2 -616 314
51 20 2.2 -620 326
52 20 2.2 -632 330
53 20 2.2 -628 332
54 20 2.2 -664 352
55 20 2.2 -676 354
56 20 2.2 -604 328
57 20 2.2 -640 334
58 20 2.2 -640 350
59 20 2.2 -656 350
60 20 2.2 -584 312
61 20 2.2 -604 328
62 20 2.2 -612 328
63 20 2.2 -612 320
64 20 2.2 -592 316
65 20 2.2 -636 334
66 20 2.2 -600 330
67 20 2.2 -588 332
68 20 2.2 -600 328
69 20 2.2 -600 320
70 20 2.2 -628 334
71 20 2.2 -648 338
72 20 2.2 -632 334
73 20 2.2 -580 310
74 20 2.2 -644 342
75 20 2.2 -616 336
76 20 2.2 -696 368
77 20 2.2 -708 372
78 20 2.2 -680 362
79 20 2.2 -676 362
80 20 2.2 -656 354
81 20 2.2 -656 348
82 20 2.2 -676 362
83 20 2.2 -684 362
84 20 2.2 -680 360
85 20 2.2 -612 324
86 20 2.2 -616 330
88 20 2.2 -656 348
89 20 2.2 -624 344
90 20 2.2 -708 372
91 20 2.2 -688 368
92 20 2.2 -700 374
93 20 2.2 -688 366
95 20 2.2 -652 350
96 20 2.2 -660 350
97 20 2.2 -652 352
98 20 2.2 -644 348
99 20 2.2 -716 376
101 20 2.2 -688 370
102 20 2.2 -680 364
103 20 2.2 -656 350
105 20 2.2 -660 354
106 20 2.2 -632 338
107 20 2.2 -612 330
109 20 2.2 -636 344
110 20 2.2 -604 330
112 20 2.2 -620 320
113 20 2.2 -580 288
114 20 2.2 -540 266
116 20 2.2 -580 260
117 20 2.2 -536 256
119 20 2.2 -560 244
120 20 2.2 -568 256
122 20 2.2 -592 286
124 20 2.2 -604 284
125 20 2.2 -568 262
127 20 2.2 -560 210
128 20 2.2 -576 254
130 20 2.2 -592 270
132 20 2.2 -556 270
133 20 2.2 -632 312
135 20 2.2 -636 300
137 20 2.2 -592 312
139 20 2.2 -564 308
140 20 2.2 -552 298
142 20 2.2 -588 308
144 20 2.2 -652 340
146 20 2.2 -660 344
148 20 2.2 -672 350
150 20 2.2 -660 352
152 20 2.2 -644 338
154 20 2.2 -632 324
155 20 2.2 -644 328
157 20 2.2 -604 292
160 20 2.2 -580 292
162 20 2.2 -552 268
164 20 2.2 -568 272
166 20 2.2 -548 282
168 20 2.2 -588 296
170 20 2.2 -508 282
172 20 2.2 -560 286
174 20 2.2 -548 270
177 20 2.2 -604 294
179 20 2.2 -588 312
181 20 2.2 -624 316
184 20 2.2 -652 326
186 20 2.2 -628 324
188 20 2.2 -592 314
191 20 2.2 -628 324
193 20 2.2 -604 324
196 20 2.2 -676 350
198 20 2.2 -704 368
201 20 2.2 -672 364
203 20 2.2 -604 326
206 20 2.2 -688 362
209 20 2.2 -620 346
211 20 2.2 -624 330
214 20 2.2 -668 346
217 20 2.2 -632 334
220 20 2.2 -576 320
222 20 2.2 -636 352
225 20 2.2 -616 344
228 20 2.2 -644 330
231 20 2.2 -628 314
234 20 2.2 -648 308
237 20 2.2 -536 274
240 20 2.2 -628 300
243 20 2.2 -572 270
246 20 2.2 -584 276
250 20 2.2 -564 276
253 20 2.2 -568 244
256 20 2.2 -592 258
259 20 2.2 -580 260
263 20 2.2 -564 216
266 20 2.2 -588 244
269 20 2.2 -584 214
273 20 2.2 -536 176
276 20 2.2 -564 182
280 20 2.2 -628 258
284 20 2.2 -568 228
287 20 2.2 -576 276
291 20 2.2 -608 284
295 20 2.2 -588 290
298 20 2.2 -564 264
302 20 2.2 -552 278
306 20 2.2 -592 296
310 20 2.2 -612 298
314 20 2.2 -612 292
318 20 2.2 -580 262
322 20 2.2 -556 226
326 20 2.2 -500 186
331 20 2.2 -480 160
335 20 2.2 -512 178
339 20 2.2 -552 222
344 20 2.2 -612 194
348 20 2.2 -580 172
352 20 2.2 -580 236
357 20 2.2 -536 222
362 20 2.2 -644 286
366 20 2.2 -612 310
371 20 2.2 -588 320
376 20 2.2 -572 318
381 20 2.2 -684 358
385 20 2.2 -664 348
390 20 2.2 -616 334
395 20 2.2 -616 314
401 20 2.2 -536 268
406 20 2.2 -576 262
411 20 2.2 -608 314
416 20 2.2 -584 292
422 20 2.2 -552 294
427 20 2.2 -576 308
433 20 2.2 -660 356
438 20 2.2 -640 344
444 20 2.2 -696 370
449 20 2.2 -632 344
455 20 2.2 -648 346
461 20 2.2 -628 336
467 20 2.2 -628 320
473 20 2.2 -664 356
479 20 2.2 -620 342
485 20 2.2 -648 350
492 20 2.2 -656 352
498 20 2.2 -644 338
504 20 2.2 -640 348
511 20 2.2 -624 324
517 20 2.2 -572 318
524 20 2.2 -604 298
531 20 2.2 -560 276
538 20 2.2 -620 310
545 20 2.2 -548 284
552 20 2.2 -588 272
559 20 2.2 -532 216
566 20 2.2 -540 244
573 20 2.2 -588 236
581 20 2.2 -592 240
588 20 2.2 -556 230
596 20 2.2 -568 242
603 20 2.2 -624 296
611 20 2.2 -580 292
619 20 2.2 -608 314
627 20 2.2 -676 360
635 20 2.2 -628 334
643 20 2.2 -652 354
652 20 2.2 -680 362
660 20 2.2 -636 338
668 20 2.2 -660 354
677 20 2.2 -604 320
686 20 2.2 -628 334
695 20 2.2 -692 368
704 20 2.2 -616 326
713 20 2.2 -712 372
722 20 2.2 -640 348
731 20 2.2 -672 360
741 20 2.2 -724 376
750 20 2.2 -648 352
760 20 2.2 -652 354
770 20 2.2 -616 338
780 20 2.2 -704 368
790 20 2.2 -632 346
800 20 2.2 -656 336
810 20 2.2 -644 336
821 20 2.2 -712 368
831 20 2.2 -668 358
842 20 2.2 -640 342
853 20 2.2 -620 334
864 20 2.2 -600 338
875 20 2.2 -624 302
886 20 2.2 -580 302
897 20 2.2 -640 344
909 20 2.2 -672 358
921 20 2.2 -612 328
933 20 2.2 -620 316
945 20 2.2 -632 292
957 20 2.2 -560 262
969 20 2.2 -656 326
982 20 2.2 -616 310
994 20 2.2 -584 282
1007 20 2.2 -568 290
1020 20 2.2 -632 318
1033 20 2.2 -636 338
1047 20 2.2 -660 354
1060 20 2.2 -620 332
1074 20 2.2 -656 352
1088 20 2.2 -624 342
1102 20 2.2 -612 330
1116 20 2.2 -704 368
1130 20 2.2 -656 352
1145 20 2.2 -604 304
1160 20 2.2 -632 352
1174 20 2.2 -664 354
1190 20 2.2 -628 344
1205 20 2.2 -620 316
1220 20 2.2 -648 330
1236 20 2.2 -636 350
1252 20 2.2 -672 362
1268 20 2.2 -728 378
1285 20 2.2 -540 270
1301 20 2.2 -564 288
1318 20 2.2 -616 282
1335 20 2.2 -604 290
1352 20 2.2 -724 372
1370 20 2.2 -644 354
1387 20 2.2 -704 374
1405 20 2.2 -648 342
1423 20 2.2 -608 312
1442 20 2.2 -596 240
1460 20 2.2 -640 338
1479 20 2.2 -716 374
1498 20 2.2 -732 374
1517 20 2.2 -684 360
1537 20 2.2 -624 348
1557 20 2.2 -612 308
1577 20 2.2 -700 358
1597 20 2.2 -628 342
1618 20 2.2 -600 334
1639 20 2.2 -644 348
1660 20 2.2 -584 310
1681 20 2.2 -588 316
1703 20 2.2 -616 306
1725 20 2.2 -616 326
1747 20 2.2 -560 270
1770 20 2.2 -660 340
1792 20 2.2 -616 316
1816 20 2.2 -584 292
1839 20 2.2 -644 342
1863 20 2.2 -664 336
1887 20 2.2 -660 352
1911 20 2.2 -656 358
1936 20 2.2 -624 326
1961 20 2.2 -620 308
1986 20 2.2 -656 352
2012 20 2.2 -608 328
2037 20 2.2 -680 356
2064 20 2.2 -656 360
2090 20 2.2 -592 304
2117 20 2.2 -692 360
2145 20 2.2 -592 300
2172 20 2.2 -680 336
2200 20 2.2 -544 168
2229 20 2.2 -496 188
2257 20 2.2 -628 326
2286 20 2.2 -620 294
2316 20 2.2 -580 300
2346 20 2.2 -620 290
2376 20 2.2 -620 334
2407 20 2.2 -656 352
2438 20 2.2 -580 258
2469 20 2.2 -652 344
2501 20 2.2 -676 360
2533 20 2.2 -632 344
2566 20 2.2 -600 324
2599 20 2.2 -656 354
2633 20 2.2 -644 348
2667 20 2.2 -660 336
2701 20 2.2 -680 358
2736 20 2.2 -680 364
2771 20 2.2 -652 350
2807 20 2.2 -644 338
2843 20 2.2 -596 298
2880 20 2.2 -536 266
2917 20 2.2 -664 352
2954 20 2.2 -560 284
2992 20 2.2 -668 354
3031 20 2.2 -704 360
3070 20 2.2 -644 342
3110 20 2.2 -628 344
3150 20 2.2 -548 194
3190 20 2.2 -560 194
3232 20 2.2 -584 326
3273 20 2.2 -668 348
3315 20 2.2 -672 360
3358 20 2.2 -612 338
3402 20 2.2 -628 336
3445 20 2.2 -628 314
3490 20 2.2 -536 252
3535 20 2.2 -652 340
3580 20 2.2 -632 342
3627 20 2.2 -588 300
3673 20 2.2 -656 338
3721 20 2.2 -556 284
3769 20 2.2 -568 256
3817 20 2.2 -664 350
3867 20 2.2 -656 344
3916 20 2.2 -648 346
3967 20 2.2 -560 312
4018 20 2.2 -656 342
4070 20 2.2 -584 324
4122 20 2.2 -556 248
4176 20 2.2 -632 348
4229 20 2.2 -580 286
4284 20 2.2 -668 360
4339 20 2.2 -588 302
4395 20 2.2 -532 302
4452 20 2.2 -636 342
4509 20 2.2 -592 310
4567 20 2.2 -660 358
4626 20 2.2 -648 350
4686 20 2.2 -660 350
4746 20 2.2 -664 360
4808 20 2.2 -676 356
4870 20 2.2 -648 352
4932 20 2.2 -616 314
4996 20 2.2 -632 330
5060 20 2.2 -584 240
5126 20 2.2 -684 366
5192 20 2.2 -652 330
5259 20 2.2 -592 290
5327 20 2.2 -648 358
5395 20 2.2 -600 330
5465 20 2.2 -600 310
5535 20 2.2 -704 368
5607 20 2.2 -608 336
5679 20 2.2 -548 286
5752 20 2.2 -672 364
5826 20 2.2 -652 354
5902 20 2.2 -672 354
5978 20 2.2 -640 340
6055 20 2.2 -624 340
6133 20 2.2 -628 340
6212 20 2.2 -696 364
6292 20 2.2 -612 336
6373 20 2.2 -612 338
6455 20 2.2 -640 354
6539 20 2.2 -628 330
6623 20 2.2 -624 332
6708 20 2.2 -604 332
6795 20 2.2 -596 326
6883 20 2.2 -644 346
6971 20 2.2 -536 264
7061 20 2.2 -608 298
7152 20 2.2 -600 322
7245 20 2.2 -696 366
7338 20 2.2 -732 382
7433 20 2.2 -632 328
7529 20 2.2 -612 322
7626 20 2.2 -624 330
7724 20 2.2 -668 360
7824 20 2.2 -644 342
7925 20 2.2 -584 314
8027 20 2.2 -672 358
8130 20 2.2 -672 358
8235 20 2.2 -560 240
8341 20 2.2 -656 346
8449 20 2.2 -588 298
8558 20 2.2 -656 352
8668 20 2.2 -568 276
8780 20 2.2 -596 330
8893 20 2.2 -648 354
9008 20 2.2 -620 340
9124 20 2.2 -644 350
9242 20 2.2 -560 278
9361 20 2.2 -592 314
9482 20 2.2 -556 308
9604 20 2.2 -636 340
9728 20 2.2 -640 348
9853 20 2.2 -636 344
9980 20 2.2 -648 334
10109 20 2.2 -656 354
10240 20 2.2 -684 364
10372 20 2.2 -548 290
10505 20 2.2 -516 260
10641 20 2.2 -680 362
10778 20 2.2 -632 334
10917 20 2.2 -584 308
11058 20 2.2 -680 362
11201 20 2.2 -664 346
11345 20 2.2 -620 322
11491 20 2.2 -684 358
11640 20 2.2 -624 340
11790 20 2.2 -608 318
11942 20 2.2 -684 366
12096 20 2.2 -636 344
12252 20 2.2 -640 334
12410 20 2.2 -620 338
12570 20 2.2 -580 290
12732 20 2.2 -676 360
12896 20 2.2 -728 380
13062 20 2.2 -644 318
13231 20 2.2 -708 376
13402 20 2.2 -644 352
13574 20 2.2 -664 360
13750 20 2.2 -680 364
13927 20 2.2 -632 340
14106 20 2.2 -652 322
14288 20 2.2 -696 366
14473 20 2.2 -608 326
14659 20 2.2 -688 346
14848 20 2.2 -624 326
15040 20 2.2 -672 362
15234 20 2.2 -684 358
15430 20 2.2 -572 302
15629 20 2.2 -668 362
15831 20 2.2 -652 360
16035 20 2.2 -604 326
16242 20 2.2 -628 328
16451 20 2.2 -636 332
16664 20 2.2 -512 250
16879 20 2.2 -624 340
17096 20 2.2 -644 354
17317 20 2.2 -652 350
17540 20 2.2 -584 278
17766 20 2.2 -664 358
17995 20 2.2 -516 190
18228 20 2.2 -604 288
18463 20 2.2 -580 326
18701 20 2.2 -640 334
18942 20 2.2 -640 332
19186 20 2.2 -664 350
19434 20 2.2 -588 272
19684 20 2.2 -544 268
19938 20 2.2 -616 332
20195 20 2.2 -692 362
20456 20 2.2 -640 342
20720 20 2.2 -668 350
20987 20 2.2 -700 370
21258 20 2.2 -572 316
21532 20 2.2 -572 312
21810 20 2.2 -584 280
22091 20 2.2 -692 362
22376 20 2.2 -656 342
22664 20 2.2 -640 340
22957 20 2.2 -656 356
23253 20 2.2 -644 340
23553 20 2.2 -632 328
23856 20 2.2 -616 282
24164 20 2.2 -652 306
24476 20 2.2 -608 310
24791 20 2.2 -632 346
25111 20 2.2 -620 320
25435 20 2.2 -564 288
25763 20 2.2 -604 322
26095 20 2.2 -616 324
26432 20 2.2 -616 340
26773 20 2.2 -572 320
27118 20 2.2 -488 58
27468 20 2.2 -604 -304
27822 20 2.2 -640 -350
28181 20 2.2 -592 -322
28545 20 2.2 -468 -216
28913 20 2.2 -664 -350
29286 20 2.2 -524 -286
29663 20 2.2 -680 -358
30046 20 2.2 -684 -364
30434 20 2.2 -660 -356
30826 20 2.2 -600 -334
31224 20 2.2 -624 -334
31626 20 2.2 -652 -340
32034 20 2.2 -684 -330
32447 20 2.2 -564 -278
32866 20 2.2 -676 -358
33290 20 2.2 -692 -372
33719 20 2.2 -632 -344
34154 20 2.2 -552 -212
34595 20 2.2 -612 -310
35041 20 2.2 -568 -306
35493 20 2.2 -656 -338
35951 20 2.2 -600 -320
36414 20 2.2 -696 -366
36884 20 2.2 -520 -142
37360 20 2.2 -616 -336
37841 20 2.2 -644 -336
38330 20 2.2 -616 -328
38824 20 2.2 -548 -220
39325 20 2.2 -568 -248
39832 20 2.2 -688 -362
40346 20 2.2 -604 -294
40866 20 2.2 -680 -358
41393 20 2.2 -668 -358
41927 20 2.2 -576 -276
42468 20 2.2 -648 350
43015 20 2.2 -512 272
43570 20 2.2 -632 344
44132 20 2.2 -588 188
44701 20 2.2 -692 356
45278 20 2.2 -620 332
45862 20 2.2 -556 260
46453 20 2.2 -660 360
47053 20 2.2 -652 350
47660 20 2.2 -648 350
48274 20 2.2 -660 354
48897 20 2.2 -588 224
49528 20 2.2 -448 118
50166 20 2.2 -460 20
50813 20 2.2 -684 -358
51469 20 2.2 -644 -340
52133 20 2.2 -580 -292
52805 20 2.2 -664 -358
53486 20 2.2 -548 -274
54176 20 2.2 -648 -348
54875 20 2.2 -580 -206
55582 20 2.2 -600 -316
56299 20 2.2 -568 -252
57025 20 2.2 -604 -322
57761 20 2.2 -648 -354
58506 20 2.2 -560 -294
59261 20 2.2 -692 350
60025 20 2.2 -592 312
60799 20 2.2 -612 316
61583 20 2.2 -688 358
62378 20 2.2 -596 332
63182 20 2.2 -668 360
63997 20 2.2 -592 284
64822 20 2.2 -680 350
65658 20 2.2 -688 356
66505 20 2.2 -588 276
67363 20 2.2 -676 360
68232 20 2.2 -628 214
69112 20 2.2 -700 372
70003 20 2.2 -648 324
70906 20 2.2 -680 362
71821 20 2.2 -700 362
72747 20 2.2 -688 368
73685 20 2.2 -624 336
74636 20 2.2 -616 342
75599 20 2.2 -672 338
76574 20 2.2 -564 280
77561 20 2.2 -572 294
78562 20 2.2 -668 354
79575 20 2.2 -688 -360
80601 20 2.2 -632 -334
81641 20 2.2 -628 -324
82694 20 2.2 -668 -354
83760 20 2.2 -700 -374
84841 20 2.2 -576 -314
85935 20 2.2 -656 -342
87043 20 2.2 -612 -334
88166 20 2.2 -656 -356
89303 20 2.2 -536 -302
90455 20 2.2 -704 -370
91622 20 2.2 -628 -330
92803 20 2.2 -648 -338
94000 20 2.2 -564 -282
95213 20 2.2 -708 -374
96441 20 2.2 -624 -322
97685 20 2.2 -660 -356
98945 20 2.2 -568 -276
100221 20 2.2 -600 -334
101513 20 2.2 -676 -350
102823 20 2.2 -496 224
104149 20 2.2 -560 314
105492 20 2.2 -660 -352
106853 20 2.2 -564 -238
108231 20 2.2 -628 -332
109627 20 2.2 -572 316
111041 20 2.2 -688 366
112473 20 2.2 -616 330
113924 20 2.2 -556 310
115393 20 2.2 -492 264
116882 20 2.2 -588 318
118389 20 2.2 -624 312
119916 20 2.2 -648 352
121463 20 2.2 -516 110
123029 20 2.2 -668 -360
124616 20 2.2 -624 -300
126224 20 2.2 -560 -260
127852 20 2.2 -604 -328
129501 20 2.2 -568 230
131171 20 2.2 -548 308
132863 20 2.2 -668 354
134576 20 2.2 -560 242
136312 20 2.2 -524 138
138070 20 2.2 -612 322
139851 20 2.2 -708 374
141655 20 2.2 -568 294
143482 20 2.2 -632 322
145333 20 2.2 -604 278
147207 20 2.2 -628 184
149106 20 2.2 -624 342
151029 20 2.2 -548 262
152977 20 2.2 -556 178
154950 20 2.2 -652 -344
156948 20 2.2 -688 -356
158973 20 2.2 -572 -308
161023 20 2.2 -612 340
163100 20 2.2 -620 322
165204 20 2.2 -608 -324
167334 20 2.2 -632 -342
169493 20 2.2 -680 -364
171679 20 2.2 -656 -354
173893 20 2.2 -648 -342
176136 20 2.2 -652 -352
178408 20 2.2 -652 -342
180709 20 2.2 -624 -336
183040 20 2.2 -588 -310
185400 20 2.2 -668 354
187792 20 2.2 -656 320
190214 20 2.2 -616 340
192667 20 2.2 -584 288
195152 20 2.2 -612 -338
197669 20 2.2 -624 -332
200219 20 2.2 -660 -354
202801 20 2.2 -616 -320
205417 20 2.2 -640 -354
208066 20 2.2 -612 -306
210750 20 2.2 -628 -330
213468 20 2.2 -676 -336
216222 20 2.2 -528 -220
219010 20 2.2 -536 -222
221835 20 2.2 -476 -134
224696 20 2.2 -616 -340
227595 20 2.2 -688 -368
230530 20 2.2 -684 -360
233503 20 2.2 -636 -348
236515 20 2.2 -612 -314
239566 20 2.2 -676 -362
242656 20 2.2 -620 -338
245785 20 2.2 -680 -364
248956 20 2.2 -588 -324
252167 20 2.2 -632 -276
255419 20 2.2 -628 -328
258713 20 2.2 -568 -314
262050 20 2.2 -640 -340
265430 20 2.2 -600 -332
268854 20 2.2 -632 -344
272321 20 2.2 -540 -240
275834 20 2.2 -616 -336
279391 20 2.2 -592 -330
282995 20 2.2 -632 -348
286645 20 2.2 -584 -286
290342 20 2.2 -588 -274
294087 20 2.2 -668 -366
297880 20 2.2 -616 -344
301722 20 2.2 -620 -336
305614 20 2.2 -704 -370
309556 20 2.2 -636 336
313548 20 2.2 -592 -290
317592 20 2.2 -608 -324
321689 20 2.2 -612 330
325838 20 2.2 -612 340
330040 20 2.2 -704 374
334297 20 2.2 -636 332
338609 20 2.2 -584 258
342976 20 2.2 -612 330
347400 20 2.2 -616 334
351881 20 2.2 -688 350
356419 20 2.2 -548 286
361016 20 2.2 -600 -324
365673 20 2.2 -620 -332
370389 20 2.2 -480 204
375167 20 2.2 -552 -12
380005 20 2.2 -668 -362
384907 20 2.2 -604 -326
389871 20 2.2 -544 282
394900 20 2.2 -612 -330
399993 20 2.2 -576 -212
405152 20 2.2 -616 -332
410378 20 2.2 -628 326
415671 20 2.2 -636 -342
421032 20 2.2 -644 -352
426463 20 2.2 -520 254
431963 20 2.2 -604 334
437535 20 2.2 -592 302
443178 20 2.2 -532 278
448894 20 2.2 -524 -218
454684 20 2.2 -680 366
460548 20 2.2 -604 -334
466489 20 2.2 -592 328
472505 20 2.2 -712 376
478600 20 2.2 -536 286
484773 20 2.2 -648 336
491025 20 2.2 -516 224
497358 20 2.2 -544 238
503773 20 2.2 -524 -136
510271 20 2.2 -624 -328
516852 20 2.2 -612 328
523519 20 2.2 -548 244
530271 20 2.2 -660 324
537111 20 2.2 -612 254
544038 20 2.2 -636 344
551055 20 2.2 -560 268
558163 20 2.2 -496 288
565362 20 2.2 -672 344
572654 20 2.2 -604 -314
580040 20 2.2 -640 334
587521 20 2.2 -684 360
595099 20 2.2 -564 288
602775 20 2.2 -620 338
610549 20 2.2 -660 354
618424 20 2.2 -692 372
626400 20 2.2 -576 278
634480 20 2.2 -516 -234
642663 20 2.2 -620 -318
650952 20 2.2 -640 -352
659348 20 2.2 -636 -344
667853 20 2.2 -552 -264
676467 20 2.2 -616 -322
685192 20 2.2 -524 -278
694029 20 2.2 -604 -330
702981 20 2.2 -612 322
712048 20 2.2 -692 368
721232 20 2.2 -612 334
730534 20 2.2 -536 246
739957 20 2.2 -648 338
749500 20 2.2 -648 354
759168 20 2.2 -496 -166
768959 20 2.2 -500 228
778877 20 2.2 -644 -316
788923 20 2.2 -676 -362
799099 20 2.2 -600 -320
809405 20 2.2 -616 310
819845 20 2.2 -700 -370
830419 20 2.2 -664 -326
841130 20 2.2 -620 -352
851979 20 2.2 -604 -330
862968 20 2.2 -628 344
874098 20 2.2 -704 366
885373 20 2.2 -732 -382
896792 20 2.2 -644 -312
908359 20 2.2 -620 330
920075 20 2.2 -660 358
931942 20 2.2 -628 324
943962 20 2.2 -640 310
956137 20 2.2 -648 -338
968470 20 2.2 -640 354
980961 20 2.2 -528 246
993613 20 2.2 -644 350
999999 20 2.2 -600 -318
