3 20 2.4 -640 350
4 20 2.4 -580 324
5 20 2.4 -564 320
6 20 2.4 -520 294
7 20 2.4 -512 288
8 20 2.4 -532 274
9 20 2.4 -548 288
10 20 2.4 -544 288
11 20 2.4 -540 268
12 20 2.4 -488 258
13 20 2.4 -516 262
14 20 2.4 -560 276
15 20 2.4 -568 286
16 20 2.4 -580 298
17 20 2.4 -580 306
18 20 2.4 -588 310
19 20 2.4 -576 282
20 20 2.4 -524 270
21 20 2.4 -456 256
22 20 2.4 -492 262
23 20 2.4 -560 290
24 20 2.4 -572 302
25 20 2.4 -552 268
26 20 2.4 -576 290
27 20 2.4 -568 282
28 20 2.4 -556 242
29 20 2.4 -492 234
30 20 2.4 -528 252
31 20 2.4 -556 240
32 20 2.4 -524 224
33 20 2.4 -552 222
34 20 2.4 -532 218
35 20 2.4 -568 224
36 20 2.4 -564 232
37 20 2.4 -516 212
38 20 2.4 -532 212
39 20 2.4 -568 230
40 20 2.4 -624 248
41 20 2.4 -600 278
42 20 2.4 -564 274
43 20 2.4 -532 266
44 20 2.4 -512 254
45 20 2.4 -464 228
46 20 2.4 -484 256
47 20 2.4 -524 276
48 20 2.4 -472 270
49 20 2.4 -468 246
50 20 2.4 -496 256
51 20 2.4 -520 260
52 20 2.4 -520 262
53 20 2.4 -488 242
54 20 2.4 -512 240
55 20 2.4 -524 246
56 20 2.4 -520 220
57 20 2.4 -484 232
58 20 2.4 -480 232
59 20 2.4 -508 244
60 20 2.4 -592 282
61 20 2.4 -552 250
62 20 2.4 -564 268
63 20 2.4 -572 256
64 20 2.4 -492 222
65 20 2.4 -508 230
66 20 2.4 -560 214
67 20 2.4 -532 196
68 20 2.4 -536 192
69 20 2.4 -500 170
70 20 2.4 -456 160
71 20 2.4 -516 182
72 20 2.4 -500 178
73 20 2.4 -500 190
74 20 2.4 -476 158
75 20 2.4 -460 154
76 20 2.4 -440 174
77 20 2.4 -400 154
78 20 2.4 -452 160
79 20 2.4 -444 180
80 20 2.4 -476 194
81 20 2.4 -420 190
82 20 2.4 -440 164
83 20 2.4 -420 138
84 20 2.4 -388 128
85 20 2.4 -388 146
86 20 2.4 -408 140
88 20 2.4 -456 160
89 20 2.4 -496 166
90 20 2.4 -520 150
91 20 2.4 -524 150
92 20 2.4 -508 126
93 20 2.4 -484 100
95 20 2.4 -500 144
96 20 2.4 -500 136
97 20 2.4 -436 134
98 20 2.4 -440 172
99 20 2.4 -512 186
101 20 2.4 -496 158
102 20 2.4 -512 206
103 20 2.4 -456 208
105 20 2.4 -488 190
106 20 2.4 -484 170
107 20 2.4 -492 200
109 20 2.4 -452 172
110 20 2.4 -448 212
112 20 2.4 -492 208
113 20 2.4 -536 236
114 20 2.4 -516 250
116 20 2.4 -500 218
117 20 2.4 -520 218
119 20 2.4 -520 202
120 20 2.4 -524 200
122 20 2.4 -564 238
124 20 2.4 -536 244
125 20 2.4 -544 232
127 20 2.4 -428 172
128 20 2.4 -528 214
130 20 2.4 -512 236
132 20 2.4 -456 196
133 20 2.4 -500 202
135 20 2.4 -496 240
137 20 2.4 -508 222
139 20 2.4 -492 174
140 20 2.4 -496 200
142 20 2.4 -556 232
144 20 2.4 -488 214
146 20 2.4 -488 206
148 20 2.4 -460 216
150 20 2.4 -464 196
152 20 2.4 -484 226
154 20 2.4 -512 224
155 20 2.4 -516 228
157 20 2.4 -588 220
160 20 2.4 -528 176
162 20 2.4 -472 168
164 20 2.4 -516 206
166 20 2.4 -488 194
168 20 2.4 -496 184
170 20 2.4 -440 210
172 20 2.4 -524 204
174 20 2.4 -516 174
177 20 2.4 -524 174
179 20 2.4 -476 182
181 20 2.4 -508 174
184 20 2.4 -560 202
186 20 2.4 -484 194
188 20 2.4 -524 204
191 20 2.4 -516 204
193 20 2.4 -560 214
196 20 2.4 -540 222
198 20 2.4 -556 220
201 20 2.4 -532 228
203 20 2.4 -508 246
206 20 2.4 -532 246
209 20 2.4 -496 232
211 20 2.4 -564 278
214 20 2.4 -516 270
217 20 2.4 -488 238
220 20 2.4 -532 278
222 20 2.4 -508 278
225 20 2.4 -528 260
228 20 2.4 -532 278
231 20 2.4 -484 224
234 20 2.4 -444 206
237 20 2.4 -508 258
240 20 2.4 -476 226
243 20 2.4 -456 186
246 20 2.4 -528 206
250 20 2.4 -460 218
253 20 2.4 -492 222
256 20 2.4 -556 246
259 20 2.4 -512 224
263 20 2.4 -548 262
266 20 2.4 -516 260
269 20 2.4 -548 302
273 20 2.4 -648 346
276 20 2.4 -588 330
280 20 2.4 -604 312
284 20 2.4 -572 310
287 20 2.4 -500 262
291 20 2.4 -544 264
295 20 2.4 -512 278
298 20 2.4 -576 316
302 20 2.4 -588 312
306 20 2.4 -644 350
310 20 2.4 -588 316
314 20 2.4 -576 308
318 20 2.4 -572 332
322 20 2.4 -508 302
326 20 2.4 -576 300
331 20 2.4 -532 280
335 20 2.4 -464 224
339 20 2.4 -484 210
344 20 2.4 -528 196
348 20 2.4 -444 162
352 20 2.4 -364 92
357 20 2.4 -420 10
362 20 2.4 -472 14
366 20 2.4 -452 -14
371 20 2.4 -396 -54
376 20 2.4 -448 4
381 20 2.4 -452 -50
385 20 2.4 -408 -138
390 20 2.4 -524 -180
395 20 2.4 -484 -210
401 20 2.4 -580 -284
406 20 2.4 -504 -252
411 20 2.4 -524 -280
416 20 2.4 -504 -224
422 20 2.4 -488 -238
427 20 2.4 -584 -266
433 20 2.4 -548 -250
438 20 2.4 -560 -254
444 20 2.4 -496 -258
449 20 2.4 -536 -286
455 20 2.4 -620 -338
461 20 2.4 -576 -314
467 20 2.4 -508 -250
473 20 2.4 -524 -246
479 20 2.4 -588 -334
485 20 2.4 -596 -326
492 20 2.4 -496 -278
498 20 2.4 -484 -260
504 20 2.4 -488 -264
511 20 2.4 -588 -314
517 20 2.4 -568 -284
524 20 2.4 -512 -300
531 20 2.4 -564 -236
538 20 2.4 -504 -214
545 20 2.4 -468 -182
552 20 2.4 -476 -164
559 20 2.4 -440 -84
566 20 2.4 -436 -62
573 20 2.4 -472 -48
581 20 2.4 -480 -36
588 20 2.4 -484 -36
596 20 2.4 -480 -114
603 20 2.4 -436 -112
611 20 2.4 -488 -250
619 20 2.4 -548 -252
627 20 2.4 -576 -302
635 20 2.4 -500 -246
643 20 2.4 -560 -208
652 20 2.4 -440 -146
660 20 2.4 -440 -154
668 20 2.4 -476 -110
677 20 2.4 -452 -208
686 20 2.4 -572 -206
695 20 2.4 -488 -190
704 20 2.4 -476 -220
713 20 2.4 -500 -206
722 20 2.4 -492 -210
731 20 2.4 -484 -184
741 20 2.4 -452 -120
750 20 2.4 -480 -130
760 20 2.4 -440 -80
770 20 2.4 -448 -196
780 20 2.4 -556 -268
790 20 2.4 -552 -300
800 20 2.4 -484 -258
810 20 2.4 -564 -286
821 20 2.4 -620 -328
831 20 2.4 -504 -274
842 20 2.4 -540 -272
853 20 2.4 -548 -216
864 20 2.4 -536 -298
875 20 2.4 -596 -278
886 20 2.4 -512 -268
897 20 2.4 -520 -264
909 20 2.4 -568 -278
921 20 2.4 -596 -288
933 20 2.4 -476 -168
945 20 2.4 -404 -98
957 20 2.4 -424 -68
969 20 2.4 -480 -30
982 20 2.4 -484 -80
994 20 2.4 -468 34
1007 20 2.4 -460 44
1020 20 2.4 -500 128
1033 20 2.4 -524 36
1047 20 2.4 -412 46
1060 20 2.4 -480 74
1074 20 2.4 -432 100
1088 20 2.4 -500 200
1102 20 2.4 -472 174
1116 20 2.4 -640 318
1130 20 2.4 -544 276
1145 20 2.4 -608 318
1160 20 2.4 -496 270
1174 20 2.4 -556 268
1190 20 2.4 -568 300
1205 20 2.4 -472 252
1220 20 2.4 -572 302
1236 20 2.4 -520 252
1252 20 2.4 -540 296
1268 20 2.4 -600 306
1285 20 2.4 -588 324
1301 20 2.4 -556 304
1318 20 2.4 -460 150
1335 20 2.4 -540 288
1352 20 2.4 -428 212
1370 20 2.4 -556 300
1387 20 2.4 -656 358
1405 20 2.4 -572 312
1423 20 2.4 -536 286
1442 20 2.4 -472 262
1460 20 2.4 -500 248
1479 20 2.4 -460 186
1498 20 2.4 -404 100
1517 20 2.4 -408 -80
1537 20 2.4 -464 -86
1557 20 2.4 -448 -8
1577 20 2.4 -504 -16
1597 20 2.4 -532 -56
1618 20 2.4 -500 108
1639 20 2.4 -524 4
1660 20 2.4 -444 96
1681 20 2.4 -528 212
1703 20 2.4 -552 280
1725 20 2.4 -476 270
1747 20 2.4 -600 306
1770 20 2.4 -608 326
1792 20 2.4 -644 350
1816 20 2.4 -472 204
1839 20 2.4 -488 70
1863 20 2.4 -432 116
1887 20 2.4 -508 36
1911 20 2.4 -464 -42
1936 20 2.4 -360 -14
1961 20 2.4 -436 -104
1986 20 2.4 -444 -116
2012 20 2.4 -436 -58
2037 20 2.4 -516 -258
2064 20 2.4 -464 -228
2090 20 2.4 -388 -48
2117 20 2.4 -428 90
2145 20 2.4 -472 154
2172 20 2.4 -572 302
2200 20 2.4 -496 244
2229 20 2.4 -564 282
2257 20 2.4 -472 242
2286 20 2.4 -480 252
2316 20 2.4 -524 244
2346 20 2.4 -560 290
2376 20 2.4 -500 260
2407 20 2.4 -516 216
2438 20 2.4 -480 272
2469 20 2.4 -508 212
2501 20 2.4 -536 210
2533 20 2.4 -384 104
2566 20 2.4 -480 -28
2599 20 2.4 -460 100
2633 20 2.4 -468 140
2667 20 2.4 -568 48
2701 20 2.4 -356 24
2736 20 2.4 -432 152
2771 20 2.4 -440 122
2807 20 2.4 -464 192
2843 20 2.4 -464 156
2880 20 2.4 -464 236
2917 20 2.4 -472 184
2954 20 2.4 -496 148
2992 20 2.4 -516 192
3031 20 2.4 -476 254
3070 20 2.4 -424 112
3110 20 2.4 -460 216
3150 20 2.4 -480 86
3190 20 2.4 -476 94
3232 20 2.4 -512 146
3273 20 2.4 -392 32
3315 20 2.4 -500 -72
3358 20 2.4 -484 -162
3402 20 2.4 -516 -188
3445 20 2.4 -520 122
3490 20 2.4 -444 192
3535 20 2.4 -552 266
3580 20 2.4 -540 304
3627 20 2.4 -492 200
3673 20 2.4 -448 146
3721 20 2.4 -536 274
3769 20 2.4 -552 302
3817 20 2.4 -524 224
3867 20 2.4 -540 284
3916 20 2.4 -560 284
3967 20 2.4 -496 172
4018 20 2.4 -452 -128
4070 20 2.4 -552 -184
4122 20 2.4 -480 -204
4176 20 2.4 -516 -276
4229 20 2.4 -540 -210
4284 20 2.4 -508 -272
4339 20 2.4 -520 -210
4395 20 2.4 -480 -282
4452 20 2.4 -424 -170
4509 20 2.4 -468 -196
4567 20 2.4 -492 -138
4626 20 2.4 -488 -254
4686 20 2.4 -556 -264
4746 20 2.4 -472 -226
4808 20 2.4 -540 -292
4870 20 2.4 -484 -160
4932 20 2.4 -544 226
4996 20 2.4 -508 146
5060 20 2.4 -488 266
5126 20 2.4 -420 102
5192 20 2.4 -432 20
5259 20 2.4 -532 -240
5327 20 2.4 -464 -134
5395 20 2.4 -556 -292
5465 20 2.4 -416 -186
5535 20 2.4 -400 -92
5607 20 2.4 -564 -304
5679 20 2.4 -452 52
5752 20 2.4 -468 202
5826 20 2.4 -488 250
5902 20 2.4 -608 326
5978 20 2.4 -504 264
6055 20 2.4 -584 332
6133 20 2.4 -444 184
6212 20 2.4 -416 96
6292 20 2.4 -460 106
6373 20 2.4 -488 226
6455 20 2.4 -472 -28
6539 20 2.4 -580 -324
6623 20 2.4 -564 -254
6708 20 2.4 -480 -220
6795 20 2.4 -488 -208
6883 20 2.4 -480 -150
6971 20 2.4 -508 -262
7061 20 2.4 -488 -232
7152 20 2.4 -560 -302
7245 20 2.4 -488 -80
7338 20 2.4 -500 -76
7433 20 2.4 -452 -224
7529 20 2.4 -612 -336
7626 20 2.4 -480 -174
7724 20 2.4 -476 128
7824 20 2.4 -424 32
7925 20 2.4 -540 290
8027 20 2.4 -504 264
8130 20 2.4 -660 344
8235 20 2.4 -528 284
8341 20 2.4 -440 -8
8449 20 2.4 -492 -232
8558 20 2.4 -536 -258
8668 20 2.4 -536 -294
8780 20 2.4 -500 12
8893 20 2.4 -460 192
9008 20 2.4 -508 208
9124 20 2.4 -492 98
9242 20 2.4 -488 -258
9361 20 2.4 -504 -186
9482 20 2.4 -584 -318
9604 20 2.4 -452 188
9728 20 2.4 -516 226
9853 20 2.4 -548 276
9980 20 2.4 -492 254
10109 20 2.4 -540 288
10240 20 2.4 -548 190
10372 20 2.4 -532 274
10505 20 2.4 -536 274
10641 20 2.4 -456 38
10778 20 2.4 -464 198
10917 20 2.4 -424 -194
11058 20 2.4 -436 -170
11201 20 2.4 -536 -134
11345 20 2.4 -488 -92
11491 20 2.4 -520 -242
11640 20 2.4 -524 -236
11790 20 2.4 -468 -148
11942 20 2.4 -504 -252
12096 20 2.4 -520 -192
12252 20 2.4 -408 -44
12410 20 2.4 -452 120
12570 20 2.4 -476 86
12732 20 2.4 -580 308
12896 20 2.4 -496 164
13062 20 2.4 -552 234
13231 20 2.4 -552 266
13402 20 2.4 -480 30
13574 20 2.4 -488 -246
13750 20 2.4 -448 -140
13927 20 2.4 -452 -188
14106 20 2.4 -544 -252
14288 20 2.4 -512 -250
14473 20 2.4 -444 32
14659 20 2.4 -464 140
14848 20 2.4 -516 222
15040 20 2.4 -456 168
15234 20 2.4 -424 120
15430 20 2.4 -408 102
15629 20 2.4 -552 270
15831 20 2.4 -420 -20
16035 20 2.4 -456 -16
16242 20 2.4 -436 18
16451 20 2.4 -472 122
16664 20 2.4 -476 -202
16879 20 2.4 -524 -250
17096 20 2.4 -468 -174
17317 20 2.4 -440 108
17540 20 2.4 -468 -164
17766 20 2.4 -524 -190
17995 20 2.4 -480 264
18228 20 2.4 -512 208
18463 20 2.4 -476 222
18701 20 2.4 -600 326
18942 20 2.4 -632 312
19186 20 2.4 -508 248
19434 20 2.4 -540 -234
19684 20 2.4 -560 -306
19938 20 2.4 -480 32
20195 20 2.4 -496 -142
20456 20 2.4 -488 -16
20720 20 2.4 -520 284
20987 20 2.4 -500 208
21258 20 2.4 -480 158
21532 20 2.4 -592 310
21810 20 2.4 -568 288
22091 20 2.4 -504 156
22376 20 2.4 -528 286
22664 20 2.4 -432 -2
22957 20 2.4 -512 250
23253 20 2.4 -412 -32
23553 20 2.4 -624 338
23856 20 2.4 -480 -136
24164 20 2.4 -412 -78
24476 20 2.4 -424 -134
24791 20 2.4 -576 -312
25111 20 2.4 -440 16
25435 20 2.4 -504 208
25763 20 2.4 -592 -320
26095 20 2.4 -500 -196
26432 20 2.4 -440 -30
26773 20 2.4 -564 -322
27118 20 2.4 -420 36
27468 20 2.4 -516 -192
27822 20 2.4 -616 -294
28181 20 2.4 -476 188
28545 20 2.4 -580 -294
28913 20 2.4 -532 -208
29286 20 2.4 -536 -228
29663 20 2.4 -540 -208
30046 20 2.4 -488 112
30434 20 2.4 -484 194
30826 20 2.4 -528 124
31224 20 2.4 -516 234
31626 20 2.4 -392 -16
32034 20 2.4 -552 -252
32447 20 2.4 -560 142
32866 20 2.4 -560 302
33290 20 2.4 -472 10
33719 20 2.4 -576 -314
34154 20 2.4 -452 -76
34595 20 2.4 -500 8
35041 20 2.4 -612 -322
35493 20 2.4 -472 -76
35951 20 2.4 -524 -210
36414 20 2.4 -528 -250
36884 20 2.4 -476 -124
37360 20 2.4 -596 320
37841 20 2.4 -504 -188
38330 20 2.4 -540 -276
38824 20 2.4 -580 -316
39325 20 2.4 -588 -332
39832 20 2.4 -432 -28
40346 20 2.4 -464 142
40866 20 2.4 -536 270
41393 20 2.4 -524 260
41927 20 2.4 -520 186
42468 20 2.4 -440 54
43015 20 2.4 -452 -196
43570 20 2.4 -452 122
44132 20 2.4 -448 -208
44701 20 2.4 -464 110
45278 20 2.4 -444 -136
45862 20 2.4 -520 -164
46453 20 2.4 -552 256
47053 20 2.4 -540 210
47660 20 2.4 -504 -226
48274 20 2.4 -484 -208
48897 20 2.4 -384 -74
49528 20 2.4 -484 220
50166 20 2.4 -504 -254
50813 20 2.4 -476 -154
51469 20 2.4 -520 -288
52133 20 2.4 -480 170
52805 20 2.4 -484 -190
53486 20 2.4 -356 8
54176 20 2.4 -452 -158
54875 20 2.4 -536 304
55582 20 2.4 -456 128
56299 20 2.4 -544 222
57025 20 2.4 -552 -294
57761 20 2.4 -488 -264
58506 20 2.4 -568 -300
59261 20 2.4 -400 32
60025 20 2.4 -496 -228
60799 20 2.4 -588 -310
61583 20 2.4 -564 174
62378 20 2.4 -484 164
63182 20 2.4 -472 -112
63997 20 2.4 -448 184
64822 20 2.4 -492 -190
65658 20 2.4 -408 130
66505 20 2.4 -452 60
67363 20 2.4 -556 -300
68232 20 2.4 -440 -240
69112 20 2.4 -524 94
70003 20 2.4 -480 198
70906 20 2.4 -464 132
71821 20 2.4 -600 310
72747 20 2.4 -380 78
73685 20 2.4 -508 -86
74636 20 2.4 -432 84
75599 20 2.4 -452 8
76574 20 2.4 -504 250
77561 20 2.4 -468 238
78562 20 2.4 -476 -230
79575 20 2.4 -552 302
80601 20 2.4 -496 120
81641 20 2.4 -424 124
82694 20 2.4 -560 220
83760 20 2.4 -592 -322
84841 20 2.4 -476 -148
85935 20 2.4 -524 278
87043 20 2.4 -548 -276
88166 20 2.4 -560 -296
89303 20 2.4 -560 310
90455 20 2.4 -564 -314
91622 20 2.4 -476 -156
92803 20 2.4 -460 -118
94000 20 2.4 -468 -134
95213 20 2.4 -592 214
96441 20 2.4 -532 -260
97685 20 2.4 -532 -288
98945 20 2.4 -548 256
100221 20 2.4 -492 -262
101513 20 2.4 -492 132
102823 20 2.4 -436 -122
104149 20 2.4 -456 250
105492 20 2.4 -488 -16
106853 20 2.4 -476 -148
108231 20 2.4 -424 178
109627 20 2.4 -544 240
111041 20 2.4 -536 -100
112473 20 2.4 -520 -226
113924 20 2.4 -380 -64
115393 20 2.4 -464 -162
116882 20 2.4 -456 -164
118389 20 2.4 -504 218
119916 20 2.4 -380 -58
121463 20 2.4 -512 78
123029 20 2.4 -468 -170
124616 20 2.4 -428 164
126224 20 2.4 -508 -156
127852 20 2.4 -432 -132
129501 20 2.4 -420 74
131171 20 2.4 -440 136
132863 20 2.4 -424 -78
134576 20 2.4 -500 -172
136312 20 2.4 -556 -288
138070 20 2.4 -504 108
139851 20 2.4 -520 220
141655 20 2.4 -552 284
143482 20 2.4 -528 -236
145333 20 2.4 -452 -156
147207 20 2.4 -508 -252
149106 20 2.4 -584 -250
151029 20 2.4 -436 -154
152977 20 2.4 -512 120
154950 20 2.4 -492 210
156948 20 2.4 -496 -184
158973 20 2.4 -472 -198
161023 20 2.4 -428 132
163100 20 2.4 -524 -224
165204 20 2.4 -412 -138
167334 20 2.4 -468 -122
169493 20 2.4 -520 -202
171679 20 2.4 -464 -24
173893 20 2.4 -520 122
176136 20 2.4 -448 218
178408 20 2.4 -428 146
180709 20 2.4 -544 -302
183040 20 2.4 -508 42
185400 20 2.4 -444 172
187792 20 2.4 -528 130
190214 20 2.4 -576 306
192667 20 2.4 -540 -290
195152 20 2.4 -536 162
197669 20 2.4 -568 302
200219 20 2.4 -492 -68
202801 20 2.4 -552 -300
205417 20 2.4 -428 96
208066 20 2.4 -448 78
210750 20 2.4 -592 -292
213468 20 2.4 -472 222
216222 20 2.4 -588 322
219010 20 2.4 -456 80
221835 20 2.4 -540 -260
224696 20 2.4 -496 -136
227595 20 2.4 -424 180
230530 20 2.4 -504 -198
233503 20 2.4 -492 154
236515 20 2.4 -496 280
239566 20 2.4 -408 102
242656 20 2.4 -524 -160
245785 20 2.4 -532 274
248956 20 2.4 -512 -268
252167 20 2.4 -540 274
255419 20 2.4 -436 134
258713 20 2.4 -432 202
262050 20 2.4 -608 310
265430 20 2.4 -600 312
268854 20 2.4 -500 158
272321 20 2.4 -548 -250
275834 20 2.4 -484 -252
279391 20 2.4 -440 -130
282995 20 2.4 -480 -16
286645 20 2.4 -388 -2
290342 20 2.4 -576 -278
294087 20 2.4 -488 -28
297880 20 2.4 -468 -208
301722 20 2.4 -576 288
305614 20 2.4 -500 -238
309556 20 2.4 -512 -234
313548 20 2.4 -420 40
317592 20 2.4 -584 296
321689 20 2.4 -504 -240
325838 20 2.4 -440 108
330040 20 2.4 -580 284
334297 20 2.4 -532 272
338609 20 2.4 -412 -182
342976 20 2.4 -488 52
347400 20 2.4 -568 -258
351881 20 2.4 -432 104
356419 20 2.4 -428 148
361016 20 2.4 -456 -22
365673 20 2.4 -660 -348
370389 20 2.4 -448 -160
375167 20 2.4 -452 -118
380005 20 2.4 -532 -218
384907 20 2.4 -464 122
389871 20 2.4 -512 236
394900 20 2.4 -456 188
399993 20 2.4 -436 56
405152 20 2.4 -424 -2
410378 20 2.4 -460 106
415671 20 2.4 -472 -46
421032 20 2.4 -504 -248
426463 20 2.4 -448 -122
431963 20 2.4 -484 194
437535 20 2.4 -376 68
443178 20 2.4 -480 152
448894 20 2.4 -472 -6
454684 20 2.4 -428 -148
460548 20 2.4 -608 -324
466489 20 2.4 -500 160
472505 20 2.4 -556 -248
478600 20 2.4 -432 -200
484773 20 2.4 -516 198
491025 20 2.4 -424 -148
497358 20 2.4 -472 -196
503773 20 2.4 -504 -206
510271 20 2.4 -428 -56
516852 20 2.4 -592 284
523519 20 2.4 -588 216
530271 20 2.4 -528 250
537111 20 2.4 -476 -16
544038 20 2.4 -396 -54
551055 20 2.4 -496 170
558163 20 2.4 -468 108
565362 20 2.4 -504 -248
572654 20 2.4 -440 -88
580040 20 2.4 -488 -34
587521 20 2.4 -456 48
595099 20 2.4 -560 314
602775 20 2.4 -520 -280
610549 20 2.4 -496 -172
618424 20 2.4 -512 282
626400 20 2.4 -444 -244
634480 20 2.4 -544 240
642663 20 2.4 -432 42
650952 20 2.4 -488 -38
659348 20 2.4 -528 -90
667853 20 2.4 -404 122
676467 20 2.4 -480 -36
685192 20 2.4 -324 -52
694029 20 2.4 -492 -62
702981 20 2.4 -576 -306
712048 20 2.4 -468 178
721232 20 2.4 -492 -224
730534 20 2.4 -524 210
739957 20 2.4 -504 -254
749500 20 2.4 -576 298
759168 20 2.4 -496 162
768959 20 2.4 -516 -66
778877 20 2.4 -500 -244
788923 20 2.4 -456 -88
799099 20 2.4 -508 -92
809405 20 2.4 -440 -70
819845 20 2.4 -536 256
830419 20 2.4 -516 -256
841130 20 2.4 -536 292
851979 20 2.4 -468 -36
862968 20 2.4 -456 -34
874098 20 2.4 -520 -162
885373 20 2.4 -564 -290
896792 20 2.4 -412 -102
908359 20 2.4 -420 100
920075 20 2.4 -472 212
931942 20 2.4 -488 -172
943962 20 2.4 -380 -56
956137 20 2.4 -496 -210
968470 20 2.4 -480 -242
980961 20 2.4 -484 -32
993613 20 2.4 -456 -18
999999 20 2.4 -416 84
