3 100 2.3 -16396 8810
4 100 2.3 -16000 8644
5 100 2.3 -15836 8572
6 100 2.3 -15432 8290
7 100 2.3 -15176 8120
8 100 2.3 -15164 8134
9 100 2.3 -15200 8152
10 100 2.3 -15088 8016
11 100 2.3 -14996 8002
12 100 2.3 -15028 7908
13 100 2.3 -14928 7824
14 100 2.3 -15028 7780
15 100 2.3 -15152 7868
16 100 2.3 -15036 7814
17 100 2.3 -14928 7840
18 100 2.3 -14708 7774
19 100 2.3 -14788 7786
20 100 2.3 -14748 7762
21 100 2.3 -14692 7660
22 100 2.3 -14628 7596
23 100 2.3 -14472 7592
24 100 2.3 -14616 7584
25 100 2.3 -14620 7520
26 100 2.3 -14464 7532
27 100 2.3 -14268 7452
28 100 2.3 -14440 7526
29 100 2.3 -14604 7494
30 100 2.3 -14644 7442
31 100 2.3 -14656 7386
32 100 2.3 -14276 7238
33 100 2.3 -14268 7156
34 100 2.3 -14368 7318
35 100 2.3 -14260 7284
36 100 2.3 -14484 7340
37 100 2.3 -14508 7400
38 100 2.3 -14332 7262
39 100 2.3 -14156 7168
40 100 2.3 -14056 7154
41 100 2.3 -14492 7300
42 100 2.3 -14524 7328
43 100 2.3 -14480 7336
44 100 2.3 -14444 7256
45 100 2.3 -14388 7278
46 100 2.3 -14232 7196
47 100 2.3 -14432 7296
48 100 2.3 -14652 7414
49 100 2.3 -14516 7324
50 100 2.3 -14392 7252
51 100 2.3 -14272 7206
52 100 2.3 -14148 7170
53 100 2.3 -13884 7024
54 100 2.3 -14024 7088
55 100 2.3 -13640 6946
56 100 2.3 -13580 6912
57 100 2.3 -13812 6936
58 100 2.3 -13800 6962
59 100 2.3 -13916 6944
60 100 2.3 -13996 6934
61 100 2.3 -14248 6986
62 100 2.3 -14212 6974
63 100 2.3 -14312 6976
64 100 2.3 -14292 6880
65 100 2.3 -14184 6972
66 100 2.3 -14348 7152
67 100 2.3 -14128 7096
68 100 2.3 -14304 7108
69 100 2.3 -14436 7180
70 100 2.3 -14324 7082
71 100 2.3 -14312 7108
72 100 2.3 -14152 7014
73 100 2.3 -14228 7110
74 100 2.3 -14388 7126
75 100 2.3 -14292 7086
76 100 2.3 -14236 7004
77 100 2.3 -14260 7004
78 100 2.3 -13952 6874
79 100 2.3 -13700 6806
80 100 2.3 -13832 6736
81 100 2.3 -13856 6686
82 100 2.3 -14016 6752
83 100 2.3 -13744 6632
84 100 2.3 -13700 6508
85 100 2.3 -13796 6586
86 100 2.3 -13792 6678
88 100 2.3 -13864 6690
89 100 2.3 -14012 6766
90 100 2.3 -13728 6736
91 100 2.3 -14000 6704
92 100 2.3 -13884 6730
93 100 2.3 -14200 6852
95 100 2.3 -13424 6570
96 100 2.3 -13728 6598
97 100 2.3 -13712 6638
98 100 2.3 -13796 6602
99 100 2.3 -13792 6654
101 100 2.3 -13840 6728
102 100 2.3 -13864 6726
103 100 2.3 -13804 6648
105 100 2.3 -13872 6704
106 100 2.3 -14160 6784
107 100 2.3 -13940 6758
109 100 2.3 -14240 6982
110 100 2.3 -14080 6994
112 100 2.3 -14196 7048
113 100 2.3 -14084 7006
114 100 2.3 -14440 7234
116 100 2.3 -14388 7156
117 100 2.3 -14332 7038
119 100 2.3 -14564 7084
120 100 2.3 -14496 7080
122 100 2.3 -14384 6974
124 100 2.3 -14408 7054
125 100 2.3 -14596 7110
127 100 2.3 -14548 7020
128 100 2.3 -14732 7090
130 100 2.3 -14484 6862
132 100 2.3 -14228 6800
133 100 2.3 -14372 6820
135 100 2.3 -14116 6838
137 100 2.3 -14156 6870
139 100 2.3 -13972 6816
140 100 2.3 -13956 6824
142 100 2.3 -13972 6758
144 100 2.3 -13940 6838
146 100 2.3 -14144 6910
148 100 2.3 -13972 6854
150 100 2.3 -14168 6932
152 100 2.3 -14416 6986
154 100 2.3 -14468 6932
155 100 2.3 -14220 6866
157 100 2.3 -14376 6812
160 100 2.3 -13944 6764
162 100 2.3 -14148 6980
164 100 2.3 -14004 6966
166 100 2.3 -14256 7110
168 100 2.3 -14328 7130
170 100 2.3 -14228 7112
172 100 2.3 -14216 7136
174 100 2.3 -14504 7218
177 100 2.3 -14192 7022
179 100 2.3 -14024 6850
181 100 2.3 -13848 6884
184 100 2.3 -14016 6904
186 100 2.3 -14156 6840
188 100 2.3 -14124 6806
191 100 2.3 -14156 6902
193 100 2.3 -14368 6944
196 100 2.3 -14132 6742
198 100 2.3 -14360 6766
201 100 2.3 -13820 6662
203 100 2.3 -14036 6660
206 100 2.3 -14056 6636
209 100 2.3 -14220 6718
211 100 2.3 -14428 6888
214 100 2.3 -13796 6304
217 100 2.3 -13492 6320
220 100 2.3 -13660 6168
222 100 2.3 -13504 6172
225 100 2.3 -13928 6094
228 100 2.3 -13996 6046
231 100 2.3 -13892 6128
234 100 2.3 -13400 5716
237 100 2.3 -13876 5938
240 100 2.3 -13924 5874
243 100 2.3 -13828 5796
246 100 2.3 -13780 5710
250 100 2.3 -13888 5928
253 100 2.3 -13924 5882
256 100 2.3 -13604 5668
259 100 2.3 -13928 5878
263 100 2.3 -13920 5988
266 100 2.3 -13880 6074
269 100 2.3 -13900 6230
273 100 2.3 -14084 6316
276 100 2.3 -13852 6566
280 100 2.3 -14236 6776
284 100 2.3 -14340 6836
287 100 2.3 -14172 6872
291 100 2.3 -13952 6662
295 100 2.3 -13776 6558
298 100 2.3 -13784 6576
302 100 2.3 -13668 6354
306 100 2.3 -13612 6452
310 100 2.3 -13600 6308
314 100 2.3 -13664 6372
318 100 2.3 -13796 6450
322 100 2.3 -13932 6374
326 100 2.3 -13796 6328
331 100 2.3 -14028 6400
335 100 2.3 -13736 6302
339 100 2.3 -13740 6358
344 100 2.3 -13784 6290
348 100 2.3 -13920 6256
352 100 2.3 -14204 6106
357 100 2.3 -13948 5874
362 100 2.3 -13900 5778
366 100 2.3 -13836 5798
371 100 2.3 -13956 5658
376 100 2.3 -13668 5708
381 100 2.3 -13372 5802
385 100 2.3 -13820 5786
390 100 2.3 -13772 5862
395 100 2.3 -13872 5958
401 100 2.3 -13676 5618
406 100 2.3 -13820 5414
411 100 2.3 -13804 5500
416 100 2.3 -13772 5668
422 100 2.3 -13892 5874
427 100 2.3 -13888 5882
433 100 2.3 -14036 5962
438 100 2.3 -14100 5990
444 100 2.3 -13968 6130
449 100 2.3 -13996 5998
455 100 2.3 -13544 5772
461 100 2.3 -13972 5744
467 100 2.3 -13912 5624
473 100 2.3 -13420 5258
479 100 2.3 -13500 4942
485 100 2.3 -13476 4878
492 100 2.3 -13500 4940
498 100 2.3 -13540 4940
504 100 2.3 -13468 4806
511 100 2.3 -13452 4786
517 100 2.3 -13812 4516
524 100 2.3 -13472 4362
531 100 2.3 -13908 4580
538 100 2.3 -13516 4328
545 100 2.3 -13500 4250
552 100 2.3 -13332 4322
559 100 2.3 -13512 4680
566 100 2.3 -13464 4868
573 100 2.3 -13352 5028
581 100 2.3 -13740 5130
588 100 2.3 -13792 5292
596 100 2.3 -13568 5328
603 100 2.3 -13944 5658
611 100 2.3 -13916 5490
619 100 2.3 -13972 5490
627 100 2.3 -13448 5122
635 100 2.3 -13400 5206
643 100 2.3 -14020 5506
652 100 2.3 -13992 5652
660 100 2.3 -13852 5358
668 100 2.3 -13636 5460
677 100 2.3 -13500 5544
686 100 2.3 -13608 5606
695 100 2.3 -13632 5798
704 100 2.3 -13676 5714
713 100 2.3 -13544 5544
722 100 2.3 -13428 5192
731 100 2.3 -14028 5874
741 100 2.3 -13824 5756
750 100 2.3 -13780 5952
760 100 2.3 -13788 6110
770 100 2.3 -13280 5828
780 100 2.3 -13580 5908
790 100 2.3 -13884 6068
800 100 2.3 -13628 5536
810 100 2.3 -13844 5418
821 100 2.3 -13964 5590
831 100 2.3 -13684 5384
842 100 2.3 -13768 5724
853 100 2.3 -14232 6038
864 100 2.3 -13980 6108
875 100 2.3 -13916 5920
886 100 2.3 -13392 5750
897 100 2.3 -13964 6114
909 100 2.3 -13816 5830
921 100 2.3 -13644 5616
933 100 2.3 -13700 5484
945 100 2.3 -13392 5114
957 100 2.3 -13664 5466
969 100 2.3 -13780 5610
982 100 2.3 -14004 5756
994 100 2.3 -14000 5472
1007 100 2.3 -13696 5358
1020 100 2.3 -14064 5456
1033 100 2.3 -14116 5644
1047 100 2.3 -13696 5324
1060 100 2.3 -13728 4998
1074 100 2.3 -13900 4676
1088 100 2.3 -13644 4552
1102 100 2.3 -14052 4704
1116 100 2.3 -13744 4536
1130 100 2.3 -13496 4322
1145 100 2.3 -13512 3808
1160 100 2.3 -13368 3224
1174 100 2.3 -13444 3394
1190 100 2.3 -13520 3680
1205 100 2.3 -13552 3642
1220 100 2.3 -13856 3878
1236 100 2.3 -13772 3890
1252 100 2.3 -13780 4130
1268 100 2.3 -13416 3284
1285 100 2.3 -13280 3540
1301 100 2.3 -13664 3312
1318 100 2.3 -13260 3390
1335 100 2.3 -13324 3972
1352 100 2.3 -13536 4234
1370 100 2.3 -13688 3596
1387 100 2.3 -13940 4164
1405 100 2.3 -13880 4220
1423 100 2.3 -13836 4154
1442 100 2.3 -13880 3852
1460 100 2.3 -13552 3542
1479 100 2.3 -13724 4666
1498 100 2.3 -13680 4632
1517 100 2.3 -13356 4542
1537 100 2.3 -13664 4442
1557 100 2.3 -13140 3966
1577 100 2.3 -13280 4226
1597 100 2.3 -13484 4524
1618 100 2.3 -13716 4532
1639 100 2.3 -13664 5070
1660 100 2.3 -13808 4604
1681 100 2.3 -13668 4672
1703 100 2.3 -14172 4942
1725 100 2.3 -14032 4658
1747 100 2.3 -13424 4112
1770 100 2.3 -13692 3846
1792 100 2.3 -13880 3374
1816 100 2.3 -13692 3644
1839 100 2.3 -13528 3338
1863 100 2.3 -13256 3418
1887 100 2.3 -13368 3636
1911 100 2.3 -13852 3974
1936 100 2.3 -13604 4414
1961 100 2.3 -13652 4218
1986 100 2.3 -13416 4214
2012 100 2.3 -13640 3688
2037 100 2.3 -13472 2798
2064 100 2.3 -13744 2668
2090 100 2.3 -13184 2526
2117 100 2.3 -13128 3008
2145 100 2.3 -13556 3412
2172 100 2.3 -13792 3402
2200 100 2.3 -13736 3100
2229 100 2.3 -13100 2502
2257 100 2.3 -13032 2248
2286 100 2.3 -13156 1714
2316 100 2.3 -13124 1360
2346 100 2.3 -13100 2022
2376 100 2.3 -13416 2826
2407 100 2.3 -13296 2606
2438 100 2.3 -13544 3524
2469 100 2.3 -13412 3202
2501 100 2.3 -13288 3392
2533 100 2.3 -13680 3760
2566 100 2.3 -13812 3872
2599 100 2.3 -13400 4022
2633 100 2.3 -13572 4302
2667 100 2.3 -13160 4218
2701 100 2.3 -14136 4590
2736 100 2.3 -13560 3970
2771 100 2.3 -13936 4450
2807 100 2.3 -13556 4074
2843 100 2.3 -14356 4574
2880 100 2.3 -13328 4716
2917 100 2.3 -13432 3988
2954 100 2.3 -13396 4758
2992 100 2.3 -13644 5060
3031 100 2.3 -13772 5026
3070 100 2.3 -13844 3748
3110 100 2.3 -13648 4434
3150 100 2.3 -13484 4448
3190 100 2.3 -13816 4518
3232 100 2.3 -13348 4500
3273 100 2.3 -13176 4046
3315 100 2.3 -13268 3502
3358 100 2.3 -13296 2578
3402 100 2.3 -12936 1984
3445 100 2.3 -13596 2984
3490 100 2.3 -13708 4618
3535 100 2.3 -13420 3952
3580 100 2.3 -13236 3448
3627 100 2.3 -13784 4594
3673 100 2.3 -13272 4918
3721 100 2.3 -13392 4282
3769 100 2.3 -13240 3744
3817 100 2.3 -13428 4614
3867 100 2.3 -13276 3760
3916 100 2.3 -13400 3404
3967 100 2.3 -13472 4636
4018 100 2.3 -13596 4112
4070 100 2.3 -13556 4398
4122 100 2.3 -13664 4586
4176 100 2.3 -13936 5078
4229 100 2.3 -12980 3986
4284 100 2.3 -13340 3874
4339 100 2.3 -13748 4656
4395 100 2.3 -13088 3602
4452 100 2.3 -13452 4058
4509 100 2.3 -13884 4890
4567 100 2.3 -13608 4754
4626 100 2.3 -13148 3018
4686 100 2.3 -13704 2198
4746 100 2.3 -13684 2364
4808 100 2.3 -13232 1946
4870 100 2.3 -12824 1182
4932 100 2.3 -13192 1110
4996 100 2.3 -13852 1254
5060 100 2.3 -13516 1452
5126 100 2.3 -13044 1224
5192 100 2.3 -13624 758
5259 100 2.3 -12880 800
5327 100 2.3 -13240 890
5395 100 2.3 -13132 1346
5465 100 2.3 -13092 1438
5535 100 2.3 -13780 2136
5607 100 2.3 -13616 2992
5679 100 2.3 -13436 2912
5752 100 2.3 -13040 2836
5826 100 2.3 -13720 3312
5902 100 2.3 -13644 4404
5978 100 2.3 -13428 3912
6055 100 2.3 -13460 2726
6133 100 2.3 -13452 2806
6212 100 2.3 -13420 1692
6292 100 2.3 -13548 1874
6373 100 2.3 -13032 1066
6455 100 2.3 -13568 2234
6539 100 2.3 -13404 2778
6623 100 2.3 -13016 2534
6708 100 2.3 -13156 2640
6795 100 2.3 -13280 2122
6883 100 2.3 -13448 3056
6971 100 2.3 -13664 2280
7061 100 2.3 -13276 1382
7152 100 2.3 -12860 546
7245 100 2.3 -13084 1620
7338 100 2.3 -13200 1128
7433 100 2.3 -13324 920
7529 100 2.3 -13448 1036
7626 100 2.3 -13524 1828
7724 100 2.3 -13100 3052
7824 100 2.3 -13600 4622
7925 100 2.3 -12980 3590
8027 100 2.3 -13556 4630
8130 100 2.3 -13680 5206
8235 100 2.3 -13764 6122
8341 100 2.3 -14060 5858
8449 100 2.3 -13696 4736
8558 100 2.3 -13796 5060
8668 100 2.3 -13608 4796
8780 100 2.3 -13828 4772
8893 100 2.3 -13784 4556
9008 100 2.3 -13604 4442
9124 100 2.3 -13540 4898
9242 100 2.3 -13264 4616
9361 100 2.3 -13552 4622
9482 100 2.3 -13408 4044
9604 100 2.3 -13400 2652
9728 100 2.3 -13660 2866
9853 100 2.3 -13092 2762
9980 100 2.3 -13388 2180
10109 100 2.3 -14112 2108
10240 100 2.3 -13460 1642
10372 100 2.3 -13352 1300
10505 100 2.3 -13400 1712
10641 100 2.3 -13220 1936
10778 100 2.3 -12768 2222
10917 100 2.3 -13292 3694
11058 100 2.3 -13652 3550
11201 100 2.3 -13312 3158
11345 100 2.3 -12896 2438
11491 100 2.3 -13336 1484
11640 100 2.3 -13020 -84
11790 100 2.3 -13440 -1670
11942 100 2.3 -13388 -2588
12096 100 2.3 -13140 -2882
12252 100 2.3 -13548 -3590
12410 100 2.3 -13092 -1812
12570 100 2.3 -13348 892
12732 100 2.3 -13092 632
12896 100 2.3 -13076 -502
13062 100 2.3 -13888 -1904
13231 100 2.3 -13804 -2992
13402 100 2.3 -13988 -2568
13574 100 2.3 -13052 -2972
13750 100 2.3 -12940 -2322
13927 100 2.3 -13480 -1626
14106 100 2.3 -13464 -3110
14288 100 2.3 -13916 -5440
14473 100 2.3 -14264 -6516
14659 100 2.3 -13584 -5580
14848 100 2.3 -13724 -4820
15040 100 2.3 -13288 -3748
15234 100 2.3 -13376 -2990
15430 100 2.3 -13344 -2620
15629 100 2.3 -13244 -2584
15831 100 2.3 -13436 -2572
16035 100 2.3 -13036 -2252
16242 100 2.3 -13516 -2692
16451 100 2.3 -13500 -1218
16664 100 2.3 -13108 -1266
16879 100 2.3 -13200 150
17096 100 2.3 -13780 -294
17317 100 2.3 -13548 -12
17540 100 2.3 -13176 -1032
17766 100 2.3 -13040 -1316
17995 100 2.3 -13536 218
18228 100 2.3 -13388 1652
18463 100 2.3 -13432 2604
18701 100 2.3 -13700 1924
18942 100 2.3 -13436 1824
19186 100 2.3 -13508 318
19434 100 2.3 -13356 -242
19684 100 2.3 -13012 454
19938 100 2.3 -12928 68
20195 100 2.3 -13492 -332
20456 100 2.3 -13624 1250
20720 100 2.3 -13748 2862
20987 100 2.3 -13312 1054
21258 100 2.3 -13452 2748
21532 100 2.3 -13824 4364
21810 100 2.3 -13472 3466
22091 100 2.3 -13272 1088
22376 100 2.3 -12892 -548
22664 100 2.3 -13472 576
22957 100 2.3 -12784 -512
23253 100 2.3 -13364 -2174
23553 100 2.3 -13348 -1878
23856 100 2.3 -13488 -214
24164 100 2.3 -13388 188
24476 100 2.3 -13316 -1316
24791 100 2.3 -13588 -1944
25111 100 2.3 -13220 -2012
25435 100 2.3 -13328 -1850
25763 100 2.3 -13332 -2928
26095 100 2.3 -12784 -2324
26432 100 2.3 -12916 -2768
26773 100 2.3 -13256 -3702
27118 100 2.3 -13276 -2818
27468 100 2.3 -13844 -5772
27822 100 2.3 -13676 -5870
28181 100 2.3 -13464 -4480
28545 100 2.3 -13284 -4182
28913 100 2.3 -13692 -4648
29286 100 2.3 -13672 -3962
29663 100 2.3 -13636 -3326
30046 100 2.3 -12812 -2064
30434 100 2.3 -13336 -474
30826 100 2.3 -13540 -1258
31224 100 2.3 -13388 -1678
31626 100 2.3 -13968 -1722
32034 100 2.3 -13224 -1592
32447 100 2.3 -13572 -434
32866 100 2.3 -13448 -2570
33290 100 2.3 -13100 -2436
33719 100 2.3 -13104 -2290
34154 100 2.3 -13840 -2796
34595 100 2.3 -13768 -5076
35041 100 2.3 -13092 -2602
35493 100 2.3 -13944 -3522
35951 100 2.3 -13396 -1534
36414 100 2.3 -13400 -1810
36884 100 2.3 -12864 -2248
37360 100 2.3 -13376 -2512
37841 100 2.3 -12992 -526
38330 100 2.3 -12880 -2344
38824 100 2.3 -13876 -4380
39325 100 2.3 -13668 -5892
39832 100 2.3 -14256 -6762
40346 100 2.3 -13620 -5768
40866 100 2.3 -14580 -7158
41393 100 2.3 -13716 -5004
41927 100 2.3 -13780 -5156
42468 100 2.3 -14320 -6490
43015 100 2.3 -14160 -6334
43570 100 2.3 -14188 -6214
44132 100 2.3 -14144 -6422
44701 100 2.3 -13584 -4742
45278 100 2.3 -13688 -5860
45862 100 2.3 -13604 -3596
46453 100 2.3 -13980 -3400
47053 100 2.3 -13620 -2672
47660 100 2.3 -13704 -4622
48274 100 2.3 -14020 -5060
48897 100 2.3 -13708 -3714
49528 100 2.3 -13448 -5114
50166 100 2.3 -13452 -4250
50813 100 2.3 -13236 -80
51469 100 2.3 -12984 3410
52133 100 2.3 -13608 3984
52805 100 2.3 -12980 1748
53486 100 2.3 -12704 2538
54176 100 2.3 -13184 -1610
54875 100 2.3 -13724 -5302
55582 100 2.3 -13860 -4978
56299 100 2.3 -14184 -6306
57025 100 2.3 -13844 -6048
57761 100 2.3 -13440 -4758
58506 100 2.3 -13784 -5426
59261 100 2.3 -13464 -4892
60025 100 2.3 -13680 -4850
60799 100 2.3 -14112 -3752
61583 100 2.3 -13340 -5120
62378 100 2.3 -13072 -1418
63182 100 2.3 -13244 1814
63997 100 2.3 -13476 1586
64822 100 2.3 -13368 2270
65658 100 2.3 -13700 1274
66505 100 2.3 -14184 5814
67363 100 2.3 -13236 982
68232 100 2.3 -13344 -532
69112 100 2.3 -13660 -824
70003 100 2.3 -13436 950
70906 100 2.3 -13496 -138
71821 100 2.3 -13456 -2306
72747 100 2.3 -13652 -2110
73685 100 2.3 -13000 -2140
74636 100 2.3 -13276 -1874
75599 100 2.3 -14012 -4806
76574 100 2.3 -13476 -4068
77561 100 2.3 -14300 -5702
78562 100 2.3 -14052 -3170
79575 100 2.3 -13644 -2856
80601 100 2.3 -13728 -5210
81641 100 2.3 -13896 -5796
82694 100 2.3 -13864 -6100
83760 100 2.3 -13420 -4166
84841 100 2.3 -13232 -814
85935 100 2.3 -13256 2052
87043 100 2.3 -13456 458
88166 100 2.3 -13440 -14
89303 100 2.3 -13220 1958
90455 100 2.3 -13496 1832
91622 100 2.3 -13412 1866
92803 100 2.3 -13168 -540
94000 100 2.3 -13544 -1950
95213 100 2.3 -13512 -3300
96441 100 2.3 -13648 -1710
97685 100 2.3 -13564 -450
98945 100 2.3 -13056 -1190
100221 100 2.3 -13304 -2046
101513 100 2.3 -13788 -5024
102823 100 2.3 -13256 -4484
104149 100 2.3 -14176 -5586
105492 100 2.3 -14044 -6488
106853 100 2.3 -13776 -5922
108231 100 2.3 -13428 -914
109627 100 2.3 -13428 766
111041 100 2.3 -13644 4910
112473 100 2.3 -13544 4816
113924 100 2.3 -13312 1886
115393 100 2.3 -13468 4284
116882 100 2.3 -13124 3462
118389 100 2.3 -13404 306
119916 100 2.3 -14196 5398
121463 100 2.3 -13304 2574
123029 100 2.3 -14036 5178
124616 100 2.3 -13548 4228
126224 100 2.3 -13420 472
127852 100 2.3 -13144 2824
129501 100 2.3 -13104 -152
131171 100 2.3 -13756 1450
132863 100 2.3 -13612 3644
134576 100 2.3 -13884 5270
136312 100 2.3 -13804 3092
138070 100 2.3 -13220 1578
139851 100 2.3 -13392 2652
141655 100 2.3 -13064 1858
143482 100 2.3 -12444 -1998
145333 100 2.3 -13404 -4726
147207 100 2.3 -13660 -4982
149106 100 2.3 -13864 -6312
151029 100 2.3 -14392 -7254
152977 100 2.3 -13484 -4812
154950 100 2.3 -13384 -3200
156948 100 2.3 -13524 -4230
158973 100 2.3 -13460 -4230
161023 100 2.3 -13692 -2732
163100 100 2.3 -13444 -2444
165204 100 2.3 -13896 -4460
167334 100 2.3 -13868 -5748
169493 100 2.3 -13824 -3262
171679 100 2.3 -13308 -3528
173893 100 2.3 -13440 -3838
176136 100 2.3 -13424 -2194
178408 100 2.3 -13996 -4098
180709 100 2.3 -12952 -570
183040 100 2.3 -13620 -6148
185400 100 2.3 -13272 -2114
187792 100 2.3 -13788 -4330
190214 100 2.3 -13428 -3458
192667 100 2.3 -13620 -5416
195152 100 2.3 -13780 -3620
197669 100 2.3 -13924 -6410
200219 100 2.3 -14128 -5384
202801 100 2.3 -13708 -4232
205417 100 2.3 -13192 -938
208066 100 2.3 -14012 5102
210750 100 2.3 -13548 1152
213468 100 2.3 -13180 2546
216222 100 2.3 -13708 5276
219010 100 2.3 -13100 2550
221835 100 2.3 -13132 3312
224696 100 2.3 -13252 3404
227595 100 2.3 -13164 832
230530 100 2.3 -13012 -1506
233503 100 2.3 -13932 -3916
236515 100 2.3 -13464 -2704
239566 100 2.3 -13452 3478
242656 100 2.3 -13464 662
245785 100 2.3 -13452 -548
248956 100 2.3 -12988 -1246
252167 100 2.3 -13644 -4332
255419 100 2.3 -13528 -4710
258713 100 2.3 -13852 -2642
262050 100 2.3 -13876 5852
265430 100 2.3 -13696 5100
268854 100 2.3 -13532 5154
272321 100 2.3 -13628 3402
275834 100 2.3 -13344 3570
279391 100 2.3 -13756 5320
282995 100 2.3 -13320 -564
286645 100 2.3 -13808 -5960
290342 100 2.3 -13164 -5132
294087 100 2.3 -14132 -5930
297880 100 2.3 -13576 368
301722 100 2.3 -13604 -3410
305614 100 2.3 -12956 -1790
309556 100 2.3 -13632 -2078
313548 100 2.3 -13952 -5052
317592 100 2.3 -13916 -4972
321689 100 2.3 -13288 -4936
325838 100 2.3 -13320 -1696
330040 100 2.3 -13116 -5378
334297 100 2.3 -14248 -6806
338609 100 2.3 -13324 -3126
342976 100 2.3 -13100 -528
347400 100 2.3 -13472 1168
351881 100 2.3 -13680 688
356419 100 2.3 -13576 -434
361016 100 2.3 -13696 1688
365673 100 2.3 -13560 4916
370389 100 2.3 -13288 332
375167 100 2.3 -13276 3442
380005 100 2.3 -13356 4260
384907 100 2.3 -13800 5378
389871 100 2.3 -13788 4480
394900 100 2.3 -13200 2664
399993 100 2.3 -12956 2908
405152 100 2.3 -13544 1646
410378 100 2.3 -13284 2414
415671 100 2.3 -13456 32
421032 100 2.3 -13596 2442
426463 100 2.3 -13092 696
431963 100 2.3 -13576 -2900
437535 100 2.3 -13396 -5674
443178 100 2.3 -13884 -1434
448894 100 2.3 -13272 -4858
454684 100 2.3 -14000 -6250
460548 100 2.3 -13100 472
466489 100 2.3 -13232 1512
472505 100 2.3 -13608 -3818
478600 100 2.3 -13592 -3846
484773 100 2.3 -13964 -6272
491025 100 2.3 -13068 -3660
497358 100 2.3 -13692 -2156
503773 100 2.3 -13720 -2570
510271 100 2.3 -13020 2444
516852 100 2.3 -13388 4140
523519 100 2.3 -13340 -4790
530271 100 2.3 -12964 2530
537111 100 2.3 -13664 4202
544038 100 2.3 -13800 4836
551055 100 2.3 -13796 3302
558163 100 2.3 -13408 540
565362 100 2.3 -13280 1640
572654 100 2.3 -13768 296
580040 100 2.3 -13332 4736
587521 100 2.3 -13488 3140
595099 100 2.3 -14072 -6242
602775 100 2.3 -13064 582
610549 100 2.3 -13216 -1270
618424 100 2.3 -13692 3508
626400 100 2.3 -13324 4030
634480 100 2.3 -13488 4472
642663 100 2.3 -13976 5726
650952 100 2.3 -13532 5536
659348 100 2.3 -13508 4490
667853 100 2.3 -13688 3872
676467 100 2.3 -13340 2782
685192 100 2.3 -13724 3338
694029 100 2.3 -13212 3266
702981 100 2.3 -13864 5326
712048 100 2.3 -14008 3230
721232 100 2.3 -13608 4990
730534 100 2.3 -13516 1480
739957 100 2.3 -13160 -976
749500 100 2.3 -13684 -3860
759168 100 2.3 -13120 0
768959 100 2.3 -13844 4030
778877 100 2.3 -13372 2122
788923 100 2.3 -13336 884
799099 100 2.3 -13480 5050
809405 100 2.3 -13820 -4490
819845 100 2.3 -13556 2024
830419 100 2.3 -13740 -2992
841130 100 2.3 -13836 -3352
851979 100 2.3 -12988 2616
862968 100 2.3 -13344 -5758
874098 100 2.3 -13600 1398
885373 100 2.3 -13440 -328
896792 100 2.3 -12920 902
908359 100 2.3 -13520 5430
920075 100 2.3 -13432 4538
931942 100 2.3 -13668 2444
943962 100 2.3 -13388 5124
956137 100 2.3 -13196 2560
968470 100 2.3 -13568 1860
980961 100 2.3 -13788 -4538
993613 100 2.3 -13176 2332
999999 100 2.3 -13436 4958
