3 100 2.3 -16428 8822
4 100 2.3 -16216 8672
5 100 2.3 -16040 8524
6 100 2.3 -15448 8294
7 100 2.3 -15360 8216
8 100 2.3 -15208 8184
9 100 2.3 -15556 8290
10 100 2.3 -15568 8274
11 100 2.3 -15620 8346
12 100 2.3 -15380 8222
13 100 2.3 -15288 8164
14 100 2.3 -15140 8094
15 100 2.3 -15136 8030
16 100 2.3 -15136 8018
17 100 2.3 -15172 8088
18 100 2.3 -15092 8028
19 100 2.3 -14812 7858
20 100 2.3 -14808 7814
21 100 2.3 -14920 7798
22 100 2.3 -14884 7832
23 100 2.3 -14772 7796
24 100 2.3 -14876 7716
25 100 2.3 -14668 7622
26 100 2.3 -14636 7620
27 100 2.3 -14584 7606
28 100 2.3 -14652 7538
29 100 2.3 -14736 7488
30 100 2.3 -14728 7386
31 100 2.3 -14720 7470
32 100 2.3 -14408 7340
33 100 2.3 -14424 7370
34 100 2.3 -14504 7360
35 100 2.3 -14660 7460
36 100 2.3 -14472 7216
37 100 2.3 -14344 7252
38 100 2.3 -14700 7366
39 100 2.3 -14632 7290
40 100 2.3 -14536 7324
41 100 2.3 -14480 7286
42 100 2.3 -14620 7422
43 100 2.3 -14544 7370
44 100 2.3 -14472 7362
45 100 2.3 -14576 7330
46 100 2.3 -14672 7320
47 100 2.3 -14436 7240
48 100 2.3 -14268 7218
49 100 2.3 -14440 7264
50 100 2.3 -14164 7214
51 100 2.3 -14392 7314
52 100 2.3 -14388 7204
53 100 2.3 -14308 7224
54 100 2.3 -14580 7288
55 100 2.3 -14328 7232
56 100 2.3 -14188 7308
57 100 2.3 -14376 7398
58 100 2.3 -14468 7380
59 100 2.3 -14664 7352
60 100 2.3 -14444 7290
61 100 2.3 -14196 7080
62 100 2.3 -14128 7068
63 100 2.3 -14072 6978
64 100 2.3 -14128 6928
65 100 2.3 -14236 7052
66 100 2.3 -14200 7046
67 100 2.3 -14120 6948
68 100 2.3 -14032 6956
69 100 2.3 -14148 7024
70 100 2.3 -14140 6990
71 100 2.3 -14284 7114
72 100 2.3 -14284 7068
73 100 2.3 -14300 7054
74 100 2.3 -14208 7078
75 100 2.3 -14252 7072
76 100 2.3 -14280 6948
77 100 2.3 -14176 6932
78 100 2.3 -14212 6948
79 100 2.3 -14292 6972
80 100 2.3 -14276 6954
81 100 2.3 -14180 6988
82 100 2.3 -14356 7016
83 100 2.3 -14228 6960
84 100 2.3 -14316 6984
85 100 2.3 -14468 6988
86 100 2.3 -14356 7018
88 100 2.3 -14224 6974
89 100 2.3 -13932 6834
90 100 2.3 -13960 6878
91 100 2.3 -13944 6940
92 100 2.3 -13900 6798
93 100 2.3 -13824 6770
95 100 2.3 -13924 6848
96 100 2.3 -14228 7020
97 100 2.3 -14040 7016
98 100 2.3 -14104 7104
99 100 2.3 -14204 7094
101 100 2.3 -14256 7108
102 100 2.3 -14204 7068
103 100 2.3 -14252 7072
105 100 2.3 -14600 7126
106 100 2.3 -14388 7156
107 100 2.3 -14348 7090
109 100 2.3 -14364 7000
110 100 2.3 -14448 7052
112 100 2.3 -14256 7132
113 100 2.3 -14412 7118
114 100 2.3 -14384 7080
116 100 2.3 -14556 7030
117 100 2.3 -14400 6846
119 100 2.3 -14172 6770
120 100 2.3 -14440 7008
122 100 2.3 -14504 7168
124 100 2.3 -14252 7080
125 100 2.3 -14268 7086
127 100 2.3 -14128 7074
128 100 2.3 -14096 7032
130 100 2.3 -13940 6870
132 100 2.3 -13912 6796
133 100 2.3 -13924 6762
135 100 2.3 -14084 6778
137 100 2.3 -14196 6966
139 100 2.3 -14308 7000
140 100 2.3 -14440 7138
142 100 2.3 -14272 7180
144 100 2.3 -14240 7114
146 100 2.3 -14316 7144
148 100 2.3 -14160 7036
150 100 2.3 -14164 7074
152 100 2.3 -14148 7034
154 100 2.3 -14328 7044
155 100 2.3 -14416 7140
157 100 2.3 -13860 6822
160 100 2.3 -13936 6860
162 100 2.3 -13880 6910
164 100 2.3 -14248 7026
166 100 2.3 -14412 7002
168 100 2.3 -14060 6960
170 100 2.3 -14156 6960
172 100 2.3 -14104 6886
174 100 2.3 -14184 6974
177 100 2.3 -13972 6862
179 100 2.3 -13828 6892
181 100 2.3 -13936 6998
184 100 2.3 -13844 7002
186 100 2.3 -14164 7096
188 100 2.3 -14168 7110
191 100 2.3 -14304 7118
193 100 2.3 -14312 6988
196 100 2.3 -13940 6912
198 100 2.3 -13916 6862
201 100 2.3 -14328 6990
203 100 2.3 -14284 6928
206 100 2.3 -14244 7004
209 100 2.3 -14308 6914
211 100 2.3 -14276 6870
214 100 2.3 -14168 6828
217 100 2.3 -14024 6626
220 100 2.3 -14136 6662
222 100 2.3 -14112 6618
225 100 2.3 -13652 6292
228 100 2.3 -13816 6334
231 100 2.3 -13960 6334
234 100 2.3 -14092 6404
237 100 2.3 -14416 6454
240 100 2.3 -14096 6320
243 100 2.3 -13732 6154
246 100 2.3 -13728 6018
250 100 2.3 -13824 5900
253 100 2.3 -13924 6060
256 100 2.3 -14208 6132
259 100 2.3 -13724 5626
263 100 2.3 -13584 5774
266 100 2.3 -13356 5644
269 100 2.3 -13348 5510
273 100 2.3 -13324 5666
276 100 2.3 -13348 5594
280 100 2.3 -13628 5614
284 100 2.3 -13704 5736
287 100 2.3 -13704 5784
291 100 2.3 -14028 5860
295 100 2.3 -13916 5840
298 100 2.3 -13864 6020
302 100 2.3 -13888 5952
306 100 2.3 -13496 5826
310 100 2.3 -13916 6182
314 100 2.3 -13800 6208
318 100 2.3 -13940 6134
322 100 2.3 -13840 5916
326 100 2.3 -13984 6174
331 100 2.3 -13900 6096
335 100 2.3 -14396 6494
339 100 2.3 -13924 6600
344 100 2.3 -14044 6826
348 100 2.3 -14100 6958
352 100 2.3 -14140 7018
357 100 2.3 -13568 6564
362 100 2.3 -13656 6504
366 100 2.3 -13888 6578
371 100 2.3 -13808 6774
376 100 2.3 -14312 6932
381 100 2.3 -14552 7072
385 100 2.3 -14208 6934
390 100 2.3 -14448 7014
395 100 2.3 -14468 7094
401 100 2.3 -14468 7110
406 100 2.3 -13940 6810
411 100 2.3 -14532 7162
416 100 2.3 -14536 7320
422 100 2.3 -14376 6962
427 100 2.3 -14032 6782
433 100 2.3 -14440 6974
438 100 2.3 -14364 6812
444 100 2.3 -14208 6820
449 100 2.3 -14068 6834
455 100 2.3 -14416 7120
461 100 2.3 -13996 6740
467 100 2.3 -14060 6668
473 100 2.3 -14376 6716
479 100 2.3 -13940 6508
485 100 2.3 -14088 6574
492 100 2.3 -13792 6384
498 100 2.3 -13880 6208
504 100 2.3 -13776 6204
511 100 2.3 -14004 6162
517 100 2.3 -14048 6410
524 100 2.3 -14296 6680
531 100 2.3 -13976 6604
538 100 2.3 -14400 7082
545 100 2.3 -13992 6800
552 100 2.3 -14344 6964
559 100 2.3 -14068 6576
566 100 2.3 -14220 6904
573 100 2.3 -14240 6918
581 100 2.3 -14528 7124
588 100 2.3 -14156 6616
596 100 2.3 -13824 6250
603 100 2.3 -13944 6348
611 100 2.3 -14052 6434
619 100 2.3 -13912 6244
627 100 2.3 -14240 6526
635 100 2.3 -13896 6580
643 100 2.3 -14092 6646
652 100 2.3 -13980 6706
660 100 2.3 -13708 6580
668 100 2.3 -13736 6354
677 100 2.3 -13928 6288
686 100 2.3 -13420 5926
695 100 2.3 -13180 5590
704 100 2.3 -13776 6168
713 100 2.3 -14016 6446
722 100 2.3 -13716 6130
731 100 2.3 -14100 6146
741 100 2.3 -13512 5798
750 100 2.3 -14380 6334
760 100 2.3 -14128 6418
770 100 2.3 -13904 6382
780 100 2.3 -13924 6430
790 100 2.3 -14104 6314
800 100 2.3 -13692 6220
810 100 2.3 -13620 6112
821 100 2.3 -13652 6228
831 100 2.3 -13840 6110
842 100 2.3 -13668 6104
853 100 2.3 -13652 5496
864 100 2.3 -13660 5418
875 100 2.3 -13708 5414
886 100 2.3 -13512 5652
897 100 2.3 -13588 5692
909 100 2.3 -13312 5396
921 100 2.3 -14168 6086
933 100 2.3 -13364 5536
945 100 2.3 -13620 5646
957 100 2.3 -13304 5174
969 100 2.3 -14116 5704
982 100 2.3 -14016 5802
994 100 2.3 -13832 5516
1007 100 2.3 -13308 5126
1020 100 2.3 -13656 4962
1033 100 2.3 -12992 4504
1047 100 2.3 -13296 4458
1060 100 2.3 -13492 4988
1074 100 2.3 -13180 4750
1088 100 2.3 -13276 4488
1102 100 2.3 -13416 5026
1116 100 2.3 -13516 5198
1130 100 2.3 -14028 5296
1145 100 2.3 -13592 5292
1160 100 2.3 -13756 5092
1174 100 2.3 -14072 5446
1190 100 2.3 -14196 5522
1205 100 2.3 -13740 5466
1220 100 2.3 -13956 5218
1236 100 2.3 -13476 4896
1252 100 2.3 -13492 4944
1268 100 2.3 -13912 4980
1285 100 2.3 -13556 4352
1301 100 2.3 -13652 4722
1318 100 2.3 -13456 4494
1335 100 2.3 -13560 4470
1352 100 2.3 -13356 4402
1370 100 2.3 -13768 4626
1387 100 2.3 -13780 4726
1405 100 2.3 -13732 4772
1423 100 2.3 -14176 4994
1442 100 2.3 -14004 4738
1460 100 2.3 -13704 4626
1479 100 2.3 -13584 4184
1498 100 2.3 -13588 4778
1517 100 2.3 -13992 4878
1537 100 2.3 -13960 5198
1557 100 2.3 -13904 4824
1577 100 2.3 -13668 4522
1597 100 2.3 -13900 4198
1618 100 2.3 -13780 4368
1639 100 2.3 -13628 4548
1660 100 2.3 -13984 5158
1681 100 2.3 -13948 4810
1703 100 2.3 -14164 5614
1725 100 2.3 -14096 5620
1747 100 2.3 -14464 5736
1770 100 2.3 -14252 5534
1792 100 2.3 -14084 4972
1816 100 2.3 -14028 5316
1839 100 2.3 -14204 5364
1863 100 2.3 -13204 4934
1887 100 2.3 -14180 5698
1911 100 2.3 -14228 5936
1936 100 2.3 -14404 5818
1961 100 2.3 -13948 4954
1986 100 2.3 -13576 5216
2012 100 2.3 -13360 4910
2037 100 2.3 -13712 5320
2064 100 2.3 -13916 4520
2090 100 2.3 -13452 3152
2117 100 2.3 -13660 3524
2145 100 2.3 -13560 3550
2172 100 2.3 -13344 2666
2200 100 2.3 -13636 2662
2229 100 2.3 -13620 3538
2257 100 2.3 -13512 3338
2286 100 2.3 -13112 2984
2316 100 2.3 -13244 2554
2346 100 2.3 -13096 1846
2376 100 2.3 -13724 2136
2407 100 2.3 -13068 2196
2438 100 2.3 -13368 2166
2469 100 2.3 -13184 2352
2501 100 2.3 -13276 3120
2533 100 2.3 -13336 4118
2566 100 2.3 -13272 3740
2599 100 2.3 -13712 4162
2633 100 2.3 -13380 3642
2667 100 2.3 -13240 3382
2701 100 2.3 -13160 3530
2736 100 2.3 -13668 2980
2771 100 2.3 -13408 3200
2807 100 2.3 -13324 3378
2843 100 2.3 -13440 3612
2880 100 2.3 -13636 3846
2917 100 2.3 -13680 3692
2954 100 2.3 -13436 4302
2992 100 2.3 -13272 4252
3031 100 2.3 -13824 4470
3070 100 2.3 -13692 5000
3110 100 2.3 -13768 5454
3150 100 2.3 -13532 4898
3190 100 2.3 -13032 3746
3232 100 2.3 -13180 3438
3273 100 2.3 -12788 2842
3315 100 2.3 -13312 2226
3358 100 2.3 -13276 2826
3402 100 2.3 -13384 3028
3445 100 2.3 -13268 2274
3490 100 2.3 -13276 2900
3535 100 2.3 -13672 3644
3580 100 2.3 -13580 4364
3627 100 2.3 -13540 3786
3673 100 2.3 -13540 4360
3721 100 2.3 -13564 4716
3769 100 2.3 -13156 3954
3817 100 2.3 -13396 4614
3867 100 2.3 -13620 4472
3916 100 2.3 -13588 3862
3967 100 2.3 -13440 4344
4018 100 2.3 -12852 3626
4070 100 2.3 -13716 3454
4122 100 2.3 -13360 3230
4176 100 2.3 -13540 3102
4229 100 2.3 -13508 2444
4284 100 2.3 -13260 1518
4339 100 2.3 -13108 1862
4395 100 2.3 -13220 2086
4452 100 2.3 -13276 948
4509 100 2.3 -13308 1172
4567 100 2.3 -13948 1300
4626 100 2.3 -13668 2444
4686 100 2.3 -13624 2698
4746 100 2.3 -13424 2880
4808 100 2.3 -13704 2588
4870 100 2.3 -13236 2448
4932 100 2.3 -13116 2902
4996 100 2.3 -13272 2874
5060 100 2.3 -13020 2854
5126 100 2.3 -13332 3032
5192 100 2.3 -13192 3156
5259 100 2.3 -13020 2674
5327 100 2.3 -13040 2194
5395 100 2.3 -13376 1990
5465 100 2.3 -13388 2178
5535 100 2.3 -13476 3316
5607 100 2.3 -13636 3718
5679 100 2.3 -13432 3290
5752 100 2.3 -12976 1380
5826 100 2.3 -13380 -258
5902 100 2.3 -13136 844
5978 100 2.3 -12884 -104
6055 100 2.3 -12868 688
6133 100 2.3 -13076 566
6212 100 2.3 -13292 834
6292 100 2.3 -13280 1642
6373 100 2.3 -13028 2112
6455 100 2.3 -12888 1356
6539 100 2.3 -13232 1514
6623 100 2.3 -13200 1932
6708 100 2.3 -13852 2162
6795 100 2.3 -13412 1394
6883 100 2.3 -13376 3488
6971 100 2.3 -13220 3838
7061 100 2.3 -14080 4600
7152 100 2.3 -13648 4142
7245 100 2.3 -13352 4506
7338 100 2.3 -13916 6756
7433 100 2.3 -14164 6350
7529 100 2.3 -14176 6328
7626 100 2.3 -14240 6882
7724 100 2.3 -14424 6502
7824 100 2.3 -13936 6126
7925 100 2.3 -14104 6130
8027 100 2.3 -13940 6300
8130 100 2.3 -13904 6022
8235 100 2.3 -13596 5648
8341 100 2.3 -14048 6402
8449 100 2.3 -13684 6444
8558 100 2.3 -13984 5682
8668 100 2.3 -13716 5854
8780 100 2.3 -13824 5908
8893 100 2.3 -13388 5776
9008 100 2.3 -13768 5506
9124 100 2.3 -14116 5302
9242 100 2.3 -12884 4478
9361 100 2.3 -13252 4908
9482 100 2.3 -13628 5540
9604 100 2.3 -13596 4848
9728 100 2.3 -13416 3774
9853 100 2.3 -13448 3488
9980 100 2.3 -13468 1624
10109 100 2.3 -13580 2110
10240 100 2.3 -13696 822
10372 100 2.3 -12976 -4
10505 100 2.3 -13300 -1116
10641 100 2.3 -13436 -302
10778 100 2.3 -13320 -676
10917 100 2.3 -13680 256
11058 100 2.3 -13396 1828
11201 100 2.3 -13896 2712
11345 100 2.3 -13720 1420
11491 100 2.3 -13176 94
11640 100 2.3 -13392 1066
11790 100 2.3 -13448 10
11942 100 2.3 -13224 882
12096 100 2.3 -13380 1204
12252 100 2.3 -13444 922
12410 100 2.3 -13240 -4
12570 100 2.3 -13848 1018
12732 100 2.3 -13416 230
12896 100 2.3 -12884 248
13062 100 2.3 -13444 798
13231 100 2.3 -13412 722
13402 100 2.3 -13204 542
13574 100 2.3 -13696 1894
13750 100 2.3 -13280 2278
13927 100 2.3 -13572 3354
14106 100 2.3 -12904 1952
14288 100 2.3 -13192 1278
14473 100 2.3 -13472 1344
14659 100 2.3 -12836 1030
14848 100 2.3 -13396 3394
15040 100 2.3 -13688 2964
15234 100 2.3 -13832 918
15430 100 2.3 -12964 -578
15629 100 2.3 -13896 -1408
15831 100 2.3 -12892 -526
16035 100 2.3 -13456 -1372
16242 100 2.3 -13584 -176
16451 100 2.3 -12992 -1088
16664 100 2.3 -13152 -1984
16879 100 2.3 -13616 -2382
17096 100 2.3 -13356 -834
17317 100 2.3 -13024 -2218
17540 100 2.3 -13400 -2670
17766 100 2.3 -13244 -2258
17995 100 2.3 -13224 -1754
18228 100 2.3 -13284 -2566
18463 100 2.3 -13104 -1674
18701 100 2.3 -13228 -1358
18942 100 2.3 -13196 -738
19186 100 2.3 -13244 76
19434 100 2.3 -12964 920
19684 100 2.3 -13076 460
19938 100 2.3 -13504 658
20195 100 2.3 -13152 2302
20456 100 2.3 -13232 1002
20720 100 2.3 -13392 3964
20987 100 2.3 -13276 3486
21258 100 2.3 -13232 1454
21532 100 2.3 -13332 708
21810 100 2.3 -13432 672
22091 100 2.3 -13556 1818
22376 100 2.3 -13180 1082
22664 100 2.3 -13280 2336
22957 100 2.3 -13636 3424
23253 100 2.3 -13684 3350
23553 100 2.3 -13544 4340
23856 100 2.3 -13672 4194
24164 100 2.3 -13824 3770
24476 100 2.3 -13172 2512
24791 100 2.3 -13212 4598
25111 100 2.3 -13648 4600
25435 100 2.3 -13580 2018
25763 100 2.3 -13316 2662
26095 100 2.3 -12788 -174
26432 100 2.3 -13544 2826
26773 100 2.3 -13136 1840
27118 100 2.3 -13232 3936
27468 100 2.3 -13824 2334
27822 100 2.3 -13404 3286
28181 100 2.3 -13164 4810
28545 100 2.3 -13848 5760
28913 100 2.3 -14140 7030
29286 100 2.3 -13968 5870
29663 100 2.3 -13508 5304
30046 100 2.3 -13644 4184
30434 100 2.3 -13404 3698
30826 100 2.3 -13780 3452
31224 100 2.3 -13420 1978
31626 100 2.3 -13580 3496
32034 100 2.3 -12972 3470
32447 100 2.3 -13392 1584
32866 100 2.3 -13360 234
33290 100 2.3 -13524 -334
33719 100 2.3 -13576 -4436
34154 100 2.3 -12916 -1234
34595 100 2.3 -13332 796
35041 100 2.3 -13448 3168
35493 100 2.3 -13468 2942
35951 100 2.3 -13472 4642
36414 100 2.3 -13688 5086
36884 100 2.3 -13432 4496
37360 100 2.3 -12984 3660
37841 100 2.3 -13760 5516
38330 100 2.3 -13300 4410
38824 100 2.3 -13316 4972
39325 100 2.3 -13516 4604
39832 100 2.3 -13452 5120
40346 100 2.3 -13304 3112
40866 100 2.3 -13264 2348
41393 100 2.3 -13272 1748
41927 100 2.3 -13132 -418
42468 100 2.3 -13736 -1114
43015 100 2.3 -13544 -1212
43570 100 2.3 -13048 -2212
44132 100 2.3 -13876 -3910
44701 100 2.3 -13844 -4970
45278 100 2.3 -13888 -5688
45862 100 2.3 -13464 -2880
46453 100 2.3 -13136 -2884
47053 100 2.3 -13160 -1298
47660 100 2.3 -13312 -1370
48274 100 2.3 -13452 2234
48897 100 2.3 -13064 2966
49528 100 2.3 -14068 6384
50166 100 2.3 -14120 5792
50813 100 2.3 -13996 6340
51469 100 2.3 -13568 5238
52133 100 2.3 -13096 1036
52805 100 2.3 -13380 764
53486 100 2.3 -13908 -758
54176 100 2.3 -13864 2184
54875 100 2.3 -13384 2000
55582 100 2.3 -12976 772
56299 100 2.3 -12876 304
57025 100 2.3 -13360 1318
57761 100 2.3 -12700 -1108
58506 100 2.3 -12836 -2410
59261 100 2.3 -12760 1010
60025 100 2.3 -12848 -232
60799 100 2.3 -12996 2814
61583 100 2.3 -13688 5736
62378 100 2.3 -13060 4190
63182 100 2.3 -13656 840
63997 100 2.3 -13504 -468
64822 100 2.3 -13496 902
65658 100 2.3 -13556 -2722
66505 100 2.3 -13168 1660
67363 100 2.3 -13260 1232
68232 100 2.3 -13368 2982
69112 100 2.3 -13592 4452
70003 100 2.3 -13456 4746
70906 100 2.3 -13660 3494
71821 100 2.3 -13312 630
72747 100 2.3 -13388 -1046
73685 100 2.3 -13060 602
74636 100 2.3 -13332 730
75599 100 2.3 -13752 3932
76574 100 2.3 -13884 3960
77561 100 2.3 -13544 4516
78562 100 2.3 -13360 4624
79575 100 2.3 -13248 780
80601 100 2.3 -13124 1038
81641 100 2.3 -13016 588
82694 100 2.3 -13364 -3268
83760 100 2.3 -13676 -4852
84841 100 2.3 -13588 -3654
85935 100 2.3 -13088 -2702
87043 100 2.3 -13084 2134
88166 100 2.3 -12988 2438
89303 100 2.3 -13768 2848
90455 100 2.3 -13560 3372
91622 100 2.3 -13016 3440
92803 100 2.3 -13544 5412
94000 100 2.3 -13288 4386
95213 100 2.3 -13228 -188
96441 100 2.3 -13180 -2470
97685 100 2.3 -13668 -4088
98945 100 2.3 -13176 -3616
100221 100 2.3 -13772 -4442
101513 100 2.3 -13632 -212
102823 100 2.3 -13480 2184
104149 100 2.3 -13340 1878
105492 100 2.3 -12920 558
106853 100 2.3 -13884 6444
108231 100 2.3 -13876 5218
109627 100 2.3 -13744 5236
111041 100 2.3 -13984 3184
112473 100 2.3 -13208 1880
113924 100 2.3 -13440 2016
115393 100 2.3 -13448 4696
116882 100 2.3 -13732 5778
118389 100 2.3 -13412 2514
119916 100 2.3 -14160 2752
121463 100 2.3 -13288 1540
123029 100 2.3 -12988 -2070
124616 100 2.3 -13864 216
126224 100 2.3 -13076 872
127852 100 2.3 -13116 3482
129501 100 2.3 -13152 874
131171 100 2.3 -12936 2048
132863 100 2.3 -13240 528
134576 100 2.3 -13264 3558
136312 100 2.3 -14204 6946
138070 100 2.3 -13236 3830
139851 100 2.3 -13648 4566
141655 100 2.3 -13580 5316
143482 100 2.3 -13164 4010
145333 100 2.3 -13648 14
147207 100 2.3 -13332 1802
149106 100 2.3 -13096 2584
151029 100 2.3 -13576 3594
152977 100 2.3 -13808 5704
154950 100 2.3 -13848 6604
156948 100 2.3 -13280 3812
158973 100 2.3 -13580 4652
161023 100 2.3 -13248 1240
163100 100 2.3 -13308 1620
165204 100 2.3 -13012 1870
167334 100 2.3 -14076 6516
169493 100 2.3 -13388 -268
171679 100 2.3 -13484 5626
173893 100 2.3 -14004 5674
176136 100 2.3 -14196 4882
178408 100 2.3 -13748 5632
180709 100 2.3 -13444 4668
183040 100 2.3 -13920 5898
185400 100 2.3 -13696 -972
187792 100 2.3 -13480 688
190214 100 2.3 -13668 4390
192667 100 2.3 -13712 3728
195152 100 2.3 -13656 4212
197669 100 2.3 -13628 388
200219 100 2.3 -13672 -1044
202801 100 2.3 -13284 2378
205417 100 2.3 -13192 -928
208066 100 2.3 -14200 -5970
210750 100 2.3 -12768 -220
213468 100 2.3 -13556 -3886
216222 100 2.3 -13256 -2524
219010 100 2.3 -13068 -988
221835 100 2.3 -13176 -2406
224696 100 2.3 -13436 3502
227595 100 2.3 -13308 5362
230530 100 2.3 -13516 4654
233503 100 2.3 -13496 1182
236515 100 2.3 -13532 1688
239566 100 2.3 -13468 3260
242656 100 2.3 -13540 3588
245785 100 2.3 -13596 5790
248956 100 2.3 -13596 5852
252167 100 2.3 -13420 5900
255419 100 2.3 -13144 2896
258713 100 2.3 -13560 1848
262050 100 2.3 -13744 4838
265430 100 2.3 -13848 1346
268854 100 2.3 -13280 1974
272321 100 2.3 -13676 1716
275834 100 2.3 -13552 1404
279391 100 2.3 -13380 3036
282995 100 2.3 -14376 6102
286645 100 2.3 -13204 -1376
290342 100 2.3 -13192 476
294087 100 2.3 -13748 -5418
297880 100 2.3 -14248 -6384
301722 100 2.3 -13484 -2110
305614 100 2.3 -13204 3964
309556 100 2.3 -14020 6386
313548 100 2.3 -13180 612
317592 100 2.3 -13136 -3468
321689 100 2.3 -13408 -2826
325838 100 2.3 -13796 -6240
330040 100 2.3 -14028 -6646
334297 100 2.3 -13264 -1920
338609 100 2.3 -14156 2486
342976 100 2.3 -13104 888
347400 100 2.3 -13636 3946
351881 100 2.3 -13456 -2080
356419 100 2.3 -13288 2848
361016 100 2.3 -13404 2890
365673 100 2.3 -13300 4174
370389 100 2.3 -13680 4544
375167 100 2.3 -13448 4812
380005 100 2.3 -13524 3942
384907 100 2.3 -12836 2368
389871 100 2.3 -13324 1626
394900 100 2.3 -12888 2318
399993 100 2.3 -13384 -440
405152 100 2.3 -13768 -5142
410378 100 2.3 -13688 -5138
415671 100 2.3 -13132 -2422
421032 100 2.3 -13768 -180
426463 100 2.3 -13824 -5038
431963 100 2.3 -13684 2644
437535 100 2.3 -13356 -2984
443178 100 2.3 -13560 -3952
448894 100 2.3 -13200 912
454684 100 2.3 -12992 1868
460548 100 2.3 -13364 -3310
466489 100 2.3 -13924 -3760
472505 100 2.3 -13200 -3426
478600 100 2.3 -14140 6882
484773 100 2.3 -13808 5690
491025 100 2.3 -13300 -4628
497358 100 2.3 -13396 -188
503773 100 2.3 -13276 5124
510271 100 2.3 -13148 -3428
516852 100 2.3 -13512 -3578
523519 100 2.3 -13308 4854
530271 100 2.3 -13500 -2244
537111 100 2.3 -13232 1536
544038 100 2.3 -13108 -2238
551055 100 2.3 -13772 3558
558163 100 2.3 -13292 3850
565362 100 2.3 -13428 4028
572654 100 2.3 -13512 -2826
580040 100 2.3 -13312 3330
587521 100 2.3 -12904 -1408
595099 100 2.3 -13900 -5946
602775 100 2.3 -13724 -4386
610549 100 2.3 -13328 588
618424 100 2.3 -13168 2582
626400 100 2.3 -12624 190
634480 100 2.3 -13692 -1984
642663 100 2.3 -13572 3168
650952 100 2.3 -13920 -5596
659348 100 2.3 -13980 -5860
667853 100 2.3 -13080 28
676467 100 2.3 -13828 5136
685192 100 2.3 -14112 5034
694029 100 2.3 -13604 686
702981 100 2.3 -13356 1540
712048 100 2.3 -13104 1580
721232 100 2.3 -13404 4994
730534 100 2.3 -13236 2362
739957 100 2.3 -13172 -2086
749500 100 2.3 -13588 -5984
759168 100 2.3 -13100 -1534
768959 100 2.3 -13364 844
778877 100 2.3 -13616 2710
788923 100 2.3 -14128 5590
799099 100 2.3 -13284 -234
809405 100 2.3 -13488 -5470
819845 100 2.3 -13760 -5472
830419 100 2.3 -13344 -5270
841130 100 2.3 -13084 -1944
851979 100 2.3 -12964 -4340
862968 100 2.3 -13416 -2608
874098 100 2.3 -14176 -5182
885373 100 2.3 -12972 -3558
896792 100 2.3 -12884 -260
908359 100 2.3 -13412 -4280
920075 100 2.3 -13308 1166
931942 100 2.3 -13220 -2200
943962 100 2.3 -13628 4302
956137 100 2.3 -13716 4846
968470 100 2.3 -13500 -5522
980961 100 2.3 -13660 3440
993613 100 2.3 -13536 4260
999999 100 2.3 -13076 -1502
