3 20 2.1 -716 374
4 20 2.1 -684 360
5 20 2.1 -652 352
6 20 2.1 -680 362
7 20 2.1 -700 360
8 20 2.1 -612 332
9 20 2.1 -648 344
10 20 2.1 -684 356
11 20 2.1 -652 352
12 20 2.1 -680 362
13 20 2.1 -656 354
14 20 2.1 -636 346
15 20 2.1 -620 342
16 20 2.1 -608 340
17 20 2.1 -664 360
18 20 2.1 -648 352
19 20 2.1 -648 352
20 20 2.1 -688 366
21 20 2.1 -692 368
22 20 2.1 -664 354
23 20 2.1 -616 338
24 20 2.1 -620 340
25 20 2.1 -612 332
26 20 2.1 -600 336
27 20 2.1 -652 348
28 20 2.1 -628 334
29 20 2.1 -596 324
30 20 2.1 -600 326
31 20 2.1 -644 348
32 20 2.1 -644 346
33 20 2.1 -628 342
34 20 2.1 -684 350
35 20 2.1 -692 362
36 20 2.1 -736 376
37 20 2.1 -704 362
38 20 2.1 -668 350
39 20 2.1 -660 340
40 20 2.1 -676 352
41 20 2.1 -688 352
42 20 2.1 -688 358
43 20 2.1 -684 368
44 20 2.1 -728 378
45 20 2.1 -712 372
46 20 2.1 -688 366
47 20 2.1 -716 376
48 20 2.1 -668 364
49 20 2.1 -632 354
50 20 2.1 -656 350
51 20 2.1 -644 334
52 20 2.1 -588 316
53 20 2.1 -588 314
54 20 2.1 -676 344
55 20 2.1 -656 340
56 20 2.1 -636 346
57 20 2.1 -636 348
58 20 2.1 -636 346
59 20 2.1 -688 370
60 20 2.1 -656 354
61 20 2.1 -672 360
62 20 2.1 -680 360
63 20 2.1 -756 388
64 20 2.1 -708 374
65 20 2.1 -716 374
66 20 2.1 -728 380
67 20 2.1 -688 368
68 20 2.1 -676 362
69 20 2.1 -704 368
70 20 2.1 -724 372
71 20 2.1 -736 382
72 20 2.1 -748 384
73 20 2.1 -740 384
74 20 2.1 -752 388
75 20 2.1 -740 384
76 20 2.1 -708 372
77 20 2.1 -724 378
78 20 2.1 -676 354
79 20 2.1 -664 356
80 20 2.1 -668 358
81 20 2.1 -704 368
82 20 2.1 -732 376
83 20 2.1 -696 368
84 20 2.1 -660 358
85 20 2.1 -700 368
86 20 2.1 -692 370
88 20 2.1 -688 370
89 20 2.1 -696 368
90 20 2.1 -724 378
91 20 2.1 -660 358
92 20 2.1 -668 356
93 20 2.1 -668 358
95 20 2.1 -684 362
96 20 2.1 -656 350
97 20 2.1 -624 340
98 20 2.1 -636 344
99 20 2.1 -704 360
101 20 2.1 -656 328
102 20 2.1 -604 322
103 20 2.1 -616 316
105 20 2.1 -644 336
106 20 2.1 -668 344
107 20 2.1 -632 326
109 20 2.1 -680 314
110 20 2.1 -660 312
112 20 2.1 -648 316
113 20 2.1 -620 308
114 20 2.1 -628 298
116 20 2.1 -616 294
117 20 2.1 -592 294
119 20 2.1 -588 274
120 20 2.1 -580 266
122 20 2.1 -628 280
124 20 2.1 -556 286
125 20 2.1 -568 306
127 20 2.1 -632 318
128 20 2.1 -644 320
130 20 2.1 -660 322
132 20 2.1 -632 320
133 20 2.1 -636 330
135 20 2.1 -600 304
137 20 2.1 -568 314
139 20 2.1 -668 350
140 20 2.1 -644 348
142 20 2.1 -704 366
144 20 2.1 -676 364
146 20 2.1 -696 366
148 20 2.1 -676 366
150 20 2.1 -684 368
152 20 2.1 -664 356
154 20 2.1 -636 346
155 20 2.1 -672 360
157 20 2.1 -652 338
160 20 2.1 -664 346
162 20 2.1 -696 368
164 20 2.1 -684 362
166 20 2.1 -712 376
168 20 2.1 -636 344
170 20 2.1 -652 348
172 20 2.1 -624 324
174 20 2.1 -660 346
177 20 2.1 -636 334
179 20 2.1 -716 366
181 20 2.1 -696 348
184 20 2.1 -644 344
186 20 2.1 -640 346
188 20 2.1 -648 342
191 20 2.1 -568 298
193 20 2.1 -668 344
196 20 2.1 -652 336
198 20 2.1 -652 340
201 20 2.1 -648 340
203 20 2.1 -552 290
206 20 2.1 -636 314
209 20 2.1 -608 324
211 20 2.1 -620 332
214 20 2.1 -660 344
217 20 2.1 -588 316
220 20 2.1 -616 344
222 20 2.1 -640 342
225 20 2.1 -628 338
228 20 2.1 -644 354
231 20 2.1 -624 346
234 20 2.1 -600 322
237 20 2.1 -624 338
240 20 2.1 -644 344
243 20 2.1 -676 350
246 20 2.1 -656 336
250 20 2.1 -700 370
253 20 2.1 -644 352
256 20 2.1 -692 366
259 20 2.1 -708 368
263 20 2.1 -648 348
266 20 2.1 -616 340
269 20 2.1 -632 348
273 20 2.1 -724 374
276 20 2.1 -704 368
280 20 2.1 -704 366
284 20 2.1 -692 372
287 20 2.1 -720 372
291 20 2.1 -720 378
295 20 2.1 -688 366
298 20 2.1 -696 360
302 20 2.1 -600 326
306 20 2.1 -628 338
310 20 2.1 -708 374
314 20 2.1 -676 362
318 20 2.1 -676 356
322 20 2.1 -668 352
326 20 2.1 -744 386
331 20 2.1 -712 364
335 20 2.1 -608 324
339 20 2.1 -680 344
344 20 2.1 -636 338
348 20 2.1 -672 356
352 20 2.1 -692 368
357 20 2.1 -684 362
362 20 2.1 -708 374
366 20 2.1 -744 384
371 20 2.1 -752 386
376 20 2.1 -712 376
381 20 2.1 -700 362
385 20 2.1 -688 350
390 20 2.1 -672 354
395 20 2.1 -748 382
401 20 2.1 -648 342
406 20 2.1 -684 360
411 20 2.1 -700 364
416 20 2.1 -636 342
422 20 2.1 -708 372
427 20 2.1 -676 352
433 20 2.1 -664 350
438 20 2.1 -640 320
444 20 2.1 -628 324
449 20 2.1 -656 326
455 20 2.1 -636 348
461 20 2.1 -612 336
467 20 2.1 -704 372
473 20 2.1 -676 350
479 20 2.1 -624 348
485 20 2.1 -736 370
492 20 2.1 -704 372
498 20 2.1 -704 372
504 20 2.1 -660 340
511 20 2.1 -668 358
517 20 2.1 -680 364
524 20 2.1 -672 356
531 20 2.1 -704 370
538 20 2.1 -724 378
545 20 2.1 -668 362
552 20 2.1 -628 322
559 20 2.1 -640 334
566 20 2.1 -652 304
573 20 2.1 -624 304
581 20 2.1 -616 316
588 20 2.1 -616 310
596 20 2.1 -616 340
603 20 2.1 -660 354
611 20 2.1 -640 318
619 20 2.1 -656 358
627 20 2.1 -676 360
635 20 2.1 -676 362
643 20 2.1 -656 320
652 20 2.1 -628 328
660 20 2.1 -652 346
668 20 2.1 -712 364
677 20 2.1 -644 352
686 20 2.1 -680 360
695 20 2.1 -636 336
704 20 2.1 -724 378
713 20 2.1 -704 362
722 20 2.1 -724 380
731 20 2.1 -692 362
741 20 2.1 -648 354
750 20 2.1 -680 364
760 20 2.1 -600 308
770 20 2.1 -656 344
780 20 2.1 -648 342
790 20 2.1 -608 332
800 20 2.1 -676 366
810 20 2.1 -624 326
821 20 2.1 -636 344
831 20 2.1 -692 372
842 20 2.1 -712 378
853 20 2.1 -672 356
864 20 2.1 -616 324
875 20 2.1 -612 332
886 20 2.1 -668 350
897 20 2.1 -648 344
909 20 2.1 -708 370
921 20 2.1 -660 318
933 20 2.1 -652 352
945 20 2.1 -724 380
957 20 2.1 -720 366
969 20 2.1 -664 356
982 20 2.1 -676 358
994 20 2.1 -660 330
1007 20 2.1 -644 340
1020 20 2.1 -724 372
1033 20 2.1 -664 354
1047 20 2.1 -676 360
1060 20 2.1 -684 366
1074 20 2.1 -656 352
1088 20 2.1 -692 362
1102 20 2.1 -708 370
1116 20 2.1 -688 366
1130 20 2.1 -692 368
1145 20 2.1 -656 358
1160 20 2.1 -616 338
1174 20 2.1 -692 354
1190 20 2.1 -628 342
1205 20 2.1 -644 340
1220 20 2.1 -696 358
1236 20 2.1 -664 298
1252 20 2.1 -668 328
1268 20 2.1 -656 352
1285 20 2.1 -640 340
1301 20 2.1 -684 358
1318 20 2.1 -696 364
1335 20 2.1 -668 352
1352 20 2.1 -628 342
1370 20 2.1 -672 362
1387 20 2.1 -716 370
1405 20 2.1 -640 344
1423 20 2.1 -712 364
1442 20 2.1 -604 324
1460 20 2.1 -680 358
1479 20 2.1 -624 334
1498 20 2.1 -592 318
1517 20 2.1 -700 362
1537 20 2.1 -652 348
1557 20 2.1 -696 364
1577 20 2.1 -652 340
1597 20 2.1 -628 336
1618 20 2.1 -732 380
1639 20 2.1 -756 388
1660 20 2.1 -712 372
1681 20 2.1 -680 350
1703 20 2.1 -676 360
1725 20 2.1 -660 360
1747 20 2.1 -668 354
1770 20 2.1 -620 330
1792 20 2.1 -632 344
1816 20 2.1 -668 344
1839 20 2.1 -652 342
1863 20 2.1 -676 360
1887 20 2.1 -724 376
1911 20 2.1 -672 346
1936 20 2.1 -740 380
1961 20 2.1 -724 376
1986 20 2.1 -612 334
2012 20 2.1 -688 352
2037 20 2.1 -580 290
2064 20 2.1 -572 312
2090 20 2.1 -568 262
2117 20 2.1 -564 288
2145 20 2.1 -624 350
2172 20 2.1 -676 356
2200 20 2.1 -684 360
2229 20 2.1 -680 368
2257 20 2.1 -652 324
2286 20 2.1 -612 334
2316 20 2.1 -696 368
2346 20 2.1 -712 366
2376 20 2.1 -664 352
2407 20 2.1 -672 362
2438 20 2.1 -588 290
2469 20 2.1 -700 372
2501 20 2.1 -700 354
2533 20 2.1 -648 330
2566 20 2.1 -728 374
2599 20 2.1 -716 368
2633 20 2.1 -676 364
2667 20 2.1 -668 356
2701 20 2.1 -728 382
2736 20 2.1 -672 358
2771 20 2.1 -704 374
2807 20 2.1 -664 358
2843 20 2.1 -628 342
2880 20 2.1 -600 324
2917 20 2.1 -652 324
2954 20 2.1 -676 358
2992 20 2.1 -672 350
3031 20 2.1 -616 308
3070 20 2.1 -688 366
3110 20 2.1 -608 322
3150 20 2.1 -688 368
3190 20 2.1 -656 354
3232 20 2.1 -692 364
3273 20 2.1 -588 308
3315 20 2.1 -676 364
3358 20 2.1 -692 356
3402 20 2.1 -700 372
3445 20 2.1 -684 360
3490 20 2.1 -652 354
3535 20 2.1 -708 370
3580 20 2.1 -652 332
3627 20 2.1 -652 350
3673 20 2.1 -712 366
3721 20 2.1 -700 372
3769 20 2.1 -620 334
3817 20 2.1 -612 328
3867 20 2.1 -640 350
3916 20 2.1 -648 356
3967 20 2.1 -728 380
4018 20 2.1 -652 324
4070 20 2.1 -676 366
4122 20 2.1 -644 334
4176 20 2.1 -660 352
4229 20 2.1 -696 370
4284 20 2.1 -628 318
4339 20 2.1 -632 324
4395 20 2.1 -668 344
4452 20 2.1 -640 342
4509 20 2.1 -760 390
4567 20 2.1 -656 352
4626 20 2.1 -648 350
4686 20 2.1 -676 342
4746 20 2.1 -692 366
4808 20 2.1 -672 354
4870 20 2.1 -672 358
4932 20 2.1 -680 358
4996 20 2.1 -580 238
5060 20 2.1 -668 348
5126 20 2.1 -660 354
5192 20 2.1 -716 376
5259 20 2.1 -696 368
5327 20 2.1 -704 372
5395 20 2.1 -624 328
5465 20 2.1 -648 334
5535 20 2.1 -568 324
5607 20 2.1 -676 364
5679 20 2.1 -628 340
5752 20 2.1 -628 348
5826 20 2.1 -640 316
5902 20 2.1 -668 356
5978 20 2.1 -704 370
6055 20 2.1 -704 368
6133 20 2.1 -664 352
6212 20 2.1 -624 342
6292 20 2.1 -672 358
6373 20 2.1 -660 352
6455 20 2.1 -692 366
6539 20 2.1 -616 330
6623 20 2.1 -684 362
6708 20 2.1 -680 356
6795 20 2.1 -720 374
6883 20 2.1 -552 298
6971 20 2.1 -668 350
7061 20 2.1 -664 352
7152 20 2.1 -664 360
7245 20 2.1 -672 368
7338 20 2.1 -624 334
7433 20 2.1 -676 360
7529 20 2.1 -664 356
7626 20 2.1 -596 254
7724 20 2.1 -692 366
7824 20 2.1 -720 364
7925 20 2.1 -664 330
8027 20 2.1 -688 366
8130 20 2.1 -656 346
8235 20 2.1 -704 370
8341 20 2.1 -696 346
8449 20 2.1 -640 338
8558 20 2.1 -660 324
8668 20 2.1 -716 372
8780 20 2.1 -704 366
8893 20 2.1 -672 364
9008 20 2.1 -612 310
9124 20 2.1 -620 326
9242 20 2.1 -732 380
9361 20 2.1 -636 334
9482 20 2.1 -692 368
9604 20 2.1 -648 354
9728 20 2.1 -680 354
9853 20 2.1 -688 368
9980 20 2.1 -656 336
10109 20 2.1 -680 346
10240 20 2.1 -608 316
10372 20 2.1 -696 370
10505 20 2.1 -680 344
10641 20 2.1 -592 218
10778 20 2.1 -748 384
10917 20 2.1 -700 354
11058 20 2.1 -644 346
11201 20 2.1 -664 360
11345 20 2.1 -664 352
11491 20 2.1 -600 312
11640 20 2.1 -632 334
11790 20 2.1 -652 354
11942 20 2.1 -708 368
12096 20 2.1 -664 350
12252 20 2.1 -684 364
12410 20 2.1 -616 338
12570 20 2.1 -636 318
12732 20 2.1 -620 336
12896 20 2.1 -588 302
13062 20 2.1 -744 384
13231 20 2.1 -684 360
13402 20 2.1 -652 346
13574 20 2.1 -704 364
13750 20 2.1 -640 318
13927 20 2.1 -704 370
14106 20 2.1 -636 330
14288 20 2.1 -632 352
14473 20 2.1 -644 344
14659 20 2.1 -660 352
14848 20 2.1 -624 326
15040 20 2.1 -652 328
15234 20 2.1 -596 324
15430 20 2.1 -700 368
15629 20 2.1 -620 316
15831 20 2.1 -628 338
16035 20 2.1 -644 350
16242 20 2.1 -676 360
16451 20 2.1 -668 342
16664 20 2.1 -708 364
16879 20 2.1 -640 322
17096 20 2.1 -676 364
17317 20 2.1 -644 326
17540 20 2.1 -504 94
17766 20 2.1 -664 354
17995 20 2.1 -736 382
18228 20 2.1 -728 378
18463 20 2.1 -648 344
18701 20 2.1 -636 306
18942 20 2.1 -712 376
19186 20 2.1 -676 346
19434 20 2.1 -664 332
19684 20 2.1 -668 358
19938 20 2.1 -700 364
20195 20 2.1 -740 384
20456 20 2.1 -680 362
20720 20 2.1 -692 362
20987 20 2.1 -596 264
21258 20 2.1 -660 334
21532 20 2.1 -592 332
21810 20 2.1 -736 380
22091 20 2.1 -700 368
22376 20 2.1 -676 354
22664 20 2.1 -688 366
22957 20 2.1 -660 348
23253 20 2.1 -672 332
23553 20 2.1 -668 360
23856 20 2.1 -536 222
24164 20 2.1 -720 370
24476 20 2.1 -640 334
24791 20 2.1 -652 354
25111 20 2.1 -592 298
25435 20 2.1 -596 256
25763 20 2.1 -700 358
26095 20 2.1 -660 346
26432 20 2.1 -700 360
26773 20 2.1 -620 336
27118 20 2.1 -708 372
27468 20 2.1 -704 372
27822 20 2.1 -672 350
28181 20 2.1 -688 358
28545 20 2.1 -652 358
28913 20 2.1 -664 346
29286 20 2.1 -696 360
29663 20 2.1 -616 320
30046 20 2.1 -644 332
30434 20 2.1 -668 354
30826 20 2.1 -652 354
31224 20 2.1 -764 390
31626 20 2.1 -668 344
32034 20 2.1 -668 358
32447 20 2.1 -672 344
32866 20 2.1 -688 364
33290 20 2.1 -612 318
33719 20 2.1 -564 302
34154 20 2.1 -668 356
34595 20 2.1 -640 342
35041 20 2.1 -700 366
35493 20 2.1 -636 344
35951 20 2.1 -680 358
36414 20 2.1 -700 372
36884 20 2.1 -648 350
37360 20 2.1 -724 372
37841 20 2.1 -676 362
38330 20 2.1 -676 362
38824 20 2.1 -700 366
39325 20 2.1 -656 350
39832 20 2.1 -708 370
40346 20 2.1 -600 314
40866 20 2.1 -636 346
41393 20 2.1 -628 348
41927 20 2.1 -620 324
42468 20 2.1 -668 356
43015 20 2.1 -632 314
43570 20 2.1 -664 342
44132 20 2.1 -620 324
44701 20 2.1 -680 362
45278 20 2.1 -700 368
45862 20 2.1 -676 362
46453 20 2.1 -628 334
47053 20 2.1 -640 318
47660 20 2.1 -700 368
48274 20 2.1 -676 358
48897 20 2.1 -652 346
49528 20 2.1 -608 306
50166 20 2.1 -752 388
50813 20 2.1 -720 370
51469 20 2.1 -704 374
52133 20 2.1 -696 360
52805 20 2.1 -688 350
53486 20 2.1 -644 342
54176 20 2.1 -704 370
54875 20 2.1 -668 350
55582 20 2.1 -756 386
56299 20 2.1 -708 370
57025 20 2.1 -724 372
57761 20 2.1 -620 322
58506 20 2.1 -700 366
59261 20 2.1 -640 336
60025 20 2.1 -676 340
60799 20 2.1 -736 382
61583 20 2.1 -672 358
62378 20 2.1 -720 376
63182 20 2.1 -736 380
63997 20 2.1 -700 360
64822 20 2.1 -656 336
65658 20 2.1 -680 360
66505 20 2.1 -648 352
67363 20 2.1 -676 364
68232 20 2.1 -640 322
69112 20 2.1 -628 310
70003 20 2.1 -672 350
70906 20 2.1 -680 338
71821 20 2.1 -656 334
72747 20 2.1 -592 318
73685 20 2.1 -696 368
74636 20 2.1 -624 338
75599 20 2.1 -604 270
76574 20 2.1 -732 378
77561 20 2.1 -712 376
78562 20 2.1 -536 220
79575 20 2.1 -684 356
80601 20 2.1 -680 368
81641 20 2.1 -640 350
82694 20 2.1 -680 352
83760 20 2.1 -704 370
84841 20 2.1 -720 376
85935 20 2.1 -696 372
87043 20 2.1 -744 384
88166 20 2.1 -696 360
89303 20 2.1 -672 342
90455 20 2.1 -672 358
91622 20 2.1 -716 378
92803 20 2.1 -624 328
94000 20 2.1 -648 348
95213 20 2.1 -680 362
96441 20 2.1 -648 332
97685 20 2.1 -664 358
98945 20 2.1 -608 332
100221 20 2.1 -568 270
101513 20 2.1 -664 346
102823 20 2.1 -524 266
104149 20 2.1 -716 370
105492 20 2.1 -660 344
106853 20 2.1 -652 350
108231 20 2.1 -700 370
109627 20 2.1 -704 352
111041 20 2.1 -552 222
112473 20 2.1 -628 332
113924 20 2.1 -696 366
115393 20 2.1 -600 312
116882 20 2.1 -732 378
118389 20 2.1 -704 364
119916 20 2.1 -588 308
121463 20 2.1 -664 344
123029 20 2.1 -648 346
124616 20 2.1 -712 374
126224 20 2.1 -680 364
127852 20 2.1 -664 348
129501 20 2.1 -696 366
131171 20 2.1 -608 326
132863 20 2.1 -652 334
134576 20 2.1 -688 364
136312 20 2.1 -624 338
138070 20 2.1 -652 330
139851 20 2.1 -692 366
141655 20 2.1 -696 366
143482 20 2.1 -680 362
145333 20 2.1 -588 330
147207 20 2.1 -724 358
149106 20 2.1 -604 320
151029 20 2.1 -652 328
152977 20 2.1 -668 356
154950 20 2.1 -656 358
156948 20 2.1 -696 368
158973 20 2.1 -676 358
161023 20 2.1 -704 370
163100 20 2.1 -668 358
165204 20 2.1 -720 376
167334 20 2.1 -644 342
169493 20 2.1 -692 366
171679 20 2.1 -700 364
173893 20 2.1 -692 366
176136 20 2.1 -684 356
178408 20 2.1 -688 354
180709 20 2.1 -724 372
183040 20 2.1 -664 332
185400 20 2.1 -652 344
187792 20 2.1 -716 374
190214 20 2.1 -660 334
192667 20 2.1 -672 350
195152 20 2.1 -660 344
197669 20 2.1 -684 354
200219 20 2.1 -636 348
202801 20 2.1 -720 376
205417 20 2.1 -700 368
208066 20 2.1 -696 372
210750 20 2.1 -692 360
213468 20 2.1 -548 -54
216222 20 2.1 -684 -366
219010 20 2.1 -636 -346
221835 20 2.1 -728 -372
224696 20 2.1 -620 -324
227595 20 2.1 -604 -328
230530 20 2.1 -668 -344
233503 20 2.1 -672 -354
236515 20 2.1 -684 -352
239566 20 2.1 -728 -380
242656 20 2.1 -648 -302
245785 20 2.1 -652 -346
248956 20 2.1 -648 -344
252167 20 2.1 -584 -310
255419 20 2.1 -684 -358
258713 20 2.1 -664 -320
262050 20 2.1 -676 -356
265430 20 2.1 -656 -350
268854 20 2.1 -696 -372
272321 20 2.1 -648 -354
275834 20 2.1 -736 -382
279391 20 2.1 -728 -380
282995 20 2.1 -688 -366
286645 20 2.1 -700 -366
290342 20 2.1 -684 -370
294087 20 2.1 -688 -324
297880 20 2.1 -640 -332
301722 20 2.1 -676 -354
305614 20 2.1 -580 -290
309556 20 2.1 -700 -370
313548 20 2.1 -644 -344
317592 20 2.1 -720 -378
321689 20 2.1 -656 -350
325838 20 2.1 -684 -366
330040 20 2.1 -700 -368
334297 20 2.1 -684 -362
338609 20 2.1 -612 -340
342976 20 2.1 -692 -368
347400 20 2.1 -692 -372
351881 20 2.1 -692 -368
356419 20 2.1 -608 -300
361016 20 2.1 -692 -368
365673 20 2.1 -696 -368
370389 20 2.1 -580 -284
375167 20 2.1 -696 -362
380005 20 2.1 -648 -352
384907 20 2.1 -652 356
389871 20 2.1 -648 344
394900 20 2.1 -660 340
399993 20 2.1 -632 348
405152 20 2.1 -608 296
410378 20 2.1 -676 362
415671 20 2.1 -756 384
421032 20 2.1 -676 364
426463 20 2.1 -612 338
431963 20 2.1 -664 352
437535 20 2.1 -648 348
443178 20 2.1 -732 380
448894 20 2.1 -684 364
454684 20 2.1 -584 270
460548 20 2.1 -676 360
466489 20 2.1 -724 378
472505 20 2.1 -740 384
478600 20 2.1 -680 362
484773 20 2.1 -652 346
491025 20 2.1 -656 348
497358 20 2.1 -608 336
503773 20 2.1 -676 342
510271 20 2.1 -700 338
516852 20 2.1 -664 356
523519 20 2.1 -660 354
530271 20 2.1 -692 362
537111 20 2.1 -684 356
544038 20 2.1 -724 378
551055 20 2.1 -604 332
558163 20 2.1 -652 356
565362 20 2.1 -624 334
572654 20 2.1 -680 356
580040 20 2.1 -644 338
587521 20 2.1 -728 382
595099 20 2.1 -600 286
602775 20 2.1 -660 356
610549 20 2.1 -664 340
618424 20 2.1 -704 370
626400 20 2.1 -692 352
634480 20 2.1 -704 372
642663 20 2.1 -660 338
650952 20 2.1 -664 344
659348 20 2.1 -652 360
667853 20 2.1 -628 344
676467 20 2.1 -660 354
685192 20 2.1 -628 304
694029 20 2.1 -656 352
702981 20 2.1 -656 -346
712048 20 2.1 -704 -366
721232 20 2.1 -648 -342
730534 20 2.1 -616 -320
739957 20 2.1 -696 -366
749500 20 2.1 -664 -350
759168 20 2.1 -664 -350
768959 20 2.1 -680 -354
778877 20 2.1 -616 -322
788923 20 2.1 -668 -330
799099 20 2.1 -668 -362
809405 20 2.1 -692 -370
819845 20 2.1 -644 -338
830419 20 2.1 -664 -360
841130 20 2.1 -696 -372
851979 20 2.1 -624 -312
862968 20 2.1 -620 -336
874098 20 2.1 -688 -348
885373 20 2.1 -688 -366
896792 20 2.1 -672 -342
908359 20 2.1 -632 -314
920075 20 2.1 -512 -286
931942 20 2.1 -648 -342
943962 20 2.1 -720 -376
956137 20 2.1 -688 -368
968470 20 2.1 -700 -372
980961 20 2.1 -608 -338
993613 20 2.1 -712 -374
999999 20 2.1 -708 -374
