3 20 2.4 -660 348
4 20 2.4 -692 366
5 20 2.4 -672 356
6 20 2.4 -656 354
7 20 2.4 -668 360
8 20 2.4 -664 356
9 20 2.4 -600 332
10 20 2.4 -628 330
11 20 2.4 -604 332
12 20 2.4 -620 332
13 20 2.4 -596 328
14 20 2.4 -572 314
15 20 2.4 -548 314
16 20 2.4 -528 298
17 20 2.4 -568 298
18 20 2.4 -556 290
19 20 2.4 -568 304
20 20 2.4 -528 290
21 20 2.4 -524 290
22 20 2.4 -564 308
23 20 2.4 -552 316
24 20 2.4 -556 298
25 20 2.4 -544 294
26 20 2.4 -612 316
27 20 2.4 -540 292
28 20 2.4 -580 298
29 20 2.4 -580 310
30 20 2.4 -568 308
31 20 2.4 -528 292
32 20 2.4 -564 316
33 20 2.4 -524 284
34 20 2.4 -532 260
35 20 2.4 -528 276
36 20 2.4 -552 270
37 20 2.4 -572 274
38 20 2.4 -544 270
39 20 2.4 -572 288
40 20 2.4 -500 250
41 20 2.4 -460 224
42 20 2.4 -492 246
43 20 2.4 -484 250
44 20 2.4 -452 232
45 20 2.4 -484 242
46 20 2.4 -420 228
47 20 2.4 -500 252
48 20 2.4 -548 278
49 20 2.4 -496 244
50 20 2.4 -500 246
51 20 2.4 -524 248
52 20 2.4 -564 250
53 20 2.4 -600 266
54 20 2.4 -512 260
55 20 2.4 -568 260
56 20 2.4 -496 238
57 20 2.4 -476 216
58 20 2.4 -500 222
59 20 2.4 -440 176
60 20 2.4 -480 192
61 20 2.4 -484 184
62 20 2.4 -500 200
63 20 2.4 -440 226
64 20 2.4 -468 216
65 20 2.4 -452 214
66 20 2.4 -444 176
67 20 2.4 -440 168
68 20 2.4 -496 188
69 20 2.4 -476 160
70 20 2.4 -484 164
71 20 2.4 -468 174
72 20 2.4 -504 172
73 20 2.4 -508 182
74 20 2.4 -496 168
75 20 2.4 -568 206
76 20 2.4 -532 220
77 20 2.4 -480 172
78 20 2.4 -484 190
79 20 2.4 -480 176
80 20 2.4 -524 180
81 20 2.4 -468 172
82 20 2.4 -424 172
83 20 2.4 -516 194
84 20 2.4 -504 180
85 20 2.4 -508 212
86 20 2.4 -532 236
88 20 2.4 -568 236
89 20 2.4 -512 220
90 20 2.4 -540 186
91 20 2.4 -540 202
92 20 2.4 -520 232
93 20 2.4 -512 222
95 20 2.4 -488 226
96 20 2.4 -508 216
97 20 2.4 -504 226
98 20 2.4 -476 182
99 20 2.4 -384 174
101 20 2.4 -388 110
102 20 2.4 -428 104
103 20 2.4 -392 140
105 20 2.4 -400 102
106 20 2.4 -372 118
107 20 2.4 -396 106
109 20 2.4 -356 82
110 20 2.4 -352 100
112 20 2.4 -412 84
113 20 2.4 -444 120
114 20 2.4 -444 140
116 20 2.4 -432 176
117 20 2.4 -396 160
119 20 2.4 -444 182
120 20 2.4 -476 182
122 20 2.4 -452 172
124 20 2.4 -488 112
125 20 2.4 -476 92
127 20 2.4 -464 62
128 20 2.4 -484 74
130 20 2.4 -448 68
132 20 2.4 -388 68
133 20 2.4 -396 48
135 20 2.4 -396 26
137 20 2.4 -400 28
139 20 2.4 -328 52
140 20 2.4 -336 80
142 20 2.4 -396 120
144 20 2.4 -492 168
146 20 2.4 -456 170
148 20 2.4 -464 164
150 20 2.4 -504 132
152 20 2.4 -464 90
154 20 2.4 -480 108
155 20 2.4 -460 100
157 20 2.4 -464 82
160 20 2.4 -504 76
162 20 2.4 -476 80
164 20 2.4 -424 32
166 20 2.4 -432 8
168 20 2.4 -464 14
170 20 2.4 -420 38
172 20 2.4 -368 16
174 20 2.4 -348 -18
177 20 2.4 -376 -86
179 20 2.4 -420 -64
181 20 2.4 -404 -106
184 20 2.4 -420 -96
186 20 2.4 -464 -96
188 20 2.4 -480 -118
191 20 2.4 -432 -98
193 20 2.4 -404 -106
196 20 2.4 -420 -176
198 20 2.4 -408 -206
201 20 2.4 -484 -226
203 20 2.4 -508 -250
206 20 2.4 -564 -316
209 20 2.4 -652 -344
211 20 2.4 -636 -340
214 20 2.4 -560 -306
217 20 2.4 -560 -302
220 20 2.4 -540 -280
222 20 2.4 -536 -258
225 20 2.4 -488 -266
228 20 2.4 -516 -266
231 20 2.4 -472 -262
234 20 2.4 -540 -292
237 20 2.4 -524 -262
240 20 2.4 -496 -262
243 20 2.4 -508 -266
246 20 2.4 -548 -240
250 20 2.4 -568 -276
253 20 2.4 -564 -296
256 20 2.4 -564 -288
259 20 2.4 -516 -282
263 20 2.4 -608 -336
266 20 2.4 -604 -330
269 20 2.4 -620 -322
273 20 2.4 -608 -322
276 20 2.4 -608 -332
280 20 2.4 -592 -314
284 20 2.4 -556 -304
287 20 2.4 -604 -310
291 20 2.4 -536 -294
295 20 2.4 -496 -250
298 20 2.4 -528 -248
302 20 2.4 -492 -260
306 20 2.4 -472 -250
310 20 2.4 -520 -264
314 20 2.4 -552 -282
318 20 2.4 -536 -280
322 20 2.4 -496 -266
326 20 2.4 -508 -248
331 20 2.4 -452 -204
335 20 2.4 -468 -216
339 20 2.4 -456 -220
344 20 2.4 -544 -300
348 20 2.4 -564 -284
352 20 2.4 -520 -258
357 20 2.4 -388 -140
362 20 2.4 -396 -54
366 20 2.4 -408 -14
371 20 2.4 -412 -44
376 20 2.4 -416 74
381 20 2.4 -424 56
385 20 2.4 -428 124
390 20 2.4 -412 124
395 20 2.4 -452 128
401 20 2.4 -472 164
406 20 2.4 -468 120
411 20 2.4 -456 20
416 20 2.4 -424 14
422 20 2.4 -364 -24
427 20 2.4 -456 -124
433 20 2.4 -428 -140
438 20 2.4 -424 -38
444 20 2.4 -416 -142
449 20 2.4 -452 -132
455 20 2.4 -500 -114
461 20 2.4 -432 -80
467 20 2.4 -440 -94
473 20 2.4 -484 -146
479 20 2.4 -468 -146
485 20 2.4 -528 -172
492 20 2.4 -400 -90
498 20 2.4 -364 -84
504 20 2.4 -388 -18
511 20 2.4 -500 -108
517 20 2.4 -508 -130
524 20 2.4 -464 -94
531 20 2.4 -484 -190
538 20 2.4 -524 -206
545 20 2.4 -460 -60
552 20 2.4 -480 -64
559 20 2.4 -380 -40
566 20 2.4 -420 -116
573 20 2.4 -416 -86
581 20 2.4 -468 -160
588 20 2.4 -492 -12
596 20 2.4 -464 40
603 20 2.4 -416 -48
611 20 2.4 -372 -50
619 20 2.4 -436 -14
627 20 2.4 -416 -64
635 20 2.4 -380 -112
643 20 2.4 -372 -48
652 20 2.4 -384 -88
660 20 2.4 -504 -170
668 20 2.4 -520 -282
677 20 2.4 -508 -282
686 20 2.4 -552 -302
695 20 2.4 -480 -246
704 20 2.4 -496 -200
713 20 2.4 -468 -158
722 20 2.4 -416 -88
731 20 2.4 -428 -76
741 20 2.4 -440 -8
750 20 2.4 -404 14
760 20 2.4 -460 -10
770 20 2.4 -384 -80
780 20 2.4 -484 -28
790 20 2.4 -468 -2
800 20 2.4 -468 -22
810 20 2.4 -496 -72
821 20 2.4 -472 -102
831 20 2.4 -444 -114
842 20 2.4 -452 -62
853 20 2.4 -540 -52
864 20 2.4 -456 -126
875 20 2.4 -492 -98
886 20 2.4 -480 -76
897 20 2.4 -440 -90
909 20 2.4 -448 -64
921 20 2.4 -432 24
933 20 2.4 -452 134
945 20 2.4 -532 198
957 20 2.4 -484 108
969 20 2.4 -444 90
982 20 2.4 -416 128
994 20 2.4 -444 130
1007 20 2.4 -464 126
1020 20 2.4 -452 172
1033 20 2.4 -436 108
1047 20 2.4 -440 26
1060 20 2.4 -460 80
1074 20 2.4 -452 96
1088 20 2.4 -544 74
1102 20 2.4 -408 -30
1116 20 2.4 -492 -86
1130 20 2.4 -416 -88
1145 20 2.4 -520 -240
1160 20 2.4 -464 -200
1174 20 2.4 -532 -226
1190 20 2.4 -436 -170
1205 20 2.4 -432 -166
1220 20 2.4 -548 -206
1236 20 2.4 -508 -104
1252 20 2.4 -444 -2
1268 20 2.4 -460 134
1285 20 2.4 -448 140
1301 20 2.4 -420 -50
1318 20 2.4 -464 120
1335 20 2.4 -468 64
1352 20 2.4 -496 8
1370 20 2.4 -444 -24
1387 20 2.4 -468 42
1405 20 2.4 -404 14
1423 20 2.4 -424 80
1442 20 2.4 -460 -2
1460 20 2.4 -500 -114
1479 20 2.4 -464 -156
1498 20 2.4 -516 -176
1517 20 2.4 -396 -196
1537 20 2.4 -456 -222
1557 20 2.4 -532 -276
1577 20 2.4 -364 -92
1597 20 2.4 -476 38
1618 20 2.4 -464 118
1639 20 2.4 -460 208
1660 20 2.4 -540 218
1681 20 2.4 -552 284
1703 20 2.4 -664 362
1725 20 2.4 -452 236
1747 20 2.4 -588 336
1770 20 2.4 -528 280
1792 20 2.4 -508 206
1816 20 2.4 -552 298
1839 20 2.4 -492 192
1863 20 2.4 -512 90
1887 20 2.4 -428 -54
1911 20 2.4 -560 -230
1936 20 2.4 -436 -164
1961 20 2.4 -512 -188
1986 20 2.4 -440 -174
2012 20 2.4 -432 -28
2037 20 2.4 -420 -20
2064 20 2.4 -484 -28
2090 20 2.4 -464 -2
2117 20 2.4 -524 -214
2145 20 2.4 -560 -304
2172 20 2.4 -492 -232
2200 20 2.4 -484 -138
2229 20 2.4 -416 -84
2257 20 2.4 -524 -24
2286 20 2.4 -476 122
2316 20 2.4 -540 212
2346 20 2.4 -424 140
2376 20 2.4 -512 108
2407 20 2.4 -464 -70
2438 20 2.4 -460 -152
2469 20 2.4 -424 -112
2501 20 2.4 -552 -244
2533 20 2.4 -492 -196
2566 20 2.4 -500 -148
2599 20 2.4 -540 -230
2633 20 2.4 -536 -204
2667 20 2.4 -400 -138
2701 20 2.4 -440 -156
2736 20 2.4 -408 -148
2771 20 2.4 -620 -322
2807 20 2.4 -532 -212
2843 20 2.4 -468 -64
2880 20 2.4 -532 -306
2917 20 2.4 -492 -266
2954 20 2.4 -576 -316
2992 20 2.4 -436 -206
3031 20 2.4 -596 -322
3070 20 2.4 -504 -280
3110 20 2.4 -528 -180
3150 20 2.4 -480 -128
3190 20 2.4 -472 -104
3232 20 2.4 -572 -320
3273 20 2.4 -564 -282
3315 20 2.4 -536 -314
3358 20 2.4 -528 -244
3402 20 2.4 -452 -218
3445 20 2.4 -492 -262
3490 20 2.4 -480 -222
3535 20 2.4 -400 52
3580 20 2.4 -456 0
3627 20 2.4 -476 -124
3673 20 2.4 -532 -252
3721 20 2.4 -464 -222
3769 20 2.4 -504 -286
3817 20 2.4 -528 -118
3867 20 2.4 -468 -182
3916 20 2.4 -492 -200
3967 20 2.4 -632 -338
4018 20 2.4 -452 36
4070 20 2.4 -508 204
4122 20 2.4 -456 218
4176 20 2.4 -412 156
4229 20 2.4 -396 114
4284 20 2.4 -396 80
4339 20 2.4 -568 288
4395 20 2.4 -608 332
4452 20 2.4 -536 188
4509 20 2.4 -448 184
4567 20 2.4 -524 -292
4626 20 2.4 -592 -290
4686 20 2.4 -416 -102
4746 20 2.4 -468 -148
4808 20 2.4 -396 112
4870 20 2.4 -444 178
4932 20 2.4 -512 216
4996 20 2.4 -560 264
5060 20 2.4 -476 200
5126 20 2.4 -548 294
5192 20 2.4 -416 188
5259 20 2.4 -472 58
5327 20 2.4 -504 242
5395 20 2.4 -476 142
5465 20 2.4 -512 218
5535 20 2.4 -480 148
5607 20 2.4 -480 158
5679 20 2.4 -464 -96
5752 20 2.4 -452 -76
5826 20 2.4 -476 84
5902 20 2.4 -536 288
5978 20 2.4 -576 238
6055 20 2.4 -624 302
6133 20 2.4 -448 64
6212 20 2.4 -400 -52
6292 20 2.4 -536 -186
6373 20 2.4 -484 6
6455 20 2.4 -492 276
6539 20 2.4 -532 300
6623 20 2.4 -452 156
6708 20 2.4 -472 -108
6795 20 2.4 -552 72
6883 20 2.4 -484 -40
6971 20 2.4 -544 -218
7061 20 2.4 -548 288
7152 20 2.4 -588 318
7245 20 2.4 -532 282
7338 20 2.4 -472 236
7433 20 2.4 -432 32
7529 20 2.4 -488 32
7626 20 2.4 -500 98
7724 20 2.4 -432 76
7824 20 2.4 -528 262
7925 20 2.4 -436 -60
8027 20 2.4 -524 -282
8130 20 2.4 -528 -304
8235 20 2.4 -468 -232
8341 20 2.4 -436 -88
8449 20 2.4 -612 -288
8558 20 2.4 -480 -194
8668 20 2.4 -528 -146
8780 20 2.4 -472 198
8893 20 2.4 -544 264
9008 20 2.4 -436 58
9124 20 2.4 -624 308
9242 20 2.4 -580 210
9361 20 2.4 -444 -12
9482 20 2.4 -540 -284
9604 20 2.4 -516 -244
9728 20 2.4 -472 -220
9853 20 2.4 -508 -228
9980 20 2.4 -496 90
10109 20 2.4 -400 -16
10240 20 2.4 -504 -262
10372 20 2.4 -512 -184
10505 20 2.4 -520 -222
10641 20 2.4 -480 -96
10778 20 2.4 -496 -106
10917 20 2.4 -536 74
11058 20 2.4 -512 -240
11201 20 2.4 -556 -290
11345 20 2.4 -432 -232
11491 20 2.4 -544 -202
11640 20 2.4 -476 -212
11790 20 2.4 -436 -80
11942 20 2.4 -552 -306
12096 20 2.4 -512 -216
12252 20 2.4 -556 -314
12410 20 2.4 -564 -314
12570 20 2.4 -548 -224
12732 20 2.4 -504 -204
12896 20 2.4 -504 -260
13062 20 2.4 -384 4
13231 20 2.4 -572 320
13402 20 2.4 -448 -118
13574 20 2.4 -468 -166
13750 20 2.4 -520 -202
13927 20 2.4 -472 -214
14106 20 2.4 -416 -64
14288 20 2.4 -388 -68
14473 20 2.4 -552 254
14659 20 2.4 -404 34
14848 20 2.4 -580 268
15040 20 2.4 -452 156
15234 20 2.4 -448 -8
15430 20 2.4 -484 242
15629 20 2.4 -448 -118
15831 20 2.4 -520 -234
16035 20 2.4 -536 -286
16242 20 2.4 -516 -204
16451 20 2.4 -472 -74
16664 20 2.4 -528 -144
16879 20 2.4 -476 -216
17096 20 2.4 -464 228
17317 20 2.4 -544 -230
17540 20 2.4 -428 54
17766 20 2.4 -396 24
17995 20 2.4 -516 -232
18228 20 2.4 -436 -106
18463 20 2.4 -472 66
18701 20 2.4 -416 -66
18942 20 2.4 -428 -88
19186 20 2.4 -516 -240
19434 20 2.4 -440 24
19684 20 2.4 -484 16
19938 20 2.4 -424 34
20195 20 2.4 -568 -298
20456 20 2.4 -500 -36
20720 20 2.4 -512 -284
20987 20 2.4 -404 0
21258 20 2.4 -444 -208
21532 20 2.4 -500 90
21810 20 2.4 -468 -84
22091 20 2.4 -544 -242
22376 20 2.4 -536 -214
22664 20 2.4 -396 -84
22957 20 2.4 -492 96
23253 20 2.4 -488 -120
23553 20 2.4 -536 302
23856 20 2.4 -508 242
24164 20 2.4 -408 -108
24476 20 2.4 -464 -138
24791 20 2.4 -592 -306
25111 20 2.4 -584 -300
25435 20 2.4 -512 -166
25763 20 2.4 -464 -208
26095 20 2.4 -528 -262
26432 20 2.4 -540 -218
26773 20 2.4 -552 282
27118 20 2.4 -484 -20
27468 20 2.4 -496 -98
27822 20 2.4 -456 100
28181 20 2.4 -544 206
28545 20 2.4 -476 238
28913 20 2.4 -536 236
29286 20 2.4 -564 296
29663 20 2.4 -440 14
30046 20 2.4 -484 -156
30434 20 2.4 -504 154
30826 20 2.4 -520 -228
31224 20 2.4 -464 -182
31626 20 2.4 -436 -168
32034 20 2.4 -424 8
32447 20 2.4 -444 138
32866 20 2.4 -468 42
33290 20 2.4 -528 204
33719 20 2.4 -580 316
34154 20 2.4 -464 -80
34595 20 2.4 -616 -332
35041 20 2.4 -596 -322
35493 20 2.4 -476 -176
35951 20 2.4 -524 272
36414 20 2.4 -464 188
36884 20 2.4 -372 78
37360 20 2.4 -484 -170
37841 20 2.4 -508 -278
38330 20 2.4 -408 44
38824 20 2.4 -532 194
39325 20 2.4 -408 124
39832 20 2.4 -436 -6
40346 20 2.4 -560 292
40866 20 2.4 -528 244
41393 20 2.4 -500 204
41927 20 2.4 -444 -104
42468 20 2.4 -484 -178
43015 20 2.4 -504 90
43570 20 2.4 -540 292
44132 20 2.4 -480 188
44701 20 2.4 -540 -296
45278 20 2.4 -484 -140
45862 20 2.4 -544 246
46453 20 2.4 -568 318
47053 20 2.4 -568 -292
47660 20 2.4 -544 316
48274 20 2.4 -424 92
48897 20 2.4 -516 -276
49528 20 2.4 -508 196
50166 20 2.4 -472 -122
50813 20 2.4 -436 -132
51469 20 2.4 -516 -264
52133 20 2.4 -468 -118
52805 20 2.4 -432 -106
53486 20 2.4 -548 -182
54176 20 2.4 -492 -262
54875 20 2.4 -480 -38
55582 20 2.4 -568 -294
56299 20 2.4 -372 42
57025 20 2.4 -408 12
57761 20 2.4 -432 -198
58506 20 2.4 -536 248
59261 20 2.4 -476 198
60025 20 2.4 -516 146
60799 20 2.4 -536 -202
61583 20 2.4 -396 92
62378 20 2.4 -560 -240
63182 20 2.4 -512 -216
63997 20 2.4 -480 -246
64822 20 2.4 -460 150
65658 20 2.4 -420 -150
66505 20 2.4 -408 -56
67363 20 2.4 -484 124
68232 20 2.4 -388 -24
69112 20 2.4 -468 -192
70003 20 2.4 -364 90
70906 20 2.4 -464 -250
71821 20 2.4 -520 -280
72747 20 2.4 -480 156
73685 20 2.4 -540 -256
74636 20 2.4 -484 -200
75599 20 2.4 -460 -140
76574 20 2.4 -544 -274
77561 20 2.4 -452 26
78562 20 2.4 -404 200
79575 20 2.4 -512 -202
80601 20 2.4 -504 210
81641 20 2.4 -496 -162
82694 20 2.4 -556 -276
83760 20 2.4 -464 -210
84841 20 2.4 -468 -98
85935 20 2.4 -500 240
87043 20 2.4 -416 -180
88166 20 2.4 -368 0
89303 20 2.4 -416 88
90455 20 2.4 -476 -40
91622 20 2.4 -436 -58
92803 20 2.4 -420 -116
94000 20 2.4 -408 142
95213 20 2.4 -524 154
96441 20 2.4 -560 286
97685 20 2.4 -548 300
98945 20 2.4 -568 314
100221 20 2.4 -584 302
101513 20 2.4 -540 286
102823 20 2.4 -496 -124
104149 20 2.4 -480 224
105492 20 2.4 -496 -264
106853 20 2.4 -516 -86
108231 20 2.4 -452 -36
109627 20 2.4 -468 -220
111041 20 2.4 -504 -204
112473 20 2.4 -480 -206
113924 20 2.4 -460 82
115393 20 2.4 -516 -272
116882 20 2.4 -472 190
118389 20 2.4 -432 -146
119916 20 2.4 -484 82
121463 20 2.4 -616 -292
123029 20 2.4 -516 -250
124616 20 2.4 -528 212
126224 20 2.4 -512 -190
127852 20 2.4 -468 -186
129501 20 2.4 -544 -278
131171 20 2.4 -628 344
132863 20 2.4 -396 30
134576 20 2.4 -476 112
136312 20 2.4 -456 138
138070 20 2.4 -444 82
139851 20 2.4 -548 -126
141655 20 2.4 -460 126
143482 20 2.4 -628 -330
145333 20 2.4 -496 194
147207 20 2.4 -552 276
149106 20 2.4 -512 126
151029 20 2.4 -532 -298
152977 20 2.4 -464 -222
154950 20 2.4 -416 138
156948 20 2.4 -500 220
158973 20 2.4 -532 268
161023 20 2.4 -452 50
163100 20 2.4 -440 152
165204 20 2.4 -464 186
167334 20 2.4 -584 270
169493 20 2.4 -420 64
171679 20 2.4 -460 -160
173893 20 2.4 -476 6
176136 20 2.4 -416 -38
178408 20 2.4 -484 -234
180709 20 2.4 -448 98
183040 20 2.4 -428 56
185400 20 2.4 -560 -240
187792 20 2.4 -524 -210
190214 20 2.4 -476 264
192667 20 2.4 -408 156
195152 20 2.4 -496 -24
197669 20 2.4 -448 76
200219 20 2.4 -424 150
202801 20 2.4 -412 62
205417 20 2.4 -512 154
208066 20 2.4 -484 228
210750 20 2.4 -596 324
213468 20 2.4 -484 -246
216222 20 2.4 -432 148
219010 20 2.4 -444 96
221835 20 2.4 -536 294
224696 20 2.4 -364 138
227595 20 2.4 -548 206
230530 20 2.4 -612 326
233503 20 2.4 -556 262
236515 20 2.4 -512 -268
239566 20 2.4 -552 -292
242656 20 2.4 -588 -306
245785 20 2.4 -416 -34
248956 20 2.4 -564 -298
252167 20 2.4 -532 -276
255419 20 2.4 -588 -278
258713 20 2.4 -504 -210
262050 20 2.4 -536 246
265430 20 2.4 -472 -212
268854 20 2.4 -464 -182
272321 20 2.4 -452 16
275834 20 2.4 -532 -264
279391 20 2.4 -392 -26
282995 20 2.4 -476 -248
286645 20 2.4 -404 96
290342 20 2.4 -488 -46
294087 20 2.4 -448 182
297880 20 2.4 -508 -114
301722 20 2.4 -496 160
305614 20 2.4 -376 26
309556 20 2.4 -492 30
313548 20 2.4 -400 -88
317592 20 2.4 -624 314
321689 20 2.4 -492 222
325838 20 2.4 -524 -242
330040 20 2.4 -400 -104
334297 20 2.4 -576 258
338609 20 2.4 -496 86
342976 20 2.4 -420 -84
347400 20 2.4 -552 304
351881 20 2.4 -616 -312
356419 20 2.4 -508 220
361016 20 2.4 -412 116
365673 20 2.4 -488 202
370389 20 2.4 -440 180
375167 20 2.4 -532 290
380005 20 2.4 -440 -14
384907 20 2.4 -512 -278
389871 20 2.4 -468 170
394900 20 2.4 -584 -284
399993 20 2.4 -432 96
405152 20 2.4 -548 200
410378 20 2.4 -472 -12
415671 20 2.4 -520 -268
421032 20 2.4 -596 326
426463 20 2.4 -400 -18
431963 20 2.4 -496 -248
437535 20 2.4 -564 -236
443178 20 2.4 -460 124
448894 20 2.4 -504 -194
454684 20 2.4 -508 242
460548 20 2.4 -468 -78
466489 20 2.4 -548 -294
472505 20 2.4 -596 -316
478600 20 2.4 -464 50
484773 20 2.4 -420 -90
491025 20 2.4 -608 -320
497358 20 2.4 -580 326
503773 20 2.4 -424 32
510271 20 2.4 -504 -150
516852 20 2.4 -460 -94
523519 20 2.4 -484 130
530271 20 2.4 -532 130
537111 20 2.4 -584 330
544038 20 2.4 -512 246
551055 20 2.4 -500 250
558163 20 2.4 -472 56
565362 20 2.4 -464 72
572654 20 2.4 -516 -182
580040 20 2.4 -460 -146
587521 20 2.4 -492 212
595099 20 2.4 -516 -286
602775 20 2.4 -456 88
610549 20 2.4 -460 132
618424 20 2.4 -500 262
626400 20 2.4 -456 78
634480 20 2.4 -456 78
642663 20 2.4 -448 -184
650952 20 2.4 -520 6
659348 20 2.4 -512 -252
667853 20 2.4 -532 -260
676467 20 2.4 -564 256
685192 20 2.4 -540 266
694029 20 2.4 -556 234
702981 20 2.4 -484 56
712048 20 2.4 -524 136
721232 20 2.4 -516 -276
730534 20 2.4 -480 48
739957 20 2.4 -472 196
749500 20 2.4 -428 56
759168 20 2.4 -456 -58
768959 20 2.4 -488 130
778877 20 2.4 -396 -144
788923 20 2.4 -468 -66
799099 20 2.4 -476 112
809405 20 2.4 -644 -304
819845 20 2.4 -588 -308
830419 20 2.4 -452 -252
841130 20 2.4 -396 -2
851979 20 2.4 -484 42
862968 20 2.4 -560 292
874098 20 2.4 -620 344
885373 20 2.4 -520 -152
896792 20 2.4 -436 132
908359 20 2.4 -456 118
920075 20 2.4 -624 344
931942 20 2.4 -572 -264
943962 20 2.4 -456 238
956137 20 2.4 -520 -116
968470 20 2.4 -556 -308
980961 20 2.4 -460 -38
993613 20 2.4 -612 -324
999999 20 2.4 -384 76
