3 140 2.1 -34700 18218
4 140 2.1 -34360 18138
5 140 2.1 -34076 17952
6 140 2.1 -33912 17880
7 140 2.1 -33576 17734
8 140 2.1 -33164 17582
9 140 2.1 -33100 17536
10 140 2.1 -33188 17488
11 140 2.1 -33260 17536
12 140 2.1 -33044 17412
13 140 2.1 -33472 17532
14 140 2.1 -33112 17394
15 140 2.1 -33312 17476
16 140 2.1 -32788 17272
17 140 2.1 -32776 17272
18 140 2.1 -32872 17244
19 140 2.1 -33000 17242
20 140 2.1 -32840 17208
21 140 2.1 -32684 17126
22 140 2.1 -32760 17210
23 140 2.1 -32556 17056
24 140 2.1 -32624 17150
25 140 2.1 -32552 17086
26 140 2.1 -32676 17140
27 140 2.1 -32872 17228
28 140 2.1 -33136 17334
29 140 2.1 -33104 17344
30 140 2.1 -32708 17196
31 140 2.1 -32820 17190
32 140 2.1 -32748 17146
33 140 2.1 -32808 17120
34 140 2.1 -32540 17114
35 140 2.1 -32324 16934
36 140 2.1 -32368 17002
37 140 2.1 -32520 17020
38 140 2.1 -32424 17048
39 140 2.1 -32236 16928
40 140 2.1 -32368 16966
41 140 2.1 -32468 17056
42 140 2.1 -32660 17106
43 140 2.1 -32560 17030
44 140 2.1 -32300 16900
45 140 2.1 -32188 16804
46 140 2.1 -32492 16982
47 140 2.1 -32252 16860
48 140 2.1 -32440 16888
49 140 2.1 -32476 16860
50 140 2.1 -32600 16898
51 140 2.1 -32792 16984
52 140 2.1 -32724 17018
53 140 2.1 -32788 16998
54 140 2.1 -32764 17028
55 140 2.1 -32936 17122
56 140 2.1 -32896 17106
57 140 2.1 -32892 17046
58 140 2.1 -32612 17046
59 140 2.1 -32540 16926
60 140 2.1 -32484 16864
61 140 2.1 -32368 16838
62 140 2.1 -32872 16936
63 140 2.1 -32424 16880
64 140 2.1 -32588 16990
65 140 2.1 -32308 16930
66 140 2.1 -32720 16954
67 140 2.1 -32432 16926
68 140 2.1 -32760 17028
69 140 2.1 -32844 17084
70 140 2.1 -32932 17102
71 140 2.1 -32784 17040
72 140 2.1 -32760 16992
73 140 2.1 -32316 16838
74 140 2.1 -32148 16800
75 140 2.1 -32280 16754
76 140 2.1 -32600 16868
77 140 2.1 -32372 16826
78 140 2.1 -32224 16740
79 140 2.1 -32024 16618
80 140 2.1 -31924 16596
81 140 2.1 -32000 16682
82 140 2.1 -32192 16674
83 140 2.1 -32252 16764
84 140 2.1 -32124 16712
85 140 2.1 -32052 16718
86 140 2.1 -32072 16632
88 140 2.1 -32576 16828
89 140 2.1 -32444 16886
90 140 2.1 -32508 16860
91 140 2.1 -32328 16770
92 140 2.1 -32372 16814
93 140 2.1 -32268 16780
95 140 2.1 -32096 16746
96 140 2.1 -31964 16708
97 140 2.1 -31884 16634
98 140 2.1 -31736 16512
99 140 2.1 -32020 16682
101 140 2.1 -32132 16630
102 140 2.1 -32148 16658
103 140 2.1 -32192 16692
105 140 2.1 -32188 16740
106 140 2.1 -32448 16808
107 140 2.1 -32380 16726
109 140 2.1 -32128 16762
110 140 2.1 -32296 16832
112 140 2.1 -32288 16764
113 140 2.1 -32596 16930
114 140 2.1 -32924 17178
116 140 2.1 -32588 16992
117 140 2.1 -32692 17050
119 140 2.1 -32520 17034
120 140 2.1 -32644 17140
122 140 2.1 -32596 17070
124 140 2.1 -32452 17010
125 140 2.1 -32692 17016
127 140 2.1 -32976 17050
128 140 2.1 -32568 16894
130 140 2.1 -32616 16910
132 140 2.1 -32692 16888
133 140 2.1 -32412 16746
135 140 2.1 -32304 16758
137 140 2.1 -31616 16416
139 140 2.1 -31800 16510
140 140 2.1 -31908 16444
142 140 2.1 -32224 16572
144 140 2.1 -31716 16530
146 140 2.1 -31748 16464
148 140 2.1 -32008 16608
150 140 2.1 -31792 16540
152 140 2.1 -32140 16740
154 140 2.1 -32368 16832
155 140 2.1 -33028 17076
157 140 2.1 -32440 16934
160 140 2.1 -31928 16630
162 140 2.1 -32376 16746
164 140 2.1 -32604 16800
166 140 2.1 -32528 16854
168 140 2.1 -32336 16782
170 140 2.1 -32392 16762
172 140 2.1 -32372 16762
174 140 2.1 -32584 16980
177 140 2.1 -32588 16970
179 140 2.1 -32388 16888
181 140 2.1 -32444 16902
184 140 2.1 -32532 16944
186 140 2.1 -32836 17066
188 140 2.1 -32764 17024
191 140 2.1 -32764 17008
193 140 2.1 -32324 16894
196 140 2.1 -32304 16972
198 140 2.1 -32464 16922
201 140 2.1 -32512 17020
203 140 2.1 -32728 17088
206 140 2.1 -32512 16972
209 140 2.1 -32856 16998
211 140 2.1 -32496 16858
214 140 2.1 -32652 16898
217 140 2.1 -32376 16788
220 140 2.1 -32736 16878
222 140 2.1 -32476 16768
225 140 2.1 -32520 16888
228 140 2.1 -32816 17030
231 140 2.1 -32320 16970
234 140 2.1 -32596 17090
237 140 2.1 -32524 16838
240 140 2.1 -32644 16988
243 140 2.1 -32316 16864
246 140 2.1 -32320 16870
250 140 2.1 -32268 16790
253 140 2.1 -32544 16946
256 140 2.1 -32640 17024
259 140 2.1 -32368 16946
263 140 2.1 -32436 17026
266 140 2.1 -32344 17004
269 140 2.1 -32392 17038
273 140 2.1 -32940 17196
276 140 2.1 -32868 17218
280 140 2.1 -32400 16962
284 140 2.1 -32468 16864
287 140 2.1 -32708 17018
291 140 2.1 -32604 17090
295 140 2.1 -32652 16974
298 140 2.1 -32724 17026
302 140 2.1 -32408 16876
306 140 2.1 -32296 16846
310 140 2.1 -32532 16922
314 140 2.1 -32632 17038
318 140 2.1 -32984 17258
322 140 2.1 -32708 17238
326 140 2.1 -32544 17012
331 140 2.1 -32344 17002
335 140 2.1 -32580 16944
339 140 2.1 -32756 17040
344 140 2.1 -32444 16898
348 140 2.1 -32248 16792
352 140 2.1 -32096 16708
357 140 2.1 -32508 16976
362 140 2.1 -32808 17056
366 140 2.1 -32764 17050
371 140 2.1 -32708 17010
376 140 2.1 -32160 16806
381 140 2.1 -32504 17052
385 140 2.1 -32312 16852
390 140 2.1 -32456 16814
395 140 2.1 -32496 16768
401 140 2.1 -32284 16728
406 140 2.1 -32348 16770
411 140 2.1 -32320 16898
416 140 2.1 -32272 16942
422 140 2.1 -32776 17198
427 140 2.1 -32952 17232
433 140 2.1 -32768 17120
438 140 2.1 -32408 16986
444 140 2.1 -32216 16778
449 140 2.1 -32564 16900
455 140 2.1 -32224 16802
461 140 2.1 -32596 16962
467 140 2.1 -32736 16920
473 140 2.1 -31868 16704
479 140 2.1 -32588 16796
485 140 2.1 -32132 16648
492 140 2.1 -32752 17022
498 140 2.1 -32804 17160
504 140 2.1 -32592 17082
511 140 2.1 -32848 17066
517 140 2.1 -32992 17080
524 140 2.1 -33080 17302
531 140 2.1 -32672 17092
538 140 2.1 -32812 17114
545 140 2.1 -32532 17148
552 140 2.1 -32412 16970
559 140 2.1 -32800 17116
566 140 2.1 -32648 17048
573 140 2.1 -32332 16776
581 140 2.1 -32132 16824
588 140 2.1 -32044 16882
596 140 2.1 -32816 17316
603 140 2.1 -32648 17128
611 140 2.1 -32796 17216
619 140 2.1 -32016 16812
627 140 2.1 -32300 16884
635 140 2.1 -32792 17014
643 140 2.1 -32604 17104
652 140 2.1 -32808 17160
660 140 2.1 -33016 17280
668 140 2.1 -32796 17186
677 140 2.1 -32524 16972
686 140 2.1 -32864 17270
695 140 2.1 -32844 17126
704 140 2.1 -32452 16938
713 140 2.1 -32052 16754
722 140 2.1 -32748 17088
731 140 2.1 -32556 17054
741 140 2.1 -32564 17012
750 140 2.1 -32200 16742
760 140 2.1 -32828 17190
770 140 2.1 -33028 17458
780 140 2.1 -32864 17244
790 140 2.1 -32528 17168
800 140 2.1 -32708 17156
810 140 2.1 -32720 17120
821 140 2.1 -33056 17326
831 140 2.1 -32892 17246
842 140 2.1 -33140 17304
853 140 2.1 -32788 17210
864 140 2.1 -32280 17034
875 140 2.1 -32944 17328
886 140 2.1 -33240 17404
897 140 2.1 -33444 17496
909 140 2.1 -33356 17398
921 140 2.1 -33196 17378
933 140 2.1 -32888 17372
945 140 2.1 -32396 16976
957 140 2.1 -32652 17132
969 140 2.1 -32324 17120
982 140 2.1 -32236 16942
994 140 2.1 -32244 16732
1007 140 2.1 -32564 17010
1020 140 2.1 -32244 16884
1033 140 2.1 -32604 17200
1047 140 2.1 -32712 17240
1060 140 2.1 -33204 17380
1074 140 2.1 -32788 17310
1088 140 2.1 -32356 16914
1102 140 2.1 -32500 16980
1116 140 2.1 -32980 17252
1130 140 2.1 -32440 17124
1145 140 2.1 -32148 16820
1160 140 2.1 -32620 16908
1174 140 2.1 -32832 17126
1190 140 2.1 -33004 17456
1205 140 2.1 -32864 17248
1220 140 2.1 -32536 17192
1236 140 2.1 -32988 17306
1252 140 2.1 -32588 17022
1268 140 2.1 -33012 17218
1285 140 2.1 -32616 17004
1301 140 2.1 -32268 16850
1318 140 2.1 -32556 17152
1335 140 2.1 -32328 17028
1352 140 2.1 -32124 16802
1370 140 2.1 -32004 16648
1387 140 2.1 -33172 17370
1405 140 2.1 -32604 17120
1423 140 2.1 -32280 16828
1442 140 2.1 -32660 17076
1460 140 2.1 -31784 16694
1479 140 2.1 -32860 17238
1498 140 2.1 -32584 17050
1517 140 2.1 -32756 17166
1537 140 2.1 -33340 17494
1557 140 2.1 -32432 17042
1577 140 2.1 -32320 16864
1597 140 2.1 -32284 16732
1618 140 2.1 -32284 16834
1639 140 2.1 -32276 16916
1660 140 2.1 -32788 17172
1681 140 2.1 -33356 17572
1703 140 2.1 -31980 16950
1725 140 2.1 -32576 17098
1747 140 2.1 -33196 17458
1770 140 2.1 -32708 17134
1792 140 2.1 -33064 17368
1816 140 2.1 -32980 17174
1839 140 2.1 -31956 16836
1863 140 2.1 -32612 17118
1887 140 2.1 -32448 16924
1911 140 2.1 -32612 17076
1936 140 2.1 -32256 16894
1961 140 2.1 -32960 17154
1986 140 2.1 -32940 17298
2012 140 2.1 -32612 17074
2037 140 2.1 -33108 17310
2064 140 2.1 -32276 16804
2090 140 2.1 -32912 17176
2117 140 2.1 -31948 16570
2145 140 2.1 -32368 17024
2172 140 2.1 -32480 16872
2200 140 2.1 -32184 16890
2229 140 2.1 -32388 17152
2257 140 2.1 -32380 16936
2286 140 2.1 -32648 17134
2316 140 2.1 -32244 16842
2346 140 2.1 -32504 17014
2376 140 2.1 -32580 16784
2407 140 2.1 -32660 17040
2438 140 2.1 -32740 16946
2469 140 2.1 -32728 17110
2501 140 2.1 -32196 16784
2533 140 2.1 -32900 17110
2566 140 2.1 -32612 17120
2599 140 2.1 -32152 16764
2633 140 2.1 -32200 16498
2667 140 2.1 -32348 16724
2701 140 2.1 -32328 16876
2736 140 2.1 -32812 17186
2771 140 2.1 -32624 17084
2807 140 2.1 -32728 17090
2843 140 2.1 -32484 17008
2880 140 2.1 -32680 17116
2917 140 2.1 -32240 16792
2954 140 2.1 -33144 17246
2992 140 2.1 -32912 17106
3031 140 2.1 -32416 16936
3070 140 2.1 -32480 16810
3110 140 2.1 -32580 16840
3150 140 2.1 -32708 17118
3190 140 2.1 -32244 16792
3232 140 2.1 -32744 17206
3273 140 2.1 -32676 17104
3315 140 2.1 -32592 17122
3358 140 2.1 -32632 17206
3402 140 2.1 -32604 17062
3445 140 2.1 -32328 16910
3490 140 2.1 -32332 16986
3535 140 2.1 -32628 17102
3580 140 2.1 -32376 16898
3627 140 2.1 -32164 16636
3673 140 2.1 -32456 16946
3721 140 2.1 -32408 16968
3769 140 2.1 -32160 16864
3817 140 2.1 -32112 16684
3867 140 2.1 -32428 16890
3916 140 2.1 -32392 16924
3967 140 2.1 -32472 17106
4018 140 2.1 -32328 16714
4070 140 2.1 -32140 16730
4122 140 2.1 -32016 16726
4176 140 2.1 -32460 17032
4229 140 2.1 -32312 16848
4284 140 2.1 -32532 16746
4339 140 2.1 -32084 16710
4395 140 2.1 -32360 16862
4452 140 2.1 -32352 17014
4509 140 2.1 -32444 16988
4567 140 2.1 -32308 16802
4626 140 2.1 -33068 17262
4686 140 2.1 -32868 17084
4746 140 2.1 -33192 17182
4808 140 2.1 -32752 17092
4870 140 2.1 -32056 16820
4932 140 2.1 -32648 17214
4996 140 2.1 -32544 17108
5060 140 2.1 -32424 16998
5126 140 2.1 -31928 16658
5192 140 2.1 -32024 16830
5259 140 2.1 -32360 16852
5327 140 2.1 -32900 17228
5395 140 2.1 -32764 17134
5465 140 2.1 -32972 17180
5535 140 2.1 -32464 17090
5607 140 2.1 -32336 17018
5679 140 2.1 -32256 16866
5752 140 2.1 -32888 17302
5826 140 2.1 -32840 17122
5902 140 2.1 -32644 17048
5978 140 2.1 -32224 16872
6055 140 2.1 -32372 16690
6133 140 2.1 -32772 17244
6212 140 2.1 -33000 17140
6292 140 2.1 -32344 17150
6373 140 2.1 -31668 16506
6455 140 2.1 -31960 16552
6539 140 2.1 -32884 17192
6623 140 2.1 -32260 17146
6708 140 2.1 -32400 16972
6795 140 2.1 -32832 17144
6883 140 2.1 -32244 16814
6971 140 2.1 -32036 16716
7061 140 2.1 -32564 17094
7152 140 2.1 -32664 17036
7245 140 2.1 -33136 17172
7338 140 2.1 -32724 17168
7433 140 2.1 -32504 17060
7529 140 2.1 -32348 16816
7626 140 2.1 -32520 16898
7724 140 2.1 -32808 17234
7824 140 2.1 -33216 17300
7925 140 2.1 -32708 17252
8027 140 2.1 -32876 17226
8130 140 2.1 -32420 16864
8235 140 2.1 -32464 16922
8341 140 2.1 -32672 17176
8449 140 2.1 -32620 17188
8558 140 2.1 -32108 16698
8668 140 2.1 -32368 16854
8780 140 2.1 -32540 17012
8893 140 2.1 -33080 17236
9008 140 2.1 -32284 17046
9124 140 2.1 -32612 16958
9242 140 2.1 -32612 17194
9361 140 2.1 -33244 17280
9482 140 2.1 -32880 17104
9604 140 2.1 -32220 16634
9728 140 2.1 -32748 17322
9853 140 2.1 -32160 16844
9980 140 2.1 -32324 16994
10109 140 2.1 -32076 16786
10240 140 2.1 -32472 16944
10372 140 2.1 -32584 17030
10505 140 2.1 -32668 16956
10641 140 2.1 -33064 17368
10778 140 2.1 -32520 17022
10917 140 2.1 -32552 17132
11058 140 2.1 -32820 17248
11201 140 2.1 -31984 16752
11345 140 2.1 -32428 17140
11491 140 2.1 -32696 17222
11640 140 2.1 -32920 17116
11790 140 2.1 -32344 16986
11942 140 2.1 -32196 16900
12096 140 2.1 -32420 16900
12252 140 2.1 -31920 16598
12410 140 2.1 -32256 16920
12570 140 2.1 -32492 17042
12732 140 2.1 -32528 16756
12896 140 2.1 -32384 16820
13062 140 2.1 -32360 16858
13231 140 2.1 -32664 17262
13402 140 2.1 -32716 17124
13574 140 2.1 -32160 16708
13750 140 2.1 -33220 17378
13927 140 2.1 -33192 17414
14106 140 2.1 -32164 16832
14288 140 2.1 -32852 17264
14473 140 2.1 -32564 17118
14659 140 2.1 -32668 17088
14848 140 2.1 -32884 17254
15040 140 2.1 -32576 16788
15234 140 2.1 -32540 16928
15430 140 2.1 -32200 16672
15629 140 2.1 -32376 16864
15831 140 2.1 -32588 16940
16035 140 2.1 -32448 16914
16242 140 2.1 -32224 16786
16451 140 2.1 -32480 16940
16664 140 2.1 -32376 17054
16879 140 2.1 -32096 16702
17096 140 2.1 -32752 17150
17317 140 2.1 -32152 16646
17540 140 2.1 -32584 17122
17766 140 2.1 -32612 17238
17995 140 2.1 -32296 16906
18228 140 2.1 -32408 16878
18463 140 2.1 -32764 17228
18701 140 2.1 -32664 17112
18942 140 2.1 -32912 17358
19186 140 2.1 -32028 16714
19434 140 2.1 -32552 17090
19684 140 2.1 -32596 16940
19938 140 2.1 -32672 17048
20195 140 2.1 -32840 17250
20456 140 2.1 -32932 17274
20720 140 2.1 -32348 16868
20987 140 2.1 -33260 17408
21258 140 2.1 -32892 17318
21532 140 2.1 -32528 17018
21810 140 2.1 -32580 16946
22091 140 2.1 -32224 16804
22376 140 2.1 -32652 17088
22664 140 2.1 -32788 17114
22957 140 2.1 -32500 17014
23253 140 2.1 -32208 16814
23553 140 2.1 -32740 17164
23856 140 2.1 -32832 17320
24164 140 2.1 -32656 17112
24476 140 2.1 -32236 16866
24791 140 2.1 -32636 17070
25111 140 2.1 -32464 16908
25435 140 2.1 -32396 16928
25763 140 2.1 -32336 16998
26095 140 2.1 -32896 17228
26432 140 2.1 -32776 17124
26773 140 2.1 -32268 16812
27118 140 2.1 -32536 16896
27468 140 2.1 -32656 17028
27822 140 2.1 -32596 17128
28181 140 2.1 -33000 17290
28545 140 2.1 -32656 17218
28913 140 2.1 -32648 17126
29286 140 2.1 -32516 17016
29663 140 2.1 -32968 17448
30046 140 2.1 -32644 17032
30434 140 2.1 -32688 17064
30826 140 2.1 -33208 17392
31224 140 2.1 -32688 17234
31626 140 2.1 -32392 16964
32034 140 2.1 -31784 16590
32447 140 2.1 -32568 16986
32866 140 2.1 -32224 16990
33290 140 2.1 -32504 17076
33719 140 2.1 -32672 16762
34154 140 2.1 -32596 17090
34595 140 2.1 -33016 17344
35041 140 2.1 -32336 16904
35493 140 2.1 -32828 17246
35951 140 2.1 -32624 17210
36414 140 2.1 -32468 16972
36884 140 2.1 -32008 16654
37360 140 2.1 -32708 17180
37841 140 2.1 -32620 17128
38330 140 2.1 -32916 17318
38824 140 2.1 -32024 16734
39325 140 2.1 -32648 17068
39832 140 2.1 -32980 17196
40346 140 2.1 -33032 17194
40866 140 2.1 -32012 16580
41393 140 2.1 -33140 17340
41927 140 2.1 -31988 16802
42468 140 2.1 -32956 17206
43015 140 2.1 -32636 17148
43570 140 2.1 -32476 17076
44132 140 2.1 -32572 16866
44701 140 2.1 -32784 17132
45278 140 2.1 -32532 17008
45862 140 2.1 -32516 17134
46453 140 2.1 -32288 16610
47053 140 2.1 -31932 16728
47660 140 2.1 -32324 16828
48274 140 2.1 -32692 16790
48897 140 2.1 -32640 17170
49528 140 2.1 -33100 17278
50166 140 2.1 -32204 16858
50813 140 2.1 -32552 17010
51469 140 2.1 -31732 16494
52133 140 2.1 -32388 16930
52805 140 2.1 -32812 17170
53486 140 2.1 -32964 17190
54176 140 2.1 -32360 16928
54875 140 2.1 -32284 16914
55582 140 2.1 -32504 17128
56299 140 2.1 -32912 17186
57025 140 2.1 -32224 16774
57761 140 2.1 -33156 17314
58506 140 2.1 -32152 16544
59261 140 2.1 -32660 17222
60025 140 2.1 -33136 17282
60799 140 2.1 -32528 17182
61583 140 2.1 -33040 17274
62378 140 2.1 -32640 16964
63182 140 2.1 -32232 16818
63997 140 2.1 -32776 17098
64822 140 2.1 -32608 16944
65658 140 2.1 -32720 16988
66505 140 2.1 -32316 16788
67363 140 2.1 -32916 17126
68232 140 2.1 -32460 16988
69112 140 2.1 -32980 17208
70003 140 2.1 -32796 17168
70906 140 2.1 -32712 17112
71821 140 2.1 -32632 17086
72747 140 2.1 -32164 16786
73685 140 2.1 -32616 17066
74636 140 2.1 -32436 16930
75599 140 2.1 -32472 16892
76574 140 2.1 -32592 17188
77561 140 2.1 -32668 17178
78562 140 2.1 -32684 17130
79575 140 2.1 -32920 17178
80601 140 2.1 -31900 16510
81641 140 2.1 -32352 16972
82694 140 2.1 -32324 16714
83760 140 2.1 -32360 16934
84841 140 2.1 -32304 16862
85935 140 2.1 -32760 17268
87043 140 2.1 -32164 16990
88166 140 2.1 -32400 16938
89303 140 2.1 -32312 16692
90455 140 2.1 -32788 17172
91622 140 2.1 -33008 17356
92803 140 2.1 -32672 17068
94000 140 2.1 -32424 16890
95213 140 2.1 -32692 17152
96441 140 2.1 -32720 17250
97685 140 2.1 -32876 17148
98945 140 2.1 -32540 17046
100221 140 2.1 -32224 16576
101513 140 2.1 -32652 17106
102823 140 2.1 -32392 16992
104149 140 2.1 -32616 16970
105492 140 2.1 -32696 16890
106853 140 2.1 -32628 17024
108231 140 2.1 -32196 16948
109627 140 2.1 -32876 17152
111041 140 2.1 -32288 16912
112473 140 2.1 -32896 17246
113924 140 2.1 -32740 17118
115393 140 2.1 -32296 16934
116882 140 2.1 -32700 17012
118389 140 2.1 -32808 17078
119916 140 2.1 -33052 17352
121463 140 2.1 -32884 17074
123029 140 2.1 -32452 17138
124616 140 2.1 -32376 16968
126224 140 2.1 -32648 17070
127852 140 2.1 -32308 16944
129501 140 2.1 -32568 16932
131171 140 2.1 -32732 16954
132863 140 2.1 -32636 17154
134576 140 2.1 -32248 16722
136312 140 2.1 -32348 16926
138070 140 2.1 -32664 17132
139851 140 2.1 -32444 16970
141655 140 2.1 -32236 16746
143482 140 2.1 -32808 17064
145333 140 2.1 -32380 16832
147207 140 2.1 -32368 16910
149106 140 2.1 -32780 17096
151029 140 2.1 -32884 17284
152977 140 2.1 -33372 17482
154950 140 2.1 -32428 16764
156948 140 2.1 -32424 17002
158973 140 2.1 -32416 16944
161023 140 2.1 -32348 16940
163100 140 2.1 -32252 16876
165204 140 2.1 -32444 16960
167334 140 2.1 -32200 16876
169493 140 2.1 -32516 17046
171679 140 2.1 -32956 17260
173893 140 2.1 -31936 16518
176136 140 2.1 -33164 17026
178408 140 2.1 -32316 16894
180709 140 2.1 -32524 17168
183040 140 2.1 -32216 16784
185400 140 2.1 -33144 17392
187792 140 2.1 -32556 16968
190214 140 2.1 -32960 17170
192667 140 2.1 -32588 17092
195152 140 2.1 -32692 17038
197669 140 2.1 -32588 17026
200219 140 2.1 -32028 16558
202801 140 2.1 -32312 16752
205417 140 2.1 -32424 16802
208066 140 2.1 -32760 17230
210750 140 2.1 -32684 17002
213468 140 2.1 -32420 16938
216222 140 2.1 -32612 17010
219010 140 2.1 -33148 17366
221835 140 2.1 -32164 16686
224696 140 2.1 -32768 17016
227595 140 2.1 -32256 16732
230530 140 2.1 -32392 16732
233503 140 2.1 -32412 16962
236515 140 2.1 -32680 17216
239566 140 2.1 -32340 16954
242656 140 2.1 -32800 17106
245785 140 2.1 -32512 16826
248956 140 2.1 -32436 17090
252167 140 2.1 -32504 16958
255419 140 2.1 -32748 17152
258713 140 2.1 -32896 17300
262050 140 2.1 -32236 16890
265430 140 2.1 -32952 17320
268854 140 2.1 -32272 16944
272321 140 2.1 -32828 17132
275834 140 2.1 -32840 16906
279391 140 2.1 -32500 17002
282995 140 2.1 -32324 16466
286645 140 2.1 -32300 16924
290342 140 2.1 -32588 17060
294087 140 2.1 -32340 16936
297880 140 2.1 -32696 17088
301722 140 2.1 -32868 17210
305614 140 2.1 -32984 17236
309556 140 2.1 -32592 16980
313548 140 2.1 -33088 17376
317592 140 2.1 -32920 17162
321689 140 2.1 -32564 16942
325838 140 2.1 -32748 17114
330040 140 2.1 -32096 16758
334297 140 2.1 -32572 17016
338609 140 2.1 -32732 17132
342976 140 2.1 -32364 17052
347400 140 2.1 -32164 16954
351881 140 2.1 -32816 17212
356419 140 2.1 -32520 17002
361016 140 2.1 -32640 17078
365673 140 2.1 -32068 16762
370389 140 2.1 -32236 16866
375167 140 2.1 -32824 17126
380005 140 2.1 -32776 17262
384907 140 2.1 -32004 16824
389871 140 2.1 -32904 17200
394900 140 2.1 -32036 16940
399993 140 2.1 -32788 17264
405152 140 2.1 -32512 17102
410378 140 2.1 -32464 17072
415671 140 2.1 -32892 17240
421032 140 2.1 -32548 17062
426463 140 2.1 -32548 17168
431963 140 2.1 -32420 16792
437535 140 2.1 -32672 17038
443178 140 2.1 -32940 17190
448894 140 2.1 -32244 16682
454684 140 2.1 -32300 16888
460548 140 2.1 -32176 16756
466489 140 2.1 -33080 17278
472505 140 2.1 -32260 17014
478600 140 2.1 -32788 17008
484773 140 2.1 -32556 17056
491025 140 2.1 -32160 16672
497358 140 2.1 -32548 16918
503773 140 2.1 -32688 17148
510271 140 2.1 -32848 17240
516852 140 2.1 -32568 17090
523519 140 2.1 -32464 17092
530271 140 2.1 -32880 17214
537111 140 2.1 -33048 17370
544038 140 2.1 -32808 17268
551055 140 2.1 -32652 17092
558163 140 2.1 -32728 17234
565362 140 2.1 -32828 17146
572654 140 2.1 -32144 16826
580040 140 2.1 -32404 16550
587521 140 2.1 -32948 17160
595099 140 2.1 -32476 16936
602775 140 2.1 -32308 17000
610549 140 2.1 -32416 16974
618424 140 2.1 -32496 16926
626400 140 2.1 -32816 17262
634480 140 2.1 -32276 16830
642663 140 2.1 -32548 17058
650952 140 2.1 -32440 16962
659348 140 2.1 -32552 17042
667853 140 2.1 -32752 17118
676467 140 2.1 -32472 17128
685192 140 2.1 -33136 17346
694029 140 2.1 -32288 16770
702981 140 2.1 -32616 17174
712048 140 2.1 -32352 16988
721232 140 2.1 -32328 17032
730534 140 2.1 -32864 17310
739957 140 2.1 -32556 17090
749500 140 2.1 -32596 17208
759168 140 2.1 -32636 17072
768959 140 2.1 -32460 16774
778877 140 2.1 -32248 16880
788923 140 2.1 -32588 16950
799099 140 2.1 -32800 17112
809405 140 2.1 -32576 17178
819845 140 2.1 -33084 17230
830419 140 2.1 -32944 17304
841130 140 2.1 -32552 17092
851979 140 2.1 -32856 17046
862968 140 2.1 -32516 17132
874098 140 2.1 -32560 17090
885373 140 2.1 -32616 17066
896792 140 2.1 -32900 17274
908359 140 2.1 -32552 17040
920075 140 2.1 -32684 17046
931942 140 2.1 -32996 17118
943962 140 2.1 -32956 17236
956137 140 2.1 -32372 16876
968470 140 2.1 -32224 16752
980961 140 2.1 -32708 17048
993613 140 2.1 -32712 17176
999999 140 2.1 -32588 16992
