3 100 2.3 -16556 8854
4 100 2.3 -16300 8786
5 100 2.3 -16156 8730
6 100 2.3 -16008 8602
7 100 2.3 -16048 8588
8 100 2.3 -15620 8414
9 100 2.3 -15356 8314
10 100 2.3 -15572 8338
11 100 2.3 -15236 8190
12 100 2.3 -15160 8120
13 100 2.3 -15004 8012
14 100 2.3 -15168 8102
15 100 2.3 -15204 8156
16 100 2.3 -15032 7992
17 100 2.3 -14976 7938
18 100 2.3 -14960 7962
19 100 2.3 -14736 7896
20 100 2.3 -14760 7842
21 100 2.3 -15008 7832
22 100 2.3 -14920 7864
23 100 2.3 -15068 7906
24 100 2.3 -15044 7942
25 100 2.3 -15264 7906
26 100 2.3 -15212 7864
27 100 2.3 -15160 7924
28 100 2.3 -15124 7892
29 100 2.3 -14888 7764
30 100 2.3 -14952 7788
31 100 2.3 -14996 7800
32 100 2.3 -14900 7704
33 100 2.3 -14732 7690
34 100 2.3 -14740 7586
35 100 2.3 -14656 7560
36 100 2.3 -14580 7540
37 100 2.3 -14528 7474
38 100 2.3 -14328 7380
39 100 2.3 -14400 7400
40 100 2.3 -14656 7550
41 100 2.3 -14412 7416
42 100 2.3 -14448 7440
43 100 2.3 -14436 7406
44 100 2.3 -14464 7340
45 100 2.3 -14220 7312
46 100 2.3 -14308 7368
47 100 2.3 -14100 7366
48 100 2.3 -14456 7472
49 100 2.3 -14556 7458
50 100 2.3 -14312 7402
51 100 2.3 -14472 7476
52 100 2.3 -14608 7492
53 100 2.3 -14588 7438
54 100 2.3 -14800 7582
55 100 2.3 -14532 7434
56 100 2.3 -14380 7356
57 100 2.3 -14360 7264
58 100 2.3 -14648 7380
59 100 2.3 -14456 7426
60 100 2.3 -14780 7528
61 100 2.3 -14572 7390
62 100 2.3 -14412 7356
63 100 2.3 -14316 7306
64 100 2.3 -14424 7254
65 100 2.3 -14452 7272
66 100 2.3 -14264 7208
67 100 2.3 -14312 7184
68 100 2.3 -14108 7060
69 100 2.3 -14116 7040
70 100 2.3 -14296 7122
71 100 2.3 -14140 7050
72 100 2.3 -14112 7072
73 100 2.3 -14256 7134
74 100 2.3 -14564 7216
75 100 2.3 -14436 7196
76 100 2.3 -14420 7270
77 100 2.3 -14436 7302
78 100 2.3 -14440 7282
79 100 2.3 -14328 7200
80 100 2.3 -14340 7180
81 100 2.3 -14172 7032
82 100 2.3 -14176 7044
83 100 2.3 -14236 7030
84 100 2.3 -14304 7012
85 100 2.3 -13980 6856
86 100 2.3 -14108 6946
88 100 2.3 -13816 6686
89 100 2.3 -13784 6686
90 100 2.3 -14076 6810
91 100 2.3 -14340 7020
92 100 2.3 -14260 7046
93 100 2.3 -14240 6918
95 100 2.3 -14324 7032
96 100 2.3 -14136 6990
97 100 2.3 -14128 6864
98 100 2.3 -14440 6928
99 100 2.3 -13816 6734
101 100 2.3 -13820 6744
102 100 2.3 -13956 6756
103 100 2.3 -14080 6772
105 100 2.3 -13920 6708
106 100 2.3 -13808 6686
107 100 2.3 -13928 6794
109 100 2.3 -13876 6808
110 100 2.3 -13772 6822
112 100 2.3 -14052 6928
113 100 2.3 -14212 7020
114 100 2.3 -14252 7110
116 100 2.3 -14168 6992
117 100 2.3 -14236 7022
119 100 2.3 -13972 7056
120 100 2.3 -13964 6958
122 100 2.3 -14148 6936
124 100 2.3 -14288 6992
125 100 2.3 -14292 6948
127 100 2.3 -14364 7012
128 100 2.3 -14560 7044
130 100 2.3 -14228 6804
132 100 2.3 -13992 6562
133 100 2.3 -14044 6538
135 100 2.3 -13896 6502
137 100 2.3 -14296 6840
139 100 2.3 -14412 6944
140 100 2.3 -14468 6948
142 100 2.3 -13860 6838
144 100 2.3 -14020 6906
146 100 2.3 -13800 6560
148 100 2.3 -13724 6644
150 100 2.3 -13964 6770
152 100 2.3 -13852 6858
154 100 2.3 -14020 6860
155 100 2.3 -14088 6880
157 100 2.3 -14024 6792
160 100 2.3 -14008 6948
162 100 2.3 -14224 7110
164 100 2.3 -14288 7082
166 100 2.3 -14296 7144
168 100 2.3 -14140 7090
170 100 2.3 -14428 7146
172 100 2.3 -14380 7182
174 100 2.3 -14700 7220
177 100 2.3 -14364 7266
179 100 2.3 -14572 7228
181 100 2.3 -14692 7358
184 100 2.3 -14696 7136
186 100 2.3 -14448 7092
188 100 2.3 -14472 7040
191 100 2.3 -14504 7060
193 100 2.3 -14472 7194
196 100 2.3 -14504 7104
198 100 2.3 -14016 6754
201 100 2.3 -14124 6806
203 100 2.3 -14104 6884
206 100 2.3 -13968 6640
209 100 2.3 -13648 6552
211 100 2.3 -13900 6724
214 100 2.3 -14152 6896
217 100 2.3 -14592 7136
220 100 2.3 -14248 6810
222 100 2.3 -14120 6750
225 100 2.3 -14132 6672
228 100 2.3 -14212 6546
231 100 2.3 -14260 6638
234 100 2.3 -13820 6468
237 100 2.3 -13956 6440
240 100 2.3 -13916 6520
243 100 2.3 -14240 6720
246 100 2.3 -14068 6688
250 100 2.3 -13976 6648
253 100 2.3 -14292 6786
256 100 2.3 -14324 6714
259 100 2.3 -13856 6554
263 100 2.3 -13596 6438
266 100 2.3 -13628 6520
269 100 2.3 -13840 6666
273 100 2.3 -13676 6544
276 100 2.3 -13748 6566
280 100 2.3 -14036 6880
284 100 2.3 -13988 6804
287 100 2.3 -13960 6786
291 100 2.3 -14312 7020
295 100 2.3 -14252 6952
298 100 2.3 -13932 6796
302 100 2.3 -14348 6932
306 100 2.3 -14432 7028
310 100 2.3 -14124 6944
314 100 2.3 -14104 6834
318 100 2.3 -14216 6844
322 100 2.3 -14248 6796
326 100 2.3 -14196 6846
331 100 2.3 -14344 6924
335 100 2.3 -14276 6638
339 100 2.3 -14340 6772
344 100 2.3 -13952 6442
348 100 2.3 -13788 6308
352 100 2.3 -13848 6464
357 100 2.3 -13768 6198
362 100 2.3 -13400 6038
366 100 2.3 -13776 6360
371 100 2.3 -13680 6408
376 100 2.3 -13812 6446
381 100 2.3 -14104 6556
385 100 2.3 -13972 6614
390 100 2.3 -14184 6440
395 100 2.3 -13760 6066
401 100 2.3 -13804 5876
406 100 2.3 -13972 5974
411 100 2.3 -13784 5746
416 100 2.3 -13760 5678
422 100 2.3 -13340 5544
427 100 2.3 -13560 5504
433 100 2.3 -13804 5540
438 100 2.3 -13416 5562
444 100 2.3 -13648 5306
449 100 2.3 -12972 5156
455 100 2.3 -13600 5506
461 100 2.3 -13436 5504
467 100 2.3 -13596 5392
473 100 2.3 -13688 5218
479 100 2.3 -13736 5388
485 100 2.3 -13620 5556
492 100 2.3 -13708 5296
498 100 2.3 -13780 5118
504 100 2.3 -13744 5150
511 100 2.3 -14276 5362
517 100 2.3 -13540 5126
524 100 2.3 -13656 5158
531 100 2.3 -13704 4892
538 100 2.3 -14012 4830
545 100 2.3 -13860 4804
552 100 2.3 -13868 4712
559 100 2.3 -13600 4410
566 100 2.3 -13348 4108
573 100 2.3 -13568 4400
581 100 2.3 -13628 4284
588 100 2.3 -13480 4146
596 100 2.3 -13424 4154
603 100 2.3 -13620 4454
611 100 2.3 -13448 4224
619 100 2.3 -13084 4090
627 100 2.3 -13408 3682
635 100 2.3 -13452 3534
643 100 2.3 -13340 3580
652 100 2.3 -13068 3182
660 100 2.3 -13032 2924
668 100 2.3 -13120 3330
677 100 2.3 -12792 3292
686 100 2.3 -13264 3486
695 100 2.3 -13200 3130
704 100 2.3 -13336 3124
713 100 2.3 -13708 3032
722 100 2.3 -13404 3056
731 100 2.3 -13272 2926
741 100 2.3 -13388 2984
750 100 2.3 -13400 2636
760 100 2.3 -13388 2712
770 100 2.3 -13696 2896
780 100 2.3 -13328 2858
790 100 2.3 -13308 3264
800 100 2.3 -13492 3290
810 100 2.3 -13496 3220
821 100 2.3 -12964 3494
831 100 2.3 -13532 3006
842 100 2.3 -13784 3120
853 100 2.3 -13232 3256
864 100 2.3 -13452 4114
875 100 2.3 -13660 3872
886 100 2.3 -13496 3800
897 100 2.3 -14028 3694
909 100 2.3 -13880 3870
921 100 2.3 -13604 3932
933 100 2.3 -13200 3012
945 100 2.3 -13576 2730
957 100 2.3 -13584 3064
969 100 2.3 -13404 3116
982 100 2.3 -13312 3204
994 100 2.3 -13180 2894
1007 100 2.3 -13672 3398
1020 100 2.3 -13576 2960
1033 100 2.3 -13420 2906
1047 100 2.3 -13404 2708
1060 100 2.3 -13712 2904
1074 100 2.3 -13464 2630
1088 100 2.3 -13232 3098
1102 100 2.3 -13272 3136
1116 100 2.3 -13384 3306
1130 100 2.3 -13692 3512
1145 100 2.3 -13172 3326
1160 100 2.3 -13148 2410
1174 100 2.3 -13328 1814
1190 100 2.3 -13868 1716
1205 100 2.3 -13564 1660
1220 100 2.3 -13532 1528
1236 100 2.3 -13800 1414
1252 100 2.3 -13640 1854
1268 100 2.3 -13624 1530
1285 100 2.3 -13668 1800
1301 100 2.3 -13592 1850
1318 100 2.3 -13584 1802
1335 100 2.3 -13372 1678
1352 100 2.3 -13544 1296
1370 100 2.3 -13196 714
1387 100 2.3 -13348 360
1405 100 2.3 -13788 486
1423 100 2.3 -13200 708
1442 100 2.3 -13528 226
1460 100 2.3 -13036 8
1479 100 2.3 -12992 -708
1498 100 2.3 -13076 -812
1517 100 2.3 -13096 -1218
1537 100 2.3 -12928 -954
1557 100 2.3 -12884 -1152
1577 100 2.3 -12988 -1136
1597 100 2.3 -12884 -1336
1618 100 2.3 -12848 -1468
1639 100 2.3 -13492 -2044
1660 100 2.3 -13196 -2386
1681 100 2.3 -12988 -1658
1703 100 2.3 -13360 -2204
1725 100 2.3 -13232 -2472
1747 100 2.3 -13376 -3100
1770 100 2.3 -13364 -3198
1792 100 2.3 -13480 -3258
1816 100 2.3 -13096 -2576
1839 100 2.3 -13588 -2350
1863 100 2.3 -13636 -2994
1887 100 2.3 -13348 -2950
1911 100 2.3 -13688 -3038
1936 100 2.3 -13468 -2936
1961 100 2.3 -13168 -2268
1986 100 2.3 -13004 -1578
2012 100 2.3 -12916 -1418
2037 100 2.3 -13176 -1880
2064 100 2.3 -13596 -1896
2090 100 2.3 -13332 -2020
2117 100 2.3 -12756 -1744
2145 100 2.3 -12792 -2012
2172 100 2.3 -13588 -2282
2200 100 2.3 -13072 -2548
2229 100 2.3 -13496 -2678
2257 100 2.3 -13604 -2952
2286 100 2.3 -13568 -2996
2316 100 2.3 -13328 -2432
2346 100 2.3 -13532 -3026
2376 100 2.3 -13660 -2584
2407 100 2.3 -13388 -2028
2438 100 2.3 -13792 -2182
2469 100 2.3 -13512 -2076
2501 100 2.3 -13548 -2156
2533 100 2.3 -12968 -2070
2566 100 2.3 -13400 -3050
2599 100 2.3 -13928 -3138
2633 100 2.3 -13496 -2798
2667 100 2.3 -13184 -3006
2701 100 2.3 -13376 -3590
2736 100 2.3 -13320 -3608
2771 100 2.3 -13188 -4202
2807 100 2.3 -13664 -4466
2843 100 2.3 -13644 -4322
2880 100 2.3 -13656 -4474
2917 100 2.3 -13948 -4926
2954 100 2.3 -13572 -4026
2992 100 2.3 -13864 -5292
3031 100 2.3 -14068 -4812
3070 100 2.3 -13584 -4922
3110 100 2.3 -13588 -4900
3150 100 2.3 -13076 -4340
3190 100 2.3 -13888 -4846
3232 100 2.3 -13496 -5040
3273 100 2.3 -13360 -4834
3315 100 2.3 -14080 -5370
3358 100 2.3 -13364 -4936
3402 100 2.3 -13304 -4810
3445 100 2.3 -13308 -4618
3490 100 2.3 -13340 -4374
3535 100 2.3 -13232 -4200
3580 100 2.3 -13712 -3914
3627 100 2.3 -13720 -3326
3673 100 2.3 -13804 -3504
3721 100 2.3 -13008 -2188
3769 100 2.3 -13236 -1346
3817 100 2.3 -13224 -1824
3867 100 2.3 -13200 -1256
3916 100 2.3 -13348 -1726
3967 100 2.3 -13204 -358
4018 100 2.3 -13352 -340
4070 100 2.3 -12888 310
4122 100 2.3 -13312 -126
4176 100 2.3 -13204 -256
4229 100 2.3 -12808 470
4284 100 2.3 -12960 -104
4339 100 2.3 -13732 -890
4395 100 2.3 -13720 -112
4452 100 2.3 -13608 -1356
4509 100 2.3 -13216 -960
4567 100 2.3 -13388 -954
4626 100 2.3 -13224 -1802
4686 100 2.3 -13372 -2176
4746 100 2.3 -13260 -2258
4808 100 2.3 -13460 -2498
4870 100 2.3 -13184 -1988
4932 100 2.3 -13408 -1796
4996 100 2.3 -13492 -2836
5060 100 2.3 -13252 -2502
5126 100 2.3 -13456 -2114
5192 100 2.3 -13588 -2740
5259 100 2.3 -13204 -2060
5327 100 2.3 -13060 -2522
5395 100 2.3 -13292 -1358
5465 100 2.3 -13548 -906
5535 100 2.3 -13560 -1488
5607 100 2.3 -13480 -878
5679 100 2.3 -12712 -570
5752 100 2.3 -13312 -1628
5826 100 2.3 -13168 -1734
5902 100 2.3 -13548 -3878
5978 100 2.3 -13660 -4546
6055 100 2.3 -13552 -4620
6133 100 2.3 -13656 -4902
6212 100 2.3 -14084 -5680
6292 100 2.3 -13872 -5710
6373 100 2.3 -14196 -5886
6455 100 2.3 -13264 -4810
6539 100 2.3 -13324 -3694
6623 100 2.3 -13440 -4638
6708 100 2.3 -13460 -5292
6795 100 2.3 -13904 -4528
6883 100 2.3 -13652 -4860
6971 100 2.3 -13260 -4884
7061 100 2.3 -13360 -4186
7152 100 2.3 -13824 -4340
7245 100 2.3 -13776 -2900
7338 100 2.3 -13168 -2122
7433 100 2.3 -13400 -3030
7529 100 2.3 -13916 -2882
7626 100 2.3 -13888 -980
7724 100 2.3 -13212 -1362
7824 100 2.3 -12960 -298
7925 100 2.3 -13404 1616
8027 100 2.3 -12988 1674
8130 100 2.3 -13232 520
8235 100 2.3 -12848 412
8341 100 2.3 -13292 -402
8449 100 2.3 -12832 -658
8558 100 2.3 -13004 -1988
8668 100 2.3 -13080 -1478
8780 100 2.3 -13424 -1844
8893 100 2.3 -13292 -1792
9008 100 2.3 -13432 -1302
9124 100 2.3 -13548 532
9242 100 2.3 -13536 1306
9361 100 2.3 -13108 1292
9482 100 2.3 -13448 460
9604 100 2.3 -13380 1060
9728 100 2.3 -13452 912
9853 100 2.3 -13512 426
9980 100 2.3 -13320 482
10109 100 2.3 -13116 2156
10240 100 2.3 -13600 1798
10372 100 2.3 -13228 1318
10505 100 2.3 -13128 734
10641 100 2.3 -13416 -486
10778 100 2.3 -13416 -150
10917 100 2.3 -13068 -1894
11058 100 2.3 -13220 154
11201 100 2.3 -13380 660
11345 100 2.3 -13228 288
11491 100 2.3 -13176 1454
11640 100 2.3 -13268 846
11790 100 2.3 -12984 -150
11942 100 2.3 -13572 736
12096 100 2.3 -13332 -192
12252 100 2.3 -13368 -202
12410 100 2.3 -13388 1036
12570 100 2.3 -13708 1864
12732 100 2.3 -13836 1852
12896 100 2.3 -13436 2298
13062 100 2.3 -13256 2790
13231 100 2.3 -13380 3016
13402 100 2.3 -13328 2076
13574 100 2.3 -13452 1758
13750 100 2.3 -13428 1890
13927 100 2.3 -13720 3628
14106 100 2.3 -13004 2738
14288 100 2.3 -13528 2636
14473 100 2.3 -13148 1150
14659 100 2.3 -13232 2648
14848 100 2.3 -13884 3438
15040 100 2.3 -13424 1460
15234 100 2.3 -13436 352
15430 100 2.3 -12904 -276
15629 100 2.3 -13304 196
15831 100 2.3 -13056 874
16035 100 2.3 -13108 1746
16242 100 2.3 -13116 2980
16451 100 2.3 -12876 3562
16664 100 2.3 -13380 3128
16879 100 2.3 -13268 3114
17096 100 2.3 -13176 1546
17317 100 2.3 -13224 1164
17540 100 2.3 -14032 1558
17766 100 2.3 -13128 2744
17995 100 2.3 -13528 2248
18228 100 2.3 -12816 468
18463 100 2.3 -13340 1668
18701 100 2.3 -13412 3132
18942 100 2.3 -13276 3206
19186 100 2.3 -13164 3464
19434 100 2.3 -13764 1928
19684 100 2.3 -13448 1926
19938 100 2.3 -12884 1490
20195 100 2.3 -12948 1896
20456 100 2.3 -13424 1194
20720 100 2.3 -13060 526
20987 100 2.3 -13176 -224
21258 100 2.3 -12884 416
21532 100 2.3 -13472 -34
21810 100 2.3 -13480 -1730
22091 100 2.3 -13832 -2860
22376 100 2.3 -13476 -4062
22664 100 2.3 -13064 -3760
22957 100 2.3 -13376 -4348
23253 100 2.3 -13516 -4038
23553 100 2.3 -13388 -5104
23856 100 2.3 -13224 -3926
24164 100 2.3 -13820 -3642
24476 100 2.3 -13384 -2046
24791 100 2.3 -13208 -2596
25111 100 2.3 -13548 -3128
25435 100 2.3 -13416 -2402
25763 100 2.3 -13296 1942
26095 100 2.3 -13088 1100
26432 100 2.3 -12964 472
26773 100 2.3 -13712 5074
27118 100 2.3 -13268 4148
27468 100 2.3 -13640 4192
27822 100 2.3 -13512 4482
28181 100 2.3 -13724 4904
28545 100 2.3 -13812 5318
28913 100 2.3 -13852 5696
29286 100 2.3 -13560 4012
29663 100 2.3 -13852 5496
30046 100 2.3 -13640 5304
30434 100 2.3 -13656 3260
30826 100 2.3 -13464 2508
31224 100 2.3 -12956 -2546
31626 100 2.3 -14148 -5500
32034 100 2.3 -13616 -4768
32447 100 2.3 -13652 -5214
32866 100 2.3 -13472 -5362
33290 100 2.3 -14084 -5326
33719 100 2.3 -14116 -6350
34154 100 2.3 -14044 -5920
34595 100 2.3 -13784 -4704
35041 100 2.3 -14080 -5628
35493 100 2.3 -14144 -6480
35951 100 2.3 -13588 -5874
36414 100 2.3 -13680 -4318
36884 100 2.3 -13492 -5056
37360 100 2.3 -14088 -5398
37841 100 2.3 -13504 -4350
38330 100 2.3 -13332 -2952
38824 100 2.3 -13704 -5234
39325 100 2.3 -13236 -3668
39832 100 2.3 -13524 -3604
40346 100 2.3 -13632 -1666
40866 100 2.3 -13340 -3086
41393 100 2.3 -13640 -1112
41927 100 2.3 -13872 -4850
42468 100 2.3 -13676 -4762
43015 100 2.3 -13672 -3248
43570 100 2.3 -13280 -2056
44132 100 2.3 -13176 -596
44701 100 2.3 -13120 -588
45278 100 2.3 -13288 1020
45862 100 2.3 -13328 -2588
46453 100 2.3 -13844 -1198
47053 100 2.3 -13204 -1120
47660 100 2.3 -12828 -1312
48274 100 2.3 -13368 -72
48897 100 2.3 -13148 -1232
49528 100 2.3 -13332 -3412
50166 100 2.3 -13420 -3710
50813 100 2.3 -13836 -6374
51469 100 2.3 -13820 -5318
52133 100 2.3 -13464 -5328
52805 100 2.3 -13348 -4894
53486 100 2.3 -13816 -4790
54176 100 2.3 -13064 -2590
54875 100 2.3 -13276 -2950
55582 100 2.3 -13844 -5078
56299 100 2.3 -13692 -5734
57025 100 2.3 -13920 -5116
57761 100 2.3 -14004 -4936
58506 100 2.3 -14124 -5836
59261 100 2.3 -14016 -4840
60025 100 2.3 -13988 -4420
60799 100 2.3 -13232 -1108
61583 100 2.3 -13084 -124
62378 100 2.3 -13412 -46
63182 100 2.3 -13108 -822
63997 100 2.3 -13132 1560
64822 100 2.3 -13416 2014
65658 100 2.3 -13592 4496
66505 100 2.3 -13344 5480
67363 100 2.3 -13324 4916
68232 100 2.3 -13556 4894
69112 100 2.3 -13520 4522
70003 100 2.3 -12944 2452
70906 100 2.3 -13612 2798
71821 100 2.3 -13388 4354
72747 100 2.3 -14084 5924
73685 100 2.3 -13180 60
74636 100 2.3 -14244 4526
75599 100 2.3 -12804 4264
76574 100 2.3 -13268 2116
77561 100 2.3 -13328 5232
78562 100 2.3 -14008 1298
79575 100 2.3 -13532 2288
80601 100 2.3 -13228 1148
81641 100 2.3 -14252 5782
82694 100 2.3 -13724 5538
83760 100 2.3 -13808 4158
84841 100 2.3 -13352 4666
85935 100 2.3 -13616 4156
87043 100 2.3 -13300 84
88166 100 2.3 -13132 -1742
89303 100 2.3 -13680 -226
90455 100 2.3 -13664 -3702
91622 100 2.3 -13656 -5046
92803 100 2.3 -13704 -4204
94000 100 2.3 -12884 -3546
95213 100 2.3 -13724 -4740
96441 100 2.3 -13628 -1502
97685 100 2.3 -13884 -4582
98945 100 2.3 -13192 -2142
100221 100 2.3 -13892 -3214
101513 100 2.3 -13408 -2716
102823 100 2.3 -13192 -398
104149 100 2.3 -13920 3086
105492 100 2.3 -13232 662
106853 100 2.3 -13660 -3492
108231 100 2.3 -13940 -5542
109627 100 2.3 -13704 -4590
111041 100 2.3 -13684 -4656
112473 100 2.3 -13064 -3278
113924 100 2.3 -13696 -5690
115393 100 2.3 -13404 -4394
116882 100 2.3 -13436 6
118389 100 2.3 -13316 -1562
119916 100 2.3 -13580 -2670
121463 100 2.3 -12984 -2740
123029 100 2.3 -14284 -4898
124616 100 2.3 -14064 -5938
126224 100 2.3 -13832 -4526
127852 100 2.3 -13452 2528
129501 100 2.3 -13572 3728
131171 100 2.3 -13684 3690
132863 100 2.3 -13612 -1340
134576 100 2.3 -13516 1842
136312 100 2.3 -13964 5030
138070 100 2.3 -13300 3744
139851 100 2.3 -12996 -2806
141655 100 2.3 -13360 4488
143482 100 2.3 -13276 5096
145333 100 2.3 -14084 5476
147207 100 2.3 -13508 2254
149106 100 2.3 -13136 3100
151029 100 2.3 -13296 -638
152977 100 2.3 -13536 440
154950 100 2.3 -13032 -2676
156948 100 2.3 -13044 456
158973 100 2.3 -13296 -3476
161023 100 2.3 -14020 -3550
163100 100 2.3 -13716 -4228
165204 100 2.3 -13392 -4966
167334 100 2.3 -13520 -3594
169493 100 2.3 -13452 -2586
171679 100 2.3 -13196 -3458
173893 100 2.3 -13800 2020
176136 100 2.3 -13652 5896
178408 100 2.3 -13744 5278
180709 100 2.3 -13200 3002
183040 100 2.3 -13424 5008
185400 100 2.3 -12956 2214
187792 100 2.3 -13168 3418
190214 100 2.3 -13516 -2022
192667 100 2.3 -13572 -2632
195152 100 2.3 -13328 -2776
197669 100 2.3 -13708 1250
200219 100 2.3 -13564 266
202801 100 2.3 -13552 -3140
205417 100 2.3 -12972 -2494
208066 100 2.3 -13752 -5344
210750 100 2.3 -13020 -1690
213468 100 2.3 -13208 -842
216222 100 2.3 -13500 282
219010 100 2.3 -13340 68
221835 100 2.3 -13204 3870
224696 100 2.3 -13392 5272
227595 100 2.3 -13472 -52
230530 100 2.3 -13564 1642
233503 100 2.3 -13356 -1426
236515 100 2.3 -13772 1336
239566 100 2.3 -13584 3230
242656 100 2.3 -13232 532
245785 100 2.3 -12592 -2174
248956 100 2.3 -13660 3396
252167 100 2.3 -13832 4934
255419 100 2.3 -13540 2820
258713 100 2.3 -13296 -1476
262050 100 2.3 -13432 -3570
265430 100 2.3 -13140 -4282
268854 100 2.3 -13488 -2492
272321 100 2.3 -14180 -6248
275834 100 2.3 -13304 -954
279391 100 2.3 -14052 4200
282995 100 2.3 -13192 5058
286645 100 2.3 -13272 680
290342 100 2.3 -13224 1834
294087 100 2.3 -13360 -1126
297880 100 2.3 -12532 -1700
301722 100 2.3 -13436 -3598
305614 100 2.3 -13440 -2722
309556 100 2.3 -13692 -270
313548 100 2.3 -13484 3434
317592 100 2.3 -13308 2092
321689 100 2.3 -13608 5138
325838 100 2.3 -13816 3606
330040 100 2.3 -13512 4430
334297 100 2.3 -13048 1576
338609 100 2.3 -13340 -3900
342976 100 2.3 -13840 -4878
347400 100 2.3 -13300 -2748
351881 100 2.3 -13168 -3008
356419 100 2.3 -13528 3308
361016 100 2.3 -13304 1354
365673 100 2.3 -13584 2326
370389 100 2.3 -13908 5572
375167 100 2.3 -13676 -4320
380005 100 2.3 -13480 -2234
384907 100 2.3 -14060 6498
389871 100 2.3 -13896 634
394900 100 2.3 -13864 4798
399993 100 2.3 -13400 3948
405152 100 2.3 -13316 4104
410378 100 2.3 -13552 5950
415671 100 2.3 -13732 4218
421032 100 2.3 -13624 4204
426463 100 2.3 -13632 2856
431963 100 2.3 -13664 6444
437535 100 2.3 -12792 28
443178 100 2.3 -13812 4808
448894 100 2.3 -13388 3576
454684 100 2.3 -13640 5070
460548 100 2.3 -13296 952
466489 100 2.3 -13728 -5444
472505 100 2.3 -13088 -1722
478600 100 2.3 -13612 -3832
484773 100 2.3 -13424 -1698
491025 100 2.3 -13144 1620
497358 100 2.3 -13160 -1870
503773 100 2.3 -13564 -5794
510271 100 2.3 -13904 -4066
516852 100 2.3 -13364 -1888
523519 100 2.3 -13756 -986
530271 100 2.3 -14012 -2788
537111 100 2.3 -13224 -3840
544038 100 2.3 -13552 -3640
551055 100 2.3 -13260 -4464
558163 100 2.3 -13092 -2406
565362 100 2.3 -13940 5866
572654 100 2.3 -13352 -434
580040 100 2.3 -13980 5784
587521 100 2.3 -13284 3006
595099 100 2.3 -13656 5388
602775 100 2.3 -13456 -986
610549 100 2.3 -13364 -2090
618424 100 2.3 -13212 1392
626400 100 2.3 -13104 720
634480 100 2.3 -13196 882
642663 100 2.3 -13920 5628
650952 100 2.3 -13112 2054
659348 100 2.3 -13560 6090
667853 100 2.3 -13224 3494
676467 100 2.3 -13544 2218
685192 100 2.3 -13108 106
694029 100 2.3 -13408 -1500
702981 100 2.3 -14560 -6414
712048 100 2.3 -13036 -3708
721232 100 2.3 -14560 6538
730534 100 2.3 -13956 4922
739957 100 2.3 -13356 -2916
749500 100 2.3 -13892 -5216
759168 100 2.3 -13332 3450
768959 100 2.3 -13292 -2614
778877 100 2.3 -13196 4214
788923 100 2.3 -14144 -5996
799099 100 2.3 -13244 1600
809405 100 2.3 -13968 -5710
819845 100 2.3 -13360 704
830419 100 2.3 -13748 4860
841130 100 2.3 -13736 -4708
851979 100 2.3 -13100 -3168
862968 100 2.3 -13128 -3184
874098 100 2.3 -14112 -4312
885373 100 2.3 -13308 -12
896792 100 2.3 -13484 -2570
908359 100 2.3 -12732 1752
920075 100 2.3 -13536 -5548
931942 100 2.3 -13492 4452
943962 100 2.3 -13580 3764
956137 100 2.3 -12988 -1000
968470 100 2.3 -13656 -5254
980961 100 2.3 -13048 2058
993613 100 2.3 -13860 -4322
999999 100 2.3 -13764 4710
