3 60 2.3 -5892 3178
4 60 2.3 -5768 3078
5 60 2.3 -5792 3076
6 60 2.3 -5732 3032
7 60 2.3 -5748 3078
8 60 2.3 -5744 3044
9 60 2.3 -5716 3070
10 60 2.3 -5536 3008
11 60 2.3 -5552 3012
12 60 2.3 -5572 2980
13 60 2.3 -5636 2984
14 60 2.3 -5780 3008
15 60 2.3 -5684 3016
16 60 2.3 -5580 2988
17 60 2.3 -5592 2968
18 60 2.3 -5584 2952
19 60 2.3 -5540 2892
20 60 2.3 -5576 2898
21 60 2.3 -5536 2872
22 60 2.3 -5524 2788
23 60 2.3 -5492 2808
24 60 2.3 -5368 2772
25 60 2.3 -5344 2780
26 60 2.3 -5244 2734
27 60 2.3 -5176 2734
28 60 2.3 -5272 2820
29 60 2.3 -5344 2800
30 60 2.3 -5288 2752
31 60 2.3 -5384 2752
32 60 2.3 -5304 2724
33 60 2.3 -5204 2742
34 60 2.3 -5248 2746
35 60 2.3 -5244 2702
36 60 2.3 -5268 2732
37 60 2.3 -5284 2786
38 60 2.3 -5396 2806
39 60 2.3 -5188 2708
40 60 2.3 -5196 2694
41 60 2.3 -5180 2682
42 60 2.3 -5152 2654
43 60 2.3 -5184 2654
44 60 2.3 -5200 2716
45 60 2.3 -5132 2702
46 60 2.3 -5288 2672
47 60 2.3 -5228 2696
48 60 2.3 -5272 2742
49 60 2.3 -5592 2852
50 60 2.3 -5424 2804
51 60 2.3 -5288 2752
52 60 2.3 -5240 2652
53 60 2.3 -5276 2726
54 60 2.3 -5100 2650
55 60 2.3 -5276 2682
56 60 2.3 -5184 2674
57 60 2.3 -5000 2558
58 60 2.3 -5104 2568
59 60 2.3 -5068 2574
60 60 2.3 -5228 2698
61 60 2.3 -5428 2714
62 60 2.3 -5308 2704
63 60 2.3 -5280 2682
64 60 2.3 -5276 2666
65 60 2.3 -5324 2656
66 60 2.3 -5124 2630
67 60 2.3 -5036 2568
68 60 2.3 -5104 2568
69 60 2.3 -5204 2588
70 60 2.3 -5008 2562
71 60 2.3 -5112 2604
72 60 2.3 -5000 2552
73 60 2.3 -5064 2544
74 60 2.3 -5032 2516
75 60 2.3 -5080 2442
76 60 2.3 -5156 2472
77 60 2.3 -5100 2414
78 60 2.3 -4972 2404
79 60 2.3 -5260 2484
80 60 2.3 -5192 2484
81 60 2.3 -5228 2496
82 60 2.3 -5140 2442
83 60 2.3 -5116 2452
84 60 2.3 -5200 2482
85 60 2.3 -5160 2484
86 60 2.3 -5164 2496
88 60 2.3 -5112 2456
89 60 2.3 -5128 2470
90 60 2.3 -5064 2436
91 60 2.3 -5008 2464
92 60 2.3 -5104 2470
93 60 2.3 -5096 2436
95 60 2.3 -5108 2334
96 60 2.3 -5240 2416
97 60 2.3 -5188 2358
98 60 2.3 -5056 2332
99 60 2.3 -5080 2320
101 60 2.3 -4992 2304
102 60 2.3 -4896 2232
103 60 2.3 -4832 2232
105 60 2.3 -4776 2140
106 60 2.3 -4972 2244
107 60 2.3 -4868 2146
109 60 2.3 -4952 2168
110 60 2.3 -5052 2146
112 60 2.3 -5072 2066
113 60 2.3 -4928 2094
114 60 2.3 -4948 2202
116 60 2.3 -4768 2162
117 60 2.3 -4816 2148
119 60 2.3 -4944 2286
120 60 2.3 -4840 2276
122 60 2.3 -4684 2172
124 60 2.3 -4836 2254
125 60 2.3 -4876 2318
127 60 2.3 -4604 2094
128 60 2.3 -4708 2056
130 60 2.3 -4916 2160
132 60 2.3 -4968 2230
133 60 2.3 -4828 2120
135 60 2.3 -4848 2202
137 60 2.3 -4996 2116
139 60 2.3 -5076 2170
140 60 2.3 -5008 2150
142 60 2.3 -4688 2072
144 60 2.3 -4816 2162
146 60 2.3 -4912 2204
148 60 2.3 -4936 2202
150 60 2.3 -5124 2290
152 60 2.3 -5248 2292
154 60 2.3 -5044 2218
155 60 2.3 -4940 2158
157 60 2.3 -4820 2040
160 60 2.3 -4768 2008
162 60 2.3 -4892 2066
164 60 2.3 -4936 1976
166 60 2.3 -4888 1976
168 60 2.3 -5024 1956
170 60 2.3 -4904 1880
172 60 2.3 -5128 2038
174 60 2.3 -5080 2054
177 60 2.3 -5168 2138
179 60 2.3 -4976 2156
181 60 2.3 -4928 2118
184 60 2.3 -4900 2086
186 60 2.3 -4772 1984
188 60 2.3 -5056 2150
191 60 2.3 -5100 2104
193 60 2.3 -4968 2184
196 60 2.3 -4984 2128
198 60 2.3 -4960 2088
201 60 2.3 -5032 2032
203 60 2.3 -4892 2028
206 60 2.3 -4880 1938
209 60 2.3 -4776 1898
211 60 2.3 -4736 1828
214 60 2.3 -4820 1782
217 60 2.3 -4824 1742
220 60 2.3 -4896 1724
222 60 2.3 -4856 1802
225 60 2.3 -4620 1848
228 60 2.3 -4828 1896
231 60 2.3 -4920 1900
234 60 2.3 -4844 1858
237 60 2.3 -4644 1886
240 60 2.3 -5008 2016
243 60 2.3 -4864 1882
246 60 2.3 -4784 1694
250 60 2.3 -4716 1656
253 60 2.3 -4696 1720
256 60 2.3 -4932 1732
259 60 2.3 -4664 1604
263 60 2.3 -4544 1466
266 60 2.3 -4684 1470
269 60 2.3 -4644 1394
273 60 2.3 -4740 1350
276 60 2.3 -4704 1372
280 60 2.3 -4908 1452
284 60 2.3 -4888 1458
287 60 2.3 -4672 1420
291 60 2.3 -4572 1440
295 60 2.3 -4972 1396
298 60 2.3 -4756 1212
302 60 2.3 -4696 1252
306 60 2.3 -4932 1284
310 60 2.3 -4772 1372
314 60 2.3 -4748 1404
318 60 2.3 -4804 1542
322 60 2.3 -4720 1628
326 60 2.3 -4596 1444
331 60 2.3 -4616 1508
335 60 2.3 -4780 1512
339 60 2.3 -4620 1610
344 60 2.3 -4904 1794
348 60 2.3 -4844 1858
352 60 2.3 -5032 1906
357 60 2.3 -4824 2010
362 60 2.3 -4980 1954
366 60 2.3 -4892 2000
371 60 2.3 -5108 2082
376 60 2.3 -5056 2006
381 60 2.3 -5000 2034
385 60 2.3 -4980 2146
390 60 2.3 -5264 2242
395 60 2.3 -4840 1962
401 60 2.3 -4872 1848
406 60 2.3 -4724 1552
411 60 2.3 -4568 1408
416 60 2.3 -4676 1470
422 60 2.3 -4808 1548
427 60 2.3 -4840 1880
433 60 2.3 -4660 1602
438 60 2.3 -4752 1674
444 60 2.3 -4632 1732
449 60 2.3 -4772 1676
455 60 2.3 -4732 1672
461 60 2.3 -4652 1742
467 60 2.3 -4688 1826
473 60 2.3 -4824 1886
479 60 2.3 -4684 1784
485 60 2.3 -4728 1676
492 60 2.3 -4760 1454
498 60 2.3 -4648 1160
504 60 2.3 -4472 1122
511 60 2.3 -4548 1112
517 60 2.3 -4556 1126
524 60 2.3 -4820 1122
531 60 2.3 -4852 1426
538 60 2.3 -4584 1484
545 60 2.3 -4632 1424
552 60 2.3 -4744 1550
559 60 2.3 -4660 1390
566 60 2.3 -4788 1712
573 60 2.3 -4980 1626
581 60 2.3 -4948 1776
588 60 2.3 -4876 1718
596 60 2.3 -4652 1554
603 60 2.3 -4872 1576
611 60 2.3 -4964 1534
619 60 2.3 -4972 1662
627 60 2.3 -4636 1430
635 60 2.3 -4744 1590
643 60 2.3 -4692 1494
652 60 2.3 -4832 1376
660 60 2.3 -4800 1342
668 60 2.3 -4820 1172
677 60 2.3 -4704 1134
686 60 2.3 -4864 1348
695 60 2.3 -4712 1340
704 60 2.3 -4672 1408
713 60 2.3 -4968 1662
722 60 2.3 -4768 1638
731 60 2.3 -4776 1424
741 60 2.3 -4984 1350
750 60 2.3 -4800 1534
760 60 2.3 -4720 1238
770 60 2.3 -4592 1108
780 60 2.3 -4800 1116
790 60 2.3 -4932 1058
800 60 2.3 -5004 1218
810 60 2.3 -5028 1520
821 60 2.3 -4884 1394
831 60 2.3 -5164 1610
842 60 2.3 -5000 1624
853 60 2.3 -4776 1606
864 60 2.3 -5084 1504
875 60 2.3 -5104 1540
886 60 2.3 -4864 1390
897 60 2.3 -4788 1286
909 60 2.3 -4884 1552
921 60 2.3 -4968 1652
933 60 2.3 -4840 1954
945 60 2.3 -4928 1736
957 60 2.3 -4908 1824
969 60 2.3 -4772 1704
982 60 2.3 -4728 1588
994 60 2.3 -4684 1560
1007 60 2.3 -4924 1780
1020 60 2.3 -4676 1912
1033 60 2.3 -4828 1952
1047 60 2.3 -4932 1980
1060 60 2.3 -4840 1922
1074 60 2.3 -5384 2262
1088 60 2.3 -4840 1932
1102 60 2.3 -4760 1866
1116 60 2.3 -4960 1802
1130 60 2.3 -4724 1268
1145 60 2.3 -4828 1274
1160 60 2.3 -4904 1318
1174 60 2.3 -4712 1176
1190 60 2.3 -4612 648
1205 60 2.3 -4804 936
1220 60 2.3 -4800 610
1236 60 2.3 -4912 624
1252 60 2.3 -4624 380
1268 60 2.3 -4576 384
1285 60 2.3 -4816 128
1301 60 2.3 -4748 120
1318 60 2.3 -4492 70
1335 60 2.3 -4392 110
1352 60 2.3 -4452 284
1370 60 2.3 -4748 724
1387 60 2.3 -4584 738
1405 60 2.3 -4860 896
1423 60 2.3 -4844 974
1442 60 2.3 -4736 1062
1460 60 2.3 -4548 1110
1479 60 2.3 -4884 456
1498 60 2.3 -4912 486
1517 60 2.3 -5024 962
1537 60 2.3 -4856 754
1557 60 2.3 -4972 770
1577 60 2.3 -4808 904
1597 60 2.3 -4832 608
1618 60 2.3 -4556 606
1639 60 2.3 -4440 660
1660 60 2.3 -4632 682
1681 60 2.3 -4680 676
1703 60 2.3 -4676 960
1725 60 2.3 -4624 940
1747 60 2.3 -4888 1254
1770 60 2.3 -4888 968
1792 60 2.3 -5108 1238
1816 60 2.3 -4876 940
1839 60 2.3 -4604 1136
1863 60 2.3 -4600 1260
1887 60 2.3 -5012 1512
1911 60 2.3 -5100 1648
1936 60 2.3 -4676 1412
1961 60 2.3 -4944 1772
1986 60 2.3 -4948 1590
2012 60 2.3 -4956 1488
2037 60 2.3 -4608 1356
2064 60 2.3 -4872 1644
2090 60 2.3 -4884 1862
2117 60 2.3 -5032 1878
2145 60 2.3 -4840 1154
2172 60 2.3 -4716 864
2200 60 2.3 -4504 314
2229 60 2.3 -4664 672
2257 60 2.3 -4536 118
2286 60 2.3 -4512 12
2316 60 2.3 -4800 -92
2346 60 2.3 -4816 56
2376 60 2.3 -4516 428
2407 60 2.3 -4680 428
2438 60 2.3 -4520 504
2469 60 2.3 -4608 166
2501 60 2.3 -4516 -180
2533 60 2.3 -4688 -280
2566 60 2.3 -4868 70
2599 60 2.3 -4564 158
2633 60 2.3 -4432 172
2667 60 2.3 -4716 680
2701 60 2.3 -4776 368
2736 60 2.3 -4900 714
2771 60 2.3 -4904 1000
2807 60 2.3 -4604 1172
2843 60 2.3 -4928 1872
2880 60 2.3 -4764 1396
2917 60 2.3 -4852 1392
2954 60 2.3 -4748 1222
2992 60 2.3 -4980 1380
3031 60 2.3 -4752 494
3070 60 2.3 -4924 526
3110 60 2.3 -4984 738
3150 60 2.3 -4756 288
3190 60 2.3 -4536 126
3232 60 2.3 -4796 378
3273 60 2.3 -4620 -740
3315 60 2.3 -4756 -956
3358 60 2.3 -4636 -666
3402 60 2.3 -4676 -1098
3445 60 2.3 -4828 -1286
3490 60 2.3 -4988 -1340
3535 60 2.3 -5336 -1286
3580 60 2.3 -4876 -982
3627 60 2.3 -4680 -928
3673 60 2.3 -4952 -1262
3721 60 2.3 -5012 -1074
3769 60 2.3 -4728 -696
3817 60 2.3 -4564 -304
3867 60 2.3 -4816 -144
3916 60 2.3 -4828 100
3967 60 2.3 -4944 -68
4018 60 2.3 -4828 64
4070 60 2.3 -4596 146
4122 60 2.3 -4884 -354
4176 60 2.3 -4948 -26
4229 60 2.3 -4640 -214
4284 60 2.3 -4520 -348
4339 60 2.3 -4660 -42
4395 60 2.3 -4900 -1200
4452 60 2.3 -4596 -1318
4509 60 2.3 -4532 -848
4567 60 2.3 -4680 -616
4626 60 2.3 -4672 -664
4686 60 2.3 -4780 126
4746 60 2.3 -4792 512
4808 60 2.3 -4564 822
4870 60 2.3 -4808 878
4932 60 2.3 -4768 1520
4996 60 2.3 -4844 1246
5060 60 2.3 -4560 1178
5126 60 2.3 -5056 1178
5192 60 2.3 -4572 776
5259 60 2.3 -4672 958
5327 60 2.3 -4728 182
5395 60 2.3 -4656 358
5465 60 2.3 -4732 1030
5535 60 2.3 -4844 646
5607 60 2.3 -4664 276
5679 60 2.3 -4592 296
5752 60 2.3 -4796 -276
5826 60 2.3 -5044 -300
5902 60 2.3 -4852 -262
5978 60 2.3 -4796 -232
6055 60 2.3 -4676 518
6133 60 2.3 -4460 1216
6212 60 2.3 -4848 2158
6292 60 2.3 -4796 1954
6373 60 2.3 -5160 2602
6455 60 2.3 -4952 2354
6539 60 2.3 -5192 2584
6623 60 2.3 -5020 2354
6708 60 2.3 -5320 2792
6795 60 2.3 -5204 2484
6883 60 2.3 -5160 2156
6971 60 2.3 -4740 1496
7061 60 2.3 -5052 2326
7152 60 2.3 -4872 1968
7245 60 2.3 -4860 1990
7338 60 2.3 -5024 1792
7433 60 2.3 -4692 1882
7529 60 2.3 -4888 1900
7626 60 2.3 -4808 1640
7724 60 2.3 -4692 1364
7824 60 2.3 -4748 1420
7925 60 2.3 -4964 2322
8027 60 2.3 -5152 2566
8130 60 2.3 -5128 1938
8235 60 2.3 -5056 1906
8341 60 2.3 -4848 1976
8449 60 2.3 -5188 2480
8558 60 2.3 -4800 2076
8668 60 2.3 -4668 2180
8780 60 2.3 -4900 2328
8893 60 2.3 -4832 2402
9008 60 2.3 -4976 1946
9124 60 2.3 -4584 316
9242 60 2.3 -4880 1760
9361 60 2.3 -4808 1806
9482 60 2.3 -4976 2306
9604 60 2.3 -4752 1816
9728 60 2.3 -4880 2008
9853 60 2.3 -4664 1470
9980 60 2.3 -4600 1984
10109 60 2.3 -4932 1854
10240 60 2.3 -5164 2418
10372 60 2.3 -4980 2156
10505 60 2.3 -5128 2620
10641 60 2.3 -4940 1946
10778 60 2.3 -5128 2368
10917 60 2.3 -4948 2002
11058 60 2.3 -5112 2604
11201 60 2.3 -5088 2300
11345 60 2.3 -4660 1750
11491 60 2.3 -4940 2002
11640 60 2.3 -4640 1944
11790 60 2.3 -5296 2682
11942 60 2.3 -5324 2642
12096 60 2.3 -5072 2454
12252 60 2.3 -5168 2380
12410 60 2.3 -4732 1810
12570 60 2.3 -4748 1580
12732 60 2.3 -5128 2636
12896 60 2.3 -4880 2400
13062 60 2.3 -4904 1584
13231 60 2.3 -4956 1360
13402 60 2.3 -4772 796
13574 60 2.3 -4484 102
13750 60 2.3 -4540 -698
13927 60 2.3 -4440 -506
14106 60 2.3 -4768 -1188
14288 60 2.3 -5000 -1612
14473 60 2.3 -4908 -1872
14659 60 2.3 -4632 -1562
14848 60 2.3 -4532 -1330
15040 60 2.3 -5124 -1188
15234 60 2.3 -4716 -1516
15430 60 2.3 -4888 -1286
15629 60 2.3 -5192 -2280
15831 60 2.3 -5128 -2298
16035 60 2.3 -4648 -526
16242 60 2.3 -4748 -1640
16451 60 2.3 -4876 -966
16664 60 2.3 -4816 -1366
16879 60 2.3 -4676 -1048
17096 60 2.3 -4764 -986
17317 60 2.3 -4684 -1034
17540 60 2.3 -5024 -1390
17766 60 2.3 -4664 -598
17995 60 2.3 -4860 -968
18228 60 2.3 -4988 -830
18463 60 2.3 -4784 -768
18701 60 2.3 -5124 -1408
18942 60 2.3 -5104 -2278
19186 60 2.3 -5104 -2626
19434 60 2.3 -5164 -1876
19684 60 2.3 -4796 -838
19938 60 2.3 -4624 894
20195 60 2.3 -4788 1344
20456 60 2.3 -4696 208
20720 60 2.3 -4640 352
20987 60 2.3 -4868 346
21258 60 2.3 -4520 480
21532 60 2.3 -4720 -118
21810 60 2.3 -5020 -1992
22091 60 2.3 -4924 -1618
22376 60 2.3 -5016 -2360
22664 60 2.3 -4836 -1556
22957 60 2.3 -4900 -1052
23253 60 2.3 -4684 182
23553 60 2.3 -4644 522
23856 60 2.3 -5036 2030
24164 60 2.3 -5168 2450
24476 60 2.3 -5028 2292
24791 60 2.3 -4732 1256
25111 60 2.3 -4376 1472
25435 60 2.3 -4592 1158
25763 60 2.3 -5076 1304
26095 60 2.3 -4912 632
26432 60 2.3 -4768 598
26773 60 2.3 -4504 188
27118 60 2.3 -4772 374
27468 60 2.3 -4564 264
27822 60 2.3 -4888 -114
28181 60 2.3 -4604 -52
28545 60 2.3 -4620 1034
28913 60 2.3 -4972 1660
29286 60 2.3 -4628 866
29663 60 2.3 -4512 -394
30046 60 2.3 -4768 -1614
30434 60 2.3 -5072 -2170
30826 60 2.3 -4848 -2040
31224 60 2.3 -4744 -558
31626 60 2.3 -4900 880
32034 60 2.3 -4584 766
32447 60 2.3 -4608 684
32866 60 2.3 -4676 842
33290 60 2.3 -4492 1324
33719 60 2.3 -4612 928
34154 60 2.3 -4832 708
34595 60 2.3 -4768 -1540
35041 60 2.3 -4648 -892
35493 60 2.3 -4804 -800
35951 60 2.3 -4604 -118
36414 60 2.3 -4740 304
36884 60 2.3 -5188 -1102
37360 60 2.3 -4860 -430
37841 60 2.3 -4676 -232
38330 60 2.3 -4536 -1182
38824 60 2.3 -5076 -2446
39325 60 2.3 -4912 -1496
39832 60 2.3 -4844 -1486
40346 60 2.3 -4544 144
40866 60 2.3 -4780 -1944
41393 60 2.3 -4660 -1242
41927 60 2.3 -4732 -1494
42468 60 2.3 -4576 -1166
43015 60 2.3 -4972 -2314
43570 60 2.3 -4892 -2176
44132 60 2.3 -4660 -1818
44701 60 2.3 -4980 -1970
45278 60 2.3 -4992 -2424
45862 60 2.3 -4656 -1450
46453 60 2.3 -4888 -672
47053 60 2.3 -4648 -1938
47660 60 2.3 -4948 -2244
48274 60 2.3 -4956 -2466
48897 60 2.3 -4684 -1954
49528 60 2.3 -4948 -2252
50166 60 2.3 -4944 -1038
50813 60 2.3 -4764 -396
51469 60 2.3 -4868 -1608
52133 60 2.3 -5020 -2332
52805 60 2.3 -4964 -2518
53486 60 2.3 -4696 -1092
54176 60 2.3 -4644 -1674
54875 60 2.3 -4776 -872
55582 60 2.3 -5108 -2258
56299 60 2.3 -4772 -1674
57025 60 2.3 -4912 -86
57761 60 2.3 -4620 950
58506 60 2.3 -4652 1536
59261 60 2.3 -4796 1834
60025 60 2.3 -5272 2630
60799 60 2.3 -4968 2102
61583 60 2.3 -4848 748
62378 60 2.3 -4748 1842
63182 60 2.3 -4784 1350
63997 60 2.3 -4784 1958
64822 60 2.3 -5084 2528
65658 60 2.3 -4884 1874
66505 60 2.3 -5000 1964
67363 60 2.3 -4900 1920
68232 60 2.3 -4940 1732
69112 60 2.3 -4696 1292
70003 60 2.3 -5036 2490
70906 60 2.3 -4680 1586
71821 60 2.3 -4816 1208
72747 60 2.3 -4696 -1112
73685 60 2.3 -4720 -1558
74636 60 2.3 -4596 -864
75599 60 2.3 -4872 -1958
76574 60 2.3 -4416 -590
77561 60 2.3 -4640 -348
78562 60 2.3 -4720 280
79575 60 2.3 -4808 100
80601 60 2.3 -4752 580
81641 60 2.3 -4856 -172
82694 60 2.3 -4916 1330
83760 60 2.3 -4700 1020
84841 60 2.3 -4744 1610
85935 60 2.3 -5196 2556
87043 60 2.3 -4732 -634
88166 60 2.3 -4800 -950
89303 60 2.3 -4644 -2050
90455 60 2.3 -4688 666
91622 60 2.3 -4660 110
92803 60 2.3 -5276 2468
94000 60 2.3 -4960 2088
95213 60 2.3 -5020 2516
96441 60 2.3 -4844 1900
97685 60 2.3 -4744 64
98945 60 2.3 -4760 656
100221 60 2.3 -4976 -1468
101513 60 2.3 -4788 -12
102823 60 2.3 -4732 290
104149 60 2.3 -4908 -382
105492 60 2.3 -5340 2626
106853 60 2.3 -5176 2312
108231 60 2.3 -5028 1712
109627 60 2.3 -5008 2380
111041 60 2.3 -5004 2074
112473 60 2.3 -4768 2024
113924 60 2.3 -4788 1256
115393 60 2.3 -4944 1950
116882 60 2.3 -4692 320
118389 60 2.3 -4452 256
119916 60 2.3 -5068 2340
121463 60 2.3 -4972 1698
123029 60 2.3 -4840 2242
124616 60 2.3 -4664 1322
126224 60 2.3 -5040 2372
127852 60 2.3 -4788 1562
129501 60 2.3 -4564 1136
131171 60 2.3 -4864 2128
132863 60 2.3 -4788 -618
134576 60 2.3 -4756 496
136312 60 2.3 -4444 498
138070 60 2.3 -4956 2070
139851 60 2.3 -4776 1128
141655 60 2.3 -5220 2578
143482 60 2.3 -4796 2058
145333 60 2.3 -4892 1902
147207 60 2.3 -5032 2276
149106 60 2.3 -5132 2336
151029 60 2.3 -4696 -250
152977 60 2.3 -5048 -2508
154950 60 2.3 -4756 -978
156948 60 2.3 -5052 -2398
158973 60 2.3 -5096 -2118
161023 60 2.3 -5180 2502
163100 60 2.3 -4528 1070
165204 60 2.3 -4868 1842
167334 60 2.3 -4940 1756
169493 60 2.3 -5160 2616
171679 60 2.3 -4688 444
173893 60 2.3 -4772 -1758
176136 60 2.3 -4988 -2410
178408 60 2.3 -4872 -1436
180709 60 2.3 -4988 -2462
183040 60 2.3 -5096 -2566
185400 60 2.3 -4840 1410
187792 60 2.3 -5144 2398
190214 60 2.3 -4988 2358
192667 60 2.3 -4672 1424
195152 60 2.3 -5028 2460
197669 60 2.3 -4740 1682
200219 60 2.3 -4852 1584
202801 60 2.3 -4432 180
205417 60 2.3 -4900 828
208066 60 2.3 -5196 -2506
210750 60 2.3 -5016 -1930
213468 60 2.3 -4924 -1840
216222 60 2.3 -4920 -2232
219010 60 2.3 -4552 -718
221835 60 2.3 -4880 -1898
224696 60 2.3 -4588 -1244
227595 60 2.3 -4748 -1350
230530 60 2.3 -4732 1278
233503 60 2.3 -4696 -1356
236515 60 2.3 -5084 -2016
239566 60 2.3 -4412 -168
242656 60 2.3 -5008 -2274
245785 60 2.3 -4828 -2136
248956 60 2.3 -4604 -660
252167 60 2.3 -4928 2076
255419 60 2.3 -4876 1536
258713 60 2.3 -4728 -1894
262050 60 2.3 -5040 2410
265430 60 2.3 -4808 2230
268854 60 2.3 -4984 1126
272321 60 2.3 -4876 732
275834 60 2.3 -4932 2128
279391 60 2.3 -4984 2402
282995 60 2.3 -4860 -2248
286645 60 2.3 -4508 -460
290342 60 2.3 -5024 -2148
294087 60 2.3 -4816 -846
297880 60 2.3 -5088 -2272
301722 60 2.3 -4952 -2094
305614 60 2.3 -5016 -2452
309556 60 2.3 -4836 1636
313548 60 2.3 -5256 2726
317592 60 2.3 -4672 1738
321689 60 2.3 -4892 1334
325838 60 2.3 -5136 2212
330040 60 2.3 -4972 460
334297 60 2.3 -4988 2226
338609 60 2.3 -5072 2154
342976 60 2.3 -4756 318
347400 60 2.3 -5180 -2598
351881 60 2.3 -5160 2530
356419 60 2.3 -4940 2072
361016 60 2.3 -5176 2002
365673 60 2.3 -5012 2280
370389 60 2.3 -4900 -2154
375167 60 2.3 -4556 -906
380005 60 2.3 -4896 1850
384907 60 2.3 -4920 1252
389871 60 2.3 -4904 2104
394900 60 2.3 -4804 1528
399993 60 2.3 -4880 1934
405152 60 2.3 -4560 968
410378 60 2.3 -4680 -2124
415671 60 2.3 -4740 -366
421032 60 2.3 -5040 2386
426463 60 2.3 -4724 1612
431963 60 2.3 -4984 2204
437535 60 2.3 -5260 2274
443178 60 2.3 -5024 2436
448894 60 2.3 -4420 -394
454684 60 2.3 -5068 2064
460548 60 2.3 -4760 -1656
466489 60 2.3 -5072 -2346
472505 60 2.3 -4928 -2352
478600 60 2.3 -4356 1256
484773 60 2.3 -4688 -1260
491025 60 2.3 -4492 -298
497358 60 2.3 -4728 -2024
503773 60 2.3 -4752 -284
510271 60 2.3 -4920 1572
516852 60 2.3 -4944 -1644
523519 60 2.3 -4612 -1362
530271 60 2.3 -4536 1466
537111 60 2.3 -4808 806
544038 60 2.3 -4992 -2268
551055 60 2.3 -5092 -2118
558163 60 2.3 -5176 -2530
565362 60 2.3 -4876 -1896
572654 60 2.3 -4668 -1926
580040 60 2.3 -4868 -1896
587521 60 2.3 -5020 1580
595099 60 2.3 -4740 -1552
602775 60 2.3 -5172 -2668
610549 60 2.3 -4936 2004
618424 60 2.3 -4988 -1736
626400 60 2.3 -5008 -1288
634480 60 2.3 -5008 1976
642663 60 2.3 -4940 2200
650952 60 2.3 -4704 568
659348 60 2.3 -4700 622
667853 60 2.3 -4632 1432
676467 60 2.3 -5088 -2438
685192 60 2.3 -4868 -1024
694029 60 2.3 -5196 2410
702981 60 2.3 -5076 2202
712048 60 2.3 -4976 -2306
721232 60 2.3 -4816 1546
730534 60 2.3 -4584 1296
739957 60 2.3 -4884 1866
749500 60 2.3 -4772 -892
759168 60 2.3 -4580 -750
768959 60 2.3 -4888 -1466
778877 60 2.3 -5056 2520
788923 60 2.3 -5148 2544
799099 60 2.3 -4960 -2530
809405 60 2.3 -4864 1502
819845 60 2.3 -5084 2274
830419 60 2.3 -4904 -2056
841130 60 2.3 -4612 -1078
851979 60 2.3 -5032 -2206
862968 60 2.3 -5056 2256
874098 60 2.3 -5100 2310
885373 60 2.3 -4980 108
896792 60 2.3 -4876 -1314
908359 60 2.3 -4944 1690
920075 60 2.3 -4772 1258
931942 60 2.3 -4720 -1884
943962 60 2.3 -4876 -1034
956137 60 2.3 -4892 -2152
968470 60 2.3 -4532 730
980961 60 2.3 -5152 -2268
993613 60 2.3 -4796 336
999999 60 2.3 -4928 2062
