3 60 2.2 -6068 3224
4 60 2.2 -5948 3182
5 60 2.2 -5972 3158
6 60 2.2 -5824 3120
7 60 2.2 -5764 3072
8 60 2.2 -5756 3084
9 60 2.2 -5888 3074
10 60 2.2 -5804 3056
11 60 2.2 -5684 3018
12 60 2.2 -5616 3018
13 60 2.2 -5720 3046
14 60 2.2 -5700 3020
15 60 2.2 -5848 3080
16 60 2.2 -5740 3012
17 60 2.2 -5724 2986
18 60 2.2 -5732 2984
19 60 2.2 -5664 2886
20 60 2.2 -5652 2894
21 60 2.2 -5660 2900
22 60 2.2 -5636 2888
23 60 2.2 -5600 2858
24 60 2.2 -5716 2868
25 60 2.2 -5588 2774
26 60 2.2 -5408 2746
27 60 2.2 -5352 2728
28 60 2.2 -5452 2716
29 60 2.2 -5476 2712
30 60 2.2 -5404 2668
31 60 2.2 -5376 2688
32 60 2.2 -5248 2654
33 60 2.2 -5408 2734
34 60 2.2 -5516 2774
35 60 2.2 -5488 2788
36 60 2.2 -5540 2760
37 60 2.2 -5548 2800
38 60 2.2 -5600 2868
39 60 2.2 -5588 2844
40 60 2.2 -5660 2910
41 60 2.2 -5532 2848
42 60 2.2 -5624 2896
43 60 2.2 -5624 2854
44 60 2.2 -5656 2864
45 60 2.2 -5672 2926
46 60 2.2 -5660 2894
47 60 2.2 -5732 2912
48 60 2.2 -5616 2814
49 60 2.2 -5524 2780
50 60 2.2 -5564 2794
51 60 2.2 -5476 2790
52 60 2.2 -5440 2774
53 60 2.2 -5544 2802
54 60 2.2 -5516 2818
55 60 2.2 -5580 2864
56 60 2.2 -5556 2882
57 60 2.2 -5588 2906
58 60 2.2 -5800 3000
59 60 2.2 -5852 3032
60 60 2.2 -5836 3038
61 60 2.2 -5800 3040
62 60 2.2 -5800 3046
63 60 2.2 -5860 3064
64 60 2.2 -5904 3068
65 60 2.2 -5756 3038
66 60 2.2 -5848 3098
67 60 2.2 -5736 3024
68 60 2.2 -5584 2960
69 60 2.2 -5736 3004
70 60 2.2 -5720 3002
71 60 2.2 -5728 3026
72 60 2.2 -5712 3034
73 60 2.2 -5812 3082
74 60 2.2 -5836 3040
75 60 2.2 -5728 2952
76 60 2.2 -5644 2916
77 60 2.2 -5624 2912
78 60 2.2 -5620 2926
79 60 2.2 -5628 2942
80 60 2.2 -5820 3026
81 60 2.2 -5672 2954
82 60 2.2 -5700 2970
83 60 2.2 -5692 2944
84 60 2.2 -5568 2880
85 60 2.2 -5508 2876
86 60 2.2 -5640 2898
88 60 2.2 -5660 2924
89 60 2.2 -5672 2916
90 60 2.2 -5684 2926
91 60 2.2 -5544 2898
92 60 2.2 -5360 2832
93 60 2.2 -5492 2878
95 60 2.2 -5572 2928
96 60 2.2 -5488 2920
97 60 2.2 -5664 2990
98 60 2.2 -5700 3022
99 60 2.2 -5692 2996
101 60 2.2 -5804 3098
102 60 2.2 -5876 3102
103 60 2.2 -5956 3164
105 60 2.2 -5932 3178
106 60 2.2 -5904 3192
107 60 2.2 -5976 3190
109 60 2.2 -5996 3212
110 60 2.2 -5908 3166
112 60 2.2 -5884 3136
113 60 2.2 -5820 3048
114 60 2.2 -5772 2994
116 60 2.2 -5760 3000
117 60 2.2 -5676 2956
119 60 2.2 -5544 2950
120 60 2.2 -5544 2924
122 60 2.2 -5496 2896
124 60 2.2 -5724 2994
125 60 2.2 -5640 2946
127 60 2.2 -5824 3016
128 60 2.2 -5788 3042
130 60 2.2 -5544 2924
132 60 2.2 -5588 2926
133 60 2.2 -5600 2960
135 60 2.2 -5640 2906
137 60 2.2 -5656 2916
139 60 2.2 -5488 2866
140 60 2.2 -5476 2872
142 60 2.2 -5720 2932
144 60 2.2 -5652 2898
146 60 2.2 -5684 2922
148 60 2.2 -5696 2926
150 60 2.2 -5716 2996
152 60 2.2 -5744 3006
154 60 2.2 -5724 2992
155 60 2.2 -5720 2988
157 60 2.2 -5564 2954
160 60 2.2 -5708 3008
162 60 2.2 -5712 3002
164 60 2.2 -5780 3030
166 60 2.2 -5748 3054
168 60 2.2 -5808 3036
170 60 2.2 -5788 3008
172 60 2.2 -5856 2994
174 60 2.2 -5748 2986
177 60 2.2 -5696 2956
179 60 2.2 -5632 2892
181 60 2.2 -5584 2886
184 60 2.2 -5648 2912
186 60 2.2 -5728 2934
188 60 2.2 -5652 2912
191 60 2.2 -5564 2900
193 60 2.2 -5728 2926
196 60 2.2 -5636 2894
198 60 2.2 -5664 2900
201 60 2.2 -5508 2864
203 60 2.2 -5628 2918
206 60 2.2 -5604 2908
209 60 2.2 -5516 2898
211 60 2.2 -5676 2938
214 60 2.2 -5660 2948
217 60 2.2 -5632 2910
220 60 2.2 -5636 2958
222 60 2.2 -5648 2994
225 60 2.2 -5712 2982
228 60 2.2 -5568 2998
231 60 2.2 -5844 3104
234 60 2.2 -5656 3002
237 60 2.2 -5712 2988
240 60 2.2 -5672 2940
243 60 2.2 -5864 3066
246 60 2.2 -5712 2990
250 60 2.2 -5500 2902
253 60 2.2 -5572 2886
256 60 2.2 -5604 2898
259 60 2.2 -5624 2880
263 60 2.2 -5520 2798
266 60 2.2 -5628 2876
269 60 2.2 -5448 2782
273 60 2.2 -5440 2796
276 60 2.2 -5760 2904
280 60 2.2 -5676 2896
284 60 2.2 -5468 2808
287 60 2.2 -5520 2784
291 60 2.2 -5456 2804
295 60 2.2 -5560 2876
298 60 2.2 -5704 2880
302 60 2.2 -5532 2822
306 60 2.2 -5436 2822
310 60 2.2 -5680 2918
314 60 2.2 -5784 2956
318 60 2.2 -5344 2858
322 60 2.2 -5520 2850
326 60 2.2 -5496 2838
331 60 2.2 -5428 2800
335 60 2.2 -5204 2600
339 60 2.2 -5192 2578
344 60 2.2 -5500 2724
348 60 2.2 -5688 2966
352 60 2.2 -5816 3034
357 60 2.2 -5720 2990
362 60 2.2 -5820 3040
366 60 2.2 -5796 2998
371 60 2.2 -5552 2898
376 60 2.2 -5560 2942
381 60 2.2 -5756 2976
385 60 2.2 -5716 2986
390 60 2.2 -5820 3078
395 60 2.2 -5676 3032
401 60 2.2 -5664 3062
406 60 2.2 -5932 3148
411 60 2.2 -5612 2982
416 60 2.2 -5756 3006
422 60 2.2 -5728 2940
427 60 2.2 -5584 2912
433 60 2.2 -5616 2916
438 60 2.2 -5652 2892
444 60 2.2 -5684 2840
449 60 2.2 -5628 2898
455 60 2.2 -5652 2832
461 60 2.2 -5656 2852
467 60 2.2 -5552 2788
473 60 2.2 -5408 2734
479 60 2.2 -5748 2998
485 60 2.2 -5732 2948
492 60 2.2 -5472 2814
498 60 2.2 -5620 2866
504 60 2.2 -5640 2888
511 60 2.2 -5592 2886
517 60 2.2 -5444 2766
524 60 2.2 -5392 2814
531 60 2.2 -5672 2942
538 60 2.2 -5676 2962
545 60 2.2 -5700 2994
552 60 2.2 -5628 2956
559 60 2.2 -5580 2976
566 60 2.2 -5484 2868
573 60 2.2 -5528 2928
581 60 2.2 -5488 2916
588 60 2.2 -5448 2768
596 60 2.2 -5712 2946
603 60 2.2 -5528 2788
611 60 2.2 -5448 2718
619 60 2.2 -5536 2830
627 60 2.2 -5488 2788
635 60 2.2 -5208 2448
643 60 2.2 -5288 2498
652 60 2.2 -5360 2584
660 60 2.2 -5364 2534
668 60 2.2 -5376 2552
677 60 2.2 -5168 2388
686 60 2.2 -5440 2640
695 60 2.2 -5432 2676
704 60 2.2 -5532 2664
713 60 2.2 -5428 2638
722 60 2.2 -5360 2566
731 60 2.2 -5424 2576
741 60 2.2 -5348 2600
750 60 2.2 -5348 2688
760 60 2.2 -5780 2928
770 60 2.2 -5612 2778
780 60 2.2 -5376 2680
790 60 2.2 -5500 2700
800 60 2.2 -5456 2778
810 60 2.2 -5656 2920
821 60 2.2 -5500 2858
831 60 2.2 -5832 3084
842 60 2.2 -5764 2846
853 60 2.2 -5640 2838
864 60 2.2 -5452 2846
875 60 2.2 -5752 2908
886 60 2.2 -5708 2878
897 60 2.2 -5372 2718
909 60 2.2 -5480 2892
921 60 2.2 -5556 2916
933 60 2.2 -5624 2960
945 60 2.2 -5700 3012
957 60 2.2 -5700 3032
969 60 2.2 -5604 2976
982 60 2.2 -6104 3220
994 60 2.2 -5756 3002
1007 60 2.2 -5540 2818
1020 60 2.2 -5452 2820
1033 60 2.2 -5504 2826
1047 60 2.2 -5468 2726
1060 60 2.2 -5556 2710
1074 60 2.2 -5628 2744
1088 60 2.2 -5700 2854
1102 60 2.2 -5572 2918
1116 60 2.2 -5488 2924
1130 60 2.2 -5792 2996
1145 60 2.2 -5632 2934
1160 60 2.2 -5600 2978
1174 60 2.2 -5472 2814
1190 60 2.2 -5664 2940
1205 60 2.2 -5468 2918
1220 60 2.2 -5628 2990
1236 60 2.2 -5748 2966
1252 60 2.2 -5532 2874
1268 60 2.2 -5344 2796
1285 60 2.2 -5600 2880
1301 60 2.2 -5684 3018
1318 60 2.2 -5992 3126
1335 60 2.2 -5612 2964
1352 60 2.2 -5748 2950
1370 60 2.2 -5832 3042
1387 60 2.2 -5784 3010
1405 60 2.2 -5740 2962
1423 60 2.2 -5656 2836
1442 60 2.2 -5464 2692
1460 60 2.2 -5440 2796
1479 60 2.2 -5960 3164
1498 60 2.2 -5640 2950
1517 60 2.2 -5524 2876
1537 60 2.2 -5612 2992
1557 60 2.2 -5460 2870
1577 60 2.2 -5748 2974
1597 60 2.2 -5596 2858
1618 60 2.2 -5420 2606
1639 60 2.2 -5324 2552
1660 60 2.2 -5304 2326
1681 60 2.2 -5436 2690
1703 60 2.2 -5764 2926
1725 60 2.2 -5388 2868
1747 60 2.2 -5720 3014
1770 60 2.2 -5512 2858
1792 60 2.2 -5584 2908
1816 60 2.2 -5576 2702
1839 60 2.2 -5304 2476
1863 60 2.2 -5232 2258
1887 60 2.2 -5156 2542
1911 60 2.2 -5588 2664
1936 60 2.2 -5428 2800
1961 60 2.2 -5660 2960
1986 60 2.2 -5752 2996
2012 60 2.2 -5516 2962
2037 60 2.2 -5732 2984
2064 60 2.2 -5884 3168
2090 60 2.2 -5676 3012
2117 60 2.2 -5700 2960
2145 60 2.2 -5620 2880
2172 60 2.2 -5552 2974
2200 60 2.2 -5744 3044
2229 60 2.2 -5512 2860
2257 60 2.2 -5668 2782
2286 60 2.2 -5596 2592
2316 60 2.2 -5504 2688
2346 60 2.2 -5380 2678
2376 60 2.2 -5824 3030
2407 60 2.2 -5736 2910
2438 60 2.2 -5092 2276
2469 60 2.2 -5256 1972
2501 60 2.2 -5504 2286
2533 60 2.2 -5328 2004
2566 60 2.2 -5184 1920
2599 60 2.2 -5108 2152
2633 60 2.2 -5408 2188
2667 60 2.2 -5552 2718
2701 60 2.2 -5728 2976
2736 60 2.2 -5732 2960
2771 60 2.2 -5800 3082
2807 60 2.2 -5620 2922
2843 60 2.2 -5676 2966
2880 60 2.2 -5636 2892
2917 60 2.2 -5320 2598
2954 60 2.2 -5708 2940
2992 60 2.2 -5688 2850
3031 60 2.2 -5328 2698
3070 60 2.2 -5376 2764
3110 60 2.2 -5620 2852
3150 60 2.2 -5676 2816
3190 60 2.2 -5536 2792
3232 60 2.2 -5820 3022
3273 60 2.2 -5488 2828
3315 60 2.2 -5440 2750
3358 60 2.2 -5440 2820
3402 60 2.2 -5628 2968
3445 60 2.2 -5520 2874
3490 60 2.2 -5492 2732
3535 60 2.2 -5528 2844
3580 60 2.2 -5648 2930
3627 60 2.2 -5488 2804
3673 60 2.2 -5608 2884
3721 60 2.2 -5536 2816
3769 60 2.2 -5868 3112
3817 60 2.2 -5600 2876
3867 60 2.2 -5544 2914
3916 60 2.2 -5876 3090
3967 60 2.2 -5620 3008
4018 60 2.2 -5456 2816
4070 60 2.2 -5488 2860
4122 60 2.2 -5720 3002
4176 60 2.2 -5488 2940
4229 60 2.2 -5780 2994
4284 60 2.2 -5556 2722
4339 60 2.2 -5756 2990
4395 60 2.2 -5412 2902
4452 60 2.2 -5736 3036
4509 60 2.2 -5916 2966
4567 60 2.2 -5396 2750
4626 60 2.2 -5672 2884
4686 60 2.2 -5700 2922
4746 60 2.2 -5400 2828
4808 60 2.2 -5524 2844
4870 60 2.2 -5688 2996
4932 60 2.2 -5596 2906
4996 60 2.2 -5876 2952
5060 60 2.2 -5628 2948
5126 60 2.2 -5724 3012
5192 60 2.2 -5280 2436
5259 60 2.2 -5768 3084
5327 60 2.2 -5604 2808
5395 60 2.2 -5368 2502
5465 60 2.2 -5692 3020
5535 60 2.2 -5524 2784
5607 60 2.2 -5368 2674
5679 60 2.2 -5716 3028
5752 60 2.2 -5364 2778
5826 60 2.2 -5548 2852
5902 60 2.2 -5452 2772
5978 60 2.2 -5340 2488
6055 60 2.2 -5396 2394
6133 60 2.2 -5552 2796
6212 60 2.2 -5312 2842
6292 60 2.2 -5608 2932
6373 60 2.2 -5732 2954
6455 60 2.2 -5832 3030
6539 60 2.2 -5760 3060
6623 60 2.2 -5544 2874
6708 60 2.2 -5584 2862
6795 60 2.2 -5704 3040
6883 60 2.2 -5632 2968
6971 60 2.2 -5844 3100
7061 60 2.2 -5444 2836
7152 60 2.2 -5400 2698
7245 60 2.2 -5448 2852
7338 60 2.2 -5628 2906
7433 60 2.2 -5268 2560
7529 60 2.2 -5632 2940
7626 60 2.2 -5320 2352
7724 60 2.2 -5428 2662
7824 60 2.2 -5588 2920
7925 60 2.2 -5436 2774
8027 60 2.2 -5484 2856
8130 60 2.2 -5784 3052
8235 60 2.2 -5816 3054
8341 60 2.2 -5628 3018
8449 60 2.2 -5772 3032
8558 60 2.2 -5572 2900
8668 60 2.2 -5676 2896
8780 60 2.2 -5564 2912
8893 60 2.2 -5504 2966
9008 60 2.2 -5344 2838
9124 60 2.2 -5520 2692
9242 60 2.2 -5576 2644
9361 60 2.2 -5500 2788
9482 60 2.2 -5816 3034
9604 60 2.2 -5720 3000
9728 60 2.2 -5820 3016
9853 60 2.2 -5824 3018
9980 60 2.2 -5388 2714
10109 60 2.2 -5340 2732
10240 60 2.2 -5732 2986
10372 60 2.2 -5512 2902
10505 60 2.2 -5572 2742
10641 60 2.2 -5468 2480
10778 60 2.2 -5424 2482
10917 60 2.2 -5200 2246
11058 60 2.2 -5120 1758
11201 60 2.2 -5232 1840
11345 60 2.2 -5712 2974
11491 60 2.2 -5880 3056
11640 60 2.2 -5368 2748
11790 60 2.2 -5588 2850
11942 60 2.2 -5736 2904
12096 60 2.2 -5636 2972
12252 60 2.2 -5652 2910
12410 60 2.2 -5508 2742
12570 60 2.2 -5700 2812
12732 60 2.2 -5764 2966
12896 60 2.2 -5680 2962
13062 60 2.2 -5668 2804
13231 60 2.2 -5604 2852
13402 60 2.2 -5736 3020
13574 60 2.2 -5524 2834
13750 60 2.2 -5532 2612
13927 60 2.2 -5508 2922
14106 60 2.2 -5524 2866
14288 60 2.2 -5700 3018
14473 60 2.2 -5436 2658
14659 60 2.2 -5720 3034
14848 60 2.2 -5552 2708
15040 60 2.2 -5400 2606
15234 60 2.2 -5656 2912
15430 60 2.2 -5528 2868
15629 60 2.2 -5792 2910
15831 60 2.2 -5744 2940
16035 60 2.2 -5580 2848
16242 60 2.2 -5556 2754
16451 60 2.2 -5308 2740
16664 60 2.2 -5384 2642
16879 60 2.2 -5504 2774
17096 60 2.2 -5524 2864
17317 60 2.2 -5312 2544
17540 60 2.2 -5572 2924
17766 60 2.2 -5300 2720
17995 60 2.2 -5644 3000
18228 60 2.2 -5552 2972
18463 60 2.2 -5436 2796
18701 60 2.2 -5356 2480
18942 60 2.2 -5676 2994
19186 60 2.2 -5624 2820
19434 60 2.2 -5460 2764
19684 60 2.2 -5380 2850
19938 60 2.2 -5208 2340
20195 60 2.2 -5708 2976
20456 60 2.2 -5540 2868
20720 60 2.2 -5732 2904
20987 60 2.2 -5716 2850
21258 60 2.2 -5692 2906
21532 60 2.2 -5716 2926
21810 60 2.2 -5568 2956
22091 60 2.2 -5464 2864
22376 60 2.2 -5340 2804
22664 60 2.2 -5668 2968
22957 60 2.2 -5672 2976
23253 60 2.2 -5668 2810
23553 60 2.2 -5404 2794
23856 60 2.2 -5564 2752
24164 60 2.2 -5464 2822
24476 60 2.2 -5460 2522
24791 60 2.2 -5212 2362
25111 60 2.2 -5376 2530
25435 60 2.2 -5404 2654
25763 60 2.2 -5368 2652
26095 60 2.2 -5516 2738
26432 60 2.2 -5380 2226
26773 60 2.2 -5548 2310
27118 60 2.2 -5136 2114
27468 60 2.2 -5568 2240
27822 60 2.2 -5616 2832
28181 60 2.2 -5548 2866
28545 60 2.2 -5484 2600
28913 60 2.2 -5696 2994
29286 60 2.2 -5540 2858
29663 60 2.2 -5432 2810
30046 60 2.2 -5548 2918
30434 60 2.2 -5488 2558
30826 60 2.2 -5896 3106
31224 60 2.2 -5416 2806
31626 60 2.2 -5596 2918
32034 60 2.2 -5876 2958
32447 60 2.2 -5728 3040
32866 60 2.2 -5716 2772
33290 60 2.2 -5372 2502
33719 60 2.2 -5480 2912
34154 60 2.2 -5676 2846
34595 60 2.2 -5680 2822
35041 60 2.2 -5360 2750
35493 60 2.2 -5556 2896
35951 60 2.2 -5464 2892
36414 60 2.2 -5716 2878
36884 60 2.2 -5576 2630
37360 60 2.2 -5720 3002
37841 60 2.2 -5184 2632
38330 60 2.2 -5444 2566
38824 60 2.2 -5740 2978
39325 60 2.2 -5284 2746
39832 60 2.2 -5756 2944
40346 60 2.2 -5832 3082
40866 60 2.2 -5456 2696
41393 60 2.2 -5552 2574
41927 60 2.2 -5720 2820
42468 60 2.2 -5240 2678
43015 60 2.2 -5228 2672
43570 60 2.2 -5728 3030
44132 60 2.2 -5716 3046
44701 60 2.2 -5628 2950
45278 60 2.2 -5468 2750
45862 60 2.2 -5560 2966
46453 60 2.2 -5412 2512
47053 60 2.2 -5796 3038
47660 60 2.2 -5344 2572
48274 60 2.2 -5556 2738
48897 60 2.2 -5496 2490
49528 60 2.2 -5464 2928
50166 60 2.2 -5644 2818
50813 60 2.2 -5468 2852
51469 60 2.2 -5536 2882
52133 60 2.2 -5728 3014
52805 60 2.2 -5360 2520
53486 60 2.2 -5580 2856
54176 60 2.2 -5432 2614
54875 60 2.2 -5508 2756
55582 60 2.2 -5696 2946
56299 60 2.2 -5640 2816
57025 60 2.2 -5496 2760
57761 60 2.2 -5744 2992
58506 60 2.2 -5480 2770
59261 60 2.2 -5376 2866
60025 60 2.2 -5332 2644
60799 60 2.2 -5432 2696
61583 60 2.2 -5684 2812
62378 60 2.2 -5708 2932
63182 60 2.2 -5676 2900
63997 60 2.2 -5496 2910
64822 60 2.2 -5692 2980
65658 60 2.2 -5620 2874
66505 60 2.2 -5616 2654
67363 60 2.2 -5636 2852
68232 60 2.2 -5280 2758
69112 60 2.2 -5432 2924
70003 60 2.2 -5764 3006
70906 60 2.2 -5548 2742
71821 60 2.2 -5408 2636
72747 60 2.2 -5864 3084
73685 60 2.2 -5408 2706
74636 60 2.2 -5732 3038
75599 60 2.2 -5552 2824
76574 60 2.2 -5836 3072
77561 60 2.2 -5092 2434
78562 60 2.2 -5644 2888
79575 60 2.2 -5500 2700
80601 60 2.2 -5524 2790
81641 60 2.2 -5668 2966
82694 60 2.2 -5536 2770
83760 60 2.2 -5600 2974
84841 60 2.2 -5520 2932
85935 60 2.2 -5244 2574
87043 60 2.2 -5776 3080
88166 60 2.2 -5776 2884
89303 60 2.2 -5608 3032
90455 60 2.2 -5692 2986
91622 60 2.2 -5536 2896
92803 60 2.2 -5632 2860
94000 60 2.2 -5600 2680
95213 60 2.2 -5596 2890
96441 60 2.2 -5700 3002
97685 60 2.2 -5624 2876
98945 60 2.2 -5476 2874
100221 60 2.2 -5580 2940
101513 60 2.2 -5416 2386
102823 60 2.2 -5288 2582
104149 60 2.2 -5604 2834
105492 60 2.2 -5708 2992
106853 60 2.2 -5580 2852
108231 60 2.2 -5968 3126
109627 60 2.2 -5716 2916
111041 60 2.2 -5500 2872
112473 60 2.2 -5284 2106
113924 60 2.2 -5464 2870
115393 60 2.2 -5636 2886
116882 60 2.2 -5704 3028
118389 60 2.2 -5408 2474
119916 60 2.2 -5632 2750
121463 60 2.2 -5676 2926
123029 60 2.2 -5512 2768
124616 60 2.2 -5752 3014
126224 60 2.2 -5352 2838
127852 60 2.2 -5804 3098
129501 60 2.2 -5500 2728
131171 60 2.2 -5120 2392
132863 60 2.2 -5580 2950
134576 60 2.2 -5800 3006
136312 60 2.2 -5464 2754
138070 60 2.2 -5696 2818
139851 60 2.2 -5612 2966
141655 60 2.2 -5444 2784
143482 60 2.2 -5456 2890
145333 60 2.2 -5728 2930
147207 60 2.2 -5480 2806
149106 60 2.2 -5656 2984
151029 60 2.2 -5500 2770
152977 60 2.2 -5696 2920
154950 60 2.2 -5600 2730
156948 60 2.2 -5928 3122
158973 60 2.2 -5556 2642
161023 60 2.2 -5544 2864
163100 60 2.2 -5312 2490
165204 60 2.2 -5504 2806
167334 60 2.2 -5508 2640
169493 60 2.2 -5772 3040
171679 60 2.2 -5768 3072
173893 60 2.2 -5452 2850
176136 60 2.2 -5396 2724
178408 60 2.2 -5664 2984
180709 60 2.2 -5288 2576
183040 60 2.2 -5624 2930
185400 60 2.2 -5544 2918
187792 60 2.2 -5300 2570
190214 60 2.2 -5452 2716
192667 60 2.2 -5568 2572
195152 60 2.2 -5716 3058
197669 60 2.2 -5440 2610
200219 60 2.2 -5440 2764
202801 60 2.2 -5660 2904
205417 60 2.2 -5476 2822
208066 60 2.2 -5692 3010
210750 60 2.2 -5512 2508
213468 60 2.2 -5520 2876
216222 60 2.2 -5408 2724
219010 60 2.2 -5612 2968
221835 60 2.2 -5524 2566
224696 60 2.2 -5468 2722
227595 60 2.2 -5692 3008
230530 60 2.2 -5240 2738
233503 60 2.2 -5568 2864
236515 60 2.2 -5608 2834
239566 60 2.2 -5604 2980
242656 60 2.2 -5612 2874
245785 60 2.2 -5544 2678
248956 60 2.2 -5608 2822
252167 60 2.2 -5612 2924
255419 60 2.2 -5488 2558
258713 60 2.2 -5504 2496
262050 60 2.2 -5432 2554
265430 60 2.2 -5468 2772
268854 60 2.2 -5768 3044
272321 60 2.2 -5908 3092
275834 60 2.2 -5620 2918
279391 60 2.2 -5856 3126
282995 60 2.2 -5500 2788
286645 60 2.2 -5612 2954
290342 60 2.2 -5488 2880
294087 60 2.2 -5664 2962
297880 60 2.2 -5260 2632
301722 60 2.2 -5420 2514
305614 60 2.2 -5604 2994
309556 60 2.2 -5460 2824
313548 60 2.2 -5580 2912
317592 60 2.2 -5464 2680
321689 60 2.2 -5836 3074
325838 60 2.2 -5544 2752
330040 60 2.2 -5608 2858
334297 60 2.2 -5344 2578
338609 60 2.2 -5584 2836
342976 60 2.2 -5072 2362
347400 60 2.2 -5512 2846
351881 60 2.2 -5612 2924
356419 60 2.2 -5536 2846
361016 60 2.2 -5760 3034
365673 60 2.2 -5412 2452
370389 60 2.2 -5528 2894
375167 60 2.2 -5660 3010
380005 60 2.2 -5560 2782
384907 60 2.2 -5576 2816
389871 60 2.2 -5520 2854
394900 60 2.2 -5560 2812
399993 60 2.2 -5560 2854
405152 60 2.2 -5768 2924
410378 60 2.2 -5200 2504
415671 60 2.2 -5616 2914
421032 60 2.2 -5348 2748
426463 60 2.2 -5888 3062
431963 60 2.2 -5560 2730
437535 60 2.2 -5536 2938
443178 60 2.2 -5448 2632
448894 60 2.2 -5680 2842
454684 60 2.2 -5364 2576
460548 60 2.2 -5860 3016
466489 60 2.2 -5240 2612
472505 60 2.2 -5360 2814
478600 60 2.2 -5572 2922
484773 60 2.2 -5752 2932
491025 60 2.2 -5604 2990
497358 60 2.2 -5636 2850
503773 60 2.2 -5280 1810
510271 60 2.2 -5500 2848
516852 60 2.2 -5636 2932
523519 60 2.2 -5620 2810
530271 60 2.2 -5640 2924
537111 60 2.2 -5696 3004
544038 60 2.2 -5720 2910
551055 60 2.2 -5560 2910
558163 60 2.2 -5436 2820
565362 60 2.2 -6048 3144
572654 60 2.2 -5296 2538
580040 60 2.2 -5500 2384
587521 60 2.2 -5736 2892
595099 60 2.2 -5296 2170
602775 60 2.2 -5348 2748
610549 60 2.2 -5468 2674
618424 60 2.2 -5368 2170
626400 60 2.2 -5760 3016
634480 60 2.2 -5732 2996
642663 60 2.2 -5852 3150
650952 60 2.2 -5812 3034
659348 60 2.2 -5660 3020
667853 60 2.2 -5544 2836
676467 60 2.2 -5596 2624
685192 60 2.2 -5508 2670
694029 60 2.2 -5676 2782
702981 60 2.2 -5624 2936
712048 60 2.2 -5212 2486
721232 60 2.2 -5504 2670
730534 60 2.2 -5480 2766
739957 60 2.2 -5384 2670
749500 60 2.2 -5460 2780
759168 60 2.2 -5692 2978
768959 60 2.2 -5528 2548
778877 60 2.2 -5376 2702
788923 60 2.2 -5432 -2630
799099 60 2.2 -5680 -2930
809405 60 2.2 -5640 -3016
819845 60 2.2 -5864 -3068
830419 60 2.2 -5532 -2864
841130 60 2.2 -5672 -2998
851979 60 2.2 -5800 -3068
862968 60 2.2 -5732 -2814
874098 60 2.2 -5716 -2976
885373 60 2.2 -5400 -2548
896792 60 2.2 -5420 -2482
908359 60 2.2 -5740 -3070
920075 60 2.2 -5640 -2920
931942 60 2.2 -5668 -2956
943962 60 2.2 -5284 -2546
956137 60 2.2 -5488 -2866
968470 60 2.2 -5480 -2460
980961 60 2.2 -5692 -2850
993613 60 2.2 -5500 -2826
999999 60 2.2 -5568 -2888
