3 100 2.4 -16072 8668
4 100 2.4 -15976 8596
5 100 2.4 -15544 8406
6 100 2.4 -15456 8264
7 100 2.4 -15104 8052
8 100 2.4 -14980 7986
9 100 2.4 -14724 7798
10 100 2.4 -14508 7622
11 100 2.4 -14432 7642
12 100 2.4 -14220 7466
13 100 2.4 -14124 7366
14 100 2.4 -14064 7338
15 100 2.4 -13876 7150
16 100 2.4 -13872 7146
17 100 2.4 -13756 7000
18 100 2.4 -13916 7060
19 100 2.4 -13840 6890
20 100 2.4 -13664 6754
21 100 2.4 -13432 6522
22 100 2.4 -13348 6544
23 100 2.4 -12996 6414
24 100 2.4 -12968 6406
25 100 2.4 -12984 6310
26 100 2.4 -13000 6216
27 100 2.4 -12976 6234
28 100 2.4 -12956 6238
29 100 2.4 -12932 6314
30 100 2.4 -13104 6306
31 100 2.4 -13144 6354
32 100 2.4 -13108 6268
33 100 2.4 -13304 6366
34 100 2.4 -13248 6302
35 100 2.4 -13224 6386
36 100 2.4 -13204 6332
37 100 2.4 -13432 6422
38 100 2.4 -12968 6326
39 100 2.4 -13036 6308
40 100 2.4 -13156 6264
41 100 2.4 -13092 6248
42 100 2.4 -13348 6330
43 100 2.4 -13200 6152
44 100 2.4 -13304 6034
45 100 2.4 -13080 5906
46 100 2.4 -13204 5900
47 100 2.4 -13160 5858
48 100 2.4 -13232 5856
49 100 2.4 -13352 5926
50 100 2.4 -13176 5998
51 100 2.4 -13084 5938
52 100 2.4 -13104 5922
53 100 2.4 -13152 5808
54 100 2.4 -13108 5816
55 100 2.4 -13328 5760
56 100 2.4 -13024 5698
57 100 2.4 -13008 5732
58 100 2.4 -12948 5514
59 100 2.4 -12816 5474
60 100 2.4 -12884 5366
61 100 2.4 -12868 5190
62 100 2.4 -12812 5270
63 100 2.4 -12628 5266
64 100 2.4 -12808 5280
65 100 2.4 -12628 5212
66 100 2.4 -12608 5286
67 100 2.4 -12684 5186
68 100 2.4 -12664 5140
69 100 2.4 -12700 5236
70 100 2.4 -12784 5280
71 100 2.4 -12700 5270
72 100 2.4 -12696 5190
73 100 2.4 -12628 5112
74 100 2.4 -12332 5038
75 100 2.4 -12716 4984
76 100 2.4 -12556 4898
77 100 2.4 -12364 4770
78 100 2.4 -12536 4568
79 100 2.4 -12592 4650
80 100 2.4 -12660 4692
81 100 2.4 -12644 4676
82 100 2.4 -12452 4560
83 100 2.4 -12656 4632
84 100 2.4 -12468 4714
85 100 2.4 -12544 4630
86 100 2.4 -12520 4522
88 100 2.4 -12452 4278
89 100 2.4 -12480 4338
90 100 2.4 -12468 4356
91 100 2.4 -12344 4276
92 100 2.4 -12548 4186
93 100 2.4 -12748 4388
95 100 2.4 -12952 4382
96 100 2.4 -12728 4396
97 100 2.4 -12668 4300
98 100 2.4 -12752 4254
99 100 2.4 -12608 4120
101 100 2.4 -12736 4010
102 100 2.4 -12668 4148
103 100 2.4 -12740 4234
105 100 2.4 -12708 4280
106 100 2.4 -12460 4186
107 100 2.4 -12548 4090
109 100 2.4 -12888 3956
110 100 2.4 -12976 3946
112 100 2.4 -12908 3930
113 100 2.4 -12548 3826
114 100 2.4 -12604 3800
116 100 2.4 -12604 3752
117 100 2.4 -12544 3908
119 100 2.4 -12552 3918
120 100 2.4 -12412 3862
122 100 2.4 -12464 3870
124 100 2.4 -12372 4100
125 100 2.4 -12568 4154
127 100 2.4 -12688 4242
128 100 2.4 -12748 4226
130 100 2.4 -12620 4010
132 100 2.4 -12552 3958
133 100 2.4 -12456 3892
135 100 2.4 -12156 3640
137 100 2.4 -12260 3808
139 100 2.4 -12388 3818
140 100 2.4 -12492 3840
142 100 2.4 -12540 3692
144 100 2.4 -12388 3506
146 100 2.4 -12488 3308
148 100 2.4 -12204 3280
150 100 2.4 -12132 3292
152 100 2.4 -12104 3400
154 100 2.4 -12432 3656
155 100 2.4 -12260 3622
157 100 2.4 -12196 3444
160 100 2.4 -12412 3340
162 100 2.4 -12144 3136
164 100 2.4 -12100 2968
166 100 2.4 -12084 3060
168 100 2.4 -12168 3058
170 100 2.4 -12132 2956
172 100 2.4 -11904 3058
174 100 2.4 -11780 3220
177 100 2.4 -12020 3674
179 100 2.4 -11996 3474
181 100 2.4 -12076 3364
184 100 2.4 -12144 3216
186 100 2.4 -12160 3270
188 100 2.4 -12160 3202
191 100 2.4 -11996 3240
193 100 2.4 -11920 3040
196 100 2.4 -12384 3360
198 100 2.4 -12292 3194
201 100 2.4 -12368 3402
203 100 2.4 -12300 3452
206 100 2.4 -12216 3274
209 100 2.4 -12036 3364
211 100 2.4 -11832 3462
214 100 2.4 -11756 3134
217 100 2.4 -11720 3366
220 100 2.4 -12108 3388
222 100 2.4 -12104 3402
225 100 2.4 -12392 3452
228 100 2.4 -12748 3662
231 100 2.4 -12564 3648
234 100 2.4 -12160 3502
237 100 2.4 -12208 3390
240 100 2.4 -12172 3298
243 100 2.4 -12252 3148
246 100 2.4 -12212 2906
250 100 2.4 -12256 2976
253 100 2.4 -12128 3398
256 100 2.4 -12040 3322
259 100 2.4 -12380 3340
263 100 2.4 -12204 3100
266 100 2.4 -12336 3288
269 100 2.4 -12216 3356
273 100 2.4 -12296 3166
276 100 2.4 -12392 3264
280 100 2.4 -12316 3072
284 100 2.4 -12180 2652
287 100 2.4 -12060 2636
291 100 2.4 -11828 2764
295 100 2.4 -12276 3066
298 100 2.4 -12096 2988
302 100 2.4 -12176 2810
306 100 2.4 -12148 2992
310 100 2.4 -12616 3150
314 100 2.4 -12240 3292
318 100 2.4 -12436 3122
322 100 2.4 -12632 3356
326 100 2.4 -12644 3226
331 100 2.4 -12412 3220
335 100 2.4 -12148 3104
339 100 2.4 -11908 3354
344 100 2.4 -12040 3518
348 100 2.4 -12188 3392
352 100 2.4 -12340 3442
357 100 2.4 -12356 2910
362 100 2.4 -11960 2918
366 100 2.4 -12192 3204
371 100 2.4 -12144 3250
376 100 2.4 -12200 3300
381 100 2.4 -12524 3262
385 100 2.4 -12140 3226
390 100 2.4 -11932 2958
395 100 2.4 -11760 2818
401 100 2.4 -11624 2870
406 100 2.4 -12052 2578
411 100 2.4 -12064 2588
416 100 2.4 -12380 2584
422 100 2.4 -11888 2154
427 100 2.4 -11996 1820
433 100 2.4 -11728 1866
438 100 2.4 -11772 2140
444 100 2.4 -11772 1698
449 100 2.4 -11944 1816
455 100 2.4 -12260 1856
461 100 2.4 -11948 1768
467 100 2.4 -11768 1814
473 100 2.4 -12084 1720
479 100 2.4 -11760 1468
485 100 2.4 -11684 1460
492 100 2.4 -12064 1230
498 100 2.4 -12316 1266
504 100 2.4 -12368 1324
511 100 2.4 -12004 1204
517 100 2.4 -11924 1382
524 100 2.4 -11936 1400
531 100 2.4 -11960 1650
538 100 2.4 -12088 1768
545 100 2.4 -11984 1762
552 100 2.4 -11880 1580
559 100 2.4 -12080 1636
566 100 2.4 -12244 1838
573 100 2.4 -12608 2150
581 100 2.4 -12156 2168
588 100 2.4 -11944 1946
596 100 2.4 -12036 1740
603 100 2.4 -11728 1252
611 100 2.4 -11764 1106
619 100 2.4 -11720 544
627 100 2.4 -12036 676
635 100 2.4 -11932 598
643 100 2.4 -11768 928
652 100 2.4 -12108 942
660 100 2.4 -11876 370
668 100 2.4 -11716 130
677 100 2.4 -12008 -56
686 100 2.4 -12012 -178
695 100 2.4 -12096 262
704 100 2.4 -11724 152
713 100 2.4 -11756 -286
722 100 2.4 -11860 -594
731 100 2.4 -11876 -324
741 100 2.4 -11876 -576
750 100 2.4 -11576 -760
760 100 2.4 -11864 -882
770 100 2.4 -12208 -1470
780 100 2.4 -12264 -1636
790 100 2.4 -12144 -1452
800 100 2.4 -12128 -1486
810 100 2.4 -11872 -1382
821 100 2.4 -11996 -1544
831 100 2.4 -12012 -1606
842 100 2.4 -11992 -1546
853 100 2.4 -12200 -1392
864 100 2.4 -12548 -1338
875 100 2.4 -12192 -1320
886 100 2.4 -12188 -1200
897 100 2.4 -12332 -1298
909 100 2.4 -11908 -1622
921 100 2.4 -11864 -1776
933 100 2.4 -11768 -1708
945 100 2.4 -12040 -1320
957 100 2.4 -12096 -598
969 100 2.4 -12056 -500
982 100 2.4 -11848 -520
994 100 2.4 -12104 182
1007 100 2.4 -12168 -126
1020 100 2.4 -12084 118
1033 100 2.4 -11680 -366
1047 100 2.4 -11816 -660
1060 100 2.4 -12004 -896
1074 100 2.4 -11984 -734
1088 100 2.4 -12116 -852
1102 100 2.4 -12176 -880
1116 100 2.4 -12024 -160
1130 100 2.4 -12168 364
1145 100 2.4 -11860 566
1160 100 2.4 -12088 616
1174 100 2.4 -11836 -18
1190 100 2.4 -12300 130
1205 100 2.4 -11860 -698
1220 100 2.4 -12088 -494
1236 100 2.4 -12132 -772
1252 100 2.4 -12212 -1568
1268 100 2.4 -12080 -1826
1285 100 2.4 -12140 -1866
1301 100 2.4 -12512 -1874
1318 100 2.4 -12216 -1624
1335 100 2.4 -12204 -1424
1352 100 2.4 -11916 -1790
1370 100 2.4 -12216 -1278
1387 100 2.4 -11776 -804
1405 100 2.4 -12404 -1142
1423 100 2.4 -11824 -1236
1442 100 2.4 -11976 -514
1460 100 2.4 -12120 -816
1479 100 2.4 -11760 -892
1498 100 2.4 -12088 -860
1517 100 2.4 -12076 186
1537 100 2.4 -12060 858
1557 100 2.4 -12248 588
1577 100 2.4 -11780 684
1597 100 2.4 -11544 1058
1618 100 2.4 -11704 702
1639 100 2.4 -11924 436
1660 100 2.4 -12260 1116
1681 100 2.4 -11812 1124
1703 100 2.4 -11928 814
1725 100 2.4 -12324 676
1747 100 2.4 -11928 324
1770 100 2.4 -11992 1214
1792 100 2.4 -12284 436
1816 100 2.4 -11656 144
1839 100 2.4 -12652 -316
1863 100 2.4 -11848 -124
1887 100 2.4 -12088 652
1911 100 2.4 -11260 228
1936 100 2.4 -11848 70
1961 100 2.4 -12216 186
1986 100 2.4 -12176 578
2012 100 2.4 -12252 1356
2037 100 2.4 -11788 788
2064 100 2.4 -12372 758
2090 100 2.4 -11716 794
2117 100 2.4 -11972 482
2145 100 2.4 -12232 116
2172 100 2.4 -12008 -92
2200 100 2.4 -11912 -292
2229 100 2.4 -11956 626
2257 100 2.4 -11980 472
2286 100 2.4 -11968 212
2316 100 2.4 -11412 -82
2346 100 2.4 -11624 -842
2376 100 2.4 -11788 -1350
2407 100 2.4 -12016 -1794
2438 100 2.4 -12004 -972
2469 100 2.4 -11960 -318
2501 100 2.4 -12140 -1006
2533 100 2.4 -11976 -1082
2566 100 2.4 -11820 -824
2599 100 2.4 -12124 -596
2633 100 2.4 -12296 -4
2667 100 2.4 -12168 296
2701 100 2.4 -11800 356
2736 100 2.4 -12212 -140
2771 100 2.4 -12072 524
2807 100 2.4 -11224 858
2843 100 2.4 -12252 1416
2880 100 2.4 -12268 1392
2917 100 2.4 -12096 1396
2954 100 2.4 -12056 1400
2992 100 2.4 -11776 776
3031 100 2.4 -11748 306
3070 100 2.4 -11780 926
3110 100 2.4 -12272 1232
3150 100 2.4 -12144 206
3190 100 2.4 -11424 208
3232 100 2.4 -12304 -510
3273 100 2.4 -11956 -562
3315 100 2.4 -12020 -590
3358 100 2.4 -12332 -728
3402 100 2.4 -11544 34
3445 100 2.4 -12040 256
3490 100 2.4 -12216 916
3535 100 2.4 -11960 1286
3580 100 2.4 -12056 1386
3627 100 2.4 -12144 338
3673 100 2.4 -12112 234
3721 100 2.4 -11952 -612
3769 100 2.4 -12192 80
3817 100 2.4 -12316 -1008
3867 100 2.4 -11884 -814
3916 100 2.4 -12148 -496
3967 100 2.4 -12284 1050
4018 100 2.4 -11948 602
4070 100 2.4 -12188 192
4122 100 2.4 -12212 -112
4176 100 2.4 -12124 -938
4229 100 2.4 -11792 -1378
4284 100 2.4 -11756 -1162
4339 100 2.4 -12252 -936
4395 100 2.4 -11864 480
4452 100 2.4 -11728 310
4509 100 2.4 -11912 412
4567 100 2.4 -12588 2138
4626 100 2.4 -12188 1816
4686 100 2.4 -11448 368
4746 100 2.4 -11328 1154
4808 100 2.4 -11764 774
4870 100 2.4 -12220 794
4932 100 2.4 -11328 1122
4996 100 2.4 -11868 2256
5060 100 2.4 -11940 1244
5126 100 2.4 -12168 908
5192 100 2.4 -11984 1418
5259 100 2.4 -11904 1184
5327 100 2.4 -12060 1656
5395 100 2.4 -12028 1944
5465 100 2.4 -12012 1458
5535 100 2.4 -12272 2102
5607 100 2.4 -12328 1862
5679 100 2.4 -12196 2574
5752 100 2.4 -12132 3310
5826 100 2.4 -11784 2698
5902 100 2.4 -12412 3126
5978 100 2.4 -12192 2438
6055 100 2.4 -12228 2082
6133 100 2.4 -11708 738
6212 100 2.4 -11536 -256
6292 100 2.4 -11564 152
6373 100 2.4 -11904 144
6455 100 2.4 -12072 -118
6539 100 2.4 -11800 268
6623 100 2.4 -12208 -480
6708 100 2.4 -12344 100
6795 100 2.4 -12292 828
6883 100 2.4 -12552 464
6971 100 2.4 -12508 246
7061 100 2.4 -12020 802
7152 100 2.4 -12780 1656
7245 100 2.4 -11904 1208
7338 100 2.4 -11852 1692
7433 100 2.4 -12104 2406
7529 100 2.4 -12112 2064
7626 100 2.4 -12040 1486
7724 100 2.4 -11444 824
7824 100 2.4 -12128 774
7925 100 2.4 -11860 1150
8027 100 2.4 -11680 -898
8130 100 2.4 -12080 -144
8235 100 2.4 -11960 -544
8341 100 2.4 -12392 -2364
8449 100 2.4 -12384 -2390
8558 100 2.4 -12212 -1840
8668 100 2.4 -12456 -1490
8780 100 2.4 -12368 28
8893 100 2.4 -12148 -736
9008 100 2.4 -12164 -726
9124 100 2.4 -12060 -692
9242 100 2.4 -12224 -184
9361 100 2.4 -12192 1070
9482 100 2.4 -12212 -486
9604 100 2.4 -12116 -608
9728 100 2.4 -12012 -352
9853 100 2.4 -12456 -452
9980 100 2.4 -11992 914
10109 100 2.4 -12000 -100
10240 100 2.4 -11800 -748
10372 100 2.4 -12132 -514
10505 100 2.4 -12140 -172
10641 100 2.4 -12072 892
10778 100 2.4 -11452 1214
10917 100 2.4 -12116 1324
11058 100 2.4 -12184 -572
11201 100 2.4 -11996 -2074
11345 100 2.4 -12408 -1060
11491 100 2.4 -11956 600
11640 100 2.4 -11996 -328
11790 100 2.4 -11960 -440
11942 100 2.4 -12256 -1782
12096 100 2.4 -11528 -438
12252 100 2.4 -12244 -866
12410 100 2.4 -11936 1036
12570 100 2.4 -11932 -274
12732 100 2.4 -12520 -302
12896 100 2.4 -12224 -830
13062 100 2.4 -12000 -10
13231 100 2.4 -11844 -972
13402 100 2.4 -11992 1892
13574 100 2.4 -12340 2054
13750 100 2.4 -11896 1334
13927 100 2.4 -11984 1254
14106 100 2.4 -12304 -66
14288 100 2.4 -12336 1410
14473 100 2.4 -12084 494
14659 100 2.4 -11400 -528
14848 100 2.4 -11916 -1776
15040 100 2.4 -11836 -1874
15234 100 2.4 -12336 -154
15430 100 2.4 -11988 -256
15629 100 2.4 -11920 -32
15831 100 2.4 -11960 -364
16035 100 2.4 -11920 40
16242 100 2.4 -12292 -4
16451 100 2.4 -12368 442
16664 100 2.4 -11792 248
16879 100 2.4 -12040 1912
17096 100 2.4 -11252 208
17317 100 2.4 -12388 1424
17540 100 2.4 -12104 -526
17766 100 2.4 -12244 202
17995 100 2.4 -11780 1418
18228 100 2.4 -12124 176
18463 100 2.4 -11980 -636
18701 100 2.4 -12380 -3568
18942 100 2.4 -11944 -2366
19186 100 2.4 -12096 -364
19434 100 2.4 -12076 272
19684 100 2.4 -12140 1040
19938 100 2.4 -12364 -230
20195 100 2.4 -12008 1242
20456 100 2.4 -12004 616
20720 100 2.4 -11764 2
20987 100 2.4 -11852 -466
21258 100 2.4 -12144 -432
21532 100 2.4 -11520 -1050
21810 100 2.4 -11848 -192
22091 100 2.4 -12528 -476
22376 100 2.4 -11688 -1016
22664 100 2.4 -12004 218
22957 100 2.4 -12356 1128
23253 100 2.4 -12632 344
23553 100 2.4 -12132 220
23856 100 2.4 -12008 406
24164 100 2.4 -11672 530
24476 100 2.4 -11928 38
24791 100 2.4 -11988 846
25111 100 2.4 -11920 684
25435 100 2.4 -12104 194
25763 100 2.4 -11664 1356
26095 100 2.4 -12008 -816
26432 100 2.4 -11924 502
26773 100 2.4 -11920 520
27118 100 2.4 -11988 -16
27468 100 2.4 -11880 -620
27822 100 2.4 -12436 -2264
28181 100 2.4 -11904 -1412
28545 100 2.4 -12104 1596
28913 100 2.4 -11824 -368
29286 100 2.4 -12260 460
29663 100 2.4 -12304 286
30046 100 2.4 -11880 -274
30434 100 2.4 -11852 -566
30826 100 2.4 -11944 -2430
31224 100 2.4 -11604 -876
31626 100 2.4 -11884 -96
32034 100 2.4 -12348 682
32447 100 2.4 -12204 -1852
32866 100 2.4 -11804 234
33290 100 2.4 -12268 1800
33719 100 2.4 -12404 2460
34154 100 2.4 -11916 1480
34595 100 2.4 -12320 694
35041 100 2.4 -12024 830
35493 100 2.4 -11788 -866
35951 100 2.4 -12064 -1498
36414 100 2.4 -12380 1120
36884 100 2.4 -12044 312
37360 100 2.4 -12144 -238
37841 100 2.4 -11552 722
38330 100 2.4 -12320 334
38824 100 2.4 -11980 -2426
39325 100 2.4 -12208 318
39832 100 2.4 -12292 -2336
40346 100 2.4 -12236 -820
40866 100 2.4 -12288 -3038
41393 100 2.4 -12180 1748
41927 100 2.4 -11644 -452
42468 100 2.4 -12136 -1676
43015 100 2.4 -11508 -542
43570 100 2.4 -12080 2284
44132 100 2.4 -11796 -492
44701 100 2.4 -12112 1032
45278 100 2.4 -11484 -1924
45862 100 2.4 -11896 -1222
46453 100 2.4 -11716 -1302
47053 100 2.4 -12052 928
47660 100 2.4 -12152 -838
48274 100 2.4 -12184 -480
48897 100 2.4 -11632 -406
49528 100 2.4 -12360 290
50166 100 2.4 -11868 -806
50813 100 2.4 -11560 -1084
51469 100 2.4 -12216 -52
52133 100 2.4 -11984 -2040
52805 100 2.4 -11572 1040
53486 100 2.4 -11756 -882
54176 100 2.4 -11884 -834
54875 100 2.4 -11920 748
55582 100 2.4 -12284 418
56299 100 2.4 -12012 -648
57025 100 2.4 -12440 -348
57761 100 2.4 -12144 1322
58506 100 2.4 -12456 1866
59261 100 2.4 -12096 -948
60025 100 2.4 -12104 606
60799 100 2.4 -11468 1688
61583 100 2.4 -12564 3354
62378 100 2.4 -11904 -1928
63182 100 2.4 -11768 -868
63997 100 2.4 -12212 -964
64822 100 2.4 -11980 536
65658 100 2.4 -12504 -1074
66505 100 2.4 -12320 2328
67363 100 2.4 -11872 -378
68232 100 2.4 -11872 -648
69112 100 2.4 -11692 812
70003 100 2.4 -12016 550
70906 100 2.4 -12104 -186
71821 100 2.4 -12352 -1264
72747 100 2.4 -12720 1038
73685 100 2.4 -12316 1162
74636 100 2.4 -12368 1068
75599 100 2.4 -11848 1540
76574 100 2.4 -12128 1618
77561 100 2.4 -12348 470
78562 100 2.4 -11792 -1180
79575 100 2.4 -12132 -1032
80601 100 2.4 -12152 -2152
81641 100 2.4 -11952 866
82694 100 2.4 -12632 230
83760 100 2.4 -11948 1936
84841 100 2.4 -11764 -894
85935 100 2.4 -11668 188
87043 100 2.4 -11940 -1284
88166 100 2.4 -12124 2894
89303 100 2.4 -12264 -382
90455 100 2.4 -12352 -814
91622 100 2.4 -11988 2116
92803 100 2.4 -11916 966
94000 100 2.4 -12156 2006
95213 100 2.4 -12188 1024
96441 100 2.4 -12060 -1436
97685 100 2.4 -12632 -1398
98945 100 2.4 -12092 1258
100221 100 2.4 -11860 -1264
101513 100 2.4 -12332 -364
102823 100 2.4 -12384 210
104149 100 2.4 -12084 -3180
105492 100 2.4 -12284 -996
106853 100 2.4 -11916 466
108231 100 2.4 -11936 36
109627 100 2.4 -12276 1152
111041 100 2.4 -11820 1616
112473 100 2.4 -11788 796
113924 100 2.4 -11804 -142
115393 100 2.4 -12332 -1896
116882 100 2.4 -12320 2724
118389 100 2.4 -11576 -552
119916 100 2.4 -12076 978
121463 100 2.4 -12300 -1520
123029 100 2.4 -12328 -3198
124616 100 2.4 -12268 1056
126224 100 2.4 -12288 -732
127852 100 2.4 -12100 862
129501 100 2.4 -12236 -936
131171 100 2.4 -12380 -1468
132863 100 2.4 -12216 2062
134576 100 2.4 -11968 -2576
136312 100 2.4 -11672 452
138070 100 2.4 -12036 -834
139851 100 2.4 -11952 -2292
141655 100 2.4 -11668 586
143482 100 2.4 -11640 156
145333 100 2.4 -11860 -272
147207 100 2.4 -12108 952
149106 100 2.4 -12220 -1488
151029 100 2.4 -11720 -822
152977 100 2.4 -11888 1562
154950 100 2.4 -11700 -1904
156948 100 2.4 -12356 -2102
158973 100 2.4 -12016 2132
161023 100 2.4 -12464 -752
163100 100 2.4 -12312 1562
165204 100 2.4 -12124 -1648
167334 100 2.4 -12160 780
169493 100 2.4 -11660 -2
171679 100 2.4 -12516 -206
173893 100 2.4 -12028 -1344
176136 100 2.4 -12364 1506
178408 100 2.4 -11820 718
180709 100 2.4 -12156 332
183040 100 2.4 -11856 1218
185400 100 2.4 -11872 -1064
187792 100 2.4 -12268 968
190214 100 2.4 -11664 -68
192667 100 2.4 -12076 -722
195152 100 2.4 -11840 1172
197669 100 2.4 -12004 -598
200219 100 2.4 -12184 -884
202801 100 2.4 -11976 -434
205417 100 2.4 -11944 1542
208066 100 2.4 -12012 272
210750 100 2.4 -11936 28
213468 100 2.4 -12208 -2084
216222 100 2.4 -12120 -1072
219010 100 2.4 -12288 178
221835 100 2.4 -12140 1468
224696 100 2.4 -11916 -932
227595 100 2.4 -12272 -658
230530 100 2.4 -12096 -176
233503 100 2.4 -12352 -1954
236515 100 2.4 -12120 2692
239566 100 2.4 -11836 -1088
242656 100 2.4 -12120 704
245785 100 2.4 -11928 -628
248956 100 2.4 -12004 -52
252167 100 2.4 -11728 -656
255419 100 2.4 -12080 -134
258713 100 2.4 -11904 -2796
262050 100 2.4 -12228 1750
265430 100 2.4 -11744 -94
268854 100 2.4 -11620 1640
272321 100 2.4 -11888 -3036
275834 100 2.4 -11704 440
279391 100 2.4 -11908 1360
282995 100 2.4 -12360 1736
286645 100 2.4 -11936 1640
290342 100 2.4 -11912 -38
294087 100 2.4 -11572 962
297880 100 2.4 -11884 -252
301722 100 2.4 -11908 -648
305614 100 2.4 -11728 -1092
309556 100 2.4 -11932 856
313548 100 2.4 -11992 2410
317592 100 2.4 -12060 1374
321689 100 2.4 -12304 814
325838 100 2.4 -12064 -20
330040 100 2.4 -11924 1140
334297 100 2.4 -11628 -2734
338609 100 2.4 -12012 -1516
342976 100 2.4 -11892 -602
347400 100 2.4 -11552 -1242
351881 100 2.4 -12248 162
356419 100 2.4 -11760 242
361016 100 2.4 -11812 2854
365673 100 2.4 -12064 2080
370389 100 2.4 -12440 -1222
375167 100 2.4 -11248 682
380005 100 2.4 -12288 -2834
384907 100 2.4 -11860 1370
389871 100 2.4 -11668 -352
394900 100 2.4 -12132 -1544
399993 100 2.4 -12200 450
405152 100 2.4 -12584 580
410378 100 2.4 -11788 850
415671 100 2.4 -11824 -426
421032 100 2.4 -12212 -2048
426463 100 2.4 -11552 242
431963 100 2.4 -11952 -1330
437535 100 2.4 -12172 -1720
443178 100 2.4 -11940 2124
448894 100 2.4 -11848 -2398
454684 100 2.4 -11920 338
460548 100 2.4 -12480 -1998
466489 100 2.4 -12200 -12
472505 100 2.4 -12332 -2040
478600 100 2.4 -12352 824
484773 100 2.4 -12048 2114
491025 100 2.4 -12540 528
497358 100 2.4 -11784 494
503773 100 2.4 -12284 1230
510271 100 2.4 -12404 2826
516852 100 2.4 -11864 -2
523519 100 2.4 -12044 -1122
530271 100 2.4 -11928 -260
537111 100 2.4 -12284 1922
544038 100 2.4 -11860 170
551055 100 2.4 -12492 -218
558163 100 2.4 -12484 -542
565362 100 2.4 -12288 228
572654 100 2.4 -12020 988
580040 100 2.4 -12236 0
587521 100 2.4 -11968 -1090
595099 100 2.4 -11928 -160
602775 100 2.4 -12244 1828
610549 100 2.4 -11988 1770
618424 100 2.4 -11884 -580
626400 100 2.4 -11796 760
634480 100 2.4 -11784 -412
642663 100 2.4 -12156 2168
650952 100 2.4 -11916 -490
659348 100 2.4 -12072 -96
667853 100 2.4 -12288 856
676467 100 2.4 -11876 414
685192 100 2.4 -11576 544
694029 100 2.4 -12100 -696
702981 100 2.4 -11824 -1540
712048 100 2.4 -12004 -146
721232 100 2.4 -11768 -696
730534 100 2.4 -12240 1586
739957 100 2.4 -11764 -498
749500 100 2.4 -12052 -948
759168 100 2.4 -12064 1488
768959 100 2.4 -12176 -1486
778877 100 2.4 -11908 1450
788923 100 2.4 -12000 -1446
799099 100 2.4 -11908 1526
809405 100 2.4 -11872 -1012
819845 100 2.4 -12512 1190
830419 100 2.4 -11964 804
841130 100 2.4 -12068 1098
851979 100 2.4 -11848 796
862968 100 2.4 -11504 0
874098 100 2.4 -12248 1612
885373 100 2.4 -12084 -954
896792 100 2.4 -12148 1198
908359 100 2.4 -11928 1716
920075 100 2.4 -11928 894
931942 100 2.4 -11588 -28
943962 100 2.4 -12184 -488
956137 100 2.4 -12392 -882
968470 100 2.4 -12392 -436
980961 100 2.4 -12036 -438
993613 100 2.4 -11464 -748
999999 100 2.4 -12100 1110
