3 140 2.2 -33560 17786
4 140 2.2 -33440 17710
5 140 2.2 -32868 17518
6 140 2.2 -32384 17208
7 140 2.2 -32092 17004
8 140 2.2 -31740 16906
9 140 2.2 -31360 16698
10 140 2.2 -31536 16770
11 140 2.2 -31180 16684
12 140 2.2 -31220 16652
13 140 2.2 -31096 16596
14 140 2.2 -30916 16440
15 140 2.2 -31180 16536
16 140 2.2 -31400 16706
17 140 2.2 -31516 16688
18 140 2.2 -31280 16636
19 140 2.2 -30976 16492
20 140 2.2 -31056 16442
21 140 2.2 -30616 16296
22 140 2.2 -30672 16312
23 140 2.2 -30992 16358
24 140 2.2 -31156 16426
25 140 2.2 -31264 16402
26 140 2.2 -31184 16306
27 140 2.2 -30944 16178
28 140 2.2 -30760 16228
29 140 2.2 -30744 16124
30 140 2.2 -30580 16072
31 140 2.2 -30604 16048
32 140 2.2 -30500 16018
33 140 2.2 -30736 16030
34 140 2.2 -30840 15992
35 140 2.2 -30812 15980
36 140 2.2 -30748 15960
37 140 2.2 -30788 15954
38 140 2.2 -30624 15858
39 140 2.2 -30312 15758
40 140 2.2 -30260 15708
41 140 2.2 -30612 15894
42 140 2.2 -30516 16020
43 140 2.2 -30552 15976
44 140 2.2 -30708 16096
45 140 2.2 -31160 16316
46 140 2.2 -31020 16308
47 140 2.2 -31040 16360
48 140 2.2 -30780 16236
49 140 2.2 -30976 16272
50 140 2.2 -31180 16362
51 140 2.2 -31240 16374
52 140 2.2 -31200 16418
53 140 2.2 -31068 16358
54 140 2.2 -31228 16364
55 140 2.2 -30856 16244
56 140 2.2 -30580 15970
57 140 2.2 -30800 16034
58 140 2.2 -30368 15970
59 140 2.2 -30320 15956
60 140 2.2 -30520 15982
61 140 2.2 -30528 15878
62 140 2.2 -30476 15914
63 140 2.2 -30824 16122
64 140 2.2 -30732 16130
65 140 2.2 -30412 15902
66 140 2.2 -30432 15890
67 140 2.2 -30372 15766
68 140 2.2 -30508 15810
69 140 2.2 -30616 15910
70 140 2.2 -30692 15860
71 140 2.2 -30576 15870
72 140 2.2 -30684 16078
73 140 2.2 -30944 16178
74 140 2.2 -30900 16190
75 140 2.2 -30640 15982
76 140 2.2 -30696 15968
77 140 2.2 -30520 15942
78 140 2.2 -30512 15952
79 140 2.2 -30704 15986
80 140 2.2 -31004 16214
81 140 2.2 -30780 16070
82 140 2.2 -30452 15944
83 140 2.2 -30296 15872
84 140 2.2 -30808 16106
85 140 2.2 -30744 15992
86 140 2.2 -30836 16032
88 140 2.2 -31504 16296
89 140 2.2 -31124 16216
90 140 2.2 -31300 16330
91 140 2.2 -31200 16288
92 140 2.2 -31460 16338
93 140 2.2 -31776 16520
95 140 2.2 -30916 16172
96 140 2.2 -30924 16170
97 140 2.2 -30804 16168
98 140 2.2 -31048 16188
99 140 2.2 -31132 16190
101 140 2.2 -30996 16062
102 140 2.2 -30884 15974
103 140 2.2 -30772 15832
105 140 2.2 -30980 15952
106 140 2.2 -30600 15894
107 140 2.2 -30304 15738
109 140 2.2 -30448 15556
110 140 2.2 -30396 15530
112 140 2.2 -30528 15532
113 140 2.2 -30352 15548
114 140 2.2 -30280 15524
116 140 2.2 -29972 15268
117 140 2.2 -30120 15244
119 140 2.2 -30252 15506
120 140 2.2 -30380 15644
122 140 2.2 -30644 15826
124 140 2.2 -30320 15644
125 140 2.2 -30456 15694
127 140 2.2 -30532 15624
128 140 2.2 -30420 15524
130 140 2.2 -30752 15804
132 140 2.2 -30456 15748
133 140 2.2 -30448 15644
135 140 2.2 -30476 15772
137 140 2.2 -30424 15644
139 140 2.2 -30536 15888
140 140 2.2 -30740 16048
142 140 2.2 -31044 16032
144 140 2.2 -30496 15882
146 140 2.2 -30508 15848
148 140 2.2 -30232 15668
150 140 2.2 -30076 15518
152 140 2.2 -30088 15574
154 140 2.2 -30384 15600
155 140 2.2 -30336 15576
157 140 2.2 -30640 15748
160 140 2.2 -30720 15782
162 140 2.2 -31060 15936
164 140 2.2 -30464 15890
166 140 2.2 -30344 15736
168 140 2.2 -30484 15810
170 140 2.2 -30600 15776
172 140 2.2 -30048 15626
174 140 2.2 -30572 15762
177 140 2.2 -30764 15862
179 140 2.2 -30848 16028
181 140 2.2 -30544 15880
184 140 2.2 -30824 15894
186 140 2.2 -30692 15866
188 140 2.2 -30276 15714
191 140 2.2 -30136 15670
193 140 2.2 -30156 15562
196 140 2.2 -30136 15510
198 140 2.2 -29924 15280
201 140 2.2 -30276 15328
203 140 2.2 -30020 15356
206 140 2.2 -29868 15362
209 140 2.2 -30168 15496
211 140 2.2 -30484 15742
214 140 2.2 -30888 15842
217 140 2.2 -30800 15842
220 140 2.2 -30468 15690
222 140 2.2 -30348 15976
225 140 2.2 -30996 16206
228 140 2.2 -30860 16156
231 140 2.2 -31068 16238
234 140 2.2 -31048 16292
237 140 2.2 -30924 16194
240 140 2.2 -31032 16278
243 140 2.2 -30924 16312
246 140 2.2 -30728 16144
250 140 2.2 -30304 15928
253 140 2.2 -30792 16086
256 140 2.2 -30536 16054
259 140 2.2 -30996 16384
263 140 2.2 -31304 16400
266 140 2.2 -30764 16308
269 140 2.2 -30904 16202
273 140 2.2 -30472 16002
276 140 2.2 -31148 16294
280 140 2.2 -30744 16044
284 140 2.2 -30628 15836
287 140 2.2 -30872 15974
291 140 2.2 -31044 16038
295 140 2.2 -31028 15846
298 140 2.2 -30416 15702
302 140 2.2 -30460 15678
306 140 2.2 -30816 15542
310 140 2.2 -30240 15406
314 140 2.2 -30176 15352
318 140 2.2 -30100 15340
322 140 2.2 -30520 15452
326 140 2.2 -30424 15606
331 140 2.2 -30196 15676
335 140 2.2 -30164 15670
339 140 2.2 -30236 15616
344 140 2.2 -30536 15994
348 140 2.2 -30708 16084
352 140 2.2 -30780 16066
357 140 2.2 -30876 16026
362 140 2.2 -30556 15952
366 140 2.2 -31188 16106
371 140 2.2 -30144 15810
376 140 2.2 -30940 16164
381 140 2.2 -30660 16160
385 140 2.2 -30612 16118
390 140 2.2 -31116 16344
395 140 2.2 -31124 16244
401 140 2.2 -30864 16134
406 140 2.2 -30828 15976
411 140 2.2 -30760 16046
416 140 2.2 -30868 15988
422 140 2.2 -31048 16374
427 140 2.2 -30900 16260
433 140 2.2 -30888 16298
438 140 2.2 -30668 16134
444 140 2.2 -30512 15920
449 140 2.2 -30524 15890
455 140 2.2 -30640 15922
461 140 2.2 -30860 16122
467 140 2.2 -30528 15854
473 140 2.2 -30224 15416
479 140 2.2 -30336 15452
485 140 2.2 -30308 15566
492 140 2.2 -30712 15660
498 140 2.2 -30760 15688
504 140 2.2 -30452 15418
511 140 2.2 -30120 15052
517 140 2.2 -30144 15150
524 140 2.2 -30056 15328
531 140 2.2 -30444 15438
538 140 2.2 -30592 15470
545 140 2.2 -30616 15484
552 140 2.2 -30328 15404
559 140 2.2 -30124 15056
566 140 2.2 -29732 15002
573 140 2.2 -30400 15120
581 140 2.2 -29916 14794
588 140 2.2 -29264 14276
596 140 2.2 -29856 14560
603 140 2.2 -29840 14578
611 140 2.2 -29716 14610
619 140 2.2 -29872 14822
627 140 2.2 -30104 14858
635 140 2.2 -29884 14574
643 140 2.2 -30320 14916
652 140 2.2 -29824 14572
660 140 2.2 -30444 14794
668 140 2.2 -30524 15074
677 140 2.2 -30480 15128
686 140 2.2 -30708 15148
695 140 2.2 -30420 14868
704 140 2.2 -30440 14762
713 140 2.2 -30172 14668
722 140 2.2 -30348 14912
731 140 2.2 -30380 14810
741 140 2.2 -30024 14768
750 140 2.2 -30156 14882
760 140 2.2 -29640 14568
770 140 2.2 -30312 14952
780 140 2.2 -30872 15210
790 140 2.2 -29916 14736
800 140 2.2 -30100 14740
810 140 2.2 -29652 14582
821 140 2.2 -29680 14754
831 140 2.2 -30172 14924
842 140 2.2 -29624 14728
853 140 2.2 -30116 15272
864 140 2.2 -30552 15424
875 140 2.2 -30144 15064
886 140 2.2 -30132 15054
897 140 2.2 -30012 15008
909 140 2.2 -29896 15272
921 140 2.2 -30832 15916
933 140 2.2 -30820 16000
945 140 2.2 -30912 15862
957 140 2.2 -30712 15806
969 140 2.2 -30940 15822
982 140 2.2 -30836 15744
994 140 2.2 -30664 15914
1007 140 2.2 -30660 15924
1020 140 2.2 -30664 15552
1033 140 2.2 -29960 15128
1047 140 2.2 -29824 15242
1060 140 2.2 -30532 15614
1074 140 2.2 -30856 15948
1088 140 2.2 -30568 16026
1102 140 2.2 -30760 15754
1116 140 2.2 -29948 15292
1130 140 2.2 -30468 15460
1145 140 2.2 -30716 15944
1160 140 2.2 -30204 15610
1174 140 2.2 -31188 16010
1190 140 2.2 -29764 14818
1205 140 2.2 -29972 14886
1220 140 2.2 -30004 15170
1236 140 2.2 -30068 15024
1252 140 2.2 -29900 15216
1268 140 2.2 -30136 15408
1285 140 2.2 -30156 15488
1301 140 2.2 -30208 15498
1318 140 2.2 -30504 15716
1335 140 2.2 -30144 15272
1352 140 2.2 -30556 15678
1370 140 2.2 -30076 15152
1387 140 2.2 -30160 15632
1405 140 2.2 -29888 15356
1423 140 2.2 -30148 15656
1442 140 2.2 -30624 15998
1460 140 2.2 -30560 15874
1479 140 2.2 -30768 15766
1498 140 2.2 -30072 15632
1517 140 2.2 -30144 15264
1537 140 2.2 -30452 14940
1557 140 2.2 -29928 15024
1577 140 2.2 -30372 15374
1597 140 2.2 -30004 15248
1618 140 2.2 -30236 15586
1639 140 2.2 -30704 15964
1660 140 2.2 -30572 15792
1681 140 2.2 -30152 15696
1703 140 2.2 -30528 15864
1725 140 2.2 -30316 15600
1747 140 2.2 -30468 15588
1770 140 2.2 -30992 16202
1792 140 2.2 -30256 15772
1816 140 2.2 -30884 16128
1839 140 2.2 -30148 15586
1863 140 2.2 -30104 15360
1887 140 2.2 -30628 15866
1911 140 2.2 -30432 15704
1936 140 2.2 -30556 15960
1961 140 2.2 -30108 15630
1986 140 2.2 -30428 15686
2012 140 2.2 -30436 15534
2037 140 2.2 -29916 15146
2064 140 2.2 -30196 15252
2090 140 2.2 -30148 15508
2117 140 2.2 -30728 15976
2145 140 2.2 -30572 15764
2172 140 2.2 -30188 15560
2200 140 2.2 -29908 15394
2229 140 2.2 -30572 15726
2257 140 2.2 -30004 15294
2286 140 2.2 -30012 14956
2316 140 2.2 -30624 15536
2346 140 2.2 -30140 15062
2376 140 2.2 -30304 15348
2407 140 2.2 -30116 15072
2438 140 2.2 -29964 15154
2469 140 2.2 -30060 15316
2501 140 2.2 -30840 15572
2533 140 2.2 -30440 15748
2566 140 2.2 -30612 15824
2599 140 2.2 -30864 16002
2633 140 2.2 -29952 15430
2667 140 2.2 -30808 15800
2701 140 2.2 -30740 15766
2736 140 2.2 -31512 16232
2771 140 2.2 -30584 15846
2807 140 2.2 -30440 15684
2843 140 2.2 -30776 15994
2880 140 2.2 -30424 15598
2917 140 2.2 -30308 15828
2954 140 2.2 -29972 14984
2992 140 2.2 -30332 15476
3031 140 2.2 -30400 15190
3070 140 2.2 -30376 15510
3110 140 2.2 -29748 15074
3150 140 2.2 -30388 15448
3190 140 2.2 -30704 15392
3232 140 2.2 -29660 14782
3273 140 2.2 -30228 14750
3315 140 2.2 -30160 14534
3358 140 2.2 -29756 14600
3402 140 2.2 -30380 15170
3445 140 2.2 -30172 14788
3490 140 2.2 -29880 14702
3535 140 2.2 -30356 15082
3580 140 2.2 -30136 14990
3627 140 2.2 -30232 14682
3673 140 2.2 -29992 14736
3721 140 2.2 -31028 16084
3769 140 2.2 -31016 16000
3817 140 2.2 -30580 15724
3867 140 2.2 -30872 16010
3916 140 2.2 -30336 15610
3967 140 2.2 -30456 15486
4018 140 2.2 -30424 15694
4070 140 2.2 -30044 15770
4122 140 2.2 -30292 15490
4176 140 2.2 -30848 15912
4229 140 2.2 -29884 15094
4284 140 2.2 -31412 16324
4339 140 2.2 -30732 15702
4395 140 2.2 -30276 15574
4452 140 2.2 -29172 14312
4509 140 2.2 -30668 15424
4567 140 2.2 -30492 15166
4626 140 2.2 -30644 15134
4686 140 2.2 -29908 14450
4746 140 2.2 -30408 15046
4808 140 2.2 -30420 14912
4870 140 2.2 -30076 14982
4932 140 2.2 -30544 14886
4996 140 2.2 -29940 14654
5060 140 2.2 -30256 15158
5126 140 2.2 -29780 14964
5192 140 2.2 -30544 15432
5259 140 2.2 -30216 15206
5327 140 2.2 -30116 15482
5395 140 2.2 -30640 15758
5465 140 2.2 -31180 16032
5535 140 2.2 -30036 15200
5607 140 2.2 -30268 15392
5679 140 2.2 -29936 15026
5752 140 2.2 -30200 14958
5826 140 2.2 -30804 15514
5902 140 2.2 -29984 14494
5978 140 2.2 -30396 15294
6055 140 2.2 -30844 15696
6133 140 2.2 -29972 15408
6212 140 2.2 -30084 14876
6292 140 2.2 -30712 15930
6373 140 2.2 -30704 15970
6455 140 2.2 -30464 15692
6539 140 2.2 -30852 16108
6623 140 2.2 -30136 15444
6708 140 2.2 -30064 15408
6795 140 2.2 -30336 14986
6883 140 2.2 -29824 15020
6971 140 2.2 -29532 14726
7061 140 2.2 -30364 15586
7152 140 2.2 -30316 15672
7245 140 2.2 -30296 15360
7338 140 2.2 -29728 14980
7433 140 2.2 -30152 15260
7529 140 2.2 -30276 15390
7626 140 2.2 -30344 15326
7724 140 2.2 -30632 15658
7824 140 2.2 -30236 15798
7925 140 2.2 -31108 16256
8027 140 2.2 -30676 15834
8130 140 2.2 -30440 15982
8235 140 2.2 -30256 15662
8341 140 2.2 -30836 15998
8449 140 2.2 -30468 15746
8558 140 2.2 -30108 15118
8668 140 2.2 -30688 15326
8780 140 2.2 -30172 15128
8893 140 2.2 -30264 15008
9008 140 2.2 -29772 15058
9124 140 2.2 -29948 14826
9242 140 2.2 -30244 15602
9361 140 2.2 -30148 15002
9482 140 2.2 -30384 15534
9604 140 2.2 -29820 15022
9728 140 2.2 -29920 14762
9853 140 2.2 -30428 15562
9980 140 2.2 -30576 15906
10109 140 2.2 -30716 15916
10240 140 2.2 -30680 15844
10372 140 2.2 -30648 15762
10505 140 2.2 -30484 15596
10641 140 2.2 -31016 16030
10778 140 2.2 -30472 15986
10917 140 2.2 -30780 15790
11058 140 2.2 -30976 15558
11201 140 2.2 -30764 15712
11345 140 2.2 -30396 15718
11491 140 2.2 -30552 15732
11640 140 2.2 -29812 15008
11790 140 2.2 -30668 15944
11942 140 2.2 -30288 15270
12096 140 2.2 -29864 15290
12252 140 2.2 -30696 15824
12410 140 2.2 -29768 14372
12570 140 2.2 -30292 15410
12732 140 2.2 -30632 15948
12896 140 2.2 -29940 15226
13062 140 2.2 -30612 15998
13231 140 2.2 -29716 15168
13402 140 2.2 -29792 14404
13574 140 2.2 -30588 15790
13750 140 2.2 -30424 15626
13927 140 2.2 -29768 15154
14106 140 2.2 -29816 15100
14288 140 2.2 -29704 14392
14473 140 2.2 -30228 15478
14659 140 2.2 -29880 15076
14848 140 2.2 -29872 14952
15040 140 2.2 -30240 15150
15234 140 2.2 -30052 15192
15430 140 2.2 -30852 15758
15629 140 2.2 -30652 15822
15831 140 2.2 -30156 15300
16035 140 2.2 -30120 15430
16242 140 2.2 -30404 15676
16451 140 2.2 -29904 15032
16664 140 2.2 -29920 15666
16879 140 2.2 -30624 16082
17096 140 2.2 -30372 15548
17317 140 2.2 -29904 14154
17540 140 2.2 -29156 12930
17766 140 2.2 -29648 13048
17995 140 2.2 -30668 14648
18228 140 2.2 -29936 14676
18463 140 2.2 -29476 14048
18701 140 2.2 -30288 14900
18942 140 2.2 -29736 15320
19186 140 2.2 -30728 15894
19434 140 2.2 -30552 15338
19684 140 2.2 -30644 15732
19938 140 2.2 -30484 15696
20195 140 2.2 -30500 15724
20456 140 2.2 -30512 15408
20720 140 2.2 -30548 15356
20987 140 2.2 -30456 15916
21258 140 2.2 -30528 15516
21532 140 2.2 -30436 15912
21810 140 2.2 -30912 15502
22091 140 2.2 -29928 15286
22376 140 2.2 -30928 15948
22664 140 2.2 -30720 15712
22957 140 2.2 -30104 15332
23253 140 2.2 -30228 15568
23553 140 2.2 -30364 15624
23856 140 2.2 -30044 14904
24164 140 2.2 -30740 15802
24476 140 2.2 -30428 15350
24791 140 2.2 -30452 15600
25111 140 2.2 -30796 16000
25435 140 2.2 -29948 15074
25763 140 2.2 -30100 15466
26095 140 2.2 -30344 15746
26432 140 2.2 -30404 15480
26773 140 2.2 -30720 15904
27118 140 2.2 -30624 14346
27468 140 2.2 -30680 15722
27822 140 2.2 -30496 15334
28181 140 2.2 -30404 15466
28545 140 2.2 -29856 14848
28913 140 2.2 -30700 15576
29286 140 2.2 -30528 15432
29663 140 2.2 -30120 15428
30046 140 2.2 -30172 14924
30434 140 2.2 -30160 15398
30826 140 2.2 -30464 15866
31224 140 2.2 -29796 14610
31626 140 2.2 -30400 14910
32034 140 2.2 -30204 15002
32447 140 2.2 -30804 15762
32866 140 2.2 -29868 15068
33290 140 2.2 -30500 15034
33719 140 2.2 -30592 15988
34154 140 2.2 -30304 15414
34595 140 2.2 -30472 15470
35041 140 2.2 -29856 15066
35493 140 2.2 -30436 15772
35951 140 2.2 -30244 15258
36414 140 2.2 -30236 15044
36884 140 2.2 -30000 14318
37360 140 2.2 -30300 15392
37841 140 2.2 -29688 14668
38330 140 2.2 -30136 15042
38824 140 2.2 -30652 15530
39325 140 2.2 -29976 14992
39832 140 2.2 -30192 15260
40346 140 2.2 -29852 14948
40866 140 2.2 -30292 14940
41393 140 2.2 -30700 15744
41927 140 2.2 -30220 15226
42468 140 2.2 -30360 15558
43015 140 2.2 -30316 15480
43570 140 2.2 -30268 15292
44132 140 2.2 -30408 15556
44701 140 2.2 -29780 15050
45278 140 2.2 -30644 15820
45862 140 2.2 -30128 15314
46453 140 2.2 -29644 14164
47053 140 2.2 -30436 14972
47660 140 2.2 -30292 15592
48274 140 2.2 -30268 15490
48897 140 2.2 -30088 15396
49528 140 2.2 -29308 14478
50166 140 2.2 -30500 15652
50813 140 2.2 -31004 16188
51469 140 2.2 -30908 15704
52133 140 2.2 -30420 15398
52805 140 2.2 -30464 15416
53486 140 2.2 -30720 15842
54176 140 2.2 -30520 15554
54875 140 2.2 -30000 14998
55582 140 2.2 -30036 14948
56299 140 2.2 -30452 15562
57025 140 2.2 -29980 15086
57761 140 2.2 -30392 15470
58506 140 2.2 -30636 15796
59261 140 2.2 -29944 15248
60025 140 2.2 -30188 14946
60799 140 2.2 -31012 16010
61583 140 2.2 -30012 15240
62378 140 2.2 -29608 14756
63182 140 2.2 -30524 15434
63997 140 2.2 -30248 15332
64822 140 2.2 -30432 15586
65658 140 2.2 -30712 15930
66505 140 2.2 -30032 14308
67363 140 2.2 -30516 15162
68232 140 2.2 -30652 15814
69112 140 2.2 -30036 15028
70003 140 2.2 -30020 14836
70906 140 2.2 -30184 15278
71821 140 2.2 -30452 15806
72747 140 2.2 -30172 15008
73685 140 2.2 -30928 15882
74636 140 2.2 -30036 15528
75599 140 2.2 -30732 15674
76574 140 2.2 -29916 15298
77561 140 2.2 -30032 15398
78562 140 2.2 -30016 15402
79575 140 2.2 -30704 15818
80601 140 2.2 -31056 15922
81641 140 2.2 -31184 16156
82694 140 2.2 -30684 15852
83760 140 2.2 -29496 14782
84841 140 2.2 -30124 15506
85935 140 2.2 -30208 14616
87043 140 2.2 -30684 15650
88166 140 2.2 -30756 15888
89303 140 2.2 -30376 15232
90455 140 2.2 -30764 15774
91622 140 2.2 -30240 15680
92803 140 2.2 -30304 15230
94000 140 2.2 -29992 14776
95213 140 2.2 -30356 15436
96441 140 2.2 -30396 15750
97685 140 2.2 -30176 15552
98945 140 2.2 -29712 15050
100221 140 2.2 -30684 15874
101513 140 2.2 -30208 15198
102823 140 2.2 -29924 15164
104149 140 2.2 -30820 16098
105492 140 2.2 -30280 15052
106853 140 2.2 -30616 15642
108231 140 2.2 -30208 15316
109627 140 2.2 -30520 15872
111041 140 2.2 -29904 14944
112473 140 2.2 -30092 15554
113924 140 2.2 -30484 15370
115393 140 2.2 -30444 15384
116882 140 2.2 -30436 15672
118389 140 2.2 -30596 15630
119916 140 2.2 -30148 15478
121463 140 2.2 -30796 15648
123029 140 2.2 -30004 15316
124616 140 2.2 -30576 15820
126224 140 2.2 -30016 15066
127852 140 2.2 -30392 15810
129501 140 2.2 -30088 15352
131171 140 2.2 -30508 16000
132863 140 2.2 -30868 16120
134576 140 2.2 -30432 15714
136312 140 2.2 -30768 16134
138070 140 2.2 -30908 15856
139851 140 2.2 -29844 15110
141655 140 2.2 -30008 14848
143482 140 2.2 -30112 15156
145333 140 2.2 -30744 15444
147207 140 2.2 -30604 15668
149106 140 2.2 -30492 15312
151029 140 2.2 -30252 15128
152977 140 2.2 -30544 15072
154950 140 2.2 -30964 15716
156948 140 2.2 -30368 15436
158973 140 2.2 -29932 15612
161023 140 2.2 -31156 16048
163100 140 2.2 -31028 15920
165204 140 2.2 -29824 15090
167334 140 2.2 -30756 15742
169493 140 2.2 -30056 15478
171679 140 2.2 -30736 15800
173893 140 2.2 -30540 15810
176136 140 2.2 -30060 15360
178408 140 2.2 -30224 15466
180709 140 2.2 -30676 15658
183040 140 2.2 -30408 15142
185400 140 2.2 -30480 15168
187792 140 2.2 -30352 15124
190214 140 2.2 -30216 15046
192667 140 2.2 -30600 15534
195152 140 2.2 -30884 16056
197669 140 2.2 -30356 15098
200219 140 2.2 -30232 15060
202801 140 2.2 -30760 15986
205417 140 2.2 -30436 15220
208066 140 2.2 -30740 15444
210750 140 2.2 -30380 15450
213468 140 2.2 -30228 15128
216222 140 2.2 -30624 16024
219010 140 2.2 -30468 15624
221835 140 2.2 -30784 15874
224696 140 2.2 -30120 14702
227595 140 2.2 -30460 15642
230530 140 2.2 -29936 14602
233503 140 2.2 -30432 15506
236515 140 2.2 -31080 16226
239566 140 2.2 -30288 15656
242656 140 2.2 -30380 15656
245785 140 2.2 -31268 16204
248956 140 2.2 -29796 14420
252167 140 2.2 -30368 15326
255419 140 2.2 -29840 15396
258713 140 2.2 -30052 14992
262050 140 2.2 -30596 15584
265430 140 2.2 -30316 14962
268854 140 2.2 -30288 15556
272321 140 2.2 -30656 15680
275834 140 2.2 -30624 15250
279391 140 2.2 -30400 15602
282995 140 2.2 -30496 15658
286645 140 2.2 -29784 15246
290342 140 2.2 -30440 15712
294087 140 2.2 -30268 15642
297880 140 2.2 -30860 15656
301722 140 2.2 -30408 14328
305614 140 2.2 -30232 15510
309556 140 2.2 -30236 14926
313548 140 2.2 -30484 15206
317592 140 2.2 -30640 15798
321689 140 2.2 -30376 15502
325838 140 2.2 -30000 15242
330040 140 2.2 -29996 15366
334297 140 2.2 -29824 13808
338609 140 2.2 -30412 15460
342976 140 2.2 -30436 15022
347400 140 2.2 -30576 15674
351881 140 2.2 -30664 15834
356419 140 2.2 -29772 15202
361016 140 2.2 -30076 15300
365673 140 2.2 -30268 15354
370389 140 2.2 -30312 15168
375167 140 2.2 -29980 15444
380005 140 2.2 -30252 15298
384907 140 2.2 -30132 15036
389871 140 2.2 -29772 14854
394900 140 2.2 -30540 15746
399993 140 2.2 -30548 15626
405152 140 2.2 -29924 15062
410378 140 2.2 -29920 14930
415671 140 2.2 -30172 15098
421032 140 2.2 -30272 15540
426463 140 2.2 -30692 15354
431963 140 2.2 -29804 14946
437535 140 2.2 -31112 16078
443178 140 2.2 -30080 15156
448894 140 2.2 -29516 15038
454684 140 2.2 -30160 15040
460548 140 2.2 -30292 15312
466489 140 2.2 -30132 15066
472505 140 2.2 -30384 15418
478600 140 2.2 -29948 15134
484773 140 2.2 -29904 13410
491025 140 2.2 -30280 15104
497358 140 2.2 -30272 15274
503773 140 2.2 -29772 14994
510271 140 2.2 -30400 15654
516852 140 2.2 -30732 15806
523519 140 2.2 -30236 15056
530271 140 2.2 -30600 15702
537111 140 2.2 -30628 15144
544038 140 2.2 -30240 15512
551055 140 2.2 -30136 15160
558163 140 2.2 -29664 14772
565362 140 2.2 -31056 16118
572654 140 2.2 -30196 14988
580040 140 2.2 -30048 15242
587521 140 2.2 -30668 15848
595099 140 2.2 -30308 15510
602775 140 2.2 -30376 15758
610549 140 2.2 -30780 15442
618424 140 2.2 -30556 15596
626400 140 2.2 -30652 15662
634480 140 2.2 -30240 14996
642663 140 2.2 -30016 15248
650952 140 2.2 -29428 14494
659348 140 2.2 -31080 16100
667853 140 2.2 -29440 14710
676467 140 2.2 -29616 14964
685192 140 2.2 -30228 15400
694029 140 2.2 -30452 15712
702981 140 2.2 -30372 15160
712048 140 2.2 -30220 15366
721232 140 2.2 -30232 15532
730534 140 2.2 -30672 15682
739957 140 2.2 -30132 15194
749500 140 2.2 -30548 15832
759168 140 2.2 -30240 15534
768959 140 2.2 -30052 15098
778877 140 2.2 -30616 15888
788923 140 2.2 -30056 14624
799099 140 2.2 -29980 15220
809405 140 2.2 -29920 14606
819845 140 2.2 -31212 16376
830419 140 2.2 -29400 14862
841130 140 2.2 -30076 15284
851979 140 2.2 -30676 15670
862968 140 2.2 -30420 15494
874098 140 2.2 -30296 14970
885373 140 2.2 -30056 15232
896792 140 2.2 -30364 15306
908359 140 2.2 -29752 14834
920075 140 2.2 -30660 15976
931942 140 2.2 -30480 15428
943962 140 2.2 -30524 15690
956137 140 2.2 -31420 16038
968470 140 2.2 -30084 15438
980961 140 2.2 -30104 14700
993613 140 2.2 -30972 15970
999999 140 2.2 -30268 15132
