3 100 2.2 -17320 9168
4 100 2.2 -16912 9010
5 100 2.2 -16700 8878
6 100 2.2 -16584 8816
7 100 2.2 -16276 8644
8 100 2.2 -16184 8596
9 100 2.2 -16036 8516
10 100 2.2 -15896 8406
11 100 2.2 -15996 8438
12 100 2.2 -15784 8350
13 100 2.2 -15764 8320
14 100 2.2 -15624 8280
15 100 2.2 -15244 8068
16 100 2.2 -15240 8042
17 100 2.2 -15532 8112
18 100 2.2 -15484 8054
19 100 2.2 -15572 8082
20 100 2.2 -15396 8058
21 100 2.2 -15300 7968
22 100 2.2 -15320 7964
23 100 2.2 -15512 8072
24 100 2.2 -15496 8032
25 100 2.2 -15668 8122
26 100 2.2 -15772 8132
27 100 2.2 -15920 8236
28 100 2.2 -15512 8092
29 100 2.2 -15444 8010
30 100 2.2 -15196 7892
31 100 2.2 -15148 7850
32 100 2.2 -15364 7950
33 100 2.2 -15500 7990
34 100 2.2 -15396 8038
35 100 2.2 -15512 7994
36 100 2.2 -15696 8094
37 100 2.2 -15736 8122
38 100 2.2 -15928 8146
39 100 2.2 -16008 8230
40 100 2.2 -15872 8222
41 100 2.2 -15880 8188
42 100 2.2 -15620 8118
43 100 2.2 -15552 8156
44 100 2.2 -15476 8146
45 100 2.2 -15452 8096
46 100 2.2 -15764 8214
47 100 2.2 -15532 8048
48 100 2.2 -15440 7980
49 100 2.2 -15524 8028
50 100 2.2 -15576 8100
51 100 2.2 -15428 8072
52 100 2.2 -15432 8008
53 100 2.2 -15736 8090
54 100 2.2 -15392 7902
55 100 2.2 -15276 7848
56 100 2.2 -15112 7776
57 100 2.2 -15244 7818
58 100 2.2 -15048 7782
59 100 2.2 -15052 7854
60 100 2.2 -15100 7912
61 100 2.2 -15060 7948
62 100 2.2 -15344 7990
63 100 2.2 -15580 8148
64 100 2.2 -15668 8142
65 100 2.2 -15624 8112
66 100 2.2 -15636 8120
67 100 2.2 -15372 7934
68 100 2.2 -15352 7952
69 100 2.2 -15508 8006
70 100 2.2 -15708 8056
71 100 2.2 -15700 8020
72 100 2.2 -15620 7982
73 100 2.2 -15456 7924
74 100 2.2 -15404 7750
75 100 2.2 -15428 7736
76 100 2.2 -15528 7792
77 100 2.2 -15548 7740
78 100 2.2 -15548 7732
79 100 2.2 -15464 7710
80 100 2.2 -15396 7684
81 100 2.2 -15288 7652
82 100 2.2 -15568 7758
83 100 2.2 -15456 7856
84 100 2.2 -15476 7910
85 100 2.2 -15724 7960
86 100 2.2 -15832 7960
88 100 2.2 -15492 7914
89 100 2.2 -15488 7810
90 100 2.2 -15452 7804
91 100 2.2 -15472 7822
92 100 2.2 -15200 7710
93 100 2.2 -15080 7752
95 100 2.2 -15692 8034
96 100 2.2 -15664 7998
97 100 2.2 -15360 7878
98 100 2.2 -15576 7994
99 100 2.2 -15612 8012
101 100 2.2 -15676 8046
102 100 2.2 -15596 7966
103 100 2.2 -15440 7894
105 100 2.2 -15592 8032
106 100 2.2 -15420 8096
107 100 2.2 -15240 7986
109 100 2.2 -15276 7970
110 100 2.2 -15176 7874
112 100 2.2 -15496 8082
113 100 2.2 -15204 7938
114 100 2.2 -15172 7902
116 100 2.2 -15288 7854
117 100 2.2 -15152 7828
119 100 2.2 -15648 8028
120 100 2.2 -15388 7910
122 100 2.2 -15604 8002
124 100 2.2 -15704 8106
125 100 2.2 -15492 8020
127 100 2.2 -15428 7988
128 100 2.2 -15672 8012
130 100 2.2 -15568 7966
132 100 2.2 -15680 8170
133 100 2.2 -15684 8188
135 100 2.2 -15364 8042
137 100 2.2 -15724 8122
139 100 2.2 -15284 7966
140 100 2.2 -15436 7978
142 100 2.2 -15380 8016
144 100 2.2 -15620 8104
146 100 2.2 -15512 8096
148 100 2.2 -15596 7982
150 100 2.2 -15672 7968
152 100 2.2 -15572 8020
154 100 2.2 -15340 7996
155 100 2.2 -15328 8000
157 100 2.2 -15744 8174
160 100 2.2 -15820 8220
162 100 2.2 -15860 8286
164 100 2.2 -15636 8198
166 100 2.2 -16396 8448
168 100 2.2 -15740 8206
170 100 2.2 -15616 8072
172 100 2.2 -16068 8306
174 100 2.2 -15480 8050
177 100 2.2 -15644 8070
179 100 2.2 -15572 8010
181 100 2.2 -15288 7836
184 100 2.2 -15564 7910
186 100 2.2 -15440 7904
188 100 2.2 -15396 7992
191 100 2.2 -15308 8062
193 100 2.2 -15484 8126
196 100 2.2 -15084 8024
198 100 2.2 -15528 8126
201 100 2.2 -15620 8176
203 100 2.2 -15756 8172
206 100 2.2 -15448 8092
209 100 2.2 -15764 8176
211 100 2.2 -16228 8338
214 100 2.2 -16084 8372
217 100 2.2 -15804 8328
220 100 2.2 -15908 8272
222 100 2.2 -15912 8288
225 100 2.2 -15688 8302
228 100 2.2 -15960 8346
231 100 2.2 -15692 8196
234 100 2.2 -15584 8292
237 100 2.2 -15380 8020
240 100 2.2 -15372 7990
243 100 2.2 -15312 7904
246 100 2.2 -15112 7860
250 100 2.2 -15116 7818
253 100 2.2 -15064 7796
256 100 2.2 -15164 7732
259 100 2.2 -15184 7868
263 100 2.2 -15392 7810
266 100 2.2 -15544 7920
269 100 2.2 -15700 8192
273 100 2.2 -15796 8136
276 100 2.2 -15792 8216
280 100 2.2 -15628 8108
284 100 2.2 -15880 8134
287 100 2.2 -16032 8182
291 100 2.2 -15788 8018
295 100 2.2 -15748 8134
298 100 2.2 -15756 8038
302 100 2.2 -15600 8116
306 100 2.2 -15664 8086
310 100 2.2 -15444 8078
314 100 2.2 -15252 7848
318 100 2.2 -15692 8146
322 100 2.2 -15424 8066
326 100 2.2 -15716 8104
331 100 2.2 -15660 8222
335 100 2.2 -15552 8156
339 100 2.2 -15568 8098
344 100 2.2 -15792 8252
348 100 2.2 -15368 7966
352 100 2.2 -15880 8080
357 100 2.2 -15568 8116
362 100 2.2 -15848 8204
366 100 2.2 -15520 7884
371 100 2.2 -15404 7900
376 100 2.2 -15588 7948
381 100 2.2 -15388 7838
385 100 2.2 -15492 7964
390 100 2.2 -15640 7960
395 100 2.2 -15248 7798
401 100 2.2 -15312 7880
406 100 2.2 -15424 7828
411 100 2.2 -15316 7712
416 100 2.2 -15428 7716
422 100 2.2 -15360 7822
427 100 2.2 -15724 8044
433 100 2.2 -15136 7856
438 100 2.2 -15412 7994
444 100 2.2 -15168 7896
449 100 2.2 -15624 8014
455 100 2.2 -15652 8074
461 100 2.2 -15796 8172
467 100 2.2 -15360 7916
473 100 2.2 -15380 8016
479 100 2.2 -15432 8022
485 100 2.2 -15656 8026
492 100 2.2 -15156 7756
498 100 2.2 -15532 7892
504 100 2.2 -15964 8048
511 100 2.2 -15648 8074
517 100 2.2 -15524 7942
524 100 2.2 -15496 7918
531 100 2.2 -15536 7868
538 100 2.2 -15516 7676
545 100 2.2 -15256 7530
552 100 2.2 -15236 7662
559 100 2.2 -15140 7546
566 100 2.2 -15272 7672
573 100 2.2 -15368 7646
581 100 2.2 -15628 7738
588 100 2.2 -15492 7664
596 100 2.2 -15252 7632
603 100 2.2 -15308 7720
611 100 2.2 -15360 7782
619 100 2.2 -15476 7814
627 100 2.2 -15544 7826
635 100 2.2 -15696 8018
643 100 2.2 -15412 8052
652 100 2.2 -15184 7796
660 100 2.2 -15668 8090
668 100 2.2 -15672 8028
677 100 2.2 -15580 8060
686 100 2.2 -15680 8172
695 100 2.2 -15500 8054
704 100 2.2 -15492 8210
713 100 2.2 -15584 8234
722 100 2.2 -15752 8318
731 100 2.2 -15156 7794
741 100 2.2 -15240 7730
750 100 2.2 -15376 7782
760 100 2.2 -15460 7922
770 100 2.2 -15260 7724
780 100 2.2 -15480 7792
790 100 2.2 -15092 7652
800 100 2.2 -15580 8000
810 100 2.2 -15996 8168
821 100 2.2 -15492 8012
831 100 2.2 -15756 8180
842 100 2.2 -15484 7976
853 100 2.2 -15576 8138
864 100 2.2 -15804 8136
875 100 2.2 -15524 8060
886 100 2.2 -15572 7948
897 100 2.2 -15440 7920
909 100 2.2 -15168 7880
921 100 2.2 -15476 8050
933 100 2.2 -15488 7946
945 100 2.2 -15864 8066
957 100 2.2 -15016 7558
969 100 2.2 -14932 7314
982 100 2.2 -15048 7458
994 100 2.2 -14996 7556
1007 100 2.2 -15656 7912
1020 100 2.2 -15340 7572
1033 100 2.2 -15232 7594
1047 100 2.2 -15464 7490
1060 100 2.2 -15320 7490
1074 100 2.2 -15368 7782
1088 100 2.2 -15116 7528
1102 100 2.2 -15408 7872
1116 100 2.2 -15432 7884
1130 100 2.2 -15796 7994
1145 100 2.2 -15652 7852
1160 100 2.2 -15472 7710
1174 100 2.2 -15452 7930
1190 100 2.2 -15768 7934
1205 100 2.2 -15424 7834
1220 100 2.2 -15860 8206
1236 100 2.2 -15768 8212
1252 100 2.2 -15952 8322
1268 100 2.2 -15768 7996
1285 100 2.2 -15548 7950
1301 100 2.2 -15440 7990
1318 100 2.2 -15816 8186
1335 100 2.2 -15816 8192
1352 100 2.2 -15828 8296
1370 100 2.2 -15352 8120
1387 100 2.2 -15608 8004
1405 100 2.2 -15976 8280
1423 100 2.2 -15920 8236
1442 100 2.2 -15688 8208
1460 100 2.2 -15444 8016
1479 100 2.2 -15640 8134
1498 100 2.2 -16016 8368
1517 100 2.2 -15656 8102
1537 100 2.2 -15416 7890
1557 100 2.2 -15484 7832
1577 100 2.2 -15496 8036
1597 100 2.2 -15412 7794
1618 100 2.2 -15376 8072
1639 100 2.2 -15764 8288
1660 100 2.2 -15928 8266
1681 100 2.2 -15488 7952
1703 100 2.2 -15388 7808
1725 100 2.2 -15460 7696
1747 100 2.2 -15244 7712
1770 100 2.2 -15344 7814
1792 100 2.2 -15508 7788
1816 100 2.2 -15492 7860
1839 100 2.2 -15864 8274
1863 100 2.2 -15436 8032
1887 100 2.2 -15540 7956
1911 100 2.2 -15204 7910
1936 100 2.2 -15584 8122
1961 100 2.2 -15364 8016
1986 100 2.2 -15584 7968
2012 100 2.2 -15704 8042
2037 100 2.2 -15756 8102
2064 100 2.2 -15388 7888
2090 100 2.2 -15520 8116
2117 100 2.2 -16036 8430
2145 100 2.2 -15668 8234
2172 100 2.2 -15432 8116
2200 100 2.2 -15656 8040
2229 100 2.2 -15804 7998
2257 100 2.2 -15408 7658
2286 100 2.2 -15276 7588
2316 100 2.2 -15504 7400
2346 100 2.2 -15292 7404
2376 100 2.2 -15276 7384
2407 100 2.2 -15224 7290
2438 100 2.2 -15244 7380
2469 100 2.2 -15508 7668
2501 100 2.2 -15012 7494
2533 100 2.2 -15276 7114
2566 100 2.2 -15040 7384
2599 100 2.2 -15552 7806
2633 100 2.2 -15056 7456
2667 100 2.2 -15216 7568
2701 100 2.2 -15268 7856
2736 100 2.2 -15432 8086
2771 100 2.2 -15896 8354
2807 100 2.2 -15788 8220
2843 100 2.2 -15628 8244
2880 100 2.2 -15868 8176
2917 100 2.2 -15888 8378
2954 100 2.2 -15264 7846
2992 100 2.2 -15528 8108
3031 100 2.2 -15220 7550
3070 100 2.2 -15664 7858
3110 100 2.2 -15292 7778
3150 100 2.2 -14968 7622
3190 100 2.2 -15868 8138
3232 100 2.2 -15716 8188
3273 100 2.2 -15516 7978
3315 100 2.2 -15544 7966
3358 100 2.2 -15796 7980
3402 100 2.2 -15380 7900
3445 100 2.2 -15424 8058
3490 100 2.2 -15480 7962
3535 100 2.2 -15396 7278
3580 100 2.2 -15200 7588
3627 100 2.2 -15392 7756
3673 100 2.2 -15860 8392
3721 100 2.2 -15420 7868
3769 100 2.2 -15684 7922
3817 100 2.2 -15412 7850
3867 100 2.2 -15472 7768
3916 100 2.2 -15276 7822
3967 100 2.2 -15596 8124
4018 100 2.2 -15496 7936
4070 100 2.2 -15668 8168
4122 100 2.2 -15064 7498
4176 100 2.2 -15376 7782
4229 100 2.2 -15472 7700
4284 100 2.2 -15584 8084
4339 100 2.2 -15652 7772
4395 100 2.2 -15252 7812
4452 100 2.2 -15476 7898
4509 100 2.2 -15528 7974
4567 100 2.2 -15404 7584
4626 100 2.2 -15036 7282
4686 100 2.2 -15292 7674
4746 100 2.2 -15580 8002
4808 100 2.2 -15544 7968
4870 100 2.2 -14916 7294
4932 100 2.2 -15212 7476
4996 100 2.2 -15436 7972
5060 100 2.2 -15604 8092
5126 100 2.2 -15444 7992
5192 100 2.2 -15004 7616
5259 100 2.2 -15640 8092
5327 100 2.2 -15624 8030
5395 100 2.2 -15452 7804
5465 100 2.2 -15252 7582
5535 100 2.2 -15536 7878
5607 100 2.2 -15556 7980
5679 100 2.2 -15568 8074
5752 100 2.2 -15248 7808
5826 100 2.2 -15148 7580
5902 100 2.2 -15244 7548
5978 100 2.2 -16056 8476
6055 100 2.2 -15344 7910
6133 100 2.2 -15412 7676
6212 100 2.2 -15412 7860
6292 100 2.2 -15412 7736
6373 100 2.2 -15584 8040
6455 100 2.2 -15572 7970
6539 100 2.2 -15400 7648
6623 100 2.2 -15928 8280
6708 100 2.2 -15136 7734
6795 100 2.2 -15128 7964
6883 100 2.2 -15708 8226
6971 100 2.2 -15836 8318
7061 100 2.2 -15736 8192
7152 100 2.2 -15088 7758
7245 100 2.2 -15288 7680
7338 100 2.2 -15680 8106
7433 100 2.2 -15508 8096
7529 100 2.2 -15908 8262
7626 100 2.2 -15460 7668
7724 100 2.2 -15584 7552
7824 100 2.2 -15264 7474
7925 100 2.2 -15700 8006
8027 100 2.2 -15420 7842
8130 100 2.2 -15472 8028
8235 100 2.2 -15284 7778
8341 100 2.2 -15500 8014
8449 100 2.2 -15680 8106
8558 100 2.2 -15496 7824
8668 100 2.2 -15632 8006
8780 100 2.2 -15316 7676
8893 100 2.2 -15656 7866
9008 100 2.2 -15848 7922
9124 100 2.2 -15756 8066
9242 100 2.2 -15308 7978
9361 100 2.2 -15440 8154
9482 100 2.2 -15428 7944
9604 100 2.2 -15412 7716
9728 100 2.2 -15444 7720
9853 100 2.2 -15380 8008
9980 100 2.2 -15740 8030
10109 100 2.2 -15608 7900
10240 100 2.2 -15480 7924
10372 100 2.2 -15044 7640
10505 100 2.2 -15416 7946
10641 100 2.2 -15544 8020
10778 100 2.2 -15780 8114
10917 100 2.2 -15464 8042
11058 100 2.2 -14924 7500
11201 100 2.2 -15528 8218
11345 100 2.2 -15432 7954
11491 100 2.2 -15424 7838
11640 100 2.2 -15004 7276
11790 100 2.2 -15340 7448
11942 100 2.2 -15268 7724
12096 100 2.2 -15540 8018
12252 100 2.2 -15448 7710
12410 100 2.2 -15696 8086
12570 100 2.2 -15356 7766
12732 100 2.2 -15312 7972
12896 100 2.2 -15416 7932
13062 100 2.2 -15288 7804
13231 100 2.2 -15396 7686
13402 100 2.2 -15284 7232
13574 100 2.2 -15364 7528
13750 100 2.2 -15532 7982
13927 100 2.2 -15632 7540
14106 100 2.2 -15416 7912
14288 100 2.2 -15128 7604
14473 100 2.2 -15740 8198
14659 100 2.2 -15136 7624
14848 100 2.2 -15556 7682
15040 100 2.2 -15044 7296
15234 100 2.2 -14668 7232
15430 100 2.2 -15728 7994
15629 100 2.2 -15548 8058
15831 100 2.2 -15412 7600
16035 100 2.2 -15464 8080
16242 100 2.2 -15848 8248
16451 100 2.2 -15452 7948
16664 100 2.2 -15472 8040
16879 100 2.2 -15800 8266
17096 100 2.2 -15312 7662
17317 100 2.2 -15552 8144
17540 100 2.2 -15356 8032
17766 100 2.2 -15744 8288
17995 100 2.2 -15532 8126
18228 100 2.2 -15148 7436
18463 100 2.2 -15452 7702
18701 100 2.2 -14908 7336
18942 100 2.2 -15256 7408
19186 100 2.2 -15368 7288
19434 100 2.2 -15772 7848
19684 100 2.2 -15736 8260
19938 100 2.2 -15172 7768
20195 100 2.2 -15076 7436
20456 100 2.2 -15612 8124
20720 100 2.2 -15404 7778
20987 100 2.2 -15404 7728
21258 100 2.2 -15328 7640
21532 100 2.2 -15900 8364
21810 100 2.2 -15432 7960
22091 100 2.2 -15128 7520
22376 100 2.2 -15544 7716
22664 100 2.2 -15636 8084
22957 100 2.2 -15920 8150
23253 100 2.2 -15412 7722
23553 100 2.2 -14852 7078
23856 100 2.2 -15000 7300
24164 100 2.2 -15000 7444
24476 100 2.2 -15808 8194
24791 100 2.2 -15432 7836
25111 100 2.2 -15384 7792
25435 100 2.2 -15540 7712
25763 100 2.2 -15420 7830
26095 100 2.2 -15444 7806
26432 100 2.2 -15576 8050
26773 100 2.2 -15236 7888
27118 100 2.2 -15404 7680
27468 100 2.2 -15500 7788
27822 100 2.2 -15128 7818
28181 100 2.2 -15496 7732
28545 100 2.2 -15560 7828
28913 100 2.2 -15592 8084
29286 100 2.2 -15876 8074
29663 100 2.2 -15048 7252
30046 100 2.2 -15640 8210
30434 100 2.2 -15588 8134
30826 100 2.2 -15368 7674
31224 100 2.2 -15548 7708
31626 100 2.2 -15092 7504
32034 100 2.2 -15528 8092
32447 100 2.2 -15372 7834
32866 100 2.2 -15280 7958
33290 100 2.2 -15376 7520
33719 100 2.2 -15168 7932
34154 100 2.2 -15704 8208
34595 100 2.2 -15492 7646
35041 100 2.2 -15452 7528
35493 100 2.2 -16036 8044
35951 100 2.2 -15432 7400
36414 100 2.2 -14952 7380
36884 100 2.2 -15688 8204
37360 100 2.2 -15992 7966
37841 100 2.2 -15600 8096
38330 100 2.2 -15408 7654
38824 100 2.2 -14956 7704
39325 100 2.2 -15392 7422
39832 100 2.2 -15336 6910
40346 100 2.2 -15832 8096
40866 100 2.2 -15288 7744
41393 100 2.2 -15632 8190
41927 100 2.2 -15376 7898
42468 100 2.2 -16112 8386
43015 100 2.2 -15020 7272
43570 100 2.2 -16412 8566
44132 100 2.2 -15464 7694
44701 100 2.2 -15208 7752
45278 100 2.2 -15156 7654
45862 100 2.2 -15832 8288
46453 100 2.2 -15440 7796
47053 100 2.2 -14856 7616
47660 100 2.2 -15504 7850
48274 100 2.2 -15576 7618
48897 100 2.2 -15476 7788
49528 100 2.2 -15752 8278
50166 100 2.2 -15644 8068
50813 100 2.2 -15172 8050
51469 100 2.2 -15600 8002
52133 100 2.2 -15392 7684
52805 100 2.2 -16112 8400
53486 100 2.2 -15536 7766
54176 100 2.2 -15612 8072
54875 100 2.2 -16092 8496
55582 100 2.2 -15600 7988
56299 100 2.2 -15508 7894
57025 100 2.2 -15476 7656
57761 100 2.2 -15172 7676
58506 100 2.2 -16168 8556
59261 100 2.2 -15468 8038
60025 100 2.2 -15300 7748
60799 100 2.2 -15544 7964
61583 100 2.2 -15644 8292
62378 100 2.2 -15896 8330
63182 100 2.2 -15484 8082
63997 100 2.2 -15612 8030
64822 100 2.2 -14856 6980
65658 100 2.2 -15404 7882
66505 100 2.2 -15620 7960
67363 100 2.2 -15348 7674
68232 100 2.2 -16124 8412
69112 100 2.2 -15420 7620
70003 100 2.2 -15692 7860
70906 100 2.2 -15544 7920
71821 100 2.2 -15700 8320
72747 100 2.2 -15528 8054
73685 100 2.2 -15524 7714
74636 100 2.2 -15844 8188
75599 100 2.2 -15676 8166
76574 100 2.2 -15812 8156
77561 100 2.2 -15648 8112
78562 100 2.2 -15276 7778
79575 100 2.2 -15784 8162
80601 100 2.2 -15656 8116
81641 100 2.2 -15068 7152
82694 100 2.2 -15932 8108
83760 100 2.2 -15448 7696
84841 100 2.2 -15840 8378
85935 100 2.2 -15228 7738
87043 100 2.2 -15596 8202
88166 100 2.2 -15568 7904
89303 100 2.2 -15704 7936
90455 100 2.2 -15392 7700
91622 100 2.2 -14676 7338
92803 100 2.2 -15700 8034
94000 100 2.2 -15444 8036
95213 100 2.2 -15216 7788
96441 100 2.2 -15152 7320
97685 100 2.2 -15880 8268
98945 100 2.2 -15512 7728
100221 100 2.2 -15460 7978
101513 100 2.2 -15552 8000
102823 100 2.2 -15844 7796
104149 100 2.2 -15244 7892
105492 100 2.2 -15712 8042
106853 100 2.2 -15348 7950
108231 100 2.2 -15844 8192
109627 100 2.2 -15468 7976
111041 100 2.2 -15664 7844
112473 100 2.2 -15044 7466
113924 100 2.2 -15432 8150
115393 100 2.2 -15656 7818
116882 100 2.2 -15512 8056
118389 100 2.2 -15804 8190
119916 100 2.2 -15448 7872
121463 100 2.2 -15500 7852
123029 100 2.2 -15724 7972
124616 100 2.2 -15432 7926
126224 100 2.2 -15656 8104
127852 100 2.2 -15340 8088
129501 100 2.2 -15656 8186
131171 100 2.2 -15244 7528
132863 100 2.2 -15612 7878
134576 100 2.2 -16040 8344
136312 100 2.2 -15312 7722
138070 100 2.2 -15504 7970
139851 100 2.2 -16068 8454
141655 100 2.2 -15092 7026
143482 100 2.2 -15576 8058
145333 100 2.2 -15572 7884
147207 100 2.2 -15684 8040
149106 100 2.2 -15228 7718
151029 100 2.2 -15436 7882
152977 100 2.2 -15392 7622
154950 100 2.2 -15536 7856
156948 100 2.2 -15460 7978
158973 100 2.2 -15636 7828
161023 100 2.2 -15408 7522
163100 100 2.2 -15560 7720
165204 100 2.2 -15428 7796
167334 100 2.2 -15604 8124
169493 100 2.2 -15712 7908
171679 100 2.2 -15436 7848
173893 100 2.2 -15500 8062
176136 100 2.2 -15196 7756
178408 100 2.2 -15572 8250
180709 100 2.2 -15136 7704
183040 100 2.2 -15460 8012
185400 100 2.2 -15440 7870
187792 100 2.2 -15344 7784
190214 100 2.2 -16008 8264
192667 100 2.2 -15700 7992
195152 100 2.2 -15532 7942
197669 100 2.2 -15772 8150
200219 100 2.2 -15920 8332
202801 100 2.2 -15408 7494
205417 100 2.2 -15712 8014
208066 100 2.2 -15612 7794
210750 100 2.2 -15244 7418
213468 100 2.2 -15980 8414
216222 100 2.2 -15660 8066
219010 100 2.2 -15280 7936
221835 100 2.2 -15464 7946
224696 100 2.2 -15384 7966
227595 100 2.2 -15848 7962
230530 100 2.2 -15200 7778
233503 100 2.2 -15856 8212
236515 100 2.2 -15548 8146
239566 100 2.2 -15688 8008
242656 100 2.2 -15700 8034
245785 100 2.2 -15448 7962
248956 100 2.2 -15508 7930
252167 100 2.2 -15660 7930
255419 100 2.2 -15472 7484
258713 100 2.2 -15612 7904
262050 100 2.2 -15716 8064
265430 100 2.2 -15824 8198
268854 100 2.2 -15736 8086
272321 100 2.2 -15592 7640
275834 100 2.2 -15456 7988
279391 100 2.2 -15432 7858
282995 100 2.2 -15784 8106
286645 100 2.2 -15608 8162
290342 100 2.2 -15256 7396
294087 100 2.2 -15720 7924
297880 100 2.2 -15316 7798
301722 100 2.2 -15556 8096
305614 100 2.2 -16180 8386
309556 100 2.2 -15744 8140
313548 100 2.2 -15556 7908
317592 100 2.2 -15400 7956
321689 100 2.2 -15964 8228
325838 100 2.2 -15248 7766
330040 100 2.2 -15248 7902
334297 100 2.2 -15148 7778
338609 100 2.2 -15772 8198
342976 100 2.2 -15264 7814
347400 100 2.2 -15248 7730
351881 100 2.2 -15864 8032
356419 100 2.2 -15532 7832
361016 100 2.2 -15664 8228
365673 100 2.2 -15088 7636
370389 100 2.2 -15624 8092
375167 100 2.2 -15720 8146
380005 100 2.2 -15668 8174
384907 100 2.2 -15308 7686
389871 100 2.2 -15200 7286
394900 100 2.2 -15720 7992
399993 100 2.2 -14952 7276
405152 100 2.2 -15572 7906
410378 100 2.2 -15140 7162
415671 100 2.2 -15748 8164
421032 100 2.2 -15140 7360
426463 100 2.2 -15860 8196
431963 100 2.2 -15576 8176
437535 100 2.2 -15168 7360
443178 100 2.2 -15600 8092
448894 100 2.2 -15348 7800
454684 100 2.2 -15568 7610
460548 100 2.2 -14908 7396
466489 100 2.2 -15448 7664
472505 100 2.2 -15732 7638
478600 100 2.2 -15228 8048
484773 100 2.2 -15528 8018
491025 100 2.2 -15724 7992
497358 100 2.2 -15900 8098
503773 100 2.2 -15160 7734
510271 100 2.2 -14828 6808
516852 100 2.2 -15384 7874
523519 100 2.2 -15336 7950
530271 100 2.2 -15440 7546
537111 100 2.2 -15712 7988
544038 100 2.2 -15536 7942
551055 100 2.2 -15696 8092
558163 100 2.2 -15196 6600
565362 100 2.2 -15132 7690
572654 100 2.2 -15524 7912
580040 100 2.2 -15116 7492
587521 100 2.2 -15096 7518
595099 100 2.2 -15544 7814
602775 100 2.2 -15292 7894
610549 100 2.2 -15444 7836
618424 100 2.2 -15584 8212
626400 100 2.2 -15604 8008
634480 100 2.2 -15520 7696
642663 100 2.2 -15604 7954
650952 100 2.2 -15784 7996
659348 100 2.2 -15700 8418
667853 100 2.2 -15420 7868
676467 100 2.2 -15072 7474
685192 100 2.2 -15196 7968
694029 100 2.2 -15360 7920
702981 100 2.2 -15668 7898
712048 100 2.2 -15452 7906
721232 100 2.2 -15708 8150
730534 100 2.2 -15136 7548
739957 100 2.2 -15048 7282
749500 100 2.2 -15344 7474
759168 100 2.2 -15312 7936
768959 100 2.2 -15424 7826
778877 100 2.2 -15464 8124
788923 100 2.2 -15924 8400
799099 100 2.2 -15264 7194
809405 100 2.2 -15600 8104
819845 100 2.2 -15196 7280
830419 100 2.2 -15444 7886
841130 100 2.2 -15480 7952
851979 100 2.2 -14956 7842
862968 100 2.2 -15760 8262
874098 100 2.2 -15072 7538
885373 100 2.2 -15552 7860
896792 100 2.2 -15304 7806
908359 100 2.2 -15500 7958
920075 100 2.2 -15564 7470
931942 100 2.2 -15208 7564
943962 100 2.2 -16112 8448
956137 100 2.2 -15644 8212
968470 100 2.2 -15572 7906
980961 100 2.2 -15468 7860
993613 100 2.2 -15032 7910
999999 100 2.2 -15508 7798
