3 60 2.1 -6496 3400
4 60 2.1 -6276 3326
5 60 2.1 -6304 3344
6 60 2.1 -6264 3326
7 60 2.1 -6176 3286
8 60 2.1 -6172 3262
9 60 2.1 -6264 3282
10 60 2.1 -6108 3238
11 60 2.1 -5976 3166
12 60 2.1 -5968 3148
13 60 2.1 -6096 3182
14 60 2.1 -5904 3106
15 60 2.1 -5920 3102
16 60 2.1 -5968 3124
17 60 2.1 -6024 3158
18 60 2.1 -6008 3146
19 60 2.1 -6168 3222
20 60 2.1 -6240 3224
21 60 2.1 -6048 3180
22 60 2.1 -6160 3208
23 60 2.1 -5980 3136
24 60 2.1 -5976 3154
25 60 2.1 -5940 3130
26 60 2.1 -6224 3218
27 60 2.1 -6116 3204
28 60 2.1 -6224 3224
29 60 2.1 -6120 3230
30 60 2.1 -6108 3226
31 60 2.1 -6120 3192
32 60 2.1 -6124 3220
33 60 2.1 -6088 3188
34 60 2.1 -6192 3234
35 60 2.1 -6144 3214
36 60 2.1 -6136 3232
37 60 2.1 -5972 3148
38 60 2.1 -5884 3082
39 60 2.1 -5968 3126
40 60 2.1 -5940 3094
41 60 2.1 -6012 3130
42 60 2.1 -6036 3114
43 60 2.1 -5892 3084
44 60 2.1 -6016 3120
45 60 2.1 -5964 3106
46 60 2.1 -6000 3120
47 60 2.1 -5952 3110
48 60 2.1 -5912 3108
49 60 2.1 -5912 3078
50 60 2.1 -6028 3134
51 60 2.1 -6056 3184
52 60 2.1 -6104 3184
53 60 2.1 -5996 3132
54 60 2.1 -6108 3148
55 60 2.1 -6140 3134
56 60 2.1 -6000 3090
57 60 2.1 -6024 3124
58 60 2.1 -5936 3110
59 60 2.1 -5792 3088
60 60 2.1 -5852 3092
61 60 2.1 -5988 3122
62 60 2.1 -5900 3080
63 60 2.1 -5888 3046
64 60 2.1 -5924 3054
65 60 2.1 -5840 3052
66 60 2.1 -5792 3030
67 60 2.1 -5732 2976
68 60 2.1 -5740 2952
69 60 2.1 -5680 2948
70 60 2.1 -5740 2954
71 60 2.1 -5724 2952
72 60 2.1 -5696 2942
73 60 2.1 -5696 2942
74 60 2.1 -5788 3010
75 60 2.1 -5880 3022
76 60 2.1 -5832 3012
77 60 2.1 -5848 2970
78 60 2.1 -5732 2972
79 60 2.1 -5884 3008
80 60 2.1 -5976 3014
81 60 2.1 -5948 2996
82 60 2.1 -5804 2960
83 60 2.1 -5808 3006
84 60 2.1 -5888 3064
85 60 2.1 -5888 3082
86 60 2.1 -5884 3070
88 60 2.1 -5888 3040
89 60 2.1 -6008 3100
90 60 2.1 -5984 3102
91 60 2.1 -5920 3066
92 60 2.1 -5992 3084
93 60 2.1 -5972 3114
95 60 2.1 -5940 3072
96 60 2.1 -5932 3084
97 60 2.1 -6000 3138
98 60 2.1 -6020 3132
99 60 2.1 -5976 3098
101 60 2.1 -5844 3058
102 60 2.1 -5868 3014
103 60 2.1 -5852 3032
105 60 2.1 -5936 3082
106 60 2.1 -5852 3058
107 60 2.1 -5908 3082
109 60 2.1 -6008 3112
110 60 2.1 -5996 3144
112 60 2.1 -6036 3156
113 60 2.1 -6032 3140
114 60 2.1 -6124 3152
116 60 2.1 -5992 3132
117 60 2.1 -5916 3128
119 60 2.1 -5868 3098
120 60 2.1 -5856 3134
122 60 2.1 -5908 3124
124 60 2.1 -5908 3116
125 60 2.1 -6024 3178
127 60 2.1 -6184 3244
128 60 2.1 -6112 3222
130 60 2.1 -6184 3268
132 60 2.1 -6188 3250
133 60 2.1 -6048 3212
135 60 2.1 -6108 3178
137 60 2.1 -5788 3054
139 60 2.1 -5896 3082
140 60 2.1 -5864 3078
142 60 2.1 -5772 3066
144 60 2.1 -5868 3064
146 60 2.1 -6000 3124
148 60 2.1 -6064 3170
150 60 2.1 -5916 3082
152 60 2.1 -5996 3096
154 60 2.1 -6044 3146
155 60 2.1 -6120 3182
157 60 2.1 -6000 3170
160 60 2.1 -6088 3162
162 60 2.1 -5936 3138
164 60 2.1 -6084 3160
166 60 2.1 -6032 3128
168 60 2.1 -5904 3120
170 60 2.1 -6108 3160
172 60 2.1 -6056 3166
174 60 2.1 -5956 3108
177 60 2.1 -5848 3040
179 60 2.1 -5940 3058
181 60 2.1 -5964 3070
184 60 2.1 -6092 3154
186 60 2.1 -5968 3100
188 60 2.1 -6144 3154
191 60 2.1 -5880 3072
193 60 2.1 -5912 3072
196 60 2.1 -5876 3110
198 60 2.1 -6068 3112
201 60 2.1 -5952 3118
203 60 2.1 -6076 3136
206 60 2.1 -6076 3088
209 60 2.1 -6100 3102
211 60 2.1 -6052 3104
214 60 2.1 -5936 3008
217 60 2.1 -5848 3004
220 60 2.1 -5828 3010
222 60 2.1 -5860 3034
225 60 2.1 -5796 3004
228 60 2.1 -5900 3014
231 60 2.1 -5844 2986
234 60 2.1 -5912 3004
237 60 2.1 -5896 3096
240 60 2.1 -5944 3086
243 60 2.1 -5936 3116
246 60 2.1 -5924 3134
250 60 2.1 -5864 3138
253 60 2.1 -6032 3172
256 60 2.1 -5724 3058
259 60 2.1 -5956 3166
263 60 2.1 -6012 3192
266 60 2.1 -6060 3200
269 60 2.1 -5984 3172
273 60 2.1 -6044 3158
276 60 2.1 -5884 3130
280 60 2.1 -5980 3144
284 60 2.1 -5888 3134
287 60 2.1 -5808 3128
291 60 2.1 -6108 3226
295 60 2.1 -6188 3252
298 60 2.1 -6020 3148
302 60 2.1 -5936 3108
306 60 2.1 -5936 3120
310 60 2.1 -5912 3126
314 60 2.1 -5876 3104
318 60 2.1 -6044 3188
322 60 2.1 -6128 3202
326 60 2.1 -6100 3142
331 60 2.1 -6120 3148
335 60 2.1 -6152 3170
339 60 2.1 -6004 3080
344 60 2.1 -6024 3112
348 60 2.1 -6212 3208
352 60 2.1 -5844 3090
357 60 2.1 -5872 3056
362 60 2.1 -5992 3100
366 60 2.1 -5864 3018
371 60 2.1 -6164 3194
376 60 2.1 -6200 3256
381 60 2.1 -6152 3250
385 60 2.1 -6164 3200
390 60 2.1 -6048 3200
395 60 2.1 -5900 3112
401 60 2.1 -5976 3126
406 60 2.1 -5928 3120
411 60 2.1 -6096 3212
416 60 2.1 -6168 3226
422 60 2.1 -6152 3196
427 60 2.1 -6112 3210
433 60 2.1 -5960 3142
438 60 2.1 -5916 3102
444 60 2.1 -6168 3226
449 60 2.1 -5968 3110
455 60 2.1 -6016 3136
461 60 2.1 -6024 3176
467 60 2.1 -5900 3148
473 60 2.1 -5864 3084
479 60 2.1 -5944 3062
485 60 2.1 -6048 3180
492 60 2.1 -5952 3170
498 60 2.1 -5864 3126
504 60 2.1 -6120 3198
511 60 2.1 -6056 3200
517 60 2.1 -5876 3058
524 60 2.1 -6056 3172
531 60 2.1 -5824 3052
538 60 2.1 -5888 3070
545 60 2.1 -6028 3138
552 60 2.1 -5920 3114
559 60 2.1 -6012 3184
566 60 2.1 -5868 3112
573 60 2.1 -6016 3112
581 60 2.1 -5828 3086
588 60 2.1 -6004 3162
596 60 2.1 -5768 3040
603 60 2.1 -5920 3110
611 60 2.1 -6116 3196
619 60 2.1 -5888 3104
627 60 2.1 -5976 3100
635 60 2.1 -6008 3042
643 60 2.1 -5876 3048
652 60 2.1 -5896 3094
660 60 2.1 -5968 3150
668 60 2.1 -6084 3150
677 60 2.1 -5972 3142
686 60 2.1 -6012 3136
695 60 2.1 -5976 3180
704 60 2.1 -5932 3082
713 60 2.1 -5928 3120
722 60 2.1 -6096 3192
731 60 2.1 -5916 3146
741 60 2.1 -5908 2976
750 60 2.1 -6100 3092
760 60 2.1 -5944 3080
770 60 2.1 -5956 3112
780 60 2.1 -5800 3108
790 60 2.1 -6012 3094
800 60 2.1 -5940 3102
810 60 2.1 -5992 3146
821 60 2.1 -6024 3210
831 60 2.1 -6068 3148
842 60 2.1 -5916 3082
853 60 2.1 -5944 3090
864 60 2.1 -6012 3152
875 60 2.1 -6088 3224
886 60 2.1 -6092 3132
897 60 2.1 -6052 3152
909 60 2.1 -6204 3262
921 60 2.1 -6184 3246
933 60 2.1 -5988 3168
945 60 2.1 -6144 3248
957 60 2.1 -6004 3170
969 60 2.1 -6008 3176
982 60 2.1 -5744 3058
994 60 2.1 -6084 3166
1007 60 2.1 -6088 3226
1020 60 2.1 -5924 3170
1033 60 2.1 -6156 3214
1047 60 2.1 -6136 3164
1060 60 2.1 -6024 3156
1074 60 2.1 -5928 3092
1088 60 2.1 -6036 3134
1102 60 2.1 -5744 2968
1116 60 2.1 -5808 3032
1130 60 2.1 -5940 2994
1145 60 2.1 -6032 3106
1160 60 2.1 -5848 2966
1174 60 2.1 -5900 3068
1190 60 2.1 -5920 3092
1205 60 2.1 -5896 3096
1220 60 2.1 -5992 3148
1236 60 2.1 -6088 3196
1252 60 2.1 -6048 3184
1268 60 2.1 -5956 3110
1285 60 2.1 -6092 3166
1301 60 2.1 -5976 3100
1318 60 2.1 -5856 3068
1335 60 2.1 -6008 3188
1352 60 2.1 -6120 3220
1370 60 2.1 -5924 3072
1387 60 2.1 -5936 3040
1405 60 2.1 -5844 2994
1423 60 2.1 -5724 2958
1442 60 2.1 -6008 3180
1460 60 2.1 -6232 3246
1479 60 2.1 -5948 3130
1498 60 2.1 -5964 3074
1517 60 2.1 -6020 3152
1537 60 2.1 -5952 3118
1557 60 2.1 -6048 3182
1577 60 2.1 -6000 3164
1597 60 2.1 -5832 2990
1618 60 2.1 -5940 3082
1639 60 2.1 -6036 3212
1660 60 2.1 -6020 3186
1681 60 2.1 -6016 3154
1703 60 2.1 -5912 3146
1725 60 2.1 -5900 3110
1747 60 2.1 -6064 3192
1770 60 2.1 -6076 3208
1792 60 2.1 -6016 3042
1816 60 2.1 -5960 3040
1839 60 2.1 -5884 3116
1863 60 2.1 -5944 3066
1887 60 2.1 -6080 3136
1911 60 2.1 -6032 3180
1936 60 2.1 -5936 3140
1961 60 2.1 -6008 3176
1986 60 2.1 -6120 3240
2012 60 2.1 -6088 3172
2037 60 2.1 -6116 3242
2064 60 2.1 -5968 3128
2090 60 2.1 -5672 2810
2117 60 2.1 -5892 3072
2145 60 2.1 -6004 3112
2172 60 2.1 -5940 3118
2200 60 2.1 -5984 3146
2229 60 2.1 -5868 3026
2257 60 2.1 -5944 3106
2286 60 2.1 -6056 3160
2316 60 2.1 -5848 3144
2346 60 2.1 -5816 3052
2376 60 2.1 -5984 3130
2407 60 2.1 -5828 2984
2438 60 2.1 -5840 3032
2469 60 2.1 -6216 3252
2501 60 2.1 -5796 2876
2533 60 2.1 -5624 2870
2566 60 2.1 -5864 2972
2599 60 2.1 -5844 2998
2633 60 2.1 -6192 3258
2667 60 2.1 -5960 3122
2701 60 2.1 -5932 3124
2736 60 2.1 -5792 3032
2771 60 2.1 -6024 3170
2807 60 2.1 -5852 3068
2843 60 2.1 -6064 3240
2880 60 2.1 -6120 3192
2917 60 2.1 -6060 3164
2954 60 2.1 -6080 3212
2992 60 2.1 -6036 3166
3031 60 2.1 -6192 3248
3070 60 2.1 -6116 3218
3110 60 2.1 -6060 3142
3150 60 2.1 -5796 3062
3190 60 2.1 -6148 3248
3232 60 2.1 -6072 3224
3273 60 2.1 -6032 3174
3315 60 2.1 -5988 3116
3358 60 2.1 -6020 3168
3402 60 2.1 -5972 3152
3445 60 2.1 -5932 3004
3490 60 2.1 -5860 3070
3535 60 2.1 -6212 3242
3580 60 2.1 -6064 3232
3627 60 2.1 -6040 3172
3673 60 2.1 -5980 3144
3721 60 2.1 -5808 3044
3769 60 2.1 -5704 2946
3817 60 2.1 -5916 3128
3867 60 2.1 -6060 3190
3916 60 2.1 -5972 3166
3967 60 2.1 -6092 3198
4018 60 2.1 -5936 3026
4070 60 2.1 -5940 3182
4122 60 2.1 -5808 3070
4176 60 2.1 -6184 3242
4229 60 2.1 -6008 3124
4284 60 2.1 -5848 3042
4339 60 2.1 -6064 3178
4395 60 2.1 -6320 3268
4452 60 2.1 -6080 3178
4509 60 2.1 -5884 3138
4567 60 2.1 -5824 2908
4626 60 2.1 -5944 3128
4686 60 2.1 -5856 3038
4746 60 2.1 -5912 3068
4808 60 2.1 -6064 3216
4870 60 2.1 -6168 3194
4932 60 2.1 -5912 3128
4996 60 2.1 -5940 3114
5060 60 2.1 -6000 3144
5126 60 2.1 -6028 3152
5192 60 2.1 -5876 3066
5259 60 2.1 -6128 3224
5327 60 2.1 -6092 3218
5395 60 2.1 -5936 3088
5465 60 2.1 -6156 3184
5535 60 2.1 -6148 3242
5607 60 2.1 -5840 3046
5679 60 2.1 -6012 3200
5752 60 2.1 -6120 3196
5826 60 2.1 -6164 3238
5902 60 2.1 -6216 3222
5978 60 2.1 -5848 3058
6055 60 2.1 -5900 3114
6133 60 2.1 -5924 3124
6212 60 2.1 -6036 3102
6292 60 2.1 -5940 3104
6373 60 2.1 -5992 3116
6455 60 2.1 -5872 3034
6539 60 2.1 -6024 3170
6623 60 2.1 -5916 3016
6708 60 2.1 -5640 3002
6795 60 2.1 -6000 3194
6883 60 2.1 -6020 3146
6971 60 2.1 -5736 3006
7061 60 2.1 -5808 3010
7152 60 2.1 -6100 3198
7245 60 2.1 -6124 3240
7338 60 2.1 -5844 3100
7433 60 2.1 -6136 3190
7529 60 2.1 -5864 3116
7626 60 2.1 -5996 3184
7724 60 2.1 -5944 3168
7824 60 2.1 -5856 3134
7925 60 2.1 -5976 3174
8027 60 2.1 -5784 2934
8130 60 2.1 -6016 3132
8235 60 2.1 -5876 3066
8341 60 2.1 -6088 3204
8449 60 2.1 -6216 3252
8558 60 2.1 -5976 3090
8668 60 2.1 -6084 3114
8780 60 2.1 -5828 2984
8893 60 2.1 -6088 3122
9008 60 2.1 -6076 3202
9124 60 2.1 -5896 3136
9242 60 2.1 -5952 3106
9361 60 2.1 -5924 3166
9482 60 2.1 -5800 3066
9604 60 2.1 -6232 3268
9728 60 2.1 -5860 3036
9853 60 2.1 -6156 3232
9980 60 2.1 -6156 3252
10109 60 2.1 -6048 3148
10240 60 2.1 -6168 3258
10372 60 2.1 -6096 3214
10505 60 2.1 -5876 3044
10641 60 2.1 -6080 3160
10778 60 2.1 -5964 3104
10917 60 2.1 -6124 3224
11058 60 2.1 -6020 3140
11201 60 2.1 -5832 3050
11345 60 2.1 -5760 3060
11491 60 2.1 -6088 3200
11640 60 2.1 -6216 3230
11790 60 2.1 -5720 2992
11942 60 2.1 -5784 2968
12096 60 2.1 -5984 3120
12252 60 2.1 -5940 3112
12410 60 2.1 -5768 3006
12570 60 2.1 -6088 3192
12732 60 2.1 -5908 3138
12896 60 2.1 -6296 3308
13062 60 2.1 -5896 3108
13231 60 2.1 -6016 3156
13402 60 2.1 -5868 3076
13574 60 2.1 -5872 2930
13750 60 2.1 -6028 3134
13927 60 2.1 -6008 3080
14106 60 2.1 -5920 3084
14288 60 2.1 -5948 3152
14473 60 2.1 -6060 3152
14659 60 2.1 -6084 3134
14848 60 2.1 -5948 3056
15040 60 2.1 -5772 3034
15234 60 2.1 -6052 3124
15430 60 2.1 -6064 3022
15629 60 2.1 -5772 3054
15831 60 2.1 -5872 3108
16035 60 2.1 -6272 3262
16242 60 2.1 -5980 3172
16451 60 2.1 -6272 3198
16664 60 2.1 -6072 3152
16879 60 2.1 -6000 3172
17096 60 2.1 -6072 3146
17317 60 2.1 -6140 3246
17540 60 2.1 -5996 3168
17766 60 2.1 -6148 3234
17995 60 2.1 -6136 3222
18228 60 2.1 -6092 3088
18463 60 2.1 -5924 3098
18701 60 2.1 -6004 3194
18942 60 2.1 -6048 3074
19186 60 2.1 -6020 3154
19434 60 2.1 -5920 3142
19684 60 2.1 -6084 3150
19938 60 2.1 -5944 3092
20195 60 2.1 -6080 3194
20456 60 2.1 -5952 3106
20720 60 2.1 -5932 3094
20987 60 2.1 -6080 3220
21258 60 2.1 -5880 3082
21532 60 2.1 -6076 3204
21810 60 2.1 -6048 3174
22091 60 2.1 -6112 3244
22376 60 2.1 -5756 2934
22664 60 2.1 -6076 3196
22957 60 2.1 -5916 3074
23253 60 2.1 -5976 3168
23553 60 2.1 -5936 3120
23856 60 2.1 -5996 3102
24164 60 2.1 -5992 3154
24476 60 2.1 -6164 3236
24791 60 2.1 -6100 3204
25111 60 2.1 -5848 3076
25435 60 2.1 -5904 3028
25763 60 2.1 -6172 3242
26095 60 2.1 -6144 3150
26432 60 2.1 -5796 2994
26773 60 2.1 -5916 3072
27118 60 2.1 -5820 3018
27468 60 2.1 -6012 3126
27822 60 2.1 -6072 3160
28181 60 2.1 -5776 3080
28545 60 2.1 -5948 3132
28913 60 2.1 -6052 3194
29286 60 2.1 -6084 3216
29663 60 2.1 -5988 3202
30046 60 2.1 -6024 3152
30434 60 2.1 -6024 3166
30826 60 2.1 -6116 3196
31224 60 2.1 -5916 3044
31626 60 2.1 -5780 2936
32034 60 2.1 -6120 3194
32447 60 2.1 -5896 3138
32866 60 2.1 -5864 3034
33290 60 2.1 -6096 3196
33719 60 2.1 -5844 3116
34154 60 2.1 -6144 3246
34595 60 2.1 -6056 3138
35041 60 2.1 -6124 3236
35493 60 2.1 -6252 3308
35951 60 2.1 -5900 2874
36414 60 2.1 -6064 3156
36884 60 2.1 -5948 3134
37360 60 2.1 -6036 3146
37841 60 2.1 -5852 3052
38330 60 2.1 -5984 3130
38824 60 2.1 -5916 3124
39325 60 2.1 -6152 3234
39832 60 2.1 -5820 3050
40346 60 2.1 -6036 3074
40866 60 2.1 -5940 3088
41393 60 2.1 -6128 3188
41927 60 2.1 -5916 3032
42468 60 2.1 -6072 3180
43015 60 2.1 -6080 3262
43570 60 2.1 -5928 3096
44132 60 2.1 -5976 3172
44701 60 2.1 -6084 3174
45278 60 2.1 -5964 3150
45862 60 2.1 -5916 3022
46453 60 2.1 -5980 3130
47053 60 2.1 -5896 3014
47660 60 2.1 -6072 3214
48274 60 2.1 -5972 3138
48897 60 2.1 -5956 3184
49528 60 2.1 -5944 3148
50166 60 2.1 -5764 3004
50813 60 2.1 -5840 3088
51469 60 2.1 -6264 3292
52133 60 2.1 -5992 3112
52805 60 2.1 -6000 3154
53486 60 2.1 -5840 3064
54176 60 2.1 -6064 3162
54875 60 2.1 -5968 3112
55582 60 2.1 -5972 3176
56299 60 2.1 -6020 3170
57025 60 2.1 -5908 3002
57761 60 2.1 -5872 3074
58506 60 2.1 -6104 3194
59261 60 2.1 -5980 3148
60025 60 2.1 -5880 3072
60799 60 2.1 -6016 3070
61583 60 2.1 -5864 3052
62378 60 2.1 -5856 3012
63182 60 2.1 -6008 3148
63997 60 2.1 -5828 2896
64822 60 2.1 -6132 3230
65658 60 2.1 -6016 3188
66505 60 2.1 -6232 3248
67363 60 2.1 -6128 3194
68232 60 2.1 -6088 3196
69112 60 2.1 -5888 3126
70003 60 2.1 -6144 3238
70906 60 2.1 -5960 3174
71821 60 2.1 -5792 3086
72747 60 2.1 -6132 3188
73685 60 2.1 -5916 3142
74636 60 2.1 -5932 3166
75599 60 2.1 -6104 3220
76574 60 2.1 -6076 3180
77561 60 2.1 -6044 3210
78562 60 2.1 -5988 3138
79575 60 2.1 -5840 3094
80601 60 2.1 -6012 3158
81641 60 2.1 -6116 3192
82694 60 2.1 -5824 2798
83760 60 2.1 -5932 3086
84841 60 2.1 -6040 3196
85935 60 2.1 -5856 3064
87043 60 2.1 -6052 3146
88166 60 2.1 -5836 3016
89303 60 2.1 -5940 3088
90455 60 2.1 -5960 3130
91622 60 2.1 -5960 3124
92803 60 2.1 -5684 2984
94000 60 2.1 -6156 3260
95213 60 2.1 -5988 3134
96441 60 2.1 -5992 3124
97685 60 2.1 -6068 3122
98945 60 2.1 -6020 3094
100221 60 2.1 -5940 3118
101513 60 2.1 -6052 3214
102823 60 2.1 -5876 3118
104149 60 2.1 -6100 3226
105492 60 2.1 -5832 3058
106853 60 2.1 -6004 3168
108231 60 2.1 -5948 3104
109627 60 2.1 -5924 3112
111041 60 2.1 -5888 3132
112473 60 2.1 -5780 2972
113924 60 2.1 -6036 3154
115393 60 2.1 -6184 3224
116882 60 2.1 -6060 3160
118389 60 2.1 -6112 3208
119916 60 2.1 -5980 3100
121463 60 2.1 -6080 3158
123029 60 2.1 -6028 3188
124616 60 2.1 -5936 3176
126224 60 2.1 -5908 3178
127852 60 2.1 -5972 3086
129501 60 2.1 -5828 3044
131171 60 2.1 -6120 3244
132863 60 2.1 -6036 3168
134576 60 2.1 -5952 3072
136312 60 2.1 -5664 2936
138070 60 2.1 -5912 3140
139851 60 2.1 -5900 3066
141655 60 2.1 -6068 3152
143482 60 2.1 -5900 3112
145333 60 2.1 -6160 3224
147207 60 2.1 -5972 3172
149106 60 2.1 -6036 3158
151029 60 2.1 -6200 3256
152977 60 2.1 -5968 3040
154950 60 2.1 -5920 3120
156948 60 2.1 -5876 3072
158973 60 2.1 -5952 3148
161023 60 2.1 -5908 3114
163100 60 2.1 -6032 3128
165204 60 2.1 -6244 3262
167334 60 2.1 -5984 3122
169493 60 2.1 -5852 3132
171679 60 2.1 -6112 3214
173893 60 2.1 -6076 3156
176136 60 2.1 -6060 3198
178408 60 2.1 -6116 3198
180709 60 2.1 -6112 3238
183040 60 2.1 -5972 3150
185400 60 2.1 -5936 3078
187792 60 2.1 -6060 3140
190214 60 2.1 -6176 3266
192667 60 2.1 -5932 3130
195152 60 2.1 -5932 3106
197669 60 2.1 -5992 3142
200219 60 2.1 -6012 3182
202801 60 2.1 -5896 3126
205417 60 2.1 -5912 3156
208066 60 2.1 -6176 3218
210750 60 2.1 -6096 3196
213468 60 2.1 -6128 3178
216222 60 2.1 -5936 3110
219010 60 2.1 -6216 3218
221835 60 2.1 -5972 3120
224696 60 2.1 -5724 3064
227595 60 2.1 -6096 3224
230530 60 2.1 -6044 3146
233503 60 2.1 -5848 3100
236515 60 2.1 -5800 3020
239566 60 2.1 -5920 3118
242656 60 2.1 -5724 3042
245785 60 2.1 -5928 3138
248956 60 2.1 -5936 3082
252167 60 2.1 -6176 3250
255419 60 2.1 -5928 3098
258713 60 2.1 -5856 3024
262050 60 2.1 -6036 3138
265430 60 2.1 -5968 3134
268854 60 2.1 -5740 2962
272321 60 2.1 -6240 3246
275834 60 2.1 -5884 3040
279391 60 2.1 -6064 3182
282995 60 2.1 -5860 3050
286645 60 2.1 -5888 3094
290342 60 2.1 -5940 3096
294087 60 2.1 -5812 3070
297880 60 2.1 -5884 3030
301722 60 2.1 -5996 3140
305614 60 2.1 -5928 3072
309556 60 2.1 -5992 3116
313548 60 2.1 -5952 3140
317592 60 2.1 -5904 3080
321689 60 2.1 -6012 3202
325838 60 2.1 -6320 3292
330040 60 2.1 -5944 3074
334297 60 2.1 -6036 3206
338609 60 2.1 -5900 3128
342976 60 2.1 -5976 3156
347400 60 2.1 -5800 2944
351881 60 2.1 -5832 3046
356419 60 2.1 -6044 3166
361016 60 2.1 -5964 3142
365673 60 2.1 -6100 3148
370389 60 2.1 -5912 3022
375167 60 2.1 -6100 3158
380005 60 2.1 -6056 3134
384907 60 2.1 -5956 3134
389871 60 2.1 -5988 3092
394900 60 2.1 -6024 3104
399993 60 2.1 -5788 3046
405152 60 2.1 -6052 2894
410378 60 2.1 -6040 3194
415671 60 2.1 -6212 3246
421032 60 2.1 -6112 3220
426463 60 2.1 -6052 3168
431963 60 2.1 -5580 2664
437535 60 2.1 -5984 3156
443178 60 2.1 -5896 3082
448894 60 2.1 -6048 3216
454684 60 2.1 -5916 3140
460548 60 2.1 -5776 2982
466489 60 2.1 -5900 2990
472505 60 2.1 -6020 3174
478600 60 2.1 -6064 3140
484773 60 2.1 -6140 3186
491025 60 2.1 -5808 3046
497358 60 2.1 -6004 3172
503773 60 2.1 -6052 3206
510271 60 2.1 -5948 2800
516852 60 2.1 -5824 3100
523519 60 2.1 -6048 3094
530271 60 2.1 -6088 3226
537111 60 2.1 -5940 3148
544038 60 2.1 -6140 3264
551055 60 2.1 -5884 2304
558163 60 2.1 -6264 3284
565362 60 2.1 -6004 3100
572654 60 2.1 -6044 3186
580040 60 2.1 -5940 2976
587521 60 2.1 -5888 2824
595099 60 2.1 -5956 3136
602775 60 2.1 -5836 3062
610549 60 2.1 -5996 3154
618424 60 2.1 -5988 3132
626400 60 2.1 -5728 2974
634480 60 2.1 -5860 3130
642663 60 2.1 -6176 3246
650952 60 2.1 -5892 3060
659348 60 2.1 -5792 2816
667853 60 2.1 -5936 3082
676467 60 2.1 -6056 3140
685192 60 2.1 -5808 2978
694029 60 2.1 -6092 3158
702981 60 2.1 -5896 3128
712048 60 2.1 -6020 3174
721232 60 2.1 -6044 3138
730534 60 2.1 -6152 3246
739957 60 2.1 -5924 2824
749500 60 2.1 -6072 3146
759168 60 2.1 -5908 3048
768959 60 2.1 -5928 3016
778877 60 2.1 -5932 3124
788923 60 2.1 -6224 3248
799099 60 2.1 -5900 3088
809405 60 2.1 -6056 3190
819845 60 2.1 -5724 3044
830419 60 2.1 -5960 3148
841130 60 2.1 -6124 3240
851979 60 2.1 -6176 3262
862968 60 2.1 -5816 3010
874098 60 2.1 -5892 3106
885373 60 2.1 -6060 3194
896792 60 2.1 -5992 3092
908359 60 2.1 -6152 3210
920075 60 2.1 -5932 3156
931942 60 2.1 -6168 3236
943962 60 2.1 -5884 3058
956137 60 2.1 -6000 3108
968470 60 2.1 -6260 3248
980961 60 2.1 -5760 3056
993613 60 2.1 -5984 3146
999999 60 2.1 -6000 3164
