3 60 2.4 -5856 3150
4 60 2.4 -5716 3104
5 60 2.4 -5340 2940
6 60 2.4 -5332 2878
7 60 2.4 -5228 2818
8 60 2.4 -5220 2804
9 60 2.4 -5136 2730
10 60 2.4 -5024 2682
11 60 2.4 -5028 2680
12 60 2.4 -5004 2648
13 60 2.4 -5012 2702
14 60 2.4 -4748 2498
15 60 2.4 -4836 2636
16 60 2.4 -4852 2664
17 60 2.4 -4872 2600
18 60 2.4 -5040 2680
19 60 2.4 -4868 2568
20 60 2.4 -4948 2620
21 60 2.4 -4912 2522
22 60 2.4 -4904 2506
23 60 2.4 -4904 2466
24 60 2.4 -4748 2392
25 60 2.4 -4576 2326
26 60 2.4 -4608 2356
27 60 2.4 -4512 2272
28 60 2.4 -4528 2250
29 60 2.4 -4572 2288
30 60 2.4 -4580 2244
31 60 2.4 -4692 2234
32 60 2.4 -4796 2154
33 60 2.4 -4800 2106
34 60 2.4 -4676 2066
35 60 2.4 -4752 2214
36 60 2.4 -4792 2220
37 60 2.4 -4704 2226
38 60 2.4 -4712 2190
39 60 2.4 -4800 2208
40 60 2.4 -4924 2218
41 60 2.4 -4736 2156
42 60 2.4 -4780 2234
43 60 2.4 -4724 2204
44 60 2.4 -4636 2090
45 60 2.4 -4432 2020
46 60 2.4 -4412 1950
47 60 2.4 -4352 1852
48 60 2.4 -4400 1824
49 60 2.4 -4460 1764
50 60 2.4 -4648 1858
51 60 2.4 -4516 1764
52 60 2.4 -4576 1722
53 60 2.4 -4464 1812
54 60 2.4 -4456 1856
55 60 2.4 -4484 1876
56 60 2.4 -4472 1902
57 60 2.4 -4544 1888
58 60 2.4 -4540 1970
59 60 2.4 -4508 1996
60 60 2.4 -4468 1894
61 60 2.4 -4636 1940
62 60 2.4 -4640 1932
63 60 2.4 -4728 1950
64 60 2.4 -4636 1880
65 60 2.4 -4592 1902
66 60 2.4 -4720 1898
67 60 2.4 -4668 1944
68 60 2.4 -4700 1982
69 60 2.4 -4696 2030
70 60 2.4 -4580 1964
71 60 2.4 -4580 1880
72 60 2.4 -4552 1802
73 60 2.4 -4560 1778
74 60 2.4 -4624 1896
75 60 2.4 -4608 1826
76 60 2.4 -4636 1826
77 60 2.4 -4772 1854
78 60 2.4 -4644 1964
79 60 2.4 -4644 1988
80 60 2.4 -4636 2050
81 60 2.4 -4628 2064
82 60 2.4 -4728 1986
83 60 2.4 -4612 1950
84 60 2.4 -4528 1896
85 60 2.4 -4464 1800
86 60 2.4 -4552 1798
88 60 2.4 -4600 1870
89 60 2.4 -4576 1836
90 60 2.4 -4612 1794
91 60 2.4 -4552 1798
92 60 2.4 -4544 1780
93 60 2.4 -4500 1770
95 60 2.4 -4716 1862
96 60 2.4 -4544 1674
97 60 2.4 -4792 1774
98 60 2.4 -4560 1814
99 60 2.4 -4680 1850
101 60 2.4 -4792 1954
102 60 2.4 -4596 1954
103 60 2.4 -4564 1842
105 60 2.4 -4536 1880
106 60 2.4 -4588 1868
107 60 2.4 -4620 1812
109 60 2.4 -4588 1770
110 60 2.4 -4700 1766
112 60 2.4 -4564 1730
113 60 2.4 -4368 1640
114 60 2.4 -4392 1654
116 60 2.4 -4508 1686
117 60 2.4 -4440 1574
119 60 2.4 -4584 1672
120 60 2.4 -4664 1742
122 60 2.4 -4704 1862
124 60 2.4 -4764 1866
125 60 2.4 -4940 1794
127 60 2.4 -4592 1656
128 60 2.4 -4432 1562
130 60 2.4 -4296 1480
132 60 2.4 -4428 1548
133 60 2.4 -4468 1558
135 60 2.4 -4508 1486
137 60 2.4 -4512 1562
139 60 2.4 -4420 1576
140 60 2.4 -4424 1608
142 60 2.4 -4512 1728
144 60 2.4 -4352 1786
146 60 2.4 -4592 1922
148 60 2.4 -4668 2026
150 60 2.4 -4772 1888
152 60 2.4 -4704 1872
154 60 2.4 -4472 1816
155 60 2.4 -4512 1728
157 60 2.4 -4516 1716
160 60 2.4 -4416 1692
162 60 2.4 -4524 1642
164 60 2.4 -4376 1642
166 60 2.4 -4492 1592
168 60 2.4 -4504 1660
170 60 2.4 -4548 1596
172 60 2.4 -4588 1610
174 60 2.4 -4488 1622
177 60 2.4 -4436 1470
179 60 2.4 -4568 1502
181 60 2.4 -4492 1308
184 60 2.4 -4364 1186
186 60 2.4 -4336 1250
188 60 2.4 -4376 1242
191 60 2.4 -4336 1122
193 60 2.4 -4344 944
196 60 2.4 -4396 1022
198 60 2.4 -4404 1044
201 60 2.4 -4612 1068
203 60 2.4 -4648 1142
206 60 2.4 -4476 1168
209 60 2.4 -4608 1066
211 60 2.4 -4668 1140
214 60 2.4 -4388 984
217 60 2.4 -4472 966
220 60 2.4 -4252 1018
222 60 2.4 -4532 1160
225 60 2.4 -4432 1074
228 60 2.4 -4392 992
231 60 2.4 -4204 856
234 60 2.4 -4032 770
237 60 2.4 -4208 778
240 60 2.4 -4216 686
243 60 2.4 -4324 590
246 60 2.4 -4160 544
250 60 2.4 -4440 368
253 60 2.4 -4248 180
256 60 2.4 -4172 128
259 60 2.4 -4212 200
263 60 2.4 -4320 312
266 60 2.4 -4348 154
269 60 2.4 -4344 380
273 60 2.4 -4304 302
276 60 2.4 -4292 148
280 60 2.4 -4384 166
284 60 2.4 -4260 186
287 60 2.4 -4344 182
291 60 2.4 -4472 170
295 60 2.4 -4316 200
298 60 2.4 -4184 228
302 60 2.4 -4228 336
306 60 2.4 -4196 356
310 60 2.4 -4064 348
314 60 2.4 -4244 126
318 60 2.4 -4180 112
322 60 2.4 -4088 52
326 60 2.4 -4188 256
331 60 2.4 -4320 330
335 60 2.4 -4368 250
339 60 2.4 -4356 44
344 60 2.4 -4472 130
348 60 2.4 -4296 -26
352 60 2.4 -4256 -72
357 60 2.4 -4084 -54
362 60 2.4 -4200 -16
366 60 2.4 -4112 54
371 60 2.4 -4080 86
376 60 2.4 -4540 -114
381 60 2.4 -4316 -114
385 60 2.4 -4332 -152
390 60 2.4 -4156 -38
395 60 2.4 -4376 -178
401 60 2.4 -4196 50
406 60 2.4 -4408 94
411 60 2.4 -4296 132
416 60 2.4 -4244 170
422 60 2.4 -4172 2
427 60 2.4 -4012 -92
433 60 2.4 -4168 -296
438 60 2.4 -4024 -352
444 60 2.4 -4284 -670
449 60 2.4 -4320 -594
455 60 2.4 -4200 -698
461 60 2.4 -4316 -906
467 60 2.4 -4136 -898
473 60 2.4 -4272 -912
479 60 2.4 -4292 -958
485 60 2.4 -4152 -1068
492 60 2.4 -4452 -1134
498 60 2.4 -4524 -1026
504 60 2.4 -4464 -992
511 60 2.4 -4384 -922
517 60 2.4 -4104 -966
524 60 2.4 -4248 -920
531 60 2.4 -4324 -1000
538 60 2.4 -4276 -904
545 60 2.4 -4380 -1136
552 60 2.4 -4688 -1214
559 60 2.4 -4336 -1048
566 60 2.4 -4280 -1104
573 60 2.4 -4504 -910
581 60 2.4 -4524 -1124
588 60 2.4 -4276 -742
596 60 2.4 -4292 -876
603 60 2.4 -4388 -738
611 60 2.4 -4400 -608
619 60 2.4 -4540 -590
627 60 2.4 -4312 -552
635 60 2.4 -4424 -932
643 60 2.4 -4376 -656
652 60 2.4 -4300 -538
660 60 2.4 -4260 -144
668 60 2.4 -4452 -60
677 60 2.4 -4420 -122
686 60 2.4 -4608 142
695 60 2.4 -4316 32
704 60 2.4 -4556 -32
713 60 2.4 -4596 138
722 60 2.4 -4624 394
731 60 2.4 -4696 352
741 60 2.4 -4576 482
750 60 2.4 -4264 542
760 60 2.4 -4508 672
770 60 2.4 -4188 176
780 60 2.4 -4124 288
790 60 2.4 -4316 182
800 60 2.4 -4336 202
810 60 2.4 -4204 380
821 60 2.4 -4144 228
831 60 2.4 -4196 406
842 60 2.4 -4348 678
853 60 2.4 -4304 576
864 60 2.4 -4384 566
875 60 2.4 -4556 416
886 60 2.4 -4600 266
897 60 2.4 -4460 384
909 60 2.4 -4604 722
921 60 2.4 -4392 580
933 60 2.4 -4044 908
945 60 2.4 -4616 964
957 60 2.4 -4392 908
969 60 2.4 -4444 792
982 60 2.4 -4168 560
994 60 2.4 -4172 616
1007 60 2.4 -4384 168
1020 60 2.4 -4268 -360
1033 60 2.4 -4456 -500
1047 60 2.4 -4332 -314
1060 60 2.4 -4216 140
1074 60 2.4 -4512 -182
1088 60 2.4 -4440 -316
1102 60 2.4 -4344 -202
1116 60 2.4 -4136 -128
1130 60 2.4 -4396 -44
1145 60 2.4 -4320 -324
1160 60 2.4 -4580 -428
1174 60 2.4 -4132 -170
1190 60 2.4 -4216 -274
1205 60 2.4 -4132 -464
1220 60 2.4 -4484 -490
1236 60 2.4 -4408 -772
1252 60 2.4 -4308 -556
1268 60 2.4 -4360 -632
1285 60 2.4 -4232 -660
1301 60 2.4 -4484 -624
1318 60 2.4 -4280 -568
1335 60 2.4 -4244 -560
1352 60 2.4 -4292 -762
1370 60 2.4 -4388 -744
1387 60 2.4 -4308 -900
1405 60 2.4 -4332 -652
1423 60 2.4 -4580 -950
1442 60 2.4 -4468 -1044
1460 60 2.4 -4412 -1162
1479 60 2.4 -4412 -1402
1498 60 2.4 -4452 -1246
1517 60 2.4 -4484 -1154
1537 60 2.4 -4572 -1154
1557 60 2.4 -4476 -1166
1577 60 2.4 -4540 -1232
1597 60 2.4 -4232 -1070
1618 60 2.4 -4612 -1220
1639 60 2.4 -4568 -1300
1660 60 2.4 -4408 -1064
1681 60 2.4 -4140 -930
1703 60 2.4 -4276 -1350
1725 60 2.4 -4200 -874
1747 60 2.4 -4228 -532
1770 60 2.4 -4104 -88
1792 60 2.4 -4236 94
1816 60 2.4 -4356 -290
1839 60 2.4 -4312 -120
1863 60 2.4 -4048 -358
1887 60 2.4 -4288 -552
1911 60 2.4 -4216 -506
1936 60 2.4 -4304 -604
1961 60 2.4 -4320 -692
1986 60 2.4 -4428 -408
2012 60 2.4 -4616 -66
2037 60 2.4 -4668 64
2064 60 2.4 -4488 144
2090 60 2.4 -4356 206
2117 60 2.4 -4176 126
2145 60 2.4 -4108 -260
2172 60 2.4 -4640 56
2200 60 2.4 -4356 -348
2229 60 2.4 -4100 -676
2257 60 2.4 -4256 -1276
2286 60 2.4 -4240 -1232
2316 60 2.4 -4420 -1042
2346 60 2.4 -4328 -486
2376 60 2.4 -4348 -1078
2407 60 2.4 -4024 -944
2438 60 2.4 -4248 -630
2469 60 2.4 -4356 -506
2501 60 2.4 -4220 -1086
2533 60 2.4 -4480 -1536
2566 60 2.4 -4628 -1504
2599 60 2.4 -4348 -1560
2633 60 2.4 -4276 -1088
2667 60 2.4 -4564 -1248
2701 60 2.4 -4220 -1204
2736 60 2.4 -4256 -708
2771 60 2.4 -4496 -1436
2807 60 2.4 -4128 -1094
2843 60 2.4 -4204 -748
2880 60 2.4 -4448 -746
2917 60 2.4 -4076 -550
2954 60 2.4 -4224 -222
2992 60 2.4 -4388 -680
3031 60 2.4 -4148 -424
3070 60 2.4 -4288 -710
3110 60 2.4 -4308 -700
3150 60 2.4 -4280 -260
3190 60 2.4 -4044 -454
3232 60 2.4 -3996 -252
3273 60 2.4 -4160 -388
3315 60 2.4 -4144 -636
3358 60 2.4 -4240 -222
3402 60 2.4 -4200 216
3445 60 2.4 -4272 188
3490 60 2.4 -4200 -424
3535 60 2.4 -4156 -488
3580 60 2.4 -4044 -410
3627 60 2.4 -4352 190
3673 60 2.4 -4392 -48
3721 60 2.4 -4256 -242
3769 60 2.4 -4576 -228
3817 60 2.4 -4152 -40
3867 60 2.4 -4408 128
3916 60 2.4 -4328 -122
3967 60 2.4 -4400 126
4018 60 2.4 -4372 122
4070 60 2.4 -4168 64
4122 60 2.4 -4516 -168
4176 60 2.4 -4080 272
4229 60 2.4 -4328 250
4284 60 2.4 -4048 -44
4339 60 2.4 -4396 -184
4395 60 2.4 -4216 -60
4452 60 2.4 -4444 -250
4509 60 2.4 -4280 -850
4567 60 2.4 -4572 -1908
4626 60 2.4 -4540 -1918
4686 60 2.4 -4624 -2062
4746 60 2.4 -4804 -2312
4808 60 2.4 -4372 -1760
4870 60 2.4 -4368 -1540
4932 60 2.4 -4568 -844
4996 60 2.4 -4564 -1050
5060 60 2.4 -4276 -872
5126 60 2.4 -4444 -44
5192 60 2.4 -4060 -94
5259 60 2.4 -4192 456
5327 60 2.4 -4376 442
5395 60 2.4 -4376 980
5465 60 2.4 -4312 1314
5535 60 2.4 -4372 1630
5607 60 2.4 -4328 420
5679 60 2.4 -4348 474
5752 60 2.4 -4260 472
5826 60 2.4 -4400 378
5902 60 2.4 -4260 246
5978 60 2.4 -4220 -52
6055 60 2.4 -4420 -358
6133 60 2.4 -4560 -826
6212 60 2.4 -4360 -1050
6292 60 2.4 -4176 -650
6373 60 2.4 -4280 -126
6455 60 2.4 -4156 -582
6539 60 2.4 -4500 -320
6623 60 2.4 -4192 -216
6708 60 2.4 -4192 -982
6795 60 2.4 -4312 -644
6883 60 2.4 -4420 -688
6971 60 2.4 -4312 44
7061 60 2.4 -4468 426
7152 60 2.4 -4172 106
7245 60 2.4 -4264 -640
7338 60 2.4 -4556 -1344
7433 60 2.4 -4480 -1018
7529 60 2.4 -4408 -1098
7626 60 2.4 -4536 -1260
7724 60 2.4 -4416 -392
7824 60 2.4 -4500 -948
7925 60 2.4 -4300 -604
8027 60 2.4 -4248 210
8130 60 2.4 -4248 392
8235 60 2.4 -4380 358
8341 60 2.4 -4316 -152
8449 60 2.4 -4440 -64
8558 60 2.4 -4336 540
8668 60 2.4 -4312 50
8780 60 2.4 -4276 -730
8893 60 2.4 -4276 -454
9008 60 2.4 -4172 680
9124 60 2.4 -4412 1148
9242 60 2.4 -4296 12
9361 60 2.4 -4268 756
9482 60 2.4 -4368 -148
9604 60 2.4 -4600 -144
9728 60 2.4 -4248 294
9853 60 2.4 -4592 -296
9980 60 2.4 -4280 364
10109 60 2.4 -4136 772
10240 60 2.4 -4332 792
10372 60 2.4 -4388 194
10505 60 2.4 -4188 206
10641 60 2.4 -4392 348
10778 60 2.4 -4500 -246
10917 60 2.4 -4152 228
11058 60 2.4 -4272 -236
11201 60 2.4 -4380 -272
11345 60 2.4 -4440 774
11491 60 2.4 -4204 1146
11640 60 2.4 -4328 948
11790 60 2.4 -4244 34
11942 60 2.4 -4332 718
12096 60 2.4 -4688 1176
12252 60 2.4 -4324 872
12410 60 2.4 -4432 388
12570 60 2.4 -4260 936
12732 60 2.4 -4476 1188
12896 60 2.4 -4168 608
13062 60 2.4 -4260 564
13231 60 2.4 -4464 704
13402 60 2.4 -4264 688
13574 60 2.4 -4388 1200
13750 60 2.4 -4408 -242
13927 60 2.4 -4140 832
14106 60 2.4 -4316 -358
14288 60 2.4 -4152 -72
14473 60 2.4 -4428 -52
14659 60 2.4 -4204 400
14848 60 2.4 -4392 -288
15040 60 2.4 -4436 1026
15234 60 2.4 -4284 684
15430 60 2.4 -4000 12
15629 60 2.4 -4344 730
15831 60 2.4 -4160 -198
16035 60 2.4 -4372 -882
16242 60 2.4 -4332 1320
16451 60 2.4 -4272 1052
16664 60 2.4 -4476 8
16879 60 2.4 -4180 1470
17096 60 2.4 -4180 -56
17317 60 2.4 -4332 -2
17540 60 2.4 -4220 -458
17766 60 2.4 -4368 -908
17995 60 2.4 -4384 -1040
18228 60 2.4 -4524 -948
18463 60 2.4 -4560 -1214
18701 60 2.4 -4628 -1574
18942 60 2.4 -4300 -1060
19186 60 2.4 -4328 -512
19434 60 2.4 -4272 176
19684 60 2.4 -4460 250
19938 60 2.4 -4136 60
20195 60 2.4 -4096 466
20456 60 2.4 -4080 276
20720 60 2.4 -4512 1012
20987 60 2.4 -4492 1602
21258 60 2.4 -4268 948
21532 60 2.4 -4544 -912
21810 60 2.4 -4052 -624
22091 60 2.4 -4368 -812
22376 60 2.4 -4376 -882
22664 60 2.4 -4424 -200
22957 60 2.4 -4188 1516
23253 60 2.4 -4264 1234
23553 60 2.4 -4512 1168
23856 60 2.4 -4156 264
24164 60 2.4 -4324 1218
24476 60 2.4 -4228 -190
24791 60 2.4 -4460 -454
25111 60 2.4 -4088 -474
25435 60 2.4 -4756 -1590
25763 60 2.4 -4736 -250
26095 60 2.4 -4304 392
26432 60 2.4 -4444 518
26773 60 2.4 -4588 558
27118 60 2.4 -4664 1712
27468 60 2.4 -4496 1002
27822 60 2.4 -4312 -170
28181 60 2.4 -4160 -840
28545 60 2.4 -4312 -560
28913 60 2.4 -4344 -560
29286 60 2.4 -4140 -258
29663 60 2.4 -4456 552
30046 60 2.4 -4380 766
30434 60 2.4 -4100 -466
30826 60 2.4 -4184 34
31224 60 2.4 -4644 -840
31626 60 2.4 -4216 -238
32034 60 2.4 -4208 -570
32447 60 2.4 -4612 694
32866 60 2.4 -4404 982
33290 60 2.4 -4096 -688
33719 60 2.4 -3924 542
34154 60 2.4 -4188 -68
34595 60 2.4 -4304 1284
35041 60 2.4 -4092 558
35493 60 2.4 -4436 1626
35951 60 2.4 -4260 -370
36414 60 2.4 -4528 954
36884 60 2.4 -4324 -932
37360 60 2.4 -4584 -1796
37841 60 2.4 -4328 -1290
38330 60 2.4 -4268 -86
38824 60 2.4 -4356 284
39325 60 2.4 -4364 -654
39832 60 2.4 -4128 -276
40346 60 2.4 -4036 -362
40866 60 2.4 -4408 1686
41393 60 2.4 -4248 742
41927 60 2.4 -4112 374
42468 60 2.4 -4328 -368
43015 60 2.4 -4324 -674
43570 60 2.4 -4480 -1010
44132 60 2.4 -4308 1496
44701 60 2.4 -4372 -58
45278 60 2.4 -4564 -284
45862 60 2.4 -4824 1420
46453 60 2.4 -4064 -470
47053 60 2.4 -4384 652
47660 60 2.4 -4472 -1238
48274 60 2.4 -4492 274
48897 60 2.4 -4404 102
49528 60 2.4 -4708 880
50166 60 2.4 -4124 -22
50813 60 2.4 -4152 234
51469 60 2.4 -4500 -328
52133 60 2.4 -4052 -76
52805 60 2.4 -4464 1720
53486 60 2.4 -4520 -514
54176 60 2.4 -4520 -432
54875 60 2.4 -4316 -740
55582 60 2.4 -4500 196
56299 60 2.4 -4268 546
57025 60 2.4 -3940 -518
57761 60 2.4 -4260 -456
58506 60 2.4 -4388 -462
59261 60 2.4 -4264 380
60025 60 2.4 -4256 488
60799 60 2.4 -4340 340
61583 60 2.4 -4448 476
62378 60 2.4 -4252 -136
63182 60 2.4 -4336 -392
63997 60 2.4 -4140 -344
64822 60 2.4 -4104 -262
65658 60 2.4 -3944 708
66505 60 2.4 -4424 -540
67363 60 2.4 -4304 -1276
68232 60 2.4 -4328 -168
69112 60 2.4 -4116 116
70003 60 2.4 -4152 -36
70906 60 2.4 -4084 -548
71821 60 2.4 -4644 -520
72747 60 2.4 -4224 -152
73685 60 2.4 -4060 -1056
74636 60 2.4 -4424 -630
75599 60 2.4 -4364 308
76574 60 2.4 -4192 -906
77561 60 2.4 -4732 1058
78562 60 2.4 -4304 -318
79575 60 2.4 -4412 -156
80601 60 2.4 -4516 -302
81641 60 2.4 -4308 224
82694 60 2.4 -4280 -110
83760 60 2.4 -4252 -1046
84841 60 2.4 -4392 -150
85935 60 2.4 -4240 1038
87043 60 2.4 -4512 956
88166 60 2.4 -4396 -372
89303 60 2.4 -4212 974
90455 60 2.4 -4132 -454
91622 60 2.4 -4352 -1280
92803 60 2.4 -4648 324
94000 60 2.4 -4132 338
95213 60 2.4 -4308 -234
96441 60 2.4 -4252 574
97685 60 2.4 -4484 -1256
98945 60 2.4 -4220 -1078
100221 60 2.4 -4164 174
101513 60 2.4 -4228 -1152
102823 60 2.4 -4608 916
104149 60 2.4 -4560 1022
105492 60 2.4 -4232 588
106853 60 2.4 -4460 390
108231 60 2.4 -4316 788
109627 60 2.4 -4416 -816
111041 60 2.4 -4060 416
112473 60 2.4 -4188 -390
113924 60 2.4 -4284 -856
115393 60 2.4 -4328 254
116882 60 2.4 -4208 104
118389 60 2.4 -4324 714
119916 60 2.4 -4308 -1132
121463 60 2.4 -4400 -492
123029 60 2.4 -4096 278
124616 60 2.4 -4640 -200
126224 60 2.4 -4164 -1144
127852 60 2.4 -4316 720
129501 60 2.4 -4392 -886
131171 60 2.4 -4164 552
132863 60 2.4 -4316 -362
134576 60 2.4 -4192 -1074
136312 60 2.4 -4600 -44
138070 60 2.4 -4324 -320
139851 60 2.4 -4368 -674
141655 60 2.4 -4308 -986
143482 60 2.4 -4332 -138
145333 60 2.4 -4480 92
147207 60 2.4 -4248 -62
149106 60 2.4 -4472 -658
151029 60 2.4 -4488 372
152977 60 2.4 -4400 -350
154950 60 2.4 -4192 334
156948 60 2.4 -4500 -988
158973 60 2.4 -4340 242
161023 60 2.4 -4564 -1188
163100 60 2.4 -4464 1288
165204 60 2.4 -4204 1164
167334 60 2.4 -4340 -254
169493 60 2.4 -4344 -744
171679 60 2.4 -4388 -744
173893 60 2.4 -4684 1930
176136 60 2.4 -4480 1194
178408 60 2.4 -4120 418
180709 60 2.4 -4384 860
183040 60 2.4 -4364 -2056
185400 60 2.4 -4188 -362
187792 60 2.4 -4416 976
190214 60 2.4 -4568 1878
192667 60 2.4 -4116 444
195152 60 2.4 -4420 288
197669 60 2.4 -4340 -216
200219 60 2.4 -4280 -924
202801 60 2.4 -4156 -412
205417 60 2.4 -4440 1078
208066 60 2.4 -4284 1314
210750 60 2.4 -4328 676
213468 60 2.4 -4128 -900
216222 60 2.4 -4200 944
219010 60 2.4 -4140 -552
221835 60 2.4 -4460 -710
224696 60 2.4 -4280 -54
227595 60 2.4 -4184 -242
230530 60 2.4 -4396 -772
233503 60 2.4 -4380 1484
236515 60 2.4 -4528 -1562
239566 60 2.4 -4420 32
242656 60 2.4 -4428 1298
245785 60 2.4 -4364 822
248956 60 2.4 -4300 680
252167 60 2.4 -4448 -162
255419 60 2.4 -4464 1620
258713 60 2.4 -4216 -530
262050 60 2.4 -4428 -992
265430 60 2.4 -4104 -236
268854 60 2.4 -4052 590
272321 60 2.4 -4428 -984
275834 60 2.4 -4076 344
279391 60 2.4 -4340 1120
282995 60 2.4 -4332 1042
286645 60 2.4 -4488 568
290342 60 2.4 -4428 -1162
294087 60 2.4 -4096 450
297880 60 2.4 -4076 214
301722 60 2.4 -4488 626
305614 60 2.4 -4248 -702
309556 60 2.4 -4556 -1554
313548 60 2.4 -4120 324
317592 60 2.4 -4416 894
321689 60 2.4 -4484 1490
325838 60 2.4 -4248 1128
330040 60 2.4 -3976 298
334297 60 2.4 -4304 -1014
338609 60 2.4 -4448 438
342976 60 2.4 -4248 950
347400 60 2.4 -4444 -1736
351881 60 2.4 -4368 152
356419 60 2.4 -4212 -262
361016 60 2.4 -4448 -868
365673 60 2.4 -4812 1192
370389 60 2.4 -4424 244
375167 60 2.4 -4568 1262
380005 60 2.4 -4624 -1334
384907 60 2.4 -4200 686
389871 60 2.4 -4304 990
394900 60 2.4 -4316 -334
399993 60 2.4 -4412 -1142
405152 60 2.4 -4112 362
410378 60 2.4 -4352 -346
415671 60 2.4 -4316 644
421032 60 2.4 -4280 -916
426463 60 2.4 -4296 314
431963 60 2.4 -4068 752
437535 60 2.4 -4400 -392
443178 60 2.4 -4476 -894
448894 60 2.4 -4324 256
454684 60 2.4 -4160 -928
460548 60 2.4 -4168 -118
466489 60 2.4 -4264 -788
472505 60 2.4 -4408 -376
478600 60 2.4 -4532 1720
484773 60 2.4 -4344 860
491025 60 2.4 -4384 310
497358 60 2.4 -4172 -248
503773 60 2.4 -4304 -708
510271 60 2.4 -4196 -354
516852 60 2.4 -4084 -380
523519 60 2.4 -4400 758
530271 60 2.4 -4224 -230
537111 60 2.4 -4276 -1210
544038 60 2.4 -4304 -400
551055 60 2.4 -4236 -378
558163 60 2.4 -4468 -466
565362 60 2.4 -4348 -1654
572654 60 2.4 -4308 360
580040 60 2.4 -4300 -886
587521 60 2.4 -4152 120
595099 60 2.4 -4528 510
602775 60 2.4 -4428 -356
610549 60 2.4 -4328 -824
618424 60 2.4 -4504 -706
626400 60 2.4 -4232 -230
634480 60 2.4 -4164 650
642663 60 2.4 -4248 674
650952 60 2.4 -4272 -82
659348 60 2.4 -4312 876
667853 60 2.4 -4220 944
676467 60 2.4 -4436 -342
685192 60 2.4 -4344 248
694029 60 2.4 -4356 -226
702981 60 2.4 -4708 1678
712048 60 2.4 -4428 328
721232 60 2.4 -4136 -428
730534 60 2.4 -4452 38
739957 60 2.4 -4132 806
749500 60 2.4 -4476 -492
759168 60 2.4 -4248 -54
768959 60 2.4 -4252 -336
778877 60 2.4 -4148 78
788923 60 2.4 -4232 152
799099 60 2.4 -4504 400
809405 60 2.4 -4288 1094
819845 60 2.4 -4272 32
830419 60 2.4 -4288 196
841130 60 2.4 -4140 -112
851979 60 2.4 -4288 -1068
862968 60 2.4 -4452 -868
874098 60 2.4 -4388 -482
885373 60 2.4 -4408 800
896792 60 2.4 -3912 -218
908359 60 2.4 -4228 374
920075 60 2.4 -4388 -272
931942 60 2.4 -4424 178
943962 60 2.4 -4148 -528
956137 60 2.4 -4364 348
968470 60 2.4 -4252 158
980961 60 2.4 -4448 324
993613 60 2.4 -4204 -232
999999 60 2.4 -4372 -364
