3 100 2.4 -16296 8746
4 100 2.4 -15808 8560
5 100 2.4 -15640 8474
6 100 2.4 -15128 8200
7 100 2.4 -15096 8200
8 100 2.4 -14928 8066
9 100 2.4 -14788 7906
10 100 2.4 -14488 7692
11 100 2.4 -14264 7480
12 100 2.4 -13992 7356
13 100 2.4 -13856 7352
14 100 2.4 -13940 7240
15 100 2.4 -13772 7150
16 100 2.4 -13968 7082
17 100 2.4 -13624 6924
18 100 2.4 -13500 6918
19 100 2.4 -13732 7002
20 100 2.4 -13488 6852
21 100 2.4 -13284 6800
22 100 2.4 -13424 6752
23 100 2.4 -13360 6706
24 100 2.4 -13392 6668
25 100 2.4 -13448 6604
26 100 2.4 -13508 6740
27 100 2.4 -13680 6736
28 100 2.4 -13692 6772
29 100 2.4 -13652 6742
30 100 2.4 -13668 6722
31 100 2.4 -13560 6582
32 100 2.4 -13228 6458
33 100 2.4 -13508 6518
34 100 2.4 -13512 6546
35 100 2.4 -13312 6578
36 100 2.4 -13280 6500
37 100 2.4 -13064 6448
38 100 2.4 -13280 6470
39 100 2.4 -13444 6580
40 100 2.4 -13084 6362
41 100 2.4 -13156 6352
42 100 2.4 -12968 6216
43 100 2.4 -13164 6262
44 100 2.4 -13092 6230
45 100 2.4 -13164 6262
46 100 2.4 -13316 6200
47 100 2.4 -13268 6192
48 100 2.4 -13236 6216
49 100 2.4 -13064 6086
50 100 2.4 -13208 6102
51 100 2.4 -13140 6028
52 100 2.4 -13352 6014
53 100 2.4 -13068 5946
54 100 2.4 -12748 5738
55 100 2.4 -12888 5868
56 100 2.4 -12948 6014
57 100 2.4 -13056 6022
58 100 2.4 -13356 5956
59 100 2.4 -13356 5972
60 100 2.4 -12892 5772
61 100 2.4 -12920 5690
62 100 2.4 -12840 5546
63 100 2.4 -12884 5332
64 100 2.4 -12980 5270
65 100 2.4 -12668 5232
66 100 2.4 -12684 5284
67 100 2.4 -12692 5196
68 100 2.4 -12892 5278
69 100 2.4 -12448 5046
70 100 2.4 -12628 5052
71 100 2.4 -12816 5136
72 100 2.4 -12588 5180
73 100 2.4 -12596 5276
74 100 2.4 -12592 5354
75 100 2.4 -12684 5488
76 100 2.4 -12788 5602
77 100 2.4 -12836 5558
78 100 2.4 -12692 5438
79 100 2.4 -12756 5438
80 100 2.4 -12816 5356
81 100 2.4 -12460 5242
82 100 2.4 -12652 5284
83 100 2.4 -12656 5244
84 100 2.4 -12728 5288
85 100 2.4 -12980 5414
86 100 2.4 -13000 5386
88 100 2.4 -12752 5364
89 100 2.4 -12720 5376
90 100 2.4 -12752 5344
91 100 2.4 -12768 5516
92 100 2.4 -12956 5528
93 100 2.4 -12644 5440
95 100 2.4 -12532 5364
96 100 2.4 -12468 5304
97 100 2.4 -12436 5388
98 100 2.4 -12784 5394
99 100 2.4 -12792 5336
101 100 2.4 -12888 5336
102 100 2.4 -13028 5368
103 100 2.4 -12948 5342
105 100 2.4 -12712 5170
106 100 2.4 -12492 5074
107 100 2.4 -12224 5054
109 100 2.4 -12532 4992
110 100 2.4 -12300 4916
112 100 2.4 -12344 5112
113 100 2.4 -12468 5016
114 100 2.4 -12388 5180
116 100 2.4 -12596 5240
117 100 2.4 -12500 5110
119 100 2.4 -12796 5248
120 100 2.4 -12708 5126
122 100 2.4 -12664 5042
124 100 2.4 -12564 4866
125 100 2.4 -12500 4818
127 100 2.4 -12664 4944
128 100 2.4 -12496 4774
130 100 2.4 -12708 4850
132 100 2.4 -12556 4808
133 100 2.4 -12804 4940
135 100 2.4 -13040 4840
137 100 2.4 -12796 4794
139 100 2.4 -12756 4818
140 100 2.4 -12540 4682
142 100 2.4 -12316 4500
144 100 2.4 -12352 4532
146 100 2.4 -12644 4662
148 100 2.4 -12748 4454
150 100 2.4 -12280 4136
152 100 2.4 -12176 4070
154 100 2.4 -12180 3970
155 100 2.4 -12348 3936
157 100 2.4 -12044 3866
160 100 2.4 -12184 3522
162 100 2.4 -12260 3308
164 100 2.4 -11988 3182
166 100 2.4 -12020 3078
168 100 2.4 -11932 3068
170 100 2.4 -12400 3288
172 100 2.4 -12536 3254
174 100 2.4 -12356 3354
177 100 2.4 -11908 3206
179 100 2.4 -12196 3340
181 100 2.4 -12444 3258
184 100 2.4 -12384 3124
186 100 2.4 -12440 3202
188 100 2.4 -12420 3430
191 100 2.4 -12416 3656
193 100 2.4 -12636 3898
196 100 2.4 -12312 3844
198 100 2.4 -12564 3810
201 100 2.4 -12408 3818
203 100 2.4 -12424 3914
206 100 2.4 -12012 3832
209 100 2.4 -11908 3596
211 100 2.4 -12008 3586
214 100 2.4 -11916 3494
217 100 2.4 -11968 3774
220 100 2.4 -11952 3588
222 100 2.4 -11936 3522
225 100 2.4 -12336 3592
228 100 2.4 -12060 3504
231 100 2.4 -12136 3174
234 100 2.4 -12028 2946
237 100 2.4 -12180 2910
240 100 2.4 -12084 3132
243 100 2.4 -12168 3022
246 100 2.4 -12084 2918
250 100 2.4 -11924 2608
253 100 2.4 -11984 2548
256 100 2.4 -12016 2598
259 100 2.4 -11864 2746
263 100 2.4 -12384 2712
266 100 2.4 -12172 2692
269 100 2.4 -11996 2440
273 100 2.4 -12016 2440
276 100 2.4 -12096 2268
280 100 2.4 -12092 2116
284 100 2.4 -12700 2692
287 100 2.4 -12496 2850
291 100 2.4 -12140 2780
295 100 2.4 -12228 2584
298 100 2.4 -11992 2426
302 100 2.4 -12000 2494
306 100 2.4 -12272 2340
310 100 2.4 -11880 2088
314 100 2.4 -12044 1836
318 100 2.4 -11796 1542
322 100 2.4 -11688 1390
326 100 2.4 -12060 1116
331 100 2.4 -12192 1190
335 100 2.4 -12068 828
339 100 2.4 -12052 720
344 100 2.4 -11972 894
348 100 2.4 -11964 308
352 100 2.4 -11964 228
357 100 2.4 -11888 332
362 100 2.4 -12272 48
366 100 2.4 -11984 174
371 100 2.4 -12156 564
376 100 2.4 -12120 544
381 100 2.4 -12212 26
385 100 2.4 -12280 472
390 100 2.4 -12484 390
395 100 2.4 -11628 -26
401 100 2.4 -11748 360
406 100 2.4 -11900 66
411 100 2.4 -12164 -182
416 100 2.4 -12260 108
422 100 2.4 -12016 46
427 100 2.4 -12164 -190
433 100 2.4 -11700 130
438 100 2.4 -11744 216
444 100 2.4 -12164 8
449 100 2.4 -12224 132
455 100 2.4 -11932 -228
461 100 2.4 -12068 -422
467 100 2.4 -12252 -108
473 100 2.4 -12176 152
479 100 2.4 -11964 40
485 100 2.4 -11992 22
492 100 2.4 -12304 298
498 100 2.4 -12188 96
504 100 2.4 -12032 -96
511 100 2.4 -12376 -464
517 100 2.4 -11672 -432
524 100 2.4 -12136 -464
531 100 2.4 -12364 -520
538 100 2.4 -12004 -390
545 100 2.4 -12344 -56
552 100 2.4 -12336 280
559 100 2.4 -12104 -28
566 100 2.4 -11964 202
573 100 2.4 -12280 66
581 100 2.4 -12244 152
588 100 2.4 -12208 -146
596 100 2.4 -11936 -264
603 100 2.4 -11984 -402
611 100 2.4 -11844 -680
619 100 2.4 -12092 -388
627 100 2.4 -11904 -366
635 100 2.4 -12108 -186
643 100 2.4 -12088 -378
652 100 2.4 -12240 -438
660 100 2.4 -12368 -384
668 100 2.4 -12232 -858
677 100 2.4 -12248 -832
686 100 2.4 -11988 -670
695 100 2.4 -12284 -640
704 100 2.4 -12332 -678
713 100 2.4 -12456 -988
722 100 2.4 -12308 -1032
731 100 2.4 -12176 -1016
741 100 2.4 -11984 -1400
750 100 2.4 -11996 -1970
760 100 2.4 -12552 -1704
770 100 2.4 -12104 -1480
780 100 2.4 -12336 -1608
790 100 2.4 -12036 -1280
800 100 2.4 -12160 -1350
810 100 2.4 -11792 -1672
821 100 2.4 -12656 -1306
831 100 2.4 -11916 -930
842 100 2.4 -12088 -1408
853 100 2.4 -12488 -1338
864 100 2.4 -12180 -1000
875 100 2.4 -11976 -442
886 100 2.4 -11948 -600
897 100 2.4 -11968 -776
909 100 2.4 -12340 -1054
921 100 2.4 -11936 -1096
933 100 2.4 -12080 -884
945 100 2.4 -12180 -568
957 100 2.4 -12376 -784
969 100 2.4 -11548 -936
982 100 2.4 -11704 -418
994 100 2.4 -11500 -160
1007 100 2.4 -11836 216
1020 100 2.4 -11664 392
1033 100 2.4 -11924 488
1047 100 2.4 -12372 650
1060 100 2.4 -11996 868
1074 100 2.4 -11672 548
1088 100 2.4 -11984 1134
1102 100 2.4 -11872 1056
1116 100 2.4 -11928 748
1130 100 2.4 -12008 254
1145 100 2.4 -11752 -84
1160 100 2.4 -12240 -518
1174 100 2.4 -12004 -130
1190 100 2.4 -12176 -218
1205 100 2.4 -11472 -304
1220 100 2.4 -11620 74
1236 100 2.4 -11972 326
1252 100 2.4 -12360 -262
1268 100 2.4 -11888 -264
1285 100 2.4 -12152 176
1301 100 2.4 -12332 242
1318 100 2.4 -12072 -292
1335 100 2.4 -12036 -406
1352 100 2.4 -12116 -256
1370 100 2.4 -12080 -552
1387 100 2.4 -12168 -444
1405 100 2.4 -11960 -1148
1423 100 2.4 -12120 -832
1442 100 2.4 -12284 -898
1460 100 2.4 -12472 -1602
1479 100 2.4 -12204 -1238
1498 100 2.4 -11896 -482
1517 100 2.4 -11956 34
1537 100 2.4 -12124 -602
1557 100 2.4 -11752 -908
1577 100 2.4 -11632 -788
1597 100 2.4 -11776 -812
1618 100 2.4 -12104 -1482
1639 100 2.4 -12172 -2742
1660 100 2.4 -12092 -2702
1681 100 2.4 -12004 -2542
1703 100 2.4 -12068 -2872
1725 100 2.4 -12112 -2310
1747 100 2.4 -12188 -2736
1770 100 2.4 -11992 -2270
1792 100 2.4 -12116 -2550
1816 100 2.4 -12484 -2190
1839 100 2.4 -12316 -1436
1863 100 2.4 -12312 -1324
1887 100 2.4 -12128 -532
1911 100 2.4 -12012 -424
1936 100 2.4 -11688 34
1961 100 2.4 -11988 412
1986 100 2.4 -12152 -132
2012 100 2.4 -12128 -18
2037 100 2.4 -11964 -890
2064 100 2.4 -12148 -618
2090 100 2.4 -11672 -130
2117 100 2.4 -11228 824
2145 100 2.4 -12356 1258
2172 100 2.4 -12488 1398
2200 100 2.4 -11928 1340
2229 100 2.4 -12088 1894
2257 100 2.4 -11868 1858
2286 100 2.4 -12080 2274
2316 100 2.4 -12412 2760
2346 100 2.4 -12288 2896
2376 100 2.4 -12280 2362
2407 100 2.4 -12444 1422
2438 100 2.4 -12176 1594
2469 100 2.4 -12752 1520
2501 100 2.4 -12256 1772
2533 100 2.4 -12132 1320
2566 100 2.4 -11676 1698
2599 100 2.4 -11992 1234
2633 100 2.4 -12256 1518
2667 100 2.4 -12292 1234
2701 100 2.4 -11880 872
2736 100 2.4 -12520 276
2771 100 2.4 -12324 -648
2807 100 2.4 -12276 -652
2843 100 2.4 -12064 -482
2880 100 2.4 -12012 -696
2917 100 2.4 -12100 -288
2954 100 2.4 -11728 -180
2992 100 2.4 -12076 684
3031 100 2.4 -12452 1852
3070 100 2.4 -11796 1648
3110 100 2.4 -12108 860
3150 100 2.4 -12092 1606
3190 100 2.4 -11816 1410
3232 100 2.4 -12116 1994
3273 100 2.4 -12292 1182
3315 100 2.4 -12440 2064
3358 100 2.4 -12140 1640
3402 100 2.4 -12148 1212
3445 100 2.4 -11880 930
3490 100 2.4 -11892 1416
3535 100 2.4 -11776 1052
3580 100 2.4 -12192 768
3627 100 2.4 -11700 922
3673 100 2.4 -12480 1024
3721 100 2.4 -11924 1154
3769 100 2.4 -12156 822
3817 100 2.4 -11912 420
3867 100 2.4 -12512 -562
3916 100 2.4 -11612 222
3967 100 2.4 -12032 1092
4018 100 2.4 -11888 18
4070 100 2.4 -11960 608
4122 100 2.4 -12308 -192
4176 100 2.4 -11892 392
4229 100 2.4 -12252 1436
4284 100 2.4 -11828 1274
4339 100 2.4 -11808 1838
4395 100 2.4 -11940 1036
4452 100 2.4 -12216 202
4509 100 2.4 -12436 552
4567 100 2.4 -11804 912
4626 100 2.4 -11952 728
4686 100 2.4 -11908 956
4746 100 2.4 -12432 1146
4808 100 2.4 -12344 1726
4870 100 2.4 -11672 954
4932 100 2.4 -12200 1244
4996 100 2.4 -11644 840
5060 100 2.4 -11988 868
5126 100 2.4 -11600 812
5192 100 2.4 -12276 1014
5259 100 2.4 -11496 -74
5327 100 2.4 -11836 -866
5395 100 2.4 -11704 -1198
5465 100 2.4 -12128 -892
5535 100 2.4 -11876 -272
5607 100 2.4 -11852 -296
5679 100 2.4 -12040 8
5752 100 2.4 -12108 -312
5826 100 2.4 -12184 -142
5902 100 2.4 -12000 -2022
5978 100 2.4 -11480 -736
6055 100 2.4 -12096 -1324
6133 100 2.4 -11788 -542
6212 100 2.4 -11940 -78
6292 100 2.4 -11848 1204
6373 100 2.4 -11840 1366
6455 100 2.4 -11908 2048
6539 100 2.4 -12272 1556
6623 100 2.4 -12068 446
6708 100 2.4 -11924 578
6795 100 2.4 -11864 234
6883 100 2.4 -11792 -230
6971 100 2.4 -12456 -38
7061 100 2.4 -11912 1010
7152 100 2.4 -11932 8
7245 100 2.4 -11720 304
7338 100 2.4 -12008 -314
7433 100 2.4 -12064 -1202
7529 100 2.4 -11844 -1872
7626 100 2.4 -12036 -2250
7724 100 2.4 -12340 -2298
7824 100 2.4 -11616 -656
7925 100 2.4 -12076 -726
8027 100 2.4 -11704 -212
8130 100 2.4 -11656 890
8235 100 2.4 -12544 1172
8341 100 2.4 -12116 -430
8449 100 2.4 -12184 -516
8558 100 2.4 -12348 -750
8668 100 2.4 -12480 -804
8780 100 2.4 -11948 -234
8893 100 2.4 -11432 -424
9008 100 2.4 -12244 1410
9124 100 2.4 -12216 2096
9242 100 2.4 -12252 2586
9361 100 2.4 -11924 996
9482 100 2.4 -12028 -238
9604 100 2.4 -11880 828
9728 100 2.4 -11856 272
9853 100 2.4 -11628 -36
9980 100 2.4 -11996 1540
10109 100 2.4 -12548 1528
10240 100 2.4 -11988 1144
10372 100 2.4 -11936 1886
10505 100 2.4 -12292 790
10641 100 2.4 -12140 1034
10778 100 2.4 -11848 62
10917 100 2.4 -11700 798
11058 100 2.4 -12176 286
11201 100 2.4 -11928 350
11345 100 2.4 -11880 962
11491 100 2.4 -11828 106
11640 100 2.4 -12252 -1616
11790 100 2.4 -12164 -1196
11942 100 2.4 -12108 -266
12096 100 2.4 -12296 610
12252 100 2.4 -12108 838
12410 100 2.4 -12044 726
12570 100 2.4 -11892 2076
12732 100 2.4 -12068 2824
12896 100 2.4 -12484 2140
13062 100 2.4 -11948 752
13231 100 2.4 -12508 -1954
13402 100 2.4 -12172 -1468
13574 100 2.4 -12084 -998
13750 100 2.4 -11932 -1066
13927 100 2.4 -12032 -356
14106 100 2.4 -12124 556
14288 100 2.4 -12672 1390
14473 100 2.4 -12328 434
14659 100 2.4 -12084 1736
14848 100 2.4 -12152 1430
15040 100 2.4 -11904 1710
15234 100 2.4 -12148 1062
15430 100 2.4 -11856 530
15629 100 2.4 -11948 -130
15831 100 2.4 -12108 -446
16035 100 2.4 -11876 -882
16242 100 2.4 -12016 -324
16451 100 2.4 -12272 -1926
16664 100 2.4 -12208 -2942
16879 100 2.4 -12572 -3546
17096 100 2.4 -12196 -1696
17317 100 2.4 -11880 -2374
17540 100 2.4 -11896 -968
17766 100 2.4 -11752 252
17995 100 2.4 -12316 476
18228 100 2.4 -12076 -1458
18463 100 2.4 -11948 748
18701 100 2.4 -12284 -1502
18942 100 2.4 -12076 -408
19186 100 2.4 -12168 1230
19434 100 2.4 -12136 -818
19684 100 2.4 -12072 -1448
19938 100 2.4 -12640 -972
20195 100 2.4 -11688 -956
20456 100 2.4 -12264 86
20720 100 2.4 -11968 -1626
20987 100 2.4 -12236 -700
21258 100 2.4 -11892 -584
21532 100 2.4 -11416 -1184
21810 100 2.4 -11456 -1356
22091 100 2.4 -11812 202
22376 100 2.4 -11700 540
22664 100 2.4 -12092 -1036
22957 100 2.4 -11872 -418
23253 100 2.4 -12492 -102
23553 100 2.4 -11992 1604
23856 100 2.4 -11924 2144
24164 100 2.4 -12092 1850
24476 100 2.4 -11804 2838
24791 100 2.4 -11716 -610
25111 100 2.4 -11816 1784
25435 100 2.4 -12604 950
25763 100 2.4 -11840 350
26095 100 2.4 -11920 -548
26432 100 2.4 -11424 804
26773 100 2.4 -11624 -52
27118 100 2.4 -12316 1694
27468 100 2.4 -11888 -22
27822 100 2.4 -11648 30
28181 100 2.4 -12696 -800
28545 100 2.4 -11552 -226
28913 100 2.4 -11820 -338
29286 100 2.4 -12156 218
29663 100 2.4 -11948 832
30046 100 2.4 -11992 1694
30434 100 2.4 -12108 -166
30826 100 2.4 -12132 -2382
31224 100 2.4 -11900 -702
31626 100 2.4 -11932 -210
32034 100 2.4 -11984 -1804
32447 100 2.4 -12340 -240
32866 100 2.4 -12492 800
33290 100 2.4 -12128 -1970
33719 100 2.4 -12216 -1256
34154 100 2.4 -11944 -1890
34595 100 2.4 -12224 -606
35041 100 2.4 -12200 980
35493 100 2.4 -12332 -1508
35951 100 2.4 -12076 446
36414 100 2.4 -11872 -1906
36884 100 2.4 -12332 -2762
37360 100 2.4 -11676 -1736
37841 100 2.4 -12056 452
38330 100 2.4 -12316 692
38824 100 2.4 -11652 444
39325 100 2.4 -11800 1264
39832 100 2.4 -12296 1152
40346 100 2.4 -11764 -972
40866 100 2.4 -11852 -262
41393 100 2.4 -12168 -600
41927 100 2.4 -12028 -1034
42468 100 2.4 -12032 -430
43015 100 2.4 -11836 -484
43570 100 2.4 -11796 -600
44132 100 2.4 -12356 -104
44701 100 2.4 -12468 1934
45278 100 2.4 -11916 116
45862 100 2.4 -11692 94
46453 100 2.4 -11528 702
47053 100 2.4 -11612 -206
47660 100 2.4 -12140 -316
48274 100 2.4 -12172 1656
48897 100 2.4 -12352 2400
49528 100 2.4 -12040 -398
50166 100 2.4 -12556 -2258
50813 100 2.4 -12132 -1112
51469 100 2.4 -12020 -646
52133 100 2.4 -12212 -984
52805 100 2.4 -12404 646
53486 100 2.4 -12016 -3602
54176 100 2.4 -12252 -336
54875 100 2.4 -11400 1144
55582 100 2.4 -12084 824
56299 100 2.4 -12804 -328
57025 100 2.4 -12024 270
57761 100 2.4 -11612 -250
58506 100 2.4 -11604 -708
59261 100 2.4 -11784 1314
60025 100 2.4 -11952 -1616
60799 100 2.4 -11900 1720
61583 100 2.4 -12288 -1116
62378 100 2.4 -12468 -3422
63182 100 2.4 -11948 -502
63997 100 2.4 -11928 722
64822 100 2.4 -12456 1152
65658 100 2.4 -11920 -622
66505 100 2.4 -12252 1008
67363 100 2.4 -11996 576
68232 100 2.4 -12416 1162
69112 100 2.4 -11488 -1056
70003 100 2.4 -12256 1558
70906 100 2.4 -11872 -588
71821 100 2.4 -11960 -1934
72747 100 2.4 -12212 -1698
73685 100 2.4 -11808 908
74636 100 2.4 -12088 2124
75599 100 2.4 -12344 692
76574 100 2.4 -12424 2064
77561 100 2.4 -11728 -1282
78562 100 2.4 -11684 72
79575 100 2.4 -12368 904
80601 100 2.4 -12012 1046
81641 100 2.4 -11856 1464
82694 100 2.4 -11696 -1030
83760 100 2.4 -12468 2768
84841 100 2.4 -11680 914
85935 100 2.4 -12312 -1488
87043 100 2.4 -11776 -2552
88166 100 2.4 -12176 512
89303 100 2.4 -12032 850
90455 100 2.4 -12508 -1770
91622 100 2.4 -12368 -390
92803 100 2.4 -12152 -1536
94000 100 2.4 -11988 1016
95213 100 2.4 -11748 -1666
96441 100 2.4 -12360 52
97685 100 2.4 -12080 -1020
98945 100 2.4 -12328 1134
100221 100 2.4 -12160 1608
101513 100 2.4 -12308 -2026
102823 100 2.4 -11932 1350
104149 100 2.4 -12140 -1352
105492 100 2.4 -11792 -1896
106853 100 2.4 -12164 1214
108231 100 2.4 -12088 382
109627 100 2.4 -12196 -52
111041 100 2.4 -11664 -776
112473 100 2.4 -12644 -2296
113924 100 2.4 -12432 -1398
115393 100 2.4 -11948 -82
116882 100 2.4 -12244 1260
118389 100 2.4 -11616 -182
119916 100 2.4 -11996 962
121463 100 2.4 -12392 -1198
123029 100 2.4 -12100 368
124616 100 2.4 -12508 -1326
126224 100 2.4 -12048 -306
127852 100 2.4 -12396 1886
129501 100 2.4 -12196 3176
131171 100 2.4 -11972 -2414
132863 100 2.4 -12000 -1462
134576 100 2.4 -12760 -524
136312 100 2.4 -12428 -1872
138070 100 2.4 -12184 1914
139851 100 2.4 -11896 -1122
141655 100 2.4 -12244 -1278
143482 100 2.4 -11656 22
145333 100 2.4 -12044 -814
147207 100 2.4 -12192 -1664
149106 100 2.4 -12368 -1422
151029 100 2.4 -12364 -260
152977 100 2.4 -11804 -688
154950 100 2.4 -11976 -702
156948 100 2.4 -11840 192
158973 100 2.4 -12304 -1444
161023 100 2.4 -11912 -2694
163100 100 2.4 -11964 1068
165204 100 2.4 -11808 -260
167334 100 2.4 -12240 1444
169493 100 2.4 -12328 1236
171679 100 2.4 -12168 -1206
173893 100 2.4 -12300 862
176136 100 2.4 -12260 -2812
178408 100 2.4 -12396 -844
180709 100 2.4 -11992 208
183040 100 2.4 -12168 -1142
185400 100 2.4 -12088 2
187792 100 2.4 -11588 -1784
190214 100 2.4 -11644 184
192667 100 2.4 -11588 -1146
195152 100 2.4 -12188 -172
197669 100 2.4 -11764 1230
200219 100 2.4 -12080 782
202801 100 2.4 -11688 -1684
205417 100 2.4 -12048 186
208066 100 2.4 -12116 -74
210750 100 2.4 -11960 838
213468 100 2.4 -11984 -504
216222 100 2.4 -11844 242
219010 100 2.4 -11804 2704
221835 100 2.4 -12428 -636
224696 100 2.4 -11868 -146
227595 100 2.4 -12432 -1892
230530 100 2.4 -11984 -1566
233503 100 2.4 -11800 62
236515 100 2.4 -11960 1116
239566 100 2.4 -11904 1580
242656 100 2.4 -12360 2066
245785 100 2.4 -11700 40
248956 100 2.4 -12592 1904
252167 100 2.4 -11816 644
255419 100 2.4 -11908 -620
258713 100 2.4 -11500 126
262050 100 2.4 -12028 -360
265430 100 2.4 -12208 1460
268854 100 2.4 -11696 948
272321 100 2.4 -12236 -364
275834 100 2.4 -11920 -1630
279391 100 2.4 -11676 -84
282995 100 2.4 -12096 -124
286645 100 2.4 -11856 -200
290342 100 2.4 -11888 1526
294087 100 2.4 -11936 -44
297880 100 2.4 -11936 1366
301722 100 2.4 -12208 -256
305614 100 2.4 -12144 -180
309556 100 2.4 -12260 -2296
313548 100 2.4 -11424 -1086
317592 100 2.4 -11920 592
321689 100 2.4 -12180 -1842
325838 100 2.4 -12008 -1282
330040 100 2.4 -12472 252
334297 100 2.4 -11904 -1804
338609 100 2.4 -11944 316
342976 100 2.4 -11760 1010
347400 100 2.4 -12240 -294
351881 100 2.4 -12356 2470
356419 100 2.4 -11864 14
361016 100 2.4 -11880 -1208
365673 100 2.4 -12032 -894
370389 100 2.4 -11724 878
375167 100 2.4 -12352 678
380005 100 2.4 -11940 -460
384907 100 2.4 -12104 2786
389871 100 2.4 -12068 -854
394900 100 2.4 -12220 -1928
399993 100 2.4 -12184 -190
405152 100 2.4 -12048 -1440
410378 100 2.4 -12184 -64
415671 100 2.4 -11940 1078
421032 100 2.4 -11884 -1162
426463 100 2.4 -12248 1054
431963 100 2.4 -12136 -282
437535 100 2.4 -12480 2346
443178 100 2.4 -12488 1226
448894 100 2.4 -11900 418
454684 100 2.4 -12380 -1886
460548 100 2.4 -12068 -278
466489 100 2.4 -11896 -742
472505 100 2.4 -11760 -960
478600 100 2.4 -12200 -96
484773 100 2.4 -12048 462
491025 100 2.4 -12084 254
497358 100 2.4 -12024 1828
503773 100 2.4 -12148 1494
510271 100 2.4 -12056 2220
516852 100 2.4 -11748 72
523519 100 2.4 -12256 3150
530271 100 2.4 -11956 2436
537111 100 2.4 -12440 -28
544038 100 2.4 -12024 2430
551055 100 2.4 -12296 -736
558163 100 2.4 -11992 676
565362 100 2.4 -11900 -436
572654 100 2.4 -12092 -418
580040 100 2.4 -12404 1262
587521 100 2.4 -11776 380
595099 100 2.4 -12104 518
602775 100 2.4 -11776 -1198
610549 100 2.4 -11908 340
618424 100 2.4 -11940 -716
626400 100 2.4 -12092 424
634480 100 2.4 -12128 -1036
642663 100 2.4 -11548 -176
650952 100 2.4 -11836 -380
659348 100 2.4 -11232 412
667853 100 2.4 -12308 1490
676467 100 2.4 -12064 -228
685192 100 2.4 -11888 770
694029 100 2.4 -11712 -40
702981 100 2.4 -11864 1084
712048 100 2.4 -12100 -1874
721232 100 2.4 -11972 -2032
730534 100 2.4 -11944 -608
739957 100 2.4 -11792 806
749500 100 2.4 -11676 1004
759168 100 2.4 -11548 -474
768959 100 2.4 -12060 2090
778877 100 2.4 -12052 182
788923 100 2.4 -12012 -2074
799099 100 2.4 -11296 -680
809405 100 2.4 -12196 668
819845 100 2.4 -12204 918
830419 100 2.4 -11840 -104
841130 100 2.4 -12008 884
851979 100 2.4 -11896 -1482
862968 100 2.4 -12204 -2730
874098 100 2.4 -11708 -922
885373 100 2.4 -11916 46
896792 100 2.4 -12320 -160
908359 100 2.4 -11928 -720
920075 100 2.4 -11800 1610
931942 100 2.4 -11956 -632
943962 100 2.4 -11668 484
956137 100 2.4 -12152 170
968470 100 2.4 -12096 -710
980961 100 2.4 -11992 300
993613 100 2.4 -12168 704
999999 100 2.4 -12240 -1152
