3 60 2 -6344 3324
4 60 2 -6292 3316
5 60 2 -6392 3336
6 60 2 -6420 3328
7 60 2 -6424 3334
8 60 2 -6444 3338
9 60 2 -6392 3334
10 60 2 -6384 3342
11 60 2 -6304 3300
12 60 2 -6296 3290
13 60 2 -6068 3194
14 60 2 -6128 3218
15 60 2 -6152 3214
16 60 2 -6192 3206
17 60 2 -6276 3262
18 60 2 -6392 3310
19 60 2 -6420 3306
20 60 2 -6312 3284
21 60 2 -6244 3274
22 60 2 -6296 3292
23 60 2 -6208 3270
24 60 2 -6208 3268
25 60 2 -6296 3294
26 60 2 -6268 3274
27 60 2 -6084 3222
28 60 2 -6156 3234
29 60 2 -6148 3246
30 60 2 -6240 3282
31 60 2 -6364 3348
32 60 2 -6460 3384
33 60 2 -6380 3344
34 60 2 -6284 3298
35 60 2 -6384 3338
36 60 2 -6360 3336
37 60 2 -6356 3338
38 60 2 -6252 3314
39 60 2 -6288 3308
40 60 2 -6392 3348
41 60 2 -6428 3370
42 60 2 -6396 3364
43 60 2 -6540 3398
44 60 2 -6508 3392
45 60 2 -6384 3346
46 60 2 -6348 3338
47 60 2 -6340 3328
48 60 2 -6128 3272
49 60 2 -6188 3274
50 60 2 -6136 3260
51 60 2 -6232 3258
52 60 2 -6120 3240
53 60 2 -6152 3248
54 60 2 -6200 3264
55 60 2 -6300 3300
56 60 2 -6368 3334
57 60 2 -6356 3346
58 60 2 -6460 3358
59 60 2 -6436 3358
60 60 2 -6468 3364
61 60 2 -6428 3356
62 60 2 -6404 3350
63 60 2 -6216 3294
64 60 2 -6380 3340
65 60 2 -6512 3388
66 60 2 -6412 3346
67 60 2 -6316 3310
68 60 2 -6348 3318
69 60 2 -6400 3324
70 60 2 -6320 3308
71 60 2 -6376 3326
72 60 2 -6404 3348
73 60 2 -6396 3346
74 60 2 -6308 3306
75 60 2 -6416 3358
76 60 2 -6360 3340
77 60 2 -6308 3298
78 60 2 -6372 3334
79 60 2 -6460 3360
80 60 2 -6440 3362
81 60 2 -6416 3346
82 60 2 -6508 3388
83 60 2 -6524 3390
84 60 2 -6548 3406
85 60 2 -6340 3334
86 60 2 -6412 3340
88 60 2 -6376 3320
89 60 2 -6408 3338
90 60 2 -6328 3330
91 60 2 -6340 3320
92 60 2 -6388 3338
93 60 2 -6188 3288
95 60 2 -6340 3336
96 60 2 -6448 3354
97 60 2 -6360 3328
98 60 2 -6408 3358
99 60 2 -6336 3328
101 60 2 -6444 3322
102 60 2 -6528 3374
103 60 2 -6400 3342
105 60 2 -6332 3318
106 60 2 -6392 3338
107 60 2 -6400 3346
109 60 2 -6292 3314
110 60 2 -6312 3320
112 60 2 -6512 3362
113 60 2 -6532 3372
114 60 2 -6436 3346
116 60 2 -6356 3320
117 60 2 -6332 3300
119 60 2 -6336 3314
120 60 2 -6252 3278
122 60 2 -6404 3340
124 60 2 -6252 3290
125 60 2 -6268 3270
127 60 2 -6348 3284
128 60 2 -6388 3328
130 60 2 -6316 3292
132 60 2 -6212 3262
133 60 2 -6276 3286
135 60 2 -6228 3254
137 60 2 -6268 3272
139 60 2 -6144 3266
140 60 2 -6100 3218
142 60 2 -6116 3192
144 60 2 -6120 3214
146 60 2 -6288 3268
148 60 2 -6288 3286
150 60 2 -6300 3310
152 60 2 -6388 3332
154 60 2 -6280 3314
155 60 2 -6192 3286
157 60 2 -6200 3268
160 60 2 -6268 3282
162 60 2 -6380 3358
164 60 2 -6364 3342
166 60 2 -6420 3334
168 60 2 -6380 3316
170 60 2 -6360 3340
172 60 2 -6340 3324
174 60 2 -6376 3326
177 60 2 -6420 3326
179 60 2 -6256 3288
181 60 2 -6260 3272
184 60 2 -6268 3266
186 60 2 -6172 3254
188 60 2 -6032 3172
191 60 2 -6228 3270
193 60 2 -6256 3286
196 60 2 -6272 3280
198 60 2 -6336 3304
201 60 2 -6296 3274
203 60 2 -6268 3262
206 60 2 -6136 3204
209 60 2 -6068 3218
211 60 2 -6168 3244
214 60 2 -6196 3232
217 60 2 -6172 3230
220 60 2 -6232 3280
222 60 2 -6192 3260
225 60 2 -6120 3220
228 60 2 -6316 3332
231 60 2 -6516 3398
234 60 2 -6436 3342
237 60 2 -6288 3280
240 60 2 -6288 3250
243 60 2 -6296 3204
246 60 2 -6076 3174
250 60 2 -6152 3226
253 60 2 -6172 3182
256 60 2 -6056 3142
259 60 2 -6180 3176
263 60 2 -6240 3198
266 60 2 -6136 3146
269 60 2 -6276 3180
273 60 2 -6216 3184
276 60 2 -6144 3178
280 60 2 -6236 3206
284 60 2 -6264 3252
287 60 2 -6336 3316
291 60 2 -6244 3256
295 60 2 -6256 3294
298 60 2 -6296 3298
302 60 2 -6216 3266
306 60 2 -6324 3328
310 60 2 -6332 3300
314 60 2 -6244 3300
318 60 2 -6284 3294
322 60 2 -6264 3242
326 60 2 -6216 3242
331 60 2 -6304 3306
335 60 2 -6260 3266
339 60 2 -6304 3306
344 60 2 -6276 3294
348 60 2 -6260 3298
352 60 2 -6504 3368
357 60 2 -6488 3364
362 60 2 -6264 3300
366 60 2 -6356 3326
371 60 2 -6340 3306
376 60 2 -6268 3256
381 60 2 -6292 3284
385 60 2 -6180 3268
390 60 2 -6360 3314
395 60 2 -6320 3298
401 60 2 -6248 3252
406 60 2 -6160 3222
411 60 2 -6168 3234
416 60 2 -6368 3298
422 60 2 -6148 3232
427 60 2 -6324 3322
433 60 2 -6348 3318
438 60 2 -6492 3380
444 60 2 -6488 3358
449 60 2 -6244 3274
455 60 2 -6320 3328
461 60 2 -6532 3370
467 60 2 -6452 3366
473 60 2 -6152 3234
479 60 2 -6276 3286
485 60 2 -6248 3250
492 60 2 -6172 3214
498 60 2 -6372 3328
504 60 2 -6520 3378
511 60 2 -6288 3314
517 60 2 -6440 3348
524 60 2 -6260 3262
531 60 2 -6184 3248
538 60 2 -6376 3296
545 60 2 -6224 3274
552 60 2 -6236 3270
559 60 2 -6164 3260
566 60 2 -6160 3242
573 60 2 -6328 3268
581 60 2 -6436 3336
588 60 2 -6460 3374
596 60 2 -6224 3266
603 60 2 -6236 3270
611 60 2 -6440 3350
619 60 2 -6436 3366
627 60 2 -6212 3258
635 60 2 -6080 3188
643 60 2 -6380 3312
652 60 2 -6348 3300
660 60 2 -6112 3204
668 60 2 -6220 3252
677 60 2 -6252 3270
686 60 2 -6312 3280
695 60 2 -6380 3328
704 60 2 -6424 3338
713 60 2 -6308 3302
722 60 2 -6212 3282
731 60 2 -6148 3234
741 60 2 -6352 3334
750 60 2 -6180 3216
760 60 2 -6304 3314
770 60 2 -6288 3262
780 60 2 -6136 3212
790 60 2 -6260 3288
800 60 2 -6404 3344
810 60 2 -6300 3284
821 60 2 -6300 3284
831 60 2 -6360 3332
842 60 2 -6300 3298
853 60 2 -6388 3346
864 60 2 -6312 3314
875 60 2 -6172 3210
886 60 2 -6304 3272
897 60 2 -6320 3292
909 60 2 -6156 3172
921 60 2 -6200 3244
933 60 2 -6216 3176
945 60 2 -6268 3250
957 60 2 -6328 3306
969 60 2 -6416 3326
982 60 2 -6376 3324
994 60 2 -6396 3318
1007 60 2 -6400 3338
1020 60 2 -6176 3244
1033 60 2 -6424 3332
1047 60 2 -6304 3286
1060 60 2 -6248 3280
1074 60 2 -6116 3228
1088 60 2 -6088 3176
1102 60 2 -6324 3264
1116 60 2 -6544 3390
1130 60 2 -6280 3228
1145 60 2 -6268 3256
1160 60 2 -6284 3296
1174 60 2 -6368 3342
1190 60 2 -6328 3316
1205 60 2 -6276 3246
1220 60 2 -6184 3250
1236 60 2 -6344 3314
1252 60 2 -6364 3334
1268 60 2 -6156 3252
1285 60 2 -6364 3336
1301 60 2 -6484 3384
1318 60 2 -6424 3344
1335 60 2 -6204 3192
1352 60 2 -6188 3144
1370 60 2 -6260 3264
1387 60 2 -6292 3316
1405 60 2 -6408 3344
1423 60 2 -6280 3240
1442 60 2 -6212 3172
1460 60 2 -6468 3386
1479 60 2 -6360 3290
1498 60 2 -6072 3180
1517 60 2 -6204 3158
1537 60 2 -6072 3050
1557 60 2 -6188 3270
1577 60 2 -6356 3334
1597 60 2 -6232 3232
1618 60 2 -6160 3254
1639 60 2 -6272 3276
1660 60 2 -6120 3194
1681 60 2 -6232 3238
1703 60 2 -6368 3332
1725 60 2 -6260 3276
1747 60 2 -6100 3218
1770 60 2 -6348 3308
1792 60 2 -6256 3260
1816 60 2 -6208 3230
1839 60 2 -6344 3316
1863 60 2 -6320 3328
1887 60 2 -6320 3312
1911 60 2 -6100 3180
1936 60 2 -6368 3308
1961 60 2 -6236 3266
1986 60 2 -6136 3226
2012 60 2 -6004 3164
2037 60 2 -6256 3252
2064 60 2 -6304 3284
2090 60 2 -6224 3256
2117 60 2 -6232 3256
2145 60 2 -6224 3282
2172 60 2 -6200 3252
2200 60 2 -6288 3296
2229 60 2 -6440 3382
2257 60 2 -6164 3248
2286 60 2 -6344 3308
2316 60 2 -6348 3304
2346 60 2 -6192 3212
2376 60 2 -6164 3238
2407 60 2 -6588 3406
2438 60 2 -6400 3350
2469 60 2 -6160 3262
2501 60 2 -6324 3260
2533 60 2 -5952 3184
2566 60 2 -6256 3268
2599 60 2 -6332 3306
2633 60 2 -6232 3244
2667 60 2 -6208 3246
2701 60 2 -6236 3278
2736 60 2 -6340 3320
2771 60 2 -6372 3312
2807 60 2 -6312 3314
2843 60 2 -6140 3232
2880 60 2 -6312 3298
2917 60 2 -6560 3386
2954 60 2 -6248 3256
2992 60 2 -6300 3276
3031 60 2 -6432 3350
3070 60 2 -6192 3242
3110 60 2 -6164 3206
3150 60 2 -6180 3212
3190 60 2 -6444 3368
3232 60 2 -6340 3310
3273 60 2 -6236 3280
3315 60 2 -6372 3340
3358 60 2 -6188 3256
3402 60 2 -6480 3358
3445 60 2 -6216 3260
3490 60 2 -6420 3332
3535 60 2 -6232 3254
3580 60 2 -6360 3316
3627 60 2 -6340 3284
3673 60 2 -6288 3298
3721 60 2 -6364 3292
3769 60 2 -6256 3286
3817 60 2 -6296 3258
3867 60 2 -6320 3308
3916 60 2 -6344 3308
3967 60 2 -6424 3322
4018 60 2 -6200 3208
4070 60 2 -6272 3310
4122 60 2 -6380 3272
4176 60 2 -6292 3262
4229 60 2 -6204 3226
4284 60 2 -6276 3242
4339 60 2 -6312 3290
4395 60 2 -6320 3298
4452 60 2 -6232 3242
4509 60 2 -6152 3258
4567 60 2 -6172 3216
4626 60 2 -6416 3336
4686 60 2 -6276 3268
4746 60 2 -6256 3256
4808 60 2 -6248 3248
4870 60 2 -6132 3218
4932 60 2 -6248 3276
4996 60 2 -6372 3314
5060 60 2 -6412 3320
5126 60 2 -6140 3224
5192 60 2 -6288 3286
5259 60 2 -6196 3198
5327 60 2 -6264 3242
5395 60 2 -6360 3272
5465 60 2 -6436 3342
5535 60 2 -6212 3246
5607 60 2 -6352 3324
5679 60 2 -6340 3320
5752 60 2 -6252 3274
5826 60 2 -6412 3344
5902 60 2 -6264 3260
5978 60 2 -6344 3310
6055 60 2 -6320 3242
6133 60 2 -6104 3214
6212 60 2 -6400 3320
6292 60 2 -6408 3282
6373 60 2 -6392 3350
6455 60 2 -6184 3218
6539 60 2 -6320 3318
6623 60 2 -6328 3312
6708 60 2 -6440 3342
6795 60 2 -6256 3274
6883 60 2 -6164 3258
6971 60 2 -6232 3252
7061 60 2 -6080 3202
7152 60 2 -6108 3204
7245 60 2 -6216 3260
7338 60 2 -6128 3172
7433 60 2 -6244 3226
7529 60 2 -6332 3314
7626 60 2 -6264 3310
7724 60 2 -6188 3252
7824 60 2 -6304 3282
7925 60 2 -6276 3296
8027 60 2 -6216 3296
8130 60 2 -6408 3344
8235 60 2 -6340 3324
8341 60 2 -6436 3274
8449 60 2 -6136 3252
8558 60 2 -6276 3286
8668 60 2 -6384 3344
8780 60 2 -6144 3232
8893 60 2 -6432 3352
9008 60 2 -6240 3280
9124 60 2 -6364 3302
9242 60 2 -6288 3262
9361 60 2 -6268 3280
9482 60 2 -6208 3240
9604 60 2 -6316 3262
9728 60 2 -6316 3304
9853 60 2 -6156 3194
9980 60 2 -6212 3254
10109 60 2 -6208 3262
10240 60 2 -6460 3370
10372 60 2 -6212 3254
10505 60 2 -6252 3266
10641 60 2 -6352 3334
10778 60 2 -6368 3322
10917 60 2 -6468 3360
11058 60 2 -6460 3360
11201 60 2 -6384 3310
11345 60 2 -6292 3314
11491 60 2 -6188 3262
11640 60 2 -6316 3280
11790 60 2 -6188 3232
11942 60 2 -6200 3154
12096 60 2 -6260 3278
12252 60 2 -6292 3308
12410 60 2 -6192 3254
12570 60 2 -6412 3334
12732 60 2 -6440 3350
12896 60 2 -6256 3240
13062 60 2 -6352 3302
13231 60 2 -6200 3276
13402 60 2 -6264 3304
13574 60 2 -6044 3174
13750 60 2 -6324 3314
13927 60 2 -6280 3282
14106 60 2 -6396 3322
14288 60 2 -6220 3176
14473 60 2 -6440 3350
14659 60 2 -6240 3282
14848 60 2 -6532 3388
15040 60 2 -6276 3316
15234 60 2 -6228 3272
15430 60 2 -6196 3274
15629 60 2 -6320 3298
15831 60 2 -6096 3216
16035 60 2 -6376 3286
16242 60 2 -6328 3324
16451 60 2 -6248 3256
16664 60 2 -6332 3330
16879 60 2 -6296 3262
17096 60 2 -6360 3324
17317 60 2 -6208 3272
17540 60 2 -6092 3240
17766 60 2 -6296 3290
17995 60 2 -6248 3286
18228 60 2 -6244 3282
18463 60 2 -6236 3272
18701 60 2 -6464 3344
18942 60 2 -6168 3198
19186 60 2 -6336 3308
19434 60 2 -6252 3300
19684 60 2 -6252 3220
19938 60 2 -6180 3224
20195 60 2 -6256 3258
20456 60 2 -6180 3240
20720 60 2 -6252 3250
20987 60 2 -6340 3324
21258 60 2 -6208 3270
21532 60 2 -6236 3286
21810 60 2 -6416 3348
22091 60 2 -6304 3316
22376 60 2 -6284 3300
22664 60 2 -6364 3324
22957 60 2 -6124 3230
23253 60 2 -6180 3272
23553 60 2 -6312 3306
23856 60 2 -6332 3306
24164 60 2 -6236 3264
24476 60 2 -6100 3192
24791 60 2 -6444 3308
25111 60 2 -6148 3250
25435 60 2 -6192 3278
25763 60 2 -6236 3272
26095 60 2 -6316 3328
26432 60 2 -6372 3336
26773 60 2 -6288 3322
27118 60 2 -6396 3306
27468 60 2 -6276 3292
27822 60 2 -6340 3332
28181 60 2 -6340 3340
28545 60 2 -6212 3286
28913 60 2 -6420 3322
29286 60 2 -6452 3352
29663 60 2 -6268 3276
30046 60 2 -6100 3228
30434 60 2 -6236 3264
30826 60 2 -6344 3322
31224 60 2 -6256 3278
31626 60 2 -6324 3292
32034 60 2 -6344 3298
32447 60 2 -6300 3270
32866 60 2 -6212 3254
33290 60 2 -6440 3326
33719 60 2 -6244 3158
34154 60 2 -6304 3314
34595 60 2 -6344 3274
35041 60 2 -6316 3282
35493 60 2 -6248 3288
35951 60 2 -6316 3302
36414 60 2 -6220 3258
36884 60 2 -6288 3274
37360 60 2 -6244 3288
37841 60 2 -6200 3274
38330 60 2 -6020 3088
38824 60 2 -6200 3288
39325 60 2 -5932 3088
39832 60 2 -6500 3370
40346 60 2 -6448 3348
40866 60 2 -6364 3314
41393 60 2 -6240 3268
41927 60 2 -6180 3242
42468 60 2 -6180 3262
43015 60 2 -6392 3338
43570 60 2 -6312 3262
44132 60 2 -6384 3334
44701 60 2 -6260 3308
45278 60 2 -6280 3290
45862 60 2 -6324 3302
46453 60 2 -6300 3290
47053 60 2 -6244 3260
47660 60 2 -6268 3288
48274 60 2 -6260 3276
48897 60 2 -6332 3302
49528 60 2 -6168 3188
50166 60 2 -6356 3322
50813 60 2 -6112 3182
51469 60 2 -6076 3206
52133 60 2 -6284 3266
52805 60 2 -6360 3326
53486 60 2 -6164 3250
54176 60 2 -6220 3248
54875 60 2 -6244 3244
55582 60 2 -6160 3246
56299 60 2 -6356 3264
57025 60 2 -6244 3232
57761 60 2 -6300 3304
58506 60 2 -6280 3276
59261 60 2 -6352 3324
60025 60 2 -6348 3310
60799 60 2 -6320 3282
61583 60 2 -6192 3252
62378 60 2 -6276 3318
63182 60 2 -6236 3278
63997 60 2 -6352 3316
64822 60 2 -6220 3282
65658 60 2 -6280 3290
66505 60 2 -6136 3250
67363 60 2 -6264 3300
68232 60 2 -6244 3268
69112 60 2 -6344 3334
70003 60 2 -6328 3312
70906 60 2 -6296 3312
71821 60 2 -6076 3202
72747 60 2 -6244 3262
73685 60 2 -6256 3298
74636 60 2 -6112 3214
75599 60 2 -6368 3338
76574 60 2 -6324 3316
77561 60 2 -6288 3280
78562 60 2 -6160 3240
79575 60 2 -6272 3210
80601 60 2 -6236 3292
81641 60 2 -6296 3320
82694 60 2 -6524 3402
83760 60 2 -6312 3304
84841 60 2 -6348 3326
85935 60 2 -6260 3276
87043 60 2 -6328 3324
88166 60 2 -6460 3366
89303 60 2 -6324 3312
90455 60 2 -6376 3302
91622 60 2 -6276 3250
92803 60 2 -6320 3316
94000 60 2 -6300 3210
95213 60 2 -6284 3294
96441 60 2 -6256 3210
97685 60 2 -6208 3224
98945 60 2 -6408 3338
100221 60 2 -6136 3244
101513 60 2 -6208 3240
102823 60 2 -6256 3140
104149 60 2 -6192 3232
105492 60 2 -6304 3286
106853 60 2 -6440 3354
108231 60 2 -6332 3320
109627 60 2 -6344 3326
111041 60 2 -6260 3278
112473 60 2 -6220 3294
113924 60 2 -6436 3340
115393 60 2 -6204 3262
116882 60 2 -6300 3256
118389 60 2 -6300 3274
119916 60 2 -6288 3288
121463 60 2 -6336 3326
123029 60 2 -6344 3322
124616 60 2 -6140 3158
126224 60 2 -6200 3264
127852 60 2 -6344 3330
129501 60 2 -6312 3276
131171 60 2 -6392 3330
132863 60 2 -6348 3334
134576 60 2 -6292 3304
136312 60 2 -6216 3220
138070 60 2 -6172 3206
139851 60 2 -6356 3324
141655 60 2 -6344 3346
143482 60 2 -6248 3258
145333 60 2 -6252 3248
147207 60 2 -6300 3302
149106 60 2 -6236 3270
151029 60 2 -6172 3218
152977 60 2 -6292 3290
154950 60 2 -6292 3278
156948 60 2 -6248 3294
158973 60 2 -6300 3312
161023 60 2 -6212 3240
163100 60 2 -6228 3276
165204 60 2 -6472 3320
167334 60 2 -6324 3236
169493 60 2 -6368 3342
171679 60 2 -6288 3284
173893 60 2 -6392 3354
176136 60 2 -6080 3192
178408 60 2 -6308 3310
180709 60 2 -6304 3280
183040 60 2 -6324 3322
185400 60 2 -6364 3312
187792 60 2 -6132 3246
190214 60 2 -6328 3334
192667 60 2 -6344 3314
195152 60 2 -6240 3252
197669 60 2 -6300 3292
200219 60 2 -6228 3254
202801 60 2 -6288 3280
205417 60 2 -6188 3262
208066 60 2 -6404 3336
210750 60 2 -6420 3358
213468 60 2 -6420 3342
216222 60 2 -6336 3278
219010 60 2 -6404 3356
221835 60 2 -6232 3228
224696 60 2 -6404 3342
227595 60 2 -6184 3206
230530 60 2 -6236 3274
233503 60 2 -6168 3272
236515 60 2 -6368 3322
239566 60 2 -6424 3300
242656 60 2 -6232 3240
245785 60 2 -6300 3306
248956 60 2 -6248 3222
252167 60 2 -6472 3376
255419 60 2 -6320 3282
258713 60 2 -6472 3370
262050 60 2 -6128 3182
265430 60 2 -6336 3300
268854 60 2 -6184 3242
272321 60 2 -6160 3222
275834 60 2 -6252 3286
279391 60 2 -6320 3306
282995 60 2 -6096 3234
286645 60 2 -6192 3228
290342 60 2 -6276 3304
294087 60 2 -6304 3310
297880 60 2 -6440 3330
301722 60 2 -6300 3294
305614 60 2 -6180 3172
309556 60 2 -6288 3296
313548 60 2 -6140 3200
317592 60 2 -6412 3374
321689 60 2 -6536 3384
325838 60 2 -6096 3202
330040 60 2 -6396 3284
334297 60 2 -6380 3308
338609 60 2 -6244 3262
342976 60 2 -6408 3342
347400 60 2 -6052 3132
351881 60 2 -6352 3292
356419 60 2 -6336 3298
361016 60 2 -6272 3264
365673 60 2 -6372 3312
370389 60 2 -6120 3196
375167 60 2 -6500 3370
380005 60 2 -6228 3246
384907 60 2 -6404 3346
389871 60 2 -6372 3336
394900 60 2 -6388 3316
399993 60 2 -6380 3256
405152 60 2 -6428 3336
410378 60 2 -6344 3292
415671 60 2 -6316 3328
421032 60 2 -6156 3248
426463 60 2 -6256 3278
431963 60 2 -6356 3324
437535 60 2 -6204 3262
443178 60 2 -6224 3244
448894 60 2 -6176 3238
454684 60 2 -6232 3280
460548 60 2 -6336 3298
466489 60 2 -6368 3330
472505 60 2 -6136 3232
478600 60 2 -6208 3226
484773 60 2 -6136 3184
491025 60 2 -6156 3268
497358 60 2 -6256 3192
503773 60 2 -6192 3204
510271 60 2 -6256 3268
516852 60 2 -6276 3246
523519 60 2 -6144 3212
530271 60 2 -6360 3330
537111 60 2 -6168 3274
544038 60 2 -6376 3326
551055 60 2 -6348 3304
558163 60 2 -6236 3212
565362 60 2 -6296 3268
572654 60 2 -6124 3196
580040 60 2 -6348 3310
587521 60 2 -6124 3238
595099 60 2 -6316 3318
602775 60 2 -6312 3322
610549 60 2 -6308 3300
618424 60 2 -6292 3314
626400 60 2 -6248 3212
634480 60 2 -6360 3334
642663 60 2 -6400 3348
650952 60 2 -6288 3282
659348 60 2 -6256 3276
667853 60 2 -6124 3260
676467 60 2 -6352 3288
685192 60 2 -6344 3312
694029 60 2 -6420 3362
702981 60 2 -6316 3316
712048 60 2 -6248 3238
721232 60 2 -6084 3216
730534 60 2 -6312 3292
739957 60 2 -6344 3330
749500 60 2 -6252 3286
759168 60 2 -6096 3092
768959 60 2 -6332 3320
778877 60 2 -6264 3302
788923 60 2 -6168 3240
799099 60 2 -6396 3348
809405 60 2 -6292 3330
819845 60 2 -6144 3192
830419 60 2 -6156 3232
841130 60 2 -6244 3268
851979 60 2 -6052 3236
862968 60 2 -6244 3290
874098 60 2 -6336 3334
885373 60 2 -6288 3278
896792 60 2 -6340 3294
908359 60 2 -6252 3276
920075 60 2 -6040 3172
931942 60 2 -6432 3356
943962 60 2 -6204 3262
956137 60 2 -6248 3252
968470 60 2 -6364 3332
980961 60 2 -6292 3274
993613 60 2 -6248 3238
999999 60 2 -6356 3278
