3 100 2.2 -17052 9064
4 100 2.2 -16936 8972
5 100 2.2 -16528 8828
6 100 2.2 -16680 8808
7 100 2.2 -16504 8722
8 100 2.2 -16020 8518
9 100 2.2 -16136 8576
10 100 2.2 -16264 8624
11 100 2.2 -16436 8674
12 100 2.2 -16148 8568
13 100 2.2 -15956 8530
14 100 2.2 -15940 8482
15 100 2.2 -16028 8494
16 100 2.2 -16220 8584
17 100 2.2 -15956 8462
18 100 2.2 -16008 8398
19 100 2.2 -15928 8330
20 100 2.2 -15852 8336
21 100 2.2 -15780 8338
22 100 2.2 -15776 8328
23 100 2.2 -15608 8266
24 100 2.2 -15604 8158
25 100 2.2 -15660 8192
26 100 2.2 -15500 8112
27 100 2.2 -15680 8146
28 100 2.2 -15604 8114
29 100 2.2 -15580 8226
30 100 2.2 -15740 8270
31 100 2.2 -15520 8226
32 100 2.2 -15532 8216
33 100 2.2 -15560 8242
34 100 2.2 -15456 8270
35 100 2.2 -15720 8282
36 100 2.2 -15680 8256
37 100 2.2 -15616 8224
38 100 2.2 -15656 8206
39 100 2.2 -15876 8320
40 100 2.2 -15892 8320
41 100 2.2 -15688 8282
42 100 2.2 -15852 8348
43 100 2.2 -15628 8248
44 100 2.2 -15524 8152
45 100 2.2 -15672 8314
46 100 2.2 -15640 8242
47 100 2.2 -15816 8318
48 100 2.2 -15720 8254
49 100 2.2 -15792 8198
50 100 2.2 -15500 8030
51 100 2.2 -15504 7942
52 100 2.2 -15424 7940
53 100 2.2 -15508 7992
54 100 2.2 -15344 7934
55 100 2.2 -15392 7914
56 100 2.2 -15368 7864
57 100 2.2 -15300 7834
58 100 2.2 -15500 7932
59 100 2.2 -15656 8014
60 100 2.2 -16000 8126
61 100 2.2 -15540 7948
62 100 2.2 -15444 7822
63 100 2.2 -15432 7864
64 100 2.2 -15556 7852
65 100 2.2 -15504 7836
66 100 2.2 -15844 7930
67 100 2.2 -15488 7782
68 100 2.2 -15284 7642
69 100 2.2 -15112 7592
70 100 2.2 -15108 7632
71 100 2.2 -15252 7642
72 100 2.2 -15084 7604
73 100 2.2 -15140 7550
74 100 2.2 -15088 7614
75 100 2.2 -15264 7700
76 100 2.2 -15248 7596
77 100 2.2 -15336 7664
78 100 2.2 -15412 7784
79 100 2.2 -15560 7806
80 100 2.2 -15508 7798
81 100 2.2 -15864 7902
82 100 2.2 -15732 7794
83 100 2.2 -15668 7816
84 100 2.2 -15688 7900
85 100 2.2 -15328 7704
86 100 2.2 -15384 7686
88 100 2.2 -15512 7552
89 100 2.2 -15436 7556
90 100 2.2 -15380 7534
91 100 2.2 -15576 7510
92 100 2.2 -15264 7434
93 100 2.2 -15292 7380
95 100 2.2 -15188 7314
96 100 2.2 -15152 7330
97 100 2.2 -15336 7324
98 100 2.2 -15156 7344
99 100 2.2 -15332 7368
101 100 2.2 -15408 7434
102 100 2.2 -15072 7346
103 100 2.2 -15120 7336
105 100 2.2 -14924 7232
106 100 2.2 -15148 7296
107 100 2.2 -15124 7298
109 100 2.2 -15284 7308
110 100 2.2 -15244 7308
112 100 2.2 -15184 7306
113 100 2.2 -15228 7342
114 100 2.2 -15304 7386
116 100 2.2 -15088 7294
117 100 2.2 -15128 7390
119 100 2.2 -15380 7458
120 100 2.2 -15108 7418
122 100 2.2 -15452 7634
124 100 2.2 -15360 7626
125 100 2.2 -15248 7522
127 100 2.2 -15552 7674
128 100 2.2 -15540 7608
130 100 2.2 -15268 7436
132 100 2.2 -15164 7340
133 100 2.2 -15200 7382
135 100 2.2 -15448 7482
137 100 2.2 -15480 7568
139 100 2.2 -15216 7584
140 100 2.2 -15456 7688
142 100 2.2 -15432 7616
144 100 2.2 -15476 7602
146 100 2.2 -15324 7484
148 100 2.2 -15480 7526
150 100 2.2 -15368 7460
152 100 2.2 -15144 7294
154 100 2.2 -15392 7460
155 100 2.2 -15228 7412
157 100 2.2 -15296 7326
160 100 2.2 -15220 7554
162 100 2.2 -15192 7512
164 100 2.2 -15144 7504
166 100 2.2 -15248 7520
168 100 2.2 -15648 7718
170 100 2.2 -15232 7540
172 100 2.2 -15216 7582
174 100 2.2 -15472 7624
177 100 2.2 -15216 7496
179 100 2.2 -15452 7610
181 100 2.2 -15340 7556
184 100 2.2 -15780 7668
186 100 2.2 -15620 7636
188 100 2.2 -15496 7570
191 100 2.2 -15380 7562
193 100 2.2 -15504 7606
196 100 2.2 -15436 7654
198 100 2.2 -15400 7632
201 100 2.2 -15244 7500
203 100 2.2 -15340 7508
206 100 2.2 -15372 7534
209 100 2.2 -15500 7536
211 100 2.2 -15132 7286
214 100 2.2 -15268 7350
217 100 2.2 -15252 7350
220 100 2.2 -15196 7294
222 100 2.2 -15116 7234
225 100 2.2 -15168 7112
228 100 2.2 -15372 7366
231 100 2.2 -15432 7434
234 100 2.2 -15156 7370
237 100 2.2 -15308 7494
240 100 2.2 -15340 7490
243 100 2.2 -15308 7502
246 100 2.2 -15244 7278
250 100 2.2 -15084 7272
253 100 2.2 -15172 7442
256 100 2.2 -15352 7452
259 100 2.2 -15280 7518
263 100 2.2 -15616 7668
266 100 2.2 -15172 7576
269 100 2.2 -15552 7670
273 100 2.2 -15352 7654
276 100 2.2 -15396 7610
280 100 2.2 -15124 7432
284 100 2.2 -15700 7650
287 100 2.2 -15080 7408
291 100 2.2 -15108 7406
295 100 2.2 -15140 7442
298 100 2.2 -15284 7472
302 100 2.2 -15152 7360
306 100 2.2 -14816 7208
310 100 2.2 -14808 7180
314 100 2.2 -15084 7470
318 100 2.2 -15436 7550
322 100 2.2 -15456 7742
326 100 2.2 -15780 7906
331 100 2.2 -15412 7940
335 100 2.2 -15248 7998
339 100 2.2 -15128 7800
344 100 2.2 -15244 7942
348 100 2.2 -15268 8058
352 100 2.2 -15772 8194
357 100 2.2 -15812 8108
362 100 2.2 -15392 7956
366 100 2.2 -15408 7890
371 100 2.2 -15400 8088
376 100 2.2 -15524 8234
381 100 2.2 -15576 8224
385 100 2.2 -15624 8148
390 100 2.2 -15944 8210
395 100 2.2 -15692 8076
401 100 2.2 -15580 7964
406 100 2.2 -15636 8054
411 100 2.2 -15276 7956
416 100 2.2 -15616 8174
422 100 2.2 -15132 7884
427 100 2.2 -15472 7976
433 100 2.2 -15824 8312
438 100 2.2 -15692 8174
444 100 2.2 -15272 7974
449 100 2.2 -15328 7758
455 100 2.2 -15192 7788
461 100 2.2 -15528 7956
467 100 2.2 -15424 7792
473 100 2.2 -15436 7852
479 100 2.2 -15136 7792
485 100 2.2 -15600 7832
492 100 2.2 -15124 7718
498 100 2.2 -15252 7594
504 100 2.2 -15596 7722
511 100 2.2 -15568 7778
517 100 2.2 -15800 7850
524 100 2.2 -15704 7840
531 100 2.2 -15472 7764
538 100 2.2 -15940 7930
545 100 2.2 -15964 8020
552 100 2.2 -15616 7972
559 100 2.2 -15644 7912
566 100 2.2 -15856 7920
573 100 2.2 -15824 7836
581 100 2.2 -15804 7938
588 100 2.2 -15604 7726
596 100 2.2 -15584 7672
603 100 2.2 -15332 7668
611 100 2.2 -15124 7532
619 100 2.2 -15164 7304
627 100 2.2 -15036 7360
635 100 2.2 -15292 7428
643 100 2.2 -15300 7586
652 100 2.2 -15300 7706
660 100 2.2 -15236 7542
668 100 2.2 -15500 7612
677 100 2.2 -15388 7514
686 100 2.2 -15460 7682
695 100 2.2 -15472 7592
704 100 2.2 -15328 7542
713 100 2.2 -15300 7700
722 100 2.2 -15536 7880
731 100 2.2 -15928 8150
741 100 2.2 -15276 7752
750 100 2.2 -15100 7508
760 100 2.2 -15144 7688
770 100 2.2 -15428 7816
780 100 2.2 -15320 7800
790 100 2.2 -15856 8236
800 100 2.2 -15516 7882
810 100 2.2 -15156 7866
821 100 2.2 -15708 8122
831 100 2.2 -15276 7918
842 100 2.2 -15780 8118
853 100 2.2 -15536 8066
864 100 2.2 -15872 8180
875 100 2.2 -15568 8150
886 100 2.2 -15320 7846
897 100 2.2 -15652 8070
909 100 2.2 -15784 8156
921 100 2.2 -15656 8056
933 100 2.2 -15660 8042
945 100 2.2 -15364 7816
957 100 2.2 -15652 8024
969 100 2.2 -15564 8088
982 100 2.2 -15652 8040
994 100 2.2 -15364 8080
1007 100 2.2 -15732 8308
1020 100 2.2 -15476 8090
1033 100 2.2 -15444 8000
1047 100 2.2 -15580 8094
1060 100 2.2 -15600 8058
1074 100 2.2 -15476 7894
1088 100 2.2 -15048 7444
1102 100 2.2 -15892 8152
1116 100 2.2 -15576 7810
1130 100 2.2 -15848 8122
1145 100 2.2 -15464 7964
1160 100 2.2 -15480 7748
1174 100 2.2 -15640 7916
1190 100 2.2 -15664 7940
1205 100 2.2 -15568 7718
1220 100 2.2 -15548 7872
1236 100 2.2 -15624 7762
1252 100 2.2 -15484 7944
1268 100 2.2 -15808 8040
1285 100 2.2 -15336 7584
1301 100 2.2 -15392 7634
1318 100 2.2 -15716 7798
1335 100 2.2 -15216 7780
1352 100 2.2 -15652 8082
1370 100 2.2 -15348 7914
1387 100 2.2 -15240 7618
1405 100 2.2 -15336 7774
1423 100 2.2 -15304 7798
1442 100 2.2 -15400 7870
1460 100 2.2 -15212 7696
1479 100 2.2 -15464 8052
1498 100 2.2 -15388 7946
1517 100 2.2 -15744 8010
1537 100 2.2 -15380 7878
1557 100 2.2 -15544 7894
1577 100 2.2 -15732 8186
1597 100 2.2 -15472 8052
1618 100 2.2 -15716 8218
1639 100 2.2 -15500 7776
1660 100 2.2 -15568 8032
1681 100 2.2 -15140 7692
1703 100 2.2 -15716 7994
1725 100 2.2 -15028 7678
1747 100 2.2 -15396 7980
1770 100 2.2 -15668 8054
1792 100 2.2 -15548 7852
1816 100 2.2 -15356 7870
1839 100 2.2 -14996 7622
1863 100 2.2 -15360 7954
1887 100 2.2 -15436 8106
1911 100 2.2 -15880 8214
1936 100 2.2 -15748 8098
1961 100 2.2 -15672 8150
1986 100 2.2 -15304 7696
2012 100 2.2 -15612 8076
2037 100 2.2 -15420 8070
2064 100 2.2 -15304 7742
2090 100 2.2 -15088 7514
2117 100 2.2 -15316 7628
2145 100 2.2 -15632 7444
2172 100 2.2 -15212 7516
2200 100 2.2 -15316 7640
2229 100 2.2 -15544 8094
2257 100 2.2 -15668 7772
2286 100 2.2 -15708 7954
2316 100 2.2 -15444 7808
2346 100 2.2 -15672 8178
2376 100 2.2 -16016 8318
2407 100 2.2 -15508 8244
2438 100 2.2 -15420 7910
2469 100 2.2 -15772 8130
2501 100 2.2 -15340 7936
2533 100 2.2 -15484 7752
2566 100 2.2 -15276 7768
2599 100 2.2 -15556 8044
2633 100 2.2 -15652 7966
2667 100 2.2 -15604 7950
2701 100 2.2 -15596 7952
2736 100 2.2 -15776 8004
2771 100 2.2 -15460 7880
2807 100 2.2 -15196 7622
2843 100 2.2 -15616 8156
2880 100 2.2 -16056 8204
2917 100 2.2 -15648 7872
2954 100 2.2 -15632 8074
2992 100 2.2 -15324 7618
3031 100 2.2 -15088 7608
3070 100 2.2 -15484 7814
3110 100 2.2 -15472 8084
3150 100 2.2 -15496 7918
3190 100 2.2 -15736 8320
3232 100 2.2 -15616 8080
3273 100 2.2 -15616 7948
3315 100 2.2 -15052 7676
3358 100 2.2 -15372 7748
3402 100 2.2 -15708 8224
3445 100 2.2 -15536 8100
3490 100 2.2 -15252 7788
3535 100 2.2 -15448 7854
3580 100 2.2 -15748 8146
3627 100 2.2 -15480 8062
3673 100 2.2 -15448 7940
3721 100 2.2 -15492 7866
3769 100 2.2 -15472 7810
3817 100 2.2 -15684 7908
3867 100 2.2 -15292 7592
3916 100 2.2 -15408 7676
3967 100 2.2 -15208 7804
4018 100 2.2 -15428 7780
4070 100 2.2 -15548 8038
4122 100 2.2 -15480 7984
4176 100 2.2 -15412 7860
4229 100 2.2 -15800 8166
4284 100 2.2 -15504 7984
4339 100 2.2 -15660 7908
4395 100 2.2 -15728 8146
4452 100 2.2 -15200 7582
4509 100 2.2 -16072 8208
4567 100 2.2 -15632 8060
4626 100 2.2 -15800 8290
4686 100 2.2 -15472 8008
4746 100 2.2 -15380 7712
4808 100 2.2 -15704 8180
4870 100 2.2 -15680 7932
4932 100 2.2 -15552 8242
4996 100 2.2 -15564 8212
5060 100 2.2 -15532 8006
5126 100 2.2 -15452 8030
5192 100 2.2 -15388 7714
5259 100 2.2 -15800 7904
5327 100 2.2 -15456 7342
5395 100 2.2 -15484 7036
5465 100 2.2 -15572 6940
5535 100 2.2 -15240 6564
5607 100 2.2 -14624 6006
5679 100 2.2 -15192 6162
5752 100 2.2 -15436 6838
5826 100 2.2 -15576 7092
5902 100 2.2 -15196 7108
5978 100 2.2 -14800 6918
6055 100 2.2 -15412 6892
6133 100 2.2 -15376 7200
6212 100 2.2 -15548 7686
6292 100 2.2 -15512 8038
6373 100 2.2 -15696 8080
6455 100 2.2 -15720 7870
6539 100 2.2 -15260 7418
6623 100 2.2 -15212 7692
6708 100 2.2 -15436 7860
6795 100 2.2 -15716 8090
6883 100 2.2 -15292 7394
6971 100 2.2 -14984 7268
7061 100 2.2 -15608 8026
7152 100 2.2 -15412 7948
7245 100 2.2 -15384 7876
7338 100 2.2 -15376 7838
7433 100 2.2 -15824 7998
7529 100 2.2 -15452 7976
7626 100 2.2 -15264 7952
7724 100 2.2 -15744 8196
7824 100 2.2 -15660 8086
7925 100 2.2 -15732 8368
8027 100 2.2 -15180 7490
8130 100 2.2 -15552 7836
8235 100 2.2 -15168 7644
8341 100 2.2 -15276 7402
8449 100 2.2 -15188 7306
8558 100 2.2 -15224 7432
8668 100 2.2 -15248 7948
8780 100 2.2 -15572 7944
8893 100 2.2 -15744 8032
9008 100 2.2 -15296 7880
9124 100 2.2 -15492 8128
9242 100 2.2 -15620 7992
9361 100 2.2 -15916 8272
9482 100 2.2 -15296 7708
9604 100 2.2 -15420 7552
9728 100 2.2 -15488 7872
9853 100 2.2 -15524 8152
9980 100 2.2 -15768 8204
10109 100 2.2 -15592 8110
10240 100 2.2 -15380 7972
10372 100 2.2 -15816 8032
10505 100 2.2 -15512 8036
10641 100 2.2 -15484 7820
10778 100 2.2 -15100 7658
10917 100 2.2 -15268 7700
11058 100 2.2 -15164 7432
11201 100 2.2 -15604 7998
11345 100 2.2 -15960 8296
11491 100 2.2 -15480 8132
11640 100 2.2 -15356 8000
11790 100 2.2 -15416 7978
11942 100 2.2 -15492 7872
12096 100 2.2 -15652 7820
12252 100 2.2 -15532 7872
12410 100 2.2 -15864 7762
12570 100 2.2 -15364 7438
12732 100 2.2 -15492 7910
12896 100 2.2 -15500 7760
13062 100 2.2 -15376 7540
13231 100 2.2 -15572 7444
13402 100 2.2 -15200 7860
13574 100 2.2 -15136 7630
13750 100 2.2 -15056 7746
13927 100 2.2 -15268 7456
14106 100 2.2 -15248 7962
14288 100 2.2 -15592 8194
14473 100 2.2 -15304 7592
14659 100 2.2 -15160 7544
14848 100 2.2 -15020 7310
15040 100 2.2 -14964 7546
15234 100 2.2 -15376 7758
15430 100 2.2 -15492 7848
15629 100 2.2 -15652 8206
15831 100 2.2 -15276 7858
16035 100 2.2 -15380 7984
16242 100 2.2 -15996 8262
16451 100 2.2 -15720 8144
16664 100 2.2 -15388 7874
16879 100 2.2 -15600 8130
17096 100 2.2 -15344 7898
17317 100 2.2 -15888 8312
17540 100 2.2 -15444 7958
17766 100 2.2 -15796 8150
17995 100 2.2 -15708 8140
18228 100 2.2 -15328 7850
18463 100 2.2 -15836 8160
18701 100 2.2 -15092 7412
18942 100 2.2 -14724 7006
19186 100 2.2 -15420 7928
19434 100 2.2 -15184 7798
19684 100 2.2 -15688 8144
19938 100 2.2 -15500 7952
20195 100 2.2 -15384 8066
20456 100 2.2 -15808 8198
20720 100 2.2 -15520 8082
20987 100 2.2 -15088 7420
21258 100 2.2 -15332 7780
21532 100 2.2 -15780 8274
21810 100 2.2 -15404 7658
22091 100 2.2 -15376 7896
22376 100 2.2 -15448 7934
22664 100 2.2 -15884 7918
22957 100 2.2 -15464 7806
23253 100 2.2 -15336 7844
23553 100 2.2 -15548 7872
23856 100 2.2 -15304 7632
24164 100 2.2 -15268 7654
24476 100 2.2 -15124 7690
24791 100 2.2 -15456 7916
25111 100 2.2 -15364 8006
25435 100 2.2 -15500 7900
25763 100 2.2 -15468 7700
26095 100 2.2 -15676 8102
26432 100 2.2 -15372 7906
26773 100 2.2 -15828 8172
27118 100 2.2 -15292 8112
27468 100 2.2 -15736 8008
27822 100 2.2 -15068 7642
28181 100 2.2 -15488 7840
28545 100 2.2 -15452 7610
28913 100 2.2 -15300 7800
29286 100 2.2 -15840 8250
29663 100 2.2 -15148 7662
30046 100 2.2 -15684 8192
30434 100 2.2 -15404 7644
30826 100 2.2 -15636 7874
31224 100 2.2 -15424 7906
31626 100 2.2 -15748 8156
32034 100 2.2 -15208 7638
32447 100 2.2 -15748 8032
32866 100 2.2 -15408 7958
33290 100 2.2 -15848 8128
33719 100 2.2 -15288 7540
34154 100 2.2 -15420 7096
34595 100 2.2 -15556 7578
35041 100 2.2 -15600 7852
35493 100 2.2 -15344 7724
35951 100 2.2 -15156 7550
36414 100 2.2 -15632 8166
36884 100 2.2 -15580 8018
37360 100 2.2 -15168 7660
37841 100 2.2 -15440 7792
38330 100 2.2 -15272 7814
38824 100 2.2 -15440 7812
39325 100 2.2 -15660 8038
39832 100 2.2 -15284 7580
40346 100 2.2 -15508 8040
40866 100 2.2 -15336 7866
41393 100 2.2 -15412 7644
41927 100 2.2 -15348 7686
42468 100 2.2 -15968 8330
43015 100 2.2 -15332 7600
43570 100 2.2 -15668 8008
44132 100 2.2 -15544 8034
44701 100 2.2 -15160 7530
45278 100 2.2 -16008 8366
45862 100 2.2 -15420 8034
46453 100 2.2 -15456 7518
47053 100 2.2 -15184 7412
47660 100 2.2 -15476 7848
48274 100 2.2 -14976 7726
48897 100 2.2 -15360 7906
49528 100 2.2 -15436 7366
50166 100 2.2 -15296 7448
50813 100 2.2 -15300 7720
51469 100 2.2 -15920 8310
52133 100 2.2 -15512 8202
52805 100 2.2 -15488 7294
53486 100 2.2 -15516 8150
54176 100 2.2 -15884 8102
54875 100 2.2 -15344 7432
55582 100 2.2 -15648 7526
56299 100 2.2 -15836 8386
57025 100 2.2 -15596 7976
57761 100 2.2 -15520 8162
58506 100 2.2 -15672 8324
59261 100 2.2 -15564 8062
60025 100 2.2 -15224 7794
60799 100 2.2 -15868 8370
61583 100 2.2 -15400 8058
62378 100 2.2 -15468 7946
63182 100 2.2 -15444 7826
63997 100 2.2 -15392 7782
64822 100 2.2 -15076 6448
65658 100 2.2 -14996 7256
66505 100 2.2 -15824 8180
67363 100 2.2 -15184 6956
68232 100 2.2 -15380 6696
69112 100 2.2 -15468 7766
70003 100 2.2 -15188 7888
70906 100 2.2 -15972 8284
71821 100 2.2 -15120 7616
72747 100 2.2 -15880 8272
73685 100 2.2 -14828 6910
74636 100 2.2 -15724 8198
75599 100 2.2 -15604 7398
76574 100 2.2 -15368 7622
77561 100 2.2 -15324 7960
78562 100 2.2 -15440 8114
79575 100 2.2 -15244 7582
80601 100 2.2 -15540 8126
81641 100 2.2 -15768 8164
82694 100 2.2 -15728 8104
83760 100 2.2 -15404 7942
84841 100 2.2 -15600 7852
85935 100 2.2 -15820 7982
87043 100 2.2 -14928 7412
88166 100 2.2 -15284 7764
89303 100 2.2 -15700 8124
90455 100 2.2 -15580 8116
91622 100 2.2 -15888 8344
92803 100 2.2 -14752 6968
94000 100 2.2 -15600 7808
95213 100 2.2 -15636 7710
96441 100 2.2 -15564 8090
97685 100 2.2 -15684 7970
98945 100 2.2 -15568 8008
100221 100 2.2 -15564 7738
101513 100 2.2 -15424 7664
102823 100 2.2 -15104 7834
104149 100 2.2 -15720 8056
105492 100 2.2 -15400 7396
106853 100 2.2 -15028 7428
108231 100 2.2 -15420 7894
109627 100 2.2 -15396 7396
111041 100 2.2 -15912 8306
112473 100 2.2 -15396 8022
113924 100 2.2 -15452 7826
115393 100 2.2 -15324 7622
116882 100 2.2 -15680 7964
118389 100 2.2 -15940 8326
119916 100 2.2 -15420 7790
121463 100 2.2 -15492 8102
123029 100 2.2 -15980 8302
124616 100 2.2 -15584 8062
126224 100 2.2 -15132 7478
127852 100 2.2 -15900 8330
129501 100 2.2 -15564 7844
131171 100 2.2 -15304 7568
132863 100 2.2 -15812 8254
134576 100 2.2 -15264 7538
136312 100 2.2 -15232 7424
138070 100 2.2 -15504 7638
139851 100 2.2 -14964 7390
141655 100 2.2 -15944 8274
143482 100 2.2 -15284 7776
145333 100 2.2 -15472 8006
147207 100 2.2 -15300 7880
149106 100 2.2 -15732 8212
151029 100 2.2 -15588 7298
152977 100 2.2 -15488 8030
154950 100 2.2 -15484 8078
156948 100 2.2 -15184 7702
158973 100 2.2 -15116 7512
161023 100 2.2 -15784 7962
163100 100 2.2 -15332 7934
165204 100 2.2 -15548 8132
167334 100 2.2 -15268 7300
169493 100 2.2 -15696 8296
171679 100 2.2 -15816 8226
173893 100 2.2 -15380 8142
176136 100 2.2 -14660 6136
178408 100 2.2 -15156 7658
180709 100 2.2 -15296 6878
183040 100 2.2 -15096 7622
185400 100 2.2 -15252 7770
187792 100 2.2 -15580 7942
190214 100 2.2 -15472 7882
192667 100 2.2 -16200 8578
195152 100 2.2 -15628 8206
197669 100 2.2 -15696 8096
200219 100 2.2 -16056 8420
202801 100 2.2 -15608 8040
205417 100 2.2 -15984 8278
208066 100 2.2 -15316 6998
210750 100 2.2 -15388 7808
213468 100 2.2 -15060 7348
216222 100 2.2 -15720 7810
219010 100 2.2 -15576 7894
221835 100 2.2 -15652 7906
224696 100 2.2 -15368 7810
227595 100 2.2 -15316 7652
230530 100 2.2 -16044 8128
233503 100 2.2 -15748 8018
236515 100 2.2 -15688 8180
239566 100 2.2 -15496 7836
242656 100 2.2 -15604 8116
245785 100 2.2 -15852 8198
248956 100 2.2 -15228 7628
252167 100 2.2 -15336 7608
255419 100 2.2 -15348 7552
258713 100 2.2 -15120 6656
262050 100 2.2 -14844 6896
265430 100 2.2 -15360 7392
268854 100 2.2 -15952 8410
272321 100 2.2 -15136 7786
275834 100 2.2 -15652 8004
279391 100 2.2 -15384 7984
282995 100 2.2 -15140 7504
286645 100 2.2 -15364 7920
290342 100 2.2 -15688 8280
294087 100 2.2 -15404 7692
297880 100 2.2 -15608 8070
301722 100 2.2 -15144 7238
305614 100 2.2 -15904 8376
309556 100 2.2 -15256 7796
313548 100 2.2 -15744 8318
317592 100 2.2 -15364 8074
321689 100 2.2 -15032 7332
325838 100 2.2 -15412 7810
330040 100 2.2 -15580 8196
334297 100 2.2 -15112 7180
338609 100 2.2 -15228 7744
342976 100 2.2 -15988 8380
347400 100 2.2 -15440 7952
351881 100 2.2 -15648 8176
356419 100 2.2 -15640 7950
361016 100 2.2 -15356 7822
365673 100 2.2 -15312 7682
370389 100 2.2 -15496 8020
375167 100 2.2 -15644 8186
380005 100 2.2 -15552 7862
384907 100 2.2 -16132 7978
389871 100 2.2 -15836 8228
394900 100 2.2 -15688 8200
399993 100 2.2 -15076 7372
405152 100 2.2 -15644 7806
410378 100 2.2 -15540 7842
415671 100 2.2 -15284 7888
421032 100 2.2 -15564 8318
426463 100 2.2 -15100 7618
431963 100 2.2 -15520 7792
437535 100 2.2 -15612 8202
443178 100 2.2 -15524 8022
448894 100 2.2 -15472 8106
454684 100 2.2 -15220 7678
460548 100 2.2 -15816 8062
466489 100 2.2 -15520 7880
472505 100 2.2 -15348 7802
478600 100 2.2 -15136 7412
484773 100 2.2 -15792 8096
491025 100 2.2 -15596 8052
497358 100 2.2 -15640 7950
503773 100 2.2 -15844 8044
510271 100 2.2 -15580 8020
516852 100 2.2 -15012 7180
523519 100 2.2 -15100 7554
530271 100 2.2 -15720 7956
537111 100 2.2 -15268 7758
544038 100 2.2 -15488 8184
551055 100 2.2 -15868 8214
558163 100 2.2 -15896 8306
565362 100 2.2 -15344 7812
572654 100 2.2 -15452 7930
580040 100 2.2 -15144 7964
587521 100 2.2 -15528 8024
595099 100 2.2 -15356 7114
602775 100 2.2 -15160 7540
610549 100 2.2 -15708 7908
618424 100 2.2 -15492 7824
626400 100 2.2 -15188 7536
634480 100 2.2 -15720 8040
642663 100 2.2 -15648 8268
650952 100 2.2 -15636 8096
659348 100 2.2 -15236 7232
667853 100 2.2 -15736 8118
676467 100 2.2 -15588 8010
685192 100 2.2 -15440 7620
694029 100 2.2 -15680 8106
702981 100 2.2 -15280 7742
712048 100 2.2 -15328 7824
721232 100 2.2 -15368 7284
730534 100 2.2 -15692 8110
739957 100 2.2 -15192 7492
749500 100 2.2 -15528 8010
759168 100 2.2 -15156 7750
768959 100 2.2 -15188 7280
778877 100 2.2 -15220 7424
788923 100 2.2 -15608 8136
799099 100 2.2 -15600 8118
809405 100 2.2 -15272 7796
819845 100 2.2 -15328 7578
830419 100 2.2 -15372 7736
841130 100 2.2 -15028 7816
851979 100 2.2 -15608 8080
862968 100 2.2 -15460 7646
874098 100 2.2 -15320 7690
885373 100 2.2 -15540 8048
896792 100 2.2 -15260 7466
908359 100 2.2 -15624 8132
920075 100 2.2 -15084 7584
931942 100 2.2 -15436 7418
943962 100 2.2 -15424 7706
956137 100 2.2 -15496 8030
968470 100 2.2 -15512 8050
980961 100 2.2 -15716 8210
993613 100 2.2 -15392 7738
999999 100 2.2 -15084 7822
