3 100 2.4 -15920 8650
4 100 2.4 -15448 8416
5 100 2.4 -15116 8190
6 100 2.4 -14696 7994
7 100 2.4 -14864 7992
8 100 2.4 -14616 7858
9 100 2.4 -14244 7622
10 100 2.4 -14352 7668
11 100 2.4 -13928 7446
12 100 2.4 -14144 7512
13 100 2.4 -14332 7468
14 100 2.4 -14260 7328
15 100 2.4 -13872 7224
16 100 2.4 -13820 7122
17 100 2.4 -13708 7020
18 100 2.4 -13500 7006
19 100 2.4 -13676 6972
20 100 2.4 -13648 6922
21 100 2.4 -13348 6870
22 100 2.4 -13372 6872
23 100 2.4 -13620 6878
24 100 2.4 -13480 6776
25 100 2.4 -13412 6666
26 100 2.4 -13240 6616
27 100 2.4 -13128 6404
28 100 2.4 -13084 6448
29 100 2.4 -13076 6368
30 100 2.4 -12976 6398
31 100 2.4 -13036 6438
32 100 2.4 -13024 6414
33 100 2.4 -12992 6376
34 100 2.4 -13336 6400
35 100 2.4 -13280 6366
36 100 2.4 -13256 6340
37 100 2.4 -13092 6336
38 100 2.4 -13092 6352
39 100 2.4 -12828 6196
40 100 2.4 -12772 6186
41 100 2.4 -12840 6114
42 100 2.4 -12772 6030
43 100 2.4 -12764 5996
44 100 2.4 -12800 6112
45 100 2.4 -13192 6252
46 100 2.4 -13048 6102
47 100 2.4 -12984 6014
48 100 2.4 -13364 6088
49 100 2.4 -13080 5966
50 100 2.4 -12872 5762
51 100 2.4 -12764 5744
52 100 2.4 -12796 5800
53 100 2.4 -12744 5848
54 100 2.4 -12812 5786
55 100 2.4 -12920 5812
56 100 2.4 -12820 5694
57 100 2.4 -12608 5548
58 100 2.4 -12556 5350
59 100 2.4 -12632 5370
60 100 2.4 -12532 5338
61 100 2.4 -12580 5442
62 100 2.4 -12584 5434
63 100 2.4 -12500 5352
64 100 2.4 -12468 5204
65 100 2.4 -12500 5146
66 100 2.4 -12676 5172
67 100 2.4 -12692 5248
68 100 2.4 -12604 5176
69 100 2.4 -12340 5070
70 100 2.4 -12532 5116
71 100 2.4 -12680 5140
72 100 2.4 -12448 5162
73 100 2.4 -12612 5208
74 100 2.4 -12804 5340
75 100 2.4 -12372 5040
76 100 2.4 -12528 4936
77 100 2.4 -12404 4824
78 100 2.4 -12564 4922
79 100 2.4 -12328 4894
80 100 2.4 -12544 5080
81 100 2.4 -12612 4946
82 100 2.4 -12640 4890
83 100 2.4 -12760 5032
84 100 2.4 -12720 4940
85 100 2.4 -12716 5096
86 100 2.4 -12768 5244
88 100 2.4 -12884 5440
89 100 2.4 -12904 5448
90 100 2.4 -12564 5266
91 100 2.4 -12784 5484
92 100 2.4 -12864 5496
93 100 2.4 -12680 5310
95 100 2.4 -12864 5358
96 100 2.4 -13076 5416
97 100 2.4 -13116 5408
98 100 2.4 -12840 5244
99 100 2.4 -12716 5230
101 100 2.4 -13000 5212
102 100 2.4 -12776 5108
103 100 2.4 -12920 5134
105 100 2.4 -13120 5378
106 100 2.4 -12740 5262
107 100 2.4 -12728 5202
109 100 2.4 -12772 5330
110 100 2.4 -12620 5314
112 100 2.4 -12472 4890
113 100 2.4 -12520 4954
114 100 2.4 -12440 4884
116 100 2.4 -12508 4784
117 100 2.4 -12864 4834
119 100 2.4 -12964 5092
120 100 2.4 -12852 5034
122 100 2.4 -12780 4958
124 100 2.4 -12796 4946
125 100 2.4 -12924 4894
127 100 2.4 -12452 4732
128 100 2.4 -12476 4552
130 100 2.4 -12156 4250
132 100 2.4 -12096 4160
133 100 2.4 -12120 4072
135 100 2.4 -12340 4218
137 100 2.4 -12600 4548
139 100 2.4 -12648 4550
140 100 2.4 -12432 4462
142 100 2.4 -12512 4368
144 100 2.4 -12568 4228
146 100 2.4 -12736 4450
148 100 2.4 -12872 4576
150 100 2.4 -12288 4232
152 100 2.4 -12424 4178
154 100 2.4 -12260 4012
155 100 2.4 -12132 4014
157 100 2.4 -12084 3926
160 100 2.4 -12536 3928
162 100 2.4 -12420 3894
164 100 2.4 -12420 3750
166 100 2.4 -12380 3766
168 100 2.4 -12392 3576
170 100 2.4 -12016 3420
172 100 2.4 -12004 3390
174 100 2.4 -12288 3328
177 100 2.4 -12092 3062
179 100 2.4 -12184 3096
181 100 2.4 -12064 2950
184 100 2.4 -11948 2908
186 100 2.4 -12412 3190
188 100 2.4 -12396 3210
191 100 2.4 -12676 3034
193 100 2.4 -12424 2924
196 100 2.4 -12436 2612
198 100 2.4 -12120 2654
201 100 2.4 -12212 2748
203 100 2.4 -12364 2892
206 100 2.4 -12160 2818
209 100 2.4 -12316 2946
211 100 2.4 -12336 3056
214 100 2.4 -12172 2978
217 100 2.4 -12444 2802
220 100 2.4 -12132 2684
222 100 2.4 -12428 2576
225 100 2.4 -11984 2772
228 100 2.4 -12176 2580
231 100 2.4 -12400 2594
234 100 2.4 -12296 2856
237 100 2.4 -12284 3142
240 100 2.4 -12652 3180
243 100 2.4 -12388 3090
246 100 2.4 -12308 3106
250 100 2.4 -11748 2902
253 100 2.4 -11844 2706
256 100 2.4 -11972 2706
259 100 2.4 -11956 2768
263 100 2.4 -11980 2432
266 100 2.4 -11996 2518
269 100 2.4 -11988 2398
273 100 2.4 -11972 2204
276 100 2.4 -12016 2118
280 100 2.4 -12044 2214
284 100 2.4 -11696 2010
287 100 2.4 -11736 1834
291 100 2.4 -11652 2012
295 100 2.4 -11488 1542
298 100 2.4 -11380 1596
302 100 2.4 -11880 1266
306 100 2.4 -11676 1216
310 100 2.4 -11956 1396
314 100 2.4 -12024 1492
318 100 2.4 -11724 1352
322 100 2.4 -11712 1232
326 100 2.4 -11984 1250
331 100 2.4 -11880 650
335 100 2.4 -11612 370
339 100 2.4 -12016 902
344 100 2.4 -11948 896
348 100 2.4 -11964 768
352 100 2.4 -12016 1076
357 100 2.4 -11968 1088
362 100 2.4 -11944 1150
366 100 2.4 -11860 1310
371 100 2.4 -12068 1290
376 100 2.4 -12100 1468
381 100 2.4 -11952 1610
385 100 2.4 -11796 1710
390 100 2.4 -11780 1708
395 100 2.4 -11768 1528
401 100 2.4 -11792 1262
406 100 2.4 -12188 1176
411 100 2.4 -12108 1422
416 100 2.4 -12172 1692
422 100 2.4 -12236 1604
427 100 2.4 -11872 1496
433 100 2.4 -11908 1512
438 100 2.4 -12244 1414
444 100 2.4 -12016 1482
449 100 2.4 -11808 1546
455 100 2.4 -11480 1606
461 100 2.4 -11904 1326
467 100 2.4 -11944 1724
473 100 2.4 -11960 1470
479 100 2.4 -11904 1448
485 100 2.4 -12152 1414
492 100 2.4 -12108 1494
498 100 2.4 -11924 1372
504 100 2.4 -12252 1540
511 100 2.4 -12148 1266
517 100 2.4 -11892 834
524 100 2.4 -11852 502
531 100 2.4 -11680 138
538 100 2.4 -11620 348
545 100 2.4 -11868 300
552 100 2.4 -11988 -178
559 100 2.4 -11704 -320
566 100 2.4 -12004 -382
573 100 2.4 -11856 -516
581 100 2.4 -11816 -656
588 100 2.4 -11800 -720
596 100 2.4 -11832 -742
603 100 2.4 -12052 -250
611 100 2.4 -12052 30
619 100 2.4 -12200 -474
627 100 2.4 -11992 -894
635 100 2.4 -12176 -752
643 100 2.4 -11776 -946
652 100 2.4 -11816 -502
660 100 2.4 -11720 -640
668 100 2.4 -11660 -1190
677 100 2.4 -12284 -1512
686 100 2.4 -11952 -1232
695 100 2.4 -12068 -1176
704 100 2.4 -11836 -1130
713 100 2.4 -12152 -1172
722 100 2.4 -12304 -500
731 100 2.4 -11740 -708
741 100 2.4 -11992 -628
750 100 2.4 -11820 -264
760 100 2.4 -11860 -642
770 100 2.4 -12480 -358
780 100 2.4 -12268 -294
790 100 2.4 -12148 -358
800 100 2.4 -12608 -332
810 100 2.4 -12412 -314
821 100 2.4 -12140 -546
831 100 2.4 -12124 -838
842 100 2.4 -11532 -954
853 100 2.4 -11924 -806
864 100 2.4 -12176 -624
875 100 2.4 -12128 -454
886 100 2.4 -12072 -890
897 100 2.4 -12140 -544
909 100 2.4 -12332 -606
921 100 2.4 -12020 -660
933 100 2.4 -11860 -196
945 100 2.4 -12104 -454
957 100 2.4 -12412 -1066
969 100 2.4 -12304 -1056
982 100 2.4 -11988 -932
994 100 2.4 -12264 -1458
1007 100 2.4 -12140 -1460
1020 100 2.4 -12036 -1460
1033 100 2.4 -11484 -2034
1047 100 2.4 -12240 -2492
1060 100 2.4 -12108 -2080
1074 100 2.4 -12060 -2210
1088 100 2.4 -12140 -2120
1102 100 2.4 -12184 -2124
1116 100 2.4 -12332 -1398
1130 100 2.4 -11964 -1346
1145 100 2.4 -11800 -668
1160 100 2.4 -12172 -886
1174 100 2.4 -12304 -966
1190 100 2.4 -12292 -978
1205 100 2.4 -12072 -1210
1220 100 2.4 -12124 -1122
1236 100 2.4 -12108 -1312
1252 100 2.4 -11928 -1530
1268 100 2.4 -12072 -918
1285 100 2.4 -12184 -1236
1301 100 2.4 -11988 -754
1318 100 2.4 -11900 -154
1335 100 2.4 -11772 -332
1352 100 2.4 -11616 -300
1370 100 2.4 -12052 -210
1387 100 2.4 -12040 -140
1405 100 2.4 -12192 -408
1423 100 2.4 -12228 882
1442 100 2.4 -12496 954
1460 100 2.4 -12376 750
1479 100 2.4 -12004 614
1498 100 2.4 -12072 146
1517 100 2.4 -12216 -648
1537 100 2.4 -11876 -968
1557 100 2.4 -11868 -1070
1577 100 2.4 -11744 -456
1597 100 2.4 -11960 -700
1618 100 2.4 -12372 -1074
1639 100 2.4 -11788 -842
1660 100 2.4 -12276 -1050
1681 100 2.4 -12124 -1312
1703 100 2.4 -12068 -1140
1725 100 2.4 -12252 -1304
1747 100 2.4 -12248 -1512
1770 100 2.4 -11852 -1710
1792 100 2.4 -11868 -2278
1816 100 2.4 -12228 -1998
1839 100 2.4 -12444 -1662
1863 100 2.4 -11552 -1474
1887 100 2.4 -11872 -1502
1911 100 2.4 -11840 -952
1936 100 2.4 -11804 -808
1961 100 2.4 -11992 -608
1986 100 2.4 -12084 -324
2012 100 2.4 -12156 -382
2037 100 2.4 -12248 -470
2064 100 2.4 -12064 -290
2090 100 2.4 -12144 -774
2117 100 2.4 -11948 -622
2145 100 2.4 -12040 -1234
2172 100 2.4 -12172 -1354
2200 100 2.4 -12696 -1234
2229 100 2.4 -12128 -678
2257 100 2.4 -12000 -758
2286 100 2.4 -12312 -322
2316 100 2.4 -11864 324
2346 100 2.4 -12476 130
2376 100 2.4 -12116 596
2407 100 2.4 -11776 -120
2438 100 2.4 -11888 28
2469 100 2.4 -12036 -2
2501 100 2.4 -11824 -250
2533 100 2.4 -12136 1106
2566 100 2.4 -11916 434
2599 100 2.4 -12060 940
2633 100 2.4 -11664 646
2667 100 2.4 -11752 1252
2701 100 2.4 -11756 948
2736 100 2.4 -11872 822
2771 100 2.4 -12124 878
2807 100 2.4 -11956 590
2843 100 2.4 -11604 1374
2880 100 2.4 -11920 840
2917 100 2.4 -12012 960
2954 100 2.4 -11596 616
2992 100 2.4 -11752 490
3031 100 2.4 -11944 926
3070 100 2.4 -11988 1272
3110 100 2.4 -12140 910
3150 100 2.4 -11876 1048
3190 100 2.4 -12052 -18
3232 100 2.4 -12288 494
3273 100 2.4 -11760 130
3315 100 2.4 -11492 -906
3358 100 2.4 -11780 -1214
3402 100 2.4 -12176 -918
3445 100 2.4 -11756 -984
3490 100 2.4 -11532 -276
3535 100 2.4 -11988 -2
3580 100 2.4 -12376 14
3627 100 2.4 -12020 814
3673 100 2.4 -11720 336
3721 100 2.4 -11772 -686
3769 100 2.4 -12300 -1168
3817 100 2.4 -12192 -920
3867 100 2.4 -11744 -422
3916 100 2.4 -12116 664
3967 100 2.4 -12288 1506
4018 100 2.4 -12016 238
4070 100 2.4 -11980 922
4122 100 2.4 -12332 1352
4176 100 2.4 -12112 842
4229 100 2.4 -11760 1628
4284 100 2.4 -11728 564
4339 100 2.4 -12096 574
4395 100 2.4 -12228 -350
4452 100 2.4 -11888 -578
4509 100 2.4 -12016 176
4567 100 2.4 -12220 826
4626 100 2.4 -11908 568
4686 100 2.4 -12140 82
4746 100 2.4 -12104 726
4808 100 2.4 -12164 434
4870 100 2.4 -12148 90
4932 100 2.4 -11888 -224
4996 100 2.4 -11996 -818
5060 100 2.4 -11772 -842
5126 100 2.4 -12252 -810
5192 100 2.4 -12172 -1552
5259 100 2.4 -12208 -978
5327 100 2.4 -12248 -1034
5395 100 2.4 -11772 -1854
5465 100 2.4 -12096 -1838
5535 100 2.4 -12264 -1710
5607 100 2.4 -12504 -2604
5679 100 2.4 -12284 -2324
5752 100 2.4 -12552 -1188
5826 100 2.4 -12088 108
5902 100 2.4 -12020 -232
5978 100 2.4 -12056 -72
6055 100 2.4 -12376 84
6133 100 2.4 -11460 130
6212 100 2.4 -12032 516
6292 100 2.4 -12420 -490
6373 100 2.4 -11992 -664
6455 100 2.4 -11992 -1508
6539 100 2.4 -11708 -12
6623 100 2.4 -11896 -6
6708 100 2.4 -12100 -336
6795 100 2.4 -12080 632
6883 100 2.4 -11652 628
6971 100 2.4 -12016 -400
7061 100 2.4 -12532 330
7152 100 2.4 -12228 -226
7245 100 2.4 -11704 -1506
7338 100 2.4 -11912 -674
7433 100 2.4 -12320 -204
7529 100 2.4 -11916 -866
7626 100 2.4 -11980 14
7724 100 2.4 -11556 -280
7824 100 2.4 -12292 130
7925 100 2.4 -12348 -24
8027 100 2.4 -12144 16
8130 100 2.4 -12080 794
8235 100 2.4 -11536 790
8341 100 2.4 -12308 330
8449 100 2.4 -12036 1248
8558 100 2.4 -11740 826
8668 100 2.4 -11924 720
8780 100 2.4 -12056 458
8893 100 2.4 -12036 -574
9008 100 2.4 -11832 -1110
9124 100 2.4 -11912 -1348
9242 100 2.4 -12188 -386
9361 100 2.4 -11900 -372
9482 100 2.4 -11788 -1158
9604 100 2.4 -11728 232
9728 100 2.4 -12132 1654
9853 100 2.4 -12108 1404
9980 100 2.4 -12448 782
10109 100 2.4 -12064 866
10240 100 2.4 -12012 1828
10372 100 2.4 -12456 650
10505 100 2.4 -12524 -1510
10641 100 2.4 -12520 -1444
10778 100 2.4 -12384 -2498
10917 100 2.4 -11892 -1640
11058 100 2.4 -11796 -656
11201 100 2.4 -12100 -240
11345 100 2.4 -12368 -760
11491 100 2.4 -12032 -1808
11640 100 2.4 -11836 628
11790 100 2.4 -11576 -538
11942 100 2.4 -11652 996
12096 100 2.4 -12212 -1204
12252 100 2.4 -11652 -1282
12410 100 2.4 -11844 -1914
12570 100 2.4 -12280 -2258
12732 100 2.4 -12088 -1032
12896 100 2.4 -11952 -380
13062 100 2.4 -12004 -858
13231 100 2.4 -12092 -22
13402 100 2.4 -11920 536
13574 100 2.4 -11856 1584
13750 100 2.4 -12032 1136
13927 100 2.4 -12176 2376
14106 100 2.4 -12484 1032
14288 100 2.4 -12124 610
14473 100 2.4 -12436 -26
14659 100 2.4 -12168 456
14848 100 2.4 -11792 368
15040 100 2.4 -12072 1242
15234 100 2.4 -11808 490
15430 100 2.4 -11588 1614
15629 100 2.4 -12068 -796
15831 100 2.4 -12348 -1654
16035 100 2.4 -11892 -1382
16242 100 2.4 -11584 -398
16451 100 2.4 -12052 -1512
16664 100 2.4 -11980 -1898
16879 100 2.4 -11964 506
17096 100 2.4 -11636 -1042
17317 100 2.4 -12252 628
17540 100 2.4 -12148 652
17766 100 2.4 -12140 -586
17995 100 2.4 -11868 -1508
18228 100 2.4 -11856 -1772
18463 100 2.4 -12268 -2138
18701 100 2.4 -12296 -3142
18942 100 2.4 -12864 -1928
19186 100 2.4 -11876 1416
19434 100 2.4 -12012 -568
19684 100 2.4 -11740 -2412
19938 100 2.4 -11916 -2058
20195 100 2.4 -11564 646
20456 100 2.4 -11440 1410
20720 100 2.4 -12120 1202
20987 100 2.4 -12012 1200
21258 100 2.4 -12560 2660
21532 100 2.4 -12036 1292
21810 100 2.4 -12320 110
22091 100 2.4 -12192 -482
22376 100 2.4 -12328 -2234
22664 100 2.4 -11996 -2150
22957 100 2.4 -11772 -1102
23253 100 2.4 -11872 1682
23553 100 2.4 -12128 1976
23856 100 2.4 -12192 312
24164 100 2.4 -12040 -2692
24476 100 2.4 -12288 -2820
24791 100 2.4 -11976 -2518
25111 100 2.4 -11796 -114
25435 100 2.4 -11804 1110
25763 100 2.4 -11724 -462
26095 100 2.4 -12128 -1424
26432 100 2.4 -12500 -1910
26773 100 2.4 -11712 -1390
27118 100 2.4 -12272 -196
27468 100 2.4 -12544 -164
27822 100 2.4 -11728 -1602
28181 100 2.4 -12172 -2572
28545 100 2.4 -12064 -56
28913 100 2.4 -12440 -1544
29286 100 2.4 -12156 -2186
29663 100 2.4 -12008 -1510
30046 100 2.4 -12164 66
30434 100 2.4 -11984 446
30826 100 2.4 -12300 318
31224 100 2.4 -12160 614
31626 100 2.4 -12244 -1358
32034 100 2.4 -11864 780
32447 100 2.4 -11936 1378
32866 100 2.4 -12068 -12
33290 100 2.4 -11900 -130
33719 100 2.4 -11892 -1408
34154 100 2.4 -12124 -900
34595 100 2.4 -12084 -1160
35041 100 2.4 -12176 -1648
35493 100 2.4 -12244 -644
35951 100 2.4 -12028 48
36414 100 2.4 -12088 1490
36884 100 2.4 -11808 814
37360 100 2.4 -12532 -704
37841 100 2.4 -11884 126
38330 100 2.4 -11920 792
38824 100 2.4 -11972 1262
39325 100 2.4 -12580 2214
39832 100 2.4 -11892 -498
40346 100 2.4 -11632 1064
40866 100 2.4 -12184 442
41393 100 2.4 -12080 -678
41927 100 2.4 -12372 -1764
42468 100 2.4 -12100 -630
43015 100 2.4 -12000 -1302
43570 100 2.4 -11952 -1014
44132 100 2.4 -11992 -1828
44701 100 2.4 -12128 1634
45278 100 2.4 -11840 770
45862 100 2.4 -12188 1078
46453 100 2.4 -11268 1170
47053 100 2.4 -11928 -190
47660 100 2.4 -12360 992
48274 100 2.4 -12264 918
48897 100 2.4 -11788 -1460
49528 100 2.4 -12012 372
50166 100 2.4 -11496 34
50813 100 2.4 -12044 2868
51469 100 2.4 -11724 -448
52133 100 2.4 -11880 1128
52805 100 2.4 -11752 980
53486 100 2.4 -11804 88
54176 100 2.4 -12180 -1548
54875 100 2.4 -12392 -272
55582 100 2.4 -12124 -392
56299 100 2.4 -12152 -470
57025 100 2.4 -12520 874
57761 100 2.4 -11676 22
58506 100 2.4 -12216 -3150
59261 100 2.4 -12076 -2926
60025 100 2.4 -11736 -384
60799 100 2.4 -11888 370
61583 100 2.4 -12368 1136
62378 100 2.4 -11792 206
63182 100 2.4 -12384 1206
63997 100 2.4 -12076 2264
64822 100 2.4 -12072 -1742
65658 100 2.4 -12044 -1436
66505 100 2.4 -11740 -1376
67363 100 2.4 -12332 -1790
68232 100 2.4 -12140 -2558
69112 100 2.4 -12216 662
70003 100 2.4 -12212 -1278
70906 100 2.4 -12044 580
71821 100 2.4 -12288 -514
72747 100 2.4 -11968 -1334
73685 100 2.4 -11712 -588
74636 100 2.4 -11944 748
75599 100 2.4 -11816 -282
76574 100 2.4 -11672 -288
77561 100 2.4 -12112 1092
78562 100 2.4 -12352 1916
79575 100 2.4 -11512 102
80601 100 2.4 -12040 1560
81641 100 2.4 -11908 842
82694 100 2.4 -12420 1702
83760 100 2.4 -12272 -498
84841 100 2.4 -12136 -908
85935 100 2.4 -12148 1980
87043 100 2.4 -11616 96
88166 100 2.4 -12292 810
89303 100 2.4 -12084 -2930
90455 100 2.4 -12504 -1162
91622 100 2.4 -12148 -526
92803 100 2.4 -11936 -950
94000 100 2.4 -11600 408
95213 100 2.4 -12324 1228
96441 100 2.4 -12004 1814
97685 100 2.4 -11760 120
98945 100 2.4 -12128 1294
100221 100 2.4 -11968 -1616
101513 100 2.4 -12224 798
102823 100 2.4 -11372 826
104149 100 2.4 -12076 -1968
105492 100 2.4 -11788 -22
106853 100 2.4 -12236 72
108231 100 2.4 -12064 -1266
109627 100 2.4 -12204 2932
111041 100 2.4 -12104 -46
112473 100 2.4 -12076 598
113924 100 2.4 -12152 1984
115393 100 2.4 -12124 -1302
116882 100 2.4 -11976 -100
118389 100 2.4 -12192 -1386
119916 100 2.4 -12112 346
121463 100 2.4 -12096 -1318
123029 100 2.4 -12208 -572
124616 100 2.4 -11732 -774
126224 100 2.4 -11940 336
127852 100 2.4 -12200 586
129501 100 2.4 -11908 1502
131171 100 2.4 -11984 672
132863 100 2.4 -11772 768
134576 100 2.4 -12168 -90
136312 100 2.4 -11900 222
138070 100 2.4 -12308 -306
139851 100 2.4 -11720 1032
141655 100 2.4 -12336 -1754
143482 100 2.4 -11636 886
145333 100 2.4 -11612 -102
147207 100 2.4 -12164 1854
149106 100 2.4 -11948 -1052
151029 100 2.4 -12028 808
152977 100 2.4 -12208 -486
154950 100 2.4 -12148 1208
156948 100 2.4 -12424 182
158973 100 2.4 -11996 -1372
161023 100 2.4 -12064 -212
163100 100 2.4 -12240 -728
165204 100 2.4 -11460 702
167334 100 2.4 -11828 1992
169493 100 2.4 -11768 -484
171679 100 2.4 -12200 756
173893 100 2.4 -11656 6
176136 100 2.4 -11540 -1324
178408 100 2.4 -11352 1348
180709 100 2.4 -12320 -548
183040 100 2.4 -11892 2204
185400 100 2.4 -12304 -14
187792 100 2.4 -11440 450
190214 100 2.4 -12156 -1938
192667 100 2.4 -11824 362
195152 100 2.4 -12404 526
197669 100 2.4 -12280 -2404
200219 100 2.4 -12072 586
202801 100 2.4 -12208 -1512
205417 100 2.4 -11392 -220
208066 100 2.4 -12312 2182
210750 100 2.4 -12152 1008
213468 100 2.4 -12272 -1642
216222 100 2.4 -12096 -2830
219010 100 2.4 -11756 -158
221835 100 2.4 -11656 -1050
224696 100 2.4 -12452 1406
227595 100 2.4 -11680 -94
230530 100 2.4 -12328 356
233503 100 2.4 -12324 3504
236515 100 2.4 -12004 830
239566 100 2.4 -12084 -702
242656 100 2.4 -12568 -1420
245785 100 2.4 -12224 608
248956 100 2.4 -12008 -1266
252167 100 2.4 -11744 1280
255419 100 2.4 -11868 -226
258713 100 2.4 -12340 1416
262050 100 2.4 -11912 1988
265430 100 2.4 -12264 1312
268854 100 2.4 -11840 -26
272321 100 2.4 -11704 -312
275834 100 2.4 -12096 -112
279391 100 2.4 -12776 1508
282995 100 2.4 -12128 -1428
286645 100 2.4 -12064 -1502
290342 100 2.4 -11836 182
294087 100 2.4 -11728 1772
297880 100 2.4 -11864 936
301722 100 2.4 -12148 -1238
305614 100 2.4 -11752 -1140
309556 100 2.4 -11804 824
313548 100 2.4 -11728 -1778
317592 100 2.4 -12204 -734
321689 100 2.4 -11968 -1634
325838 100 2.4 -12052 896
330040 100 2.4 -12132 -852
334297 100 2.4 -12284 -2580
338609 100 2.4 -11988 -308
342976 100 2.4 -11940 -344
347400 100 2.4 -12060 -1080
351881 100 2.4 -11856 -2478
356419 100 2.4 -11692 1260
361016 100 2.4 -12088 -238
365673 100 2.4 -11816 1318
370389 100 2.4 -11812 74
375167 100 2.4 -11948 -228
380005 100 2.4 -12240 -460
384907 100 2.4 -12020 -858
389871 100 2.4 -12228 1884
394900 100 2.4 -11412 38
399993 100 2.4 -12212 1704
405152 100 2.4 -12552 -18
410378 100 2.4 -12052 -2248
415671 100 2.4 -12140 -2954
421032 100 2.4 -11516 180
426463 100 2.4 -11948 828
431963 100 2.4 -12096 -300
437535 100 2.4 -12180 -242
443178 100 2.4 -12152 1808
448894 100 2.4 -11760 -1380
454684 100 2.4 -11940 -1388
460548 100 2.4 -11984 -482
466489 100 2.4 -11912 -770
472505 100 2.4 -12396 -1544
478600 100 2.4 -11988 1320
484773 100 2.4 -12084 -644
491025 100 2.4 -12436 2122
497358 100 2.4 -11864 -6
503773 100 2.4 -12024 676
510271 100 2.4 -11932 184
516852 100 2.4 -12228 1210
523519 100 2.4 -12460 -2970
530271 100 2.4 -11684 970
537111 100 2.4 -12628 -2586
544038 100 2.4 -12000 -2062
551055 100 2.4 -11832 -44
558163 100 2.4 -12504 -2998
565362 100 2.4 -11936 350
572654 100 2.4 -12188 -484
580040 100 2.4 -11748 -1472
587521 100 2.4 -11716 928
595099 100 2.4 -12132 200
602775 100 2.4 -12008 888
610549 100 2.4 -12632 2096
618424 100 2.4 -12256 -44
626400 100 2.4 -12052 580
634480 100 2.4 -11940 -2182
642663 100 2.4 -12372 -482
650952 100 2.4 -11528 -890
659348 100 2.4 -12048 -2528
667853 100 2.4 -11780 922
676467 100 2.4 -12576 2396
685192 100 2.4 -11632 1378
694029 100 2.4 -11792 -670
702981 100 2.4 -12268 -314
712048 100 2.4 -11864 2166
721232 100 2.4 -11948 1354
730534 100 2.4 -11948 1312
739957 100 2.4 -12040 -514
749500 100 2.4 -11900 -790
759168 100 2.4 -12140 644
768959 100 2.4 -12288 704
778877 100 2.4 -12284 266
788923 100 2.4 -11820 2642
799099 100 2.4 -11832 -100
809405 100 2.4 -12420 814
819845 100 2.4 -11744 102
830419 100 2.4 -11644 544
841130 100 2.4 -11780 -876
851979 100 2.4 -12296 -1322
862968 100 2.4 -12088 -838
874098 100 2.4 -11420 966
885373 100 2.4 -12328 2044
896792 100 2.4 -12128 1384
908359 100 2.4 -12412 -2546
920075 100 2.4 -11640 848
931942 100 2.4 -12008 -1104
943962 100 2.4 -11728 626
956137 100 2.4 -11808 -1372
968470 100 2.4 -11960 694
980961 100 2.4 -12020 152
993613 100 2.4 -11892 -580
999999 100 2.4 -12252 -542
