3 100 2.2 -17012 9044
4 100 2.2 -16720 8896
5 100 2.2 -16532 8830
6 100 2.2 -16480 8772
7 100 2.2 -16236 8678
8 100 2.2 -16280 8608
9 100 2.2 -15968 8484
10 100 2.2 -15676 8300
11 100 2.2 -15756 8360
12 100 2.2 -15672 8374
13 100 2.2 -15692 8344
14 100 2.2 -15944 8356
15 100 2.2 -15632 8216
16 100 2.2 -15680 8168
17 100 2.2 -15884 8180
18 100 2.2 -15788 8078
19 100 2.2 -15460 8058
20 100 2.2 -15528 8046
21 100 2.2 -15352 7842
22 100 2.2 -15468 7860
23 100 2.2 -15408 7890
24 100 2.2 -15452 7902
25 100 2.2 -15464 7968
26 100 2.2 -15276 7880
27 100 2.2 -15060 7780
28 100 2.2 -15052 7728
29 100 2.2 -15216 7752
30 100 2.2 -15156 7724
31 100 2.2 -15300 7908
32 100 2.2 -15188 7748
33 100 2.2 -15292 7864
34 100 2.2 -15264 7870
35 100 2.2 -15248 7824
36 100 2.2 -15176 7748
37 100 2.2 -15244 7790
38 100 2.2 -15300 7812
39 100 2.2 -15124 7768
40 100 2.2 -15420 7860
41 100 2.2 -15600 7902
42 100 2.2 -15440 7852
43 100 2.2 -15296 7790
44 100 2.2 -15400 7782
45 100 2.2 -15372 7726
46 100 2.2 -15348 7820
47 100 2.2 -15312 7830
48 100 2.2 -15536 7944
49 100 2.2 -15260 7916
50 100 2.2 -15436 8034
51 100 2.2 -15396 8018
52 100 2.2 -15620 8062
53 100 2.2 -15600 8012
54 100 2.2 -15624 8000
55 100 2.2 -15336 7836
56 100 2.2 -15380 7942
57 100 2.2 -15512 7976
58 100 2.2 -15692 8000
59 100 2.2 -15552 7936
60 100 2.2 -15468 7972
61 100 2.2 -15648 7966
62 100 2.2 -15228 7806
63 100 2.2 -15328 7786
64 100 2.2 -15348 7722
65 100 2.2 -15292 7694
66 100 2.2 -15440 7758
67 100 2.2 -15596 7732
68 100 2.2 -15464 7662
69 100 2.2 -15636 7764
70 100 2.2 -15468 7740
71 100 2.2 -15160 7638
72 100 2.2 -15268 7652
73 100 2.2 -15272 7668
74 100 2.2 -15216 7788
75 100 2.2 -15168 7816
76 100 2.2 -15260 7876
77 100 2.2 -15224 7874
78 100 2.2 -15232 7890
79 100 2.2 -15252 7868
80 100 2.2 -15300 7916
81 100 2.2 -15208 7856
82 100 2.2 -15156 7882
83 100 2.2 -15352 7944
84 100 2.2 -15400 7990
85 100 2.2 -15332 7986
86 100 2.2 -15460 8070
88 100 2.2 -15664 8122
89 100 2.2 -15560 8082
90 100 2.2 -15248 7924
91 100 2.2 -15532 8050
92 100 2.2 -15464 7972
93 100 2.2 -15436 7992
95 100 2.2 -15700 8002
96 100 2.2 -15656 8068
97 100 2.2 -15788 8078
98 100 2.2 -15592 7870
99 100 2.2 -15532 7846
101 100 2.2 -15248 7710
102 100 2.2 -15352 7652
103 100 2.2 -15432 7722
105 100 2.2 -15424 7758
106 100 2.2 -15284 7698
107 100 2.2 -15504 7864
109 100 2.2 -15412 7838
110 100 2.2 -15408 7848
112 100 2.2 -15512 7868
113 100 2.2 -15736 7944
114 100 2.2 -15724 7890
116 100 2.2 -15828 7970
117 100 2.2 -15652 7906
119 100 2.2 -15728 7882
120 100 2.2 -15584 7862
122 100 2.2 -15436 7880
124 100 2.2 -15656 7988
125 100 2.2 -15696 8078
127 100 2.2 -15656 8098
128 100 2.2 -15588 8088
130 100 2.2 -15548 7946
132 100 2.2 -15532 8002
133 100 2.2 -15604 8070
135 100 2.2 -15696 8144
137 100 2.2 -15492 8016
139 100 2.2 -15084 7818
140 100 2.2 -15344 7866
142 100 2.2 -15748 8124
144 100 2.2 -16028 8314
146 100 2.2 -15824 8148
148 100 2.2 -15840 8256
150 100 2.2 -16016 8344
152 100 2.2 -15844 8212
154 100 2.2 -15892 8142
155 100 2.2 -15640 8092
157 100 2.2 -15368 8044
160 100 2.2 -15488 8110
162 100 2.2 -15548 8046
164 100 2.2 -15464 8048
166 100 2.2 -15380 7932
168 100 2.2 -15980 8138
170 100 2.2 -15656 8100
172 100 2.2 -15840 8178
174 100 2.2 -15716 8090
177 100 2.2 -15700 8118
179 100 2.2 -15652 8164
181 100 2.2 -15488 7922
184 100 2.2 -15488 7926
186 100 2.2 -15720 8056
188 100 2.2 -15196 7854
191 100 2.2 -15688 7992
193 100 2.2 -15696 7972
196 100 2.2 -15540 7902
198 100 2.2 -15568 8032
201 100 2.2 -15708 8094
203 100 2.2 -15324 7872
206 100 2.2 -15524 7846
209 100 2.2 -15368 7764
211 100 2.2 -15444 7828
214 100 2.2 -15544 7946
217 100 2.2 -15312 7876
220 100 2.2 -15224 7896
222 100 2.2 -15244 7904
225 100 2.2 -15240 7918
228 100 2.2 -15504 7972
231 100 2.2 -15472 7870
234 100 2.2 -15676 8080
237 100 2.2 -16052 8250
240 100 2.2 -16020 8362
243 100 2.2 -16092 8304
246 100 2.2 -15464 8080
250 100 2.2 -15772 8278
253 100 2.2 -15920 8258
256 100 2.2 -15852 8130
259 100 2.2 -15576 8098
263 100 2.2 -15896 8298
266 100 2.2 -15616 8200
269 100 2.2 -15800 8374
273 100 2.2 -15956 8348
276 100 2.2 -15592 8178
280 100 2.2 -15984 8270
284 100 2.2 -15656 8142
287 100 2.2 -15752 8210
291 100 2.2 -15528 8034
295 100 2.2 -15732 8114
298 100 2.2 -15548 8048
302 100 2.2 -15492 8008
306 100 2.2 -15624 8080
310 100 2.2 -15448 8020
314 100 2.2 -15520 8014
318 100 2.2 -15020 7872
322 100 2.2 -15488 7938
326 100 2.2 -15608 8086
331 100 2.2 -15380 8026
335 100 2.2 -15388 7958
339 100 2.2 -15528 8110
344 100 2.2 -16120 8388
348 100 2.2 -15980 8374
352 100 2.2 -15568 8214
357 100 2.2 -15692 8090
362 100 2.2 -15532 7950
366 100 2.2 -15516 8008
371 100 2.2 -15368 8012
376 100 2.2 -15316 7974
381 100 2.2 -15496 7946
385 100 2.2 -15324 8012
390 100 2.2 -15580 8156
395 100 2.2 -15428 8072
401 100 2.2 -15756 8108
406 100 2.2 -15292 7826
411 100 2.2 -15448 7824
416 100 2.2 -15468 7754
422 100 2.2 -15224 7784
427 100 2.2 -15756 8060
433 100 2.2 -15708 8116
438 100 2.2 -15624 8148
444 100 2.2 -15632 8224
449 100 2.2 -15624 8128
455 100 2.2 -15428 7992
461 100 2.2 -15724 8006
467 100 2.2 -15592 8042
473 100 2.2 -15560 8106
479 100 2.2 -15500 8140
485 100 2.2 -15452 8040
492 100 2.2 -15904 8184
498 100 2.2 -15336 7856
504 100 2.2 -15384 8020
511 100 2.2 -15396 7844
517 100 2.2 -15288 7610
524 100 2.2 -14840 7518
531 100 2.2 -15428 7738
538 100 2.2 -15504 7706
545 100 2.2 -14940 7560
552 100 2.2 -15304 7758
559 100 2.2 -15256 7796
566 100 2.2 -15396 7968
573 100 2.2 -15252 7876
581 100 2.2 -15832 8254
588 100 2.2 -15852 8350
596 100 2.2 -15724 8096
603 100 2.2 -15624 8086
611 100 2.2 -15352 8080
619 100 2.2 -15784 8204
627 100 2.2 -15700 8050
635 100 2.2 -15304 7944
643 100 2.2 -15544 8020
652 100 2.2 -15568 7946
660 100 2.2 -15328 7758
668 100 2.2 -15480 7782
677 100 2.2 -15720 8044
686 100 2.2 -15560 8204
695 100 2.2 -15388 8078
704 100 2.2 -15812 8294
713 100 2.2 -15484 8092
722 100 2.2 -15564 8188
731 100 2.2 -15708 8302
741 100 2.2 -15592 7974
750 100 2.2 -15264 7804
760 100 2.2 -15164 7666
770 100 2.2 -15508 7818
780 100 2.2 -15528 7580
790 100 2.2 -15448 7594
800 100 2.2 -15340 7412
810 100 2.2 -15424 7340
821 100 2.2 -15152 7022
831 100 2.2 -15396 7122
842 100 2.2 -15100 6990
853 100 2.2 -15312 7122
864 100 2.2 -14872 6866
875 100 2.2 -15124 7088
886 100 2.2 -15380 7024
897 100 2.2 -15140 6798
909 100 2.2 -15000 7122
921 100 2.2 -15244 7218
933 100 2.2 -15120 7062
945 100 2.2 -14868 7024
957 100 2.2 -15136 7212
969 100 2.2 -14936 7312
982 100 2.2 -15180 7318
994 100 2.2 -15544 7710
1007 100 2.2 -15112 7580
1020 100 2.2 -15448 7732
1033 100 2.2 -15376 7562
1047 100 2.2 -15200 7412
1060 100 2.2 -15056 7328
1074 100 2.2 -15092 7238
1088 100 2.2 -15076 7422
1102 100 2.2 -14948 7184
1116 100 2.2 -15028 7350
1130 100 2.2 -15324 7550
1145 100 2.2 -15052 7376
1160 100 2.2 -15324 7358
1174 100 2.2 -14972 7566
1190 100 2.2 -15508 7902
1205 100 2.2 -15356 7934
1220 100 2.2 -15736 8036
1236 100 2.2 -15404 7934
1252 100 2.2 -15660 8186
1268 100 2.2 -15892 8450
1285 100 2.2 -15696 8146
1301 100 2.2 -15604 8150
1318 100 2.2 -15928 8166
1335 100 2.2 -15460 8150
1352 100 2.2 -15688 8152
1370 100 2.2 -15376 7992
1387 100 2.2 -15848 8130
1405 100 2.2 -15544 7966
1423 100 2.2 -15360 7818
1442 100 2.2 -15096 7580
1460 100 2.2 -15672 7808
1479 100 2.2 -14848 7578
1498 100 2.2 -15388 7712
1517 100 2.2 -15260 7468
1537 100 2.2 -15204 7470
1557 100 2.2 -15136 7772
1577 100 2.2 -15488 7734
1597 100 2.2 -15408 7872
1618 100 2.2 -15696 7950
1639 100 2.2 -15028 7698
1660 100 2.2 -14812 7362
1681 100 2.2 -15332 7562
1703 100 2.2 -15708 8096
1725 100 2.2 -15776 8076
1747 100 2.2 -15476 7876
1770 100 2.2 -15064 7358
1792 100 2.2 -15440 7280
1816 100 2.2 -15256 7406
1839 100 2.2 -15236 7244
1863 100 2.2 -15552 7394
1887 100 2.2 -15388 7472
1911 100 2.2 -15180 7592
1936 100 2.2 -15308 7602
1961 100 2.2 -15156 7430
1986 100 2.2 -15136 7352
2012 100 2.2 -15292 7572
2037 100 2.2 -15768 8064
2064 100 2.2 -15340 7994
2090 100 2.2 -15948 8306
2117 100 2.2 -15628 8012
2145 100 2.2 -15824 8300
2172 100 2.2 -15596 8196
2200 100 2.2 -15756 8110
2229 100 2.2 -15552 8184
2257 100 2.2 -15572 8054
2286 100 2.2 -15456 7908
2316 100 2.2 -15604 7926
2346 100 2.2 -15436 7880
2376 100 2.2 -15376 7788
2407 100 2.2 -15548 7962
2438 100 2.2 -15524 8062
2469 100 2.2 -15032 7578
2501 100 2.2 -15400 7936
2533 100 2.2 -15808 8298
2566 100 2.2 -15176 7726
2599 100 2.2 -15780 8084
2633 100 2.2 -15548 7956
2667 100 2.2 -15612 8228
2701 100 2.2 -15948 8384
2736 100 2.2 -15848 8270
2771 100 2.2 -15472 7960
2807 100 2.2 -15572 8030
2843 100 2.2 -15488 7904
2880 100 2.2 -15400 7944
2917 100 2.2 -15664 7940
2954 100 2.2 -15584 8080
2992 100 2.2 -15544 8074
3031 100 2.2 -15704 7974
3070 100 2.2 -15288 7526
3110 100 2.2 -15564 7826
3150 100 2.2 -15512 7716
3190 100 2.2 -15372 7430
3232 100 2.2 -15600 7836
3273 100 2.2 -15872 8030
3315 100 2.2 -15244 7592
3358 100 2.2 -15652 7854
3402 100 2.2 -15396 7912
3445 100 2.2 -15348 7680
3490 100 2.2 -15196 7204
3535 100 2.2 -14960 7160
3580 100 2.2 -15624 8020
3627 100 2.2 -15400 7718
3673 100 2.2 -15096 7596
3721 100 2.2 -15444 7054
3769 100 2.2 -15352 7498
3817 100 2.2 -15460 7688
3867 100 2.2 -15832 8236
3916 100 2.2 -15900 8348
3967 100 2.2 -15276 7950
4018 100 2.2 -15672 7870
4070 100 2.2 -15400 8002
4122 100 2.2 -15304 7804
4176 100 2.2 -15576 7946
4229 100 2.2 -15512 7840
4284 100 2.2 -15092 7560
4339 100 2.2 -15648 8062
4395 100 2.2 -15336 7840
4452 100 2.2 -15244 7750
4509 100 2.2 -15628 8232
4567 100 2.2 -15520 8010
4626 100 2.2 -15556 7674
4686 100 2.2 -15636 7892
4746 100 2.2 -16040 8324
4808 100 2.2 -15604 8042
4870 100 2.2 -15524 7840
4932 100 2.2 -15036 7660
4996 100 2.2 -15480 7930
5060 100 2.2 -15200 7900
5126 100 2.2 -15788 8210
5192 100 2.2 -15132 7592
5259 100 2.2 -15432 7882
5327 100 2.2 -15444 8006
5395 100 2.2 -15136 7290
5465 100 2.2 -15144 7124
5535 100 2.2 -15096 7452
5607 100 2.2 -15312 7900
5679 100 2.2 -15276 7860
5752 100 2.2 -15596 7910
5826 100 2.2 -15800 8244
5902 100 2.2 -15540 8114
5978 100 2.2 -15896 8182
6055 100 2.2 -15648 7894
6133 100 2.2 -15576 8144
6212 100 2.2 -15324 7940
6292 100 2.2 -15388 7914
6373 100 2.2 -15396 7898
6455 100 2.2 -15148 7710
6539 100 2.2 -15168 7784
6623 100 2.2 -14876 7484
6708 100 2.2 -15476 7876
6795 100 2.2 -15040 7720
6883 100 2.2 -15596 8038
6971 100 2.2 -15676 8178
7061 100 2.2 -15356 7974
7152 100 2.2 -15388 7864
7245 100 2.2 -15316 7882
7338 100 2.2 -16024 8392
7433 100 2.2 -15348 7954
7529 100 2.2 -15448 8106
7626 100 2.2 -15264 7940
7724 100 2.2 -15764 8188
7824 100 2.2 -15536 8098
7925 100 2.2 -15844 8194
8027 100 2.2 -15636 7866
8130 100 2.2 -15572 8224
8235 100 2.2 -15536 8090
8341 100 2.2 -15736 8266
8449 100 2.2 -15612 8158
8558 100 2.2 -15748 8150
8668 100 2.2 -15804 8296
8780 100 2.2 -15336 7908
8893 100 2.2 -15884 8344
9008 100 2.2 -15752 7988
9124 100 2.2 -15384 7902
9242 100 2.2 -15220 7800
9361 100 2.2 -15392 7644
9482 100 2.2 -15352 7922
9604 100 2.2 -15504 7986
9728 100 2.2 -15312 7532
9853 100 2.2 -15480 7804
9980 100 2.2 -14988 7192
10109 100 2.2 -15176 7870
10240 100 2.2 -15712 8392
10372 100 2.2 -15680 7988
10505 100 2.2 -15504 7948
10641 100 2.2 -15428 7938
10778 100 2.2 -15300 7838
10917 100 2.2 -15052 7598
11058 100 2.2 -15824 8124
11201 100 2.2 -15240 7650
11345 100 2.2 -15636 7802
11491 100 2.2 -15368 8044
11640 100 2.2 -15496 7804
11790 100 2.2 -15532 7558
11942 100 2.2 -15636 8034
12096 100 2.2 -15292 7784
12252 100 2.2 -15196 8050
12410 100 2.2 -15680 8150
12570 100 2.2 -15720 8008
12732 100 2.2 -15260 7876
12896 100 2.2 -15144 7532
13062 100 2.2 -15732 8254
13231 100 2.2 -15212 7684
13402 100 2.2 -15644 8022
13574 100 2.2 -15840 8128
13750 100 2.2 -15444 7598
13927 100 2.2 -15472 7972
14106 100 2.2 -15568 8102
14288 100 2.2 -15448 8008
14473 100 2.2 -15732 8134
14659 100 2.2 -15672 8058
14848 100 2.2 -15084 7086
15040 100 2.2 -15620 8110
15234 100 2.2 -15308 7846
15430 100 2.2 -15296 7868
15629 100 2.2 -15412 7872
15831 100 2.2 -15892 8282
16035 100 2.2 -15716 8144
16242 100 2.2 -15404 7840
16451 100 2.2 -15508 8228
16664 100 2.2 -15108 7300
16879 100 2.2 -15284 7852
17096 100 2.2 -15320 7760
17317 100 2.2 -15584 8194
17540 100 2.2 -15472 7978
17766 100 2.2 -15340 7404
17995 100 2.2 -15716 8094
18228 100 2.2 -15236 8136
18463 100 2.2 -15688 8226
18701 100 2.2 -15756 8238
18942 100 2.2 -15424 7932
19186 100 2.2 -15196 7812
19434 100 2.2 -14924 7554
19684 100 2.2 -15388 7920
19938 100 2.2 -15936 8300
20195 100 2.2 -15504 8174
20456 100 2.2 -15476 8130
20720 100 2.2 -15312 7450
20987 100 2.2 -15424 8054
21258 100 2.2 -15572 8016
21532 100 2.2 -15508 8068
21810 100 2.2 -15264 7808
22091 100 2.2 -15668 8046
22376 100 2.2 -15628 8104
22664 100 2.2 -15508 7816
22957 100 2.2 -15448 8000
23253 100 2.2 -15488 7940
23553 100 2.2 -15304 7994
23856 100 2.2 -15152 7150
24164 100 2.2 -14956 7526
24476 100 2.2 -15564 7266
24791 100 2.2 -15200 7412
25111 100 2.2 -15680 8032
25435 100 2.2 -15264 7546
25763 100 2.2 -15536 7624
26095 100 2.2 -15496 7852
26432 100 2.2 -15344 7850
26773 100 2.2 -14780 7290
27118 100 2.2 -15872 8246
27468 100 2.2 -15372 7806
27822 100 2.2 -15496 8046
28181 100 2.2 -15408 7784
28545 100 2.2 -15984 8378
28913 100 2.2 -15528 7694
29286 100 2.2 -15200 7332
29663 100 2.2 -15208 7926
30046 100 2.2 -15640 7828
30434 100 2.2 -15508 8138
30826 100 2.2 -15764 8110
31224 100 2.2 -15332 7844
31626 100 2.2 -15540 8102
32034 100 2.2 -15272 7584
32447 100 2.2 -15384 7644
32866 100 2.2 -15344 7942
33290 100 2.2 -15744 7928
33719 100 2.2 -15328 7424
34154 100 2.2 -15116 7810
34595 100 2.2 -15528 7980
35041 100 2.2 -15644 7832
35493 100 2.2 -15428 7816
35951 100 2.2 -14996 7234
36414 100 2.2 -15668 7986
36884 100 2.2 -15652 8182
37360 100 2.2 -15088 7700
37841 100 2.2 -15540 8076
38330 100 2.2 -15460 7674
38824 100 2.2 -15920 8320
39325 100 2.2 -15244 7668
39832 100 2.2 -15264 7692
40346 100 2.2 -15936 8018
40866 100 2.2 -15612 8066
41393 100 2.2 -15540 8036
41927 100 2.2 -15656 8302
42468 100 2.2 -15364 7598
43015 100 2.2 -15368 7994
43570 100 2.2 -15472 7796
44132 100 2.2 -15772 8280
44701 100 2.2 -15240 7698
45278 100 2.2 -15568 8044
45862 100 2.2 -15080 7556
46453 100 2.2 -14892 6762
47053 100 2.2 -15568 8094
47660 100 2.2 -15576 8040
48274 100 2.2 -15736 7838
48897 100 2.2 -15580 7970
49528 100 2.2 -15920 8488
50166 100 2.2 -15472 7782
50813 100 2.2 -15580 7682
51469 100 2.2 -15180 7246
52133 100 2.2 -15848 8352
52805 100 2.2 -15272 8034
53486 100 2.2 -15440 7868
54176 100 2.2 -15320 7432
54875 100 2.2 -15016 7342
55582 100 2.2 -15256 7718
56299 100 2.2 -14904 7358
57025 100 2.2 -14640 4828
57761 100 2.2 -14892 7228
58506 100 2.2 -15732 8148
59261 100 2.2 -15028 7668
60025 100 2.2 -15576 7944
60799 100 2.2 -15540 7890
61583 100 2.2 -15408 7876
62378 100 2.2 -15288 7694
63182 100 2.2 -15516 7840
63997 100 2.2 -15492 8022
64822 100 2.2 -15432 7948
65658 100 2.2 -15560 7728
66505 100 2.2 -15396 7964
67363 100 2.2 -15640 8034
68232 100 2.2 -15124 7442
69112 100 2.2 -15616 8108
70003 100 2.2 -15844 8148
70906 100 2.2 -15476 7906
71821 100 2.2 -14964 7650
72747 100 2.2 -15400 7948
73685 100 2.2 -15420 7858
74636 100 2.2 -15496 8026
75599 100 2.2 -15196 7620
76574 100 2.2 -15252 7650
77561 100 2.2 -15332 7872
78562 100 2.2 -15744 8076
79575 100 2.2 -15464 7954
80601 100 2.2 -14904 7456
81641 100 2.2 -15776 8048
82694 100 2.2 -15556 8022
83760 100 2.2 -15788 8286
84841 100 2.2 -15332 7836
85935 100 2.2 -15136 7470
87043 100 2.2 -15764 8094
88166 100 2.2 -15172 7922
89303 100 2.2 -15248 7940
90455 100 2.2 -15452 7826
91622 100 2.2 -15416 8134
92803 100 2.2 -15396 8058
94000 100 2.2 -15128 7510
95213 100 2.2 -15380 7918
96441 100 2.2 -15376 8054
97685 100 2.2 -15088 7694
98945 100 2.2 -15356 7034
100221 100 2.2 -15084 6836
101513 100 2.2 -15288 6204
102823 100 2.2 -15628 7568
104149 100 2.2 -15856 8096
105492 100 2.2 -15300 7798
106853 100 2.2 -15480 7868
108231 100 2.2 -15552 8122
109627 100 2.2 -16052 8358
111041 100 2.2 -15544 8058
112473 100 2.2 -15296 7662
113924 100 2.2 -15952 8312
115393 100 2.2 -15264 7722
116882 100 2.2 -15196 7996
118389 100 2.2 -15848 8004
119916 100 2.2 -15720 8230
121463 100 2.2 -15480 8022
123029 100 2.2 -15428 7728
124616 100 2.2 -15232 7866
126224 100 2.2 -15288 7902
127852 100 2.2 -15788 8304
129501 100 2.2 -15704 8028
131171 100 2.2 -15656 7896
132863 100 2.2 -15308 7540
134576 100 2.2 -15896 8340
136312 100 2.2 -15856 8216
138070 100 2.2 -15004 7604
139851 100 2.2 -15648 8010
141655 100 2.2 -15136 7572
143482 100 2.2 -15456 8012
145333 100 2.2 -15392 7572
147207 100 2.2 -15268 7750
149106 100 2.2 -15760 8154
151029 100 2.2 -15244 7734
152977 100 2.2 -15544 8028
154950 100 2.2 -15472 7998
156948 100 2.2 -15452 7880
158973 100 2.2 -15856 8234
161023 100 2.2 -15408 7650
163100 100 2.2 -15544 8156
165204 100 2.2 -15816 8510
167334 100 2.2 -15624 7976
169493 100 2.2 -14696 7540
171679 100 2.2 -15364 7920
173893 100 2.2 -16080 8382
176136 100 2.2 -15828 7974
178408 100 2.2 -15596 7820
180709 100 2.2 -15496 7912
183040 100 2.2 -15536 8004
185400 100 2.2 -15948 8386
187792 100 2.2 -15436 7936
190214 100 2.2 -15648 7992
192667 100 2.2 -15172 7612
195152 100 2.2 -15304 7970
197669 100 2.2 -15708 8268
200219 100 2.2 -15708 7686
202801 100 2.2 -15488 8106
205417 100 2.2 -15220 7650
208066 100 2.2 -15452 7620
210750 100 2.2 -15512 7740
213468 100 2.2 -15044 7584
216222 100 2.2 -15332 7848
219010 100 2.2 -15664 8066
221835 100 2.2 -15112 7694
224696 100 2.2 -15264 7948
227595 100 2.2 -15688 8200
230530 100 2.2 -15532 7908
233503 100 2.2 -15168 7412
236515 100 2.2 -15196 7380
239566 100 2.2 -15512 8102
242656 100 2.2 -15968 8210
245785 100 2.2 -15604 8024
248956 100 2.2 -15608 8062
252167 100 2.2 -15252 7674
255419 100 2.2 -15956 8230
258713 100 2.2 -15648 8102
262050 100 2.2 -15272 7794
265430 100 2.2 -16116 8454
268854 100 2.2 -15184 7778
272321 100 2.2 -15448 8076
275834 100 2.2 -15564 8092
279391 100 2.2 -15000 7456
282995 100 2.2 -15544 7958
286645 100 2.2 -15704 8152
290342 100 2.2 -15344 7968
294087 100 2.2 -15492 7952
297880 100 2.2 -15312 7762
301722 100 2.2 -14876 6254
305614 100 2.2 -15532 8120
309556 100 2.2 -15372 7842
313548 100 2.2 -15300 7250
317592 100 2.2 -15140 7380
321689 100 2.2 -15592 8094
325838 100 2.2 -15352 7958
330040 100 2.2 -15560 8072
334297 100 2.2 -15904 8276
338609 100 2.2 -15340 7932
342976 100 2.2 -15780 8200
347400 100 2.2 -15540 7896
351881 100 2.2 -15672 8094
356419 100 2.2 -15504 7946
361016 100 2.2 -15656 7962
365673 100 2.2 -15900 8200
370389 100 2.2 -15320 7856
375167 100 2.2 -15672 8006
380005 100 2.2 -15472 8000
384907 100 2.2 -15336 7518
389871 100 2.2 -14820 7092
394900 100 2.2 -14924 7606
399993 100 2.2 -15704 7996
405152 100 2.2 -15476 8032
410378 100 2.2 -15236 7762
415671 100 2.2 -15764 8224
421032 100 2.2 -15492 8072
426463 100 2.2 -15764 8160
431963 100 2.2 -15128 7746
437535 100 2.2 -15288 7900
443178 100 2.2 -15692 8164
448894 100 2.2 -15900 8244
454684 100 2.2 -15636 8006
460548 100 2.2 -15316 8004
466489 100 2.2 -15576 8104
472505 100 2.2 -15700 8210
478600 100 2.2 -14948 7384
484773 100 2.2 -15392 7822
491025 100 2.2 -15232 7854
497358 100 2.2 -14788 7300
503773 100 2.2 -15664 8032
510271 100 2.2 -15196 7622
516852 100 2.2 -16084 8382
523519 100 2.2 -15408 7686
530271 100 2.2 -15208 6534
537111 100 2.2 -15496 7754
544038 100 2.2 -15304 7458
551055 100 2.2 -14972 7234
558163 100 2.2 -15708 8092
565362 100 2.2 -15220 7738
572654 100 2.2 -15476 7850
580040 100 2.2 -15948 8380
587521 100 2.2 -15124 7454
595099 100 2.2 -15240 7200
602775 100 2.2 -15532 7546
610549 100 2.2 -15552 8098
618424 100 2.2 -15924 8268
626400 100 2.2 -15668 7988
634480 100 2.2 -15628 7986
642663 100 2.2 -15144 6750
650952 100 2.2 -16096 8282
659348 100 2.2 -15628 8130
667853 100 2.2 -15452 7978
676467 100 2.2 -15640 7960
685192 100 2.2 -15644 8296
694029 100 2.2 -15720 8158
702981 100 2.2 -15568 7968
712048 100 2.2 -15404 7566
721232 100 2.2 -15280 7998
730534 100 2.2 -15464 7844
739957 100 2.2 -15328 7896
749500 100 2.2 -15172 7574
759168 100 2.2 -15760 8214
768959 100 2.2 -15336 7420
778877 100 2.2 -15584 7990
788923 100 2.2 -15520 7892
799099 100 2.2 -15288 7766
809405 100 2.2 -15552 8106
819845 100 2.2 -15116 7196
830419 100 2.2 -15460 7960
841130 100 2.2 -15036 7782
851979 100 2.2 -15568 8038
862968 100 2.2 -15608 8130
874098 100 2.2 -15400 7832
885373 100 2.2 -15420 8048
896792 100 2.2 -15300 7858
908359 100 2.2 -15600 7704
920075 100 2.2 -15716 7924
931942 100 2.2 -15224 7584
943962 100 2.2 -15436 7848
956137 100 2.2 -15584 7742
968470 100 2.2 -15552 8148
980961 100 2.2 -15664 8216
993613 100 2.2 -15500 7686
999999 100 2.2 -15088 7122
