3 60 2.1 -6412 3360
4 60 2.1 -6328 3342
5 60 2.1 -6296 3316
6 60 2.1 -6184 3268
7 60 2.1 -6204 3280
8 60 2.1 -6092 3228
9 60 2.1 -6132 3246
10 60 2.1 -6044 3210
11 60 2.1 -6080 3234
12 60 2.1 -6020 3208
13 60 2.1 -5972 3188
14 60 2.1 -6092 3228
15 60 2.1 -6072 3200
16 60 2.1 -5944 3170
17 60 2.1 -6060 3164
18 60 2.1 -6080 3148
19 60 2.1 -6032 3176
20 60 2.1 -6044 3176
21 60 2.1 -6136 3192
22 60 2.1 -5912 3104
23 60 2.1 -5864 3082
24 60 2.1 -5820 3066
25 60 2.1 -5948 3130
26 60 2.1 -5996 3164
27 60 2.1 -5996 3152
28 60 2.1 -5940 3126
29 60 2.1 -6036 3158
30 60 2.1 -5952 3108
31 60 2.1 -6104 3146
32 60 2.1 -6048 3140
33 60 2.1 -5960 3126
34 60 2.1 -5900 3088
35 60 2.1 -5800 3040
36 60 2.1 -5812 3062
37 60 2.1 -5792 3106
38 60 2.1 -5864 3124
39 60 2.1 -6108 3184
40 60 2.1 -6088 3186
41 60 2.1 -6100 3158
42 60 2.1 -6000 3128
43 60 2.1 -6024 3140
44 60 2.1 -5860 3076
45 60 2.1 -5888 3114
46 60 2.1 -6012 3186
47 60 2.1 -5984 3152
48 60 2.1 -6104 3214
49 60 2.1 -6036 3178
50 60 2.1 -6004 3178
51 60 2.1 -6056 3210
52 60 2.1 -5992 3140
53 60 2.1 -5976 3092
54 60 2.1 -5956 3062
55 60 2.1 -5896 3062
56 60 2.1 -5804 3022
57 60 2.1 -5840 3010
58 60 2.1 -5832 3056
59 60 2.1 -5800 3060
60 60 2.1 -5792 3018
61 60 2.1 -5684 2980
62 60 2.1 -5720 2976
63 60 2.1 -5804 3008
64 60 2.1 -5828 3058
65 60 2.1 -5896 3100
66 60 2.1 -5696 3038
67 60 2.1 -5780 3066
68 60 2.1 -5784 3048
69 60 2.1 -5888 3084
70 60 2.1 -5756 3016
71 60 2.1 -5772 2994
72 60 2.1 -5776 3004
73 60 2.1 -5848 3068
74 60 2.1 -5764 3048
75 60 2.1 -5972 3108
76 60 2.1 -5972 3110
77 60 2.1 -5928 3070
78 60 2.1 -5884 3064
79 60 2.1 -5872 3030
80 60 2.1 -5900 3024
81 60 2.1 -5896 3008
82 60 2.1 -5820 2970
83 60 2.1 -5796 2982
84 60 2.1 -5904 3014
85 60 2.1 -5920 3044
86 60 2.1 -5824 2980
88 60 2.1 -5956 3058
89 60 2.1 -6040 3070
90 60 2.1 -5928 3056
91 60 2.1 -5884 3032
92 60 2.1 -5872 3010
93 60 2.1 -5864 3040
95 60 2.1 -5976 3104
96 60 2.1 -5956 3116
97 60 2.1 -5896 3088
98 60 2.1 -5948 3082
99 60 2.1 -5980 3110
101 60 2.1 -6032 3184
102 60 2.1 -6012 3206
103 60 2.1 -6104 3242
105 60 2.1 -6064 3184
106 60 2.1 -6028 3156
107 60 2.1 -6052 3184
109 60 2.1 -6128 3252
110 60 2.1 -6128 3234
112 60 2.1 -6008 3162
113 60 2.1 -6032 3158
114 60 2.1 -5980 3162
116 60 2.1 -6176 3240
117 60 2.1 -6120 3196
119 60 2.1 -6056 3190
120 60 2.1 -5952 3180
122 60 2.1 -6104 3222
124 60 2.1 -5972 3136
125 60 2.1 -5968 3108
127 60 2.1 -6132 3240
128 60 2.1 -6008 3202
130 60 2.1 -5900 3122
132 60 2.1 -5828 3116
133 60 2.1 -5892 3118
135 60 2.1 -5960 3184
137 60 2.1 -6100 3208
139 60 2.1 -6152 3238
140 60 2.1 -6132 3240
142 60 2.1 -6004 3170
144 60 2.1 -5972 3164
146 60 2.1 -6048 3204
148 60 2.1 -6156 3244
150 60 2.1 -6116 3246
152 60 2.1 -6108 3242
154 60 2.1 -6024 3190
155 60 2.1 -6112 3228
157 60 2.1 -6140 3232
160 60 2.1 -6172 3246
162 60 2.1 -5948 3120
164 60 2.1 -6072 3214
166 60 2.1 -6252 3282
168 60 2.1 -6128 3196
170 60 2.1 -5904 3136
172 60 2.1 -6000 3154
174 60 2.1 -5952 3138
177 60 2.1 -5904 3110
179 60 2.1 -5864 3094
181 60 2.1 -5868 3114
184 60 2.1 -6104 3238
186 60 2.1 -6024 3206
188 60 2.1 -5960 3170
191 60 2.1 -6128 3224
193 60 2.1 -6132 3212
196 60 2.1 -6236 3280
198 60 2.1 -6148 3242
201 60 2.1 -6008 3180
203 60 2.1 -6048 3192
206 60 2.1 -6056 3218
209 60 2.1 -6052 3218
211 60 2.1 -6012 3202
214 60 2.1 -6068 3186
217 60 2.1 -5904 3140
220 60 2.1 -5956 3134
222 60 2.1 -5932 3114
225 60 2.1 -5948 3084
228 60 2.1 -5952 3142
231 60 2.1 -6004 3170
234 60 2.1 -6040 3134
237 60 2.1 -6132 3236
240 60 2.1 -6100 3202
243 60 2.1 -6092 3220
246 60 2.1 -5984 3138
250 60 2.1 -6112 3224
253 60 2.1 -5964 3148
256 60 2.1 -5880 3102
259 60 2.1 -5820 3090
263 60 2.1 -5992 3124
266 60 2.1 -6196 3172
269 60 2.1 -5992 3084
273 60 2.1 -6004 3130
276 60 2.1 -5932 3090
280 60 2.1 -5952 3096
284 60 2.1 -5940 3098
287 60 2.1 -5932 3126
291 60 2.1 -5860 3064
295 60 2.1 -5956 3062
298 60 2.1 -5848 3050
302 60 2.1 -5864 3008
306 60 2.1 -5824 2970
310 60 2.1 -6004 3004
314 60 2.1 -5916 3028
318 60 2.1 -6064 3056
322 60 2.1 -6080 3064
326 60 2.1 -5816 2968
331 60 2.1 -5908 2990
335 60 2.1 -6004 3044
339 60 2.1 -5888 3008
344 60 2.1 -5972 3038
348 60 2.1 -6016 3080
352 60 2.1 -6076 3126
357 60 2.1 -6076 3138
362 60 2.1 -6112 3158
366 60 2.1 -5964 3088
371 60 2.1 -5912 3148
376 60 2.1 -5916 3154
381 60 2.1 -5832 3054
385 60 2.1 -5820 3060
390 60 2.1 -5888 3082
395 60 2.1 -5868 3036
401 60 2.1 -6036 3114
406 60 2.1 -5776 2988
411 60 2.1 -5744 2984
416 60 2.1 -5896 3060
422 60 2.1 -5940 3128
427 60 2.1 -6164 3218
433 60 2.1 -5960 3164
438 60 2.1 -6068 3222
444 60 2.1 -5980 3150
449 60 2.1 -6092 3174
455 60 2.1 -6072 3194
461 60 2.1 -6016 3142
467 60 2.1 -5972 3112
473 60 2.1 -5892 3098
479 60 2.1 -5956 3138
485 60 2.1 -6192 3236
492 60 2.1 -5992 3184
498 60 2.1 -6168 3234
504 60 2.1 -5952 3134
511 60 2.1 -5948 3190
517 60 2.1 -5744 3014
524 60 2.1 -5784 2994
531 60 2.1 -5860 3050
538 60 2.1 -5928 3106
545 60 2.1 -5656 2974
552 60 2.1 -5888 3108
559 60 2.1 -5940 3114
566 60 2.1 -5940 3040
573 60 2.1 -5860 3080
581 60 2.1 -6012 3156
588 60 2.1 -6068 3174
596 60 2.1 -5752 3008
603 60 2.1 -5908 3080
611 60 2.1 -5944 3080
619 60 2.1 -6100 3156
627 60 2.1 -5940 3084
635 60 2.1 -6124 3198
643 60 2.1 -5860 3096
652 60 2.1 -5800 3054
660 60 2.1 -5996 3116
668 60 2.1 -5852 3074
677 60 2.1 -6080 3070
686 60 2.1 -5692 2938
695 60 2.1 -6080 3128
704 60 2.1 -6056 3204
713 60 2.1 -6124 3204
722 60 2.1 -5880 3132
731 60 2.1 -5792 3028
741 60 2.1 -6012 3190
750 60 2.1 -5952 3108
760 60 2.1 -5936 3126
770 60 2.1 -5968 3110
780 60 2.1 -5976 3134
790 60 2.1 -5904 3090
800 60 2.1 -6132 3174
810 60 2.1 -5888 3158
821 60 2.1 -5948 3152
831 60 2.1 -6048 3134
842 60 2.1 -6176 3272
853 60 2.1 -6268 3304
864 60 2.1 -5928 3110
875 60 2.1 -5764 3012
886 60 2.1 -6084 3194
897 60 2.1 -6156 3244
909 60 2.1 -5956 3178
921 60 2.1 -6052 3136
933 60 2.1 -6028 3184
945 60 2.1 -6048 3194
957 60 2.1 -5960 3140
969 60 2.1 -5900 3106
982 60 2.1 -6104 3180
994 60 2.1 -5908 3034
1007 60 2.1 -5940 3116
1020 60 2.1 -5924 3140
1033 60 2.1 -5764 3004
1047 60 2.1 -5852 3084
1060 60 2.1 -5840 3096
1074 60 2.1 -6008 3052
1088 60 2.1 -5768 2922
1102 60 2.1 -5732 2822
1116 60 2.1 -5768 2854
1130 60 2.1 -5772 2836
1145 60 2.1 -5888 2974
1160 60 2.1 -5984 3168
1174 60 2.1 -5952 3116
1190 60 2.1 -5912 3094
1205 60 2.1 -6000 3116
1220 60 2.1 -5832 3078
1236 60 2.1 -6092 3180
1252 60 2.1 -6088 3146
1268 60 2.1 -5968 3122
1285 60 2.1 -5812 3090
1301 60 2.1 -5924 3138
1318 60 2.1 -5992 3086
1335 60 2.1 -6088 3214
1352 60 2.1 -6004 3108
1370 60 2.1 -5860 3152
1387 60 2.1 -5916 3074
1405 60 2.1 -6088 3182
1423 60 2.1 -5876 3106
1442 60 2.1 -5860 3080
1460 60 2.1 -5860 3046
1479 60 2.1 -6016 3184
1498 60 2.1 -6100 3184
1517 60 2.1 -5920 3098
1537 60 2.1 -6016 3146
1557 60 2.1 -6068 3188
1577 60 2.1 -6120 3222
1597 60 2.1 -5960 3074
1618 60 2.1 -6056 3128
1639 60 2.1 -5896 3000
1660 60 2.1 -6076 3198
1681 60 2.1 -5916 3122
1703 60 2.1 -5928 3112
1725 60 2.1 -6076 3206
1747 60 2.1 -5956 3162
1770 60 2.1 -5956 3134
1792 60 2.1 -5972 3086
1816 60 2.1 -6120 3198
1839 60 2.1 -5984 3114
1863 60 2.1 -5956 3118
1887 60 2.1 -5720 2998
1911 60 2.1 -5968 3098
1936 60 2.1 -5732 3042
1961 60 2.1 -5896 3136
1986 60 2.1 -6164 3248
2012 60 2.1 -6028 3210
2037 60 2.1 -5900 3108
2064 60 2.1 -6048 3202
2090 60 2.1 -5944 3064
2117 60 2.1 -6100 3220
2145 60 2.1 -5944 2990
2172 60 2.1 -6048 3028
2200 60 2.1 -6184 3258
2229 60 2.1 -5944 3102
2257 60 2.1 -5952 3068
2286 60 2.1 -6012 3122
2316 60 2.1 -6204 3248
2346 60 2.1 -6040 3158
2376 60 2.1 -6012 3104
2407 60 2.1 -5900 3100
2438 60 2.1 -5932 3102
2469 60 2.1 -6108 3204
2501 60 2.1 -5992 3096
2533 60 2.1 -5968 3118
2566 60 2.1 -5952 3032
2599 60 2.1 -5800 3112
2633 60 2.1 -6016 3120
2667 60 2.1 -6124 3228
2701 60 2.1 -5932 3080
2736 60 2.1 -6024 3166
2771 60 2.1 -5976 3078
2807 60 2.1 -6060 3172
2843 60 2.1 -5900 3028
2880 60 2.1 -6040 3176
2917 60 2.1 -5916 3088
2954 60 2.1 -5944 3040
2992 60 2.1 -5964 3122
3031 60 2.1 -6216 3274
3070 60 2.1 -6160 3246
3110 60 2.1 -5920 3156
3150 60 2.1 -5972 3128
3190 60 2.1 -5920 3082
3232 60 2.1 -5936 3076
3273 60 2.1 -5948 3118
3315 60 2.1 -6148 3200
3358 60 2.1 -5956 3006
3402 60 2.1 -5920 2918
3445 60 2.1 -5752 2922
3490 60 2.1 -6004 3082
3535 60 2.1 -5820 3052
3580 60 2.1 -6104 3168
3627 60 2.1 -6160 3210
3673 60 2.1 -6152 3218
3721 60 2.1 -6164 3202
3769 60 2.1 -6044 3228
3817 60 2.1 -6056 3216
3867 60 2.1 -5988 3076
3916 60 2.1 -5824 3068
3967 60 2.1 -5756 2980
4018 60 2.1 -5916 3038
4070 60 2.1 -6008 3126
4122 60 2.1 -5944 3064
4176 60 2.1 -5888 3138
4229 60 2.1 -5996 3126
4284 60 2.1 -6084 3140
4339 60 2.1 -5988 3104
4395 60 2.1 -6092 3180
4452 60 2.1 -6124 3256
4509 60 2.1 -5848 3064
4567 60 2.1 -6192 3280
4626 60 2.1 -5924 3124
4686 60 2.1 -6076 3232
4746 60 2.1 -6080 3124
4808 60 2.1 -6140 3230
4870 60 2.1 -5964 3166
4932 60 2.1 -6152 3232
4996 60 2.1 -5916 3084
5060 60 2.1 -5920 3136
5126 60 2.1 -5992 3178
5192 60 2.1 -6136 3206
5259 60 2.1 -5996 3142
5327 60 2.1 -5952 3090
5395 60 2.1 -6040 3112
5465 60 2.1 -5840 3022
5535 60 2.1 -5988 3136
5607 60 2.1 -6000 3134
5679 60 2.1 -6008 3186
5752 60 2.1 -5848 3000
5826 60 2.1 -5900 3118
5902 60 2.1 -5864 3140
5978 60 2.1 -6084 3166
6055 60 2.1 -6000 3152
6133 60 2.1 -5812 3040
6212 60 2.1 -5952 3156
6292 60 2.1 -6060 3198
6373 60 2.1 -5952 3168
6455 60 2.1 -5824 3024
6539 60 2.1 -5988 3144
6623 60 2.1 -6176 3244
6708 60 2.1 -6224 3222
6795 60 2.1 -5956 3150
6883 60 2.1 -5904 3002
6971 60 2.1 -5772 3008
7061 60 2.1 -5996 3176
7152 60 2.1 -5944 3070
7245 60 2.1 -5928 3144
7338 60 2.1 -5968 3098
7433 60 2.1 -5936 3128
7529 60 2.1 -6000 3172
7626 60 2.1 -6000 3176
7724 60 2.1 -5992 3088
7824 60 2.1 -6076 3224
7925 60 2.1 -5980 3098
8027 60 2.1 -5920 3164
8130 60 2.1 -6116 3166
8235 60 2.1 -5944 3132
8341 60 2.1 -6028 3218
8449 60 2.1 -5980 3184
8558 60 2.1 -5964 3100
8668 60 2.1 -6176 3218
8780 60 2.1 -6128 3256
8893 60 2.1 -6012 3190
9008 60 2.1 -6096 3204
9124 60 2.1 -5904 3118
9242 60 2.1 -5944 3100
9361 60 2.1 -5940 3138
9482 60 2.1 -5936 3128
9604 60 2.1 -6088 3154
9728 60 2.1 -5916 3146
9853 60 2.1 -5952 3118
9980 60 2.1 -5996 3138
10109 60 2.1 -6016 3070
10240 60 2.1 -6128 3246
10372 60 2.1 -5812 3094
10505 60 2.1 -5960 3136
10641 60 2.1 -5948 3136
10778 60 2.1 -6056 3176
10917 60 2.1 -6020 3128
11058 60 2.1 -5976 3118
11201 60 2.1 -6064 3172
11345 60 2.1 -6080 3178
11491 60 2.1 -5776 3030
11640 60 2.1 -5992 3146
11790 60 2.1 -5948 3076
11942 60 2.1 -6088 3156
12096 60 2.1 -6024 3196
12252 60 2.1 -5964 3178
12410 60 2.1 -6036 3174
12570 60 2.1 -5972 3168
12732 60 2.1 -5844 3068
12896 60 2.1 -5984 3110
13062 60 2.1 -5900 3082
13231 60 2.1 -5952 3154
13402 60 2.1 -5964 3086
13574 60 2.1 -5976 3174
13750 60 2.1 -5916 3092
13927 60 2.1 -5932 3124
14106 60 2.1 -6128 3236
14288 60 2.1 -5932 3098
14473 60 2.1 -6252 3286
14659 60 2.1 -6108 3194
14848 60 2.1 -6116 3224
15040 60 2.1 -6200 3242
15234 60 2.1 -6052 3194
15430 60 2.1 -6072 3210
15629 60 2.1 -5788 3034
15831 60 2.1 -6192 3226
16035 60 2.1 -6056 3192
16242 60 2.1 -5984 3210
16451 60 2.1 -5844 3074
16664 60 2.1 -6140 3164
16879 60 2.1 -6028 3116
17096 60 2.1 -5800 3110
17317 60 2.1 -6096 3224
17540 60 2.1 -5840 2978
17766 60 2.1 -5852 3080
17995 60 2.1 -5972 3144
18228 60 2.1 -5812 3016
18463 60 2.1 -5992 3172
18701 60 2.1 -6212 3220
18942 60 2.1 -5964 3110
19186 60 2.1 -5900 3146
19434 60 2.1 -6116 3226
19684 60 2.1 -5936 3084
19938 60 2.1 -5924 3110
20195 60 2.1 -6036 3154
20456 60 2.1 -6068 3126
20720 60 2.1 -5992 3134
20987 60 2.1 -6064 3216
21258 60 2.1 -6112 3202
21532 60 2.1 -5776 2976
21810 60 2.1 -6000 3108
22091 60 2.1 -5952 3140
22376 60 2.1 -5932 3104
22664 60 2.1 -6036 3104
22957 60 2.1 -5724 2942
23253 60 2.1 -6016 3176
23553 60 2.1 -5844 3068
23856 60 2.1 -6056 3162
24164 60 2.1 -6212 3238
24476 60 2.1 -5972 3062
24791 60 2.1 -6024 3206
25111 60 2.1 -5924 3052
25435 60 2.1 -5936 3150
25763 60 2.1 -6052 3198
26095 60 2.1 -6084 3160
26432 60 2.1 -5848 3090
26773 60 2.1 -5976 3144
27118 60 2.1 -5936 3144
27468 60 2.1 -5988 3046
27822 60 2.1 -5896 3034
28181 60 2.1 -6032 3152
28545 60 2.1 -5940 3006
28913 60 2.1 -6008 3082
29286 60 2.1 -6200 3262
29663 60 2.1 -5952 3154
30046 60 2.1 -5792 2756
30434 60 2.1 -6100 3230
30826 60 2.1 -5948 3010
31224 60 2.1 -5920 3116
31626 60 2.1 -6144 3204
32034 60 2.1 -6000 3164
32447 60 2.1 -6228 3254
32866 60 2.1 -5776 2998
33290 60 2.1 -5940 3136
33719 60 2.1 -6000 3114
34154 60 2.1 -5932 3136
34595 60 2.1 -5952 3152
35041 60 2.1 -5956 3076
35493 60 2.1 -6072 3204
35951 60 2.1 -6216 3236
36414 60 2.1 -6064 3134
36884 60 2.1 -5836 3102
37360 60 2.1 -5940 3136
37841 60 2.1 -6152 3232
38330 60 2.1 -6024 3198
38824 60 2.1 -6084 3216
39325 60 2.1 -5956 3152
39832 60 2.1 -5752 3024
40346 60 2.1 -5872 3082
40866 60 2.1 -5928 3058
41393 60 2.1 -6120 3232
41927 60 2.1 -5672 2964
42468 60 2.1 -6020 3196
43015 60 2.1 -5604 2862
43570 60 2.1 -6028 3202
44132 60 2.1 -6132 3224
44701 60 2.1 -6120 3230
45278 60 2.1 -5944 3164
45862 60 2.1 -5944 3116
46453 60 2.1 -5760 2986
47053 60 2.1 -6008 3200
47660 60 2.1 -5876 3056
48274 60 2.1 -6004 3128
48897 60 2.1 -6096 3218
49528 60 2.1 -6004 3148
50166 60 2.1 -5868 3056
50813 60 2.1 -6228 3184
51469 60 2.1 -5860 3032
52133 60 2.1 -6060 3128
52805 60 2.1 -5704 3030
53486 60 2.1 -5876 2930
54176 60 2.1 -6084 3218
54875 60 2.1 -5840 3120
55582 60 2.1 -6096 3204
56299 60 2.1 -6160 3220
57025 60 2.1 -6024 3150
57761 60 2.1 -6056 3188
58506 60 2.1 -5956 3166
59261 60 2.1 -6108 3242
60025 60 2.1 -6028 3172
60799 60 2.1 -5960 3034
61583 60 2.1 -6084 3176
62378 60 2.1 -6204 3268
63182 60 2.1 -5728 3026
63997 60 2.1 -5828 3046
64822 60 2.1 -6108 3196
65658 60 2.1 -6020 3136
66505 60 2.1 -5928 3132
67363 60 2.1 -6052 3148
68232 60 2.1 -5856 3056
69112 60 2.1 -6064 3194
70003 60 2.1 -5992 3184
70906 60 2.1 -5784 3054
71821 60 2.1 -6124 3204
72747 60 2.1 -5924 3134
73685 60 2.1 -6076 3182
74636 60 2.1 -6040 3234
75599 60 2.1 -6192 3268
76574 60 2.1 -6148 3134
77561 60 2.1 -5856 3082
78562 60 2.1 -6100 3238
79575 60 2.1 -6036 3140
80601 60 2.1 -5900 3086
81641 60 2.1 -5936 3082
82694 60 2.1 -6100 3196
83760 60 2.1 -5908 3086
84841 60 2.1 -6196 3244
85935 60 2.1 -6016 2964
87043 60 2.1 -5712 3092
88166 60 2.1 -6136 3250
89303 60 2.1 -6096 3196
90455 60 2.1 -6056 3184
91622 60 2.1 -6020 3186
92803 60 2.1 -6044 3174
94000 60 2.1 -6200 3132
95213 60 2.1 -6204 3226
96441 60 2.1 -5932 3106
97685 60 2.1 -5836 3008
98945 60 2.1 -6028 3172
100221 60 2.1 -5788 3004
101513 60 2.1 -5740 2950
102823 60 2.1 -6108 3186
104149 60 2.1 -5776 3050
105492 60 2.1 -5988 3158
106853 60 2.1 -6080 3236
108231 60 2.1 -5972 3136
109627 60 2.1 -5868 3008
111041 60 2.1 -5980 3084
112473 60 2.1 -5680 3012
113924 60 2.1 -6000 3108
115393 60 2.1 -5984 3146
116882 60 2.1 -5700 2990
118389 60 2.1 -5856 3126
119916 60 2.1 -5888 3102
121463 60 2.1 -6016 3186
123029 60 2.1 -5880 3028
124616 60 2.1 -5760 3014
126224 60 2.1 -5788 2848
127852 60 2.1 -5880 3142
129501 60 2.1 -6224 3274
131171 60 2.1 -6116 3234
132863 60 2.1 -6036 3188
134576 60 2.1 -5908 3052
136312 60 2.1 -5904 3084
138070 60 2.1 -5960 3118
139851 60 2.1 -5996 3146
141655 60 2.1 -6048 3164
143482 60 2.1 -5916 3038
145333 60 2.1 -5948 3068
147207 60 2.1 -5808 3050
149106 60 2.1 -6084 3182
151029 60 2.1 -5888 3094
152977 60 2.1 -5904 3108
154950 60 2.1 -5912 3128
156948 60 2.1 -6080 3176
158973 60 2.1 -5920 3010
161023 60 2.1 -5888 3056
163100 60 2.1 -5992 3162
165204 60 2.1 -5936 3190
167334 60 2.1 -5980 3070
169493 60 2.1 -5956 3138
171679 60 2.1 -6016 3136
173893 60 2.1 -5980 3118
176136 60 2.1 -6196 3254
178408 60 2.1 -5948 3120
180709 60 2.1 -5960 3054
183040 60 2.1 -5840 3118
185400 60 2.1 -5736 3052
187792 60 2.1 -6012 3174
190214 60 2.1 -6056 3118
192667 60 2.1 -6096 3220
195152 60 2.1 -5944 3084
197669 60 2.1 -5964 3120
200219 60 2.1 -5996 3166
202801 60 2.1 -6300 3296
205417 60 2.1 -5896 3110
208066 60 2.1 -6060 3234
210750 60 2.1 -5968 3156
213468 60 2.1 -6052 3162
216222 60 2.1 -6028 3146
219010 60 2.1 -5956 3134
221835 60 2.1 -6008 3182
224696 60 2.1 -6028 3160
227595 60 2.1 -5920 3152
230530 60 2.1 -5976 3134
233503 60 2.1 -5956 3096
236515 60 2.1 -5944 3140
239566 60 2.1 -6236 3260
242656 60 2.1 -5904 3142
245785 60 2.1 -5832 3066
248956 60 2.1 -5984 3134
252167 60 2.1 -6204 3256
255419 60 2.1 -5844 3028
258713 60 2.1 -5936 3150
262050 60 2.1 -5828 2994
265430 60 2.1 -5976 3122
268854 60 2.1 -5908 3108
272321 60 2.1 -5732 2916
275834 60 2.1 -5956 3180
279391 60 2.1 -5868 3114
282995 60 2.1 -6084 3192
286645 60 2.1 -5988 3144
290342 60 2.1 -6080 3200
294087 60 2.1 -6000 3126
297880 60 2.1 -5944 3134
301722 60 2.1 -6180 3240
305614 60 2.1 -5980 3110
309556 60 2.1 -6080 3192
313548 60 2.1 -5840 3034
317592 60 2.1 -6136 3220
321689 60 2.1 -5920 3136
325838 60 2.1 -5928 3116
330040 60 2.1 -6000 3130
334297 60 2.1 -5748 3026
338609 60 2.1 -5868 2886
342976 60 2.1 -6064 3142
347400 60 2.1 -6132 3154
351881 60 2.1 -6216 3282
356419 60 2.1 -6136 3236
361016 60 2.1 -5852 3060
365673 60 2.1 -6080 3026
370389 60 2.1 -5872 3110
375167 60 2.1 -5968 3122
380005 60 2.1 -5640 2814
384907 60 2.1 -6048 3184
389871 60 2.1 -6080 3156
394900 60 2.1 -5920 3126
399993 60 2.1 -6064 3112
405152 60 2.1 -6188 3108
410378 60 2.1 -5940 3084
415671 60 2.1 -6160 3234
421032 60 2.1 -5968 3146
426463 60 2.1 -5916 3054
431963 60 2.1 -6024 3140
437535 60 2.1 -5916 3062
443178 60 2.1 -5960 3150
448894 60 2.1 -5920 2938
454684 60 2.1 -5912 3184
460548 60 2.1 -6108 3176
466489 60 2.1 -5904 3048
472505 60 2.1 -6004 3198
478600 60 2.1 -5944 3138
484773 60 2.1 -5984 3100
491025 60 2.1 -6032 3138
497358 60 2.1 -6176 3216
503773 60 2.1 -6064 3206
510271 60 2.1 -6000 3156
516852 60 2.1 -6096 3150
523519 60 2.1 -5940 3126
530271 60 2.1 -5868 3088
537111 60 2.1 -5904 3104
544038 60 2.1 -5916 3060
551055 60 2.1 -5948 3084
558163 60 2.1 -5976 3050
565362 60 2.1 -5924 3110
572654 60 2.1 -6032 3126
580040 60 2.1 -5944 3150
587521 60 2.1 -6116 3238
595099 60 2.1 -5856 3068
602775 60 2.1 -5952 3124
610549 60 2.1 -5952 3160
618424 60 2.1 -5884 3122
626400 60 2.1 -6080 3222
634480 60 2.1 -6048 3162
642663 60 2.1 -6040 3084
650952 60 2.1 -5940 3136
659348 60 2.1 -6068 3212
667853 60 2.1 -6096 3190
676467 60 2.1 -5824 3102
685192 60 2.1 -6160 3222
694029 60 2.1 -5916 3108
702981 60 2.1 -6008 3166
712048 60 2.1 -6000 3192
721232 60 2.1 -6008 3136
730534 60 2.1 -5784 3072
739957 60 2.1 -6016 3046
749500 60 2.1 -6132 3172
759168 60 2.1 -6024 3148
768959 60 2.1 -5980 3074
778877 60 2.1 -6000 3134
788923 60 2.1 -5888 2984
799099 60 2.1 -6008 3164
809405 60 2.1 -5956 3112
819845 60 2.1 -5892 3118
830419 60 2.1 -6072 3230
841130 60 2.1 -6092 3120
851979 60 2.1 -5740 2974
862968 60 2.1 -6188 3262
874098 60 2.1 -6192 3238
885373 60 2.1 -5988 3172
896792 60 2.1 -5908 3074
908359 60 2.1 -5804 3064
920075 60 2.1 -6196 3268
931942 60 2.1 -5960 3160
943962 60 2.1 -6064 3202
956137 60 2.1 -5864 3074
968470 60 2.1 -5992 3120
980961 60 2.1 -6000 3174
993613 60 2.1 -6052 3154
999999 60 2.1 -5944 3156
