3 20 2.1 -692 366
4 20 2.1 -712 378
5 20 2.1 -716 378
6 20 2.1 -720 380
7 20 2.1 -688 364
8 20 2.1 -688 352
9 20 2.1 -680 356
10 20 2.1 -608 326
11 20 2.1 -624 336
12 20 2.1 -556 312
13 20 2.1 -620 328
14 20 2.1 -648 336
15 20 2.1 -700 340
16 20 2.1 -664 336
17 20 2.1 -680 344
18 20 2.1 -684 350
19 20 2.1 -668 344
20 20 2.1 -656 344
21 20 2.1 -644 336
22 20 2.1 -636 340
23 20 2.1 -656 348
24 20 2.1 -680 360
25 20 2.1 -692 368
26 20 2.1 -720 376
27 20 2.1 -680 362
28 20 2.1 -652 348
29 20 2.1 -664 358
30 20 2.1 -688 368
31 20 2.1 -676 356
32 20 2.1 -656 348
33 20 2.1 -688 366
34 20 2.1 -684 362
35 20 2.1 -672 356
36 20 2.1 -680 348
37 20 2.1 -660 354
38 20 2.1 -708 374
39 20 2.1 -676 366
40 20 2.1 -672 362
41 20 2.1 -708 372
42 20 2.1 -692 364
43 20 2.1 -724 370
44 20 2.1 -732 380
45 20 2.1 -720 372
46 20 2.1 -708 368
47 20 2.1 -680 352
48 20 2.1 -624 342
49 20 2.1 -620 336
50 20 2.1 -656 344
51 20 2.1 -672 346
52 20 2.1 -652 340
53 20 2.1 -660 352
54 20 2.1 -664 346
55 20 2.1 -652 342
56 20 2.1 -668 346
57 20 2.1 -704 366
58 20 2.1 -696 368
59 20 2.1 -692 366
60 20 2.1 -696 362
61 20 2.1 -704 362
62 20 2.1 -648 346
63 20 2.1 -672 358
64 20 2.1 -708 374
65 20 2.1 -648 350
66 20 2.1 -680 360
67 20 2.1 -668 352
68 20 2.1 -604 330
69 20 2.1 -680 364
70 20 2.1 -680 364
71 20 2.1 -696 368
72 20 2.1 -640 348
73 20 2.1 -684 362
74 20 2.1 -664 356
75 20 2.1 -664 360
76 20 2.1 -684 356
77 20 2.1 -680 352
78 20 2.1 -668 346
79 20 2.1 -676 358
80 20 2.1 -700 364
81 20 2.1 -648 342
82 20 2.1 -640 344
83 20 2.1 -668 356
84 20 2.1 -668 358
85 20 2.1 -728 376
86 20 2.1 -716 372
88 20 2.1 -696 368
89 20 2.1 -668 350
90 20 2.1 -632 344
91 20 2.1 -692 368
92 20 2.1 -648 350
93 20 2.1 -692 358
95 20 2.1 -664 346
96 20 2.1 -688 356
97 20 2.1 -712 360
98 20 2.1 -676 356
99 20 2.1 -644 346
101 20 2.1 -652 348
102 20 2.1 -688 368
103 20 2.1 -720 376
105 20 2.1 -688 368
106 20 2.1 -728 380
107 20 2.1 -680 360
109 20 2.1 -688 364
110 20 2.1 -672 358
112 20 2.1 -672 360
113 20 2.1 -720 378
114 20 2.1 -676 356
116 20 2.1 -680 362
117 20 2.1 -668 354
119 20 2.1 -712 376
120 20 2.1 -704 372
122 20 2.1 -672 350
124 20 2.1 -692 368
125 20 2.1 -688 360
127 20 2.1 -632 334
128 20 2.1 -620 334
130 20 2.1 -608 320
132 20 2.1 -648 340
133 20 2.1 -608 336
135 20 2.1 -696 358
137 20 2.1 -708 352
139 20 2.1 -628 342
140 20 2.1 -648 344
142 20 2.1 -736 378
144 20 2.1 -648 348
146 20 2.1 -688 368
148 20 2.1 -672 364
150 20 2.1 -688 370
152 20 2.1 -688 366
154 20 2.1 -696 366
155 20 2.1 -664 352
157 20 2.1 -676 360
160 20 2.1 -700 364
162 20 2.1 -696 358
164 20 2.1 -684 354
166 20 2.1 -652 350
168 20 2.1 -656 344
170 20 2.1 -660 356
172 20 2.1 -724 376
174 20 2.1 -708 372
177 20 2.1 -664 358
179 20 2.1 -680 366
181 20 2.1 -716 376
184 20 2.1 -660 358
186 20 2.1 -612 334
188 20 2.1 -660 348
191 20 2.1 -644 344
193 20 2.1 -660 336
196 20 2.1 -640 332
198 20 2.1 -624 326
201 20 2.1 -636 336
203 20 2.1 -688 364
206 20 2.1 -620 342
209 20 2.1 -684 360
211 20 2.1 -724 374
214 20 2.1 -704 374
217 20 2.1 -664 362
220 20 2.1 -680 362
222 20 2.1 -672 360
225 20 2.1 -716 374
228 20 2.1 -672 350
231 20 2.1 -700 374
234 20 2.1 -700 370
237 20 2.1 -708 376
240 20 2.1 -696 364
243 20 2.1 -644 350
246 20 2.1 -660 360
250 20 2.1 -640 352
253 20 2.1 -608 322
256 20 2.1 -616 328
259 20 2.1 -720 378
263 20 2.1 -648 348
266 20 2.1 -708 372
269 20 2.1 -732 380
273 20 2.1 -692 362
276 20 2.1 -592 304
280 20 2.1 -620 266
284 20 2.1 -624 302
287 20 2.1 -660 316
291 20 2.1 -636 304
295 20 2.1 -644 284
298 20 2.1 -588 250
302 20 2.1 -540 222
306 20 2.1 -524 186
310 20 2.1 -608 226
314 20 2.1 -624 288
318 20 2.1 -568 296
322 20 2.1 -684 352
326 20 2.1 -624 324
331 20 2.1 -660 306
335 20 2.1 -604 254
339 20 2.1 -616 214
344 20 2.1 -588 236
348 20 2.1 -560 216
352 20 2.1 -616 236
357 20 2.1 -632 262
362 20 2.1 -624 246
366 20 2.1 -644 286
371 20 2.1 -584 284
376 20 2.1 -616 298
381 20 2.1 -624 346
385 20 2.1 -652 350
390 20 2.1 -664 344
395 20 2.1 -640 336
401 20 2.1 -652 340
406 20 2.1 -708 372
411 20 2.1 -700 370
416 20 2.1 -716 374
422 20 2.1 -736 384
427 20 2.1 -696 368
433 20 2.1 -692 362
438 20 2.1 -688 352
444 20 2.1 -732 382
449 20 2.1 -660 342
455 20 2.1 -612 332
461 20 2.1 -684 364
467 20 2.1 -600 334
473 20 2.1 -636 336
479 20 2.1 -612 336
485 20 2.1 -656 352
492 20 2.1 -676 358
498 20 2.1 -672 360
504 20 2.1 -648 352
511 20 2.1 -672 346
517 20 2.1 -636 340
524 20 2.1 -612 310
531 20 2.1 -668 352
538 20 2.1 -608 322
545 20 2.1 -688 364
552 20 2.1 -688 366
559 20 2.1 -704 372
566 20 2.1 -712 374
573 20 2.1 -672 360
581 20 2.1 -600 322
588 20 2.1 -620 340
596 20 2.1 -680 364
603 20 2.1 -700 368
611 20 2.1 -720 376
619 20 2.1 -756 388
627 20 2.1 -664 350
635 20 2.1 -668 364
643 20 2.1 -688 350
652 20 2.1 -672 358
660 20 2.1 -640 328
668 20 2.1 -640 336
677 20 2.1 -636 348
686 20 2.1 -608 328
695 20 2.1 -640 350
704 20 2.1 -636 350
713 20 2.1 -696 362
722 20 2.1 -712 354
731 20 2.1 -692 364
741 20 2.1 -672 354
750 20 2.1 -708 364
760 20 2.1 -636 342
770 20 2.1 -644 344
780 20 2.1 -620 306
790 20 2.1 -680 364
800 20 2.1 -704 370
810 20 2.1 -680 362
821 20 2.1 -704 362
831 20 2.1 -708 374
842 20 2.1 -696 358
853 20 2.1 -660 356
864 20 2.1 -668 354
875 20 2.1 -696 364
886 20 2.1 -616 336
897 20 2.1 -708 372
909 20 2.1 -716 376
921 20 2.1 -588 322
933 20 2.1 -708 360
945 20 2.1 -640 336
957 20 2.1 -672 358
969 20 2.1 -612 324
982 20 2.1 -668 356
994 20 2.1 -692 370
1007 20 2.1 -640 336
1020 20 2.1 -684 350
1033 20 2.1 -660 352
1047 20 2.1 -724 374
1060 20 2.1 -676 354
1074 20 2.1 -676 322
1088 20 2.1 -604 296
1102 20 2.1 -660 318
1116 20 2.1 -712 372
1130 20 2.1 -692 368
1145 20 2.1 -684 362
1160 20 2.1 -720 366
1174 20 2.1 -724 380
1190 20 2.1 -668 356
1205 20 2.1 -652 354
1220 20 2.1 -644 330
1236 20 2.1 -700 372
1252 20 2.1 -648 354
1268 20 2.1 -704 374
1285 20 2.1 -616 346
1301 20 2.1 -656 324
1318 20 2.1 -656 360
1335 20 2.1 -672 366
1352 20 2.1 -680 366
1370 20 2.1 -660 350
1387 20 2.1 -684 354
1405 20 2.1 -716 374
1423 20 2.1 -676 352
1442 20 2.1 -664 350
1460 20 2.1 -676 360
1479 20 2.1 -760 390
1498 20 2.1 -696 364
1517 20 2.1 -704 372
1537 20 2.1 -684 354
1557 20 2.1 -724 378
1577 20 2.1 -592 308
1597 20 2.1 -620 316
1618 20 2.1 -640 336
1639 20 2.1 -624 328
1660 20 2.1 -680 360
1681 20 2.1 -628 340
1703 20 2.1 -644 348
1725 20 2.1 -656 336
1747 20 2.1 -672 344
1770 20 2.1 -652 344
1792 20 2.1 -656 348
1816 20 2.1 -684 360
1839 20 2.1 -656 356
1863 20 2.1 -648 350
1887 20 2.1 -716 374
1911 20 2.1 -696 372
1936 20 2.1 -664 358
1961 20 2.1 -728 378
1986 20 2.1 -676 348
2012 20 2.1 -692 368
2037 20 2.1 -632 336
2064 20 2.1 -696 368
2090 20 2.1 -648 350
2117 20 2.1 -632 312
2145 20 2.1 -620 272
2172 20 2.1 -668 356
2200 20 2.1 -644 330
2229 20 2.1 -676 342
2257 20 2.1 -664 362
2286 20 2.1 -696 374
2316 20 2.1 -648 294
2346 20 2.1 -664 324
2376 20 2.1 -640 322
2407 20 2.1 -692 364
2438 20 2.1 -644 348
2469 20 2.1 -636 340
2501 20 2.1 -628 322
2533 20 2.1 -632 316
2566 20 2.1 -708 376
2599 20 2.1 -672 358
2633 20 2.1 -652 346
2667 20 2.1 -640 350
2701 20 2.1 -644 344
2736 20 2.1 -636 316
2771 20 2.1 -668 354
2807 20 2.1 -624 330
2843 20 2.1 -636 346
2880 20 2.1 -680 360
2917 20 2.1 -648 348
2954 20 2.1 -632 324
2992 20 2.1 -692 366
3031 20 2.1 -636 336
3070 20 2.1 -692 366
3110 20 2.1 -696 366
3150 20 2.1 -700 364
3190 20 2.1 -604 294
3232 20 2.1 -648 342
3273 20 2.1 -672 346
3315 20 2.1 -672 350
3358 20 2.1 -672 342
3402 20 2.1 -632 346
3445 20 2.1 -660 352
3490 20 2.1 -724 378
3535 20 2.1 -708 370
3580 20 2.1 -632 342
3627 20 2.1 -672 362
3673 20 2.1 -628 334
3721 20 2.1 -656 352
3769 20 2.1 -588 258
3817 20 2.1 -656 356
3867 20 2.1 -648 316
3916 20 2.1 -668 352
3967 20 2.1 -592 322
4018 20 2.1 -628 310
4070 20 2.1 -624 348
4122 20 2.1 -568 312
4176 20 2.1 -696 370
4229 20 2.1 -676 346
4284 20 2.1 -676 360
4339 20 2.1 -668 362
4395 20 2.1 -716 370
4452 20 2.1 -672 346
4509 20 2.1 -628 322
4567 20 2.1 -580 260
4626 20 2.1 -564 186
4686 20 2.1 -504 152
4746 20 2.1 -528 206
4808 20 2.1 -688 360
4870 20 2.1 -700 372
4932 20 2.1 -648 336
4996 20 2.1 -580 288
5060 20 2.1 -624 314
5126 20 2.1 -660 348
5192 20 2.1 -664 356
5259 20 2.1 -640 340
5327 20 2.1 -696 372
5395 20 2.1 -640 346
5465 20 2.1 -664 350
5535 20 2.1 -712 372
5607 20 2.1 -588 320
5679 20 2.1 -684 368
5752 20 2.1 -704 372
5826 20 2.1 -692 356
5902 20 2.1 -660 340
5978 20 2.1 -656 330
6055 20 2.1 -696 370
6133 20 2.1 -688 366
6212 20 2.1 -676 360
6292 20 2.1 -704 374
6373 20 2.1 -648 346
6455 20 2.1 -688 358
6539 20 2.1 -616 260
6623 20 2.1 -704 366
6708 20 2.1 -600 314
6795 20 2.1 -612 310
6883 20 2.1 -584 318
6971 20 2.1 -632 346
7061 20 2.1 -648 356
7152 20 2.1 -700 368
7245 20 2.1 -640 346
7338 20 2.1 -776 394
7433 20 2.1 -728 378
7529 20 2.1 -672 366
7626 20 2.1 -736 382
7724 20 2.1 -608 326
7824 20 2.1 -676 366
7925 20 2.1 -724 378
8027 20 2.1 -664 354
8130 20 2.1 -600 254
8235 20 2.1 -664 358
8341 20 2.1 -696 368
8449 20 2.1 -616 324
8558 20 2.1 -720 370
8668 20 2.1 -668 356
8780 20 2.1 -700 364
8893 20 2.1 -668 334
9008 20 2.1 -552 280
9124 20 2.1 -676 352
9242 20 2.1 -684 364
9361 20 2.1 -632 290
9482 20 2.1 -668 344
9604 20 2.1 -620 334
9728 20 2.1 -712 372
9853 20 2.1 -700 370
9980 20 2.1 -648 352
10109 20 2.1 -680 360
10240 20 2.1 -688 366
10372 20 2.1 -632 340
10505 20 2.1 -648 338
10641 20 2.1 -704 368
10778 20 2.1 -636 342
10917 20 2.1 -588 308
11058 20 2.1 -656 350
11201 20 2.1 -672 338
11345 20 2.1 -608 316
11491 20 2.1 -708 370
11640 20 2.1 -672 354
11790 20 2.1 -676 358
11942 20 2.1 -636 324
12096 20 2.1 -676 356
12252 20 2.1 -580 266
12410 20 2.1 -616 340
12570 20 2.1 -652 330
12732 20 2.1 -736 380
12896 20 2.1 -604 312
13062 20 2.1 -720 380
13231 20 2.1 -628 334
13402 20 2.1 -688 358
13574 20 2.1 -664 358
13750 20 2.1 -700 354
13927 20 2.1 -692 368
14106 20 2.1 -696 366
14288 20 2.1 -692 364
14473 20 2.1 -632 318
14659 20 2.1 -600 336
14848 20 2.1 -688 368
15040 20 2.1 -704 350
15234 20 2.1 -668 360
15430 20 2.1 -696 364
15629 20 2.1 -636 316
15831 20 2.1 -616 302
16035 20 2.1 -708 374
16242 20 2.1 -620 342
16451 20 2.1 -668 360
16664 20 2.1 -564 312
16879 20 2.1 -688 364
17096 20 2.1 -620 322
17317 20 2.1 -724 376
17540 20 2.1 -624 330
17766 20 2.1 -568 272
17995 20 2.1 -728 380
18228 20 2.1 -708 362
18463 20 2.1 -704 376
18701 20 2.1 -704 370
18942 20 2.1 -660 322
19186 20 2.1 -668 360
19434 20 2.1 -732 382
19684 20 2.1 -644 348
19938 20 2.1 -620 330
20195 20 2.1 -624 332
20456 20 2.1 -620 316
20720 20 2.1 -696 366
20987 20 2.1 -700 362
21258 20 2.1 -668 350
21532 20 2.1 -676 358
21810 20 2.1 -696 366
22091 20 2.1 -604 326
22376 20 2.1 -632 346
22664 20 2.1 -632 332
22957 20 2.1 -640 354
23253 20 2.1 -592 302
23553 20 2.1 -708 374
23856 20 2.1 -720 378
24164 20 2.1 -588 326
24476 20 2.1 -724 378
24791 20 2.1 -652 358
25111 20 2.1 -656 354
25435 20 2.1 -592 328
25763 20 2.1 -612 334
26095 20 2.1 -724 380
26432 20 2.1 -664 344
26773 20 2.1 -688 364
27118 20 2.1 -584 324
27468 20 2.1 -680 362
27822 20 2.1 -664 362
28181 20 2.1 -664 362
28545 20 2.1 -656 332
28913 20 2.1 -676 362
29286 20 2.1 -640 344
29663 20 2.1 -632 338
30046 20 2.1 -656 350
30434 20 2.1 -664 360
30826 20 2.1 -652 346
31224 20 2.1 -696 358
31626 20 2.1 -648 352
32034 20 2.1 -696 362
32447 20 2.1 -632 340
32866 20 2.1 -700 370
33290 20 2.1 -724 374
33719 20 2.1 -652 332
34154 20 2.1 -692 364
34595 20 2.1 -656 348
35041 20 2.1 -688 368
35493 20 2.1 -720 366
35951 20 2.1 -712 364
36414 20 2.1 -636 340
36884 20 2.1 -660 350
37360 20 2.1 -680 366
37841 20 2.1 -640 342
38330 20 2.1 -696 356
38824 20 2.1 -716 378
39325 20 2.1 -696 364
39832 20 2.1 -616 332
40346 20 2.1 -712 376
40866 20 2.1 -720 376
41393 20 2.1 -696 360
41927 20 2.1 -708 368
42468 20 2.1 -672 344
43015 20 2.1 -700 372
43570 20 2.1 -656 322
44132 20 2.1 -732 376
44701 20 2.1 -628 312
45278 20 2.1 -600 308
45862 20 2.1 -700 364
46453 20 2.1 -636 326
47053 20 2.1 -704 372
47660 20 2.1 -656 348
48274 20 2.1 -680 364
48897 20 2.1 -620 344
49528 20 2.1 -628 342
50166 20 2.1 -736 384
50813 20 2.1 -632 344
51469 20 2.1 -760 390
52133 20 2.1 -668 340
52805 20 2.1 -656 342
53486 20 2.1 -632 340
54176 20 2.1 -648 356
54875 20 2.1 -656 350
55582 20 2.1 -628 328
56299 20 2.1 -644 340
57025 20 2.1 -684 360
57761 20 2.1 -608 308
58506 20 2.1 -692 354
59261 20 2.1 -616 336
60025 20 2.1 -708 376
60799 20 2.1 -692 370
61583 20 2.1 -656 340
62378 20 2.1 -652 350
63182 20 2.1 -684 362
63997 20 2.1 -692 366
64822 20 2.1 -692 366
65658 20 2.1 -728 374
66505 20 2.1 -656 338
67363 20 2.1 -688 364
68232 20 2.1 -676 354
69112 20 2.1 -672 362
70003 20 2.1 -640 350
70906 20 2.1 -676 362
71821 20 2.1 -596 172
72747 20 2.1 -676 -354
73685 20 2.1 -696 -370
74636 20 2.1 -708 -370
75599 20 2.1 -608 -320
76574 20 2.1 -684 -368
77561 20 2.1 -672 -332
78562 20 2.1 -632 -346
79575 20 2.1 -652 -338
80601 20 2.1 -668 -334
81641 20 2.1 -660 -342
82694 20 2.1 -732 -382
83760 20 2.1 -604 334
84841 20 2.1 -608 308
85935 20 2.1 -632 316
87043 20 2.1 -552 314
88166 20 2.1 -672 360
89303 20 2.1 -624 342
90455 20 2.1 -632 334
91622 20 2.1 -660 358
92803 20 2.1 -672 362
94000 20 2.1 -624 314
95213 20 2.1 -692 366
96441 20 2.1 -676 360
97685 20 2.1 -656 340
98945 20 2.1 -612 328
100221 20 2.1 -712 356
101513 20 2.1 -684 362
102823 20 2.1 -696 366
104149 20 2.1 -652 352
105492 20 2.1 -576 312
106853 20 2.1 -668 360
108231 20 2.1 -704 370
109627 20 2.1 -604 324
111041 20 2.1 -700 368
112473 20 2.1 -688 370
113924 20 2.1 -664 312
115393 20 2.1 -580 328
116882 20 2.1 -684 356
118389 20 2.1 -576 254
119916 20 2.1 -536 288
121463 20 2.1 -620 340
123029 20 2.1 -684 364
124616 20 2.1 -696 370
126224 20 2.1 -672 360
127852 20 2.1 -576 290
129501 20 2.1 -684 364
131171 20 2.1 -696 370
132863 20 2.1 -596 308
134576 20 2.1 -676 360
136312 20 2.1 -696 370
138070 20 2.1 -728 382
139851 20 2.1 -736 378
141655 20 2.1 -704 366
143482 20 2.1 -640 320
145333 20 2.1 -676 356
147207 20 2.1 -616 326
149106 20 2.1 -664 318
151029 20 2.1 -600 294
152977 20 2.1 -640 346
154950 20 2.1 -692 336
156948 20 2.1 -668 350
158973 20 2.1 -712 360
161023 20 2.1 -656 344
163100 20 2.1 -608 308
165204 20 2.1 -580 310
167334 20 2.1 -644 336
169493 20 2.1 -632 336
171679 20 2.1 -688 366
173893 20 2.1 -712 376
176136 20 2.1 -644 344
178408 20 2.1 -680 358
180709 20 2.1 -700 368
183040 20 2.1 -680 362
185400 20 2.1 -624 308
187792 20 2.1 -592 320
190214 20 2.1 -616 314
192667 20 2.1 -628 318
195152 20 2.1 -736 384
197669 20 2.1 -692 358
200219 20 2.1 -648 346
202801 20 2.1 -580 292
205417 20 2.1 -572 308
208066 20 2.1 -652 354
210750 20 2.1 -620 336
213468 20 2.1 -716 374
216222 20 2.1 -720 368
219010 20 2.1 -648 356
221835 20 2.1 -716 378
224696 20 2.1 -664 354
227595 20 2.1 -680 356
230530 20 2.1 -656 352
233503 20 2.1 -712 376
236515 20 2.1 -584 326
239566 20 2.1 -708 374
242656 20 2.1 -680 358
245785 20 2.1 -744 380
248956 20 2.1 -696 358
252167 20 2.1 -712 376
255419 20 2.1 -720 372
258713 20 2.1 -664 352
262050 20 2.1 -668 342
265430 20 2.1 -684 364
268854 20 2.1 -688 360
272321 20 2.1 -724 378
275834 20 2.1 -628 326
279391 20 2.1 -584 224
282995 20 2.1 -692 368
286645 20 2.1 -736 376
290342 20 2.1 -656 340
294087 20 2.1 -712 372
297880 20 2.1 -624 334
301722 20 2.1 -664 344
305614 20 2.1 -632 346
309556 20 2.1 -664 352
313548 20 2.1 -664 354
317592 20 2.1 -644 348
321689 20 2.1 -676 356
325838 20 2.1 -660 342
330040 20 2.1 -640 336
334297 20 2.1 -700 374
338609 20 2.1 -612 330
342976 20 2.1 -676 358
347400 20 2.1 -660 340
351881 20 2.1 -728 380
356419 20 2.1 -660 356
361016 20 2.1 -608 320
365673 20 2.1 -648 348
370389 20 2.1 -612 330
375167 20 2.1 -676 366
380005 20 2.1 -712 374
384907 20 2.1 -676 354
389871 20 2.1 -724 380
394900 20 2.1 -640 328
399993 20 2.1 -596 310
405152 20 2.1 -740 380
410378 20 2.1 -712 374
415671 20 2.1 -692 362
421032 20 2.1 -620 338
426463 20 2.1 -676 360
431963 20 2.1 -704 374
437535 20 2.1 -644 348
443178 20 2.1 -672 352
448894 20 2.1 -712 366
454684 20 2.1 -688 358
460548 20 2.1 -644 306
466489 20 2.1 -612 336
472505 20 2.1 -612 320
478600 20 2.1 -628 348
484773 20 2.1 -700 368
491025 20 2.1 -636 328
497358 20 2.1 -660 346
503773 20 2.1 -688 360
510271 20 2.1 -656 352
516852 20 2.1 -664 356
523519 20 2.1 -612 324
530271 20 2.1 -652 332
537111 20 2.1 -672 348
544038 20 2.1 -688 350
551055 20 2.1 -640 352
558163 20 2.1 -688 362
565362 20 2.1 -716 364
572654 20 2.1 -664 356
580040 20 2.1 -688 364
587521 20 2.1 -696 368
595099 20 2.1 -668 348
602775 20 2.1 -652 346
610549 20 2.1 -744 382
618424 20 2.1 -668 362
626400 20 2.1 -696 362
634480 20 2.1 -660 356
642663 20 2.1 -700 370
650952 20 2.1 -644 346
659348 20 2.1 -660 354
667853 20 2.1 -644 348
676467 20 2.1 -724 378
685192 20 2.1 -672 320
694029 20 2.1 -668 362
702981 20 2.1 -688 360
712048 20 2.1 -704 374
721232 20 2.1 -600 200
730534 20 2.1 -652 354
739957 20 2.1 -684 352
749500 20 2.1 -592 298
759168 20 2.1 -712 372
768959 20 2.1 -696 370
778877 20 2.1 -672 358
788923 20 2.1 -668 360
799099 20 2.1 -668 360
809405 20 2.1 -728 372
819845 20 2.1 -732 380
830419 20 2.1 -700 370
841130 20 2.1 -656 340
851979 20 2.1 -656 354
862968 20 2.1 -660 356
874098 20 2.1 -660 348
885373 20 2.1 -776 394
896792 20 2.1 -660 350
908359 20 2.1 -640 332
920075 20 2.1 -684 358
931942 20 2.1 -636 346
943962 20 2.1 -676 356
956137 20 2.1 -704 368
968470 20 2.1 -704 368
980961 20 2.1 -648 338
993613 20 2.1 -644 344
999999 20 2.1 -668 356
