3 140 2.4 -31888 17132
4 140 2.4 -30760 16570
5 140 2.4 -29744 16064
6 140 2.4 -29356 15842
7 140 2.4 -29056 15614
8 140 2.4 -28256 15314
9 140 2.4 -27964 15102
10 140 2.4 -27784 14858
11 140 2.4 -27740 14750
12 140 2.4 -27928 14702
13 140 2.4 -27372 14412
14 140 2.4 -27784 14522
15 140 2.4 -27472 14388
16 140 2.4 -27180 14160
17 140 2.4 -26968 14024
18 140 2.4 -26964 13894
19 140 2.4 -26548 13600
20 140 2.4 -26524 13584
21 140 2.4 -26936 13680
22 140 2.4 -26584 13396
23 140 2.4 -26248 13124
24 140 2.4 -26252 13002
25 140 2.4 -26252 13190
26 140 2.4 -26088 13070
27 140 2.4 -26492 13066
28 140 2.4 -26376 12910
29 140 2.4 -26164 12734
30 140 2.4 -26012 12646
31 140 2.4 -25948 12658
32 140 2.4 -25536 12368
33 140 2.4 -25516 12516
34 140 2.4 -25544 12336
35 140 2.4 -25796 12544
36 140 2.4 -26060 12394
37 140 2.4 -26204 12538
38 140 2.4 -25708 12328
39 140 2.4 -25712 12224
40 140 2.4 -25952 12354
41 140 2.4 -25692 12090
42 140 2.4 -25656 11970
43 140 2.4 -25384 11932
44 140 2.4 -25828 11830
45 140 2.4 -25904 11670
46 140 2.4 -25800 11824
47 140 2.4 -25736 11644
48 140 2.4 -25884 11764
49 140 2.4 -25432 11442
50 140 2.4 -25076 11300
51 140 2.4 -25312 11364
52 140 2.4 -25416 11382
53 140 2.4 -25212 11428
54 140 2.4 -25068 11448
55 140 2.4 -25468 11488
56 140 2.4 -25496 11454
57 140 2.4 -25276 11424
58 140 2.4 -25160 11422
59 140 2.4 -25256 11100
60 140 2.4 -25136 10964
61 140 2.4 -25264 11056
62 140 2.4 -25252 11094
63 140 2.4 -25340 10982
64 140 2.4 -25536 11164
65 140 2.4 -25396 11026
66 140 2.4 -25512 11096
67 140 2.4 -25192 11040
68 140 2.4 -25368 10906
69 140 2.4 -25008 10744
70 140 2.4 -24896 10670
71 140 2.4 -24632 10380
72 140 2.4 -25008 10326
73 140 2.4 -24812 10188
74 140 2.4 -24656 10096
75 140 2.4 -24892 10222
76 140 2.4 -24932 9954
77 140 2.4 -24544 9720
78 140 2.4 -24048 9642
79 140 2.4 -24096 9728
80 140 2.4 -23600 9664
81 140 2.4 -23752 9578
82 140 2.4 -24236 9594
83 140 2.4 -24292 9522
84 140 2.4 -24508 9372
85 140 2.4 -24272 9390
86 140 2.4 -24412 9084
88 140 2.4 -24564 9326
89 140 2.4 -24760 9496
90 140 2.4 -24612 9420
91 140 2.4 -24524 9416
92 140 2.4 -24268 9280
93 140 2.4 -24688 9418
95 140 2.4 -24568 9706
96 140 2.4 -24664 9552
97 140 2.4 -25044 9670
98 140 2.4 -24808 9514
99 140 2.4 -25080 9542
101 140 2.4 -24512 9460
102 140 2.4 -24756 9380
103 140 2.4 -24832 9402
105 140 2.4 -24708 9226
106 140 2.4 -24580 9226
107 140 2.4 -24524 9306
109 140 2.4 -24684 9142
110 140 2.4 -24892 9152
112 140 2.4 -24856 9180
113 140 2.4 -24764 9304
114 140 2.4 -24844 9224
116 140 2.4 -24776 9180
117 140 2.4 -24472 9118
119 140 2.4 -24740 9048
120 140 2.4 -24496 9178
122 140 2.4 -24600 8990
124 140 2.4 -24736 9092
125 140 2.4 -24540 9036
127 140 2.4 -24680 8942
128 140 2.4 -24680 9016
130 140 2.4 -25000 9272
132 140 2.4 -24088 8766
133 140 2.4 -24124 8554
135 140 2.4 -24192 8394
137 140 2.4 -23944 8456
139 140 2.4 -24152 8822
140 140 2.4 -24612 9036
142 140 2.4 -24620 9088
144 140 2.4 -24552 9200
146 140 2.4 -24316 8744
148 140 2.4 -24068 8688
150 140 2.4 -24588 8570
152 140 2.4 -24704 8504
154 140 2.4 -24320 8602
155 140 2.4 -24068 8480
157 140 2.4 -24016 8320
160 140 2.4 -24320 8192
162 140 2.4 -24228 8300
164 140 2.4 -24408 8660
166 140 2.4 -24436 8558
168 140 2.4 -23996 8032
170 140 2.4 -24364 8024
172 140 2.4 -24340 8210
174 140 2.4 -24448 8034
177 140 2.4 -24296 8228
179 140 2.4 -24212 8310
181 140 2.4 -24484 8312
184 140 2.4 -24108 8208
186 140 2.4 -24404 8496
188 140 2.4 -23872 8496
191 140 2.4 -24492 8258
193 140 2.4 -24684 8310
196 140 2.4 -25180 8554
198 140 2.4 -24884 8324
201 140 2.4 -24864 8208
203 140 2.4 -24704 7984
206 140 2.4 -24544 8194
209 140 2.4 -24408 7896
211 140 2.4 -24652 7768
214 140 2.4 -24260 7316
217 140 2.4 -24436 7448
220 140 2.4 -25052 7628
222 140 2.4 -24276 7064
225 140 2.4 -24220 6836
228 140 2.4 -24528 6898
231 140 2.4 -24408 7106
234 140 2.4 -24032 6800
237 140 2.4 -24364 7222
240 140 2.4 -24676 7408
243 140 2.4 -24840 7102
246 140 2.4 -24480 7184
250 140 2.4 -24200 7240
253 140 2.4 -24208 7092
256 140 2.4 -24096 7100
259 140 2.4 -24352 7108
263 140 2.4 -24492 6696
266 140 2.4 -24096 6834
269 140 2.4 -23788 6456
273 140 2.4 -24648 6296
276 140 2.4 -24256 6024
280 140 2.4 -24252 6226
284 140 2.4 -24184 6696
287 140 2.4 -24348 6582
291 140 2.4 -23768 6242
295 140 2.4 -24020 6348
298 140 2.4 -23864 6314
302 140 2.4 -24184 6278
306 140 2.4 -23732 5738
310 140 2.4 -23972 5364
314 140 2.4 -24028 5268
318 140 2.4 -24040 5564
322 140 2.4 -23800 5652
326 140 2.4 -24332 6254
331 140 2.4 -23724 6048
335 140 2.4 -23980 5848
339 140 2.4 -23908 6158
344 140 2.4 -23940 6004
348 140 2.4 -23588 5774
352 140 2.4 -24200 5776
357 140 2.4 -23912 5894
362 140 2.4 -23956 5840
366 140 2.4 -23844 5352
371 140 2.4 -23688 5064
376 140 2.4 -23808 4234
381 140 2.4 -23520 3858
385 140 2.4 -23096 3670
390 140 2.4 -23536 3984
395 140 2.4 -23248 4488
401 140 2.4 -23700 4522
406 140 2.4 -23972 4548
411 140 2.4 -23524 3804
416 140 2.4 -23328 4438
422 140 2.4 -23788 3998
427 140 2.4 -23716 3848
433 140 2.4 -23076 3866
438 140 2.4 -23488 3882
444 140 2.4 -23352 4290
449 140 2.4 -23692 4110
455 140 2.4 -24140 3656
461 140 2.4 -24388 3570
467 140 2.4 -23896 3652
473 140 2.4 -24284 3668
479 140 2.4 -24136 3458
485 140 2.4 -23692 2820
492 140 2.4 -23712 2980
498 140 2.4 -24044 2748
504 140 2.4 -23696 3254
511 140 2.4 -23716 3020
517 140 2.4 -24020 3210
524 140 2.4 -23500 2228
531 140 2.4 -23756 2326
538 140 2.4 -23256 2716
545 140 2.4 -23388 2092
552 140 2.4 -23268 2248
559 140 2.4 -23816 1852
566 140 2.4 -23380 1690
573 140 2.4 -23844 1696
581 140 2.4 -23532 2324
588 140 2.4 -23180 2608
596 140 2.4 -22864 3088
603 140 2.4 -22872 3016
611 140 2.4 -23292 3122
619 140 2.4 -23272 2522
627 140 2.4 -23212 1832
635 140 2.4 -22788 2112
643 140 2.4 -23400 2494
652 140 2.4 -23340 2264
660 140 2.4 -23384 2032
668 140 2.4 -23264 1936
677 140 2.4 -23216 2010
686 140 2.4 -23232 1964
695 140 2.4 -23196 946
704 140 2.4 -23068 1374
713 140 2.4 -23248 1436
722 140 2.4 -23736 1436
731 140 2.4 -23144 1672
741 140 2.4 -23800 1606
750 140 2.4 -24212 1380
760 140 2.4 -23904 1134
770 140 2.4 -23788 58
780 140 2.4 -23952 -774
790 140 2.4 -23416 -562
800 140 2.4 -23196 -834
810 140 2.4 -23848 -902
821 140 2.4 -23268 -616
831 140 2.4 -23460 -126
842 140 2.4 -23432 -136
853 140 2.4 -24148 374
864 140 2.4 -23744 446
875 140 2.4 -23688 376
886 140 2.4 -23440 142
897 140 2.4 -24092 -164
909 140 2.4 -23252 -138
921 140 2.4 -23224 746
933 140 2.4 -23664 1106
945 140 2.4 -22976 508
957 140 2.4 -23232 684
969 140 2.4 -23028 1188
982 140 2.4 -23264 1780
994 140 2.4 -23144 1956
1007 140 2.4 -22896 1804
1020 140 2.4 -23792 2146
1033 140 2.4 -23148 1664
1047 140 2.4 -23324 1266
1060 140 2.4 -23920 1226
1074 140 2.4 -23572 556
1088 140 2.4 -23116 -148
1102 140 2.4 -23008 120
1116 140 2.4 -22964 442
1130 140 2.4 -24052 200
1145 140 2.4 -23752 602
1160 140 2.4 -22984 -768
1174 140 2.4 -23688 -1262
1190 140 2.4 -23556 -1234
1205 140 2.4 -23312 -1458
1220 140 2.4 -24292 -1516
1236 140 2.4 -23844 -1660
1252 140 2.4 -23940 -1086
1268 140 2.4 -23320 -1182
1285 140 2.4 -23420 -1570
1301 140 2.4 -23796 -1704
1318 140 2.4 -23944 -1528
1335 140 2.4 -24144 -1822
1352 140 2.4 -23856 -1050
1370 140 2.4 -23936 -1144
1387 140 2.4 -23708 -926
1405 140 2.4 -23500 -1134
1423 140 2.4 -23500 -798
1442 140 2.4 -23488 -80
1460 140 2.4 -23412 -40
1479 140 2.4 -23548 -52
1498 140 2.4 -24232 856
1517 140 2.4 -23024 334
1537 140 2.4 -24008 1052
1557 140 2.4 -23180 798
1577 140 2.4 -24004 1484
1597 140 2.4 -23760 906
1618 140 2.4 -23104 690
1639 140 2.4 -24280 238
1660 140 2.4 -23804 -214
1681 140 2.4 -23684 524
1703 140 2.4 -23116 44
1725 140 2.4 -23436 426
1747 140 2.4 -23528 36
1770 140 2.4 -23604 -244
1792 140 2.4 -23220 -210
1816 140 2.4 -22964 -350
1839 140 2.4 -24084 916
1863 140 2.4 -23780 -458
1887 140 2.4 -24032 1704
1911 140 2.4 -23748 858
1936 140 2.4 -22812 352
1961 140 2.4 -23504 -676
1986 140 2.4 -23532 -1666
2012 140 2.4 -24056 -1436
2037 140 2.4 -23640 -1178
2064 140 2.4 -23476 -1200
2090 140 2.4 -23704 -752
2117 140 2.4 -24120 160
2145 140 2.4 -24020 1260
2172 140 2.4 -23748 716
2200 140 2.4 -23364 442
2229 140 2.4 -24100 1240
2257 140 2.4 -24028 742
2286 140 2.4 -23216 794
2316 140 2.4 -23744 766
2346 140 2.4 -23252 1580
2376 140 2.4 -23248 740
2407 140 2.4 -22956 188
2438 140 2.4 -23356 -962
2469 140 2.4 -23060 -920
2501 140 2.4 -23240 -1060
2533 140 2.4 -23460 -66
2566 140 2.4 -23836 580
2599 140 2.4 -24092 132
2633 140 2.4 -23324 -1062
2667 140 2.4 -23524 -522
2701 140 2.4 -23736 182
2736 140 2.4 -23276 702
2771 140 2.4 -23284 226
2807 140 2.4 -23628 -818
2843 140 2.4 -23080 -394
2880 140 2.4 -23988 -116
2917 140 2.4 -24284 568
2954 140 2.4 -23240 -622
2992 140 2.4 -23508 -172
3031 140 2.4 -23660 -454
3070 140 2.4 -24072 -1468
3110 140 2.4 -23516 -788
3150 140 2.4 -23224 -1264
3190 140 2.4 -23064 -1826
3232 140 2.4 -24036 -1170
3273 140 2.4 -23272 540
3315 140 2.4 -23436 192
3358 140 2.4 -23632 954
3402 140 2.4 -23668 528
3445 140 2.4 -23356 774
3490 140 2.4 -23820 1000
3535 140 2.4 -23300 330
3580 140 2.4 -23804 -488
3627 140 2.4 -23524 -926
3673 140 2.4 -23872 -904
3721 140 2.4 -23252 -1144
3769 140 2.4 -23876 -2360
3817 140 2.4 -24184 -3156
3867 140 2.4 -23756 -3358
3916 140 2.4 -23628 -2616
3967 140 2.4 -23496 -1890
4018 140 2.4 -23208 -2124
4070 140 2.4 -23636 -2542
4122 140 2.4 -24076 -2610
4176 140 2.4 -23964 -1994
4229 140 2.4 -23432 -56
4284 140 2.4 -23040 222
4339 140 2.4 -23156 218
4395 140 2.4 -23396 -436
4452 140 2.4 -22908 654
4509 140 2.4 -23528 -1214
4567 140 2.4 -22544 52
4626 140 2.4 -22824 -1498
4686 140 2.4 -23748 -2380
4746 140 2.4 -23852 -502
4808 140 2.4 -23324 848
4870 140 2.4 -23460 316
4932 140 2.4 -23116 -792
4996 140 2.4 -23668 -866
5060 140 2.4 -23884 -1118
5126 140 2.4 -23392 -1078
5192 140 2.4 -23848 -728
5259 140 2.4 -23896 322
5327 140 2.4 -23424 1098
5395 140 2.4 -23392 -442
5465 140 2.4 -23628 -868
5535 140 2.4 -23868 -1138
5607 140 2.4 -23188 -304
5679 140 2.4 -23700 1796
5752 140 2.4 -23804 1092
5826 140 2.4 -23544 164
5902 140 2.4 -24156 1614
5978 140 2.4 -23796 1050
6055 140 2.4 -24048 1534
6133 140 2.4 -23396 748
6212 140 2.4 -23768 -344
6292 140 2.4 -24100 -684
6373 140 2.4 -23496 -294
6455 140 2.4 -23880 -1818
6539 140 2.4 -23576 -2714
6623 140 2.4 -23784 -2092
6708 140 2.4 -23520 -1920
6795 140 2.4 -23500 -2278
6883 140 2.4 -23564 -3230
6971 140 2.4 -23336 -2340
7061 140 2.4 -23932 -210
7152 140 2.4 -23720 -2594
7245 140 2.4 -23832 -1684
7338 140 2.4 -23376 -1820
7433 140 2.4 -24144 -1354
7529 140 2.4 -23540 -1854
7626 140 2.4 -24160 -1378
7724 140 2.4 -23204 -1288
7824 140 2.4 -24096 -1148
7925 140 2.4 -23332 0
8027 140 2.4 -23608 -1044
8130 140 2.4 -23884 1030
8235 140 2.4 -23300 668
8341 140 2.4 -24304 1266
8449 140 2.4 -23792 2178
8558 140 2.4 -23804 2650
8668 140 2.4 -23656 3696
8780 140 2.4 -22964 66
8893 140 2.4 -23260 -774
9008 140 2.4 -23100 -952
9124 140 2.4 -23052 -214
9242 140 2.4 -23184 -572
9361 140 2.4 -22840 332
9482 140 2.4 -23244 1602
9604 140 2.4 -23544 2812
9728 140 2.4 -23304 1784
9853 140 2.4 -23772 674
9980 140 2.4 -23400 -1266
10109 140 2.4 -23152 926
10240 140 2.4 -23124 -508
10372 140 2.4 -23800 170
10505 140 2.4 -24060 -792
10641 140 2.4 -23244 1576
10778 140 2.4 -23764 1630
10917 140 2.4 -23456 1814
11058 140 2.4 -23796 -488
11201 140 2.4 -23592 -1954
11345 140 2.4 -23552 -2670
11491 140 2.4 -23508 828
11640 140 2.4 -24004 2128
11790 140 2.4 -23332 -860
11942 140 2.4 -23284 -2164
12096 140 2.4 -24824 -3450
12252 140 2.4 -23392 -838
12410 140 2.4 -23952 708
12570 140 2.4 -23168 1598
12732 140 2.4 -23748 1588
12896 140 2.4 -23456 1786
13062 140 2.4 -22980 544
13231 140 2.4 -23304 -1388
13402 140 2.4 -23856 -208
13574 140 2.4 -23824 -482
13750 140 2.4 -23208 -1046
13927 140 2.4 -23172 1142
14106 140 2.4 -23536 10
14288 140 2.4 -23284 1934
14473 140 2.4 -23692 -1488
14659 140 2.4 -23372 -1668
14848 140 2.4 -23524 -2898
15040 140 2.4 -23292 -1980
15234 140 2.4 -23660 274
15430 140 2.4 -22828 -708
15629 140 2.4 -23392 -20
15831 140 2.4 -23748 -1278
16035 140 2.4 -23800 -964
16242 140 2.4 -23548 -120
16451 140 2.4 -23532 1266
16664 140 2.4 -23228 -1932
16879 140 2.4 -23284 -280
17096 140 2.4 -23152 1066
17317 140 2.4 -23928 -226
17540 140 2.4 -23844 1824
17766 140 2.4 -22952 2564
17995 140 2.4 -23480 914
18228 140 2.4 -23440 1766
18463 140 2.4 -24072 -608
18701 140 2.4 -23616 -1096
18942 140 2.4 -23048 -1322
19186 140 2.4 -23284 1890
19434 140 2.4 -23448 1516
19684 140 2.4 -24096 1906
19938 140 2.4 -23392 1856
20195 140 2.4 -23684 474
20456 140 2.4 -23472 -830
20720 140 2.4 -23332 -464
20987 140 2.4 -23980 1618
21258 140 2.4 -23828 2184
21532 140 2.4 -23412 -16
21810 140 2.4 -23568 206
22091 140 2.4 -23048 554
22376 140 2.4 -23544 -38
22664 140 2.4 -23308 -1262
22957 140 2.4 -24580 820
23253 140 2.4 -23152 900
23553 140 2.4 -22940 -92
23856 140 2.4 -23504 382
24164 140 2.4 -23600 -864
24476 140 2.4 -22984 436
24791 140 2.4 -23920 -888
25111 140 2.4 -23964 -1098
25435 140 2.4 -23692 -1596
25763 140 2.4 -23980 1312
26095 140 2.4 -23304 -1924
26432 140 2.4 -23800 -2368
26773 140 2.4 -23412 126
27118 140 2.4 -23756 -864
27468 140 2.4 -23044 -392
27822 140 2.4 -23380 1236
28181 140 2.4 -23000 -3286
28545 140 2.4 -23712 -3936
28913 140 2.4 -24088 -4752
29286 140 2.4 -23820 -620
29663 140 2.4 -23508 2122
30046 140 2.4 -23408 -1026
30434 140 2.4 -23940 848
30826 140 2.4 -23176 2626
31224 140 2.4 -23932 3228
31626 140 2.4 -23748 100
32034 140 2.4 -23268 -2794
32447 140 2.4 -23924 -2496
32866 140 2.4 -23624 -322
33290 140 2.4 -23792 734
33719 140 2.4 -23424 1094
34154 140 2.4 -23620 -602
34595 140 2.4 -23204 -1030
35041 140 2.4 -22872 1882
35493 140 2.4 -23448 1506
35951 140 2.4 -23832 -968
36414 140 2.4 -23812 328
36884 140 2.4 -23328 216
37360 140 2.4 -23848 -622
37841 140 2.4 -23100 -1900
38330 140 2.4 -23740 -716
38824 140 2.4 -23392 406
39325 140 2.4 -24372 908
39832 140 2.4 -23928 72
40346 140 2.4 -23068 -504
40866 140 2.4 -24132 278
41393 140 2.4 -23364 -588
41927 140 2.4 -23000 626
42468 140 2.4 -23744 -298
43015 140 2.4 -23860 1876
43570 140 2.4 -23768 -2944
44132 140 2.4 -23188 450
44701 140 2.4 -23248 1362
45278 140 2.4 -23648 350
45862 140 2.4 -23164 2708
46453 140 2.4 -23372 -2976
47053 140 2.4 -23900 -1682
47660 140 2.4 -23488 3692
48274 140 2.4 -22828 1010
48897 140 2.4 -23736 -3582
49528 140 2.4 -23792 956
50166 140 2.4 -23268 -922
50813 140 2.4 -23648 2126
51469 140 2.4 -23228 1090
52133 140 2.4 -23540 2582
52805 140 2.4 -23556 -162
53486 140 2.4 -23776 694
54176 140 2.4 -23176 -628
54875 140 2.4 -23248 -600
55582 140 2.4 -23976 -458
56299 140 2.4 -24000 -792
57025 140 2.4 -23288 -1580
57761 140 2.4 -22636 426
58506 140 2.4 -23532 -3586
59261 140 2.4 -23760 -80
60025 140 2.4 -23560 -382
60799 140 2.4 -23256 908
61583 140 2.4 -23208 -1822
62378 140 2.4 -22920 142
63182 140 2.4 -23780 706
63997 140 2.4 -23304 1136
64822 140 2.4 -23144 464
65658 140 2.4 -23908 3320
66505 140 2.4 -23876 -2162
67363 140 2.4 -23864 1732
68232 140 2.4 -23280 2450
69112 140 2.4 -23348 314
70003 140 2.4 -22868 -642
70906 140 2.4 -23932 -1376
71821 140 2.4 -23848 280
72747 140 2.4 -23560 2212
73685 140 2.4 -23556 2244
74636 140 2.4 -23824 1894
75599 140 2.4 -23440 770
76574 140 2.4 -23848 2364
77561 140 2.4 -22732 -1708
78562 140 2.4 -23080 898
79575 140 2.4 -23544 -2304
80601 140 2.4 -23652 1590
81641 140 2.4 -24340 1252
82694 140 2.4 -23632 1406
83760 140 2.4 -23104 -1022
84841 140 2.4 -23700 612
85935 140 2.4 -23256 246
87043 140 2.4 -23836 424
88166 140 2.4 -23028 -278
89303 140 2.4 -24164 -718
90455 140 2.4 -23860 2650
91622 140 2.4 -23832 1114
92803 140 2.4 -23456 1510
94000 140 2.4 -23088 2484
95213 140 2.4 -23052 1692
96441 140 2.4 -23096 566
97685 140 2.4 -23480 1328
98945 140 2.4 -23896 800
100221 140 2.4 -23748 1630
101513 140 2.4 -23460 -464
102823 140 2.4 -23448 -3486
104149 140 2.4 -23232 -3872
105492 140 2.4 -23216 -916
106853 140 2.4 -23660 3460
108231 140 2.4 -23436 1348
109627 140 2.4 -23284 -338
111041 140 2.4 -23512 1916
112473 140 2.4 -23680 -612
113924 140 2.4 -23084 -1444
115393 140 2.4 -23472 -286
116882 140 2.4 -23776 -428
118389 140 2.4 -23460 -1984
119916 140 2.4 -23048 594
121463 140 2.4 -23572 3804
123029 140 2.4 -23092 -16
124616 140 2.4 -23748 -3102
126224 140 2.4 -23984 -3576
127852 140 2.4 -23332 -1504
129501 140 2.4 -23828 922
131171 140 2.4 -22868 88
132863 140 2.4 -23808 -646
134576 140 2.4 -23608 44
136312 140 2.4 -23004 -132
138070 140 2.4 -23540 2716
139851 140 2.4 -23676 -708
141655 140 2.4 -23752 -32
143482 140 2.4 -23708 3306
145333 140 2.4 -23800 -2086
147207 140 2.4 -23020 3802
149106 140 2.4 -23592 692
151029 140 2.4 -23876 2788
152977 140 2.4 -23320 -1862
154950 140 2.4 -23624 2152
156948 140 2.4 -23568 -3204
158973 140 2.4 -23580 -226
161023 140 2.4 -23540 -424
163100 140 2.4 -23528 -1938
165204 140 2.4 -23856 1792
167334 140 2.4 -22956 -1690
169493 140 2.4 -23580 -1534
171679 140 2.4 -23644 1226
173893 140 2.4 -23568 1056
176136 140 2.4 -23392 -2128
178408 140 2.4 -23300 -302
180709 140 2.4 -23708 702
183040 140 2.4 -24308 -2790
185400 140 2.4 -23824 -1798
187792 140 2.4 -23460 -1758
190214 140 2.4 -23320 436
192667 140 2.4 -23500 -3334
195152 140 2.4 -23756 -862
197669 140 2.4 -24140 -5336
200219 140 2.4 -23676 3854
202801 140 2.4 -23660 -894
205417 140 2.4 -24388 -564
208066 140 2.4 -23904 -2686
210750 140 2.4 -23700 -62
213468 140 2.4 -23496 1188
216222 140 2.4 -22900 362
219010 140 2.4 -23592 286
221835 140 2.4 -23156 2324
224696 140 2.4 -23576 814
227595 140 2.4 -23688 -1578
230530 140 2.4 -23740 -702
233503 140 2.4 -23756 96
236515 140 2.4 -23352 -2806
239566 140 2.4 -23180 434
242656 140 2.4 -23800 -1510
245785 140 2.4 -23936 -1848
248956 140 2.4 -22912 -1178
252167 140 2.4 -23992 3824
255419 140 2.4 -22944 -2214
258713 140 2.4 -23260 1456
262050 140 2.4 -23696 522
265430 140 2.4 -23560 -624
268854 140 2.4 -24012 -1382
272321 140 2.4 -23680 642
275834 140 2.4 -23632 -464
279391 140 2.4 -23328 2748
282995 140 2.4 -22948 864
286645 140 2.4 -23972 1218
290342 140 2.4 -24128 2202
294087 140 2.4 -23808 1424
297880 140 2.4 -23788 388
301722 140 2.4 -23796 -684
305614 140 2.4 -24200 -974
309556 140 2.4 -23404 -2772
313548 140 2.4 -23772 118
317592 140 2.4 -23676 -114
321689 140 2.4 -24052 -3562
325838 140 2.4 -24096 326
330040 140 2.4 -23960 -592
334297 140 2.4 -23896 126
338609 140 2.4 -24120 -2942
342976 140 2.4 -23284 -1062
347400 140 2.4 -23208 1376
351881 140 2.4 -23336 494
356419 140 2.4 -23272 2278
361016 140 2.4 -23352 930
365673 140 2.4 -23904 -4884
370389 140 2.4 -23540 -1972
375167 140 2.4 -23612 1010
380005 140 2.4 -23960 -4060
384907 140 2.4 -23584 3280
389871 140 2.4 -23528 -3434
394900 140 2.4 -24256 3896
399993 140 2.4 -23200 -1206
405152 140 2.4 -24088 -3352
410378 140 2.4 -23424 -1582
415671 140 2.4 -23552 1916
421032 140 2.4 -23872 -996
426463 140 2.4 -23672 784
431963 140 2.4 -23864 -708
437535 140 2.4 -22952 984
443178 140 2.4 -23104 -2014
448894 140 2.4 -24220 1130
454684 140 2.4 -23776 -3164
460548 140 2.4 -23180 -78
466489 140 2.4 -23572 968
472505 140 2.4 -23864 -1256
478600 140 2.4 -23408 3108
484773 140 2.4 -23724 -1110
491025 140 2.4 -22924 -2082
497358 140 2.4 -23972 -130
503773 140 2.4 -23568 1140
510271 140 2.4 -23528 110
516852 140 2.4 -24380 -4062
523519 140 2.4 -24076 -1048
530271 140 2.4 -24188 -2
537111 140 2.4 -23604 -500
544038 140 2.4 -23576 900
551055 140 2.4 -23804 202
558163 140 2.4 -23896 2362
565362 140 2.4 -23552 2214
572654 140 2.4 -23756 418
580040 140 2.4 -23604 -16
587521 140 2.4 -23672 2506
595099 140 2.4 -23208 -934
602775 140 2.4 -23268 64
610549 140 2.4 -23540 1204
618424 140 2.4 -24220 -1254
626400 140 2.4 -22608 950
634480 140 2.4 -23116 332
642663 140 2.4 -23996 -1060
650952 140 2.4 -24376 3626
659348 140 2.4 -22968 -628
667853 140 2.4 -23772 -742
676467 140 2.4 -23976 816
685192 140 2.4 -23244 48
694029 140 2.4 -23688 2370
702981 140 2.4 -23228 -528
712048 140 2.4 -23736 1458
721232 140 2.4 -23944 458
730534 140 2.4 -23460 1956
739957 140 2.4 -24248 3624
749500 140 2.4 -23336 760
759168 140 2.4 -23528 -588
768959 140 2.4 -22892 112
778877 140 2.4 -23748 -1084
788923 140 2.4 -23648 -2006
799099 140 2.4 -23768 1466
809405 140 2.4 -23624 -980
819845 140 2.4 -23288 -330
830419 140 2.4 -24312 -1950
841130 140 2.4 -23636 1322
851979 140 2.4 -23848 768
862968 140 2.4 -23356 212
874098 140 2.4 -23708 2370
885373 140 2.4 -23228 1978
896792 140 2.4 -22920 570
908359 140 2.4 -23536 1604
920075 140 2.4 -23632 1528
931942 140 2.4 -23880 1504
943962 140 2.4 -23384 -1650
956137 140 2.4 -23000 220
968470 140 2.4 -23908 -2302
980961 140 2.4 -23644 -2196
993613 140 2.4 -23360 1828
999999 140 2.4 -23388 88
