3 100 2 -18016 9394
4 100 2 -17792 9328
5 100 2 -17504 9192
6 100 2 -17348 9170
7 100 2 -17364 9156
8 100 2 -17288 9110
9 100 2 -17296 9100
10 100 2 -17436 9176
11 100 2 -17580 9180
12 100 2 -17632 9194
13 100 2 -17708 9252
14 100 2 -17688 9188
15 100 2 -17752 9236
16 100 2 -17724 9200
17 100 2 -17388 9046
18 100 2 -17436 9100
19 100 2 -17428 9054
20 100 2 -17460 9088
21 100 2 -17444 9104
22 100 2 -17344 9084
23 100 2 -17516 9110
24 100 2 -17204 9006
25 100 2 -17232 8964
26 100 2 -17252 8996
27 100 2 -17372 9026
28 100 2 -17172 8946
29 100 2 -17216 8958
30 100 2 -17352 9028
31 100 2 -17212 9006
32 100 2 -17324 9064
33 100 2 -17388 9080
34 100 2 -17460 9088
35 100 2 -17360 9066
36 100 2 -17416 9118
37 100 2 -17448 9120
38 100 2 -17452 9132
39 100 2 -17364 9038
40 100 2 -17544 9136
41 100 2 -17372 9056
42 100 2 -17204 9042
43 100 2 -17348 9106
44 100 2 -17476 9142
45 100 2 -17392 9118
46 100 2 -17496 9134
47 100 2 -17544 9164
48 100 2 -17516 9146
49 100 2 -17384 9048
50 100 2 -17384 9108
51 100 2 -17400 9118
52 100 2 -17348 9060
53 100 2 -17136 9018
54 100 2 -17260 9046
55 100 2 -17448 9096
56 100 2 -17276 9028
57 100 2 -17372 9026
58 100 2 -17396 9036
59 100 2 -17352 9072
60 100 2 -17368 9118
61 100 2 -17496 9176
62 100 2 -17660 9240
63 100 2 -17752 9274
64 100 2 -17548 9196
65 100 2 -17684 9202
66 100 2 -17408 9150
67 100 2 -17588 9226
68 100 2 -17508 9200
69 100 2 -17368 9130
70 100 2 -17500 9154
71 100 2 -17400 9144
72 100 2 -17360 9150
73 100 2 -17308 9114
74 100 2 -17784 9272
75 100 2 -17604 9214
76 100 2 -17724 9258
77 100 2 -17620 9234
78 100 2 -17684 9232
79 100 2 -17624 9192
80 100 2 -17572 9180
81 100 2 -17484 9156
82 100 2 -17436 9130
83 100 2 -17452 9120
84 100 2 -17508 9158
85 100 2 -17680 9230
86 100 2 -17580 9198
88 100 2 -17364 9128
89 100 2 -17464 9152
90 100 2 -17528 9184
91 100 2 -17560 9184
92 100 2 -17448 9166
93 100 2 -17752 9242
95 100 2 -17712 9240
96 100 2 -17508 9190
97 100 2 -17620 9224
98 100 2 -17648 9218
99 100 2 -17664 9206
101 100 2 -17292 9094
102 100 2 -17576 9154
103 100 2 -17460 9128
105 100 2 -17548 9168
106 100 2 -17376 9108
107 100 2 -17552 9186
109 100 2 -17524 9122
110 100 2 -17432 9060
112 100 2 -17376 9066
113 100 2 -17532 9072
114 100 2 -17536 9110
116 100 2 -17380 9082
117 100 2 -17300 9084
119 100 2 -17596 9184
120 100 2 -17548 9156
122 100 2 -17548 9172
124 100 2 -17376 9136
125 100 2 -17552 9162
127 100 2 -17580 9180
128 100 2 -17644 9224
130 100 2 -17652 9210
132 100 2 -17844 9270
133 100 2 -17728 9226
135 100 2 -17600 9178
137 100 2 -17624 9142
139 100 2 -17584 9132
140 100 2 -17832 9220
142 100 2 -17348 9068
144 100 2 -17428 9088
146 100 2 -17588 9144
148 100 2 -17640 9150
150 100 2 -17680 9164
152 100 2 -17480 9092
154 100 2 -17312 9044
155 100 2 -17756 9198
157 100 2 -17488 9086
160 100 2 -17576 9140
162 100 2 -17484 9100
164 100 2 -17164 8972
166 100 2 -17332 9024
168 100 2 -17472 9094
170 100 2 -17416 9118
172 100 2 -17696 9198
174 100 2 -17440 9130
177 100 2 -17808 9250
179 100 2 -17512 9160
181 100 2 -17444 9142
184 100 2 -17416 9156
186 100 2 -17568 9186
188 100 2 -17600 9212
191 100 2 -17440 9144
193 100 2 -17524 9196
196 100 2 -17608 9174
198 100 2 -17852 9262
201 100 2 -17716 9278
203 100 2 -17780 9288
206 100 2 -17572 9198
209 100 2 -17428 9128
211 100 2 -17232 9076
214 100 2 -17520 9148
217 100 2 -17624 9176
220 100 2 -17336 9002
222 100 2 -17520 9116
225 100 2 -17576 9220
228 100 2 -17336 9086
231 100 2 -17492 9182
234 100 2 -17544 9122
237 100 2 -17528 9136
240 100 2 -17504 9116
243 100 2 -17644 9192
246 100 2 -17832 9286
250 100 2 -17480 9132
253 100 2 -17364 9044
256 100 2 -17492 9130
259 100 2 -17492 9160
263 100 2 -17572 9190
266 100 2 -17196 9056
269 100 2 -17404 9098
273 100 2 -17372 9128
276 100 2 -17288 9100
280 100 2 -17588 9138
284 100 2 -17076 8950
287 100 2 -17488 9076
291 100 2 -17564 9170
295 100 2 -17272 9046
298 100 2 -17332 8996
302 100 2 -17664 9150
306 100 2 -17352 9086
310 100 2 -17384 9106
314 100 2 -17376 9076
318 100 2 -17032 9004
322 100 2 -17524 9164
326 100 2 -17372 9160
331 100 2 -17580 9128
335 100 2 -17136 8964
339 100 2 -17340 9062
344 100 2 -17440 9078
348 100 2 -17320 9056
352 100 2 -17708 9230
357 100 2 -17540 9158
362 100 2 -17644 9224
366 100 2 -17832 9292
371 100 2 -17608 9228
376 100 2 -17300 9096
381 100 2 -17264 8992
385 100 2 -17140 8962
390 100 2 -17480 9124
395 100 2 -17716 9168
401 100 2 -17656 9284
406 100 2 -17436 9170
411 100 2 -17412 9118
416 100 2 -17428 9146
422 100 2 -17376 9082
427 100 2 -17500 9118
433 100 2 -17548 9184
438 100 2 -17584 9194
444 100 2 -17388 9124
449 100 2 -17440 9152
455 100 2 -17352 9030
461 100 2 -17384 9122
467 100 2 -17408 9160
473 100 2 -17332 9062
479 100 2 -17332 9096
485 100 2 -17532 9152
492 100 2 -17436 9114
498 100 2 -17444 9108
504 100 2 -17372 9124
511 100 2 -17652 9242
517 100 2 -17668 9236
524 100 2 -17216 9034
531 100 2 -17580 9200
538 100 2 -17516 9146
545 100 2 -17452 9194
552 100 2 -17752 9262
559 100 2 -17444 9154
566 100 2 -17536 9150
573 100 2 -17312 9040
581 100 2 -17272 8974
588 100 2 -17468 9104
596 100 2 -17432 9104
603 100 2 -17420 9090
611 100 2 -17668 9196
619 100 2 -17660 9248
627 100 2 -17664 9198
635 100 2 -17688 9242
643 100 2 -17480 9186
652 100 2 -17648 9208
660 100 2 -17412 9108
668 100 2 -17196 9054
677 100 2 -17592 9142
686 100 2 -17700 9166
695 100 2 -17592 9198
704 100 2 -17580 9102
713 100 2 -17288 9006
722 100 2 -17504 9116
731 100 2 -17508 9062
741 100 2 -17312 9110
750 100 2 -17464 9102
760 100 2 -17452 9168
770 100 2 -17568 9192
780 100 2 -17272 9078
790 100 2 -17504 9094
800 100 2 -17064 8946
810 100 2 -17116 8924
821 100 2 -17308 8988
831 100 2 -17328 9014
842 100 2 -17444 9058
853 100 2 -17296 8982
864 100 2 -17644 9178
875 100 2 -17400 9064
886 100 2 -17336 9026
897 100 2 -17184 8924
909 100 2 -17456 9068
921 100 2 -17648 9226
933 100 2 -17400 9154
945 100 2 -17584 9192
957 100 2 -17756 9212
969 100 2 -17148 8976
982 100 2 -17636 9222
994 100 2 -17172 9000
1007 100 2 -17172 8938
1020 100 2 -17564 9120
1033 100 2 -17308 9052
1047 100 2 -17416 9032
1060 100 2 -17320 9018
1074 100 2 -17756 9244
1088 100 2 -17588 9186
1102 100 2 -17604 9212
1116 100 2 -17528 9178
1130 100 2 -17572 9166
1145 100 2 -17692 9220
1160 100 2 -17348 9078
1174 100 2 -17648 9148
1190 100 2 -17504 9146
1205 100 2 -17056 8932
1220 100 2 -17552 9170
1236 100 2 -17520 9146
1252 100 2 -17264 9020
1268 100 2 -17536 9146
1285 100 2 -17440 9120
1301 100 2 -17576 9164
1318 100 2 -17732 9278
1335 100 2 -17660 9228
1352 100 2 -17420 9090
1370 100 2 -17356 9116
1387 100 2 -17560 9110
1405 100 2 -17320 9036
1423 100 2 -17312 9012
1442 100 2 -17128 9014
1460 100 2 -17748 9300
1479 100 2 -17512 9188
1498 100 2 -17088 8950
1517 100 2 -17592 9200
1537 100 2 -17892 9296
1557 100 2 -17528 9160
1577 100 2 -17372 9048
1597 100 2 -17688 9218
1618 100 2 -17392 9050
1639 100 2 -17460 9166
1660 100 2 -17332 9042
1681 100 2 -17636 9160
1703 100 2 -17672 9164
1725 100 2 -17672 9238
1747 100 2 -17380 9086
1770 100 2 -17408 9194
1792 100 2 -17580 9220
1816 100 2 -17464 9084
1839 100 2 -17260 9080
1863 100 2 -17716 9240
1887 100 2 -17516 9134
1911 100 2 -17452 9154
1936 100 2 -17552 9180
1961 100 2 -17352 9078
1986 100 2 -17496 9152
2012 100 2 -17544 9186
2037 100 2 -17536 9172
2064 100 2 -17500 9136
2090 100 2 -17308 9090
2117 100 2 -17800 9222
2145 100 2 -17656 9268
2172 100 2 -17900 9366
2200 100 2 -17432 9096
2229 100 2 -17332 9042
2257 100 2 -17500 9140
2286 100 2 -17536 9132
2316 100 2 -17128 8956
2346 100 2 -17364 9048
2376 100 2 -17076 8970
2407 100 2 -17668 9240
2438 100 2 -17516 9142
2469 100 2 -17660 9210
2501 100 2 -17592 9156
2533 100 2 -17036 8954
2566 100 2 -17344 9040
2599 100 2 -17348 9074
2633 100 2 -17480 9022
2667 100 2 -17472 9102
2701 100 2 -17236 8972
2736 100 2 -17456 9056
2771 100 2 -17676 9226
2807 100 2 -17376 9086
2843 100 2 -17232 9068
2880 100 2 -17356 9078
2917 100 2 -17484 9130
2954 100 2 -17348 9102
2992 100 2 -17384 9112
3031 100 2 -17580 9166
3070 100 2 -17360 9080
3110 100 2 -17308 9100
3150 100 2 -17576 9156
3190 100 2 -17364 8964
3232 100 2 -17692 9256
3273 100 2 -17792 9264
3315 100 2 -17760 9270
3358 100 2 -17332 9130
3402 100 2 -17388 9050
3445 100 2 -17144 8998
3490 100 2 -17396 9130
3535 100 2 -17392 9110
3580 100 2 -17416 8994
3627 100 2 -17288 8998
3673 100 2 -17500 9174
3721 100 2 -17464 9074
3769 100 2 -17240 8936
3817 100 2 -17408 9014
3867 100 2 -17500 9140
3916 100 2 -17632 9180
3967 100 2 -17448 9150
4018 100 2 -17380 9122
4070 100 2 -17436 9132
4122 100 2 -17560 9198
4176 100 2 -17664 9192
4229 100 2 -17468 9084
4284 100 2 -17812 9220
4339 100 2 -17592 9190
4395 100 2 -17244 8972
4452 100 2 -17716 9164
4509 100 2 -17384 9054
4567 100 2 -17848 9292
4626 100 2 -17460 9134
4686 100 2 -17404 9090
4746 100 2 -17516 9098
4808 100 2 -17420 9074
4870 100 2 -17360 9050
4932 100 2 -17312 9070
4996 100 2 -17220 9020
5060 100 2 -17508 9158
5126 100 2 -17444 9110
5192 100 2 -17380 9010
5259 100 2 -17604 9220
5327 100 2 -17664 9246
5395 100 2 -17472 9092
5465 100 2 -17652 9234
5535 100 2 -17552 9168
5607 100 2 -17160 8932
5679 100 2 -17332 8996
5752 100 2 -17160 9022
5826 100 2 -17148 9000
5902 100 2 -17412 9154
5978 100 2 -17512 9086
6055 100 2 -17468 9118
6133 100 2 -17404 9126
6212 100 2 -17828 9292
6292 100 2 -17504 9148
6373 100 2 -17496 9166
6455 100 2 -17668 9248
6539 100 2 -17560 9176
6623 100 2 -17436 9136
6708 100 2 -17580 9184
6795 100 2 -17420 9136
6883 100 2 -17256 9124
6971 100 2 -17280 9038
7061 100 2 -17288 9110
7152 100 2 -17348 9150
7245 100 2 -17768 9258
7338 100 2 -17520 9136
7433 100 2 -17368 9058
7529 100 2 -17324 9136
7626 100 2 -17216 8990
7724 100 2 -17456 9148
7824 100 2 -17716 9186
7925 100 2 -17748 9198
8027 100 2 -17552 9170
8130 100 2 -17684 9156
8235 100 2 -17332 9056
8341 100 2 -17472 9128
8449 100 2 -17260 8986
8558 100 2 -17472 9158
8668 100 2 -17556 9122
8780 100 2 -17544 9170
8893 100 2 -17512 9134
9008 100 2 -17508 9150
9124 100 2 -17484 9118
9242 100 2 -17424 9146
9361 100 2 -17500 9114
9482 100 2 -17616 9196
9604 100 2 -17328 9036
9728 100 2 -17144 8958
9853 100 2 -17600 9194
9980 100 2 -17432 9068
10109 100 2 -17684 9248
10240 100 2 -17580 9196
10372 100 2 -17608 9200
10505 100 2 -17476 9120
10641 100 2 -17428 9104
10778 100 2 -17596 9218
10917 100 2 -17756 9296
11058 100 2 -17492 9162
11201 100 2 -17392 9108
11345 100 2 -17288 9000
11491 100 2 -17236 9062
11640 100 2 -17708 9136
11790 100 2 -17448 9122
11942 100 2 -17568 9104
12096 100 2 -17400 9092
12252 100 2 -17200 9000
12410 100 2 -17796 9278
12570 100 2 -17352 9082
12732 100 2 -17600 9132
12896 100 2 -17396 9092
13062 100 2 -17532 9164
13231 100 2 -17540 9154
13402 100 2 -17320 9094
13574 100 2 -16804 8710
13750 100 2 -17496 9136
13927 100 2 -17320 9034
14106 100 2 -17364 9060
14288 100 2 -17392 9100
14473 100 2 -17380 9054
14659 100 2 -17384 9108
14848 100 2 -17388 9054
15040 100 2 -17732 9244
15234 100 2 -17368 9088
15430 100 2 -17496 9180
15629 100 2 -17296 8966
15831 100 2 -17504 9184
16035 100 2 -17508 9148
16242 100 2 -17520 9190
16451 100 2 -17752 9280
16664 100 2 -17300 8996
16879 100 2 -17412 9100
17096 100 2 -17272 9038
17317 100 2 -17400 9098
17540 100 2 -17784 9274
17766 100 2 -17636 9206
17995 100 2 -17584 9170
18228 100 2 -17536 9146
18463 100 2 -17368 9042
18701 100 2 -17588 9172
18942 100 2 -17436 9148
19186 100 2 -17512 9082
19434 100 2 -17516 9142
19684 100 2 -17252 9000
19938 100 2 -17660 9232
20195 100 2 -17748 9258
20456 100 2 -17180 8894
20720 100 2 -17264 9072
20987 100 2 -17368 9096
21258 100 2 -17420 9174
21532 100 2 -17616 9170
21810 100 2 -17668 9236
22091 100 2 -17492 9136
22376 100 2 -17488 9184
22664 100 2 -17252 9064
22957 100 2 -17552 9212
23253 100 2 -17412 9076
23553 100 2 -17340 9066
23856 100 2 -17408 9066
24164 100 2 -17624 9206
24476 100 2 -17416 9020
24791 100 2 -17524 9174
25111 100 2 -17492 9154
25435 100 2 -17424 9184
25763 100 2 -17612 9230
26095 100 2 -17560 9152
26432 100 2 -17520 9030
26773 100 2 -17392 9098
27118 100 2 -17496 9132
27468 100 2 -17296 9052
27822 100 2 -17644 9182
28181 100 2 -17184 9000
28545 100 2 -17744 9222
28913 100 2 -17500 9056
29286 100 2 -17356 9116
29663 100 2 -17348 9068
30046 100 2 -17336 9086
30434 100 2 -17560 9148
30826 100 2 -17304 9030
31224 100 2 -17504 9122
31626 100 2 -17656 9168
32034 100 2 -17456 9070
32447 100 2 -17604 9142
32866 100 2 -17356 8974
33290 100 2 -17572 9106
33719 100 2 -17088 8972
34154 100 2 -17588 9190
34595 100 2 -17444 9092
35041 100 2 -17728 9226
35493 100 2 -17612 9192
35951 100 2 -17560 9146
36414 100 2 -17496 9120
36884 100 2 -17552 9110
37360 100 2 -17444 9056
37841 100 2 -17412 9116
38330 100 2 -17700 9226
38824 100 2 -17388 9122
39325 100 2 -17020 8970
39832 100 2 -17224 9054
40346 100 2 -17404 9110
40866 100 2 -17496 9142
41393 100 2 -17496 9118
41927 100 2 -17348 9060
42468 100 2 -17480 9100
43015 100 2 -17584 9090
43570 100 2 -17568 9174
44132 100 2 -17436 9072
44701 100 2 -17580 9098
45278 100 2 -17164 8898
45862 100 2 -17548 9146
46453 100 2 -17744 9202
47053 100 2 -17368 9068
47660 100 2 -17464 9106
48274 100 2 -17624 9222
48897 100 2 -17416 9070
49528 100 2 -17260 8880
50166 100 2 -17532 9152
50813 100 2 -17464 9122
51469 100 2 -17256 8948
52133 100 2 -17600 9188
52805 100 2 -17788 9228
53486 100 2 -17524 9108
54176 100 2 -17684 9222
54875 100 2 -17116 8984
55582 100 2 -17580 9202
56299 100 2 -17332 9080
57025 100 2 -17452 9062
57761 100 2 -17588 9182
58506 100 2 -17724 9284
59261 100 2 -17624 9138
60025 100 2 -17412 9086
60799 100 2 -17820 9242
61583 100 2 -17112 8930
62378 100 2 -17552 9166
63182 100 2 -17312 9048
63997 100 2 -17388 9152
64822 100 2 -17268 9054
65658 100 2 -17308 9074
66505 100 2 -17384 9060
67363 100 2 -17168 8972
68232 100 2 -17564 9174
69112 100 2 -17624 9204
70003 100 2 -17352 9056
70906 100 2 -17600 9184
71821 100 2 -17332 9048
72747 100 2 -17432 9180
73685 100 2 -17888 9266
74636 100 2 -17548 9176
75599 100 2 -17552 9208
76574 100 2 -17536 9120
77561 100 2 -17364 9018
78562 100 2 -17292 9008
79575 100 2 -17636 9202
80601 100 2 -17372 9018
81641 100 2 -17324 9066
82694 100 2 -17424 9132
83760 100 2 -17348 9080
84841 100 2 -17548 9184
85935 100 2 -17844 9298
87043 100 2 -16968 8914
88166 100 2 -17472 9044
89303 100 2 -17240 9010
90455 100 2 -17304 9006
91622 100 2 -17500 9158
92803 100 2 -17532 9208
94000 100 2 -17440 9140
95213 100 2 -17480 9142
96441 100 2 -17528 9024
97685 100 2 -17740 9236
98945 100 2 -17420 9120
100221 100 2 -17220 8962
101513 100 2 -17464 9110
102823 100 2 -17440 9108
104149 100 2 -17296 8962
105492 100 2 -17416 9182
106853 100 2 -17456 9068
108231 100 2 -17752 9228
109627 100 2 -17360 9028
111041 100 2 -17312 9022
112473 100 2 -17520 9134
113924 100 2 -17608 9242
115393 100 2 -17580 9208
116882 100 2 -17348 9112
118389 100 2 -17684 9234
119916 100 2 -17492 9102
121463 100 2 -17500 9118
123029 100 2 -17296 9030
124616 100 2 -17676 9144
126224 100 2 -17632 9196
127852 100 2 -17372 9020
129501 100 2 -17372 8986
131171 100 2 -17420 9088
132863 100 2 -17148 8914
134576 100 2 -17400 9124
136312 100 2 -17172 8982
138070 100 2 -17744 9260
139851 100 2 -17392 9122
141655 100 2 -17600 9156
143482 100 2 -17332 9044
145333 100 2 -17692 9214
147207 100 2 -17356 9028
149106 100 2 -17120 8958
151029 100 2 -17304 9072
152977 100 2 -17508 9054
154950 100 2 -17500 9170
156948 100 2 -17656 9194
158973 100 2 -17212 8972
161023 100 2 -17604 9172
163100 100 2 -17664 9088
165204 100 2 -17720 9210
167334 100 2 -17632 9212
169493 100 2 -17324 9054
171679 100 2 -17348 9134
173893 100 2 -17284 9014
176136 100 2 -17144 9018
178408 100 2 -17852 9256
180709 100 2 -17452 9082
183040 100 2 -17556 9186
185400 100 2 -17720 9288
187792 100 2 -17412 9108
190214 100 2 -17308 9004
192667 100 2 -17440 9146
195152 100 2 -17636 9218
197669 100 2 -17376 9040
200219 100 2 -17692 9276
202801 100 2 -17396 9050
205417 100 2 -17380 9134
208066 100 2 -17548 9178
210750 100 2 -17360 9150
213468 100 2 -17292 9032
216222 100 2 -17356 9094
219010 100 2 -17448 9134
221835 100 2 -17084 8934
224696 100 2 -17388 8876
227595 100 2 -17296 9090
230530 100 2 -17576 9210
233503 100 2 -17416 9020
236515 100 2 -17336 9102
239566 100 2 -17344 9050
242656 100 2 -17392 9114
245785 100 2 -17564 9126
248956 100 2 -17536 9150
252167 100 2 -17580 9144
255419 100 2 -17416 9108
258713 100 2 -17608 9154
262050 100 2 -17108 8916
265430 100 2 -17468 9114
268854 100 2 -17392 9090
272321 100 2 -17740 9244
275834 100 2 -17128 8988
279391 100 2 -17528 9218
282995 100 2 -17356 8996
286645 100 2 -17248 9020
290342 100 2 -17436 9132
294087 100 2 -17512 9178
297880 100 2 -17364 9076
301722 100 2 -17508 9200
305614 100 2 -17080 8868
309556 100 2 -17376 9090
313548 100 2 -17640 9162
317592 100 2 -17400 9080
321689 100 2 -17632 9260
325838 100 2 -17228 8932
330040 100 2 -17560 9210
334297 100 2 -17428 9128
338609 100 2 -17356 9044
342976 100 2 -17540 9136
347400 100 2 -17308 9026
351881 100 2 -17344 9030
356419 100 2 -17268 9032
361016 100 2 -17648 9176
365673 100 2 -17308 9118
370389 100 2 -17216 9014
375167 100 2 -17708 9210
380005 100 2 -17256 8952
384907 100 2 -17452 9082
389871 100 2 -17500 9122
394900 100 2 -17544 9178
399993 100 2 -17488 9176
405152 100 2 -17252 9026
410378 100 2 -17788 9288
415671 100 2 -17456 9138
421032 100 2 -17836 9292
426463 100 2 -16908 8916
431963 100 2 -17280 9044
437535 100 2 -17544 9102
443178 100 2 -17252 9008
448894 100 2 -17368 9074
454684 100 2 -17424 9074
460548 100 2 -17196 8984
466489 100 2 -17432 9122
472505 100 2 -17644 9164
478600 100 2 -17748 9210
484773 100 2 -17556 9212
491025 100 2 -17412 9100
497358 100 2 -17444 9072
503773 100 2 -17348 9086
510271 100 2 -17528 9066
516852 100 2 -17104 8960
523519 100 2 -17732 9268
530271 100 2 -17512 9134
537111 100 2 -17264 9006
544038 100 2 -17600 9162
551055 100 2 -17708 9212
558163 100 2 -17680 9220
565362 100 2 -17460 9114
572654 100 2 -17868 9264
580040 100 2 -17568 9180
587521 100 2 -17700 9202
595099 100 2 -17216 8996
602775 100 2 -17440 9112
610549 100 2 -17204 8908
618424 100 2 -17316 9036
626400 100 2 -17672 9180
634480 100 2 -17288 9034
642663 100 2 -17268 9016
650952 100 2 -17724 9254
659348 100 2 -17036 8958
667853 100 2 -17288 9098
676467 100 2 -17472 9178
685192 100 2 -17224 9018
694029 100 2 -17736 9204
702981 100 2 -17436 9148
712048 100 2 -17612 9226
721232 100 2 -17452 9116
730534 100 2 -17384 9112
739957 100 2 -17724 9242
749500 100 2 -17368 9024
759168 100 2 -17276 9044
768959 100 2 -17296 8930
778877 100 2 -17348 9034
788923 100 2 -17180 9000
799099 100 2 -17252 8996
809405 100 2 -17400 9032
819845 100 2 -17428 9102
830419 100 2 -17576 9154
841130 100 2 -17336 9020
851979 100 2 -17332 9014
862968 100 2 -17336 9074
874098 100 2 -17596 9182
885373 100 2 -17196 8964
896792 100 2 -17560 9184
908359 100 2 -17376 9154
920075 100 2 -17708 9246
931942 100 2 -17428 9092
943962 100 2 -17644 9238
956137 100 2 -17668 9258
968470 100 2 -17488 9160
980961 100 2 -17476 9152
993613 100 2 -17364 9056
999999 100 2 -17452 9168
