3 100 2.1 -17676 9286
4 100 2.1 -17472 9190
5 100 2.1 -17308 9122
6 100 2.1 -17356 9148
7 100 2.1 -17176 9110
8 100 2.1 -16936 9050
9 100 2.1 -16972 9022
10 100 2.1 -17044 9018
11 100 2.1 -16852 8974
12 100 2.1 -17024 8968
13 100 2.1 -17016 8974
14 100 2.1 -16784 8894
15 100 2.1 -17104 8992
16 100 2.1 -17068 8980
17 100 2.1 -17112 9010
18 100 2.1 -17020 8962
19 100 2.1 -16912 8934
20 100 2.1 -16824 8888
21 100 2.1 -16696 8812
22 100 2.1 -16616 8792
23 100 2.1 -16696 8790
24 100 2.1 -16896 8862
25 100 2.1 -16876 8884
26 100 2.1 -16672 8776
27 100 2.1 -16784 8828
28 100 2.1 -16640 8738
29 100 2.1 -16616 8702
30 100 2.1 -16752 8780
31 100 2.1 -16468 8666
32 100 2.1 -16464 8680
33 100 2.1 -16572 8716
34 100 2.1 -16588 8760
35 100 2.1 -16528 8748
36 100 2.1 -16652 8712
37 100 2.1 -16608 8692
38 100 2.1 -16568 8734
39 100 2.1 -16644 8698
40 100 2.1 -16580 8686
41 100 2.1 -16772 8758
42 100 2.1 -16840 8804
43 100 2.1 -16688 8790
44 100 2.1 -16668 8788
45 100 2.1 -16704 8756
46 100 2.1 -16520 8738
47 100 2.1 -16404 8694
48 100 2.1 -16820 8784
49 100 2.1 -16856 8856
50 100 2.1 -16764 8816
51 100 2.1 -16856 8866
52 100 2.1 -16976 8932
53 100 2.1 -17040 8922
54 100 2.1 -16712 8832
55 100 2.1 -16836 8864
56 100 2.1 -16940 8902
57 100 2.1 -16848 8902
58 100 2.1 -16748 8882
59 100 2.1 -16820 8900
60 100 2.1 -16832 8878
61 100 2.1 -16688 8848
62 100 2.1 -16796 8854
63 100 2.1 -16848 8878
64 100 2.1 -16932 8902
65 100 2.1 -16844 8906
66 100 2.1 -16856 8946
67 100 2.1 -16780 8918
68 100 2.1 -16964 8944
69 100 2.1 -16892 8922
70 100 2.1 -16832 8900
71 100 2.1 -16896 8934
72 100 2.1 -16688 8866
73 100 2.1 -16760 8906
74 100 2.1 -16824 8892
75 100 2.1 -17108 8996
76 100 2.1 -16736 8832
77 100 2.1 -16920 8886
78 100 2.1 -16948 8900
79 100 2.1 -16940 8864
80 100 2.1 -16832 8856
81 100 2.1 -16896 8866
82 100 2.1 -16916 8848
83 100 2.1 -16996 8898
84 100 2.1 -16824 8864
85 100 2.1 -16636 8752
86 100 2.1 -16840 8812
88 100 2.1 -16816 8818
89 100 2.1 -16632 8700
90 100 2.1 -16764 8722
91 100 2.1 -16812 8696
92 100 2.1 -16620 8630
93 100 2.1 -16564 8648
95 100 2.1 -16536 8664
96 100 2.1 -16476 8576
97 100 2.1 -16404 8562
98 100 2.1 -16416 8604
99 100 2.1 -16500 8674
101 100 2.1 -17004 8870
102 100 2.1 -16732 8776
103 100 2.1 -16844 8808
105 100 2.1 -16576 8696
106 100 2.1 -16788 8764
107 100 2.1 -16816 8858
109 100 2.1 -16860 8878
110 100 2.1 -16636 8832
112 100 2.1 -16576 8768
113 100 2.1 -16772 8806
114 100 2.1 -16860 8828
116 100 2.1 -16740 8824
117 100 2.1 -16436 8684
119 100 2.1 -16348 8646
120 100 2.1 -16484 8690
122 100 2.1 -16420 8638
124 100 2.1 -16508 8558
125 100 2.1 -16304 8516
127 100 2.1 -16140 8444
128 100 2.1 -16272 8516
130 100 2.1 -16400 8574
132 100 2.1 -16420 8578
133 100 2.1 -16472 8576
135 100 2.1 -16260 8520
137 100 2.1 -16296 8532
139 100 2.1 -16560 8634
140 100 2.1 -16716 8618
142 100 2.1 -16416 8478
144 100 2.1 -16432 8566
146 100 2.1 -16660 8626
148 100 2.1 -16492 8624
150 100 2.1 -16464 8586
152 100 2.1 -16388 8514
154 100 2.1 -16628 8610
155 100 2.1 -16476 8574
157 100 2.1 -16548 8624
160 100 2.1 -16736 8710
162 100 2.1 -16724 8704
164 100 2.1 -16836 8726
166 100 2.1 -16572 8634
168 100 2.1 -16364 8502
170 100 2.1 -16340 8502
172 100 2.1 -16272 8484
174 100 2.1 -16584 8608
177 100 2.1 -16884 8738
179 100 2.1 -16784 8794
181 100 2.1 -16604 8684
184 100 2.1 -16892 8850
186 100 2.1 -16504 8708
188 100 2.1 -16796 8804
191 100 2.1 -16760 8824
193 100 2.1 -16632 8796
196 100 2.1 -16532 8738
198 100 2.1 -16800 8762
201 100 2.1 -16660 8686
203 100 2.1 -16712 8676
206 100 2.1 -16680 8716
209 100 2.1 -16660 8676
211 100 2.1 -16696 8622
214 100 2.1 -16684 8654
217 100 2.1 -16708 8696
220 100 2.1 -16768 8744
222 100 2.1 -16668 8738
225 100 2.1 -16604 8698
228 100 2.1 -16948 8816
231 100 2.1 -17056 8920
234 100 2.1 -16720 8728
237 100 2.1 -16608 8686
240 100 2.1 -16384 8634
243 100 2.1 -16596 8774
246 100 2.1 -16968 8914
250 100 2.1 -17036 8832
253 100 2.1 -16672 8798
256 100 2.1 -16772 8844
259 100 2.1 -16584 8812
263 100 2.1 -16768 8850
266 100 2.1 -16632 8796
269 100 2.1 -16672 8742
273 100 2.1 -16652 8716
276 100 2.1 -16584 8668
280 100 2.1 -16304 8556
284 100 2.1 -16732 8766
287 100 2.1 -16424 8470
291 100 2.1 -16416 8440
295 100 2.1 -16528 8558
298 100 2.1 -16812 8746
302 100 2.1 -16672 8726
306 100 2.1 -16644 8758
310 100 2.1 -16564 8710
314 100 2.1 -16880 8828
318 100 2.1 -16392 8592
322 100 2.1 -16604 8718
326 100 2.1 -16500 8564
331 100 2.1 -16528 8658
335 100 2.1 -16328 8636
339 100 2.1 -16536 8740
344 100 2.1 -16440 8672
348 100 2.1 -16624 8708
352 100 2.1 -16480 8736
357 100 2.1 -16720 8820
362 100 2.1 -16504 8666
366 100 2.1 -16492 8718
371 100 2.1 -16984 8918
376 100 2.1 -16584 8762
381 100 2.1 -16636 8728
385 100 2.1 -16484 8652
390 100 2.1 -16372 8630
395 100 2.1 -16576 8650
401 100 2.1 -16696 8748
406 100 2.1 -16572 8718
411 100 2.1 -16788 8764
416 100 2.1 -16664 8706
422 100 2.1 -16676 8662
427 100 2.1 -16608 8700
433 100 2.1 -16488 8678
438 100 2.1 -16644 8676
444 100 2.1 -16652 8716
449 100 2.1 -16808 8748
455 100 2.1 -16368 8506
461 100 2.1 -16760 8846
467 100 2.1 -16548 8704
473 100 2.1 -16708 8818
479 100 2.1 -16976 8838
485 100 2.1 -16628 8700
492 100 2.1 -16744 8778
498 100 2.1 -16748 8760
504 100 2.1 -16956 8858
511 100 2.1 -16420 8586
517 100 2.1 -16632 8656
524 100 2.1 -16540 8752
531 100 2.1 -16732 8734
538 100 2.1 -16432 8706
545 100 2.1 -16736 8884
552 100 2.1 -16600 8650
559 100 2.1 -16588 8470
566 100 2.1 -16468 8560
573 100 2.1 -16484 8440
581 100 2.1 -16488 8622
588 100 2.1 -16740 8732
596 100 2.1 -16260 8552
603 100 2.1 -16388 8592
611 100 2.1 -16852 8844
619 100 2.1 -17156 9006
627 100 2.1 -16804 8894
635 100 2.1 -16680 8774
643 100 2.1 -16796 8822
652 100 2.1 -16716 8758
660 100 2.1 -16492 8684
668 100 2.1 -16400 8510
677 100 2.1 -16668 8656
686 100 2.1 -16516 8588
695 100 2.1 -16456 8598
704 100 2.1 -16532 8616
713 100 2.1 -16708 8716
722 100 2.1 -17088 8986
731 100 2.1 -16928 8882
741 100 2.1 -16472 8620
750 100 2.1 -16596 8628
760 100 2.1 -16588 8628
770 100 2.1 -16264 8568
780 100 2.1 -16360 8644
790 100 2.1 -17136 9002
800 100 2.1 -16760 8746
810 100 2.1 -16892 8878
821 100 2.1 -16788 8848
831 100 2.1 -16512 8610
842 100 2.1 -16736 8726
853 100 2.1 -16468 8452
864 100 2.1 -16580 8464
875 100 2.1 -15976 8274
886 100 2.1 -16276 8586
897 100 2.1 -16336 8512
909 100 2.1 -16452 8670
921 100 2.1 -16456 8468
933 100 2.1 -16332 8424
945 100 2.1 -16920 8846
957 100 2.1 -16632 8702
969 100 2.1 -16428 8686
982 100 2.1 -16836 8746
994 100 2.1 -16996 8866
1007 100 2.1 -16700 8714
1020 100 2.1 -16448 8532
1033 100 2.1 -16552 8742
1047 100 2.1 -16796 8838
1060 100 2.1 -16312 8566
1074 100 2.1 -16824 8830
1088 100 2.1 -16760 8716
1102 100 2.1 -16792 8766
1116 100 2.1 -16628 8622
1130 100 2.1 -16624 8684
1145 100 2.1 -16780 8856
1160 100 2.1 -16708 8664
1174 100 2.1 -16556 8714
1190 100 2.1 -16624 8702
1205 100 2.1 -16696 8686
1220 100 2.1 -16452 8614
1236 100 2.1 -16820 8638
1252 100 2.1 -16476 8634
1268 100 2.1 -16676 8672
1285 100 2.1 -16352 8456
1301 100 2.1 -16572 8758
1318 100 2.1 -16816 8862
1335 100 2.1 -16728 8752
1352 100 2.1 -16624 8726
1370 100 2.1 -16424 8554
1387 100 2.1 -16192 8408
1405 100 2.1 -16336 8304
1423 100 2.1 -16628 8600
1442 100 2.1 -16656 8656
1460 100 2.1 -16960 8894
1479 100 2.1 -16832 8864
1498 100 2.1 -16512 8696
1517 100 2.1 -16568 8680
1537 100 2.1 -16816 8822
1557 100 2.1 -16896 8808
1577 100 2.1 -16516 8630
1597 100 2.1 -16716 8778
1618 100 2.1 -16308 8604
1639 100 2.1 -16772 8780
1660 100 2.1 -16676 8742
1681 100 2.1 -16364 8588
1703 100 2.1 -16576 8642
1725 100 2.1 -17040 8842
1747 100 2.1 -16196 8530
1770 100 2.1 -16160 8440
1792 100 2.1 -16984 8806
1816 100 2.1 -16292 8444
1839 100 2.1 -16592 8662
1863 100 2.1 -17064 9020
1887 100 2.1 -16796 8822
1911 100 2.1 -16748 8846
1936 100 2.1 -16344 8566
1961 100 2.1 -16500 8574
1986 100 2.1 -16876 8860
2012 100 2.1 -16916 8858
2037 100 2.1 -16864 8928
2064 100 2.1 -16440 8612
2090 100 2.1 -16660 8656
2117 100 2.1 -16664 8786
2145 100 2.1 -17140 9018
2172 100 2.1 -16728 8702
2200 100 2.1 -16520 8656
2229 100 2.1 -16460 8542
2257 100 2.1 -16652 8736
2286 100 2.1 -16720 8820
2316 100 2.1 -16772 8876
2346 100 2.1 -16572 8652
2376 100 2.1 -16776 8740
2407 100 2.1 -16876 8886
2438 100 2.1 -16612 8752
2469 100 2.1 -16284 8478
2501 100 2.1 -16680 8696
2533 100 2.1 -16600 8584
2566 100 2.1 -16780 8802
2599 100 2.1 -16792 8694
2633 100 2.1 -16868 8816
2667 100 2.1 -16480 8522
2701 100 2.1 -16548 8600
2736 100 2.1 -16412 8568
2771 100 2.1 -16568 8646
2807 100 2.1 -16376 8566
2843 100 2.1 -16600 8788
2880 100 2.1 -16456 8636
2917 100 2.1 -16804 8734
2954 100 2.1 -16548 8688
2992 100 2.1 -16604 8700
3031 100 2.1 -16592 8708
3070 100 2.1 -16576 8772
3110 100 2.1 -16368 8548
3150 100 2.1 -16628 8676
3190 100 2.1 -16396 8628
3232 100 2.1 -16752 8708
3273 100 2.1 -16704 8728
3315 100 2.1 -16712 8764
3358 100 2.1 -16672 8524
3402 100 2.1 -16760 8790
3445 100 2.1 -16448 8630
3490 100 2.1 -16960 8894
3535 100 2.1 -16948 8830
3580 100 2.1 -17100 9020
3627 100 2.1 -16676 8782
3673 100 2.1 -16640 8700
3721 100 2.1 -16744 8732
3769 100 2.1 -16596 8582
3817 100 2.1 -16968 8626
3867 100 2.1 -16840 8702
3916 100 2.1 -16592 8726
3967 100 2.1 -16888 8914
4018 100 2.1 -17048 9020
4070 100 2.1 -16584 8756
4122 100 2.1 -16272 8572
4176 100 2.1 -16364 8458
4229 100 2.1 -16624 8720
4284 100 2.1 -16816 8826
4339 100 2.1 -16732 8792
4395 100 2.1 -16808 8876
4452 100 2.1 -16512 8638
4509 100 2.1 -16924 8928
4567 100 2.1 -16456 8694
4626 100 2.1 -16400 8626
4686 100 2.1 -16712 8764
4746 100 2.1 -16772 8680
4808 100 2.1 -16728 8762
4870 100 2.1 -17112 9012
4932 100 2.1 -16552 8634
4996 100 2.1 -16004 8326
5060 100 2.1 -16596 8600
5126 100 2.1 -16892 8810
5192 100 2.1 -16880 8824
5259 100 2.1 -16700 8812
5327 100 2.1 -16636 8632
5395 100 2.1 -16712 8808
5465 100 2.1 -16824 8776
5535 100 2.1 -16348 8462
5607 100 2.1 -16396 8440
5679 100 2.1 -16412 8596
5752 100 2.1 -16788 8794
5826 100 2.1 -16656 8730
5902 100 2.1 -16768 8798
5978 100 2.1 -16764 8862
6055 100 2.1 -16476 8604
6133 100 2.1 -16260 8414
6212 100 2.1 -16912 8942
6292 100 2.1 -16556 8710
6373 100 2.1 -16352 8602
6455 100 2.1 -16632 8520
6539 100 2.1 -16784 8828
6623 100 2.1 -16864 8736
6708 100 2.1 -16528 8694
6795 100 2.1 -16676 8768
6883 100 2.1 -16508 8594
6971 100 2.1 -16884 8822
7061 100 2.1 -16688 8714
7152 100 2.1 -16516 8674
7245 100 2.1 -16588 8662
7338 100 2.1 -16412 8450
7433 100 2.1 -16620 8722
7529 100 2.1 -16860 8820
7626 100 2.1 -16716 8804
7724 100 2.1 -16524 8718
7824 100 2.1 -16844 8892
7925 100 2.1 -16460 8520
8027 100 2.1 -16412 8686
8130 100 2.1 -16776 8778
8235 100 2.1 -16644 8616
8341 100 2.1 -16972 8850
8449 100 2.1 -16840 8860
8558 100 2.1 -16568 8646
8668 100 2.1 -16668 8786
8780 100 2.1 -16760 8746
8893 100 2.1 -16884 8920
9008 100 2.1 -16720 8710
9124 100 2.1 -16168 8466
9242 100 2.1 -16472 8708
9361 100 2.1 -16600 8574
9482 100 2.1 -16376 8606
9604 100 2.1 -16612 8746
9728 100 2.1 -16544 8518
9853 100 2.1 -16604 8538
9980 100 2.1 -16276 8510
10109 100 2.1 -16348 8402
10240 100 2.1 -16748 8852
10372 100 2.1 -16404 8574
10505 100 2.1 -16668 8720
10641 100 2.1 -16428 8482
10778 100 2.1 -16544 8634
10917 100 2.1 -16612 8740
11058 100 2.1 -16312 8492
11201 100 2.1 -16452 8610
11345 100 2.1 -16656 8612
11491 100 2.1 -16784 8788
11640 100 2.1 -16676 8632
11790 100 2.1 -16564 8796
11942 100 2.1 -16676 8614
12096 100 2.1 -16552 8690
12252 100 2.1 -16652 8758
12410 100 2.1 -16716 8784
12570 100 2.1 -16852 8750
12732 100 2.1 -17080 8952
12896 100 2.1 -16632 8758
13062 100 2.1 -16524 8680
13231 100 2.1 -16764 8778
13402 100 2.1 -16488 8568
13574 100 2.1 -16476 8608
13750 100 2.1 -16744 8670
13927 100 2.1 -16476 8774
14106 100 2.1 -16316 8504
14288 100 2.1 -16536 8740
14473 100 2.1 -16432 8662
14659 100 2.1 -16864 8814
14848 100 2.1 -16832 8576
15040 100 2.1 -16456 8532
15234 100 2.1 -16428 8586
15430 100 2.1 -16768 8790
15629 100 2.1 -16820 8706
15831 100 2.1 -16752 8582
16035 100 2.1 -16604 8676
16242 100 2.1 -16548 8740
16451 100 2.1 -16656 8866
16664 100 2.1 -16732 8590
16879 100 2.1 -17144 9002
17096 100 2.1 -16828 8838
17317 100 2.1 -16408 8680
17540 100 2.1 -16512 8686
17766 100 2.1 -16440 8554
17995 100 2.1 -16556 8596
18228 100 2.1 -16288 8544
18463 100 2.1 -16208 8398
18701 100 2.1 -16660 8716
18942 100 2.1 -16800 8762
19186 100 2.1 -16656 8680
19434 100 2.1 -16440 8558
19684 100 2.1 -16848 8842
19938 100 2.1 -16876 8740
20195 100 2.1 -16664 8810
20456 100 2.1 -16556 8658
20720 100 2.1 -16756 8870
20987 100 2.1 -16460 8480
21258 100 2.1 -16656 8768
21532 100 2.1 -16592 8792
21810 100 2.1 -16744 8428
22091 100 2.1 -16596 8618
22376 100 2.1 -16440 8716
22664 100 2.1 -16660 8778
22957 100 2.1 -16864 8846
23253 100 2.1 -16556 8638
23553 100 2.1 -16984 8830
23856 100 2.1 -16688 8658
24164 100 2.1 -16340 8580
24476 100 2.1 -16672 8730
24791 100 2.1 -16264 8454
25111 100 2.1 -16620 8584
25435 100 2.1 -16568 8728
25763 100 2.1 -16420 8624
26095 100 2.1 -16576 8586
26432 100 2.1 -16480 8574
26773 100 2.1 -16460 8584
27118 100 2.1 -16588 8746
27468 100 2.1 -16672 8598
27822 100 2.1 -16620 8714
28181 100 2.1 -16720 8810
28545 100 2.1 -16732 8794
28913 100 2.1 -16704 8778
29286 100 2.1 -16760 8660
29663 100 2.1 -16848 8758
30046 100 2.1 -16760 8832
30434 100 2.1 -16860 8878
30826 100 2.1 -16492 8638
31224 100 2.1 -16760 8772
31626 100 2.1 -16488 8660
32034 100 2.1 -16472 8668
32447 100 2.1 -16612 8732
32866 100 2.1 -16708 8748
33290 100 2.1 -16472 8712
33719 100 2.1 -16916 8864
34154 100 2.1 -16556 8614
34595 100 2.1 -16812 8758
35041 100 2.1 -16452 8606
35493 100 2.1 -16776 8740
35951 100 2.1 -16648 8710
36414 100 2.1 -16260 8420
36884 100 2.1 -16468 8728
37360 100 2.1 -16612 8742
37841 100 2.1 -16436 8718
38330 100 2.1 -16880 8768
38824 100 2.1 -16228 8064
39325 100 2.1 -16532 8680
39832 100 2.1 -16304 8502
40346 100 2.1 -16556 8666
40866 100 2.1 -16652 8824
41393 100 2.1 -16196 8408
41927 100 2.1 -16984 8894
42468 100 2.1 -16588 8770
43015 100 2.1 -16780 8680
43570 100 2.1 -16692 8706
44132 100 2.1 -16736 8578
44701 100 2.1 -16424 8438
45278 100 2.1 -17044 8886
45862 100 2.1 -17028 8862
46453 100 2.1 -16772 8794
47053 100 2.1 -16876 8894
47660 100 2.1 -16632 8716
48274 100 2.1 -16560 8698
48897 100 2.1 -16472 8546
49528 100 2.1 -16936 8850
50166 100 2.1 -16608 8594
50813 100 2.1 -16436 8580
51469 100 2.1 -16916 8816
52133 100 2.1 -16500 8554
52805 100 2.1 -16540 8630
53486 100 2.1 -16856 8772
54176 100 2.1 -16204 8280
54875 100 2.1 -16496 8534
55582 100 2.1 -16072 8228
56299 100 2.1 -16508 8646
57025 100 2.1 -16920 8820
57761 100 2.1 -16360 8580
58506 100 2.1 -16808 8864
59261 100 2.1 -16476 8462
60025 100 2.1 -16544 8770
60799 100 2.1 -16564 8584
61583 100 2.1 -16720 8754
62378 100 2.1 -16888 8908
63182 100 2.1 -16576 8614
63997 100 2.1 -16744 8766
64822 100 2.1 -16552 8654
65658 100 2.1 -16788 8834
66505 100 2.1 -16792 8798
67363 100 2.1 -16400 8560
68232 100 2.1 -16824 8806
69112 100 2.1 -16468 8432
70003 100 2.1 -16792 8840
70906 100 2.1 -16256 8464
71821 100 2.1 -16744 8800
72747 100 2.1 -16564 8616
73685 100 2.1 -16740 8638
74636 100 2.1 -16796 8812
75599 100 2.1 -16500 8604
76574 100 2.1 -16992 8980
77561 100 2.1 -16776 8734
78562 100 2.1 -16700 8720
79575 100 2.1 -16684 8676
80601 100 2.1 -16524 8714
81641 100 2.1 -16724 8706
82694 100 2.1 -16688 8742
83760 100 2.1 -16992 8858
84841 100 2.1 -16524 8704
85935 100 2.1 -16500 8592
87043 100 2.1 -16648 8782
88166 100 2.1 -16664 8616
89303 100 2.1 -16680 8756
90455 100 2.1 -16408 8722
91622 100 2.1 -16544 8652
92803 100 2.1 -16660 8688
94000 100 2.1 -16548 8594
95213 100 2.1 -16572 8526
96441 100 2.1 -17132 8952
97685 100 2.1 -16796 8746
98945 100 2.1 -16836 8782
100221 100 2.1 -16692 8724
101513 100 2.1 -16756 8708
102823 100 2.1 -16420 8668
104149 100 2.1 -16644 8678
105492 100 2.1 -16792 8786
106853 100 2.1 -16460 8702
108231 100 2.1 -16612 8782
109627 100 2.1 -16700 8774
111041 100 2.1 -16944 8884
112473 100 2.1 -16760 8828
113924 100 2.1 -16544 8748
115393 100 2.1 -16704 8750
116882 100 2.1 -16608 8682
118389 100 2.1 -16576 8658
119916 100 2.1 -16580 8578
121463 100 2.1 -16472 8630
123029 100 2.1 -16552 8744
124616 100 2.1 -17008 8872
126224 100 2.1 -16192 8160
127852 100 2.1 -16372 8440
129501 100 2.1 -16852 8730
131171 100 2.1 -16548 8600
132863 100 2.1 -16940 8810
134576 100 2.1 -16568 8658
136312 100 2.1 -17012 8954
138070 100 2.1 -16668 8780
139851 100 2.1 -16776 8748
141655 100 2.1 -16768 8864
143482 100 2.1 -16624 8634
145333 100 2.1 -16792 8780
147207 100 2.1 -16772 8778
149106 100 2.1 -16980 8892
151029 100 2.1 -16728 8790
152977 100 2.1 -16732 8698
154950 100 2.1 -16588 8666
156948 100 2.1 -16440 8538
158973 100 2.1 -16572 8714
161023 100 2.1 -16700 8758
163100 100 2.1 -16520 8594
165204 100 2.1 -16992 8840
167334 100 2.1 -16336 8534
169493 100 2.1 -16836 8730
171679 100 2.1 -16864 8838
173893 100 2.1 -16604 8734
176136 100 2.1 -16540 8634
178408 100 2.1 -16600 8702
180709 100 2.1 -16360 8584
183040 100 2.1 -16584 8670
185400 100 2.1 -16356 8580
187792 100 2.1 -16644 8774
190214 100 2.1 -16672 8694
192667 100 2.1 -16320 8518
195152 100 2.1 -16668 8760
197669 100 2.1 -16456 8618
200219 100 2.1 -16588 8718
202801 100 2.1 -16780 8386
205417 100 2.1 -16576 8692
208066 100 2.1 -16672 8786
210750 100 2.1 -16456 8550
213468 100 2.1 -16720 8752
216222 100 2.1 -16692 8744
219010 100 2.1 -16672 8624
221835 100 2.1 -16860 8796
224696 100 2.1 -16364 8608
227595 100 2.1 -16712 8768
230530 100 2.1 -16168 8434
233503 100 2.1 -16836 8812
236515 100 2.1 -16728 8746
239566 100 2.1 -16620 8730
242656 100 2.1 -16336 8482
245785 100 2.1 -16536 8748
248956 100 2.1 -16592 8632
252167 100 2.1 -16464 8660
255419 100 2.1 -16924 8902
258713 100 2.1 -16608 8698
262050 100 2.1 -16496 8686
265430 100 2.1 -16740 8636
268854 100 2.1 -16928 8896
272321 100 2.1 -16264 8350
275834 100 2.1 -16800 8722
279391 100 2.1 -16328 8370
282995 100 2.1 -16716 8756
286645 100 2.1 -16588 8674
290342 100 2.1 -16668 8694
294087 100 2.1 -16804 8668
297880 100 2.1 -16764 8724
301722 100 2.1 -16720 8766
305614 100 2.1 -16540 8606
309556 100 2.1 -16828 8750
313548 100 2.1 -16564 8684
317592 100 2.1 -16836 8734
321689 100 2.1 -16564 8648
325838 100 2.1 -16544 8508
330040 100 2.1 -16500 8550
334297 100 2.1 -16472 8662
338609 100 2.1 -16748 8694
342976 100 2.1 -16644 8846
347400 100 2.1 -16652 8704
351881 100 2.1 -16344 8426
356419 100 2.1 -16748 8812
361016 100 2.1 -16780 8764
365673 100 2.1 -16568 8728
370389 100 2.1 -17044 8908
375167 100 2.1 -16736 8668
380005 100 2.1 -17000 8946
384907 100 2.1 -16688 8764
389871 100 2.1 -16416 8588
394900 100 2.1 -16804 8870
399993 100 2.1 -16524 8742
405152 100 2.1 -16780 8690
410378 100 2.1 -16516 8638
415671 100 2.1 -16540 8728
421032 100 2.1 -16488 8580
426463 100 2.1 -16812 8830
431963 100 2.1 -16720 8810
437535 100 2.1 -16280 8570
443178 100 2.1 -16388 8556
448894 100 2.1 -16640 8630
454684 100 2.1 -16548 8464
460548 100 2.1 -16676 8686
466489 100 2.1 -16480 8602
472505 100 2.1 -16840 8866
478600 100 2.1 -17004 8918
484773 100 2.1 -16528 8596
491025 100 2.1 -16636 8600
497358 100 2.1 -16904 8884
503773 100 2.1 -16900 8892
510271 100 2.1 -16680 8748
516852 100 2.1 -16336 8598
523519 100 2.1 -16660 8612
530271 100 2.1 -16696 8678
537111 100 2.1 -16432 8572
544038 100 2.1 -16268 8470
551055 100 2.1 -16644 8660
558163 100 2.1 -16428 8658
565362 100 2.1 -16704 8760
572654 100 2.1 -16544 8618
580040 100 2.1 -16636 8588
587521 100 2.1 -16564 8674
595099 100 2.1 -16500 8566
602775 100 2.1 -16716 8824
610549 100 2.1 -16644 8736
618424 100 2.1 -16964 8916
626400 100 2.1 -16596 8670
634480 100 2.1 -16780 8828
642663 100 2.1 -16776 8488
650952 100 2.1 -16752 8860
659348 100 2.1 -16480 8478
667853 100 2.1 -16744 8784
676467 100 2.1 -16716 8856
685192 100 2.1 -16688 8754
694029 100 2.1 -16316 8572
702981 100 2.1 -16424 8670
712048 100 2.1 -16532 8544
721232 100 2.1 -16632 8772
730534 100 2.1 -16392 8622
739957 100 2.1 -16880 8834
749500 100 2.1 -16604 8598
759168 100 2.1 -16352 8408
768959 100 2.1 -16516 8700
778877 100 2.1 -16164 8424
788923 100 2.1 -16496 8586
799099 100 2.1 -16380 8526
809405 100 2.1 -16280 8520
819845 100 2.1 -16588 8730
830419 100 2.1 -16532 8618
841130 100 2.1 -16804 8628
851979 100 2.1 -16820 8806
862968 100 2.1 -16592 8568
874098 100 2.1 -16580 8704
885373 100 2.1 -16680 8680
896792 100 2.1 -16832 8804
908359 100 2.1 -16628 8750
920075 100 2.1 -16688 8738
931942 100 2.1 -16560 8736
943962 100 2.1 -16388 8680
956137 100 2.1 -16400 8564
968470 100 2.1 -16900 8708
980961 100 2.1 -16752 8842
993613 100 2.1 -16816 8838
999999 100 2.1 -16700 8778
