3 140 2 -35524 18466
4 140 2 -34824 18234
5 140 2 -34808 18182
6 140 2 -34600 18106
7 140 2 -34520 18066
8 140 2 -34472 18042
9 140 2 -34860 18178
10 140 2 -34600 18102
11 140 2 -34612 18148
12 140 2 -34936 18272
13 140 2 -34636 18142
14 140 2 -34664 18136
15 140 2 -34696 18136
16 140 2 -34896 18196
17 140 2 -34628 18084
18 140 2 -34500 18060
19 140 2 -34476 18038
20 140 2 -34484 18024
21 140 2 -34656 18064
22 140 2 -34628 18068
23 140 2 -34568 18036
24 140 2 -34232 17880
25 140 2 -34216 17908
26 140 2 -33988 17810
27 140 2 -34284 17912
28 140 2 -34296 17966
29 140 2 -34332 17994
30 140 2 -34656 18110
31 140 2 -34420 17964
32 140 2 -34640 18074
33 140 2 -34632 18056
34 140 2 -34460 17990
35 140 2 -34480 17998
36 140 2 -34500 18004
37 140 2 -34460 17986
38 140 2 -34424 17966
39 140 2 -34220 17842
40 140 2 -34460 17986
41 140 2 -34432 18014
42 140 2 -34396 18010
43 140 2 -34460 18026
44 140 2 -34428 18036
45 140 2 -34432 18044
46 140 2 -34516 18060
47 140 2 -34480 18010
48 140 2 -34284 17914
49 140 2 -34132 17828
50 140 2 -33924 17770
51 140 2 -33996 17768
52 140 2 -34120 17814
53 140 2 -34216 17838
54 140 2 -34172 17830
55 140 2 -34176 17856
56 140 2 -33716 17686
57 140 2 -34116 17808
58 140 2 -34404 17924
59 140 2 -34232 17932
60 140 2 -34540 18062
61 140 2 -34532 18038
62 140 2 -34548 18052
63 140 2 -34196 17924
64 140 2 -34232 17946
65 140 2 -34124 17898
66 140 2 -34136 17894
67 140 2 -34136 17888
68 140 2 -34096 17856
69 140 2 -34084 17856
70 140 2 -34056 17824
71 140 2 -34052 17798
72 140 2 -33996 17740
73 140 2 -34232 17904
74 140 2 -34048 17852
75 140 2 -34068 17820
76 140 2 -33900 17782
77 140 2 -33952 17748
78 140 2 -34104 17762
79 140 2 -34156 17840
80 140 2 -33916 17756
81 140 2 -34264 17840
82 140 2 -34080 17832
83 140 2 -34236 17860
84 140 2 -33860 17718
85 140 2 -33860 17718
86 140 2 -33740 17694
88 140 2 -33808 17716
89 140 2 -33880 17710
90 140 2 -34296 17898
91 140 2 -34176 17860
92 140 2 -34244 17846
93 140 2 -33964 17778
95 140 2 -33760 17642
96 140 2 -33860 17690
97 140 2 -34056 17782
98 140 2 -34224 17848
99 140 2 -34248 17900
101 140 2 -34104 17896
102 140 2 -33988 17838
103 140 2 -33976 17786
105 140 2 -34028 17800
106 140 2 -34036 17766
107 140 2 -34156 17770
109 140 2 -34188 17934
110 140 2 -34440 17926
112 140 2 -34280 17894
113 140 2 -34328 17816
114 140 2 -34224 17790
116 140 2 -33940 17750
117 140 2 -33992 17834
119 140 2 -34128 17864
120 140 2 -34060 17856
122 140 2 -33800 17744
124 140 2 -33908 17844
125 140 2 -33992 17854
127 140 2 -34528 18018
128 140 2 -34516 17990
130 140 2 -34284 17936
132 140 2 -34620 18052
133 140 2 -34528 18016
135 140 2 -34628 18064
137 140 2 -33968 17824
139 140 2 -33856 17676
140 140 2 -33796 17636
142 140 2 -34040 17718
144 140 2 -34216 17720
146 140 2 -33868 17660
148 140 2 -34116 17770
150 140 2 -34396 17894
152 140 2 -34140 17730
154 140 2 -34292 17838
155 140 2 -33876 17706
157 140 2 -34300 17826
160 140 2 -34260 17868
162 140 2 -34152 17774
164 140 2 -34116 17786
166 140 2 -34048 17790
168 140 2 -34080 17778
170 140 2 -34476 17926
172 140 2 -34344 17886
174 140 2 -33972 17784
177 140 2 -34048 17760
179 140 2 -34088 17750
181 140 2 -34208 17804
184 140 2 -34128 17766
186 140 2 -34160 17788
188 140 2 -34280 17774
191 140 2 -33668 17598
193 140 2 -34000 17602
196 140 2 -33932 17586
198 140 2 -34060 17640
201 140 2 -34132 17738
203 140 2 -34116 17770
206 140 2 -34276 17892
209 140 2 -34440 17998
211 140 2 -34468 17956
214 140 2 -34152 17838
217 140 2 -34608 18018
220 140 2 -34324 17894
222 140 2 -34056 17780
225 140 2 -33980 17748
228 140 2 -34308 17888
231 140 2 -33984 17768
234 140 2 -34284 17940
237 140 2 -34412 17954
240 140 2 -33968 17824
243 140 2 -34520 17940
246 140 2 -34480 17996
250 140 2 -34428 18012
253 140 2 -34640 18046
256 140 2 -34416 17934
259 140 2 -34172 17830
263 140 2 -33980 17726
266 140 2 -34112 17792
269 140 2 -34020 17846
273 140 2 -34500 17946
276 140 2 -34316 17958
280 140 2 -34256 17914
284 140 2 -34528 17984
287 140 2 -34212 17922
291 140 2 -34348 17972
295 140 2 -34776 18110
298 140 2 -34356 17934
302 140 2 -34268 17910
306 140 2 -34516 18028
310 140 2 -34452 17960
314 140 2 -34324 17840
318 140 2 -34420 17890
322 140 2 -34184 17866
326 140 2 -34088 17820
331 140 2 -33784 17656
335 140 2 -33784 17614
339 140 2 -34188 17850
344 140 2 -34300 17850
348 140 2 -34296 17908
352 140 2 -34256 17900
357 140 2 -33708 17706
362 140 2 -34072 17828
366 140 2 -34048 17862
371 140 2 -34428 17936
376 140 2 -34236 17846
381 140 2 -34292 17910
385 140 2 -34252 17884
390 140 2 -34080 17838
395 140 2 -34308 17890
401 140 2 -34176 17846
406 140 2 -34336 17834
411 140 2 -34192 17740
416 140 2 -34296 17888
422 140 2 -34492 17896
427 140 2 -33748 17766
433 140 2 -34180 17814
438 140 2 -34496 17956
444 140 2 -34404 17974
449 140 2 -34516 18026
455 140 2 -33944 17790
461 140 2 -34444 17938
467 140 2 -34272 17960
473 140 2 -34496 18002
479 140 2 -33956 17804
485 140 2 -34608 18068
492 140 2 -34360 17928
498 140 2 -34520 18074
504 140 2 -33980 17822
511 140 2 -34280 17904
517 140 2 -34408 17916
524 140 2 -34472 17930
531 140 2 -34360 17996
538 140 2 -33980 17772
545 140 2 -34016 17726
552 140 2 -34040 17852
559 140 2 -34124 17872
566 140 2 -34320 17894
573 140 2 -34384 17990
581 140 2 -34164 17910
588 140 2 -34304 17832
596 140 2 -34104 17782
603 140 2 -34380 17970
611 140 2 -33848 17668
619 140 2 -34680 18116
627 140 2 -34208 17968
635 140 2 -34088 17752
643 140 2 -34020 17806
652 140 2 -34136 17814
660 140 2 -34320 18010
668 140 2 -34480 17984
677 140 2 -34328 17862
686 140 2 -34464 17986
695 140 2 -34256 17852
704 140 2 -34756 18116
713 140 2 -34376 17992
722 140 2 -34208 17896
731 140 2 -34576 18032
741 140 2 -34184 17892
750 140 2 -34536 17942
760 140 2 -34396 17854
770 140 2 -34708 18086
780 140 2 -34204 17752
790 140 2 -34268 17936
800 140 2 -34276 17950
810 140 2 -34336 18004
821 140 2 -34172 17848
831 140 2 -34100 17860
842 140 2 -34232 17800
853 140 2 -34416 18048
864 140 2 -33908 17766
875 140 2 -34104 17756
886 140 2 -33808 17692
897 140 2 -34720 18066
909 140 2 -34152 17760
921 140 2 -34308 17974
933 140 2 -34112 17852
945 140 2 -34252 17858
957 140 2 -34436 17970
969 140 2 -34248 17872
982 140 2 -34116 17834
994 140 2 -33920 17806
1007 140 2 -34180 17942
1020 140 2 -34148 17896
1033 140 2 -34628 18056
1047 140 2 -33848 17642
1060 140 2 -34620 17968
1074 140 2 -34568 17940
1088 140 2 -34388 17980
1102 140 2 -34336 17830
1116 140 2 -33836 17702
1130 140 2 -34444 17978
1145 140 2 -34712 18098
1160 140 2 -34464 18036
1174 140 2 -34504 17980
1190 140 2 -34280 17920
1205 140 2 -34236 17972
1220 140 2 -33912 17772
1236 140 2 -34384 17972
1252 140 2 -34188 17846
1268 140 2 -34072 17686
1285 140 2 -34092 17784
1301 140 2 -34292 17932
1318 140 2 -34416 18026
1335 140 2 -34384 17966
1352 140 2 -34152 17878
1370 140 2 -33812 17712
1387 140 2 -33952 17604
1405 140 2 -34352 17888
1423 140 2 -33836 17726
1442 140 2 -34044 17848
1460 140 2 -33944 17788
1479 140 2 -34480 18006
1498 140 2 -34300 17990
1517 140 2 -34352 17928
1537 140 2 -33984 17802
1557 140 2 -34260 17890
1577 140 2 -34264 17860
1597 140 2 -34220 17864
1618 140 2 -34628 18132
1639 140 2 -34480 18070
1660 140 2 -34268 17896
1681 140 2 -34344 17940
1703 140 2 -34464 17986
1725 140 2 -34340 17964
1747 140 2 -34252 17900
1770 140 2 -33652 17564
1792 140 2 -34020 17828
1816 140 2 -34648 18018
1839 140 2 -34532 17924
1863 140 2 -34480 17966
1887 140 2 -34404 18034
1911 140 2 -34340 17904
1936 140 2 -34056 17778
1961 140 2 -34268 17876
1986 140 2 -34716 18058
2012 140 2 -34432 17940
2037 140 2 -34680 18054
2064 140 2 -34260 17794
2090 140 2 -34572 17928
2117 140 2 -34192 17874
2145 140 2 -34704 18132
2172 140 2 -34204 17736
2200 140 2 -34004 17716
2229 140 2 -34096 17824
2257 140 2 -34452 17922
2286 140 2 -34364 17926
2316 140 2 -34192 17926
2346 140 2 -34504 18010
2376 140 2 -34564 17986
2407 140 2 -34492 18040
2438 140 2 -34480 18016
2469 140 2 -34296 17832
2501 140 2 -34156 17746
2533 140 2 -33992 17844
2566 140 2 -33884 17736
2599 140 2 -34068 17808
2633 140 2 -34884 18186
2667 140 2 -34204 17916
2701 140 2 -33808 17696
2736 140 2 -33656 17618
2771 140 2 -34424 17922
2807 140 2 -34236 17914
2843 140 2 -34172 17792
2880 140 2 -34392 17978
2917 140 2 -34008 17732
2954 140 2 -33952 17690
2992 140 2 -33988 17794
3031 140 2 -34136 17862
3070 140 2 -34628 18074
3110 140 2 -34344 17932
3150 140 2 -34248 17934
3190 140 2 -33972 17762
3232 140 2 -34392 18020
3273 140 2 -34164 17802
3315 140 2 -34108 17830
3358 140 2 -34180 17956
3402 140 2 -34352 17980
3445 140 2 -33844 17730
3490 140 2 -34392 17978
3535 140 2 -34276 17876
3580 140 2 -34152 17820
3627 140 2 -33884 17638
3673 140 2 -34032 17882
3721 140 2 -34124 17822
3769 140 2 -34208 17844
3817 140 2 -33940 17696
3867 140 2 -34664 18158
3916 140 2 -34128 17764
3967 140 2 -33836 17684
4018 140 2 -33720 17688
4070 140 2 -34324 17940
4122 140 2 -34192 17830
4176 140 2 -34560 17958
4229 140 2 -34136 17754
4284 140 2 -34504 18012
4339 140 2 -34392 17974
4395 140 2 -34060 17754
4452 140 2 -34032 17792
4509 140 2 -34192 17884
4567 140 2 -34484 17972
4626 140 2 -33788 17672
4686 140 2 -33832 17772
4746 140 2 -34292 17888
4808 140 2 -34036 17788
4870 140 2 -34532 18002
4932 140 2 -33868 17718
4996 140 2 -34232 17828
5060 140 2 -33788 17636
5126 140 2 -33980 17856
5192 140 2 -34728 18082
5259 140 2 -34016 17742
5327 140 2 -34356 17942
5395 140 2 -34412 17922
5465 140 2 -34484 18018
5535 140 2 -34472 18000
5607 140 2 -34148 17868
5679 140 2 -34608 18090
5752 140 2 -34116 17722
5826 140 2 -34216 17938
5902 140 2 -34028 17774
5978 140 2 -34436 18018
6055 140 2 -34104 17802
6133 140 2 -34064 17814
6212 140 2 -34100 17560
6292 140 2 -34084 17770
6373 140 2 -34668 18118
6455 140 2 -34216 17916
6539 140 2 -33900 17730
6623 140 2 -34220 17826
6708 140 2 -33972 17708
6795 140 2 -34180 17854
6883 140 2 -34460 18054
6971 140 2 -34284 17792
7061 140 2 -34092 17818
7152 140 2 -34400 18076
7245 140 2 -34312 17960
7338 140 2 -34172 17828
7433 140 2 -34464 17914
7529 140 2 -34004 17748
7626 140 2 -34416 17986
7724 140 2 -34268 17946
7824 140 2 -34172 17914
7925 140 2 -34088 17790
8027 140 2 -33860 17720
8130 140 2 -34396 17972
8235 140 2 -34096 17846
8341 140 2 -34160 17904
8449 140 2 -34348 17926
8558 140 2 -34108 17850
8668 140 2 -33852 17658
8780 140 2 -34576 17960
8893 140 2 -34168 17860
9008 140 2 -34468 18082
9124 140 2 -34420 17922
9242 140 2 -34008 17710
9361 140 2 -34696 18076
9482 140 2 -34108 17808
9604 140 2 -34244 17884
9728 140 2 -34356 17872
9853 140 2 -33672 17706
9980 140 2 -34428 17902
10109 140 2 -34268 17950
10240 140 2 -34164 17728
10372 140 2 -34480 17992
10505 140 2 -33864 17776
10641 140 2 -34192 17818
10778 140 2 -34028 17758
10917 140 2 -34040 17816
11058 140 2 -34412 17988
11201 140 2 -33624 17558
11345 140 2 -34164 17758
11491 140 2 -34364 17958
11640 140 2 -34560 18030
11790 140 2 -33856 17666
11942 140 2 -34628 18040
12096 140 2 -34216 17746
12252 140 2 -34372 17916
12410 140 2 -34044 17772
12570 140 2 -34536 17904
12732 140 2 -33924 17872
12896 140 2 -34140 17802
13062 140 2 -34724 18046
13231 140 2 -34248 17886
13402 140 2 -34020 17864
13574 140 2 -34008 17712
13750 140 2 -33988 17784
13927 140 2 -34500 18056
14106 140 2 -34160 17810
14288 140 2 -34164 17842
14473 140 2 -34136 17946
14659 140 2 -34140 17764
14848 140 2 -34388 17854
15040 140 2 -34080 17652
15234 140 2 -34552 18068
15430 140 2 -34252 17820
15629 140 2 -34128 17848
15831 140 2 -34156 17936
16035 140 2 -34368 17950
16242 140 2 -34268 17880
16451 140 2 -34192 17830
16664 140 2 -34368 17834
16879 140 2 -34108 17852
17096 140 2 -34272 17942
17317 140 2 -34136 17840
17540 140 2 -34224 17854
17766 140 2 -34644 17896
17995 140 2 -34408 17994
18228 140 2 -34380 17932
18463 140 2 -34268 17876
18701 140 2 -34788 18046
18942 140 2 -34460 17986
19186 140 2 -33824 17638
19434 140 2 -34284 17952
19684 140 2 -34408 17986
19938 140 2 -34660 18136
20195 140 2 -34356 17920
20456 140 2 -34148 17872
20720 140 2 -34092 17836
20987 140 2 -34320 17960
21258 140 2 -34184 17864
21532 140 2 -34256 17876
21810 140 2 -34180 17916
22091 140 2 -33996 17860
22376 140 2 -34172 17852
22664 140 2 -33964 17800
22957 140 2 -33860 17864
23253 140 2 -34204 17840
23553 140 2 -34372 17832
23856 140 2 -34332 17870
24164 140 2 -34348 17938
24476 140 2 -34144 17752
24791 140 2 -34204 17764
25111 140 2 -34080 17824
25435 140 2 -33852 17730
25763 140 2 -34124 17698
26095 140 2 -34452 18026
26432 140 2 -34316 17880
26773 140 2 -34172 17852
27118 140 2 -33684 17642
27468 140 2 -34084 17890
27822 140 2 -34156 17728
28181 140 2 -33916 17666
28545 140 2 -34800 18142
28913 140 2 -34168 17870
29286 140 2 -33892 17718
29663 140 2 -34252 17924
30046 140 2 -34636 18084
30434 140 2 -33988 17750
30826 140 2 -34120 17842
31224 140 2 -34076 17744
31626 140 2 -34892 18138
32034 140 2 -34276 17766
32447 140 2 -34548 17998
32866 140 2 -34084 17776
33290 140 2 -34480 17880
33719 140 2 -34332 17882
34154 140 2 -34548 18018
34595 140 2 -34068 17816
35041 140 2 -34296 17936
35493 140 2 -33804 17590
35951 140 2 -34580 18076
36414 140 2 -34252 17890
36884 140 2 -34180 17846
37360 140 2 -34148 17820
37841 140 2 -33928 17754
38330 140 2 -34204 17956
38824 140 2 -34212 17946
39325 140 2 -34156 17844
39832 140 2 -34004 17754
40346 140 2 -34344 17846
40866 140 2 -34344 17950
41393 140 2 -34492 17986
41927 140 2 -33832 17682
42468 140 2 -34272 17892
43015 140 2 -34064 17816
43570 140 2 -34220 17946
44132 140 2 -34312 17934
44701 140 2 -34060 17804
45278 140 2 -34668 18076
45862 140 2 -34340 17936
46453 140 2 -34720 18108
47053 140 2 -34248 17946
47660 140 2 -34520 17976
48274 140 2 -34292 18008
48897 140 2 -33808 17630
49528 140 2 -34300 17778
50166 140 2 -34380 17982
50813 140 2 -34196 17872
51469 140 2 -34164 17832
52133 140 2 -34216 17850
52805 140 2 -33984 17738
53486 140 2 -34384 17938
54176 140 2 -34504 17964
54875 140 2 -34700 17974
55582 140 2 -34064 17628
56299 140 2 -34452 17974
57025 140 2 -34244 17756
57761 140 2 -34584 17924
58506 140 2 -34228 17904
59261 140 2 -34204 17766
60025 140 2 -34024 17798
60799 140 2 -34336 17900
61583 140 2 -34380 17978
62378 140 2 -34676 18068
63182 140 2 -33832 17682
63997 140 2 -34236 17892
64822 140 2 -34004 17832
65658 140 2 -34524 17970
66505 140 2 -33872 17730
67363 140 2 -34356 17976
68232 140 2 -34228 17922
69112 140 2 -34424 17950
70003 140 2 -33956 17740
70906 140 2 -34388 17924
71821 140 2 -34468 18116
72747 140 2 -34536 18074
73685 140 2 -34264 17866
74636 140 2 -34396 17966
75599 140 2 -34184 17894
76574 140 2 -34116 17744
77561 140 2 -34340 17972
78562 140 2 -34320 17928
79575 140 2 -34112 17868
80601 140 2 -33932 17758
81641 140 2 -34100 17842
82694 140 2 -33872 17658
83760 140 2 -34180 17908
84841 140 2 -34180 17860
85935 140 2 -33532 17644
87043 140 2 -34540 18042
88166 140 2 -34036 17826
89303 140 2 -34196 17854
90455 140 2 -33952 17708
91622 140 2 -34024 17836
92803 140 2 -34496 17998
94000 140 2 -34528 17804
95213 140 2 -33856 17644
96441 140 2 -34720 18010
97685 140 2 -34128 17764
98945 140 2 -34296 17926
100221 140 2 -33980 17706
101513 140 2 -34372 17800
102823 140 2 -34244 17938
104149 140 2 -34568 17964
105492 140 2 -34376 17918
106853 140 2 -34084 17726
108231 140 2 -34476 17930
109627 140 2 -33980 17674
111041 140 2 -34328 17916
112473 140 2 -34040 17854
113924 140 2 -34492 17948
115393 140 2 -34408 17880
116882 140 2 -34324 17896
118389 140 2 -34196 17870
119916 140 2 -34180 17820
121463 140 2 -34152 17760
123029 140 2 -33560 17340
124616 140 2 -33756 17564
126224 140 2 -33956 17742
127852 140 2 -34060 17836
129501 140 2 -34244 17846
131171 140 2 -33988 17790
132863 140 2 -34352 18026
134576 140 2 -34276 17834
136312 140 2 -34008 17780
138070 140 2 -34496 18038
139851 140 2 -34020 17790
141655 140 2 -34720 18070
143482 140 2 -33764 17624
145333 140 2 -34324 17970
147207 140 2 -34244 17886
149106 140 2 -33992 17816
151029 140 2 -33500 17532
152977 140 2 -34428 17952
154950 140 2 -34020 17746
156948 140 2 -34308 17872
158973 140 2 -34212 17856
161023 140 2 -34444 17976
163100 140 2 -34188 17938
165204 140 2 -33996 17914
167334 140 2 -34248 17870
169493 140 2 -34148 17724
171679 140 2 -34340 17888
173893 140 2 -34348 17952
176136 140 2 -34024 17786
178408 140 2 -34400 17922
180709 140 2 -33968 17734
183040 140 2 -34564 18032
185400 140 2 -34816 18204
187792 140 2 -33888 17802
190214 140 2 -34124 17884
192667 140 2 -34368 17858
195152 140 2 -34408 17912
197669 140 2 -34144 17814
200219 140 2 -34300 17974
202801 140 2 -33892 17588
205417 140 2 -34640 17978
208066 140 2 -34044 17674
210750 140 2 -33960 17714
213468 140 2 -34056 17934
216222 140 2 -34432 17940
219010 140 2 -34312 17850
221835 140 2 -34404 17924
224696 140 2 -34164 17802
227595 140 2 -34332 17844
230530 140 2 -34052 17740
233503 140 2 -34344 17866
236515 140 2 -34320 17908
239566 140 2 -34216 17868
242656 140 2 -34520 18034
245785 140 2 -34484 18040
248956 140 2 -34080 17866
252167 140 2 -34108 17850
255419 140 2 -34580 18002
258713 140 2 -34460 18018
262050 140 2 -34296 17872
265430 140 2 -34308 17842
268854 140 2 -34388 17904
272321 140 2 -34492 17982
275834 140 2 -34084 17856
279391 140 2 -34232 17766
282995 140 2 -34352 17938
286645 140 2 -34228 17872
290342 140 2 -34188 17822
294087 140 2 -34316 17918
297880 140 2 -33876 17612
301722 140 2 -34320 17832
305614 140 2 -34336 17856
309556 140 2 -34388 17986
313548 140 2 -34588 18054
317592 140 2 -34080 17776
321689 140 2 -34248 17854
325838 140 2 -34160 17852
330040 140 2 -34376 17948
334297 140 2 -34044 17842
338609 140 2 -34596 18058
342976 140 2 -34268 17838
347400 140 2 -34500 17990
351881 140 2 -34416 17942
356419 140 2 -34284 17978
361016 140 2 -34304 17882
365673 140 2 -34232 17924
370389 140 2 -34288 17834
375167 140 2 -34136 17838
380005 140 2 -34488 17906
384907 140 2 -34288 17984
389871 140 2 -34000 17780
394900 140 2 -34000 17868
399993 140 2 -34112 17758
405152 140 2 -33896 17890
410378 140 2 -33980 17840
415671 140 2 -34324 17838
421032 140 2 -34364 17932
426463 140 2 -33848 17714
431963 140 2 -34240 17836
437535 140 2 -33956 17912
443178 140 2 -34064 17834
448894 140 2 -34036 17790
454684 140 2 -34188 17850
460548 140 2 -34608 18072
466489 140 2 -33972 17618
472505 140 2 -34376 17932
478600 140 2 -33980 17796
484773 140 2 -34488 17988
491025 140 2 -34832 18148
497358 140 2 -33852 17754
503773 140 2 -34208 17856
510271 140 2 -34148 17794
516852 140 2 -34520 18040
523519 140 2 -34108 17870
530271 140 2 -34100 17728
537111 140 2 -34168 17870
544038 140 2 -33624 17556
551055 140 2 -34640 18086
558163 140 2 -34368 17994
565362 140 2 -34176 17872
572654 140 2 -34224 17914
580040 140 2 -34060 17688
587521 140 2 -34148 17882
595099 140 2 -34000 17698
602775 140 2 -34816 18132
610549 140 2 -34280 17824
618424 140 2 -34148 17792
626400 140 2 -34156 17812
634480 140 2 -33812 17652
642663 140 2 -34120 17812
650952 140 2 -33980 17630
659348 140 2 -34556 18072
667853 140 2 -34104 17848
676467 140 2 -34152 17752
685192 140 2 -33952 17722
694029 140 2 -34452 17970
702981 140 2 -34164 17790
712048 140 2 -34188 17816
721232 140 2 -34396 17956
730534 140 2 -34396 18032
739957 140 2 -34280 17884
749500 140 2 -34296 17888
759168 140 2 -34000 17756
768959 140 2 -34064 17824
778877 140 2 -33904 17714
788923 140 2 -34084 17778
799099 140 2 -34292 17998
809405 140 2 -33860 17742
819845 140 2 -34636 18076
830419 140 2 -34112 17852
841130 140 2 -34304 17958
851979 140 2 -33828 17806
862968 140 2 -34148 17746
874098 140 2 -34008 17800
885373 140 2 -34100 17672
896792 140 2 -33960 17760
908359 140 2 -33932 17680
920075 140 2 -33876 17640
931942 140 2 -33784 17612
943962 140 2 -34408 18016
956137 140 2 -34440 17970
968470 140 2 -34300 17834
980961 140 2 -33936 17766
993613 140 2 -34200 17750
999999 140 2 -34044 17780
