3 60 2.2 -6264 3306
4 60 2.2 -6096 3256
5 60 2.2 -5988 3206
6 60 2.2 -5964 3186
7 60 2.2 -5824 3114
8 60 2.2 -5824 3070
9 60 2.2 -5888 3130
10 60 2.2 -5924 3110
11 60 2.2 -5864 3066
12 60 2.2 -5716 2964
13 60 2.2 -5772 2986
14 60 2.2 -5860 3004
15 60 2.2 -5888 3006
16 60 2.2 -5808 3022
17 60 2.2 -5772 2970
18 60 2.2 -5640 2914
19 60 2.2 -5628 2906
20 60 2.2 -5724 2904
21 60 2.2 -5616 2850
22 60 2.2 -5660 2900
23 60 2.2 -5608 2866
24 60 2.2 -5456 2794
25 60 2.2 -5352 2768
26 60 2.2 -5472 2788
27 60 2.2 -5484 2814
28 60 2.2 -5504 2834
29 60 2.2 -5344 2714
30 60 2.2 -5452 2732
31 60 2.2 -5448 2758
32 60 2.2 -5324 2656
33 60 2.2 -5416 2688
34 60 2.2 -5376 2694
35 60 2.2 -5184 2666
36 60 2.2 -5152 2606
37 60 2.2 -5172 2648
38 60 2.2 -5232 2686
39 60 2.2 -5372 2720
40 60 2.2 -5552 2734
41 60 2.2 -5476 2706
42 60 2.2 -5472 2736
43 60 2.2 -5568 2766
44 60 2.2 -5360 2754
45 60 2.2 -5440 2784
46 60 2.2 -5448 2776
47 60 2.2 -5456 2810
48 60 2.2 -5516 2840
49 60 2.2 -5628 2914
50 60 2.2 -5580 2900
51 60 2.2 -5552 2888
52 60 2.2 -5652 2924
53 60 2.2 -5364 2812
54 60 2.2 -5468 2822
55 60 2.2 -5692 2928
56 60 2.2 -5692 2938
57 60 2.2 -5664 2932
58 60 2.2 -5512 2910
59 60 2.2 -5528 2892
60 60 2.2 -5488 2842
61 60 2.2 -5596 2908
62 60 2.2 -5668 2916
63 60 2.2 -5628 2860
64 60 2.2 -5680 2944
65 60 2.2 -5716 2960
66 60 2.2 -5724 2966
67 60 2.2 -5820 3008
68 60 2.2 -5796 3000
69 60 2.2 -5692 3002
70 60 2.2 -5808 3020
71 60 2.2 -5716 2984
72 60 2.2 -5484 2898
73 60 2.2 -5468 2900
74 60 2.2 -5624 2958
75 60 2.2 -5648 2980
76 60 2.2 -5700 3014
77 60 2.2 -5684 2970
78 60 2.2 -5536 2918
79 60 2.2 -5504 2894
80 60 2.2 -5624 2940
81 60 2.2 -5512 2926
82 60 2.2 -5440 2902
83 60 2.2 -5396 2872
84 60 2.2 -5544 2912
85 60 2.2 -5572 2938
86 60 2.2 -5792 3040
88 60 2.2 -5680 2972
89 60 2.2 -5744 2986
90 60 2.2 -5764 3006
91 60 2.2 -5576 2972
92 60 2.2 -5696 2992
93 60 2.2 -5688 2986
95 60 2.2 -5800 3038
96 60 2.2 -5824 3076
97 60 2.2 -5792 3114
98 60 2.2 -5716 3080
99 60 2.2 -5732 3056
101 60 2.2 -5540 2954
102 60 2.2 -5552 2942
103 60 2.2 -5636 2956
105 60 2.2 -5592 2936
106 60 2.2 -5680 2982
107 60 2.2 -5592 2956
109 60 2.2 -5536 2922
110 60 2.2 -5592 2920
112 60 2.2 -5624 2998
113 60 2.2 -5712 3032
114 60 2.2 -5752 3036
116 60 2.2 -5516 2990
117 60 2.2 -5600 2994
119 60 2.2 -5592 2930
120 60 2.2 -5648 2918
122 60 2.2 -5740 2978
124 60 2.2 -5780 3020
125 60 2.2 -5912 3086
127 60 2.2 -5820 3046
128 60 2.2 -5624 3014
130 60 2.2 -5796 3056
132 60 2.2 -5568 2978
133 60 2.2 -5668 2978
135 60 2.2 -5656 2962
137 60 2.2 -5768 3052
139 60 2.2 -5544 2926
140 60 2.2 -5500 2940
142 60 2.2 -5420 2900
144 60 2.2 -5564 2976
146 60 2.2 -5628 2964
148 60 2.2 -5732 3002
150 60 2.2 -5644 2962
152 60 2.2 -5552 2940
154 60 2.2 -5720 3036
155 60 2.2 -5700 3022
157 60 2.2 -5764 3080
160 60 2.2 -5704 3004
162 60 2.2 -5704 3030
164 60 2.2 -5764 3008
166 60 2.2 -5608 2926
168 60 2.2 -5648 2910
170 60 2.2 -5604 2838
172 60 2.2 -5604 2876
174 60 2.2 -5736 2930
177 60 2.2 -5744 2940
179 60 2.2 -5568 2814
181 60 2.2 -5644 2836
184 60 2.2 -5520 2822
186 60 2.2 -5652 2836
188 60 2.2 -5632 2824
191 60 2.2 -5436 2710
193 60 2.2 -5276 2610
196 60 2.2 -5504 2760
198 60 2.2 -5572 2762
201 60 2.2 -5388 2676
203 60 2.2 -5552 2726
206 60 2.2 -5416 2652
209 60 2.2 -5348 2706
211 60 2.2 -5392 2742
214 60 2.2 -5388 2736
217 60 2.2 -5524 2740
220 60 2.2 -5388 2640
222 60 2.2 -5436 2702
225 60 2.2 -5400 2748
228 60 2.2 -5280 2708
231 60 2.2 -5440 2826
234 60 2.2 -5596 2794
237 60 2.2 -5348 2672
240 60 2.2 -5548 2776
243 60 2.2 -5416 2710
246 60 2.2 -5336 2638
250 60 2.2 -5408 2596
253 60 2.2 -5468 2680
256 60 2.2 -5592 2734
259 60 2.2 -5340 2698
263 60 2.2 -5412 2714
266 60 2.2 -5720 2814
269 60 2.2 -5564 2706
273 60 2.2 -5288 2534
276 60 2.2 -5376 2508
280 60 2.2 -5440 2602
284 60 2.2 -5436 2568
287 60 2.2 -5520 2568
291 60 2.2 -5180 2484
295 60 2.2 -5500 2688
298 60 2.2 -5452 2682
302 60 2.2 -5440 2774
306 60 2.2 -5648 2880
310 60 2.2 -5464 2844
314 60 2.2 -5456 2850
318 60 2.2 -5628 2942
322 60 2.2 -5600 2946
326 60 2.2 -5652 2922
331 60 2.2 -5640 2878
335 60 2.2 -5564 2878
339 60 2.2 -5780 2960
344 60 2.2 -5296 2696
348 60 2.2 -5180 2620
352 60 2.2 -5288 2640
357 60 2.2 -5464 2746
362 60 2.2 -5460 2736
366 60 2.2 -5416 2748
371 60 2.2 -5316 2726
376 60 2.2 -5720 2950
381 60 2.2 -5716 2934
385 60 2.2 -5668 2924
390 60 2.2 -5472 2798
395 60 2.2 -5696 2928
401 60 2.2 -5524 2836
406 60 2.2 -5488 2768
411 60 2.2 -5464 2782
416 60 2.2 -5456 2656
422 60 2.2 -5492 2720
427 60 2.2 -5520 2692
433 60 2.2 -5432 2798
438 60 2.2 -5536 2880
444 60 2.2 -5684 2800
449 60 2.2 -5508 2772
455 60 2.2 -5640 2842
461 60 2.2 -5724 2974
467 60 2.2 -5668 2888
473 60 2.2 -5664 2850
479 60 2.2 -5396 2764
485 60 2.2 -5620 2898
492 60 2.2 -5564 2894
498 60 2.2 -5480 2906
504 60 2.2 -5544 2864
511 60 2.2 -5436 2832
517 60 2.2 -5560 2880
524 60 2.2 -5480 2758
531 60 2.2 -5368 2778
538 60 2.2 -5528 2714
545 60 2.2 -5524 2764
552 60 2.2 -5508 2798
559 60 2.2 -5384 2790
566 60 2.2 -5640 2900
573 60 2.2 -5476 2824
581 60 2.2 -5576 2920
588 60 2.2 -5584 2970
596 60 2.2 -5740 3058
603 60 2.2 -5500 2924
611 60 2.2 -5580 2938
619 60 2.2 -5596 2862
627 60 2.2 -5524 2864
635 60 2.2 -5668 2930
643 60 2.2 -5736 2886
652 60 2.2 -5604 2886
660 60 2.2 -5472 2824
668 60 2.2 -5592 2828
677 60 2.2 -5440 2810
686 60 2.2 -5656 2978
695 60 2.2 -5636 2946
704 60 2.2 -5476 2898
713 60 2.2 -5700 2990
722 60 2.2 -5812 2938
731 60 2.2 -5484 2812
741 60 2.2 -5508 2912
750 60 2.2 -5644 2938
760 60 2.2 -5392 2650
770 60 2.2 -5388 2704
780 60 2.2 -5588 2738
790 60 2.2 -5456 2720
800 60 2.2 -5412 2610
810 60 2.2 -5388 2482
821 60 2.2 -5428 2592
831 60 2.2 -5688 2682
842 60 2.2 -5528 2714
853 60 2.2 -5400 2742
864 60 2.2 -5544 2772
875 60 2.2 -5456 2576
886 60 2.2 -5516 2824
897 60 2.2 -5532 2750
909 60 2.2 -5588 2882
921 60 2.2 -5512 2872
933 60 2.2 -5440 2872
945 60 2.2 -5604 2932
957 60 2.2 -5836 3040
969 60 2.2 -5584 2940
982 60 2.2 -5424 2714
994 60 2.2 -5472 2904
1007 60 2.2 -5580 2934
1020 60 2.2 -5624 2970
1033 60 2.2 -5720 2990
1047 60 2.2 -5516 2906
1060 60 2.2 -5768 3006
1074 60 2.2 -5580 2890
1088 60 2.2 -5416 2844
1102 60 2.2 -5708 3022
1116 60 2.2 -5516 2904
1130 60 2.2 -5404 2874
1145 60 2.2 -5428 2826
1160 60 2.2 -5708 2932
1174 60 2.2 -5780 3076
1190 60 2.2 -5588 2950
1205 60 2.2 -5312 2790
1220 60 2.2 -5756 3008
1236 60 2.2 -5588 2930
1252 60 2.2 -5460 2844
1268 60 2.2 -5620 2910
1285 60 2.2 -5524 2858
1301 60 2.2 -5788 2904
1318 60 2.2 -5580 2820
1335 60 2.2 -5548 2690
1352 60 2.2 -5536 2642
1370 60 2.2 -5352 2382
1387 60 2.2 -5612 2698
1405 60 2.2 -5320 2652
1423 60 2.2 -5372 2630
1442 60 2.2 -5436 2616
1460 60 2.2 -5564 2676
1479 60 2.2 -5560 2830
1498 60 2.2 -5512 2870
1517 60 2.2 -5460 2806
1537 60 2.2 -5412 2794
1557 60 2.2 -5628 2896
1577 60 2.2 -5600 2894
1597 60 2.2 -5532 2794
1618 60 2.2 -5400 2896
1639 60 2.2 -5684 2962
1660 60 2.2 -5736 2884
1681 60 2.2 -5804 2990
1703 60 2.2 -5428 2730
1725 60 2.2 -5456 2876
1747 60 2.2 -5536 2892
1770 60 2.2 -5456 2870
1792 60 2.2 -5476 2912
1816 60 2.2 -5856 3080
1839 60 2.2 -5652 2950
1863 60 2.2 -5572 2828
1887 60 2.2 -5352 2486
1911 60 2.2 -5532 2700
1936 60 2.2 -5436 2648
1961 60 2.2 -5464 2590
1986 60 2.2 -5512 2640
2012 60 2.2 -5588 2766
2037 60 2.2 -5716 2888
2064 60 2.2 -5620 2884
2090 60 2.2 -5776 3004
2117 60 2.2 -5428 2742
2145 60 2.2 -5624 2830
2172 60 2.2 -5544 2724
2200 60 2.2 -5576 2908
2229 60 2.2 -5468 2792
2257 60 2.2 -5644 2790
2286 60 2.2 -5824 3078
2316 60 2.2 -5708 2940
2346 60 2.2 -5852 3036
2376 60 2.2 -5804 3024
2407 60 2.2 -5632 2990
2438 60 2.2 -5776 2816
2469 60 2.2 -5848 3014
2501 60 2.2 -5696 2998
2533 60 2.2 -5812 3018
2566 60 2.2 -5492 2828
2599 60 2.2 -5756 2992
2633 60 2.2 -5412 2616
2667 60 2.2 -5448 2690
2701 60 2.2 -5448 2482
2736 60 2.2 -5532 2904
2771 60 2.2 -5780 3078
2807 60 2.2 -5868 3098
2843 60 2.2 -5712 2994
2880 60 2.2 -5572 2958
2917 60 2.2 -5648 2830
2954 60 2.2 -5604 2918
2992 60 2.2 -5624 2898
3031 60 2.2 -5504 2824
3070 60 2.2 -5660 2954
3110 60 2.2 -5648 2934
3150 60 2.2 -5936 3124
3190 60 2.2 -5628 2946
3232 60 2.2 -5560 2918
3273 60 2.2 -5680 2944
3315 60 2.2 -5604 2922
3358 60 2.2 -5864 3068
3402 60 2.2 -5660 2914
3445 60 2.2 -5760 2904
3490 60 2.2 -5604 2894
3535 60 2.2 -5872 3046
3580 60 2.2 -5672 2944
3627 60 2.2 -5352 2552
3673 60 2.2 -5700 2828
3721 60 2.2 -5492 2790
3769 60 2.2 -5528 2878
3817 60 2.2 -5512 2766
3867 60 2.2 -5520 2764
3916 60 2.2 -5700 2880
3967 60 2.2 -5576 2810
4018 60 2.2 -5664 3020
4070 60 2.2 -5488 2868
4122 60 2.2 -5544 2888
4176 60 2.2 -5660 2944
4229 60 2.2 -5628 2880
4284 60 2.2 -5496 2822
4339 60 2.2 -5712 2990
4395 60 2.2 -5648 2692
4452 60 2.2 -5268 2556
4509 60 2.2 -5560 2866
4567 60 2.2 -5532 2826
4626 60 2.2 -5588 2856
4686 60 2.2 -5256 2806
4746 60 2.2 -5656 2760
4808 60 2.2 -5816 3022
4870 60 2.2 -5580 2534
4932 60 2.2 -5340 2546
4996 60 2.2 -5360 2570
5060 60 2.2 -5508 2870
5126 60 2.2 -5352 2692
5192 60 2.2 -5728 3052
5259 60 2.2 -6044 3168
5327 60 2.2 -5568 2916
5395 60 2.2 -5500 2870
5465 60 2.2 -5164 2472
5535 60 2.2 -5624 2736
5607 60 2.2 -5352 2562
5679 60 2.2 -5708 2950
5752 60 2.2 -5656 2866
5826 60 2.2 -5520 2840
5902 60 2.2 -5724 3018
5978 60 2.2 -5696 2924
6055 60 2.2 -5576 2844
6133 60 2.2 -5908 3072
6212 60 2.2 -5632 2882
6292 60 2.2 -5464 2826
6373 60 2.2 -5212 2452
6455 60 2.2 -5248 2756
6539 60 2.2 -5440 2746
6623 60 2.2 -5828 3104
6708 60 2.2 -5312 2704
6795 60 2.2 -5524 2774
6883 60 2.2 -5568 2910
6971 60 2.2 -5512 2836
7061 60 2.2 -5588 2816
7152 60 2.2 -5400 2750
7245 60 2.2 -5516 2750
7338 60 2.2 -5752 3052
7433 60 2.2 -5660 2938
7529 60 2.2 -5428 2720
7626 60 2.2 -5252 2634
7724 60 2.2 -5772 2914
7824 60 2.2 -5616 2898
7925 60 2.2 -5636 2940
8027 60 2.2 -5108 2642
8130 60 2.2 -5668 2860
8235 60 2.2 -5496 2802
8341 60 2.2 -5688 2966
8449 60 2.2 -5648 2872
8558 60 2.2 -5608 2900
8668 60 2.2 -5696 3022
8780 60 2.2 -5632 2728
8893 60 2.2 -5624 2964
9008 60 2.2 -5564 2992
9124 60 2.2 -5544 2822
9242 60 2.2 -5008 1944
9361 60 2.2 -5740 2966
9482 60 2.2 -5616 2730
9604 60 2.2 -5800 3038
9728 60 2.2 -5720 2988
9853 60 2.2 -5712 3030
9980 60 2.2 -5576 2918
10109 60 2.2 -5408 2622
10240 60 2.2 -5564 2926
10372 60 2.2 -5544 2884
10505 60 2.2 -5528 2752
10641 60 2.2 -5492 2710
10778 60 2.2 -5700 2940
10917 60 2.2 -5412 2768
11058 60 2.2 -5712 2912
11201 60 2.2 -5556 2974
11345 60 2.2 -5528 2804
11491 60 2.2 -5428 2694
11640 60 2.2 -5628 2960
11790 60 2.2 -5800 3014
11942 60 2.2 -5628 3002
12096 60 2.2 -5460 2756
12252 60 2.2 -5332 2744
12410 60 2.2 -5516 2858
12570 60 2.2 -5548 2852
12732 60 2.2 -5732 2874
12896 60 2.2 -5320 2710
13062 60 2.2 -5684 2972
13231 60 2.2 -5480 2722
13402 60 2.2 -5504 2894
13574 60 2.2 -5568 2944
13750 60 2.2 -5440 2756
13927 60 2.2 -5600 2986
14106 60 2.2 -5532 2852
14288 60 2.2 -5560 2902
14473 60 2.2 -5520 2602
14659 60 2.2 -5500 2866
14848 60 2.2 -5688 2948
15040 60 2.2 -5632 3000
15234 60 2.2 -5592 2808
15430 60 2.2 -5772 3018
15629 60 2.2 -5424 2890
15831 60 2.2 -5704 2702
16035 60 2.2 -5400 2404
16242 60 2.2 -5536 2894
16451 60 2.2 -5724 2824
16664 60 2.2 -5636 2936
16879 60 2.2 -5516 2750
17096 60 2.2 -5604 2958
17317 60 2.2 -5412 2780
17540 60 2.2 -5568 2946
17766 60 2.2 -5460 2604
17995 60 2.2 -5524 2800
18228 60 2.2 -5792 3056
18463 60 2.2 -5420 2806
18701 60 2.2 -5584 2906
18942 60 2.2 -5496 2754
19186 60 2.2 -5336 2662
19434 60 2.2 -5528 2614
19684 60 2.2 -5836 3048
19938 60 2.2 -5448 2840
20195 60 2.2 -5432 2818
20456 60 2.2 -5092 2258
20720 60 2.2 -5420 2726
20987 60 2.2 -5532 2532
21258 60 2.2 -5456 2780
21532 60 2.2 -5724 2866
21810 60 2.2 -5364 2764
22091 60 2.2 -5460 2854
22376 60 2.2 -5492 2866
22664 60 2.2 -5560 2850
22957 60 2.2 -5684 2988
23253 60 2.2 -5376 2526
23553 60 2.2 -5720 2896
23856 60 2.2 -5572 2758
24164 60 2.2 -5620 2834
24476 60 2.2 -5624 2950
24791 60 2.2 -5524 2846
25111 60 2.2 -5496 2824
25435 60 2.2 -5336 2620
25763 60 2.2 -5584 2886
26095 60 2.2 -5800 2998
26432 60 2.2 -5504 2634
26773 60 2.2 -5748 3034
27118 60 2.2 -5432 2516
27468 60 2.2 -5476 2818
27822 60 2.2 -5544 2838
28181 60 2.2 -5744 2984
28545 60 2.2 -5688 2888
28913 60 2.2 -5512 2866
29286 60 2.2 -5468 2882
29663 60 2.2 -5620 2992
30046 60 2.2 -5500 2802
30434 60 2.2 -5872 3072
30826 60 2.2 -5696 2938
31224 60 2.2 -5876 3112
31626 60 2.2 -5876 2998
32034 60 2.2 -5580 2820
32447 60 2.2 -5568 2712
32866 60 2.2 -5768 3024
33290 60 2.2 -5488 2666
33719 60 2.2 -5644 2876
34154 60 2.2 -5672 2936
34595 60 2.2 -5360 2680
35041 60 2.2 -5696 2822
35493 60 2.2 -5624 2988
35951 60 2.2 -5784 3044
36414 60 2.2 -5468 2786
36884 60 2.2 -5408 2590
37360 60 2.2 -5968 3116
37841 60 2.2 -5444 2762
38330 60 2.2 -5524 2882
38824 60 2.2 -5164 2692
39325 60 2.2 -5472 2738
39832 60 2.2 -5376 2708
40346 60 2.2 -5648 3020
40866 60 2.2 -5752 3046
41393 60 2.2 -5480 2868
41927 60 2.2 -5324 2662
42468 60 2.2 -5652 2960
43015 60 2.2 -5656 2824
43570 60 2.2 -5800 3056
44132 60 2.2 -5616 2892
44701 60 2.2 -5784 3010
45278 60 2.2 -5596 2914
45862 60 2.2 -5756 3034
46453 60 2.2 -5332 2552
47053 60 2.2 -5684 2970
47660 60 2.2 -5496 2760
48274 60 2.2 -5764 2974
48897 60 2.2 -5580 2718
49528 60 2.2 -5660 2828
50166 60 2.2 -5784 2998
50813 60 2.2 -5656 2886
51469 60 2.2 -5564 2860
52133 60 2.2 -5680 3042
52805 60 2.2 -5388 2652
53486 60 2.2 -5788 3056
54176 60 2.2 -5260 2642
54875 60 2.2 -5420 2754
55582 60 2.2 -5612 2966
56299 60 2.2 -5672 2856
57025 60 2.2 -5576 2832
57761 60 2.2 -5368 2670
58506 60 2.2 -5636 3004
59261 60 2.2 -5720 2848
60025 60 2.2 -5576 2702
60799 60 2.2 -5696 2978
61583 60 2.2 -5476 2818
62378 60 2.2 -5468 2800
63182 60 2.2 -5492 2642
63997 60 2.2 -5612 2962
64822 60 2.2 -5360 2574
65658 60 2.2 -5708 2854
66505 60 2.2 -5660 2900
67363 60 2.2 -5528 2830
68232 60 2.2 -5684 2842
69112 60 2.2 -5460 2892
70003 60 2.2 -5864 3038
70906 60 2.2 -5568 2808
71821 60 2.2 -5688 2868
72747 60 2.2 -5792 2994
73685 60 2.2 -5512 2774
74636 60 2.2 -5924 3120
75599 60 2.2 -5500 2854
76574 60 2.2 -5692 2952
77561 60 2.2 -5604 2924
78562 60 2.2 -5328 2604
79575 60 2.2 -5880 3094
80601 60 2.2 -5580 2868
81641 60 2.2 -5492 2772
82694 60 2.2 -5468 2668
83760 60 2.2 -5564 2828
84841 60 2.2 -5824 3074
85935 60 2.2 -5632 2812
87043 60 2.2 -5648 3008
88166 60 2.2 -5832 3026
89303 60 2.2 -5516 2862
90455 60 2.2 -5376 2788
91622 60 2.2 -5612 2900
92803 60 2.2 -5924 3180
94000 60 2.2 -5596 2780
95213 60 2.2 -5620 2944
96441 60 2.2 -5972 3084
97685 60 2.2 -5428 2638
98945 60 2.2 -5836 2996
100221 60 2.2 -5520 2834
101513 60 2.2 -5640 2846
102823 60 2.2 -5688 3014
104149 60 2.2 -5560 2674
105492 60 2.2 -5632 2938
106853 60 2.2 -5408 2764
108231 60 2.2 -5512 2550
109627 60 2.2 -5684 2952
111041 60 2.2 -5600 2884
112473 60 2.2 -5372 2866
113924 60 2.2 -5496 2804
115393 60 2.2 -5456 2792
116882 60 2.2 -5520 2744
118389 60 2.2 -5296 2710
119916 60 2.2 -5348 2748
121463 60 2.2 -5596 2804
123029 60 2.2 -5428 2748
124616 60 2.2 -5396 2758
126224 60 2.2 -5564 2892
127852 60 2.2 -5648 2908
129501 60 2.2 -5676 2986
131171 60 2.2 -5844 3006
132863 60 2.2 -5412 2724
134576 60 2.2 -5648 3008
136312 60 2.2 -5616 2892
138070 60 2.2 -5612 2934
139851 60 2.2 -5400 2744
141655 60 2.2 -5640 2964
143482 60 2.2 -5652 2720
145333 60 2.2 -5396 2820
147207 60 2.2 -5616 2868
149106 60 2.2 -5728 2880
151029 60 2.2 -5316 2398
152977 60 2.2 -5488 2806
154950 60 2.2 -5448 2674
156948 60 2.2 -5704 2990
158973 60 2.2 -5836 3064
161023 60 2.2 -5660 2802
163100 60 2.2 -5772 3052
165204 60 2.2 -5504 2768
167334 60 2.2 -5356 2710
169493 60 2.2 -5724 2870
171679 60 2.2 -5496 2822
173893 60 2.2 -5808 2850
176136 60 2.2 -5760 3014
178408 60 2.2 -5580 2804
180709 60 2.2 -5524 2680
183040 60 2.2 -5696 2936
185400 60 2.2 -5620 2952
187792 60 2.2 -5728 2980
190214 60 2.2 -5352 2864
192667 60 2.2 -5436 2834
195152 60 2.2 -5636 2888
197669 60 2.2 -5804 3056
200219 60 2.2 -5364 2722
202801 60 2.2 -5804 3058
205417 60 2.2 -5140 2300
208066 60 2.2 -5736 2988
210750 60 2.2 -5428 2828
213468 60 2.2 -5728 3016
216222 60 2.2 -5584 2874
219010 60 2.2 -5552 2890
221835 60 2.2 -5484 2826
224696 60 2.2 -5504 2344
227595 60 2.2 -5352 2688
230530 60 2.2 -5692 2910
233503 60 2.2 -5436 2632
236515 60 2.2 -5484 2716
239566 60 2.2 -5524 2824
242656 60 2.2 -5440 2856
245785 60 2.2 -5596 2922
248956 60 2.2 -5792 2928
252167 60 2.2 -5704 3024
255419 60 2.2 -5508 2878
258713 60 2.2 -5404 2648
262050 60 2.2 -5668 2932
265430 60 2.2 -5432 2582
268854 60 2.2 -5492 2880
272321 60 2.2 -5564 2950
275834 60 2.2 -5652 2906
279391 60 2.2 -5676 2958
282995 60 2.2 -5396 2854
286645 60 2.2 -5688 2924
290342 60 2.2 -5940 3130
294087 60 2.2 -5908 3030
297880 60 2.2 -5360 2676
301722 60 2.2 -5348 2670
305614 60 2.2 -5748 3000
309556 60 2.2 -5504 2914
313548 60 2.2 -5580 2842
317592 60 2.2 -5664 2960
321689 60 2.2 -5520 2842
325838 60 2.2 -5148 -1290
330040 60 2.2 -5252 -2522
334297 60 2.2 -5016 -2288
338609 60 2.2 -5580 -2972
342976 60 2.2 -5368 -2772
347400 60 2.2 -5544 -2830
351881 60 2.2 -5492 -2844
356419 60 2.2 -5508 -2808
361016 60 2.2 -5448 -2624
365673 60 2.2 -5660 -2800
370389 60 2.2 -5596 -2802
375167 60 2.2 -5280 -2574
380005 60 2.2 -5692 -3036
384907 60 2.2 -5652 -2942
389871 60 2.2 -5480 -2616
394900 60 2.2 -5392 -2448
399993 60 2.2 -5656 -2894
405152 60 2.2 -5520 -2896
410378 60 2.2 -5748 -2668
415671 60 2.2 -5440 -2828
421032 60 2.2 -5840 -3050
426463 60 2.2 -5500 -2770
431963 60 2.2 -5672 -2998
437535 60 2.2 -5456 -2560
443178 60 2.2 -5764 -2966
448894 60 2.2 -5668 -2946
454684 60 2.2 -5800 -2988
460548 60 2.2 -5840 -3104
466489 60 2.2 -5504 -2938
472505 60 2.2 -5620 -2980
478600 60 2.2 -5608 -2978
484773 60 2.2 -5832 -3104
491025 60 2.2 -5464 -2786
497358 60 2.2 -5500 -2748
503773 60 2.2 -5524 -2906
510271 60 2.2 -5804 -3010
516852 60 2.2 -5688 -2966
523519 60 2.2 -5648 -2772
530271 60 2.2 -5728 -3046
537111 60 2.2 -5580 -2904
544038 60 2.2 -5708 -3036
551055 60 2.2 -5500 -2918
558163 60 2.2 -5700 -3022
565362 60 2.2 -5596 -2998
572654 60 2.2 -5404 -2784
580040 60 2.2 -5608 -2814
587521 60 2.2 -5792 -3006
595099 60 2.2 -5996 -3166
602775 60 2.2 -5644 -2974
610549 60 2.2 -5500 -2880
618424 60 2.2 -5712 -3014
626400 60 2.2 -5736 -2994
634480 60 2.2 -5484 -2576
642663 60 2.2 -5476 -2874
650952 60 2.2 -5696 -2840
659348 60 2.2 -5532 -2872
667853 60 2.2 -5960 -3088
676467 60 2.2 -5700 -2994
685192 60 2.2 -5644 -2926
694029 60 2.2 -5744 -3030
702981 60 2.2 -5456 -2684
712048 60 2.2 -5564 -2888
721232 60 2.2 -5540 -2814
730534 60 2.2 -5808 -2982
739957 60 2.2 -5732 -2950
749500 60 2.2 -5344 -2460
759168 60 2.2 -5524 -2830
768959 60 2.2 -5248 -2558
778877 60 2.2 -5624 -2936
788923 60 2.2 -5624 -3020
799099 60 2.2 -5556 -2766
809405 60 2.2 -5724 -2912
819845 60 2.2 -5712 -2910
830419 60 2.2 -5372 -2786
841130 60 2.2 -5684 -2862
851979 60 2.2 -5400 -2698
862968 60 2.2 -5688 -3000
874098 60 2.2 -5384 -2732
885373 60 2.2 -5432 -2690
896792 60 2.2 -5464 -2202
908359 60 2.2 -5652 -2846
920075 60 2.2 -5352 -2806
931942 60 2.2 -5548 -2902
943962 60 2.2 -5852 -3080
956137 60 2.2 -5592 -2782
968470 60 2.2 -5564 -2750
980961 60 2.2 -5680 -2976
993613 60 2.2 -5400 -2602
999999 60 2.2 -5464 -2772
