3 60 2 -6544 3396
4 60 2 -6324 3328
5 60 2 -6240 3300
6 60 2 -6380 3330
7 60 2 -6376 3306
8 60 2 -6416 3314
9 60 2 -6448 3306
10 60 2 -6388 3268
11 60 2 -6420 3302
12 60 2 -6384 3304
13 60 2 -6384 3304
14 60 2 -6364 3298
15 60 2 -6328 3280
16 60 2 -6268 3290
17 60 2 -6288 3268
18 60 2 -6408 3320
19 60 2 -6240 3266
20 60 2 -6316 3296
21 60 2 -6428 3332
22 60 2 -6400 3342
23 60 2 -6304 3308
24 60 2 -6316 3312
25 60 2 -6260 3290
26 60 2 -6240 3290
27 60 2 -6372 3340
28 60 2 -6424 3362
29 60 2 -6336 3338
30 60 2 -6240 3308
31 60 2 -6356 3316
32 60 2 -6324 3312
33 60 2 -6312 3318
34 60 2 -6368 3322
35 60 2 -6200 3276
36 60 2 -6324 3324
37 60 2 -6256 3276
38 60 2 -6192 3270
39 60 2 -6204 3276
40 60 2 -6188 3246
41 60 2 -6180 3268
42 60 2 -6364 3326
43 60 2 -6348 3300
44 60 2 -6340 3330
45 60 2 -6320 3308
46 60 2 -6344 3336
47 60 2 -6472 3356
48 60 2 -6492 3350
49 60 2 -6484 3362
50 60 2 -6476 3358
51 60 2 -6480 3362
52 60 2 -6284 3312
53 60 2 -6400 3340
54 60 2 -6416 3352
55 60 2 -6332 3320
56 60 2 -6376 3326
57 60 2 -6404 3342
58 60 2 -6416 3348
59 60 2 -6372 3304
60 60 2 -6400 3330
61 60 2 -6388 3336
62 60 2 -6352 3328
63 60 2 -6360 3320
64 60 2 -6356 3322
65 60 2 -6268 3280
66 60 2 -6216 3256
67 60 2 -6240 3274
68 60 2 -6076 3212
69 60 2 -6152 3236
70 60 2 -6284 3288
71 60 2 -6284 3306
72 60 2 -6284 3278
73 60 2 -6128 3246
74 60 2 -6184 3264
75 60 2 -6236 3292
76 60 2 -6328 3326
77 60 2 -6344 3304
78 60 2 -6316 3298
79 60 2 -6252 3292
80 60 2 -6236 3256
81 60 2 -6252 3272
82 60 2 -6216 3258
83 60 2 -6204 3228
84 60 2 -6276 3266
85 60 2 -6200 3244
86 60 2 -6252 3260
88 60 2 -6136 3242
89 60 2 -6076 3218
90 60 2 -6196 3264
91 60 2 -6316 3294
92 60 2 -6264 3290
93 60 2 -6240 3268
95 60 2 -6224 3270
96 60 2 -6248 3246
97 60 2 -6208 3202
98 60 2 -6188 3224
99 60 2 -6220 3258
101 60 2 -6316 3248
102 60 2 -6316 3248
103 60 2 -6412 3270
105 60 2 -6224 3212
106 60 2 -6240 3222
107 60 2 -6304 3224
109 60 2 -6140 3190
110 60 2 -6232 3200
112 60 2 -6308 3204
113 60 2 -6288 3226
114 60 2 -6212 3202
116 60 2 -6236 3226
117 60 2 -6212 3230
119 60 2 -6172 3220
120 60 2 -6204 3250
122 60 2 -6268 3264
124 60 2 -6236 3286
125 60 2 -6356 3310
127 60 2 -6284 3324
128 60 2 -6448 3376
130 60 2 -6440 3364
132 60 2 -6248 3292
133 60 2 -6220 3268
135 60 2 -6080 3240
137 60 2 -6260 3284
139 60 2 -6212 3286
140 60 2 -6156 3260
142 60 2 -6160 3258
144 60 2 -6376 3302
146 60 2 -6436 3330
148 60 2 -6372 3334
150 60 2 -6328 3308
152 60 2 -6308 3312
154 60 2 -6396 3332
155 60 2 -6388 3322
157 60 2 -6256 3258
160 60 2 -6156 3216
162 60 2 -6040 3180
164 60 2 -6256 3270
166 60 2 -6204 3238
168 60 2 -6188 3236
170 60 2 -6432 3354
172 60 2 -6444 3354
174 60 2 -6364 3326
177 60 2 -6560 3374
179 60 2 -6372 3306
181 60 2 -6452 3366
184 60 2 -6104 3226
186 60 2 -6428 3344
188 60 2 -6328 3318
191 60 2 -6420 3334
193 60 2 -6384 3326
196 60 2 -6332 3320
198 60 2 -6396 3318
201 60 2 -6272 3286
203 60 2 -6384 3354
206 60 2 -6436 3374
209 60 2 -6480 3388
211 60 2 -6380 3316
214 60 2 -6288 3278
217 60 2 -6176 3234
220 60 2 -6196 3240
222 60 2 -6196 3218
225 60 2 -6208 3194
228 60 2 -6212 3190
231 60 2 -6236 3240
234 60 2 -6152 3166
237 60 2 -6080 3198
240 60 2 -6248 3278
243 60 2 -6336 3300
246 60 2 -6056 3226
250 60 2 -6244 3302
253 60 2 -6268 3306
256 60 2 -6496 3396
259 60 2 -6424 3378
263 60 2 -6312 3298
266 60 2 -6284 3282
269 60 2 -6232 3274
273 60 2 -6356 3296
276 60 2 -6364 3328
280 60 2 -6232 3246
284 60 2 -6036 3222
287 60 2 -6272 3296
291 60 2 -6260 3288
295 60 2 -6172 3240
298 60 2 -6356 3294
302 60 2 -6124 3198
306 60 2 -6276 3284
310 60 2 -6292 3296
314 60 2 -6336 3310
318 60 2 -6372 3330
322 60 2 -6404 3356
326 60 2 -6376 3298
331 60 2 -6188 3242
335 60 2 -6240 3298
339 60 2 -6324 3280
344 60 2 -6240 3286
348 60 2 -6444 3352
352 60 2 -6512 3362
357 60 2 -6308 3298
362 60 2 -6200 3216
366 60 2 -6240 3256
371 60 2 -6368 3330
376 60 2 -6216 3230
381 60 2 -6356 3302
385 60 2 -6136 3222
390 60 2 -6316 3262
395 60 2 -6412 3312
401 60 2 -6280 3268
406 60 2 -6292 3284
411 60 2 -6292 3252
416 60 2 -6292 3254
422 60 2 -6200 3258
427 60 2 -6180 3228
433 60 2 -6228 3258
438 60 2 -6400 3328
444 60 2 -6368 3314
449 60 2 -6320 3270
455 60 2 -6376 3318
461 60 2 -6328 3300
467 60 2 -6320 3302
473 60 2 -6292 3276
479 60 2 -6296 3250
485 60 2 -6216 3230
492 60 2 -6220 3260
498 60 2 -6248 3282
504 60 2 -6148 3262
511 60 2 -6336 3316
517 60 2 -6132 3240
524 60 2 -6300 3268
531 60 2 -6288 3266
538 60 2 -6384 3354
545 60 2 -6400 3324
552 60 2 -6456 3340
559 60 2 -6400 3300
566 60 2 -6232 3212
573 60 2 -6220 3242
581 60 2 -6348 3306
588 60 2 -6208 3264
596 60 2 -6268 3278
603 60 2 -6316 3296
611 60 2 -6288 3322
619 60 2 -6244 3304
627 60 2 -6240 3294
635 60 2 -6372 3320
643 60 2 -6216 3250
652 60 2 -5908 3118
660 60 2 -6004 3174
668 60 2 -6416 3286
677 60 2 -6432 3300
686 60 2 -6428 3332
695 60 2 -6212 3274
704 60 2 -6416 3326
713 60 2 -6252 3272
722 60 2 -6280 3278
731 60 2 -6288 3270
741 60 2 -6208 3226
750 60 2 -6204 3248
760 60 2 -6532 3392
770 60 2 -6232 3264
780 60 2 -6400 3352
790 60 2 -6464 3356
800 60 2 -6320 3324
810 60 2 -6268 3302
821 60 2 -6312 3306
831 60 2 -6452 3362
842 60 2 -6340 3310
853 60 2 -6232 3268
864 60 2 -6360 3346
875 60 2 -6128 3220
886 60 2 -6276 3206
897 60 2 -6216 3108
909 60 2 -6148 3054
921 60 2 -6188 3162
933 60 2 -6216 3216
945 60 2 -6224 3242
957 60 2 -6316 3290
969 60 2 -6212 3246
982 60 2 -6184 3248
994 60 2 -6288 3324
1007 60 2 -6240 3282
1020 60 2 -6136 3216
1033 60 2 -6188 3240
1047 60 2 -6340 3310
1060 60 2 -6344 3324
1074 60 2 -6416 3336
1088 60 2 -6256 3282
1102 60 2 -6248 3278
1116 60 2 -6308 3312
1130 60 2 -6168 3264
1145 60 2 -6320 3304
1160 60 2 -6344 3318
1174 60 2 -6292 3276
1190 60 2 -6200 3262
1205 60 2 -6252 3260
1220 60 2 -6148 3220
1236 60 2 -6296 3290
1252 60 2 -6292 3308
1268 60 2 -6380 3294
1285 60 2 -6240 3284
1301 60 2 -6384 3344
1318 60 2 -6160 3246
1335 60 2 -6052 3196
1352 60 2 -6328 3188
1370 60 2 -6212 3232
1387 60 2 -6308 3290
1405 60 2 -6196 3254
1423 60 2 -6544 3392
1442 60 2 -6292 3286
1460 60 2 -6400 3326
1479 60 2 -6180 3206
1498 60 2 -6096 3164
1517 60 2 -6212 3264
1537 60 2 -6392 3318
1557 60 2 -6504 3390
1577 60 2 -6404 3338
1597 60 2 -6328 3304
1618 60 2 -6240 3252
1639 60 2 -6220 3166
1660 60 2 -6100 3214
1681 60 2 -6312 3300
1703 60 2 -6420 3366
1725 60 2 -6176 3216
1747 60 2 -6288 3274
1770 60 2 -6180 3234
1792 60 2 -6308 3320
1816 60 2 -6464 3358
1839 60 2 -6220 3246
1863 60 2 -6360 3320
1887 60 2 -6364 3320
1911 60 2 -6164 3242
1936 60 2 -6260 3300
1961 60 2 -6220 3274
1986 60 2 -6052 3188
2012 60 2 -6256 3252
2037 60 2 -6392 3302
2064 60 2 -6312 3288
2090 60 2 -6160 3230
2117 60 2 -6188 3228
2145 60 2 -6456 3362
2172 60 2 -6252 3290
2200 60 2 -6276 3296
2229 60 2 -6484 3348
2257 60 2 -6492 3390
2286 60 2 -6388 3318
2316 60 2 -6260 3294
2346 60 2 -6292 3324
2376 60 2 -6344 3326
2407 60 2 -6228 3252
2438 60 2 -6312 3282
2469 60 2 -6392 3348
2501 60 2 -6216 3238
2533 60 2 -6248 3254
2566 60 2 -6192 3270
2599 60 2 -6312 3310
2633 60 2 -6296 3270
2667 60 2 -6232 3278
2701 60 2 -6200 3260
2736 60 2 -6236 3278
2771 60 2 -6236 3242
2807 60 2 -6260 3264
2843 60 2 -6292 3304
2880 60 2 -6328 3304
2917 60 2 -6456 3356
2954 60 2 -6212 3238
2992 60 2 -6260 3272
3031 60 2 -6168 3248
3070 60 2 -6312 3260
3110 60 2 -6276 3212
3150 60 2 -6236 3210
3190 60 2 -6340 3294
3232 60 2 -6064 3154
3273 60 2 -6256 3214
3315 60 2 -6300 3272
3358 60 2 -6260 3292
3402 60 2 -6224 3240
3445 60 2 -6060 3218
3490 60 2 -6420 3346
3535 60 2 -6352 3292
3580 60 2 -6184 3236
3627 60 2 -6164 3178
3673 60 2 -6144 3136
3721 60 2 -6084 3176
3769 60 2 -6356 3316
3817 60 2 -6512 3382
3867 60 2 -6232 3262
3916 60 2 -6160 3260
3967 60 2 -6264 3284
4018 60 2 -6380 3332
4070 60 2 -6272 3270
4122 60 2 -6184 3236
4176 60 2 -6296 3274
4229 60 2 -6204 3276
4284 60 2 -6232 3236
4339 60 2 -6432 3352
4395 60 2 -6404 3364
4452 60 2 -6228 3256
4509 60 2 -6068 3208
4567 60 2 -6264 3254
4626 60 2 -6360 3292
4686 60 2 -6244 3290
4746 60 2 -6148 3210
4808 60 2 -6244 3248
4870 60 2 -6284 3312
4932 60 2 -6180 3250
4996 60 2 -6120 3234
5060 60 2 -6320 3302
5126 60 2 -6232 3268
5192 60 2 -6232 3246
5259 60 2 -6188 3252
5327 60 2 -6260 3304
5395 60 2 -6248 3292
5465 60 2 -6272 3256
5535 60 2 -6216 3270
5607 60 2 -6472 3372
5679 60 2 -6092 3218
5752 60 2 -6208 3182
5826 60 2 -6196 3190
5902 60 2 -6264 3304
5978 60 2 -6204 3230
6055 60 2 -6320 3316
6133 60 2 -6312 3324
6212 60 2 -6312 3294
6292 60 2 -6372 3330
6373 60 2 -6320 3310
6455 60 2 -6204 3210
6539 60 2 -6640 3426
6623 60 2 -6384 3326
6708 60 2 -6148 3214
6795 60 2 -6120 3176
6883 60 2 -6224 3256
6971 60 2 -6384 3334
7061 60 2 -6200 3150
7152 60 2 -6188 3256
7245 60 2 -6352 3332
7338 60 2 -6092 3182
7433 60 2 -6244 3266
7529 60 2 -6564 3376
7626 60 2 -6208 3272
7724 60 2 -6340 3314
7824 60 2 -6400 3360
7925 60 2 -6436 3354
8027 60 2 -6328 3316
8130 60 2 -6388 3294
8235 60 2 -6216 3286
8341 60 2 -6092 3216
8449 60 2 -6388 3308
8558 60 2 -6272 3300
8668 60 2 -6176 3250
8780 60 2 -6260 3188
8893 60 2 -6208 3256
9008 60 2 -6248 3276
9124 60 2 -6424 3354
9242 60 2 -6108 3184
9361 60 2 -6100 3154
9482 60 2 -6260 3276
9604 60 2 -6296 3288
9728 60 2 -6280 3284
9853 60 2 -6316 3286
9980 60 2 -6364 3302
10109 60 2 -6364 3332
10240 60 2 -6260 3268
10372 60 2 -6188 3232
10505 60 2 -6304 3320
10641 60 2 -6436 3338
10778 60 2 -6428 3342
10917 60 2 -6288 3292
11058 60 2 -6244 3282
11201 60 2 -6172 3166
11345 60 2 -6376 3342
11491 60 2 -6288 3312
11640 60 2 -5924 3104
11790 60 2 -6332 3318
11942 60 2 -6308 3306
12096 60 2 -6268 3304
12252 60 2 -6472 3368
12410 60 2 -6144 3190
12570 60 2 -6368 3300
12732 60 2 -6264 3300
12896 60 2 -6268 3232
13062 60 2 -6384 3304
13231 60 2 -6276 3274
13402 60 2 -6232 3186
13574 60 2 -6100 3200
13750 60 2 -6444 3372
13927 60 2 -6344 3302
14106 60 2 -6368 3320
14288 60 2 -6348 3316
14473 60 2 -6228 3202
14659 60 2 -6408 3340
14848 60 2 -6404 3346
15040 60 2 -6384 3332
15234 60 2 -6260 3302
15430 60 2 -6292 3318
15629 60 2 -6412 3336
15831 60 2 -6252 3274
16035 60 2 -6340 3302
16242 60 2 -6216 3280
16451 60 2 -6328 3298
16664 60 2 -6412 3352
16879 60 2 -6252 3216
17096 60 2 -6444 3334
17317 60 2 -6360 3340
17540 60 2 -6252 3300
17766 60 2 -6492 3382
17995 60 2 -6324 3294
18228 60 2 -6232 3196
18463 60 2 -6168 3268
18701 60 2 -6188 3248
18942 60 2 -6304 3254
19186 60 2 -6284 3310
19434 60 2 -6256 3288
19684 60 2 -6396 3342
19938 60 2 -6344 3296
20195 60 2 -6376 3332
20456 60 2 -6360 3298
20720 60 2 -6380 3336
20987 60 2 -6300 3294
21258 60 2 -6280 3288
21532 60 2 -6216 3246
21810 60 2 -6304 3290
22091 60 2 -6328 3312
22376 60 2 -6340 3332
22664 60 2 -6356 3342
22957 60 2 -6184 3248
23253 60 2 -6176 3188
23553 60 2 -6304 3302
23856 60 2 -6116 3226
24164 60 2 -6376 3354
24476 60 2 -6200 3170
24791 60 2 -6424 3356
25111 60 2 -6112 3242
25435 60 2 -6340 3284
25763 60 2 -6160 3226
26095 60 2 -6296 3254
26432 60 2 -6136 3244
26773 60 2 -6220 3274
27118 60 2 -6296 3226
27468 60 2 -6160 3226
27822 60 2 -6224 3282
28181 60 2 -6236 3278
28545 60 2 -6256 3292
28913 60 2 -6240 3244
29286 60 2 -6160 3262
29663 60 2 -6296 3280
30046 60 2 -6240 3274
30434 60 2 -6272 3272
30826 60 2 -6260 3290
31224 60 2 -6388 3330
31626 60 2 -6092 3230
32034 60 2 -6048 3170
32447 60 2 -6348 3310
32866 60 2 -6204 3230
33290 60 2 -6272 3286
33719 60 2 -6308 3294
34154 60 2 -6292 3304
34595 60 2 -6280 3312
35041 60 2 -6432 3358
35493 60 2 -6372 3282
35951 60 2 -6160 3244
36414 60 2 -6376 3312
36884 60 2 -6380 3338
37360 60 2 -6332 3302
37841 60 2 -6084 3190
38330 60 2 -6348 3318
38824 60 2 -6320 3274
39325 60 2 -6352 3302
39832 60 2 -6180 3236
40346 60 2 -6268 3288
40866 60 2 -6268 3260
41393 60 2 -6204 3252
41927 60 2 -6300 3240
42468 60 2 -6340 3320
43015 60 2 -6276 3304
43570 60 2 -6528 3404
44132 60 2 -6272 3256
44701 60 2 -6420 3350
45278 60 2 -6252 3280
45862 60 2 -6356 3302
46453 60 2 -6380 3324
47053 60 2 -6388 3352
47660 60 2 -6328 3314
48274 60 2 -6128 3252
48897 60 2 -6284 3270
49528 60 2 -6344 3320
50166 60 2 -6316 3302
50813 60 2 -6412 3354
51469 60 2 -6436 3374
52133 60 2 -6272 3272
52805 60 2 -6292 3272
53486 60 2 -6296 3304
54176 60 2 -6308 3238
54875 60 2 -6216 3262
55582 60 2 -6196 3242
56299 60 2 -6180 3282
57025 60 2 -6316 3298
57761 60 2 -6276 3254
58506 60 2 -6244 3294
59261 60 2 -6388 3320
60025 60 2 -6208 3232
60799 60 2 -6316 3294
61583 60 2 -6204 3246
62378 60 2 -6256 3246
63182 60 2 -6328 3308
63997 60 2 -6184 3218
64822 60 2 -6236 3258
65658 60 2 -6116 3236
66505 60 2 -6432 3366
67363 60 2 -6352 3274
68232 60 2 -6424 3350
69112 60 2 -6248 3272
70003 60 2 -6296 3284
70906 60 2 -6244 3264
71821 60 2 -6260 3300
72747 60 2 -6472 3360
73685 60 2 -6384 3324
74636 60 2 -6260 3308
75599 60 2 -6408 3338
76574 60 2 -6292 3126
77561 60 2 -6244 3240
78562 60 2 -6192 3178
79575 60 2 -6180 3248
80601 60 2 -6324 3314
81641 60 2 -6300 3308
82694 60 2 -6280 3292
83760 60 2 -6424 3362
84841 60 2 -6368 3302
85935 60 2 -6300 3286
87043 60 2 -6224 3264
88166 60 2 -6144 3240
89303 60 2 -6172 3212
90455 60 2 -6164 3274
91622 60 2 -6244 3296
92803 60 2 -6356 3298
94000 60 2 -6164 3242
95213 60 2 -6256 3274
96441 60 2 -6276 3250
97685 60 2 -6248 3258
98945 60 2 -6368 3262
100221 60 2 -6248 3270
101513 60 2 -6120 3194
102823 60 2 -6272 3304
104149 60 2 -6160 3182
105492 60 2 -6324 3284
106853 60 2 -6296 3320
108231 60 2 -6364 3346
109627 60 2 -6060 3224
111041 60 2 -6248 3264
112473 60 2 -6252 3242
113924 60 2 -6316 3302
115393 60 2 -6252 3304
116882 60 2 -6176 3204
118389 60 2 -6568 3384
119916 60 2 -6328 3292
121463 60 2 -6312 3306
123029 60 2 -6124 3194
124616 60 2 -6460 3352
126224 60 2 -6104 3214
127852 60 2 -6396 3336
129501 60 2 -6324 3274
131171 60 2 -6432 3340
132863 60 2 -6164 3224
134576 60 2 -6084 3158
136312 60 2 -6332 3328
138070 60 2 -6408 3360
139851 60 2 -6236 3276
141655 60 2 -6384 3324
143482 60 2 -6024 3114
145333 60 2 -6376 3314
147207 60 2 -6284 3282
149106 60 2 -6100 3216
151029 60 2 -6328 3312
152977 60 2 -6356 3334
154950 60 2 -6288 3240
156948 60 2 -6236 3214
158973 60 2 -6408 3310
161023 60 2 -6252 3234
163100 60 2 -6340 3250
165204 60 2 -6264 3240
167334 60 2 -6244 3260
169493 60 2 -6292 3294
171679 60 2 -6280 3264
173893 60 2 -6408 3346
176136 60 2 -6248 3266
178408 60 2 -6076 3096
180709 60 2 -6304 3316
183040 60 2 -6328 3328
185400 60 2 -6208 3262
187792 60 2 -6072 3146
190214 60 2 -6260 3252
192667 60 2 -6372 3298
195152 60 2 -6200 3220
197669 60 2 -6508 3388
200219 60 2 -6160 3230
202801 60 2 -6340 3304
205417 60 2 -6376 3296
208066 60 2 -6288 3286
210750 60 2 -6368 3344
213468 60 2 -6400 3326
216222 60 2 -6348 3322
219010 60 2 -6148 3142
221835 60 2 -6224 3236
224696 60 2 -6400 3306
227595 60 2 -6332 3278
230530 60 2 -6132 3204
233503 60 2 -6324 3310
236515 60 2 -6320 3282
239566 60 2 -6212 3228
242656 60 2 -6380 3314
245785 60 2 -6104 3230
248956 60 2 -6196 3182
252167 60 2 -6300 3284
255419 60 2 -6168 3248
258713 60 2 -6168 3206
262050 60 2 -6152 3260
265430 60 2 -6348 3316
268854 60 2 -6384 3314
272321 60 2 -6252 3244
275834 60 2 -6292 3310
279391 60 2 -6292 3244
282995 60 2 -6256 3268
286645 60 2 -6372 3338
290342 60 2 -6284 3268
294087 60 2 -6244 3246
297880 60 2 -6240 3308
301722 60 2 -6200 3166
305614 60 2 -6188 3188
309556 60 2 -6260 3282
313548 60 2 -6200 3252
317592 60 2 -6212 3244
321689 60 2 -6244 3266
325838 60 2 -6412 3310
330040 60 2 -6208 3268
334297 60 2 -6312 3334
338609 60 2 -6448 3286
342976 60 2 -6220 3270
347400 60 2 -6296 3276
351881 60 2 -6308 3182
356419 60 2 -6292 3300
361016 60 2 -6412 3340
365673 60 2 -6264 3316
370389 60 2 -6272 3286
375167 60 2 -6432 3374
380005 60 2 -6408 3338
384907 60 2 -6220 3266
389871 60 2 -6312 3286
394900 60 2 -6292 3320
399993 60 2 -6276 3270
405152 60 2 -6356 3324
410378 60 2 -6364 3322
415671 60 2 -6300 3310
421032 60 2 -6092 3196
426463 60 2 -6456 3342
431963 60 2 -6292 3222
437535 60 2 -6312 3320
443178 60 2 -6260 3312
448894 60 2 -6248 3282
454684 60 2 -6320 3294
460548 60 2 -6152 3204
466489 60 2 -6252 3280
472505 60 2 -6232 3272
478600 60 2 -6244 3244
484773 60 2 -6272 3304
491025 60 2 -6136 3232
497358 60 2 -6192 3230
503773 60 2 -6248 3282
510271 60 2 -6272 3248
516852 60 2 -6424 3342
523519 60 2 -6348 3330
530271 60 2 -6256 3290
537111 60 2 -6368 3316
544038 60 2 -6100 3218
551055 60 2 -6200 3244
558163 60 2 -6120 3208
565362 60 2 -6284 3300
572654 60 2 -6068 3192
580040 60 2 -6196 3190
587521 60 2 -6088 3206
595099 60 2 -6052 3188
602775 60 2 -6516 3382
610549 60 2 -6396 3320
618424 60 2 -6384 3296
626400 60 2 -6316 3300
634480 60 2 -6428 3302
642663 60 2 -6140 3202
650952 60 2 -6356 3326
659348 60 2 -6308 3330
667853 60 2 -6332 3304
676467 60 2 -6312 3298
685192 60 2 -6336 3320
694029 60 2 -6476 3394
702981 60 2 -6256 3266
712048 60 2 -6224 3260
721232 60 2 -6236 3228
730534 60 2 -6300 3314
739957 60 2 -6180 3204
749500 60 2 -6260 3282
759168 60 2 -6352 3316
768959 60 2 -6544 3392
778877 60 2 -6408 3318
788923 60 2 -6412 3328
799099 60 2 -6428 3372
809405 60 2 -6032 3172
819845 60 2 -6308 3168
830419 60 2 -6268 3272
841130 60 2 -6256 3242
851979 60 2 -6236 3270
862968 60 2 -6500 3360
874098 60 2 -6292 3286
885373 60 2 -6324 3314
896792 60 2 -6176 3230
908359 60 2 -6372 3334
920075 60 2 -6332 3324
931942 60 2 -6304 3274
943962 60 2 -6316 3242
956137 60 2 -6200 3254
968470 60 2 -6420 3356
980961 60 2 -6432 3366
993613 60 2 -6264 3240
999999 60 2 -6252 3306
