3 60 2.1 -6368 3330
4 60 2.1 -6192 3280
5 60 2.1 -6092 3246
6 60 2.1 -5996 3202
7 60 2.1 -6040 3186
8 60 2.1 -6000 3166
9 60 2.1 -6096 3200
10 60 2.1 -6160 3244
11 60 2.1 -6160 3220
12 60 2.1 -6220 3262
13 60 2.1 -6200 3248
14 60 2.1 -6208 3264
15 60 2.1 -6232 3274
16 60 2.1 -6200 3264
17 60 2.1 -6236 3276
18 60 2.1 -6100 3214
19 60 2.1 -6052 3196
20 60 2.1 -6092 3206
21 60 2.1 -6108 3220
22 60 2.1 -5952 3154
23 60 2.1 -5888 3104
24 60 2.1 -5960 3148
25 60 2.1 -6032 3142
26 60 2.1 -6116 3174
27 60 2.1 -6092 3170
28 60 2.1 -5972 3132
29 60 2.1 -5960 3112
30 60 2.1 -5900 3086
31 60 2.1 -5792 3042
32 60 2.1 -5872 3068
33 60 2.1 -5812 3046
34 60 2.1 -5820 3098
35 60 2.1 -6184 3226
36 60 2.1 -6036 3184
37 60 2.1 -5992 3172
38 60 2.1 -6000 3192
39 60 2.1 -6072 3210
40 60 2.1 -6008 3192
41 60 2.1 -5992 3170
42 60 2.1 -5952 3146
43 60 2.1 -5952 3118
44 60 2.1 -5916 3100
45 60 2.1 -5964 3114
46 60 2.1 -6088 3144
47 60 2.1 -6044 3118
48 60 2.1 -6036 3124
49 60 2.1 -5920 3048
50 60 2.1 -5808 2988
51 60 2.1 -5740 2960
52 60 2.1 -5736 2942
53 60 2.1 -5752 2924
54 60 2.1 -5612 2890
55 60 2.1 -5652 2932
56 60 2.1 -5800 2948
57 60 2.1 -5684 2872
58 60 2.1 -5684 2920
59 60 2.1 -5832 2968
60 60 2.1 -5768 2924
61 60 2.1 -5836 2976
62 60 2.1 -5692 2920
63 60 2.1 -5700 2916
64 60 2.1 -5788 2998
65 60 2.1 -5696 2956
66 60 2.1 -5816 2994
67 60 2.1 -5860 3020
68 60 2.1 -6024 3094
69 60 2.1 -5888 3116
70 60 2.1 -5860 3102
71 60 2.1 -5952 3138
72 60 2.1 -6052 3176
73 60 2.1 -5960 3190
74 60 2.1 -6108 3208
75 60 2.1 -6120 3232
76 60 2.1 -6128 3238
77 60 2.1 -6128 3198
78 60 2.1 -6100 3208
79 60 2.1 -5964 3162
80 60 2.1 -5884 3134
81 60 2.1 -6008 3182
82 60 2.1 -6000 3142
83 60 2.1 -6056 3144
84 60 2.1 -6000 3118
85 60 2.1 -5980 3106
86 60 2.1 -5920 3134
88 60 2.1 -6116 3222
89 60 2.1 -6120 3214
90 60 2.1 -6052 3182
91 60 2.1 -6104 3210
92 60 2.1 -6100 3214
93 60 2.1 -6012 3196
95 60 2.1 -6092 3184
96 60 2.1 -5956 3114
97 60 2.1 -5940 3098
98 60 2.1 -5944 3088
99 60 2.1 -5992 3116
101 60 2.1 -6108 3208
102 60 2.1 -6104 3212
103 60 2.1 -6128 3236
105 60 2.1 -6128 3214
106 60 2.1 -6100 3200
107 60 2.1 -5992 3166
109 60 2.1 -5872 3116
110 60 2.1 -5888 3120
112 60 2.1 -5896 3128
113 60 2.1 -6036 3200
114 60 2.1 -6008 3222
116 60 2.1 -6212 3276
117 60 2.1 -6236 3254
119 60 2.1 -5964 3154
120 60 2.1 -5924 3148
122 60 2.1 -5940 3118
124 60 2.1 -5788 3076
125 60 2.1 -6020 3158
127 60 2.1 -6020 3172
128 60 2.1 -6016 3170
130 60 2.1 -5936 3162
132 60 2.1 -5896 3024
133 60 2.1 -5872 3002
135 60 2.1 -5940 3070
137 60 2.1 -6164 3166
139 60 2.1 -6032 3120
140 60 2.1 -5936 3090
142 60 2.1 -5980 3110
144 60 2.1 -6012 3096
146 60 2.1 -5788 3030
148 60 2.1 -5956 3132
150 60 2.1 -5876 3084
152 60 2.1 -5932 3066
154 60 2.1 -5972 3052
155 60 2.1 -5896 3012
157 60 2.1 -6024 3080
160 60 2.1 -6036 3110
162 60 2.1 -5936 3084
164 60 2.1 -6040 3112
166 60 2.1 -5992 3116
168 60 2.1 -5852 3042
170 60 2.1 -5904 3086
172 60 2.1 -5932 3104
174 60 2.1 -5952 3076
177 60 2.1 -6004 3072
179 60 2.1 -5988 3082
181 60 2.1 -5860 3020
184 60 2.1 -5888 3054
186 60 2.1 -5832 3056
188 60 2.1 -5860 3036
191 60 2.1 -5816 3014
193 60 2.1 -5980 3118
196 60 2.1 -5852 3094
198 60 2.1 -6000 3158
201 60 2.1 -5952 3102
203 60 2.1 -5928 3096
206 60 2.1 -5872 3044
209 60 2.1 -5804 2988
211 60 2.1 -5800 3014
214 60 2.1 -5972 3082
217 60 2.1 -5964 3048
220 60 2.1 -5828 3052
222 60 2.1 -5812 3062
225 60 2.1 -5832 3076
228 60 2.1 -6096 3148
231 60 2.1 -5896 3050
234 60 2.1 -5816 3058
237 60 2.1 -6092 3182
240 60 2.1 -5996 3122
243 60 2.1 -6028 3078
246 60 2.1 -5924 3062
250 60 2.1 -5772 3032
253 60 2.1 -5712 3012
256 60 2.1 -5740 2974
259 60 2.1 -5912 3048
263 60 2.1 -5960 3126
266 60 2.1 -6000 3142
269 60 2.1 -6048 3182
273 60 2.1 -6176 3230
276 60 2.1 -5868 3132
280 60 2.1 -6076 3184
284 60 2.1 -6000 3132
287 60 2.1 -6040 3140
291 60 2.1 -6048 3166
295 60 2.1 -5788 3042
298 60 2.1 -5908 3090
302 60 2.1 -6068 3156
306 60 2.1 -5872 3078
310 60 2.1 -6048 3208
314 60 2.1 -6164 3256
318 60 2.1 -6056 3194
322 60 2.1 -6088 3204
326 60 2.1 -5976 3140
331 60 2.1 -5880 3108
335 60 2.1 -5824 3076
339 60 2.1 -5924 3140
344 60 2.1 -6052 3154
348 60 2.1 -6108 3212
352 60 2.1 -6100 3202
357 60 2.1 -6072 3110
362 60 2.1 -5868 3078
366 60 2.1 -5904 3102
371 60 2.1 -6124 3162
376 60 2.1 -5988 3202
381 60 2.1 -6072 3202
385 60 2.1 -5872 3076
390 60 2.1 -5924 3072
395 60 2.1 -6000 3092
401 60 2.1 -5828 2972
406 60 2.1 -5796 2968
411 60 2.1 -5668 2938
416 60 2.1 -5804 3000
422 60 2.1 -6008 3106
427 60 2.1 -6060 3120
433 60 2.1 -6064 3118
438 60 2.1 -6040 3184
444 60 2.1 -5972 3134
449 60 2.1 -6172 3236
455 60 2.1 -6152 3240
461 60 2.1 -5936 3124
467 60 2.1 -5944 3144
473 60 2.1 -5972 3118
479 60 2.1 -5652 2990
485 60 2.1 -5924 3084
492 60 2.1 -5812 3032
498 60 2.1 -5900 3038
504 60 2.1 -5884 3096
511 60 2.1 -6000 3132
517 60 2.1 -5920 3144
524 60 2.1 -6148 3206
531 60 2.1 -6148 3230
538 60 2.1 -6216 3248
545 60 2.1 -5964 3144
552 60 2.1 -6140 3242
559 60 2.1 -6064 3206
566 60 2.1 -6164 3222
573 60 2.1 -6008 3186
581 60 2.1 -6092 3200
588 60 2.1 -5980 3180
596 60 2.1 -5928 3096
603 60 2.1 -5896 3080
611 60 2.1 -5884 3126
619 60 2.1 -6048 3210
627 60 2.1 -6024 3186
635 60 2.1 -6072 3192
643 60 2.1 -6172 3260
652 60 2.1 -6040 3192
660 60 2.1 -6004 3084
668 60 2.1 -5776 2956
677 60 2.1 -5720 2992
686 60 2.1 -5952 3122
695 60 2.1 -5780 3084
704 60 2.1 -6000 3150
713 60 2.1 -5800 3018
722 60 2.1 -5980 3124
731 60 2.1 -6024 3116
741 60 2.1 -6204 3246
750 60 2.1 -6044 3188
760 60 2.1 -6100 3212
770 60 2.1 -6364 3310
780 60 2.1 -6004 3166
790 60 2.1 -6088 3160
800 60 2.1 -6088 3158
810 60 2.1 -6212 3206
821 60 2.1 -6056 3138
831 60 2.1 -6104 3198
842 60 2.1 -6012 3196
853 60 2.1 -6108 3192
864 60 2.1 -6052 3078
875 60 2.1 -6084 3202
886 60 2.1 -6048 3180
897 60 2.1 -5720 2926
909 60 2.1 -5828 3094
921 60 2.1 -6028 3158
933 60 2.1 -6028 3168
945 60 2.1 -5932 3156
957 60 2.1 -6008 3166
969 60 2.1 -5900 3040
982 60 2.1 -6088 3224
994 60 2.1 -5868 3026
1007 60 2.1 -6060 3070
1020 60 2.1 -6072 3116
1033 60 2.1 -5904 3112
1047 60 2.1 -5956 3124
1060 60 2.1 -6028 3192
1074 60 2.1 -5720 2994
1088 60 2.1 -6032 3162
1102 60 2.1 -6148 3210
1116 60 2.1 -5964 3056
1130 60 2.1 -5812 3054
1145 60 2.1 -6000 3124
1160 60 2.1 -6004 3192
1174 60 2.1 -6240 3258
1190 60 2.1 -6052 3198
1205 60 2.1 -6068 3158
1220 60 2.1 -5832 3042
1236 60 2.1 -5932 3120
1252 60 2.1 -5956 3110
1268 60 2.1 -5996 3198
1285 60 2.1 -5924 3124
1301 60 2.1 -5944 3072
1318 60 2.1 -6052 3130
1335 60 2.1 -6236 3240
1352 60 2.1 -6112 3184
1370 60 2.1 -6184 3254
1387 60 2.1 -6020 3122
1405 60 2.1 -5744 3044
1423 60 2.1 -5852 3066
1442 60 2.1 -6100 3158
1460 60 2.1 -6224 3260
1479 60 2.1 -6020 3154
1498 60 2.1 -5760 3010
1517 60 2.1 -5864 3086
1537 60 2.1 -5976 3166
1557 60 2.1 -6124 3244
1577 60 2.1 -5932 3128
1597 60 2.1 -5840 3072
1618 60 2.1 -5888 3080
1639 60 2.1 -5892 3126
1660 60 2.1 -6056 3192
1681 60 2.1 -6132 3194
1703 60 2.1 -5772 3042
1725 60 2.1 -6016 3158
1747 60 2.1 -5992 3192
1770 60 2.1 -6136 3254
1792 60 2.1 -6084 3202
1816 60 2.1 -5940 3130
1839 60 2.1 -6020 3182
1863 60 2.1 -5852 3054
1887 60 2.1 -5952 3104
1911 60 2.1 -6204 3178
1936 60 2.1 -6308 3302
1961 60 2.1 -5836 3096
1986 60 2.1 -5988 3168
2012 60 2.1 -6072 3178
2037 60 2.1 -6072 3224
2064 60 2.1 -5888 3106
2090 60 2.1 -6112 3220
2117 60 2.1 -6004 3134
2145 60 2.1 -6276 3272
2172 60 2.1 -5996 3196
2200 60 2.1 -5880 3072
2229 60 2.1 -5800 2982
2257 60 2.1 -5856 2968
2286 60 2.1 -6112 3226
2316 60 2.1 -5984 3144
2346 60 2.1 -6132 3216
2376 60 2.1 -6016 3042
2407 60 2.1 -5904 3084
2438 60 2.1 -6072 3170
2469 60 2.1 -5976 3122
2501 60 2.1 -5996 3158
2533 60 2.1 -5936 3124
2566 60 2.1 -5988 3182
2599 60 2.1 -5960 3148
2633 60 2.1 -5904 3124
2667 60 2.1 -6060 3202
2701 60 2.1 -5952 3142
2736 60 2.1 -5848 3100
2771 60 2.1 -5980 3162
2807 60 2.1 -5936 3060
2843 60 2.1 -6004 3152
2880 60 2.1 -5768 3034
2917 60 2.1 -5980 3180
2954 60 2.1 -5996 3192
2992 60 2.1 -6064 3228
3031 60 2.1 -6024 3160
3070 60 2.1 -6064 3182
3110 60 2.1 -6100 3240
3150 60 2.1 -6052 3166
3190 60 2.1 -5816 2964
3232 60 2.1 -6056 3166
3273 60 2.1 -5952 3142
3315 60 2.1 -6148 3216
3358 60 2.1 -5844 3062
3402 60 2.1 -5916 3142
3445 60 2.1 -6112 3196
3490 60 2.1 -6008 3154
3535 60 2.1 -5980 3160
3580 60 2.1 -5948 3082
3627 60 2.1 -6036 3100
3673 60 2.1 -6120 3234
3721 60 2.1 -6096 3218
3769 60 2.1 -5980 3150
3817 60 2.1 -6052 3216
3867 60 2.1 -5948 3090
3916 60 2.1 -5916 3142
3967 60 2.1 -6000 3134
4018 60 2.1 -6008 3204
4070 60 2.1 -6000 3176
4122 60 2.1 -5972 3144
4176 60 2.1 -5688 3018
4229 60 2.1 -6176 3236
4284 60 2.1 -6076 3222
4339 60 2.1 -6052 3138
4395 60 2.1 -5924 2976
4452 60 2.1 -6060 2964
4509 60 2.1 -5792 3110
4567 60 2.1 -6104 3190
4626 60 2.1 -5972 3184
4686 60 2.1 -5820 3004
4746 60 2.1 -5844 3082
4808 60 2.1 -5888 3106
4870 60 2.1 -6036 3102
4932 60 2.1 -5780 3056
4996 60 2.1 -6000 3136
5060 60 2.1 -6024 3136
5126 60 2.1 -6000 3168
5192 60 2.1 -5868 3020
5259 60 2.1 -6008 3164
5327 60 2.1 -5760 3046
5395 60 2.1 -5952 3110
5465 60 2.1 -5912 3080
5535 60 2.1 -5840 3002
5607 60 2.1 -5948 3068
5679 60 2.1 -5880 3120
5752 60 2.1 -6020 3138
5826 60 2.1 -6112 3166
5902 60 2.1 -5872 3094
5978 60 2.1 -6216 3262
6055 60 2.1 -6156 3210
6133 60 2.1 -6116 3228
6212 60 2.1 -5868 2938
6292 60 2.1 -5872 3106
6373 60 2.1 -6136 3250
6455 60 2.1 -6072 3228
6539 60 2.1 -5932 3160
6623 60 2.1 -5984 3144
6708 60 2.1 -6044 3198
6795 60 2.1 -6032 3178
6883 60 2.1 -6156 3210
6971 60 2.1 -5968 3108
7061 60 2.1 -6036 3176
7152 60 2.1 -6176 3268
7245 60 2.1 -5880 3108
7338 60 2.1 -6120 3242
7433 60 2.1 -5948 3058
7529 60 2.1 -6048 3160
7626 60 2.1 -6044 3166
7724 60 2.1 -6136 3222
7824 60 2.1 -6168 3238
7925 60 2.1 -6044 3172
8027 60 2.1 -5952 3168
8130 60 2.1 -5936 3044
8235 60 2.1 -5992 3156
8341 60 2.1 -5936 3052
8449 60 2.1 -5848 2954
8558 60 2.1 -5912 3136
8668 60 2.1 -5940 3190
8780 60 2.1 -5940 3164
8893 60 2.1 -5904 3144
9008 60 2.1 -5948 3154
9124 60 2.1 -5992 3186
9242 60 2.1 -5948 3176
9361 60 2.1 -5860 3118
9482 60 2.1 -5948 3148
9604 60 2.1 -5864 3090
9728 60 2.1 -5904 3118
9853 60 2.1 -6000 3186
9980 60 2.1 -5704 3074
10109 60 2.1 -5944 3060
10240 60 2.1 -5980 3124
10372 60 2.1 -6068 3222
10505 60 2.1 -5952 3172
10641 60 2.1 -5852 3152
10778 60 2.1 -5908 3076
10917 60 2.1 -5916 3154
11058 60 2.1 -5832 3082
11201 60 2.1 -5976 3166
11345 60 2.1 -6084 3204
11491 60 2.1 -5716 3002
11640 60 2.1 -6132 3212
11790 60 2.1 -5724 2972
11942 60 2.1 -5816 3008
12096 60 2.1 -6024 3174
12252 60 2.1 -6120 3224
12410 60 2.1 -5828 3116
12570 60 2.1 -6164 3248
12732 60 2.1 -6008 3132
12896 60 2.1 -5768 3044
13062 60 2.1 -6128 3202
13231 60 2.1 -6072 3176
13402 60 2.1 -6124 3236
13574 60 2.1 -6024 3190
13750 60 2.1 -5860 3082
13927 60 2.1 -6172 3162
14106 60 2.1 -6040 3168
14288 60 2.1 -6028 3178
14473 60 2.1 -5980 3146
14659 60 2.1 -5876 3088
14848 60 2.1 -5828 3106
15040 60 2.1 -5924 3132
15234 60 2.1 -5996 3172
15430 60 2.1 -5784 2992
15629 60 2.1 -5764 2996
15831 60 2.1 -5856 3016
16035 60 2.1 -6016 3198
16242 60 2.1 -6044 3180
16451 60 2.1 -5648 2902
16664 60 2.1 -5932 3074
16879 60 2.1 -6220 3276
17096 60 2.1 -5988 3150
17317 60 2.1 -6020 3122
17540 60 2.1 -5976 3152
17766 60 2.1 -5932 3130
17995 60 2.1 -6032 3084
18228 60 2.1 -6132 3232
18463 60 2.1 -5956 3124
18701 60 2.1 -5920 3080
18942 60 2.1 -5864 3056
19186 60 2.1 -6092 3204
19434 60 2.1 -5868 3108
19684 60 2.1 -5844 3068
19938 60 2.1 -5952 3114
20195 60 2.1 -6088 3152
20456 60 2.1 -6068 3128
20720 60 2.1 -5848 2930
20987 60 2.1 -6072 3236
21258 60 2.1 -5908 3068
21532 60 2.1 -5932 3056
21810 60 2.1 -5936 3118
22091 60 2.1 -5848 2982
22376 60 2.1 -6060 3192
22664 60 2.1 -6160 3274
22957 60 2.1 -5840 3086
23253 60 2.1 -5984 3138
23553 60 2.1 -6116 3232
23856 60 2.1 -5936 3086
24164 60 2.1 -5880 3078
24476 60 2.1 -5860 2834
24791 60 2.1 -5732 2972
25111 60 2.1 -6036 3130
25435 60 2.1 -5900 3014
25763 60 2.1 -6092 3160
26095 60 2.1 -5968 3096
26432 60 2.1 -5756 3088
26773 60 2.1 -5972 3072
27118 60 2.1 -6152 3152
27468 60 2.1 -6068 3174
27822 60 2.1 -5872 3004
28181 60 2.1 -5808 2984
28545 60 2.1 -6216 3246
28913 60 2.1 -6064 3168
29286 60 2.1 -6080 3174
29663 60 2.1 -5932 3122
30046 60 2.1 -5916 3078
30434 60 2.1 -5912 3006
30826 60 2.1 -5920 3026
31224 60 2.1 -6132 3216
31626 60 2.1 -5976 3090
32034 60 2.1 -5960 3074
32447 60 2.1 -5924 3130
32866 60 2.1 -5996 3102
33290 60 2.1 -6056 3160
33719 60 2.1 -6016 3168
34154 60 2.1 -5924 3096
34595 60 2.1 -6024 3156
35041 60 2.1 -5760 2984
35493 60 2.1 -5904 3068
35951 60 2.1 -5868 3048
36414 60 2.1 -6004 3178
36884 60 2.1 -5964 3136
37360 60 2.1 -5988 3158
37841 60 2.1 -5972 3106
38330 60 2.1 -5804 2980
38824 60 2.1 -5972 3172
39325 60 2.1 -6148 3188
39832 60 2.1 -5976 3068
40346 60 2.1 -6124 3118
40866 60 2.1 -6048 3158
41393 60 2.1 -5984 3148
41927 60 2.1 -6032 3148
42468 60 2.1 -5624 2928
43015 60 2.1 -5952 3034
43570 60 2.1 -5984 3116
44132 60 2.1 -5984 3136
44701 60 2.1 -5956 3086
45278 60 2.1 -6012 3188
45862 60 2.1 -5936 3134
46453 60 2.1 -5920 3134
47053 60 2.1 -5996 3116
47660 60 2.1 -5964 3110
48274 60 2.1 -5992 3170
48897 60 2.1 -5864 3078
49528 60 2.1 -6088 3206
50166 60 2.1 -5736 2962
50813 60 2.1 -5976 3136
51469 60 2.1 -5948 3166
52133 60 2.1 -5836 3048
52805 60 2.1 -6084 3190
53486 60 2.1 -6088 3204
54176 60 2.1 -5844 3000
54875 60 2.1 -5904 3038
55582 60 2.1 -6008 3184
56299 60 2.1 -5884 3094
57025 60 2.1 -5812 2976
57761 60 2.1 -6140 3242
58506 60 2.1 -5908 3058
59261 60 2.1 -6064 3214
60025 60 2.1 -5788 2944
60799 60 2.1 -5956 3096
61583 60 2.1 -6080 3160
62378 60 2.1 -6164 3202
63182 60 2.1 -6060 3132
63997 60 2.1 -5940 3072
64822 60 2.1 -5924 3056
65658 60 2.1 -6012 3136
66505 60 2.1 -6040 3162
67363 60 2.1 -6004 3146
68232 60 2.1 -5888 3042
69112 60 2.1 -5936 3052
70003 60 2.1 -6024 3164
70906 60 2.1 -6264 3264
71821 60 2.1 -5980 3154
72747 60 2.1 -6016 3186
73685 60 2.1 -6068 3188
74636 60 2.1 -5920 3140
75599 60 2.1 -5728 2932
76574 60 2.1 -5892 3092
77561 60 2.1 -6036 2970
78562 60 2.1 -6040 3180
79575 60 2.1 -5924 3124
80601 60 2.1 -5824 3060
81641 60 2.1 -5992 3148
82694 60 2.1 -5852 3066
83760 60 2.1 -6068 3100
84841 60 2.1 -5956 3124
85935 60 2.1 -6000 3174
87043 60 2.1 -6072 3190
88166 60 2.1 -5932 3078
89303 60 2.1 -6080 3194
90455 60 2.1 -5980 3110
91622 60 2.1 -6084 3130
92803 60 2.1 -6028 3174
94000 60 2.1 -5944 3094
95213 60 2.1 -5864 3124
96441 60 2.1 -6000 3166
97685 60 2.1 -5944 3100
98945 60 2.1 -5916 3084
100221 60 2.1 -5836 3064
101513 60 2.1 -6200 3252
102823 60 2.1 -5896 3108
104149 60 2.1 -6088 3252
105492 60 2.1 -5792 3070
106853 60 2.1 -6172 3192
108231 60 2.1 -6060 3100
109627 60 2.1 -5876 3046
111041 60 2.1 -5732 3032
112473 60 2.1 -6024 3106
113924 60 2.1 -5896 3048
115393 60 2.1 -6100 3164
116882 60 2.1 -5948 3096
118389 60 2.1 -6068 3180
119916 60 2.1 -6024 3126
121463 60 2.1 -6200 3252
123029 60 2.1 -5712 2990
124616 60 2.1 -5896 3066
126224 60 2.1 -5860 3080
127852 60 2.1 -6092 3146
129501 60 2.1 -6116 3202
131171 60 2.1 -6128 3212
132863 60 2.1 -5824 3046
134576 60 2.1 -5868 3114
136312 60 2.1 -5924 3082
138070 60 2.1 -6008 3116
139851 60 2.1 -5864 2828
141655 60 2.1 -5880 3056
143482 60 2.1 -6156 3234
145333 60 2.1 -5948 3148
147207 60 2.1 -6160 3230
149106 60 2.1 -6088 3238
151029 60 2.1 -6108 3178
152977 60 2.1 -5836 3020
154950 60 2.1 -6064 3148
156948 60 2.1 -5952 3114
158973 60 2.1 -5948 3060
161023 60 2.1 -5920 3120
163100 60 2.1 -5576 2646
165204 60 2.1 -5960 3144
167334 60 2.1 -5872 3080
169493 60 2.1 -5764 2798
171679 60 2.1 -6028 3170
173893 60 2.1 -5824 3094
176136 60 2.1 -5940 3104
178408 60 2.1 -5972 3186
180709 60 2.1 -5964 3162
183040 60 2.1 -6088 3104
185400 60 2.1 -6016 3178
187792 60 2.1 -6108 3188
190214 60 2.1 -6016 3176
192667 60 2.1 -5868 3104
195152 60 2.1 -6160 3272
197669 60 2.1 -6204 3190
200219 60 2.1 -5728 2918
202801 60 2.1 -6028 3132
205417 60 2.1 -5980 3120
208066 60 2.1 -5888 3056
210750 60 2.1 -6112 3218
213468 60 2.1 -6000 3144
216222 60 2.1 -6040 3150
219010 60 2.1 -5928 2980
221835 60 2.1 -5976 3130
224696 60 2.1 -5828 3066
227595 60 2.1 -6072 3128
230530 60 2.1 -5880 3118
233503 60 2.1 -5788 3018
236515 60 2.1 -6004 3150
239566 60 2.1 -5776 3026
242656 60 2.1 -6152 3242
245785 60 2.1 -5900 3112
248956 60 2.1 -6128 3142
252167 60 2.1 -6128 3228
255419 60 2.1 -5888 3100
258713 60 2.1 -6080 3206
262050 60 2.1 -5848 3022
265430 60 2.1 -6116 3180
268854 60 2.1 -6016 3216
272321 60 2.1 -6000 3108
275834 60 2.1 -5936 3086
279391 60 2.1 -6000 3150
282995 60 2.1 -5804 3012
286645 60 2.1 -5784 2904
290342 60 2.1 -5952 3128
294087 60 2.1 -5876 3104
297880 60 2.1 -5976 3158
301722 60 2.1 -5992 3146
305614 60 2.1 -6068 3172
309556 60 2.1 -5952 3076
313548 60 2.1 -6080 3168
317592 60 2.1 -6144 3152
321689 60 2.1 -6004 3138
325838 60 2.1 -6048 3164
330040 60 2.1 -5840 3026
334297 60 2.1 -5960 3170
338609 60 2.1 -5916 3094
342976 60 2.1 -6124 3256
347400 60 2.1 -5968 3128
351881 60 2.1 -5864 3088
356419 60 2.1 -5904 3098
361016 60 2.1 -5852 3038
365673 60 2.1 -5972 3078
370389 60 2.1 -5916 3148
375167 60 2.1 -6052 3198
380005 60 2.1 -6108 3224
384907 60 2.1 -5996 3194
389871 60 2.1 -6152 3274
394900 60 2.1 -6064 3214
399993 60 2.1 -5992 3186
405152 60 2.1 -6012 3102
410378 60 2.1 -6036 3096
415671 60 2.1 -5928 3024
421032 60 2.1 -6088 3162
426463 60 2.1 -6084 3092
431963 60 2.1 -5900 3078
437535 60 2.1 -5808 3066
443178 60 2.1 -5796 3030
448894 60 2.1 -6008 3136
454684 60 2.1 -6148 3234
460548 60 2.1 -6084 3200
466489 60 2.1 -5924 3132
472505 60 2.1 -6044 3214
478600 60 2.1 -5780 2826
484773 60 2.1 -5768 3042
491025 60 2.1 -6172 3192
497358 60 2.1 -5736 2888
503773 60 2.1 -5916 3048
510271 60 2.1 -6040 3190
516852 60 2.1 -6144 3234
523519 60 2.1 -5972 3046
530271 60 2.1 -5868 3024
537111 60 2.1 -6048 3156
544038 60 2.1 -6160 3188
551055 60 2.1 -6184 3210
558163 60 2.1 -5984 3162
565362 60 2.1 -5812 3080
572654 60 2.1 -5872 2880
580040 60 2.1 -6092 3242
587521 60 2.1 -5876 3022
595099 60 2.1 -5700 3062
602775 60 2.1 -6152 3226
610549 60 2.1 -5872 3142
618424 60 2.1 -5928 3156
626400 60 2.1 -6084 3150
634480 60 2.1 -5932 3122
642663 60 2.1 -5888 3102
650952 60 2.1 -6312 3320
659348 60 2.1 -6116 3226
667853 60 2.1 -6076 3180
676467 60 2.1 -6132 3210
685192 60 2.1 -5900 3174
694029 60 2.1 -5828 3090
702981 60 2.1 -5672 2842
712048 60 2.1 -6092 3158
721232 60 2.1 -5932 3080
730534 60 2.1 -6188 3228
739957 60 2.1 -6016 3124
749500 60 2.1 -5988 3164
759168 60 2.1 -6108 3182
768959 60 2.1 -6100 3170
778877 60 2.1 -6048 3122
788923 60 2.1 -5928 3040
799099 60 2.1 -5664 2852
809405 60 2.1 -6024 3130
819845 60 2.1 -6116 3174
830419 60 2.1 -5868 3134
841130 60 2.1 -5972 3124
851979 60 2.1 -5792 2912
862968 60 2.1 -6024 3170
874098 60 2.1 -5736 3018
885373 60 2.1 -5864 3042
896792 60 2.1 -5904 2964
908359 60 2.1 -6188 3260
920075 60 2.1 -6020 3180
931942 60 2.1 -5956 3144
943962 60 2.1 -6092 3188
956137 60 2.1 -5996 3116
968470 60 2.1 -5996 3140
980961 60 2.1 -5968 3184
993613 60 2.1 -5868 3032
999999 60 2.1 -5840 2952
