3 60 2.4 -5960 3200
4 60 2.4 -5732 3068
5 60 2.4 -5556 2976
6 60 2.4 -5572 3036
7 60 2.4 -5680 3012
8 60 2.4 -5524 2916
9 60 2.4 -5456 2848
10 60 2.4 -5280 2776
11 60 2.4 -5248 2764
12 60 2.4 -5080 2678
13 60 2.4 -5040 2642
14 60 2.4 -5060 2660
15 60 2.4 -5156 2620
16 60 2.4 -5020 2578
17 60 2.4 -4836 2544
18 60 2.4 -4704 2392
19 60 2.4 -4720 2374
20 60 2.4 -4744 2356
21 60 2.4 -4748 2266
22 60 2.4 -4724 2286
23 60 2.4 -4864 2282
24 60 2.4 -4780 2212
25 60 2.4 -4744 2210
26 60 2.4 -4724 2208
27 60 2.4 -4736 2184
28 60 2.4 -4744 2212
29 60 2.4 -4812 2248
30 60 2.4 -4740 2240
31 60 2.4 -4848 2372
32 60 2.4 -4896 2414
33 60 2.4 -5092 2448
34 60 2.4 -4888 2410
35 60 2.4 -4772 2302
36 60 2.4 -4800 2332
37 60 2.4 -4892 2296
38 60 2.4 -4916 2340
39 60 2.4 -4908 2378
40 60 2.4 -4968 2446
41 60 2.4 -4880 2354
42 60 2.4 -4744 2320
43 60 2.4 -4716 2226
44 60 2.4 -4684 2168
45 60 2.4 -4740 2218
46 60 2.4 -4456 2176
47 60 2.4 -4508 2032
48 60 2.4 -4640 2188
49 60 2.4 -4744 2212
50 60 2.4 -4868 2268
51 60 2.4 -4892 2204
52 60 2.4 -4788 2196
53 60 2.4 -4684 2132
54 60 2.4 -4760 2160
55 60 2.4 -4648 2052
56 60 2.4 -4664 2084
57 60 2.4 -4704 2092
58 60 2.4 -4720 2076
59 60 2.4 -4768 2048
60 60 2.4 -4648 2000
61 60 2.4 -4536 1938
62 60 2.4 -4588 1910
63 60 2.4 -4724 1966
64 60 2.4 -4648 1926
65 60 2.4 -4608 1826
66 60 2.4 -4500 1824
67 60 2.4 -4680 1912
68 60 2.4 -4456 1764
69 60 2.4 -4640 1874
70 60 2.4 -4584 1972
71 60 2.4 -4588 1880
72 60 2.4 -4552 1906
73 60 2.4 -4484 1840
74 60 2.4 -4548 1892
75 60 2.4 -4452 1810
76 60 2.4 -4440 1782
77 60 2.4 -4452 1654
78 60 2.4 -4540 1746
79 60 2.4 -4472 1696
80 60 2.4 -4412 1728
81 60 2.4 -4584 1746
82 60 2.4 -4400 1662
83 60 2.4 -4476 1674
84 60 2.4 -4448 1636
85 60 2.4 -4460 1660
86 60 2.4 -4460 1626
88 60 2.4 -4388 1550
89 60 2.4 -4428 1540
90 60 2.4 -4348 1428
91 60 2.4 -4456 1446
92 60 2.4 -4400 1348
93 60 2.4 -4460 1402
95 60 2.4 -4480 1312
96 60 2.4 -4456 1310
97 60 2.4 -4488 1374
98 60 2.4 -4388 1358
99 60 2.4 -4316 1250
101 60 2.4 -4416 1220
102 60 2.4 -4492 1172
103 60 2.4 -4580 1172
105 60 2.4 -4432 1074
106 60 2.4 -4316 982
107 60 2.4 -4352 1044
109 60 2.4 -4340 1040
110 60 2.4 -4384 1124
112 60 2.4 -4156 982
113 60 2.4 -4208 978
114 60 2.4 -4292 996
116 60 2.4 -4280 922
117 60 2.4 -4256 920
119 60 2.4 -4532 1006
120 60 2.4 -4528 1072
122 60 2.4 -4604 1006
124 60 2.4 -4420 1066
125 60 2.4 -4528 1064
127 60 2.4 -4552 946
128 60 2.4 -4452 954
130 60 2.4 -4444 1030
132 60 2.4 -4380 1056
133 60 2.4 -4360 956
135 60 2.4 -4464 1000
137 60 2.4 -4548 922
139 60 2.4 -4536 934
140 60 2.4 -4508 842
142 60 2.4 -4460 962
144 60 2.4 -4564 950
146 60 2.4 -4428 1004
148 60 2.4 -4720 1076
150 60 2.4 -4596 1140
152 60 2.4 -4608 1194
154 60 2.4 -4560 1292
155 60 2.4 -4460 1194
157 60 2.4 -4636 1234
160 60 2.4 -4592 1156
162 60 2.4 -4544 1306
164 60 2.4 -4364 1132
166 60 2.4 -4428 1074
168 60 2.4 -4332 1066
170 60 2.4 -4364 1186
172 60 2.4 -4404 1264
174 60 2.4 -4236 1250
177 60 2.4 -4512 1430
179 60 2.4 -4532 1402
181 60 2.4 -4404 1346
184 60 2.4 -4440 1282
186 60 2.4 -4416 1214
188 60 2.4 -4744 1252
191 60 2.4 -4720 1464
193 60 2.4 -4556 1332
196 60 2.4 -4436 1174
198 60 2.4 -4316 1080
201 60 2.4 -4448 1232
203 60 2.4 -4440 1392
206 60 2.4 -4484 1226
209 60 2.4 -4388 1412
211 60 2.4 -4508 1340
214 60 2.4 -4584 1520
217 60 2.4 -4652 1442
220 60 2.4 -4524 1524
222 60 2.4 -4520 1442
225 60 2.4 -4536 1318
228 60 2.4 -4176 1350
231 60 2.4 -4396 1664
234 60 2.4 -4452 1508
237 60 2.4 -4372 1492
240 60 2.4 -4176 1376
243 60 2.4 -4136 1220
246 60 2.4 -4344 1174
250 60 2.4 -4000 1102
253 60 2.4 -4116 1126
256 60 2.4 -4288 1216
259 60 2.4 -4236 1352
263 60 2.4 -4440 1402
266 60 2.4 -4376 1244
269 60 2.4 -4484 1304
273 60 2.4 -4640 1240
276 60 2.4 -4480 1138
280 60 2.4 -4384 1134
284 60 2.4 -4452 1200
287 60 2.4 -4632 1320
291 60 2.4 -4520 1244
295 60 2.4 -4604 1278
298 60 2.4 -4352 1160
302 60 2.4 -4292 1052
306 60 2.4 -4220 1046
310 60 2.4 -3984 1148
314 60 2.4 -4268 1120
318 60 2.4 -4296 1060
322 60 2.4 -4520 1142
326 60 2.4 -4440 1094
331 60 2.4 -4216 980
335 60 2.4 -4412 1112
339 60 2.4 -4388 1312
344 60 2.4 -4356 1366
348 60 2.4 -4356 1358
352 60 2.4 -4500 1202
357 60 2.4 -4500 1432
362 60 2.4 -4552 1422
366 60 2.4 -4468 1324
371 60 2.4 -4380 1154
376 60 2.4 -4512 1402
381 60 2.4 -4660 1588
385 60 2.4 -4884 1542
390 60 2.4 -4724 1482
395 60 2.4 -4408 1346
401 60 2.4 -4460 1364
406 60 2.4 -4640 1390
411 60 2.4 -4604 1474
416 60 2.4 -4524 1402
422 60 2.4 -4564 1456
427 60 2.4 -4684 1358
433 60 2.4 -4380 1206
438 60 2.4 -4280 1162
444 60 2.4 -4392 880
449 60 2.4 -4456 1288
455 60 2.4 -4564 1166
461 60 2.4 -4516 888
467 60 2.4 -4412 1126
473 60 2.4 -4388 1200
479 60 2.4 -4576 1180
485 60 2.4 -4424 938
492 60 2.4 -4372 780
498 60 2.4 -4452 1018
504 60 2.4 -4324 946
511 60 2.4 -4400 940
517 60 2.4 -4492 942
524 60 2.4 -4616 998
531 60 2.4 -4524 1104
538 60 2.4 -4472 1200
545 60 2.4 -4400 1166
552 60 2.4 -4328 1380
559 60 2.4 -4656 1418
566 60 2.4 -4460 1348
573 60 2.4 -4524 1632
581 60 2.4 -4580 1708
588 60 2.4 -4532 1840
596 60 2.4 -4640 1986
603 60 2.4 -4516 1700
611 60 2.4 -4736 1880
619 60 2.4 -4440 1734
627 60 2.4 -4408 1560
635 60 2.4 -4752 1710
643 60 2.4 -4756 1702
652 60 2.4 -4516 1602
660 60 2.4 -4476 1734
668 60 2.4 -4568 1610
677 60 2.4 -4632 1792
686 60 2.4 -4504 1828
695 60 2.4 -4524 1844
704 60 2.4 -4432 1688
713 60 2.4 -4576 1940
722 60 2.4 -4324 1838
731 60 2.4 -4560 1684
741 60 2.4 -4500 1638
750 60 2.4 -4624 1720
760 60 2.4 -4496 1468
770 60 2.4 -4232 1352
780 60 2.4 -4268 1508
790 60 2.4 -4432 1536
800 60 2.4 -4560 1670
810 60 2.4 -4416 1188
821 60 2.4 -4240 1272
831 60 2.4 -4036 1240
842 60 2.4 -4436 1654
853 60 2.4 -4560 1724
864 60 2.4 -4696 1744
875 60 2.4 -4520 1614
886 60 2.4 -4496 1576
897 60 2.4 -4632 1586
909 60 2.4 -4780 1606
921 60 2.4 -4660 1422
933 60 2.4 -4612 1244
945 60 2.4 -4452 1400
957 60 2.4 -4364 1130
969 60 2.4 -4716 1596
982 60 2.4 -4360 1516
994 60 2.4 -4276 1492
1007 60 2.4 -4424 1258
1020 60 2.4 -4208 1064
1033 60 2.4 -4132 954
1047 60 2.4 -4260 746
1060 60 2.4 -4388 746
1074 60 2.4 -4432 816
1088 60 2.4 -4180 594
1102 60 2.4 -4132 426
1116 60 2.4 -4548 766
1130 60 2.4 -4252 704
1145 60 2.4 -4400 800
1160 60 2.4 -4444 1310
1174 60 2.4 -4620 1270
1190 60 2.4 -4548 908
1205 60 2.4 -4492 838
1220 60 2.4 -4228 1130
1236 60 2.4 -4364 1150
1252 60 2.4 -4428 768
1268 60 2.4 -4148 644
1285 60 2.4 -4248 664
1301 60 2.4 -4360 536
1318 60 2.4 -4264 380
1335 60 2.4 -4100 -4
1352 60 2.4 -4308 86
1370 60 2.4 -4220 74
1387 60 2.4 -4408 -120
1405 60 2.4 -4260 248
1423 60 2.4 -4296 660
1442 60 2.4 -4472 484
1460 60 2.4 -4716 888
1479 60 2.4 -4468 572
1498 60 2.4 -4204 342
1517 60 2.4 -4360 402
1537 60 2.4 -4360 200
1557 60 2.4 -4360 122
1577 60 2.4 -4312 222
1597 60 2.4 -4544 364
1618 60 2.4 -4052 204
1639 60 2.4 -4108 -166
1660 60 2.4 -4356 -4
1681 60 2.4 -4016 118
1703 60 2.4 -4132 198
1725 60 2.4 -4128 114
1747 60 2.4 -4444 86
1770 60 2.4 -4408 16
1792 60 2.4 -4544 -710
1816 60 2.4 -4316 -648
1839 60 2.4 -4356 -422
1863 60 2.4 -3940 -348
1887 60 2.4 -4204 -296
1911 60 2.4 -4272 -678
1936 60 2.4 -4188 -616
1961 60 2.4 -4148 -1102
1986 60 2.4 -4184 -1460
2012 60 2.4 -4484 -1140
2037 60 2.4 -4428 -1278
2064 60 2.4 -4560 -1292
2090 60 2.4 -4476 -1120
2117 60 2.4 -4616 -1416
2145 60 2.4 -4536 -1490
2172 60 2.4 -4564 -1142
2200 60 2.4 -4352 -668
2229 60 2.4 -4524 -114
2257 60 2.4 -4388 -150
2286 60 2.4 -4612 -418
2316 60 2.4 -4280 -332
2346 60 2.4 -4420 -40
2376 60 2.4 -4468 -44
2407 60 2.4 -4256 -68
2438 60 2.4 -4348 254
2469 60 2.4 -4544 172
2501 60 2.4 -4352 172
2533 60 2.4 -4484 76
2566 60 2.4 -4336 66
2599 60 2.4 -4244 654
2633 60 2.4 -4216 686
2667 60 2.4 -4380 462
2701 60 2.4 -4364 984
2736 60 2.4 -4444 590
2771 60 2.4 -4140 716
2807 60 2.4 -4660 1602
2843 60 2.4 -4436 1648
2880 60 2.4 -4572 1138
2917 60 2.4 -4228 352
2954 60 2.4 -4356 354
2992 60 2.4 -4120 206
3031 60 2.4 -4300 418
3070 60 2.4 -4392 84
3110 60 2.4 -4092 538
3150 60 2.4 -4416 306
3190 60 2.4 -4220 142
3232 60 2.4 -4232 236
3273 60 2.4 -4388 -788
3315 60 2.4 -4268 -922
3358 60 2.4 -4060 -268
3402 60 2.4 -4284 -488
3445 60 2.4 -4180 -416
3490 60 2.4 -4000 -382
3535 60 2.4 -4272 -518
3580 60 2.4 -4456 -312
3627 60 2.4 -4440 -8
3673 60 2.4 -4192 212
3721 60 2.4 -4472 30
3769 60 2.4 -4364 -152
3817 60 2.4 -4440 -48
3867 60 2.4 -4324 -848
3916 60 2.4 -4372 -1042
3967 60 2.4 -3992 -754
4018 60 2.4 -4268 -806
4070 60 2.4 -3980 -32
4122 60 2.4 -4336 -450
4176 60 2.4 -4264 -738
4229 60 2.4 -4400 -582
4284 60 2.4 -4148 -116
4339 60 2.4 -4448 448
4395 60 2.4 -4264 28
4452 60 2.4 -4116 440
4509 60 2.4 -4176 346
4567 60 2.4 -4260 -602
4626 60 2.4 -4088 -206
4686 60 2.4 -4468 242
4746 60 2.4 -4512 -32
4808 60 2.4 -4352 -348
4870 60 2.4 -4344 -460
4932 60 2.4 -4100 -358
4996 60 2.4 -4360 -4
5060 60 2.4 -4312 -704
5126 60 2.4 -4436 -684
5192 60 2.4 -4508 -760
5259 60 2.4 -4144 -702
5327 60 2.4 -4496 -1852
5395 60 2.4 -4428 -1402
5465 60 2.4 -4676 -1084
5535 60 2.4 -4572 -1098
5607 60 2.4 -4164 -252
5679 60 2.4 -4540 -358
5752 60 2.4 -4372 -288
5826 60 2.4 -4164 -78
5902 60 2.4 -4172 306
5978 60 2.4 -4324 666
6055 60 2.4 -4244 706
6133 60 2.4 -4112 88
6212 60 2.4 -4308 680
6292 60 2.4 -4296 712
6373 60 2.4 -4528 1144
6455 60 2.4 -4796 1380
6539 60 2.4 -4572 754
6623 60 2.4 -4268 938
6708 60 2.4 -4384 748
6795 60 2.4 -4444 790
6883 60 2.4 -4472 40
6971 60 2.4 -4164 182
7061 60 2.4 -4224 -88
7152 60 2.4 -4264 474
7245 60 2.4 -4404 78
7338 60 2.4 -4268 -846
7433 60 2.4 -4276 -1234
7529 60 2.4 -4184 -840
7626 60 2.4 -4452 100
7724 60 2.4 -4168 -176
7824 60 2.4 -4316 -924
7925 60 2.4 -4356 -1364
8027 60 2.4 -4500 -1010
8130 60 2.4 -4224 -274
8235 60 2.4 -4612 -224
8341 60 2.4 -4464 -84
8449 60 2.4 -4388 672
8558 60 2.4 -4172 -212
8668 60 2.4 -4504 560
8780 60 2.4 -4416 148
8893 60 2.4 -4208 454
9008 60 2.4 -4532 22
9124 60 2.4 -4148 234
9242 60 2.4 -4588 516
9361 60 2.4 -4388 1338
9482 60 2.4 -4292 580
9604 60 2.4 -4536 -462
9728 60 2.4 -4116 -492
9853 60 2.4 -4188 -1166
9980 60 2.4 -4408 -1374
10109 60 2.4 -4460 -1230
10240 60 2.4 -4496 -1464
10372 60 2.4 -4492 -1130
10505 60 2.4 -4460 -1470
10641 60 2.4 -4580 -1844
10778 60 2.4 -4056 -452
10917 60 2.4 -4168 482
11058 60 2.4 -4548 -262
11201 60 2.4 -4208 -556
11345 60 2.4 -4268 -328
11491 60 2.4 -4292 552
11640 60 2.4 -4288 880
11790 60 2.4 -4204 -214
11942 60 2.4 -4732 -1644
12096 60 2.4 -4244 188
12252 60 2.4 -4424 286
12410 60 2.4 -4384 818
12570 60 2.4 -4080 450
12732 60 2.4 -4152 -160
12896 60 2.4 -4492 -1130
13062 60 2.4 -4304 -706
13231 60 2.4 -4224 882
13402 60 2.4 -4472 1454
13574 60 2.4 -4372 520
13750 60 2.4 -4408 -112
13927 60 2.4 -4128 8
14106 60 2.4 -4380 -632
14288 60 2.4 -4212 -628
14473 60 2.4 -4612 204
14659 60 2.4 -4112 766
14848 60 2.4 -4332 -176
15040 60 2.4 -4312 -146
15234 60 2.4 -4420 -456
15430 60 2.4 -4408 100
15629 60 2.4 -4248 -36
15831 60 2.4 -4236 1222
16035 60 2.4 -4300 914
16242 60 2.4 -4260 326
16451 60 2.4 -4220 574
16664 60 2.4 -4140 1090
16879 60 2.4 -4448 1546
17096 60 2.4 -4360 -56
17317 60 2.4 -4372 -720
17540 60 2.4 -4236 -316
17766 60 2.4 -4156 -456
17995 60 2.4 -4340 -222
18228 60 2.4 -4328 -1352
18463 60 2.4 -4320 -1026
18701 60 2.4 -4256 -626
18942 60 2.4 -4128 -610
19186 60 2.4 -4164 -52
19434 60 2.4 -4268 -918
19684 60 2.4 -4008 164
19938 60 2.4 -4600 180
20195 60 2.4 -4404 -822
20456 60 2.4 -4636 -1750
20720 60 2.4 -4436 58
20987 60 2.4 -4420 -1160
21258 60 2.4 -4536 -998
21532 60 2.4 -4436 -380
21810 60 2.4 -4160 118
22091 60 2.4 -4336 94
22376 60 2.4 -4256 -1806
22664 60 2.4 -4616 -1194
22957 60 2.4 -4420 110
23253 60 2.4 -4400 534
23553 60 2.4 -4424 476
23856 60 2.4 -4340 1510
24164 60 2.4 -4348 650
24476 60 2.4 -4308 1300
24791 60 2.4 -4556 1322
25111 60 2.4 -4492 1512
25435 60 2.4 -4308 1262
25763 60 2.4 -4300 -768
26095 60 2.4 -4184 418
26432 60 2.4 -4356 -498
26773 60 2.4 -4264 -322
27118 60 2.4 -3984 -240
27468 60 2.4 -4148 -112
27822 60 2.4 -4204 384
28181 60 2.4 -4220 14
28545 60 2.4 -4192 -784
28913 60 2.4 -4184 -160
29286 60 2.4 -4208 -678
29663 60 2.4 -4488 -22
30046 60 2.4 -4284 850
30434 60 2.4 -4368 -234
30826 60 2.4 -4176 -964
31224 60 2.4 -4312 696
31626 60 2.4 -4672 -482
32034 60 2.4 -4252 686
32447 60 2.4 -4320 1106
32866 60 2.4 -4336 -222
33290 60 2.4 -4280 -524
33719 60 2.4 -4380 702
34154 60 2.4 -4536 -1002
34595 60 2.4 -4332 -300
35041 60 2.4 -4276 -646
35493 60 2.4 -4416 40
35951 60 2.4 -4192 608
36414 60 2.4 -4308 -1046
36884 60 2.4 -4404 212
37360 60 2.4 -4492 -916
37841 60 2.4 -4388 -630
38330 60 2.4 -4396 884
38824 60 2.4 -4684 1040
39325 60 2.4 -4248 -312
39832 60 2.4 -4560 -1236
40346 60 2.4 -4288 -500
40866 60 2.4 -4240 -1506
41393 60 2.4 -4620 752
41927 60 2.4 -4392 -934
42468 60 2.4 -4328 580
43015 60 2.4 -4300 230
43570 60 2.4 -4444 382
44132 60 2.4 -4492 -620
44701 60 2.4 -4304 -420
45278 60 2.4 -4380 188
45862 60 2.4 -4192 356
46453 60 2.4 -4532 -1158
47053 60 2.4 -4268 -1134
47660 60 2.4 -4288 -1184
48274 60 2.4 -4560 -248
48897 60 2.4 -4352 -378
49528 60 2.4 -4292 -444
50166 60 2.4 -4612 -1436
50813 60 2.4 -4356 -344
51469 60 2.4 -4408 524
52133 60 2.4 -4368 108
52805 60 2.4 -4356 -10
53486 60 2.4 -4524 -1126
54176 60 2.4 -4420 34
54875 60 2.4 -4360 582
55582 60 2.4 -4276 786
56299 60 2.4 -4452 -896
57025 60 2.4 -4436 -144
57761 60 2.4 -4136 338
58506 60 2.4 -4180 984
59261 60 2.4 -4288 -50
60025 60 2.4 -4464 278
60799 60 2.4 -4096 -532
61583 60 2.4 -4068 348
62378 60 2.4 -4228 -666
63182 60 2.4 -4456 80
63997 60 2.4 -4200 1364
64822 60 2.4 -4472 842
65658 60 2.4 -4496 408
66505 60 2.4 -4180 772
67363 60 2.4 -4508 664
68232 60 2.4 -4408 -1152
69112 60 2.4 -4632 342
70003 60 2.4 -4696 170
70906 60 2.4 -4236 -352
71821 60 2.4 -4532 -792
72747 60 2.4 -4476 616
73685 60 2.4 -4212 1346
74636 60 2.4 -4540 -1134
75599 60 2.4 -4448 -226
76574 60 2.4 -4224 848
77561 60 2.4 -4172 310
78562 60 2.4 -4360 -778
79575 60 2.4 -4340 -374
80601 60 2.4 -4296 -494
81641 60 2.4 -4356 1294
82694 60 2.4 -4056 24
83760 60 2.4 -4420 -1284
84841 60 2.4 -4412 -70
85935 60 2.4 -4248 -1134
87043 60 2.4 -4020 224
88166 60 2.4 -4480 94
89303 60 2.4 -4184 916
90455 60 2.4 -4340 -1414
91622 60 2.4 -4276 40
92803 60 2.4 -4124 292
94000 60 2.4 -4580 -64
95213 60 2.4 -4368 -1264
96441 60 2.4 -4276 -160
97685 60 2.4 -4268 -288
98945 60 2.4 -4440 -434
100221 60 2.4 -4216 594
101513 60 2.4 -4504 1548
102823 60 2.4 -4424 -202
104149 60 2.4 -4328 60
105492 60 2.4 -4340 930
106853 60 2.4 -4624 1284
108231 60 2.4 -4408 -180
109627 60 2.4 -4272 -204
111041 60 2.4 -4188 618
112473 60 2.4 -4020 -6
113924 60 2.4 -4388 -8
115393 60 2.4 -4400 106
116882 60 2.4 -4392 694
118389 60 2.4 -4132 346
119916 60 2.4 -4532 650
121463 60 2.4 -4352 24
123029 60 2.4 -4504 914
124616 60 2.4 -4204 944
126224 60 2.4 -4640 934
127852 60 2.4 -4372 706
129501 60 2.4 -4472 -476
131171 60 2.4 -4292 274
132863 60 2.4 -4432 -1150
134576 60 2.4 -4484 622
136312 60 2.4 -4428 174
138070 60 2.4 -3964 -706
139851 60 2.4 -4648 526
141655 60 2.4 -4480 -712
143482 60 2.4 -4256 -50
145333 60 2.4 -4328 1254
147207 60 2.4 -4196 1204
149106 60 2.4 -4336 1038
151029 60 2.4 -4384 1112
152977 60 2.4 -4268 -326
154950 60 2.4 -4204 330
156948 60 2.4 -4448 -1270
158973 60 2.4 -4560 -468
161023 60 2.4 -4432 -540
163100 60 2.4 -4396 -574
165204 60 2.4 -4184 128
167334 60 2.4 -4140 288
169493 60 2.4 -4252 -798
171679 60 2.4 -4276 44
173893 60 2.4 -4104 744
176136 60 2.4 -4392 1486
178408 60 2.4 -4248 -76
180709 60 2.4 -4208 -116
183040 60 2.4 -4328 226
185400 60 2.4 -4652 -306
187792 60 2.4 -4420 1304
190214 60 2.4 -4420 446
192667 60 2.4 -4264 886
195152 60 2.4 -4432 1122
197669 60 2.4 -4640 -1054
200219 60 2.4 -4360 800
202801 60 2.4 -4372 -480
205417 60 2.4 -4332 522
208066 60 2.4 -4356 448
210750 60 2.4 -4244 -174
213468 60 2.4 -4480 -64
216222 60 2.4 -4280 382
219010 60 2.4 -4316 916
221835 60 2.4 -4620 -1372
224696 60 2.4 -4268 -186
227595 60 2.4 -4372 1022
230530 60 2.4 -4592 444
233503 60 2.4 -4284 -680
236515 60 2.4 -4384 -1134
239566 60 2.4 -4144 -36
242656 60 2.4 -4704 1500
245785 60 2.4 -4316 442
248956 60 2.4 -4308 -582
252167 60 2.4 -4528 1678
255419 60 2.4 -4148 -694
258713 60 2.4 -4256 -32
262050 60 2.4 -4316 -92
265430 60 2.4 -4260 1274
268854 60 2.4 -4284 58
272321 60 2.4 -4336 -290
275834 60 2.4 -4180 632
279391 60 2.4 -4460 1852
282995 60 2.4 -4040 -366
286645 60 2.4 -4320 -810
290342 60 2.4 -4504 -168
294087 60 2.4 -4284 812
297880 60 2.4 -4308 -636
301722 60 2.4 -4424 -1118
305614 60 2.4 -4128 448
309556 60 2.4 -4468 -1504
313548 60 2.4 -4212 -858
317592 60 2.4 -4336 282
321689 60 2.4 -4120 328
325838 60 2.4 -4156 210
330040 60 2.4 -4380 -546
334297 60 2.4 -4576 1412
338609 60 2.4 -4196 -768
342976 60 2.4 -4024 438
347400 60 2.4 -4428 522
351881 60 2.4 -4112 216
356419 60 2.4 -4388 -830
361016 60 2.4 -4364 -1196
365673 60 2.4 -4436 -866
370389 60 2.4 -4292 696
375167 60 2.4 -4308 946
380005 60 2.4 -4328 562
384907 60 2.4 -4344 1250
389871 60 2.4 -4308 -338
394900 60 2.4 -4540 -1612
399993 60 2.4 -4532 1336
405152 60 2.4 -4284 -1138
410378 60 2.4 -4236 -110
415671 60 2.4 -4208 -32
421032 60 2.4 -4544 -298
426463 60 2.4 -4536 456
431963 60 2.4 -4252 618
437535 60 2.4 -4244 204
443178 60 2.4 -4368 -16
448894 60 2.4 -4172 -100
454684 60 2.4 -4516 290
460548 60 2.4 -4488 604
466489 60 2.4 -4196 -812
472505 60 2.4 -4260 346
478600 60 2.4 -4416 -228
484773 60 2.4 -4328 -54
491025 60 2.4 -4508 1170
497358 60 2.4 -4356 -266
503773 60 2.4 -4236 20
510271 60 2.4 -4396 -516
516852 60 2.4 -4540 272
523519 60 2.4 -4240 -496
530271 60 2.4 -4240 -852
537111 60 2.4 -4196 870
544038 60 2.4 -4112 518
551055 60 2.4 -4340 -1044
558163 60 2.4 -4320 136
565362 60 2.4 -4392 402
572654 60 2.4 -4308 -1322
580040 60 2.4 -4436 -392
587521 60 2.4 -4464 -1576
595099 60 2.4 -4372 -868
602775 60 2.4 -4284 1098
610549 60 2.4 -4204 24
618424 60 2.4 -4428 -4
626400 60 2.4 -4300 -862
634480 60 2.4 -4424 900
642663 60 2.4 -4400 -746
650952 60 2.4 -4448 -136
659348 60 2.4 -4552 -1770
667853 60 2.4 -4484 -998
676467 60 2.4 -4052 -138
685192 60 2.4 -4252 -386
694029 60 2.4 -4492 -316
702981 60 2.4 -4436 -386
712048 60 2.4 -4400 -506
721232 60 2.4 -4564 -1876
730534 60 2.4 -4192 1060
739957 60 2.4 -4516 292
749500 60 2.4 -4456 -232
759168 60 2.4 -4364 -952
768959 60 2.4 -4172 520
778877 60 2.4 -4348 1332
788923 60 2.4 -4324 -1096
799099 60 2.4 -4472 1354
809405 60 2.4 -4368 426
819845 60 2.4 -4580 34
830419 60 2.4 -4308 466
841130 60 2.4 -4460 1240
851979 60 2.4 -4432 594
862968 60 2.4 -4348 -1628
874098 60 2.4 -4288 -776
885373 60 2.4 -4320 668
896792 60 2.4 -3964 60
908359 60 2.4 -4388 374
920075 60 2.4 -4412 -116
931942 60 2.4 -4372 -58
943962 60 2.4 -4376 498
956137 60 2.4 -4720 -12
968470 60 2.4 -4456 52
980961 60 2.4 -4344 1062
993613 60 2.4 -4228 -602
999999 60 2.4 -4152 52
