3 20 2.3 -652 350
4 20 2.3 -572 322
5 20 2.3 -556 306
6 20 2.3 -568 322
7 20 2.3 -600 310
8 20 2.3 -612 322
9 20 2.3 -652 318
10 20 2.3 -584 298
11 20 2.3 -564 296
12 20 2.3 -560 268
13 20 2.3 -544 270
14 20 2.3 -580 270
15 20 2.3 -584 288
16 20 2.3 -604 280
17 20 2.3 -532 264
18 20 2.3 -492 224
19 20 2.3 -472 202
20 20 2.3 -512 228
21 20 2.3 -560 230
22 20 2.3 -616 256
23 20 2.3 -592 280
24 20 2.3 -564 284
25 20 2.3 -540 278
26 20 2.3 -520 246
27 20 2.3 -516 276
28 20 2.3 -504 278
29 20 2.3 -504 266
30 20 2.3 -548 272
31 20 2.3 -528 260
32 20 2.3 -500 252
33 20 2.3 -472 242
34 20 2.3 -528 258
35 20 2.3 -524 266
36 20 2.3 -568 272
37 20 2.3 -564 240
38 20 2.3 -504 210
39 20 2.3 -548 242
40 20 2.3 -516 212
41 20 2.3 -496 218
42 20 2.3 -492 214
43 20 2.3 -472 200
44 20 2.3 -516 216
45 20 2.3 -508 220
46 20 2.3 -528 220
47 20 2.3 -524 234
48 20 2.3 -500 206
49 20 2.3 -536 202
50 20 2.3 -548 202
51 20 2.3 -492 182
52 20 2.3 -504 192
53 20 2.3 -492 196
54 20 2.3 -512 222
55 20 2.3 -464 214
56 20 2.3 -520 252
57 20 2.3 -564 278
58 20 2.3 -564 288
59 20 2.3 -588 298
60 20 2.3 -556 296
61 20 2.3 -556 302
62 20 2.3 -592 310
63 20 2.3 -648 340
64 20 2.3 -600 322
65 20 2.3 -576 316
66 20 2.3 -636 346
67 20 2.3 -620 340
68 20 2.3 -620 342
69 20 2.3 -660 356
70 20 2.3 -672 362
71 20 2.3 -652 346
72 20 2.3 -640 354
73 20 2.3 -672 362
74 20 2.3 -656 350
75 20 2.3 -664 360
76 20 2.3 -680 360
77 20 2.3 -612 330
78 20 2.3 -616 336
79 20 2.3 -664 360
80 20 2.3 -640 350
81 20 2.3 -624 332
82 20 2.3 -572 308
83 20 2.3 -600 318
84 20 2.3 -592 314
85 20 2.3 -548 290
86 20 2.3 -588 314
88 20 2.3 -560 302
89 20 2.3 -608 316
90 20 2.3 -612 322
91 20 2.3 -604 324
92 20 2.3 -640 342
93 20 2.3 -652 344
95 20 2.3 -640 340
96 20 2.3 -580 322
97 20 2.3 -568 312
98 20 2.3 -584 308
99 20 2.3 -604 328
101 20 2.3 -572 300
102 20 2.3 -620 336
103 20 2.3 -592 318
105 20 2.3 -636 348
106 20 2.3 -636 350
107 20 2.3 -652 346
109 20 2.3 -700 368
110 20 2.3 -648 350
112 20 2.3 -664 360
113 20 2.3 -640 342
114 20 2.3 -604 326
116 20 2.3 -604 324
117 20 2.3 -600 324
119 20 2.3 -608 320
120 20 2.3 -572 310
122 20 2.3 -652 356
124 20 2.3 -636 338
125 20 2.3 -576 324
127 20 2.3 -628 334
128 20 2.3 -684 354
130 20 2.3 -664 334
132 20 2.3 -636 328
133 20 2.3 -616 326
135 20 2.3 -640 342
137 20 2.3 -676 344
139 20 2.3 -728 380
140 20 2.3 -716 372
142 20 2.3 -644 356
144 20 2.3 -596 330
146 20 2.3 -584 306
148 20 2.3 -568 298
150 20 2.3 -568 302
152 20 2.3 -588 316
154 20 2.3 -532 288
155 20 2.3 -488 276
157 20 2.3 -564 296
160 20 2.3 -548 276
162 20 2.3 -520 278
164 20 2.3 -536 276
166 20 2.3 -528 256
168 20 2.3 -564 290
170 20 2.3 -600 304
172 20 2.3 -644 336
174 20 2.3 -516 286
177 20 2.3 -532 306
179 20 2.3 -528 282
181 20 2.3 -540 282
184 20 2.3 -604 318
186 20 2.3 -600 322
188 20 2.3 -580 318
191 20 2.3 -596 328
193 20 2.3 -596 330
196 20 2.3 -644 338
198 20 2.3 -572 306
201 20 2.3 -588 316
203 20 2.3 -584 312
206 20 2.3 -588 264
209 20 2.3 -524 288
211 20 2.3 -616 306
214 20 2.3 -628 342
217 20 2.3 -536 288
220 20 2.3 -536 288
222 20 2.3 -532 290
225 20 2.3 -540 276
228 20 2.3 -552 274
231 20 2.3 -544 266
234 20 2.3 -584 314
237 20 2.3 -568 292
240 20 2.3 -508 278
243 20 2.3 -608 328
246 20 2.3 -544 296
250 20 2.3 -536 274
253 20 2.3 -540 292
256 20 2.3 -488 236
259 20 2.3 -476 218
263 20 2.3 -560 214
266 20 2.3 -532 248
269 20 2.3 -512 240
273 20 2.3 -620 316
276 20 2.3 -540 264
280 20 2.3 -452 200
284 20 2.3 -420 176
287 20 2.3 -548 258
291 20 2.3 -568 280
295 20 2.3 -568 304
298 20 2.3 -620 330
302 20 2.3 -592 316
306 20 2.3 -632 342
310 20 2.3 -604 330
314 20 2.3 -632 336
318 20 2.3 -552 294
322 20 2.3 -552 294
326 20 2.3 -552 260
331 20 2.3 -500 224
335 20 2.3 -552 260
339 20 2.3 -568 254
344 20 2.3 -588 234
348 20 2.3 -624 264
352 20 2.3 -588 262
357 20 2.3 -524 258
362 20 2.3 -568 258
366 20 2.3 -472 162
371 20 2.3 -492 210
376 20 2.3 -556 248
381 20 2.3 -588 292
385 20 2.3 -544 290
390 20 2.3 -560 264
395 20 2.3 -552 286
401 20 2.3 -504 246
406 20 2.3 -580 298
411 20 2.3 -528 260
416 20 2.3 -636 300
422 20 2.3 -540 242
427 20 2.3 -532 234
433 20 2.3 -568 280
438 20 2.3 -536 250
444 20 2.3 -548 266
449 20 2.3 -532 262
455 20 2.3 -572 264
461 20 2.3 -684 360
467 20 2.3 -688 366
473 20 2.3 -616 316
479 20 2.3 -688 366
485 20 2.3 -664 358
492 20 2.3 -624 330
498 20 2.3 -612 318
504 20 2.3 -560 312
511 20 2.3 -556 290
517 20 2.3 -620 314
524 20 2.3 -616 324
531 20 2.3 -612 342
538 20 2.3 -684 364
545 20 2.3 -632 334
552 20 2.3 -644 322
559 20 2.3 -672 360
566 20 2.3 -632 348
573 20 2.3 -620 314
581 20 2.3 -536 254
588 20 2.3 -596 292
596 20 2.3 -672 352
603 20 2.3 -664 358
611 20 2.3 -548 286
619 20 2.3 -588 310
627 20 2.3 -632 340
635 20 2.3 -588 302
643 20 2.3 -564 292
652 20 2.3 -572 272
660 20 2.3 -564 306
668 20 2.3 -544 286
677 20 2.3 -540 268
686 20 2.3 -540 224
695 20 2.3 -580 214
704 20 2.3 -548 236
713 20 2.3 -492 212
722 20 2.3 -544 256
731 20 2.3 -564 226
741 20 2.3 -560 260
750 20 2.3 -504 252
760 20 2.3 -452 200
770 20 2.3 -560 258
780 20 2.3 -596 302
790 20 2.3 -552 304
800 20 2.3 -552 292
810 20 2.3 -592 330
821 20 2.3 -584 304
831 20 2.3 -500 212
842 20 2.3 -536 266
853 20 2.3 -480 208
864 20 2.3 -552 284
875 20 2.3 -624 294
886 20 2.3 -608 336
897 20 2.3 -528 258
909 20 2.3 -604 318
921 20 2.3 -596 308
933 20 2.3 -552 268
945 20 2.3 -632 346
957 20 2.3 -628 340
969 20 2.3 -600 310
982 20 2.3 -696 350
994 20 2.3 -544 292
1007 20 2.3 -580 316
1020 20 2.3 -644 344
1033 20 2.3 -568 318
1047 20 2.3 -568 320
1060 20 2.3 -556 290
1074 20 2.3 -532 268
1088 20 2.3 -528 262
1102 20 2.3 -472 218
1116 20 2.3 -592 242
1130 20 2.3 -512 190
1145 20 2.3 -452 184
1160 20 2.3 -472 212
1174 20 2.3 -608 332
1190 20 2.3 -560 312
1205 20 2.3 -472 194
1220 20 2.3 -572 302
1236 20 2.3 -576 296
1252 20 2.3 -632 318
1268 20 2.3 -608 320
1285 20 2.3 -652 352
1301 20 2.3 -528 280
1318 20 2.3 -572 302
1335 20 2.3 -572 302
1352 20 2.3 -448 160
1370 20 2.3 -556 304
1387 20 2.3 -556 268
1405 20 2.3 -616 332
1423 20 2.3 -596 288
1442 20 2.3 -664 358
1460 20 2.3 -620 328
1479 20 2.3 -552 268
1498 20 2.3 -576 322
1517 20 2.3 -568 300
1537 20 2.3 -616 338
1557 20 2.3 -548 298
1577 20 2.3 -560 310
1597 20 2.3 -632 346
1618 20 2.3 -600 322
1639 20 2.3 -624 344
1660 20 2.3 -616 334
1681 20 2.3 -576 280
1703 20 2.3 -572 292
1725 20 2.3 -568 310
1747 20 2.3 -540 288
1770 20 2.3 -592 278
1792 20 2.3 -528 282
1816 20 2.3 -708 370
1839 20 2.3 -580 312
1863 20 2.3 -580 322
1887 20 2.3 -524 198
1911 20 2.3 -628 338
1936 20 2.3 -588 292
1961 20 2.3 -600 304
1986 20 2.3 -592 260
2012 20 2.3 -504 178
2037 20 2.3 -508 252
2064 20 2.3 -560 316
2090 20 2.3 -652 292
2117 20 2.3 -584 196
2145 20 2.3 -552 280
2172 20 2.3 -420 64
2200 20 2.3 -476 188
2229 20 2.3 -656 336
2257 20 2.3 -572 298
2286 20 2.3 -568 290
2316 20 2.3 -528 188
2346 20 2.3 -532 112
2376 20 2.3 -524 80
2407 20 2.3 -476 -120
2438 20 2.3 -516 -226
2469 20 2.3 -592 -306
2501 20 2.3 -608 -256
2533 20 2.3 -644 -336
2566 20 2.3 -636 -334
2599 20 2.3 -596 -318
2633 20 2.3 -524 -216
2667 20 2.3 -564 -296
2701 20 2.3 -616 -298
2736 20 2.3 -560 -320
2771 20 2.3 -552 -224
2807 20 2.3 -520 -262
2843 20 2.3 -520 -286
2880 20 2.3 -556 -282
2917 20 2.3 -604 -318
2954 20 2.3 -552 -284
2992 20 2.3 -528 -206
3031 20 2.3 -644 -344
3070 20 2.3 -580 -290
3110 20 2.3 -540 -262
3150 20 2.3 -584 -324
3190 20 2.3 -544 -288
3232 20 2.3 -572 -288
3273 20 2.3 -636 -318
3315 20 2.3 -644 -352
3358 20 2.3 -652 -324
3402 20 2.3 -524 -264
3445 20 2.3 -616 -320
3490 20 2.3 -580 -274
3535 20 2.3 -592 -326
3580 20 2.3 -628 -330
3627 20 2.3 -692 -370
3673 20 2.3 -636 -346
3721 20 2.3 -568 -324
3769 20 2.3 -500 -286
3817 20 2.3 -604 -310
3867 20 2.3 -560 -224
3916 20 2.3 -580 -306
3967 20 2.3 -424 -178
4018 20 2.3 -680 -354
4070 20 2.3 -596 -336
4122 20 2.3 -596 -314
4176 20 2.3 -644 -330
4229 20 2.3 -584 -316
4284 20 2.3 -552 -296
4339 20 2.3 -536 -280
4395 20 2.3 -612 -328
4452 20 2.3 -608 -332
4509 20 2.3 -652 -356
4567 20 2.3 -596 -316
4626 20 2.3 -524 -264
4686 20 2.3 -460 -156
4746 20 2.3 -568 -250
4808 20 2.3 -464 -224
4870 20 2.3 -604 -326
4932 20 2.3 -576 -286
4996 20 2.3 -580 -312
5060 20 2.3 -504 -220
5126 20 2.3 -496 -172
5192 20 2.3 -544 -272
5259 20 2.3 -588 -186
5327 20 2.3 -464 -188
5395 20 2.3 -444 -22
5465 20 2.3 -504 120
5535 20 2.3 -600 312
5607 20 2.3 -580 296
5679 20 2.3 -480 58
5752 20 2.3 -468 -154
5826 20 2.3 -564 -260
5902 20 2.3 -564 -300
5978 20 2.3 -620 -338
6055 20 2.3 -564 -172
6133 20 2.3 -584 -310
6212 20 2.3 -516 -288
6292 20 2.3 -640 -324
6373 20 2.3 -584 -252
6455 20 2.3 -448 -192
6539 20 2.3 -572 -274
6623 20 2.3 -568 -300
6708 20 2.3 -656 -352
6795 20 2.3 -560 -280
6883 20 2.3 -468 -36
6971 20 2.3 -500 -102
7061 20 2.3 -564 -308
7152 20 2.3 -596 -320
7245 20 2.3 -580 -318
7338 20 2.3 -536 -304
7433 20 2.3 -532 -266
7529 20 2.3 -548 -288
7626 20 2.3 -620 -322
7724 20 2.3 -536 -228
7824 20 2.3 -612 -276
7925 20 2.3 -472 -168
8027 20 2.3 -580 -318
8130 20 2.3 -548 -286
8235 20 2.3 -468 -216
8341 20 2.3 -652 -340
8449 20 2.3 -596 -310
8558 20 2.3 -516 -270
8668 20 2.3 -484 -232
8780 20 2.3 -500 -254
8893 20 2.3 -496 -168
9008 20 2.3 -604 -310
9124 20 2.3 -564 -300
9242 20 2.3 -520 -98
9361 20 2.3 -472 208
9482 20 2.3 -552 250
9604 20 2.3 -596 304
9728 20 2.3 -476 34
9853 20 2.3 -680 354
9980 20 2.3 -664 358
10109 20 2.3 -524 256
10240 20 2.3 -680 360
10372 20 2.3 -552 296
10505 20 2.3 -444 -94
10641 20 2.3 -628 -316
10778 20 2.3 -524 -268
10917 20 2.3 -524 -292
11058 20 2.3 -492 -140
11201 20 2.3 -520 -174
11345 20 2.3 -528 -206
11491 20 2.3 -648 -352
11640 20 2.3 -528 -248
11790 20 2.3 -512 -236
11942 20 2.3 -604 -340
12096 20 2.3 -536 -176
12252 20 2.3 -532 -288
12410 20 2.3 -456 -170
12570 20 2.3 -520 -196
12732 20 2.3 -652 -350
12896 20 2.3 -460 -212
13062 20 2.3 -620 -314
13231 20 2.3 -516 -266
13402 20 2.3 -512 -156
13574 20 2.3 -544 -284
13750 20 2.3 -540 -212
13927 20 2.3 -508 -260
14106 20 2.3 -588 -304
14288 20 2.3 -576 -296
14473 20 2.3 -504 -150
14659 20 2.3 -532 -258
14848 20 2.3 -552 -276
15040 20 2.3 -552 -144
15234 20 2.3 -516 102
15430 20 2.3 -572 -240
15629 20 2.3 -604 -336
15831 20 2.3 -580 -310
16035 20 2.3 -620 -340
16242 20 2.3 -548 -260
16451 20 2.3 -608 -274
16664 20 2.3 -520 -286
16879 20 2.3 -560 -244
17096 20 2.3 -520 -294
17317 20 2.3 -500 -168
17540 20 2.3 -624 -302
17766 20 2.3 -604 -320
17995 20 2.3 -564 -306
18228 20 2.3 -640 -340
18463 20 2.3 -524 -268
18701 20 2.3 -592 -318
18942 20 2.3 -548 -252
19186 20 2.3 -472 -112
19434 20 2.3 -492 108
19684 20 2.3 -496 218
19938 20 2.3 -588 272
20195 20 2.3 -556 156
20456 20 2.3 -556 270
20720 20 2.3 -560 322
20987 20 2.3 -552 290
21258 20 2.3 -664 352
21532 20 2.3 -624 326
21810 20 2.3 -604 330
22091 20 2.3 -600 290
22376 20 2.3 -548 288
22664 20 2.3 -560 256
22957 20 2.3 -592 328
23253 20 2.3 -508 80
23553 20 2.3 -548 -300
23856 20 2.3 -528 -220
24164 20 2.3 -552 -266
24476 20 2.3 -516 -230
24791 20 2.3 -572 -300
25111 20 2.3 -520 -264
25435 20 2.3 -588 296
25763 20 2.3 -604 296
26095 20 2.3 -564 256
26432 20 2.3 -524 -256
26773 20 2.3 -588 -298
27118 20 2.3 -556 -86
27468 20 2.3 -564 -314
27822 20 2.3 -576 -316
28181 20 2.3 -568 -278
28545 20 2.3 -492 168
28913 20 2.3 -508 202
29286 20 2.3 -600 318
29663 20 2.3 -580 302
30046 20 2.3 -644 348
30434 20 2.3 -500 176
30826 20 2.3 -500 252
31224 20 2.3 -516 236
31626 20 2.3 -556 272
32034 20 2.3 -560 266
32447 20 2.3 -632 348
32866 20 2.3 -472 278
33290 20 2.3 -564 -310
33719 20 2.3 -536 -268
34154 20 2.3 -604 196
34595 20 2.3 -420 -72
35041 20 2.3 -520 244
35493 20 2.3 -632 344
35951 20 2.3 -544 -234
36414 20 2.3 -568 -284
36884 20 2.3 -616 -330
37360 20 2.3 -616 -320
37841 20 2.3 -604 304
38330 20 2.3 -580 304
38824 20 2.3 -600 294
39325 20 2.3 -620 332
39832 20 2.3 -544 -286
40346 20 2.3 -540 -258
40866 20 2.3 -588 -298
41393 20 2.3 -624 334
41927 20 2.3 -608 318
42468 20 2.3 -528 240
43015 20 2.3 -588 326
43570 20 2.3 -428 -6
44132 20 2.3 -484 90
44701 20 2.3 -432 64
45278 20 2.3 -556 -276
45862 20 2.3 -512 -168
46453 20 2.3 -580 232
47053 20 2.3 -576 -288
47660 20 2.3 -504 -244
48274 20 2.3 -516 -254
48897 20 2.3 -412 -218
49528 20 2.3 -540 -288
50166 20 2.3 -664 -360
50813 20 2.3 -496 -14
51469 20 2.3 -664 -358
52133 20 2.3 -616 330
52805 20 2.3 -616 340
53486 20 2.3 -652 340
54176 20 2.3 -572 252
54875 20 2.3 -400 -56
55582 20 2.3 -544 298
56299 20 2.3 -556 -272
57025 20 2.3 -520 -270
57761 20 2.3 -520 -154
58506 20 2.3 -628 -332
59261 20 2.3 -644 346
60025 20 2.3 -600 318
60799 20 2.3 -528 196
61583 20 2.3 -552 -230
62378 20 2.3 -588 -300
63182 20 2.3 -476 -148
63997 20 2.3 -552 -270
64822 20 2.3 -548 232
65658 20 2.3 -628 328
66505 20 2.3 -624 342
67363 20 2.3 -612 -336
68232 20 2.3 -488 -82
69112 20 2.3 -572 -306
70003 20 2.3 -532 -272
70906 20 2.3 -508 48
71821 20 2.3 -552 -238
72747 20 2.3 -600 -336
73685 20 2.3 -468 -210
74636 20 2.3 -624 -300
75599 20 2.3 -660 344
76574 20 2.3 -456 -188
77561 20 2.3 -520 -152
78562 20 2.3 -532 300
79575 20 2.3 -548 -208
80601 20 2.3 -668 -358
81641 20 2.3 -620 328
82694 20 2.3 -636 -314
83760 20 2.3 -540 -318
84841 20 2.3 -648 322
85935 20 2.3 -652 328
87043 20 2.3 -532 226
88166 20 2.3 -620 338
89303 20 2.3 -436 -18
90455 20 2.3 -600 -302
91622 20 2.3 -672 -354
92803 20 2.3 -444 -36
94000 20 2.3 -444 48
95213 20 2.3 -564 -312
96441 20 2.3 -508 168
97685 20 2.3 -692 -354
98945 20 2.3 -592 328
100221 20 2.3 -612 -282
101513 20 2.3 -620 -350
102823 20 2.3 -572 -284
104149 20 2.3 -604 334
105492 20 2.3 -596 -302
106853 20 2.3 -508 -260
108231 20 2.3 -628 -334
109627 20 2.3 -524 -212
111041 20 2.3 -580 308
112473 20 2.3 -620 -294
113924 20 2.3 -616 -340
115393 20 2.3 -484 202
116882 20 2.3 -600 -332
118389 20 2.3 -600 -290
119916 20 2.3 -500 142
121463 20 2.3 -472 -38
123029 20 2.3 -584 208
124616 20 2.3 -500 228
126224 20 2.3 -584 -300
127852 20 2.3 -600 -316
129501 20 2.3 -468 150
131171 20 2.3 -452 42
132863 20 2.3 -492 -148
134576 20 2.3 -500 -270
136312 20 2.3 -608 -310
138070 20 2.3 -592 -288
139851 20 2.3 -584 -312
141655 20 2.3 -632 342
143482 20 2.3 -468 -182
145333 20 2.3 -536 -286
147207 20 2.3 -584 284
149106 20 2.3 -428 238
151029 20 2.3 -664 -360
152977 20 2.3 -596 328
154950 20 2.3 -544 -250
156948 20 2.3 -492 196
158973 20 2.3 -484 -26
161023 20 2.3 -624 -210
163100 20 2.3 -492 -88
165204 20 2.3 -648 348
167334 20 2.3 -644 344
169493 20 2.3 -636 334
171679 20 2.3 -540 190
173893 20 2.3 -596 316
176136 20 2.3 -612 -326
178408 20 2.3 -640 -302
180709 20 2.3 -464 -200
183040 20 2.3 -500 -74
185400 20 2.3 -592 280
187792 20 2.3 -632 348
190214 20 2.3 -608 -336
192667 20 2.3 -568 294
195152 20 2.3 -540 198
197669 20 2.3 -548 -260
200219 20 2.3 -484 246
202801 20 2.3 -560 -212
205417 20 2.3 -472 74
208066 20 2.3 -564 290
210750 20 2.3 -620 308
213468 20 2.3 -596 310
216222 20 2.3 -584 -272
219010 20 2.3 -576 -242
221835 20 2.3 -548 274
224696 20 2.3 -552 112
227595 20 2.3 -616 348
230530 20 2.3 -476 -226
233503 20 2.3 -612 340
236515 20 2.3 -600 302
239566 20 2.3 -572 314
242656 20 2.3 -512 216
245785 20 2.3 -648 -350
248956 20 2.3 -588 302
252167 20 2.3 -496 -198
255419 20 2.3 -484 -64
258713 20 2.3 -636 -288
262050 20 2.3 -572 322
265430 20 2.3 -532 -278
268854 20 2.3 -644 352
272321 20 2.3 -496 -290
275834 20 2.3 -448 -250
279391 20 2.3 -616 310
282995 20 2.3 -512 202
286645 20 2.3 -548 294
290342 20 2.3 -664 346
294087 20 2.3 -600 -324
297880 20 2.3 -608 322
301722 20 2.3 -636 -338
305614 20 2.3 -488 -220
309556 20 2.3 -596 -332
313548 20 2.3 -636 340
317592 20 2.3 -624 336
321689 20 2.3 -492 172
325838 20 2.3 -656 -346
330040 20 2.3 -636 -348
334297 20 2.3 -452 196
338609 20 2.3 -524 76
342976 20 2.3 -532 242
347400 20 2.3 -636 -338
351881 20 2.3 -540 256
356419 20 2.3 -528 246
361016 20 2.3 -552 -44
365673 20 2.3 -636 342
370389 20 2.3 -600 -326
375167 20 2.3 -428 18
380005 20 2.3 -668 -350
384907 20 2.3 -532 -288
389871 20 2.3 -596 -300
394900 20 2.3 -476 -180
399993 20 2.3 -560 314
405152 20 2.3 -692 -366
410378 20 2.3 -476 66
415671 20 2.3 -612 -320
421032 20 2.3 -600 320
426463 20 2.3 -656 -340
431963 20 2.3 -604 328
437535 20 2.3 -588 298
443178 20 2.3 -484 -226
448894 20 2.3 -624 318
454684 20 2.3 -592 -300
460548 20 2.3 -600 -292
466489 20 2.3 -640 340
472505 20 2.3 -528 -298
478600 20 2.3 -608 -318
484773 20 2.3 -596 -330
491025 20 2.3 -552 226
497358 20 2.3 -496 158
503773 20 2.3 -596 314
510271 20 2.3 -624 -332
516852 20 2.3 -492 122
523519 20 2.3 -416 150
530271 20 2.3 -496 -174
537111 20 2.3 -648 -326
544038 20 2.3 -540 174
551055 20 2.3 -592 -318
558163 20 2.3 -584 284
565362 20 2.3 -508 -172
572654 20 2.3 -556 -162
580040 20 2.3 -644 340
587521 20 2.3 -440 98
595099 20 2.3 -540 272
602775 20 2.3 -464 -128
610549 20 2.3 -560 304
618424 20 2.3 -644 342
626400 20 2.3 -568 258
634480 20 2.3 -672 356
642663 20 2.3 -544 -282
650952 20 2.3 -584 308
659348 20 2.3 -636 328
667853 20 2.3 -664 -348
676467 20 2.3 -524 290
685192 20 2.3 -616 -308
694029 20 2.3 -684 -360
702981 20 2.3 -516 34
712048 20 2.3 -560 -278
721232 20 2.3 -580 284
730534 20 2.3 -504 210
739957 20 2.3 -616 -328
749500 20 2.3 -640 -354
759168 20 2.3 -460 224
768959 20 2.3 -504 -164
778877 20 2.3 -572 268
788923 20 2.3 -584 -316
799099 20 2.3 -632 334
809405 20 2.3 -500 -32
819845 20 2.3 -596 312
830419 20 2.3 -456 44
841130 20 2.3 -532 -252
851979 20 2.3 -632 340
862968 20 2.3 -512 -166
874098 20 2.3 -520 208
885373 20 2.3 -520 -162
896792 20 2.3 -556 288
908359 20 2.3 -472 -16
920075 20 2.3 -632 306
931942 20 2.3 -592 316
943962 20 2.3 -552 310
956137 20 2.3 -532 -178
968470 20 2.3 -544 244
980961 20 2.3 -516 -260
993613 20 2.3 -588 -288
999999 20 2.3 -552 280
