3 140 2 -35444 18420
4 140 2 -35028 18284
5 140 2 -34720 18188
6 140 2 -34460 18068
7 140 2 -34672 18136
8 140 2 -34592 18028
9 140 2 -34448 18016
10 140 2 -34244 17896
11 140 2 -34124 17848
12 140 2 -34068 17800
13 140 2 -33936 17728
14 140 2 -33888 17722
15 140 2 -33980 17712
16 140 2 -34332 17820
17 140 2 -34184 17776
18 140 2 -34064 17710
19 140 2 -34152 17758
20 140 2 -34056 17760
21 140 2 -34200 17758
22 140 2 -33836 17642
23 140 2 -33868 17668
24 140 2 -33956 17678
25 140 2 -34028 17742
26 140 2 -34140 17784
27 140 2 -34444 17908
28 140 2 -34372 17880
29 140 2 -34008 17784
30 140 2 -33944 17766
31 140 2 -34116 17800
32 140 2 -34236 17914
33 140 2 -34072 17874
34 140 2 -34464 18014
35 140 2 -34088 17912
36 140 2 -34312 17984
37 140 2 -34440 17986
38 140 2 -34348 17992
39 140 2 -34224 17918
40 140 2 -34080 17884
41 140 2 -34204 17916
42 140 2 -34260 17908
43 140 2 -34320 17906
44 140 2 -34036 17808
45 140 2 -34256 17932
46 140 2 -34024 17816
47 140 2 -34160 17836
48 140 2 -34024 17710
49 140 2 -33880 17696
50 140 2 -33588 17616
51 140 2 -33664 17638
52 140 2 -34224 17840
53 140 2 -34240 17806
54 140 2 -34256 17802
55 140 2 -34124 17740
56 140 2 -33772 17692
57 140 2 -33636 17644
58 140 2 -34176 17844
59 140 2 -33880 17752
60 140 2 -33880 17744
61 140 2 -33620 17630
62 140 2 -33756 17748
63 140 2 -33956 17774
64 140 2 -33968 17770
65 140 2 -34024 17848
66 140 2 -34048 17860
67 140 2 -34300 17940
68 140 2 -34008 17860
69 140 2 -33912 17828
70 140 2 -34020 17806
71 140 2 -34108 17918
72 140 2 -33616 17662
73 140 2 -34276 17936
74 140 2 -34252 17920
75 140 2 -34204 17982
76 140 2 -34224 17908
77 140 2 -34464 17968
78 140 2 -34680 18048
79 140 2 -34524 18000
80 140 2 -34092 17902
81 140 2 -34004 17806
82 140 2 -33936 17752
83 140 2 -33824 17746
84 140 2 -33924 17724
85 140 2 -34108 17822
86 140 2 -34136 17816
88 140 2 -34028 17772
89 140 2 -33832 17736
90 140 2 -33980 17732
91 140 2 -34048 17742
92 140 2 -33860 17712
93 140 2 -33748 17644
95 140 2 -33904 17668
96 140 2 -33880 17662
97 140 2 -33944 17760
98 140 2 -33852 17700
99 140 2 -33704 17646
101 140 2 -34368 17952
102 140 2 -34376 18002
103 140 2 -34808 18138
105 140 2 -34148 17872
106 140 2 -34116 17848
107 140 2 -34128 17832
109 140 2 -34516 17974
110 140 2 -34472 17958
112 140 2 -34488 17974
113 140 2 -34420 17914
114 140 2 -34272 17866
116 140 2 -33924 17796
117 140 2 -34056 17778
119 140 2 -34244 17848
120 140 2 -33904 17654
122 140 2 -33672 17568
124 140 2 -33848 17678
125 140 2 -33920 17704
127 140 2 -34080 17748
128 140 2 -33860 17562
130 140 2 -33536 17510
132 140 2 -34148 17644
133 140 2 -33964 17684
135 140 2 -33896 17618
137 140 2 -34024 17598
139 140 2 -33764 17476
140 140 2 -34036 17562
142 140 2 -33836 17492
144 140 2 -33948 17558
146 140 2 -34320 17734
148 140 2 -33900 17618
150 140 2 -34208 17764
152 140 2 -33992 17630
154 140 2 -33856 17574
155 140 2 -33856 17572
157 140 2 -34044 17690
160 140 2 -33860 17676
162 140 2 -33788 17638
164 140 2 -33700 17568
166 140 2 -34184 17718
168 140 2 -34184 17766
170 140 2 -33800 17598
172 140 2 -33852 17618
174 140 2 -34112 17704
177 140 2 -33772 17616
179 140 2 -33524 17518
181 140 2 -33528 17532
184 140 2 -34272 17800
186 140 2 -34696 17890
188 140 2 -34464 17862
191 140 2 -34236 17852
193 140 2 -34328 17838
196 140 2 -34172 17802
198 140 2 -34544 17910
201 140 2 -34360 17880
203 140 2 -34296 17916
206 140 2 -34488 17992
209 140 2 -34408 17994
211 140 2 -34356 17970
214 140 2 -34404 17968
217 140 2 -34224 17850
220 140 2 -34304 17902
222 140 2 -34272 17830
225 140 2 -33948 17736
228 140 2 -34116 17800
231 140 2 -34036 17752
234 140 2 -34064 17842
237 140 2 -34492 17992
240 140 2 -34020 17812
243 140 2 -33832 17676
246 140 2 -34160 17780
250 140 2 -34416 17866
253 140 2 -34432 17896
256 140 2 -34080 17798
259 140 2 -34172 17792
263 140 2 -34284 17888
266 140 2 -34708 18030
269 140 2 -34400 17908
273 140 2 -34156 17740
276 140 2 -33952 17642
280 140 2 -34100 17750
284 140 2 -34504 17934
287 140 2 -34100 17790
291 140 2 -33692 17728
295 140 2 -34040 17838
298 140 2 -34876 18162
302 140 2 -34180 17836
306 140 2 -34292 17960
310 140 2 -34048 17840
314 140 2 -34636 18046
318 140 2 -34284 18004
322 140 2 -34236 17944
326 140 2 -34272 17928
331 140 2 -34028 17760
335 140 2 -34160 17830
339 140 2 -34828 18122
344 140 2 -34424 18060
348 140 2 -34456 18072
352 140 2 -34620 18108
357 140 2 -34404 17962
362 140 2 -34480 18076
366 140 2 -34564 18070
371 140 2 -34144 17898
376 140 2 -34456 17916
381 140 2 -34332 17862
385 140 2 -34308 17944
390 140 2 -34048 17738
395 140 2 -34244 17804
401 140 2 -34020 17766
406 140 2 -33952 17744
411 140 2 -34168 17806
416 140 2 -34116 17920
422 140 2 -34304 17924
427 140 2 -34072 17848
433 140 2 -34292 17930
438 140 2 -34180 17736
444 140 2 -33840 17638
449 140 2 -34168 17812
455 140 2 -34492 17890
461 140 2 -33816 17624
467 140 2 -34312 17842
473 140 2 -34108 17902
479 140 2 -34404 18002
485 140 2 -34068 17838
492 140 2 -34100 17810
498 140 2 -34308 17858
504 140 2 -34420 17948
511 140 2 -34224 17920
517 140 2 -34056 17868
524 140 2 -34424 18018
531 140 2 -34128 17862
538 140 2 -34624 17996
545 140 2 -34188 17888
552 140 2 -34144 17808
559 140 2 -34252 17904
566 140 2 -34664 17974
573 140 2 -34232 17882
581 140 2 -34316 17952
588 140 2 -34052 17830
596 140 2 -33892 17606
603 140 2 -34052 17660
611 140 2 -34180 17892
619 140 2 -34032 17766
627 140 2 -34084 17818
635 140 2 -34052 17870
643 140 2 -34268 17846
652 140 2 -33892 17662
660 140 2 -33968 17658
668 140 2 -34192 17772
677 140 2 -34240 17864
686 140 2 -34124 17638
695 140 2 -34388 17892
704 140 2 -33712 17626
713 140 2 -34052 17870
722 140 2 -34160 17892
731 140 2 -34408 17960
741 140 2 -34072 17806
750 140 2 -34572 18034
760 140 2 -34300 17936
770 140 2 -34280 17966
780 140 2 -34424 17942
790 140 2 -34208 17932
800 140 2 -34344 17968
810 140 2 -34412 17994
821 140 2 -34564 17954
831 140 2 -33856 17784
842 140 2 -33912 17640
853 140 2 -34076 17806
864 140 2 -34072 17734
875 140 2 -34052 17790
886 140 2 -33724 17660
897 140 2 -33800 17664
909 140 2 -33912 17682
921 140 2 -34168 17870
933 140 2 -33844 17618
945 140 2 -34332 17846
957 140 2 -34200 17820
969 140 2 -34272 17884
982 140 2 -34452 17926
994 140 2 -34580 18046
1007 140 2 -34288 17876
1020 140 2 -34016 17816
1033 140 2 -34044 17820
1047 140 2 -34420 17966
1060 140 2 -34000 17846
1074 140 2 -33868 17778
1088 140 2 -34408 18004
1102 140 2 -34164 17834
1116 140 2 -34472 18026
1130 140 2 -33840 17792
1145 140 2 -34072 17774
1160 140 2 -33952 17688
1174 140 2 -34004 17634
1190 140 2 -34236 17848
1205 140 2 -34500 17856
1220 140 2 -34328 17934
1236 140 2 -34532 18022
1252 140 2 -34604 18070
1268 140 2 -34192 17968
1285 140 2 -34240 17816
1301 140 2 -34060 17764
1318 140 2 -34704 18104
1335 140 2 -33792 17738
1352 140 2 -34120 17898
1370 140 2 -34376 17930
1387 140 2 -34048 17772
1405 140 2 -34124 17930
1423 140 2 -34424 18046
1442 140 2 -34316 17928
1460 140 2 -34104 17780
1479 140 2 -34216 17898
1498 140 2 -34440 17912
1517 140 2 -34092 17768
1537 140 2 -34244 17804
1557 140 2 -34260 17880
1577 140 2 -34056 17790
1597 140 2 -33568 17640
1618 140 2 -34388 17864
1639 140 2 -34268 17852
1660 140 2 -34440 17966
1681 140 2 -34036 17750
1703 140 2 -34316 17754
1725 140 2 -34056 17790
1747 140 2 -33848 17758
1770 140 2 -34528 17950
1792 140 2 -34280 17862
1816 140 2 -34288 17830
1839 140 2 -33936 17824
1863 140 2 -34288 17954
1887 140 2 -34596 18012
1911 140 2 -33900 17858
1936 140 2 -33872 17694
1961 140 2 -34396 17918
1986 140 2 -34248 17856
2012 140 2 -33928 17762
2037 140 2 -34220 17938
2064 140 2 -33908 17688
2090 140 2 -33824 17594
2117 140 2 -34540 17956
2145 140 2 -34348 17954
2172 140 2 -34420 17996
2200 140 2 -34152 17760
2229 140 2 -34520 17912
2257 140 2 -34212 17892
2286 140 2 -34356 18002
2316 140 2 -33964 17744
2346 140 2 -34320 17858
2376 140 2 -33944 17754
2407 140 2 -34400 18000
2438 140 2 -33980 17716
2469 140 2 -34240 17940
2501 140 2 -34176 17778
2533 140 2 -34268 17756
2566 140 2 -34148 17868
2599 140 2 -33804 17678
2633 140 2 -34304 17954
2667 140 2 -34196 17902
2701 140 2 -34136 17888
2736 140 2 -34232 17910
2771 140 2 -34500 17968
2807 140 2 -34528 17992
2843 140 2 -34332 17896
2880 140 2 -34204 17726
2917 140 2 -34224 17870
2954 140 2 -34412 17890
2992 140 2 -34384 17954
3031 140 2 -34428 18024
3070 140 2 -34096 17916
3110 140 2 -33932 17802
3150 140 2 -34168 17838
3190 140 2 -34484 18090
3232 140 2 -33900 17702
3273 140 2 -34228 17858
3315 140 2 -34072 17760
3358 140 2 -34056 17752
3402 140 2 -33792 17758
3445 140 2 -34152 17704
3490 140 2 -34192 17914
3535 140 2 -34188 17836
3580 140 2 -34348 17950
3627 140 2 -34320 17976
3673 140 2 -33832 17770
3721 140 2 -34460 17908
3769 140 2 -34344 17910
3817 140 2 -33912 17750
3867 140 2 -34512 17992
3916 140 2 -34360 18034
3967 140 2 -34448 17896
4018 140 2 -34588 18012
4070 140 2 -34052 17718
4122 140 2 -34356 17940
4176 140 2 -34252 17880
4229 140 2 -34124 17904
4284 140 2 -34188 17908
4339 140 2 -34300 17936
4395 140 2 -34652 18064
4452 140 2 -34100 17720
4509 140 2 -34080 17874
4567 140 2 -34000 17752
4626 140 2 -34316 17976
4686 140 2 -34612 18084
4746 140 2 -33896 17718
4808 140 2 -34480 18028
4870 140 2 -34392 18030
4932 140 2 -34468 18006
4996 140 2 -34316 17888
5060 140 2 -34072 17854
5126 140 2 -34168 17818
5192 140 2 -33796 17672
5259 140 2 -34268 17954
5327 140 2 -34240 17868
5395 140 2 -34424 17888
5465 140 2 -34204 17898
5535 140 2 -33840 17698
5607 140 2 -34332 17916
5679 140 2 -33944 17836
5752 140 2 -33956 17782
5826 140 2 -34560 18054
5902 140 2 -34068 17744
5978 140 2 -34208 17760
6055 140 2 -33980 17714
6133 140 2 -34336 17862
6212 140 2 -34436 17948
6292 140 2 -34652 18060
6373 140 2 -33852 17622
6455 140 2 -34252 17924
6539 140 2 -34328 17940
6623 140 2 -34196 17794
6708 140 2 -34288 17916
6795 140 2 -34060 17706
6883 140 2 -34312 17910
6971 140 2 -34184 17656
7061 140 2 -34188 17846
7152 140 2 -34192 17844
7245 140 2 -33940 17642
7338 140 2 -33892 17778
7433 140 2 -33828 17690
7529 140 2 -34380 17934
7626 140 2 -34536 18052
7724 140 2 -34024 17680
7824 140 2 -34272 17920
7925 140 2 -34428 17950
8027 140 2 -34372 17868
8130 140 2 -34132 17782
8235 140 2 -33908 17646
8341 140 2 -34300 17918
8449 140 2 -34448 17884
8558 140 2 -34436 17994
8668 140 2 -34160 17932
8780 140 2 -34248 17896
8893 140 2 -33864 17796
9008 140 2 -34572 18070
9124 140 2 -34132 17898
9242 140 2 -34152 17780
9361 140 2 -34144 17774
9482 140 2 -33868 17686
9604 140 2 -34364 17916
9728 140 2 -34080 17840
9853 140 2 -34588 18006
9980 140 2 -33944 17704
10109 140 2 -34640 18072
10240 140 2 -34376 17782
10372 140 2 -34272 17902
10505 140 2 -34112 17886
10641 140 2 -34236 17758
10778 140 2 -34316 18016
10917 140 2 -34480 17956
11058 140 2 -34236 17904
11201 140 2 -33724 17616
11345 140 2 -34396 17866
11491 140 2 -33992 17730
11640 140 2 -34272 17916
11790 140 2 -33860 17696
11942 140 2 -34400 17962
12096 140 2 -34084 17848
12252 140 2 -34532 18000
12410 140 2 -34132 17864
12570 140 2 -34404 17882
12732 140 2 -34828 18098
12896 140 2 -34000 17786
13062 140 2 -34304 17922
13231 140 2 -33908 17634
13402 140 2 -34060 17784
13574 140 2 -34188 17888
13750 140 2 -34084 17862
13927 140 2 -34108 17864
14106 140 2 -34548 18088
14288 140 2 -34112 17810
14473 140 2 -34652 18048
14659 140 2 -34180 17902
14848 140 2 -34060 17750
15040 140 2 -34024 17718
15234 140 2 -34176 17892
15430 140 2 -34492 17998
15629 140 2 -33924 17662
15831 140 2 -33980 17704
16035 140 2 -34068 17808
16242 140 2 -33988 17742
16451 140 2 -33800 17650
16664 140 2 -34636 18076
16879 140 2 -34428 17996
17096 140 2 -34336 18014
17317 140 2 -34280 17930
17540 140 2 -34500 18006
17766 140 2 -34448 17948
17995 140 2 -34340 17854
18228 140 2 -34396 17982
18463 140 2 -33892 17732
18701 140 2 -34144 17870
18942 140 2 -34208 17866
19186 140 2 -34000 17742
19434 140 2 -34068 17742
19684 140 2 -34084 17770
19938 140 2 -34424 17984
20195 140 2 -34432 17946
20456 140 2 -34352 17860
20720 140 2 -34476 17956
20987 140 2 -33880 17664
21258 140 2 -34116 17890
21532 140 2 -34284 17974
21810 140 2 -34184 17792
22091 140 2 -34508 17964
22376 140 2 -34448 17958
22664 140 2 -34420 17986
22957 140 2 -34204 17870
23253 140 2 -33748 17622
23553 140 2 -34420 17892
23856 140 2 -34160 17876
24164 140 2 -34204 17848
24476 140 2 -34268 17960
24791 140 2 -34120 17874
25111 140 2 -34000 17718
25435 140 2 -34304 17974
25763 140 2 -34376 17894
26095 140 2 -34552 17948
26432 140 2 -34128 17854
26773 140 2 -34532 17850
27118 140 2 -34344 17902
27468 140 2 -34480 18024
27822 140 2 -33688 17650
28181 140 2 -34384 17988
28545 140 2 -33936 17766
28913 140 2 -33796 17676
29286 140 2 -34256 17932
29663 140 2 -34508 17930
30046 140 2 -34408 17970
30434 140 2 -34156 17720
30826 140 2 -34376 17984
31224 140 2 -34456 18014
31626 140 2 -34564 18062
32034 140 2 -34244 17968
32447 140 2 -34416 18038
32866 140 2 -34316 17976
33290 140 2 -34308 17946
33719 140 2 -34244 17916
34154 140 2 -33972 17716
34595 140 2 -33696 17612
35041 140 2 -34372 17804
35493 140 2 -34304 17928
35951 140 2 -34316 17938
36414 140 2 -34224 17846
36884 140 2 -34632 17978
37360 140 2 -34152 17878
37841 140 2 -34160 17818
38330 140 2 -34268 17910
38824 140 2 -34072 17754
39325 140 2 -34452 18020
39832 140 2 -34584 18040
40346 140 2 -34088 17736
40866 140 2 -34156 17888
41393 140 2 -34440 18004
41927 140 2 -34092 17814
42468 140 2 -34204 17842
43015 140 2 -34236 17876
43570 140 2 -34448 18028
44132 140 2 -33948 17620
44701 140 2 -34192 17838
45278 140 2 -34452 17980
45862 140 2 -34152 17858
46453 140 2 -34020 17782
47053 140 2 -34232 17934
47660 140 2 -34524 18004
48274 140 2 -34032 17656
48897 140 2 -34320 17870
49528 140 2 -34512 17968
50166 140 2 -34228 17930
50813 140 2 -34180 17818
51469 140 2 -34012 17726
52133 140 2 -34016 17792
52805 140 2 -34076 17820
53486 140 2 -33888 17724
54176 140 2 -34228 17866
54875 140 2 -34496 18018
55582 140 2 -33900 17816
56299 140 2 -34072 17868
57025 140 2 -34208 17786
57761 140 2 -34120 17738
58506 140 2 -34512 18036
59261 140 2 -34336 17972
60025 140 2 -34252 17934
60799 140 2 -33884 17704
61583 140 2 -34020 17862
62378 140 2 -34396 18000
63182 140 2 -34036 17850
63997 140 2 -34128 17778
64822 140 2 -34136 17898
65658 140 2 -34408 17960
66505 140 2 -34048 17772
67363 140 2 -33724 17650
68232 140 2 -33876 17692
69112 140 2 -34268 17872
70003 140 2 -34236 17810
70906 140 2 -34264 17938
71821 140 2 -34376 17948
72747 140 2 -34236 17944
73685 140 2 -34112 17822
74636 140 2 -34256 17732
75599 140 2 -34272 17868
76574 140 2 -34096 17782
77561 140 2 -34212 17624
78562 140 2 -34388 17932
79575 140 2 -33868 17680
80601 140 2 -34368 17964
81641 140 2 -34452 17946
82694 140 2 -34296 17974
83760 140 2 -34112 17906
84841 140 2 -33988 17732
85935 140 2 -34280 17900
87043 140 2 -33844 17632
88166 140 2 -34204 17844
89303 140 2 -34248 17816
90455 140 2 -34120 17876
91622 140 2 -33964 17792
92803 140 2 -34132 17860
94000 140 2 -34080 17820
95213 140 2 -34000 17784
96441 140 2 -34612 18078
97685 140 2 -34104 17810
98945 140 2 -34356 17944
100221 140 2 -34284 17940
101513 140 2 -33640 17518
102823 140 2 -34304 17816
104149 140 2 -34368 17910
105492 140 2 -33856 17724
106853 140 2 -33844 17614
108231 140 2 -34192 17906
109627 140 2 -34004 17702
111041 140 2 -34104 17752
112473 140 2 -34448 18024
113924 140 2 -34052 17814
115393 140 2 -34124 17908
116882 140 2 -34228 17866
118389 140 2 -34684 18024
119916 140 2 -34188 17858
121463 140 2 -33940 17802
123029 140 2 -33824 17710
124616 140 2 -34084 17872
126224 140 2 -34124 17780
127852 140 2 -34148 17812
129501 140 2 -34400 18000
131171 140 2 -33832 17456
132863 140 2 -33548 17566
134576 140 2 -34232 17874
136312 140 2 -34096 17758
138070 140 2 -34572 18030
139851 140 2 -34100 17810
141655 140 2 -34324 17946
143482 140 2 -34260 17818
145333 140 2 -33736 17622
147207 140 2 -33976 17784
149106 140 2 -34780 18136
151029 140 2 -34312 17890
152977 140 2 -34156 17876
154950 140 2 -33836 17672
156948 140 2 -34068 17816
158973 140 2 -34464 17996
161023 140 2 -34496 18066
163100 140 2 -34048 17758
165204 140 2 -34424 17990
167334 140 2 -34004 17746
169493 140 2 -34712 18084
171679 140 2 -34640 18068
173893 140 2 -33992 17780
176136 140 2 -34004 17842
178408 140 2 -34140 17866
180709 140 2 -34260 17844
183040 140 2 -33912 17740
185400 140 2 -34328 17892
187792 140 2 -34336 17990
190214 140 2 -34324 17910
192667 140 2 -34176 17834
195152 140 2 -34460 17998
197669 140 2 -34264 17762
200219 140 2 -34176 17818
202801 140 2 -33972 17734
205417 140 2 -34388 17952
208066 140 2 -34360 17944
210750 140 2 -34280 17920
213468 140 2 -34484 17966
216222 140 2 -34268 17950
219010 140 2 -34396 17924
221835 140 2 -34408 17942
224696 140 2 -34244 17888
227595 140 2 -34008 17714
230530 140 2 -34012 17792
233503 140 2 -33996 17758
236515 140 2 -34292 17902
239566 140 2 -34316 17906
242656 140 2 -34304 18010
245785 140 2 -34548 17942
248956 140 2 -34420 17934
252167 140 2 -34212 17810
255419 140 2 -34288 17862
258713 140 2 -34228 17832
262050 140 2 -33824 17696
265430 140 2 -34348 17936
268854 140 2 -34528 17994
272321 140 2 -34536 18034
275834 140 2 -34148 17760
279391 140 2 -34520 17904
282995 140 2 -34432 17948
286645 140 2 -34136 17816
290342 140 2 -34048 17772
294087 140 2 -34416 17998
297880 140 2 -34504 18014
301722 140 2 -34172 17820
305614 140 2 -34272 17942
309556 140 2 -34600 17966
313548 140 2 -34360 17950
317592 140 2 -34160 17786
321689 140 2 -34356 17932
325838 140 2 -34152 17826
330040 140 2 -33796 17686
334297 140 2 -34196 17804
338609 140 2 -34404 17908
342976 140 2 -33976 17800
347400 140 2 -33708 17626
351881 140 2 -34460 17932
356419 140 2 -34532 18050
361016 140 2 -34248 17840
365673 140 2 -33996 17786
370389 140 2 -34052 17796
375167 140 2 -34040 17822
380005 140 2 -34640 17996
384907 140 2 -34380 17946
389871 140 2 -34208 17850
394900 140 2 -34200 17898
399993 140 2 -34736 18186
405152 140 2 -34452 18022
410378 140 2 -33856 17738
415671 140 2 -34336 17822
421032 140 2 -34164 17854
426463 140 2 -34400 17930
431963 140 2 -34096 17898
437535 140 2 -34516 17904
443178 140 2 -33768 17592
448894 140 2 -34372 17976
454684 140 2 -34412 17916
460548 140 2 -34340 17896
466489 140 2 -34248 17838
472505 140 2 -34260 17896
478600 140 2 -34300 17956
484773 140 2 -34352 17898
491025 140 2 -34264 17926
497358 140 2 -34048 17804
503773 140 2 -34088 17736
510271 140 2 -34332 17902
516852 140 2 -33968 17696
523519 140 2 -34400 17892
530271 140 2 -33900 17782
537111 140 2 -34504 17942
544038 140 2 -34512 17966
551055 140 2 -34376 18002
558163 140 2 -34196 17752
565362 140 2 -34168 17842
572654 140 2 -34064 17836
580040 140 2 -34472 17956
587521 140 2 -34036 17824
595099 140 2 -33988 17800
602775 140 2 -34088 17880
610549 140 2 -34208 17834
618424 140 2 -34120 17898
626400 140 2 -34036 17812
634480 140 2 -34148 17824
642663 140 2 -34368 17836
650952 140 2 -34436 18000
659348 140 2 -34192 17836
667853 140 2 -33996 17826
676467 140 2 -33968 17660
685192 140 2 -34104 17818
694029 140 2 -34208 17838
702981 140 2 -34572 17994
712048 140 2 -34536 18020
721232 140 2 -34164 17876
730534 140 2 -33888 17664
739957 140 2 -34200 17798
749500 140 2 -34188 17912
759168 140 2 -34096 17736
768959 140 2 -34456 17922
778877 140 2 -33908 17654
788923 140 2 -34336 18008
799099 140 2 -33932 17692
809405 140 2 -34172 17762
819845 140 2 -34600 17996
830419 140 2 -34016 17808
841130 140 2 -33948 17842
851979 140 2 -34124 17882
862968 140 2 -33680 17662
874098 140 2 -33952 17690
885373 140 2 -34328 17884
896792 140 2 -34220 17930
908359 140 2 -34344 17852
920075 140 2 -34068 17804
931942 140 2 -34228 17860
943962 140 2 -33908 17746
956137 140 2 -34112 17796
968470 140 2 -33988 17810
980961 140 2 -34516 18006
993613 140 2 -34100 17890
999999 140 2 -34080 17718
