3 20 2 -724 378
4 20 2 -700 372
5 20 2 -712 374
6 20 2 -664 354
7 20 2 -692 364
8 20 2 -732 378
9 20 2 -716 374
10 20 2 -704 364
11 20 2 -684 364
12 20 2 -724 374
13 20 2 -708 374
14 20 2 -708 374
15 20 2 -748 384
16 20 2 -712 372
17 20 2 -684 362
18 20 2 -700 372
19 20 2 -688 366
20 20 2 -696 362
21 20 2 -672 360
22 20 2 -664 356
23 20 2 -676 368
24 20 2 -668 360
25 20 2 -708 372
26 20 2 -676 360
27 20 2 -684 360
28 20 2 -656 352
29 20 2 -684 364
30 20 2 -740 380
31 20 2 -732 382
32 20 2 -740 382
33 20 2 -736 380
34 20 2 -732 378
35 20 2 -736 384
36 20 2 -716 374
37 20 2 -716 368
38 20 2 -716 370
39 20 2 -736 376
40 20 2 -732 380
41 20 2 -732 380
42 20 2 -736 378
43 20 2 -720 378
44 20 2 -700 370
45 20 2 -704 368
46 20 2 -676 354
47 20 2 -668 356
48 20 2 -668 356
49 20 2 -696 364
50 20 2 -684 352
51 20 2 -652 340
52 20 2 -676 346
53 20 2 -672 350
54 20 2 -664 356
55 20 2 -636 350
56 20 2 -692 366
57 20 2 -728 380
58 20 2 -744 384
59 20 2 -756 388
60 20 2 -724 374
61 20 2 -656 352
62 20 2 -672 360
63 20 2 -704 372
64 20 2 -736 382
65 20 2 -728 380
66 20 2 -700 372
67 20 2 -704 370
68 20 2 -720 374
69 20 2 -740 384
70 20 2 -732 380
71 20 2 -732 382
72 20 2 -708 374
73 20 2 -696 368
74 20 2 -672 358
75 20 2 -668 360
76 20 2 -664 344
77 20 2 -632 334
78 20 2 -668 348
79 20 2 -636 330
80 20 2 -692 344
81 20 2 -668 354
82 20 2 -676 350
83 20 2 -676 352
84 20 2 -656 356
85 20 2 -724 378
86 20 2 -736 384
88 20 2 -736 384
89 20 2 -736 382
90 20 2 -752 386
91 20 2 -760 388
92 20 2 -752 386
93 20 2 -740 384
95 20 2 -752 386
96 20 2 -748 386
97 20 2 -704 374
98 20 2 -688 362
99 20 2 -708 360
101 20 2 -688 352
102 20 2 -644 344
103 20 2 -652 346
105 20 2 -652 354
106 20 2 -692 366
107 20 2 -704 372
109 20 2 -696 364
110 20 2 -588 326
112 20 2 -644 338
113 20 2 -680 346
114 20 2 -708 362
116 20 2 -700 372
117 20 2 -724 376
119 20 2 -772 392
120 20 2 -748 382
122 20 2 -748 384
124 20 2 -716 376
125 20 2 -692 372
127 20 2 -748 386
128 20 2 -712 376
130 20 2 -696 374
132 20 2 -756 388
133 20 2 -732 382
135 20 2 -656 338
137 20 2 -672 350
139 20 2 -652 346
140 20 2 -656 354
142 20 2 -652 342
144 20 2 -628 348
146 20 2 -676 368
148 20 2 -644 348
150 20 2 -648 354
152 20 2 -704 370
154 20 2 -720 378
155 20 2 -692 366
157 20 2 -708 366
160 20 2 -724 360
162 20 2 -672 362
164 20 2 -700 370
166 20 2 -736 380
168 20 2 -744 386
170 20 2 -752 386
172 20 2 -712 376
174 20 2 -708 376
177 20 2 -668 362
179 20 2 -632 334
181 20 2 -640 328
184 20 2 -672 344
186 20 2 -700 358
188 20 2 -700 356
191 20 2 -644 342
193 20 2 -720 378
196 20 2 -716 374
198 20 2 -732 380
201 20 2 -684 364
203 20 2 -720 372
206 20 2 -736 378
209 20 2 -712 374
211 20 2 -732 380
214 20 2 -708 368
217 20 2 -676 360
220 20 2 -728 378
222 20 2 -748 384
225 20 2 -728 382
228 20 2 -724 372
231 20 2 -716 370
234 20 2 -696 366
237 20 2 -696 354
240 20 2 -636 350
243 20 2 -668 362
246 20 2 -676 366
250 20 2 -748 386
253 20 2 -680 360
256 20 2 -700 372
259 20 2 -696 364
263 20 2 -760 380
266 20 2 -716 374
269 20 2 -652 358
273 20 2 -724 380
276 20 2 -744 382
280 20 2 -680 362
284 20 2 -676 362
287 20 2 -696 366
291 20 2 -688 364
295 20 2 -716 374
298 20 2 -728 380
302 20 2 -700 370
306 20 2 -744 376
310 20 2 -752 388
314 20 2 -700 370
318 20 2 -648 344
322 20 2 -708 372
326 20 2 -740 384
331 20 2 -708 366
335 20 2 -696 358
339 20 2 -660 352
344 20 2 -744 386
348 20 2 -732 380
352 20 2 -700 360
357 20 2 -700 368
362 20 2 -724 376
366 20 2 -728 378
371 20 2 -704 374
376 20 2 -696 362
381 20 2 -720 368
385 20 2 -672 356
390 20 2 -724 380
395 20 2 -716 378
401 20 2 -768 390
406 20 2 -740 382
411 20 2 -692 368
416 20 2 -692 368
422 20 2 -696 368
427 20 2 -664 356
433 20 2 -672 356
438 20 2 -728 376
444 20 2 -724 380
449 20 2 -700 372
455 20 2 -704 366
461 20 2 -756 386
467 20 2 -720 380
473 20 2 -720 372
479 20 2 -704 372
485 20 2 -720 374
492 20 2 -664 348
498 20 2 -592 314
504 20 2 -712 374
511 20 2 -700 366
517 20 2 -684 336
524 20 2 -664 350
531 20 2 -668 350
538 20 2 -732 378
545 20 2 -716 374
552 20 2 -740 384
559 20 2 -704 372
566 20 2 -700 374
573 20 2 -704 368
581 20 2 -668 354
588 20 2 -700 372
596 20 2 -688 362
603 20 2 -652 346
611 20 2 -736 382
619 20 2 -744 384
627 20 2 -740 384
635 20 2 -720 364
643 20 2 -700 368
652 20 2 -676 364
660 20 2 -572 314
668 20 2 -640 344
677 20 2 -708 370
686 20 2 -668 350
695 20 2 -692 364
704 20 2 -688 366
713 20 2 -712 360
722 20 2 -688 348
731 20 2 -720 370
741 20 2 -768 390
750 20 2 -696 370
760 20 2 -720 376
770 20 2 -732 376
780 20 2 -716 368
790 20 2 -704 370
800 20 2 -688 368
810 20 2 -724 378
821 20 2 -696 368
831 20 2 -676 358
842 20 2 -672 354
853 20 2 -744 384
864 20 2 -732 380
875 20 2 -684 364
886 20 2 -728 380
897 20 2 -712 376
909 20 2 -728 376
921 20 2 -704 374
933 20 2 -692 362
945 20 2 -704 366
957 20 2 -724 376
969 20 2 -624 320
982 20 2 -720 366
994 20 2 -708 370
1007 20 2 -704 368
1020 20 2 -672 354
1033 20 2 -700 372
1047 20 2 -700 366
1060 20 2 -684 362
1074 20 2 -656 346
1088 20 2 -696 356
1102 20 2 -664 358
1116 20 2 -688 366
1130 20 2 -704 370
1145 20 2 -704 370
1160 20 2 -704 362
1174 20 2 -684 362
1190 20 2 -684 344
1205 20 2 -668 356
1220 20 2 -704 370
1236 20 2 -664 336
1252 20 2 -696 362
1268 20 2 -732 374
1285 20 2 -736 380
1301 20 2 -692 330
1318 20 2 -596 302
1335 20 2 -760 384
1352 20 2 -668 358
1370 20 2 -752 388
1387 20 2 -716 374
1405 20 2 -652 350
1423 20 2 -732 376
1442 20 2 -700 368
1460 20 2 -708 370
1479 20 2 -720 374
1498 20 2 -668 352
1517 20 2 -644 350
1537 20 2 -680 354
1557 20 2 -712 374
1577 20 2 -772 392
1597 20 2 -724 378
1618 20 2 -708 372
1639 20 2 -740 384
1660 20 2 -720 376
1681 20 2 -756 388
1703 20 2 -700 364
1725 20 2 -728 374
1747 20 2 -652 342
1770 20 2 -696 370
1792 20 2 -712 374
1816 20 2 -732 376
1839 20 2 -708 372
1863 20 2 -692 368
1887 20 2 -656 352
1911 20 2 -684 368
1936 20 2 -712 370
1961 20 2 -668 362
1986 20 2 -688 350
2012 20 2 -764 378
2037 20 2 -728 382
2064 20 2 -684 350
2090 20 2 -692 358
2117 20 2 -668 354
2145 20 2 -684 364
2172 20 2 -744 386
2200 20 2 -668 354
2229 20 2 -716 368
2257 20 2 -712 360
2286 20 2 -684 362
2316 20 2 -744 386
2346 20 2 -676 364
2376 20 2 -636 346
2407 20 2 -684 364
2438 20 2 -640 350
2469 20 2 -712 374
2501 20 2 -680 364
2533 20 2 -716 376
2566 20 2 -660 338
2599 20 2 -740 382
2633 20 2 -756 386
2667 20 2 -724 372
2701 20 2 -696 366
2736 20 2 -756 386
2771 20 2 -748 386
2807 20 2 -684 364
2843 20 2 -708 372
2880 20 2 -712 368
2917 20 2 -716 372
2954 20 2 -764 384
2992 20 2 -716 374
3031 20 2 -696 370
3070 20 2 -732 382
3110 20 2 -636 328
3150 20 2 -716 376
3190 20 2 -732 380
3232 20 2 -660 342
3273 20 2 -672 362
3315 20 2 -716 376
3358 20 2 -692 368
3402 20 2 -684 366
3445 20 2 -664 320
3490 20 2 -656 352
3535 20 2 -692 366
3580 20 2 -724 380
3627 20 2 -664 350
3673 20 2 -724 374
3721 20 2 -740 384
3769 20 2 -704 364
3817 20 2 -716 374
3867 20 2 -740 380
3916 20 2 -720 376
3967 20 2 -736 380
4018 20 2 -696 372
4070 20 2 -712 372
4122 20 2 -700 364
4176 20 2 -648 242
4229 20 2 -692 368
4284 20 2 -728 380
4339 20 2 -696 370
4395 20 2 -704 374
4452 20 2 -724 376
4509 20 2 -700 366
4567 20 2 -668 352
4626 20 2 -688 370
4686 20 2 -724 372
4746 20 2 -740 382
4808 20 2 -740 374
4870 20 2 -720 378
4932 20 2 -772 392
4996 20 2 -732 382
5060 20 2 -664 358
5126 20 2 -688 350
5192 20 2 -684 360
5259 20 2 -688 358
5327 20 2 -644 346
5395 20 2 -632 346
5465 20 2 -668 358
5535 20 2 -700 370
5607 20 2 -708 368
5679 20 2 -776 394
5752 20 2 -704 356
5826 20 2 -684 368
5902 20 2 -736 376
5978 20 2 -644 342
6055 20 2 -688 360
6133 20 2 -716 378
6212 20 2 -668 362
6292 20 2 -752 386
6373 20 2 -736 380
6455 20 2 -688 368
6539 20 2 -656 348
6623 20 2 -760 390
6708 20 2 -676 358
6795 20 2 -652 330
6883 20 2 -716 370
6971 20 2 -692 362
7061 20 2 -696 368
7152 20 2 -724 378
7245 20 2 -688 360
7338 20 2 -688 350
7433 20 2 -664 348
7529 20 2 -700 370
7626 20 2 -720 366
7724 20 2 -656 356
7824 20 2 -684 360
7925 20 2 -704 372
8027 20 2 -676 356
8130 20 2 -728 378
8235 20 2 -720 378
8341 20 2 -724 378
8449 20 2 -708 372
8558 20 2 -728 376
8668 20 2 -736 380
8780 20 2 -736 382
8893 20 2 -708 368
9008 20 2 -716 378
9124 20 2 -736 378
9242 20 2 -700 366
9361 20 2 -700 360
9482 20 2 -724 378
9604 20 2 -684 364
9728 20 2 -708 370
9853 20 2 -688 368
9980 20 2 -716 376
10109 20 2 -680 364
10240 20 2 -680 358
10372 20 2 -660 332
10505 20 2 -716 374
10641 20 2 -692 358
10778 20 2 -752 386
10917 20 2 -720 378
11058 20 2 -672 346
11201 20 2 -620 320
11345 20 2 -712 372
11491 20 2 -768 384
11640 20 2 -704 370
11790 20 2 -692 362
11942 20 2 -680 366
12096 20 2 -728 374
12252 20 2 -640 308
12410 20 2 -680 366
12570 20 2 -676 354
12732 20 2 -736 380
12896 20 2 -712 366
13062 20 2 -708 374
13231 20 2 -736 378
13402 20 2 -648 352
13574 20 2 -704 360
13750 20 2 -748 386
13927 20 2 -680 366
14106 20 2 -688 364
14288 20 2 -676 362
14473 20 2 -700 370
14659 20 2 -748 386
14848 20 2 -648 342
15040 20 2 -644 338
15234 20 2 -700 372
15430 20 2 -708 368
15629 20 2 -740 380
15831 20 2 -672 352
16035 20 2 -704 360
16242 20 2 -700 370
16451 20 2 -700 372
16664 20 2 -700 368
16879 20 2 -728 376
17096 20 2 -696 362
17317 20 2 -748 384
17540 20 2 -700 372
17766 20 2 -704 364
17995 20 2 -576 306
18228 20 2 -744 384
18463 20 2 -652 340
18701 20 2 -692 366
18942 20 2 -684 360
19186 20 2 -708 376
19434 20 2 -636 336
19684 20 2 -720 376
19938 20 2 -720 366
20195 20 2 -720 378
20456 20 2 -708 366
20720 20 2 -704 370
20987 20 2 -688 362
21258 20 2 -652 340
21532 20 2 -700 362
21810 20 2 -712 372
22091 20 2 -736 384
22376 20 2 -792 398
22664 20 2 -728 372
22957 20 2 -704 358
23253 20 2 -712 374
23553 20 2 -612 324
23856 20 2 -692 360
24164 20 2 -648 348
24476 20 2 -640 350
24791 20 2 -700 370
25111 20 2 -684 346
25435 20 2 -724 374
25763 20 2 -688 368
26095 20 2 -692 368
26432 20 2 -684 362
26773 20 2 -716 378
27118 20 2 -660 348
27468 20 2 -664 358
27822 20 2 -672 360
28181 20 2 -708 372
28545 20 2 -592 278
28913 20 2 -692 362
29286 20 2 -708 370
29663 20 2 -712 370
30046 20 2 -720 372
30434 20 2 -616 336
30826 20 2 -728 372
31224 20 2 -676 366
31626 20 2 -756 384
32034 20 2 -716 376
32447 20 2 -704 370
32866 20 2 -692 352
33290 20 2 -672 340
33719 20 2 -716 376
34154 20 2 -708 364
34595 20 2 -720 378
35041 20 2 -732 374
35493 20 2 -692 358
35951 20 2 -712 374
36414 20 2 -708 370
36884 20 2 -708 374
37360 20 2 -684 360
37841 20 2 -608 324
38330 20 2 -632 352
38824 20 2 -696 372
39325 20 2 -740 384
39832 20 2 -736 384
40346 20 2 -696 356
40866 20 2 -660 350
41393 20 2 -700 368
41927 20 2 -696 370
42468 20 2 -668 364
43015 20 2 -668 348
43570 20 2 -648 350
44132 20 2 -700 366
44701 20 2 -648 348
45278 20 2 -712 374
45862 20 2 -668 344
46453 20 2 -712 374
47053 20 2 -732 374
47660 20 2 -736 382
48274 20 2 -752 386
48897 20 2 -752 388
49528 20 2 -704 374
50166 20 2 -708 374
50813 20 2 -692 366
51469 20 2 -632 342
52133 20 2 -640 326
52805 20 2 -704 372
53486 20 2 -716 372
54176 20 2 -708 358
54875 20 2 -696 368
55582 20 2 -728 382
56299 20 2 -640 344
57025 20 2 -712 374
57761 20 2 -696 364
58506 20 2 -740 382
59261 20 2 -724 378
60025 20 2 -728 378
60799 20 2 -696 360
61583 20 2 -676 356
62378 20 2 -676 352
63182 20 2 -640 350
63997 20 2 -700 370
64822 20 2 -616 304
65658 20 2 -668 356
66505 20 2 -688 366
67363 20 2 -732 382
68232 20 2 -628 326
69112 20 2 -756 386
70003 20 2 -696 368
70906 20 2 -724 376
71821 20 2 -696 356
72747 20 2 -664 356
73685 20 2 -728 380
74636 20 2 -712 368
75599 20 2 -708 370
76574 20 2 -684 360
77561 20 2 -660 360
78562 20 2 -712 364
79575 20 2 -748 384
80601 20 2 -684 362
81641 20 2 -672 364
82694 20 2 -704 368
83760 20 2 -752 388
84841 20 2 -724 376
85935 20 2 -724 378
87043 20 2 -700 334
88166 20 2 -776 394
89303 20 2 -712 376
90455 20 2 -716 378
91622 20 2 -712 374
92803 20 2 -680 364
94000 20 2 -704 366
95213 20 2 -716 376
96441 20 2 -692 356
97685 20 2 -696 364
98945 20 2 -724 376
100221 20 2 -696 370
101513 20 2 -692 366
102823 20 2 -688 362
104149 20 2 -720 378
105492 20 2 -720 374
106853 20 2 -724 376
108231 20 2 -736 382
109627 20 2 -700 370
111041 20 2 -704 370
112473 20 2 -640 306
113924 20 2 -700 368
115393 20 2 -700 366
116882 20 2 -688 350
118389 20 2 -784 394
119916 20 2 -668 356
121463 20 2 -760 390
123029 20 2 -652 342
124616 20 2 -664 354
126224 20 2 -660 352
127852 20 2 -700 366
129501 20 2 -660 348
131171 20 2 -672 322
132863 20 2 -740 384
134576 20 2 -692 350
136312 20 2 -664 360
138070 20 2 -736 382
139851 20 2 -632 330
141655 20 2 -704 372
143482 20 2 -700 370
145333 20 2 -728 378
147207 20 2 -700 368
149106 20 2 -696 370
151029 20 2 -696 358
152977 20 2 -656 358
154950 20 2 -696 364
156948 20 2 -712 376
158973 20 2 -732 378
161023 20 2 -628 334
163100 20 2 -684 354
165204 20 2 -672 356
167334 20 2 -716 376
169493 20 2 -756 388
171679 20 2 -664 360
173893 20 2 -712 370
176136 20 2 -656 338
178408 20 2 -664 360
180709 20 2 -764 388
183040 20 2 -708 374
185400 20 2 -720 374
187792 20 2 -684 362
190214 20 2 -732 380
192667 20 2 -692 370
195152 20 2 -664 358
197669 20 2 -764 388
200219 20 2 -652 354
202801 20 2 -696 364
205417 20 2 -676 358
208066 20 2 -692 362
210750 20 2 -684 366
213468 20 2 -716 374
216222 20 2 -636 334
219010 20 2 -676 362
221835 20 2 -668 332
224696 20 2 -728 380
227595 20 2 -732 382
230530 20 2 -724 376
233503 20 2 -688 368
236515 20 2 -732 382
239566 20 2 -692 354
242656 20 2 -732 380
245785 20 2 -736 380
248956 20 2 -692 370
252167 20 2 -708 362
255419 20 2 -640 310
258713 20 2 -652 354
262050 20 2 -720 374
265430 20 2 -748 382
268854 20 2 -732 376
272321 20 2 -700 366
275834 20 2 -628 328
279391 20 2 -648 350
282995 20 2 -704 368
286645 20 2 -728 356
290342 20 2 -704 372
294087 20 2 -732 376
297880 20 2 -660 342
301722 20 2 -736 378
305614 20 2 -704 368
309556 20 2 -676 358
313548 20 2 -624 338
317592 20 2 -656 350
321689 20 2 -720 376
325838 20 2 -652 354
330040 20 2 -732 378
334297 20 2 -748 386
338609 20 2 -684 362
342976 20 2 -688 348
347400 20 2 -740 384
351881 20 2 -632 328
356419 20 2 -692 364
361016 20 2 -664 356
365673 20 2 -712 378
370389 20 2 -620 336
375167 20 2 -624 324
380005 20 2 -732 378
384907 20 2 -708 372
389871 20 2 -720 374
394900 20 2 -704 344
399993 20 2 -740 380
405152 20 2 -732 382
410378 20 2 -688 364
415671 20 2 -740 374
421032 20 2 -704 372
426463 20 2 -648 354
431963 20 2 -740 376
437535 20 2 -696 366
443178 20 2 -688 358
448894 20 2 -696 360
454684 20 2 -712 364
460548 20 2 -696 358
466489 20 2 -728 376
472505 20 2 -712 374
478600 20 2 -676 360
484773 20 2 -692 366
491025 20 2 -692 362
497358 20 2 -744 386
503773 20 2 -724 370
510271 20 2 -764 390
516852 20 2 -688 356
523519 20 2 -692 362
530271 20 2 -668 354
537111 20 2 -720 378
544038 20 2 -716 374
551055 20 2 -728 376
558163 20 2 -688 354
565362 20 2 -692 370
572654 20 2 -692 364
580040 20 2 -688 370
587521 20 2 -684 358
595099 20 2 -700 370
602775 20 2 -724 370
610549 20 2 -744 382
618424 20 2 -692 362
626400 20 2 -740 384
634480 20 2 -704 370
642663 20 2 -680 364
650952 20 2 -724 380
659348 20 2 -716 376
667853 20 2 -624 332
676467 20 2 -712 376
685192 20 2 -720 376
694029 20 2 -660 296
702981 20 2 -752 382
712048 20 2 -764 390
721232 20 2 -708 376
730534 20 2 -692 348
739957 20 2 -668 330
749500 20 2 -688 356
759168 20 2 -672 362
768959 20 2 -700 372
778877 20 2 -708 372
788923 20 2 -652 334
799099 20 2 -760 388
809405 20 2 -680 360
819845 20 2 -704 364
830419 20 2 -660 344
841130 20 2 -760 388
851979 20 2 -724 376
862968 20 2 -720 370
874098 20 2 -712 376
885373 20 2 -716 374
896792 20 2 -688 364
908359 20 2 -728 376
920075 20 2 -732 380
931942 20 2 -744 370
943962 20 2 -672 340
956137 20 2 -760 390
968470 20 2 -664 322
980961 20 2 -724 378
993613 20 2 -700 366
999999 20 2 -688 364
