3 100 2.4 -16148 8752
4 100 2.4 -15424 8466
5 100 2.4 -15260 8312
6 100 2.4 -15028 8112
7 100 2.4 -14684 7900
8 100 2.4 -14348 7756
9 100 2.4 -14272 7772
10 100 2.4 -14076 7582
11 100 2.4 -14112 7526
12 100 2.4 -14076 7530
13 100 2.4 -14144 7582
14 100 2.4 -13952 7450
15 100 2.4 -13748 7310
16 100 2.4 -13832 7246
17 100 2.4 -13820 7170
18 100 2.4 -13696 7172
19 100 2.4 -13876 7132
20 100 2.4 -13660 7004
21 100 2.4 -13412 6890
22 100 2.4 -13288 6784
23 100 2.4 -13316 6746
24 100 2.4 -13396 6756
25 100 2.4 -13208 6692
26 100 2.4 -13012 6582
27 100 2.4 -13040 6446
28 100 2.4 -13024 6474
29 100 2.4 -13264 6652
30 100 2.4 -13148 6534
31 100 2.4 -13164 6572
32 100 2.4 -13164 6602
33 100 2.4 -12952 6626
34 100 2.4 -13004 6590
35 100 2.4 -13112 6560
36 100 2.4 -13172 6490
37 100 2.4 -12872 6304
38 100 2.4 -12900 6352
39 100 2.4 -12968 6318
40 100 2.4 -13328 6438
41 100 2.4 -13304 6318
42 100 2.4 -13372 6406
43 100 2.4 -13320 6364
44 100 2.4 -13072 6226
45 100 2.4 -13104 6264
46 100 2.4 -13136 6166
47 100 2.4 -13032 6030
48 100 2.4 -13360 6000
49 100 2.4 -13084 5828
50 100 2.4 -12728 5628
51 100 2.4 -12632 5556
52 100 2.4 -12640 5650
53 100 2.4 -13052 5772
54 100 2.4 -13028 5810
55 100 2.4 -13056 5760
56 100 2.4 -13148 5834
57 100 2.4 -13192 5902
58 100 2.4 -12924 5730
59 100 2.4 -12728 5534
60 100 2.4 -12940 5660
61 100 2.4 -12840 5816
62 100 2.4 -12968 5904
63 100 2.4 -13188 5950
64 100 2.4 -13296 5958
65 100 2.4 -13180 5920
66 100 2.4 -13256 5832
67 100 2.4 -13036 5816
68 100 2.4 -13284 5948
69 100 2.4 -13196 5822
70 100 2.4 -13232 5858
71 100 2.4 -13336 5974
72 100 2.4 -13332 5938
73 100 2.4 -13212 5940
74 100 2.4 -13292 5920
75 100 2.4 -13156 5854
76 100 2.4 -13172 5886
77 100 2.4 -13300 5858
78 100 2.4 -12936 5678
79 100 2.4 -13388 5866
80 100 2.4 -13160 5918
81 100 2.4 -13224 5840
82 100 2.4 -13180 5746
83 100 2.4 -12792 5602
84 100 2.4 -12860 5688
85 100 2.4 -13048 5740
86 100 2.4 -13116 5848
88 100 2.4 -13004 5856
89 100 2.4 -12696 5668
90 100 2.4 -12624 5718
91 100 2.4 -12728 5678
92 100 2.4 -12700 5582
93 100 2.4 -12848 5702
95 100 2.4 -13316 5932
96 100 2.4 -12832 5946
97 100 2.4 -13140 6166
98 100 2.4 -13248 6142
99 100 2.4 -13332 6152
101 100 2.4 -13504 6136
102 100 2.4 -13232 6038
103 100 2.4 -12972 5966
105 100 2.4 -13380 6026
106 100 2.4 -13184 5934
107 100 2.4 -13084 5880
109 100 2.4 -13132 5838
110 100 2.4 -13012 5776
112 100 2.4 -13372 6052
113 100 2.4 -13328 6004
114 100 2.4 -12888 5868
116 100 2.4 -12620 5676
117 100 2.4 -12604 5528
119 100 2.4 -12856 5746
120 100 2.4 -13112 5846
122 100 2.4 -12720 5496
124 100 2.4 -12784 5482
125 100 2.4 -12824 5426
127 100 2.4 -12640 5464
128 100 2.4 -12628 5234
130 100 2.4 -12492 5166
132 100 2.4 -12612 5184
133 100 2.4 -12412 4926
135 100 2.4 -12228 4648
137 100 2.4 -12032 4594
139 100 2.4 -11944 4632
140 100 2.4 -11852 4534
142 100 2.4 -12160 4550
144 100 2.4 -12212 4530
146 100 2.4 -12112 4198
148 100 2.4 -12268 4160
150 100 2.4 -12380 4200
152 100 2.4 -11984 4204
154 100 2.4 -12388 4094
155 100 2.4 -12144 3962
157 100 2.4 -12304 3984
160 100 2.4 -12168 4032
162 100 2.4 -12432 4130
164 100 2.4 -12464 4288
166 100 2.4 -12036 4102
168 100 2.4 -12796 4276
170 100 2.4 -12436 4266
172 100 2.4 -12568 4142
174 100 2.4 -12508 4076
177 100 2.4 -12360 4050
179 100 2.4 -12528 4232
181 100 2.4 -12160 4080
184 100 2.4 -12292 4300
186 100 2.4 -12224 4298
188 100 2.4 -12192 4360
191 100 2.4 -12468 4614
193 100 2.4 -12332 4510
196 100 2.4 -12452 4506
198 100 2.4 -12552 4560
201 100 2.4 -12308 4510
203 100 2.4 -12360 4462
206 100 2.4 -12176 4254
209 100 2.4 -12348 4182
211 100 2.4 -12404 4376
214 100 2.4 -12260 4220
217 100 2.4 -12432 3894
220 100 2.4 -12368 3852
222 100 2.4 -12184 3890
225 100 2.4 -12260 3716
228 100 2.4 -12212 3676
231 100 2.4 -12056 3648
234 100 2.4 -12260 3748
237 100 2.4 -12328 3714
240 100 2.4 -12312 3680
243 100 2.4 -12352 3742
246 100 2.4 -11864 3386
250 100 2.4 -11844 3320
253 100 2.4 -11812 3292
256 100 2.4 -11744 3178
259 100 2.4 -12104 3334
263 100 2.4 -12308 3254
266 100 2.4 -12228 3250
269 100 2.4 -12396 3600
273 100 2.4 -11972 3560
276 100 2.4 -12076 3324
280 100 2.4 -12356 3338
284 100 2.4 -12176 3498
287 100 2.4 -12648 3628
291 100 2.4 -12324 3472
295 100 2.4 -12756 3606
298 100 2.4 -12504 3706
302 100 2.4 -11936 3240
306 100 2.4 -12132 3170
310 100 2.4 -12312 3352
314 100 2.4 -12300 3334
318 100 2.4 -12532 3650
322 100 2.4 -12404 3646
326 100 2.4 -12612 3392
331 100 2.4 -12196 3250
335 100 2.4 -12400 3292
339 100 2.4 -12204 3378
344 100 2.4 -11904 3256
348 100 2.4 -11800 2868
352 100 2.4 -12212 2740
357 100 2.4 -12212 2724
362 100 2.4 -12332 2724
366 100 2.4 -11940 2768
371 100 2.4 -12076 2800
376 100 2.4 -11820 2304
381 100 2.4 -11944 2310
385 100 2.4 -11804 2094
390 100 2.4 -11568 1958
395 100 2.4 -11524 2212
401 100 2.4 -11612 2526
406 100 2.4 -11536 2684
411 100 2.4 -11796 2798
416 100 2.4 -11648 2676
422 100 2.4 -11928 2290
427 100 2.4 -11924 2236
433 100 2.4 -12500 2394
438 100 2.4 -11928 2292
444 100 2.4 -12020 2158
449 100 2.4 -12184 2354
455 100 2.4 -12220 2428
461 100 2.4 -11796 2452
467 100 2.4 -12056 1890
473 100 2.4 -12196 1464
479 100 2.4 -11580 1372
485 100 2.4 -11452 1548
492 100 2.4 -11472 1634
498 100 2.4 -11700 1114
504 100 2.4 -11556 1464
511 100 2.4 -11636 1462
517 100 2.4 -12048 1680
524 100 2.4 -11544 1678
531 100 2.4 -11792 1276
538 100 2.4 -12076 1536
545 100 2.4 -11748 1560
552 100 2.4 -12028 1532
559 100 2.4 -11996 1884
566 100 2.4 -12476 1858
573 100 2.4 -12292 2116
581 100 2.4 -11984 1996
588 100 2.4 -12332 2292
596 100 2.4 -12584 2778
603 100 2.4 -12560 2476
611 100 2.4 -12436 2174
619 100 2.4 -12032 1706
627 100 2.4 -12296 2110
635 100 2.4 -12120 2094
643 100 2.4 -12068 2078
652 100 2.4 -12372 2226
660 100 2.4 -12320 2172
668 100 2.4 -12148 2392
677 100 2.4 -12264 2182
686 100 2.4 -11972 1872
695 100 2.4 -11748 1548
704 100 2.4 -11724 1244
713 100 2.4 -12100 1124
722 100 2.4 -12508 1256
731 100 2.4 -12484 1172
741 100 2.4 -12396 1254
750 100 2.4 -12416 1006
760 100 2.4 -12664 922
770 100 2.4 -12152 1078
780 100 2.4 -12128 1176
790 100 2.4 -12520 1264
800 100 2.4 -12148 1594
810 100 2.4 -12020 1266
821 100 2.4 -12236 1400
831 100 2.4 -12128 1198
842 100 2.4 -12588 1200
853 100 2.4 -12068 848
864 100 2.4 -11628 1174
875 100 2.4 -11896 986
886 100 2.4 -11896 1070
897 100 2.4 -12180 994
909 100 2.4 -12140 1324
921 100 2.4 -12104 1372
933 100 2.4 -11900 1350
945 100 2.4 -11672 1162
957 100 2.4 -11740 1622
969 100 2.4 -11768 1272
982 100 2.4 -11700 1060
994 100 2.4 -11852 1220
1007 100 2.4 -12096 1004
1020 100 2.4 -12280 1608
1033 100 2.4 -11824 824
1047 100 2.4 -11948 886
1060 100 2.4 -11764 456
1074 100 2.4 -11784 -66
1088 100 2.4 -11928 92
1102 100 2.4 -11640 300
1116 100 2.4 -11880 812
1130 100 2.4 -11740 916
1145 100 2.4 -11388 882
1160 100 2.4 -12048 1204
1174 100 2.4 -12008 1364
1190 100 2.4 -12012 1786
1205 100 2.4 -11712 1724
1220 100 2.4 -11740 1962
1236 100 2.4 -12216 2096
1252 100 2.4 -12128 2364
1268 100 2.4 -12168 2518
1285 100 2.4 -12108 2552
1301 100 2.4 -12252 2670
1318 100 2.4 -12300 2972
1335 100 2.4 -12048 2480
1352 100 2.4 -11944 2480
1370 100 2.4 -11892 2102
1387 100 2.4 -12048 1522
1405 100 2.4 -11936 1338
1423 100 2.4 -11588 834
1442 100 2.4 -11788 -228
1460 100 2.4 -11848 -694
1479 100 2.4 -12080 -1078
1498 100 2.4 -11884 -102
1517 100 2.4 -12148 132
1537 100 2.4 -12076 94
1557 100 2.4 -12160 -470
1577 100 2.4 -12496 -426
1597 100 2.4 -12316 70
1618 100 2.4 -12176 -384
1639 100 2.4 -11924 648
1660 100 2.4 -11520 538
1681 100 2.4 -12156 976
1703 100 2.4 -12012 1172
1725 100 2.4 -12384 1736
1747 100 2.4 -12608 2014
1770 100 2.4 -12296 1736
1792 100 2.4 -12268 1858
1816 100 2.4 -12632 2048
1839 100 2.4 -12424 2490
1863 100 2.4 -12180 2358
1887 100 2.4 -11752 2668
1911 100 2.4 -11416 1888
1936 100 2.4 -12096 406
1961 100 2.4 -11820 -256
1986 100 2.4 -11756 142
2012 100 2.4 -12284 316
2037 100 2.4 -11824 404
2064 100 2.4 -12044 -196
2090 100 2.4 -11852 -70
2117 100 2.4 -11852 138
2145 100 2.4 -11852 324
2172 100 2.4 -12080 -650
2200 100 2.4 -12044 -938
2229 100 2.4 -12352 -416
2257 100 2.4 -12156 -280
2286 100 2.4 -11676 -86
2316 100 2.4 -11760 308
2346 100 2.4 -11964 -628
2376 100 2.4 -12296 -1162
2407 100 2.4 -12164 -1244
2438 100 2.4 -11940 -1614
2469 100 2.4 -11764 -1748
2501 100 2.4 -12292 -1958
2533 100 2.4 -12012 -1452
2566 100 2.4 -12068 -1348
2599 100 2.4 -11212 -1366
2633 100 2.4 -11632 -1784
2667 100 2.4 -12364 -3012
2701 100 2.4 -12116 -2412
2736 100 2.4 -12052 -2096
2771 100 2.4 -12008 -1426
2807 100 2.4 -11708 -1764
2843 100 2.4 -12020 -1084
2880 100 2.4 -12228 -1046
2917 100 2.4 -12024 604
2954 100 2.4 -12128 1016
2992 100 2.4 -11916 1134
3031 100 2.4 -12228 458
3070 100 2.4 -11800 710
3110 100 2.4 -12448 180
3150 100 2.4 -12296 -276
3190 100 2.4 -11868 -1012
3232 100 2.4 -12252 -1342
3273 100 2.4 -11980 -638
3315 100 2.4 -12068 464
3358 100 2.4 -11848 -284
3402 100 2.4 -11924 408
3445 100 2.4 -11892 1442
3490 100 2.4 -11820 1780
3535 100 2.4 -11600 1682
3580 100 2.4 -12052 442
3627 100 2.4 -11980 -440
3673 100 2.4 -11812 -966
3721 100 2.4 -12404 204
3769 100 2.4 -12188 568
3817 100 2.4 -12024 -360
3867 100 2.4 -12124 38
3916 100 2.4 -11896 -754
3967 100 2.4 -11488 60
4018 100 2.4 -11728 970
4070 100 2.4 -11756 570
4122 100 2.4 -11748 322
4176 100 2.4 -12032 40
4229 100 2.4 -11580 380
4284 100 2.4 -11976 418
4339 100 2.4 -12100 870
4395 100 2.4 -12132 1192
4452 100 2.4 -11892 1390
4509 100 2.4 -12140 536
4567 100 2.4 -12424 -1726
4626 100 2.4 -12112 -1118
4686 100 2.4 -12156 -630
4746 100 2.4 -11884 -1210
4808 100 2.4 -12216 -808
4870 100 2.4 -12172 -396
4932 100 2.4 -12264 -630
4996 100 2.4 -11792 738
5060 100 2.4 -12152 1730
5126 100 2.4 -11932 1892
5192 100 2.4 -11724 1490
5259 100 2.4 -12088 622
5327 100 2.4 -11884 -214
5395 100 2.4 -12264 -116
5465 100 2.4 -11956 1036
5535 100 2.4 -11920 696
5607 100 2.4 -12532 432
5679 100 2.4 -11988 352
5752 100 2.4 -12220 412
5826 100 2.4 -12128 852
5902 100 2.4 -11756 698
5978 100 2.4 -11828 260
6055 100 2.4 -12428 310
6133 100 2.4 -12164 1646
6212 100 2.4 -12072 772
6292 100 2.4 -12072 1136
6373 100 2.4 -12332 1056
6455 100 2.4 -12108 762
6539 100 2.4 -12312 -238
6623 100 2.4 -11760 -904
6708 100 2.4 -11976 572
6795 100 2.4 -11920 -756
6883 100 2.4 -11908 -1000
6971 100 2.4 -11800 496
7061 100 2.4 -12100 772
7152 100 2.4 -11140 288
7245 100 2.4 -11884 88
7338 100 2.4 -12340 1088
7433 100 2.4 -11880 286
7529 100 2.4 -11980 1552
7626 100 2.4 -12096 1598
7724 100 2.4 -11664 -960
7824 100 2.4 -11772 -440
7925 100 2.4 -12428 -1116
8027 100 2.4 -11556 -1328
8130 100 2.4 -11924 -848
8235 100 2.4 -12264 1344
8341 100 2.4 -11860 398
8449 100 2.4 -12100 -1000
8558 100 2.4 -12364 -92
8668 100 2.4 -11572 -912
8780 100 2.4 -11152 -1048
8893 100 2.4 -11876 -686
9008 100 2.4 -11980 -1390
9124 100 2.4 -11836 -1194
9242 100 2.4 -11592 -1086
9361 100 2.4 -12232 2146
9482 100 2.4 -12160 1840
9604 100 2.4 -12136 710
9728 100 2.4 -11844 1486
9853 100 2.4 -12420 1080
9980 100 2.4 -12320 1124
10109 100 2.4 -12284 -1672
10240 100 2.4 -11928 -616
10372 100 2.4 -12188 760
10505 100 2.4 -12108 908
10641 100 2.4 -12156 -48
10778 100 2.4 -12352 -106
10917 100 2.4 -11672 -800
11058 100 2.4 -12208 274
11201 100 2.4 -11900 688
11345 100 2.4 -11812 1580
11491 100 2.4 -11876 1152
11640 100 2.4 -12256 1062
11790 100 2.4 -11828 776
11942 100 2.4 -12524 116
12096 100 2.4 -12080 754
12252 100 2.4 -11844 956
12410 100 2.4 -12164 -1216
12570 100 2.4 -12376 -1198
12732 100 2.4 -11788 -1008
12896 100 2.4 -12380 -1506
13062 100 2.4 -11692 312
13231 100 2.4 -12052 240
13402 100 2.4 -12428 -750
13574 100 2.4 -12360 -314
13750 100 2.4 -12124 -878
13927 100 2.4 -12052 658
14106 100 2.4 -11620 -1056
14288 100 2.4 -11776 -1490
14473 100 2.4 -11968 828
14659 100 2.4 -12052 526
14848 100 2.4 -12408 -1288
15040 100 2.4 -11764 -912
15234 100 2.4 -12260 -1198
15430 100 2.4 -12092 -264
15629 100 2.4 -12088 -1202
15831 100 2.4 -11996 -946
16035 100 2.4 -12020 -1566
16242 100 2.4 -11988 -362
16451 100 2.4 -11444 -1256
16664 100 2.4 -12028 -2498
16879 100 2.4 -11400 -1762
17096 100 2.4 -12188 -472
17317 100 2.4 -12248 -1278
17540 100 2.4 -12080 60
17766 100 2.4 -11536 -390
17995 100 2.4 -11600 356
18228 100 2.4 -11924 -454
18463 100 2.4 -11820 800
18701 100 2.4 -12156 280
18942 100 2.4 -12200 300
19186 100 2.4 -11716 -1562
19434 100 2.4 -12000 46
19684 100 2.4 -12068 318
19938 100 2.4 -11964 352
20195 100 2.4 -12228 -1646
20456 100 2.4 -11780 -442
20720 100 2.4 -12300 406
20987 100 2.4 -12284 664
21258 100 2.4 -11820 -436
21532 100 2.4 -11720 -1152
21810 100 2.4 -11956 -454
22091 100 2.4 -12480 1492
22376 100 2.4 -11572 -860
22664 100 2.4 -12576 -2534
22957 100 2.4 -11812 710
23253 100 2.4 -12304 120
23553 100 2.4 -11704 720
23856 100 2.4 -12004 -2664
24164 100 2.4 -11716 -194
24476 100 2.4 -12224 22
24791 100 2.4 -11716 464
25111 100 2.4 -11936 1338
25435 100 2.4 -12548 -1214
25763 100 2.4 -12136 62
26095 100 2.4 -11888 728
26432 100 2.4 -12128 -1576
26773 100 2.4 -12288 -1286
27118 100 2.4 -11880 634
27468 100 2.4 -11984 1750
27822 100 2.4 -12028 330
28181 100 2.4 -12116 -860
28545 100 2.4 -12328 -300
28913 100 2.4 -11780 1522
29286 100 2.4 -12024 896
29663 100 2.4 -11956 -1446
30046 100 2.4 -11996 -1774
30434 100 2.4 -12236 670
30826 100 2.4 -11868 1586
31224 100 2.4 -12280 -18
31626 100 2.4 -11776 588
32034 100 2.4 -12112 1410
32447 100 2.4 -12208 -1176
32866 100 2.4 -11812 486
33290 100 2.4 -12316 1128
33719 100 2.4 -12248 850
34154 100 2.4 -12200 1466
34595 100 2.4 -11796 2596
35041 100 2.4 -11804 1236
35493 100 2.4 -12428 -2376
35951 100 2.4 -11880 576
36414 100 2.4 -11776 1480
36884 100 2.4 -12168 2022
37360 100 2.4 -12188 -1260
37841 100 2.4 -12200 -726
38330 100 2.4 -11912 876
38824 100 2.4 -12084 192
39325 100 2.4 -11748 1326
39832 100 2.4 -12352 1602
40346 100 2.4 -12392 2226
40866 100 2.4 -12168 2206
41393 100 2.4 -11840 1122
41927 100 2.4 -12176 -806
42468 100 2.4 -12184 922
43015 100 2.4 -12080 -366
43570 100 2.4 -12108 -698
44132 100 2.4 -12876 1138
44701 100 2.4 -12212 166
45278 100 2.4 -12132 -124
45862 100 2.4 -11880 258
46453 100 2.4 -11876 30
47053 100 2.4 -12656 -2252
47660 100 2.4 -12356 -652
48274 100 2.4 -11912 -532
48897 100 2.4 -12188 1182
49528 100 2.4 -12664 -284
50166 100 2.4 -12172 -344
50813 100 2.4 -12216 -2030
51469 100 2.4 -11928 -1174
52133 100 2.4 -12076 -496
52805 100 2.4 -12188 -2010
53486 100 2.4 -11844 -1638
54176 100 2.4 -11988 966
54875 100 2.4 -12180 -686
55582 100 2.4 -12028 372
56299 100 2.4 -12104 146
57025 100 2.4 -11736 3546
57761 100 2.4 -11984 404
58506 100 2.4 -11900 490
59261 100 2.4 -11616 854
60025 100 2.4 -11472 134
60799 100 2.4 -12288 -76
61583 100 2.4 -12076 1702
62378 100 2.4 -11916 890
63182 100 2.4 -12000 -70
63997 100 2.4 -12268 -1926
64822 100 2.4 -12176 1284
65658 100 2.4 -11740 -300
66505 100 2.4 -12468 -2814
67363 100 2.4 -11940 1508
68232 100 2.4 -11780 1890
69112 100 2.4 -12180 1252
70003 100 2.4 -11996 1028
70906 100 2.4 -11796 1118
71821 100 2.4 -11680 106
72747 100 2.4 -12092 1194
73685 100 2.4 -12340 612
74636 100 2.4 -11692 -118
75599 100 2.4 -11988 1958
76574 100 2.4 -11584 1312
77561 100 2.4 -11420 -124
78562 100 2.4 -12156 1906
79575 100 2.4 -11804 -994
80601 100 2.4 -11772 1604
81641 100 2.4 -12132 190
82694 100 2.4 -11980 -220
83760 100 2.4 -12060 216
84841 100 2.4 -12364 124
85935 100 2.4 -12172 -76
87043 100 2.4 -12324 24
88166 100 2.4 -11844 1042
89303 100 2.4 -11828 -1126
90455 100 2.4 -12308 1304
91622 100 2.4 -12040 -1172
92803 100 2.4 -12004 1400
94000 100 2.4 -11932 1086
95213 100 2.4 -12248 476
96441 100 2.4 -11876 -390
97685 100 2.4 -12092 1892
98945 100 2.4 -12000 582
100221 100 2.4 -12092 -652
101513 100 2.4 -12140 -1744
102823 100 2.4 -12052 1776
104149 100 2.4 -12060 1084
105492 100 2.4 -12268 1278
106853 100 2.4 -12160 276
108231 100 2.4 -11468 1114
109627 100 2.4 -11788 1704
111041 100 2.4 -11960 -1020
112473 100 2.4 -12168 684
113924 100 2.4 -11808 -2078
115393 100 2.4 -12096 344
116882 100 2.4 -11240 -764
118389 100 2.4 -12520 1664
119916 100 2.4 -11928 418
121463 100 2.4 -12288 -1674
123029 100 2.4 -11568 1808
124616 100 2.4 -11920 122
126224 100 2.4 -11832 770
127852 100 2.4 -11900 -1052
129501 100 2.4 -11948 2004
131171 100 2.4 -11824 -320
132863 100 2.4 -11912 1034
134576 100 2.4 -12220 -432
136312 100 2.4 -12124 -100
138070 100 2.4 -11956 210
139851 100 2.4 -11812 656
141655 100 2.4 -12228 218
143482 100 2.4 -11976 1140
145333 100 2.4 -11840 -958
147207 100 2.4 -12324 1606
149106 100 2.4 -12176 380
151029 100 2.4 -11772 -322
152977 100 2.4 -11968 -306
154950 100 2.4 -11856 -362
156948 100 2.4 -12080 -1574
158973 100 2.4 -11980 1210
161023 100 2.4 -11924 -874
163100 100 2.4 -12040 136
165204 100 2.4 -12008 -28
167334 100 2.4 -12568 2630
169493 100 2.4 -12244 -324
171679 100 2.4 -12100 672
173893 100 2.4 -12248 -1756
176136 100 2.4 -12680 -2694
178408 100 2.4 -11996 124
180709 100 2.4 -11720 -172
183040 100 2.4 -12024 748
185400 100 2.4 -11800 -302
187792 100 2.4 -12224 296
190214 100 2.4 -12468 836
192667 100 2.4 -12528 1248
195152 100 2.4 -12308 790
197669 100 2.4 -11804 -152
200219 100 2.4 -12608 -1674
202801 100 2.4 -12232 1908
205417 100 2.4 -11992 38
208066 100 2.4 -12340 -520
210750 100 2.4 -12244 2482
213468 100 2.4 -12352 1310
216222 100 2.4 -12056 1396
219010 100 2.4 -12060 2078
221835 100 2.4 -11676 70
224696 100 2.4 -12040 -242
227595 100 2.4 -11972 1248
230530 100 2.4 -12164 834
233503 100 2.4 -11996 -1650
236515 100 2.4 -11780 -1780
239566 100 2.4 -12272 3444
242656 100 2.4 -12072 716
245785 100 2.4 -12220 -1022
248956 100 2.4 -12212 1188
252167 100 2.4 -12064 -1864
255419 100 2.4 -12060 478
258713 100 2.4 -12028 1514
262050 100 2.4 -11876 -530
265430 100 2.4 -11876 1564
268854 100 2.4 -11904 -2314
272321 100 2.4 -11896 1144
275834 100 2.4 -11528 686
279391 100 2.4 -11888 104
282995 100 2.4 -12028 1168
286645 100 2.4 -11676 -356
290342 100 2.4 -11920 290
294087 100 2.4 -11936 1002
297880 100 2.4 -12124 -1574
301722 100 2.4 -11960 -206
305614 100 2.4 -11464 -1928
309556 100 2.4 -11940 1202
313548 100 2.4 -11648 -826
317592 100 2.4 -11976 934
321689 100 2.4 -12172 2648
325838 100 2.4 -11636 -2014
330040 100 2.4 -11700 -972
334297 100 2.4 -12232 640
338609 100 2.4 -11684 -1738
342976 100 2.4 -12112 -1298
347400 100 2.4 -11848 148
351881 100 2.4 -12316 -1374
356419 100 2.4 -12052 1234
361016 100 2.4 -11224 -358
365673 100 2.4 -12008 -2038
370389 100 2.4 -12168 -1354
375167 100 2.4 -12540 -726
380005 100 2.4 -12340 -1602
384907 100 2.4 -12252 930
389871 100 2.4 -12224 -1812
394900 100 2.4 -11828 -2002
399993 100 2.4 -11820 -478
405152 100 2.4 -12184 294
410378 100 2.4 -11952 1162
415671 100 2.4 -11856 1236
421032 100 2.4 -12176 -1548
426463 100 2.4 -11956 -1054
431963 100 2.4 -11912 -1096
437535 100 2.4 -12024 -628
443178 100 2.4 -11772 1590
448894 100 2.4 -11820 -552
454684 100 2.4 -12032 -430
460548 100 2.4 -11732 1506
466489 100 2.4 -11908 -2108
472505 100 2.4 -11520 -380
478600 100 2.4 -11968 -1172
484773 100 2.4 -12264 -212
491025 100 2.4 -12332 1468
497358 100 2.4 -11816 -660
503773 100 2.4 -11636 -1972
510271 100 2.4 -11728 -1274
516852 100 2.4 -11964 94
523519 100 2.4 -12400 2082
530271 100 2.4 -12152 1608
537111 100 2.4 -11968 1226
544038 100 2.4 -12152 1856
551055 100 2.4 -12116 514
558163 100 2.4 -12032 -264
565362 100 2.4 -12464 -1874
572654 100 2.4 -12104 934
580040 100 2.4 -12020 486
587521 100 2.4 -11684 484
595099 100 2.4 -12008 1328
602775 100 2.4 -11904 -1152
610549 100 2.4 -11944 -1092
618424 100 2.4 -12124 -384
626400 100 2.4 -12172 164
634480 100 2.4 -11804 198
642663 100 2.4 -12216 348
650952 100 2.4 -12040 172
659348 100 2.4 -11816 978
667853 100 2.4 -11956 -1006
676467 100 2.4 -12252 -1504
685192 100 2.4 -12124 428
694029 100 2.4 -12028 -568
702981 100 2.4 -11948 -566
712048 100 2.4 -12112 -210
721232 100 2.4 -12024 -132
730534 100 2.4 -12188 1890
739957 100 2.4 -12004 130
749500 100 2.4 -11676 -56
759168 100 2.4 -12380 1770
768959 100 2.4 -12372 -814
778877 100 2.4 -11836 1168
788923 100 2.4 -12100 58
799099 100 2.4 -11328 1400
809405 100 2.4 -12036 1680
819845 100 2.4 -11716 1180
830419 100 2.4 -12264 56
841130 100 2.4 -11896 646
851979 100 2.4 -12508 2574
862968 100 2.4 -12200 194
874098 100 2.4 -11908 300
885373 100 2.4 -12384 764
896792 100 2.4 -11968 1112
908359 100 2.4 -11752 2270
920075 100 2.4 -11696 -910
931942 100 2.4 -12020 -1276
943962 100 2.4 -11676 -460
956137 100 2.4 -12304 -220
968470 100 2.4 -11840 920
980961 100 2.4 -11916 460
993613 100 2.4 -11768 1056
999999 100 2.4 -11800 -472
