3 60 2.2 -6256 3312
4 60 2.2 -6056 3228
5 60 2.2 -5908 3134
6 60 2.2 -5812 3058
7 60 2.2 -5672 3016
8 60 2.2 -5588 2962
9 60 2.2 -5724 3036
10 60 2.2 -5592 2994
11 60 2.2 -5676 3002
12 60 2.2 -5808 3012
13 60 2.2 -5780 2992
14 60 2.2 -5692 3008
15 60 2.2 -5764 3054
16 60 2.2 -5572 2988
17 60 2.2 -5588 2968
18 60 2.2 -5588 2960
19 60 2.2 -5640 2966
20 60 2.2 -5636 2998
21 60 2.2 -5712 3020
22 60 2.2 -5608 2972
23 60 2.2 -5700 3020
24 60 2.2 -5700 3010
25 60 2.2 -5724 3024
26 60 2.2 -5800 3062
27 60 2.2 -5788 3018
28 60 2.2 -5764 3062
29 60 2.2 -5904 3122
30 60 2.2 -5844 3092
31 60 2.2 -5836 3122
32 60 2.2 -5904 3114
33 60 2.2 -5804 3076
34 60 2.2 -5760 3052
35 60 2.2 -5756 3050
36 60 2.2 -5760 3036
37 60 2.2 -5700 3044
38 60 2.2 -5692 3022
39 60 2.2 -5712 3044
40 60 2.2 -5568 2982
41 60 2.2 -5540 2972
42 60 2.2 -5680 3060
43 60 2.2 -5796 3080
44 60 2.2 -5620 3026
45 60 2.2 -5728 3048
46 60 2.2 -5752 3048
47 60 2.2 -5680 2980
48 60 2.2 -5784 3024
49 60 2.2 -5716 2996
50 60 2.2 -5696 3020
51 60 2.2 -5696 2988
52 60 2.2 -5640 2974
53 60 2.2 -5644 2980
54 60 2.2 -5756 3020
55 60 2.2 -5676 2944
56 60 2.2 -5680 2950
57 60 2.2 -5804 2994
58 60 2.2 -5772 2950
59 60 2.2 -5588 2880
60 60 2.2 -5512 2822
61 60 2.2 -5576 2860
62 60 2.2 -5548 2840
63 60 2.2 -5632 2866
64 60 2.2 -5624 2868
65 60 2.2 -5520 2768
66 60 2.2 -5424 2694
67 60 2.2 -5244 2586
68 60 2.2 -5456 2682
69 60 2.2 -5448 2700
70 60 2.2 -5504 2724
71 60 2.2 -5592 2774
72 60 2.2 -5596 2808
73 60 2.2 -5592 2790
74 60 2.2 -5652 2910
75 60 2.2 -5656 2942
76 60 2.2 -5868 3024
77 60 2.2 -5784 3004
78 60 2.2 -5732 2974
79 60 2.2 -5732 2992
80 60 2.2 -5724 2970
81 60 2.2 -5668 2930
82 60 2.2 -5688 2932
83 60 2.2 -5540 2874
84 60 2.2 -5524 2834
85 60 2.2 -5452 2810
86 60 2.2 -5544 2814
88 60 2.2 -5616 2898
89 60 2.2 -5600 2894
90 60 2.2 -5520 2862
91 60 2.2 -5252 2734
92 60 2.2 -5352 2780
93 60 2.2 -5388 2712
95 60 2.2 -5516 2766
96 60 2.2 -5508 2810
97 60 2.2 -5532 2866
98 60 2.2 -5552 2852
99 60 2.2 -5556 2862
101 60 2.2 -5348 2724
102 60 2.2 -5336 2744
103 60 2.2 -5396 2792
105 60 2.2 -5792 2964
106 60 2.2 -5740 2960
107 60 2.2 -5832 3020
109 60 2.2 -5680 2976
110 60 2.2 -5464 2900
112 60 2.2 -5652 2884
113 60 2.2 -5592 2852
114 60 2.2 -5616 2926
116 60 2.2 -5576 2926
117 60 2.2 -5552 2862
119 60 2.2 -5484 2866
120 60 2.2 -5648 2946
122 60 2.2 -5588 2920
124 60 2.2 -5580 2896
125 60 2.2 -5500 2844
127 60 2.2 -5656 2886
128 60 2.2 -5692 2890
130 60 2.2 -5480 2768
132 60 2.2 -5396 2684
133 60 2.2 -5344 2626
135 60 2.2 -5468 2686
137 60 2.2 -5384 2710
139 60 2.2 -5432 2694
140 60 2.2 -5548 2784
142 60 2.2 -5516 2724
144 60 2.2 -5524 2776
146 60 2.2 -5552 2786
148 60 2.2 -5540 2716
150 60 2.2 -5448 2650
152 60 2.2 -5556 2744
154 60 2.2 -5512 2728
155 60 2.2 -5364 2674
157 60 2.2 -5372 2638
160 60 2.2 -5452 2636
162 60 2.2 -5500 2632
164 60 2.2 -5420 2620
166 60 2.2 -5424 2650
168 60 2.2 -5612 2748
170 60 2.2 -5380 2584
172 60 2.2 -5264 2622
174 60 2.2 -5280 2580
177 60 2.2 -5336 2742
179 60 2.2 -5432 2746
181 60 2.2 -5564 2778
184 60 2.2 -5568 2766
186 60 2.2 -5412 2678
188 60 2.2 -5356 2662
191 60 2.2 -5432 2592
193 60 2.2 -5496 2642
196 60 2.2 -5548 2718
198 60 2.2 -5540 2746
201 60 2.2 -5480 2764
203 60 2.2 -5332 2678
206 60 2.2 -5420 2618
209 60 2.2 -5400 2678
211 60 2.2 -5484 2742
214 60 2.2 -5500 2690
217 60 2.2 -5464 2752
220 60 2.2 -5444 2676
222 60 2.2 -5416 2716
225 60 2.2 -5504 2674
228 60 2.2 -5480 2720
231 60 2.2 -5420 2750
234 60 2.2 -5480 2704
237 60 2.2 -5488 2802
240 60 2.2 -5408 2692
243 60 2.2 -5568 2748
246 60 2.2 -5548 2744
250 60 2.2 -5404 2594
253 60 2.2 -5588 2674
256 60 2.2 -5616 2680
259 60 2.2 -5656 2718
263 60 2.2 -5576 2778
266 60 2.2 -5528 2690
269 60 2.2 -5572 2774
273 60 2.2 -5636 2718
276 60 2.2 -5556 2536
280 60 2.2 -5332 2462
284 60 2.2 -5432 2422
287 60 2.2 -5516 2480
291 60 2.2 -5164 2428
295 60 2.2 -5036 2200
298 60 2.2 -5160 2298
302 60 2.2 -5312 2362
306 60 2.2 -5324 2384
310 60 2.2 -5276 2390
314 60 2.2 -5552 2512
318 60 2.2 -5400 2508
322 60 2.2 -5584 2522
326 60 2.2 -5452 2588
331 60 2.2 -5536 2632
335 60 2.2 -5312 2566
339 60 2.2 -5536 2566
344 60 2.2 -5632 2558
348 60 2.2 -5628 2644
352 60 2.2 -5288 2452
357 60 2.2 -5364 2528
362 60 2.2 -5292 2344
366 60 2.2 -5324 2364
371 60 2.2 -5516 2410
376 60 2.2 -5608 2504
381 60 2.2 -5316 2310
385 60 2.2 -5128 2282
390 60 2.2 -5516 2524
395 60 2.2 -5424 2542
401 60 2.2 -5428 2512
406 60 2.2 -5360 2496
411 60 2.2 -5664 2686
416 60 2.2 -5484 2600
422 60 2.2 -5572 2736
427 60 2.2 -5616 2706
433 60 2.2 -5508 2626
438 60 2.2 -5540 2658
444 60 2.2 -5512 2700
449 60 2.2 -5640 2850
455 60 2.2 -5488 2772
461 60 2.2 -5448 2670
467 60 2.2 -5604 2822
473 60 2.2 -5412 2718
479 60 2.2 -5648 2766
485 60 2.2 -5372 2598
492 60 2.2 -5452 2696
498 60 2.2 -5368 2720
504 60 2.2 -5500 2802
511 60 2.2 -5560 2782
517 60 2.2 -5328 2698
524 60 2.2 -5520 2772
531 60 2.2 -5648 2922
538 60 2.2 -5656 2954
545 60 2.2 -5600 2926
552 60 2.2 -5752 2944
559 60 2.2 -5676 2996
566 60 2.2 -5864 3076
573 60 2.2 -5616 2938
581 60 2.2 -5576 2836
588 60 2.2 -5604 2922
596 60 2.2 -5532 2962
603 60 2.2 -5580 2878
611 60 2.2 -5488 2742
619 60 2.2 -5404 2784
627 60 2.2 -5468 2752
635 60 2.2 -5640 2830
643 60 2.2 -5624 2758
652 60 2.2 -5684 2826
660 60 2.2 -5576 2758
668 60 2.2 -5520 2726
677 60 2.2 -5620 2902
686 60 2.2 -5504 2912
695 60 2.2 -5468 2804
704 60 2.2 -5576 2868
713 60 2.2 -5216 2656
722 60 2.2 -5552 2732
731 60 2.2 -5388 2716
741 60 2.2 -5592 2884
750 60 2.2 -5576 2886
760 60 2.2 -5632 2942
770 60 2.2 -5572 2884
780 60 2.2 -5652 2878
790 60 2.2 -5736 2912
800 60 2.2 -5688 2962
810 60 2.2 -5740 3058
821 60 2.2 -5696 3062
831 60 2.2 -5748 3044
842 60 2.2 -5828 3088
853 60 2.2 -5564 2824
864 60 2.2 -5476 2880
875 60 2.2 -5696 2962
886 60 2.2 -5792 3030
897 60 2.2 -5512 2934
909 60 2.2 -5408 2802
921 60 2.2 -5388 2826
933 60 2.2 -5400 2754
945 60 2.2 -5624 2938
957 60 2.2 -5428 2858
969 60 2.2 -5544 2748
982 60 2.2 -5744 2978
994 60 2.2 -5740 2928
1007 60 2.2 -5644 2928
1020 60 2.2 -5704 2862
1033 60 2.2 -5636 2802
1047 60 2.2 -5772 2954
1060 60 2.2 -5532 2820
1074 60 2.2 -5696 2838
1088 60 2.2 -5584 2932
1102 60 2.2 -5616 2952
1116 60 2.2 -5448 2942
1130 60 2.2 -5424 2810
1145 60 2.2 -5444 2768
1160 60 2.2 -5408 2688
1174 60 2.2 -5568 2802
1190 60 2.2 -5532 2842
1205 60 2.2 -5800 3054
1220 60 2.2 -5664 2926
1236 60 2.2 -5568 2780
1252 60 2.2 -5516 2790
1268 60 2.2 -5664 2932
1285 60 2.2 -5832 3128
1301 60 2.2 -5404 2812
1318 60 2.2 -5660 2928
1335 60 2.2 -5936 3026
1352 60 2.2 -5760 2962
1370 60 2.2 -5512 2750
1387 60 2.2 -5588 2882
1405 60 2.2 -5520 2902
1423 60 2.2 -5700 2966
1442 60 2.2 -5304 2694
1460 60 2.2 -5456 2736
1479 60 2.2 -5600 2852
1498 60 2.2 -5588 2856
1517 60 2.2 -5448 2830
1537 60 2.2 -5788 2976
1557 60 2.2 -5796 3070
1577 60 2.2 -5700 2982
1597 60 2.2 -5804 3060
1618 60 2.2 -5588 2882
1639 60 2.2 -5480 2916
1660 60 2.2 -5720 3016
1681 60 2.2 -5816 3016
1703 60 2.2 -5632 2854
1725 60 2.2 -5264 2754
1747 60 2.2 -5516 2704
1770 60 2.2 -5412 2528
1792 60 2.2 -5760 2884
1816 60 2.2 -5504 2830
1839 60 2.2 -5368 2638
1863 60 2.2 -5508 2948
1887 60 2.2 -5668 2938
1911 60 2.2 -5476 2824
1936 60 2.2 -5824 2976
1961 60 2.2 -5516 2822
1986 60 2.2 -5488 2702
2012 60 2.2 -5700 2844
2037 60 2.2 -5560 2750
2064 60 2.2 -5552 2772
2090 60 2.2 -5592 2852
2117 60 2.2 -5552 2808
2145 60 2.2 -5548 2946
2172 60 2.2 -5556 2928
2200 60 2.2 -5328 2678
2229 60 2.2 -5716 2974
2257 60 2.2 -5528 2766
2286 60 2.2 -5724 3018
2316 60 2.2 -5528 2748
2346 60 2.2 -5292 2680
2376 60 2.2 -5560 2862
2407 60 2.2 -5496 2822
2438 60 2.2 -5520 2848
2469 60 2.2 -5656 3022
2501 60 2.2 -5624 2944
2533 60 2.2 -5608 2920
2566 60 2.2 -5568 2734
2599 60 2.2 -5436 2684
2633 60 2.2 -5400 2698
2667 60 2.2 -5848 3072
2701 60 2.2 -5548 2986
2736 60 2.2 -5596 3022
2771 60 2.2 -5364 2714
2807 60 2.2 -5472 2588
2843 60 2.2 -5592 2714
2880 60 2.2 -5496 2780
2917 60 2.2 -5740 2976
2954 60 2.2 -5396 2654
2992 60 2.2 -5628 2864
3031 60 2.2 -5804 3060
3070 60 2.2 -5680 2922
3110 60 2.2 -5644 2814
3150 60 2.2 -5612 2808
3190 60 2.2 -5636 2984
3232 60 2.2 -5584 2912
3273 60 2.2 -5520 2586
3315 60 2.2 -5572 2860
3358 60 2.2 -5832 3094
3402 60 2.2 -5464 2408
3445 60 2.2 -5584 2526
3490 60 2.2 -5376 2526
3535 60 2.2 -5432 2364
3580 60 2.2 -5372 2460
3627 60 2.2 -5388 2506
3673 60 2.2 -5428 2624
3721 60 2.2 -5600 2904
3769 60 2.2 -5640 3022
3817 60 2.2 -5836 2920
3867 60 2.2 -5628 2812
3916 60 2.2 -5648 2898
3967 60 2.2 -5560 2814
4018 60 2.2 -5592 2846
4070 60 2.2 -5548 2722
4122 60 2.2 -5492 2714
4176 60 2.2 -5496 2920
4229 60 2.2 -5472 2878
4284 60 2.2 -5660 3038
4339 60 2.2 -5492 2856
4395 60 2.2 -5448 2664
4452 60 2.2 -5540 2838
4509 60 2.2 -5840 3072
4567 60 2.2 -5764 2906
4626 60 2.2 -5416 2832
4686 60 2.2 -5440 2624
4746 60 2.2 -5388 2450
4808 60 2.2 -5404 2736
4870 60 2.2 -5412 2610
4932 60 2.2 -5656 2976
4996 60 2.2 -5700 2828
5060 60 2.2 -5412 2682
5126 60 2.2 -5188 1970
5192 60 2.2 -5660 2704
5259 60 2.2 -5208 2496
5327 60 2.2 -5412 2768
5395 60 2.2 -5584 2952
5465 60 2.2 -5496 2786
5535 60 2.2 -5564 2848
5607 60 2.2 -5624 2906
5679 60 2.2 -5508 2922
5752 60 2.2 -5676 2960
5826 60 2.2 -5604 2638
5902 60 2.2 -5472 2824
5978 60 2.2 -5648 2940
6055 60 2.2 -5456 2728
6133 60 2.2 -5680 2828
6212 60 2.2 -5656 2794
6292 60 2.2 -5640 2872
6373 60 2.2 -5552 2880
6455 60 2.2 -5620 2906
6539 60 2.2 -5408 2870
6623 60 2.2 -5532 2784
6708 60 2.2 -5332 2784
6795 60 2.2 -5668 2950
6883 60 2.2 -5368 2730
6971 60 2.2 -5704 3002
7061 60 2.2 -5676 2756
7152 60 2.2 -5536 2902
7245 60 2.2 -5396 2628
7338 60 2.2 -5440 2882
7433 60 2.2 -5596 2852
7529 60 2.2 -5556 2834
7626 60 2.2 -5660 2892
7724 60 2.2 -5380 2724
7824 60 2.2 -5860 2998
7925 60 2.2 -5464 2710
8027 60 2.2 -5472 2854
8130 60 2.2 -5724 3018
8235 60 2.2 -5476 2832
8341 60 2.2 -5640 2938
8449 60 2.2 -5788 2896
8558 60 2.2 -5840 3022
8668 60 2.2 -5648 2688
8780 60 2.2 -5656 2958
8893 60 2.2 -5532 2832
9008 60 2.2 -5636 2912
9124 60 2.2 -5512 2664
9242 60 2.2 -5588 2884
9361 60 2.2 -5628 3006
9482 60 2.2 -5636 2826
9604 60 2.2 -5500 2878
9728 60 2.2 -5528 2894
9853 60 2.2 -5708 3008
9980 60 2.2 -5596 2884
10109 60 2.2 -5628 2962
10240 60 2.2 -5828 3018
10372 60 2.2 -5712 2886
10505 60 2.2 -5408 2802
10641 60 2.2 -5664 2978
10778 60 2.2 -5612 2740
10917 60 2.2 -5432 2762
11058 60 2.2 -5536 2760
11201 60 2.2 -5532 2864
11345 60 2.2 -5808 3044
11491 60 2.2 -5772 3036
11640 60 2.2 -5728 3012
11790 60 2.2 -5476 2842
11942 60 2.2 -5456 2484
12096 60 2.2 -5640 2796
12252 60 2.2 -5600 2910
12410 60 2.2 -5568 2782
12570 60 2.2 -5540 2848
12732 60 2.2 -5716 3040
12896 60 2.2 -5368 2468
13062 60 2.2 -5196 2218
13231 60 2.2 -5916 3104
13402 60 2.2 -5700 3018
13574 60 2.2 -5664 2824
13750 60 2.2 -5612 2930
13927 60 2.2 -5608 2932
14106 60 2.2 -5616 2940
14288 60 2.2 -5604 2698
14473 60 2.2 -5640 2908
14659 60 2.2 -5680 2948
14848 60 2.2 -5204 2288
15040 60 2.2 -5400 2656
15234 60 2.2 -5556 2664
15430 60 2.2 -5588 2836
15629 60 2.2 -5656 2868
15831 60 2.2 -5656 2982
16035 60 2.2 -5288 2592
16242 60 2.2 -5324 2724
16451 60 2.2 -5576 2730
16664 60 2.2 -5184 2624
16879 60 2.2 -5372 2754
17096 60 2.2 -5568 2806
17317 60 2.2 -5588 2900
17540 60 2.2 -5600 2970
17766 60 2.2 -5668 2762
17995 60 2.2 -5716 2296
18228 60 2.2 -5148 2322
18463 60 2.2 -5716 2982
18701 60 2.2 -5540 2848
18942 60 2.2 -5344 2684
19186 60 2.2 -5620 2974
19434 60 2.2 -5776 3100
19684 60 2.2 -5688 2956
19938 60 2.2 -5544 2870
20195 60 2.2 -5420 2710
20456 60 2.2 -5888 3066
20720 60 2.2 -5556 2756
20987 60 2.2 -5148 1990
21258 60 2.2 -5352 2330
21532 60 2.2 -5392 2386
21810 60 2.2 -5528 2794
22091 60 2.2 -5372 2836
22376 60 2.2 -5612 2830
22664 60 2.2 -5868 3084
22957 60 2.2 -5752 3016
23253 60 2.2 -5528 2930
23553 60 2.2 -5692 2892
23856 60 2.2 -5676 2900
24164 60 2.2 -5404 2700
24476 60 2.2 -5828 3050
24791 60 2.2 -5748 3054
25111 60 2.2 -5560 2724
25435 60 2.2 -5556 2956
25763 60 2.2 -5632 2836
26095 60 2.2 -5612 2838
26432 60 2.2 -5732 2828
26773 60 2.2 -5824 3082
27118 60 2.2 -5636 2832
27468 60 2.2 -5528 2834
27822 60 2.2 -5896 3158
28181 60 2.2 -5784 2914
28545 60 2.2 -5900 3058
28913 60 2.2 -5592 2976
29286 60 2.2 -5640 2798
29663 60 2.2 -5856 3068
30046 60 2.2 -5500 2892
30434 60 2.2 -5692 3008
30826 60 2.2 -5372 2610
31224 60 2.2 -5396 2532
31626 60 2.2 -5568 2890
32034 60 2.2 -5496 2860
32447 60 2.2 -5672 3002
32866 60 2.2 -5452 2736
33290 60 2.2 -5688 3028
33719 60 2.2 -5328 2764
34154 60 2.2 -5880 2960
34595 60 2.2 -5656 2948
35041 60 2.2 -5668 2874
35493 60 2.2 -5672 2882
35951 60 2.2 -5580 2478
36414 60 2.2 -5336 2800
36884 60 2.2 -5520 2888
37360 60 2.2 -5700 2638
37841 60 2.2 -5548 1938
38330 60 2.2 -5604 2978
38824 60 2.2 -5308 2504
39325 60 2.2 -5520 2886
39832 60 2.2 -5604 2892
40346 60 2.2 -5432 2766
40866 60 2.2 -5596 2908
41393 60 2.2 -5504 2878
41927 60 2.2 -5548 2810
42468 60 2.2 -5244 2274
43015 60 2.2 -5560 2770
43570 60 2.2 -5288 2336
44132 60 2.2 -5704 2978
44701 60 2.2 -5440 2650
45278 60 2.2 -5596 2868
45862 60 2.2 -5596 2890
46453 60 2.2 -5756 3000
47053 60 2.2 -5492 2752
47660 60 2.2 -5540 2746
48274 60 2.2 -5748 3064
48897 60 2.2 -5448 2740
49528 60 2.2 -5480 2900
50166 60 2.2 -5592 2868
50813 60 2.2 -5624 2924
51469 60 2.2 -5456 2806
52133 60 2.2 -5544 2928
52805 60 2.2 -5580 2810
53486 60 2.2 -5504 2704
54176 60 2.2 -5592 2860
54875 60 2.2 -5612 2860
55582 60 2.2 -5648 2894
56299 60 2.2 -5400 2848
57025 60 2.2 -5800 3092
57761 60 2.2 -5668 2974
58506 60 2.2 -5568 2924
59261 60 2.2 -5560 2592
60025 60 2.2 -5600 2890
60799 60 2.2 -5576 2760
61583 60 2.2 -5532 2852
62378 60 2.2 -5448 2814
63182 60 2.2 -5624 2990
63997 60 2.2 -5492 2842
64822 60 2.2 -5772 2898
65658 60 2.2 -5708 2982
66505 60 2.2 -5468 2822
67363 60 2.2 -5716 2946
68232 60 2.2 -5360 2738
69112 60 2.2 -5316 2512
70003 60 2.2 -5476 2774
70906 60 2.2 -5440 2724
71821 60 2.2 -5516 2920
72747 60 2.2 -5288 2654
73685 60 2.2 -5284 2634
74636 60 2.2 -5324 2414
75599 60 2.2 -5648 2834
76574 60 2.2 -5684 2806
77561 60 2.2 -5468 2678
78562 60 2.2 -5704 3000
79575 60 2.2 -5768 2968
80601 60 2.2 -5432 2728
81641 60 2.2 -5712 2974
82694 60 2.2 -5324 2632
83760 60 2.2 -5664 3008
84841 60 2.2 -5504 2930
85935 60 2.2 -5440 2740
87043 60 2.2 -5436 2548
88166 60 2.2 -5772 3056
89303 60 2.2 -5744 3062
90455 60 2.2 -5824 3106
91622 60 2.2 -5556 2778
92803 60 2.2 -5828 2964
94000 60 2.2 -5596 2958
95213 60 2.2 -5764 2946
96441 60 2.2 -5388 2826
97685 60 2.2 -5612 2752
98945 60 2.2 -5400 2754
100221 60 2.2 -5520 2894
101513 60 2.2 -5632 2842
102823 60 2.2 -5444 2740
104149 60 2.2 -5740 3012
105492 60 2.2 -5488 2704
106853 60 2.2 -5636 2996
108231 60 2.2 -5348 2734
109627 60 2.2 -5740 3046
111041 60 2.2 -5492 2596
112473 60 2.2 -5516 2906
113924 60 2.2 -5768 2996
115393 60 2.2 -5672 3000
116882 60 2.2 -5384 2696
118389 60 2.2 -5292 2598
119916 60 2.2 -5724 2976
121463 60 2.2 -5416 2702
123029 60 2.2 -5588 2878
124616 60 2.2 -5664 2822
126224 60 2.2 -5640 2956
127852 60 2.2 -5564 2882
129501 60 2.2 -5448 2752
131171 60 2.2 -5584 2902
132863 60 2.2 -5684 2978
134576 60 2.2 -5584 2754
136312 60 2.2 -5548 2950
138070 60 2.2 -5632 2758
139851 60 2.2 -5548 2948
141655 60 2.2 -5696 3010
143482 60 2.2 -5388 2764
145333 60 2.2 -5120 2294
147207 60 2.2 -5688 2848
149106 60 2.2 -5660 2978
151029 60 2.2 -5868 3046
152977 60 2.2 -5872 3100
154950 60 2.2 -5612 2928
156948 60 2.2 -5584 2866
158973 60 2.2 -5592 2902
161023 60 2.2 -5344 2648
163100 60 2.2 -5720 2808
165204 60 2.2 -5500 2852
167334 60 2.2 -5332 2722
169493 60 2.2 -5616 2928
171679 60 2.2 -5292 2394
173893 60 2.2 -5500 2694
176136 60 2.2 -5544 2828
178408 60 2.2 -5448 2764
180709 60 2.2 -5604 2890
183040 60 2.2 -5396 2796
185400 60 2.2 -5668 2940
187792 60 2.2 -5592 2882
190214 60 2.2 -5528 2860
192667 60 2.2 -5580 2862
195152 60 2.2 -5648 2944
197669 60 2.2 -5500 2856
200219 60 2.2 -5476 2720
202801 60 2.2 -5684 2946
205417 60 2.2 -5804 3044
208066 60 2.2 -5624 2990
210750 60 2.2 -5556 2712
213468 60 2.2 -5484 2850
216222 60 2.2 -5528 2900
219010 60 2.2 -5808 2948
221835 60 2.2 -5592 2778
224696 60 2.2 -5580 2778
227595 60 2.2 -5724 2982
230530 60 2.2 -5764 2918
233503 60 2.2 -5124 2434
236515 60 2.2 -5372 2512
239566 60 2.2 -5492 2762
242656 60 2.2 -5704 2792
245785 60 2.2 -5608 2972
248956 60 2.2 -5508 2694
252167 60 2.2 -5380 2716
255419 60 2.2 -5840 2964
258713 60 2.2 -5632 2948
262050 60 2.2 -5364 2838
265430 60 2.2 -5536 2770
268854 60 2.2 -5584 2714
272321 60 2.2 -5888 2802
275834 60 2.2 -5568 2908
279391 60 2.2 -5596 2828
282995 60 2.2 -5496 2752
286645 60 2.2 -5704 2930
290342 60 2.2 -5932 3088
294087 60 2.2 -5580 2908
297880 60 2.2 -5824 3062
301722 60 2.2 -5620 2938
305614 60 2.2 -5952 3096
309556 60 2.2 -5652 2826
313548 60 2.2 -5468 2708
317592 60 2.2 -5436 2580
321689 60 2.2 -5628 2890
325838 60 2.2 -5844 3062
330040 60 2.2 -5532 2860
334297 60 2.2 -5448 2828
338609 60 2.2 -5576 2398
342976 60 2.2 -5604 2860
347400 60 2.2 -5684 2932
351881 60 2.2 -5528 2670
356419 60 2.2 -5600 2950
361016 60 2.2 -5416 2488
365673 60 2.2 -5720 2654
370389 60 2.2 -5568 2632
375167 60 2.2 -5280 2540
380005 60 2.2 -5600 2860
384907 60 2.2 -5552 2922
389871 60 2.2 -5596 2882
394900 60 2.2 -5880 3062
399993 60 2.2 -5572 2888
405152 60 2.2 -5480 2810
410378 60 2.2 -5448 2800
415671 60 2.2 -5548 2798
421032 60 2.2 -5684 2904
426463 60 2.2 -5832 3070
431963 60 2.2 -5604 2960
437535 60 2.2 -5572 2898
443178 60 2.2 -5524 2928
448894 60 2.2 -5512 2868
454684 60 2.2 -5920 3108
460548 60 2.2 -5532 2926
466489 60 2.2 -5352 2748
472505 60 2.2 -5116 696
478600 60 2.2 -5620 2856
484773 60 2.2 -5344 2638
491025 60 2.2 -5588 2920
497358 60 2.2 -5932 2764
503773 60 2.2 -5564 2824
510271 60 2.2 -5824 3004
516852 60 2.2 -5432 2702
523519 60 2.2 -5592 2976
530271 60 2.2 -5820 3046
537111 60 2.2 -5604 2942
544038 60 2.2 -5704 2968
551055 60 2.2 -5508 2784
558163 60 2.2 -5652 3036
565362 60 2.2 -5556 2902
572654 60 2.2 -5684 2964
580040 60 2.2 -5416 2714
587521 60 2.2 -5588 2936
595099 60 2.2 -5568 2886
602775 60 2.2 -5464 2698
610549 60 2.2 -5388 2776
618424 60 2.2 -5604 2830
626400 60 2.2 -5660 2836
634480 60 2.2 -5628 2888
642663 60 2.2 -5428 2736
650952 60 2.2 -5512 2792
659348 60 2.2 -5632 2892
667853 60 2.2 -5612 2782
676467 60 2.2 -5596 2892
685192 60 2.2 -5624 2958
694029 60 2.2 -5848 3068
702981 60 2.2 -5392 2812
712048 60 2.2 -5552 2788
721232 60 2.2 -5344 2244
730534 60 2.2 -5760 3072
739957 60 2.2 -5352 2608
749500 60 2.2 -5632 2982
759168 60 2.2 -5644 2848
768959 60 2.2 -5432 2928
778877 60 2.2 -5576 2788
788923 60 2.2 -5496 2484
799099 60 2.2 -5640 2984
809405 60 2.2 -5660 2796
819845 60 2.2 -5416 2712
830419 60 2.2 -5576 2688
841130 60 2.2 -5584 2718
851979 60 2.2 -5636 2948
862968 60 2.2 -5504 2752
874098 60 2.2 -5472 2958
885373 60 2.2 -5476 2820
896792 60 2.2 -5712 2986
908359 60 2.2 -5600 2612
920075 60 2.2 -5560 2846
931942 60 2.2 -5204 2236
943962 60 2.2 -5652 2798
956137 60 2.2 -5552 2886
968470 60 2.2 -5404 2680
980961 60 2.2 -5372 2748
993613 60 2.2 -5536 2776
999999 60 2.2 -5388 2526
