3 140 2 -35680 18544
4 140 2 -35220 18360
5 140 2 -35160 18326
6 140 2 -34780 18234
7 140 2 -34872 18246
8 140 2 -34900 18240
9 140 2 -34624 18104
10 140 2 -34672 18160
11 140 2 -34584 18072
12 140 2 -34468 18022
13 140 2 -34312 17956
14 140 2 -34376 18006
15 140 2 -34336 17974
16 140 2 -34528 18050
17 140 2 -34332 17922
18 140 2 -34176 17870
19 140 2 -34296 17882
20 140 2 -34196 17856
21 140 2 -34252 17866
22 140 2 -34352 17898
23 140 2 -34712 18020
24 140 2 -34572 17954
25 140 2 -34264 17874
26 140 2 -34336 17870
27 140 2 -34452 17922
28 140 2 -34332 17942
29 140 2 -34472 18006
30 140 2 -34648 18092
31 140 2 -34324 17984
32 140 2 -34332 17976
33 140 2 -34016 17850
34 140 2 -34448 18026
35 140 2 -34452 18048
36 140 2 -34224 17952
37 140 2 -34364 17982
38 140 2 -34236 17860
39 140 2 -34168 17816
40 140 2 -34028 17798
41 140 2 -34248 17832
42 140 2 -34040 17788
43 140 2 -33900 17738
44 140 2 -34044 17836
45 140 2 -34376 17962
46 140 2 -34120 17918
47 140 2 -34084 17848
48 140 2 -34248 17904
49 140 2 -34320 17896
50 140 2 -34260 17914
51 140 2 -34176 17848
52 140 2 -33704 17684
53 140 2 -33796 17646
54 140 2 -33992 17708
55 140 2 -34000 17714
56 140 2 -34200 17740
57 140 2 -34248 17838
58 140 2 -34156 17808
59 140 2 -33800 17644
60 140 2 -33996 17668
61 140 2 -34108 17750
62 140 2 -34144 17770
63 140 2 -33904 17680
64 140 2 -33928 17718
65 140 2 -33904 17694
66 140 2 -33976 17716
67 140 2 -33960 17762
68 140 2 -34036 17752
69 140 2 -34196 17788
70 140 2 -34000 17772
71 140 2 -34356 17876
72 140 2 -34560 17916
73 140 2 -34316 17878
74 140 2 -34296 17936
75 140 2 -34288 17906
76 140 2 -34264 17914
77 140 2 -34236 17928
78 140 2 -34100 17898
79 140 2 -34144 17892
80 140 2 -33980 17800
81 140 2 -34156 17804
82 140 2 -34076 17830
83 140 2 -34336 17914
84 140 2 -34316 17934
85 140 2 -34348 17928
86 140 2 -34344 17946
88 140 2 -34452 17964
89 140 2 -34468 17942
90 140 2 -34360 17832
91 140 2 -33976 17760
92 140 2 -33984 17822
93 140 2 -33808 17790
95 140 2 -34520 18040
96 140 2 -34424 17986
97 140 2 -34348 17948
98 140 2 -34064 17824
99 140 2 -34520 17976
101 140 2 -34328 17906
102 140 2 -34192 17848
103 140 2 -33880 17762
105 140 2 -34068 17796
106 140 2 -33928 17706
107 140 2 -34184 17784
109 140 2 -34156 17750
110 140 2 -34312 17756
112 140 2 -34072 17668
113 140 2 -34376 17806
114 140 2 -34176 17756
116 140 2 -34212 17776
117 140 2 -33988 17740
119 140 2 -34220 17768
120 140 2 -34272 17816
122 140 2 -34124 17772
124 140 2 -34060 17774
125 140 2 -34216 17786
127 140 2 -34080 17684
128 140 2 -33812 17656
130 140 2 -33912 17682
132 140 2 -33952 17674
133 140 2 -34064 17712
135 140 2 -34064 17764
137 140 2 -34296 17864
139 140 2 -34192 17760
140 140 2 -34144 17780
142 140 2 -34372 17900
144 140 2 -34180 17878
146 140 2 -34324 17890
148 140 2 -34300 17870
150 140 2 -34420 17838
152 140 2 -34164 17828
154 140 2 -34360 17870
155 140 2 -34308 17874
157 140 2 -34140 17826
160 140 2 -33888 17734
162 140 2 -34340 17872
164 140 2 -34012 17710
166 140 2 -33980 17700
168 140 2 -34076 17750
170 140 2 -34268 17876
172 140 2 -34280 17940
174 140 2 -34296 17814
177 140 2 -34148 17840
179 140 2 -34328 17824
181 140 2 -34120 17732
184 140 2 -34180 17746
186 140 2 -34124 17688
188 140 2 -34284 17720
191 140 2 -34144 17722
193 140 2 -34164 17744
196 140 2 -34044 17706
198 140 2 -34004 17622
201 140 2 -34372 17746
203 140 2 -33916 17604
206 140 2 -34288 17742
209 140 2 -34320 17840
211 140 2 -34348 17900
214 140 2 -34348 17940
217 140 2 -34320 17846
220 140 2 -34472 17940
222 140 2 -33948 17746
225 140 2 -34132 17870
228 140 2 -34008 17782
231 140 2 -34008 17724
234 140 2 -34144 17884
237 140 2 -34088 17760
240 140 2 -34036 17752
243 140 2 -33960 17786
246 140 2 -34072 17796
250 140 2 -34220 17840
253 140 2 -33972 17864
256 140 2 -34032 17824
259 140 2 -34116 17868
263 140 2 -34228 17884
266 140 2 -34292 17932
269 140 2 -34528 18028
273 140 2 -34628 18078
276 140 2 -34660 18050
280 140 2 -34052 17716
284 140 2 -33952 17660
287 140 2 -34052 17714
291 140 2 -34552 17920
295 140 2 -34380 17898
298 140 2 -34584 17950
302 140 2 -34344 17900
306 140 2 -33760 17746
310 140 2 -34336 17916
314 140 2 -34620 17994
318 140 2 -33956 17744
322 140 2 -34104 17820
326 140 2 -34184 17794
331 140 2 -34340 17872
335 140 2 -34436 17924
339 140 2 -34136 17750
344 140 2 -34164 17818
348 140 2 -34024 17734
352 140 2 -34152 17850
357 140 2 -34220 17808
362 140 2 -34216 17852
366 140 2 -34412 17946
371 140 2 -33996 17772
376 140 2 -34544 17940
381 140 2 -34268 17832
385 140 2 -34160 17754
390 140 2 -34332 17830
395 140 2 -34500 17980
401 140 2 -34096 17872
406 140 2 -34024 17862
411 140 2 -33916 17766
416 140 2 -34308 17866
422 140 2 -34420 17990
427 140 2 -34188 17800
433 140 2 -34696 18078
438 140 2 -34672 17992
444 140 2 -34388 17924
449 140 2 -34176 17846
455 140 2 -34124 17908
461 140 2 -34192 17880
467 140 2 -34224 17932
473 140 2 -34388 17954
479 140 2 -34488 17992
485 140 2 -34148 17894
492 140 2 -34332 17972
498 140 2 -34424 18018
504 140 2 -34500 18072
511 140 2 -34472 17972
517 140 2 -34180 17910
524 140 2 -34408 17850
531 140 2 -34316 17908
538 140 2 -34228 17882
545 140 2 -34592 18064
552 140 2 -34276 17940
559 140 2 -34372 17982
566 140 2 -34152 17874
573 140 2 -34360 17956
581 140 2 -33908 17744
588 140 2 -33768 17670
596 140 2 -33560 17616
603 140 2 -34004 17842
611 140 2 -33952 17612
619 140 2 -33876 17754
627 140 2 -34360 17978
635 140 2 -34220 17842
643 140 2 -34236 17896
652 140 2 -34616 18120
660 140 2 -34136 17898
668 140 2 -34044 17790
677 140 2 -33948 17674
686 140 2 -34000 17766
695 140 2 -34192 17814
704 140 2 -34320 17922
713 140 2 -34056 17776
722 140 2 -33808 17670
731 140 2 -34044 17822
741 140 2 -34448 17944
750 140 2 -34448 17990
760 140 2 -34436 17972
770 140 2 -34276 17954
780 140 2 -34376 17894
790 140 2 -34044 17758
800 140 2 -34200 17854
810 140 2 -34008 17834
821 140 2 -34036 17806
831 140 2 -33816 17700
842 140 2 -34068 17842
853 140 2 -34488 18006
864 140 2 -34080 17888
875 140 2 -33828 17720
886 140 2 -33720 17552
897 140 2 -33740 17640
909 140 2 -34176 17858
921 140 2 -33832 17690
933 140 2 -33928 17668
945 140 2 -34084 17830
957 140 2 -34260 17976
969 140 2 -34304 17942
982 140 2 -34084 17842
994 140 2 -34056 17806
1007 140 2 -34240 17912
1020 140 2 -34568 17904
1033 140 2 -33852 17688
1047 140 2 -33732 17612
1060 140 2 -34232 17898
1074 140 2 -34384 17858
1088 140 2 -34048 17746
1102 140 2 -33800 17664
1116 140 2 -33968 17762
1130 140 2 -34060 17724
1145 140 2 -34284 17970
1160 140 2 -34172 17762
1174 140 2 -34348 17980
1190 140 2 -34316 17904
1205 140 2 -34088 17766
1220 140 2 -34340 17828
1236 140 2 -34192 17762
1252 140 2 -34096 17832
1268 140 2 -34416 17960
1285 140 2 -34212 17884
1301 140 2 -34184 17920
1318 140 2 -33996 17808
1335 140 2 -34260 17898
1352 140 2 -34176 17806
1370 140 2 -34180 17906
1387 140 2 -34328 17958
1405 140 2 -34224 17876
1423 140 2 -33908 17804
1442 140 2 -34412 17870
1460 140 2 -34228 17800
1479 140 2 -34508 17984
1498 140 2 -34176 17846
1517 140 2 -34428 17892
1537 140 2 -34440 17996
1557 140 2 -34220 17702
1577 140 2 -34236 17836
1597 140 2 -33768 17558
1618 140 2 -33908 17826
1639 140 2 -34304 17828
1660 140 2 -34496 17960
1681 140 2 -34092 17814
1703 140 2 -34088 17752
1725 140 2 -34252 17824
1747 140 2 -34164 17858
1770 140 2 -34204 17846
1792 140 2 -34296 17924
1816 140 2 -33848 17588
1839 140 2 -34112 17728
1863 140 2 -34280 17868
1887 140 2 -33884 17736
1911 140 2 -34188 17926
1936 140 2 -34436 17946
1961 140 2 -34460 17936
1986 140 2 -34308 17896
2012 140 2 -33932 17666
2037 140 2 -33816 17660
2064 140 2 -34140 17744
2090 140 2 -34320 17894
2117 140 2 -34212 17810
2145 140 2 -34152 17942
2172 140 2 -33660 17460
2200 140 2 -34364 17882
2229 140 2 -34460 17866
2257 140 2 -34252 17846
2286 140 2 -34160 17814
2316 140 2 -34188 17848
2346 140 2 -34256 17952
2376 140 2 -34092 17790
2407 140 2 -34656 17986
2438 140 2 -33952 17618
2469 140 2 -34128 17576
2501 140 2 -34476 17836
2533 140 2 -34328 17804
2566 140 2 -33976 17798
2599 140 2 -34224 17882
2633 140 2 -33980 17724
2667 140 2 -34180 17786
2701 140 2 -34132 17938
2736 140 2 -34192 17936
2771 140 2 -34428 17958
2807 140 2 -34384 17960
2843 140 2 -34100 17752
2880 140 2 -34064 17872
2917 140 2 -34012 17882
2954 140 2 -34164 17858
2992 140 2 -34588 18044
3031 140 2 -34488 18000
3070 140 2 -33852 17774
3110 140 2 -34236 17890
3150 140 2 -34184 17910
3190 140 2 -34776 18132
3232 140 2 -34012 17858
3273 140 2 -34332 17894
3315 140 2 -33816 17696
3358 140 2 -34244 17950
3402 140 2 -34120 17828
3445 140 2 -34332 17902
3490 140 2 -34024 17876
3535 140 2 -34280 17766
3580 140 2 -34684 17982
3627 140 2 -34288 17940
3673 140 2 -34428 18068
3721 140 2 -34388 17980
3769 140 2 -34060 17732
3817 140 2 -34576 18080
3867 140 2 -34132 17806
3916 140 2 -34124 17804
3967 140 2 -34180 17822
4018 140 2 -33936 17710
4070 140 2 -34316 17894
4122 140 2 -34236 17880
4176 140 2 -34496 18012
4229 140 2 -34120 17832
4284 140 2 -33532 17574
4339 140 2 -34236 17904
4395 140 2 -34252 17854
4452 140 2 -34536 18052
4509 140 2 -34648 18096
4567 140 2 -33668 17660
4626 140 2 -33904 17798
4686 140 2 -33916 17712
4746 140 2 -34308 17850
4808 140 2 -33908 17710
4870 140 2 -34080 17776
4932 140 2 -34232 17876
4996 140 2 -34452 18022
5060 140 2 -34304 17948
5126 140 2 -33908 17752
5192 140 2 -34076 17784
5259 140 2 -33984 17790
5327 140 2 -33832 17644
5395 140 2 -34476 18002
5465 140 2 -34132 17856
5535 140 2 -34584 17996
5607 140 2 -34424 17974
5679 140 2 -34252 17836
5752 140 2 -34120 17884
5826 140 2 -33988 17772
5902 140 2 -34464 17990
5978 140 2 -33972 17722
6055 140 2 -34552 17946
6133 140 2 -34072 17792
6212 140 2 -34388 17954
6292 140 2 -34500 18030
6373 140 2 -34024 17798
6455 140 2 -34192 17786
6539 140 2 -34164 17978
6623 140 2 -34300 17982
6708 140 2 -33592 17556
6795 140 2 -33944 17738
6883 140 2 -34040 17814
6971 140 2 -34792 18098
7061 140 2 -33792 17698
7152 140 2 -34236 17860
7245 140 2 -34216 17960
7338 140 2 -34228 17882
7433 140 2 -33932 17736
7529 140 2 -34552 18004
7626 140 2 -34244 17918
7724 140 2 -34048 17824
7824 140 2 -34184 17936
7925 140 2 -34012 17818
8027 140 2 -34052 17768
8130 140 2 -33664 17620
8235 140 2 -33924 17638
8341 140 2 -34392 17916
8449 140 2 -34008 17714
8558 140 2 -34452 17940
8668 140 2 -34588 18046
8780 140 2 -34156 17830
8893 140 2 -34044 17862
9008 140 2 -34344 17928
9124 140 2 -34032 17846
9242 140 2 -34292 17846
9361 140 2 -34396 17946
9482 140 2 -34308 18006
9604 140 2 -34244 17892
9728 140 2 -34028 17850
9853 140 2 -34280 17912
9980 140 2 -34048 17678
10109 140 2 -34140 17860
10240 140 2 -34276 17876
10372 140 2 -33764 17706
10505 140 2 -34376 17988
10641 140 2 -34208 17842
10778 140 2 -34116 17754
10917 140 2 -34664 17988
11058 140 2 -34288 17848
11201 140 2 -34196 17832
11345 140 2 -34200 17808
11491 140 2 -34272 17840
11640 140 2 -34228 17834
11790 140 2 -34372 17966
11942 140 2 -34604 18004
12096 140 2 -34568 18018
12252 140 2 -34212 17868
12410 140 2 -34368 17964
12570 140 2 -34572 18022
12732 140 2 -34000 17746
12896 140 2 -34228 17802
13062 140 2 -34228 17884
13231 140 2 -34096 17860
13402 140 2 -34348 17886
13574 140 2 -34576 18030
13750 140 2 -34620 18062
13927 140 2 -34064 17836
14106 140 2 -33912 17778
14288 140 2 -34044 17840
14473 140 2 -34060 17816
14659 140 2 -34036 17832
14848 140 2 -34408 17968
15040 140 2 -33848 17734
15234 140 2 -33768 17702
15430 140 2 -34100 17720
15629 140 2 -33960 17738
15831 140 2 -34100 17670
16035 140 2 -34264 17816
16242 140 2 -34312 17894
16451 140 2 -34532 17968
16664 140 2 -34256 17764
16879 140 2 -34332 17936
17096 140 2 -34264 17916
17317 140 2 -34132 17710
17540 140 2 -34344 17930
17766 140 2 -33992 17738
17995 140 2 -34596 18036
18228 140 2 -34484 17880
18463 140 2 -34184 17782
18701 140 2 -34116 17866
18942 140 2 -33848 17700
19186 140 2 -34292 17890
19434 140 2 -34328 17920
19684 140 2 -34512 17960
19938 140 2 -34380 17880
20195 140 2 -34296 17922
20456 140 2 -34248 17894
20720 140 2 -34608 17964
20987 140 2 -34144 17892
21258 140 2 -34104 17920
21532 140 2 -34144 17708
21810 140 2 -34520 18006
22091 140 2 -34304 17900
22376 140 2 -34068 17786
22664 140 2 -34420 17914
22957 140 2 -34384 17856
23253 140 2 -34392 17808
23553 140 2 -34288 17910
23856 140 2 -34264 17888
24164 140 2 -33968 17840
24476 140 2 -34028 17560
24791 140 2 -34316 17924
25111 140 2 -34264 17884
25435 140 2 -34252 17956
25763 140 2 -33900 17792
26095 140 2 -34124 17834
26432 140 2 -34528 18100
26773 140 2 -34156 17710
27118 140 2 -33916 17770
27468 140 2 -34068 17814
27822 140 2 -34404 17942
28181 140 2 -34348 17940
28545 140 2 -34304 17822
28913 140 2 -34284 17910
29286 140 2 -34200 17872
29663 140 2 -34404 17896
30046 140 2 -34396 17916
30434 140 2 -34120 17966
30826 140 2 -34104 17924
31224 140 2 -34160 17878
31626 140 2 -34080 17858
32034 140 2 -33960 17806
32447 140 2 -34060 17762
32866 140 2 -33868 17788
33290 140 2 -34000 17906
33719 140 2 -34536 18112
34154 140 2 -33956 17778
34595 140 2 -34184 17780
35041 140 2 -34448 17996
35493 140 2 -33976 17744
35951 140 2 -33980 17728
36414 140 2 -34340 17924
36884 140 2 -33840 17626
37360 140 2 -34072 17728
37841 140 2 -33464 17538
38330 140 2 -34736 18010
38824 140 2 -33892 17806
39325 140 2 -34016 17814
39832 140 2 -33988 17786
40346 140 2 -33796 17784
40866 140 2 -34272 17916
41393 140 2 -34376 17886
41927 140 2 -34520 18028
42468 140 2 -33952 17608
43015 140 2 -34508 17940
43570 140 2 -34332 17918
44132 140 2 -34180 17796
44701 140 2 -34448 17928
45278 140 2 -34148 17794
45862 140 2 -33904 17610
46453 140 2 -33852 17758
47053 140 2 -33920 17760
47660 140 2 -34088 17756
48274 140 2 -34176 17842
48897 140 2 -34416 18044
49528 140 2 -34196 17906
50166 140 2 -34332 18022
50813 140 2 -34440 17774
51469 140 2 -34456 18056
52133 140 2 -33972 17806
52805 140 2 -33896 17688
53486 140 2 -34312 17780
54176 140 2 -34368 17990
54875 140 2 -33924 17676
55582 140 2 -34228 17912
56299 140 2 -34460 17930
57025 140 2 -34464 17890
57761 140 2 -33964 17722
58506 140 2 -34148 17860
59261 140 2 -34104 17886
60025 140 2 -33948 17758
60799 140 2 -34084 17774
61583 140 2 -34372 17910
62378 140 2 -34400 17912
63182 140 2 -34244 17916
63997 140 2 -34364 18006
64822 140 2 -34336 17896
65658 140 2 -33812 17692
66505 140 2 -33748 17520
67363 140 2 -34228 17896
68232 140 2 -33748 17546
69112 140 2 -34016 17766
70003 140 2 -34096 17834
70906 140 2 -34440 17854
71821 140 2 -34000 17812
72747 140 2 -34416 17916
73685 140 2 -34488 17974
74636 140 2 -34192 17760
75599 140 2 -34004 17724
76574 140 2 -33996 17782
77561 140 2 -34520 18034
78562 140 2 -34196 17954
79575 140 2 -34384 17964
80601 140 2 -34348 17958
81641 140 2 -34384 18012
82694 140 2 -34240 17728
83760 140 2 -34548 17966
84841 140 2 -34028 17826
85935 140 2 -34192 17856
87043 140 2 -34232 17894
88166 140 2 -34624 18088
89303 140 2 -33940 17700
90455 140 2 -34208 17864
91622 140 2 -34212 17860
92803 140 2 -34076 17758
94000 140 2 -34040 17788
95213 140 2 -34176 17762
96441 140 2 -33668 17580
97685 140 2 -33896 17676
98945 140 2 -34060 17610
100221 140 2 -34344 17850
101513 140 2 -34160 17922
102823 140 2 -34108 17858
104149 140 2 -33904 17682
105492 140 2 -34212 17850
106853 140 2 -34104 17888
108231 140 2 -33736 17590
109627 140 2 -34396 18008
111041 140 2 -34460 17994
112473 140 2 -34100 17760
113924 140 2 -33912 17824
115393 140 2 -34376 17944
116882 140 2 -34200 17812
118389 140 2 -34336 17928
119916 140 2 -34124 17888
121463 140 2 -33984 17738
123029 140 2 -34064 17706
124616 140 2 -34400 17980
126224 140 2 -34080 17838
127852 140 2 -34364 17866
129501 140 2 -34028 17846
131171 140 2 -34424 17984
132863 140 2 -34272 17870
134576 140 2 -34180 17814
136312 140 2 -34300 17944
138070 140 2 -34168 17918
139851 140 2 -34260 17856
141655 140 2 -33776 17694
143482 140 2 -34052 17810
145333 140 2 -34052 17776
147207 140 2 -34340 17926
149106 140 2 -34428 17910
151029 140 2 -33972 17678
152977 140 2 -33844 17716
154950 140 2 -34264 17932
156948 140 2 -34288 17844
158973 140 2 -34212 17928
161023 140 2 -34208 17828
163100 140 2 -34720 17972
165204 140 2 -34060 17804
167334 140 2 -34532 17964
169493 140 2 -33888 17578
171679 140 2 -34244 17946
173893 140 2 -34080 17786
176136 140 2 -34264 17928
178408 140 2 -34308 17974
180709 140 2 -34440 18042
183040 140 2 -34396 17990
185400 140 2 -33788 17644
187792 140 2 -34060 17598
190214 140 2 -34096 17872
192667 140 2 -34496 18000
195152 140 2 -34072 17842
197669 140 2 -34212 17882
200219 140 2 -34152 17858
202801 140 2 -34064 17854
205417 140 2 -33952 17768
208066 140 2 -33852 17646
210750 140 2 -34236 17952
213468 140 2 -34048 17790
216222 140 2 -34316 17986
219010 140 2 -34024 17824
221835 140 2 -33992 17746
224696 140 2 -34316 17850
227595 140 2 -33996 17708
230530 140 2 -34004 17798
233503 140 2 -34116 17832
236515 140 2 -34000 17664
239566 140 2 -34252 17856
242656 140 2 -34140 17824
245785 140 2 -33700 17570
248956 140 2 -34096 17866
252167 140 2 -34368 17966
255419 140 2 -34248 17868
258713 140 2 -33740 17724
262050 140 2 -34140 17838
265430 140 2 -34032 17844
268854 140 2 -34280 17952
272321 140 2 -34048 17940
275834 140 2 -34536 17956
279391 140 2 -34228 17862
282995 140 2 -34068 17710
286645 140 2 -34372 17968
290342 140 2 -34204 17882
294087 140 2 -34276 17938
297880 140 2 -33864 17818
301722 140 2 -34644 18068
305614 140 2 -34552 18074
309556 140 2 -34036 17792
313548 140 2 -34144 17862
317592 140 2 -34292 18024
321689 140 2 -34044 17806
325838 140 2 -34436 18054
330040 140 2 -33980 17808
334297 140 2 -33868 17810
338609 140 2 -33780 17560
342976 140 2 -34360 17860
347400 140 2 -34464 17956
351881 140 2 -33684 17656
356419 140 2 -34200 17880
361016 140 2 -34132 17788
365673 140 2 -33840 17624
370389 140 2 -34296 17940
375167 140 2 -33784 17776
380005 140 2 -34508 17954
384907 140 2 -34376 17934
389871 140 2 -34192 17768
394900 140 2 -34048 17838
399993 140 2 -34400 18004
405152 140 2 -34468 17974
410378 140 2 -33852 17660
415671 140 2 -34012 17802
421032 140 2 -33792 17680
426463 140 2 -34084 17824
431963 140 2 -34132 17842
437535 140 2 -33936 17774
443178 140 2 -34232 17904
448894 140 2 -34348 17886
454684 140 2 -34108 17780
460548 140 2 -34224 17926
466489 140 2 -34692 18082
472505 140 2 -34080 17858
478600 140 2 -34320 17982
484773 140 2 -33828 17698
491025 140 2 -33872 17680
497358 140 2 -34360 17898
503773 140 2 -34196 17942
510271 140 2 -33752 17482
516852 140 2 -34448 17942
523519 140 2 -34456 17924
530271 140 2 -34432 18006
537111 140 2 -34076 17744
544038 140 2 -34576 17998
551055 140 2 -34524 17950
558163 140 2 -34248 17858
565362 140 2 -34460 17968
572654 140 2 -34356 17854
580040 140 2 -34352 17930
587521 140 2 -34460 17978
595099 140 2 -34360 17948
602775 140 2 -34264 17910
610549 140 2 -34264 17936
618424 140 2 -33964 17752
626400 140 2 -34212 17888
634480 140 2 -34144 17794
642663 140 2 -34184 17920
650952 140 2 -34348 17902
659348 140 2 -34724 18040
667853 140 2 -33852 17706
676467 140 2 -33800 17754
685192 140 2 -33916 17674
694029 140 2 -34348 17882
702981 140 2 -34352 17966
712048 140 2 -34428 18058
721232 140 2 -33868 17704
730534 140 2 -34116 17698
739957 140 2 -33624 17412
749500 140 2 -33740 17624
759168 140 2 -34068 17784
768959 140 2 -34424 17850
778877 140 2 -34332 17926
788923 140 2 -34096 17868
799099 140 2 -34452 17962
809405 140 2 -34128 17740
819845 140 2 -34328 17906
830419 140 2 -34392 18024
841130 140 2 -34456 18006
851979 140 2 -34464 18040
862968 140 2 -34224 17922
874098 140 2 -34076 17950
885373 140 2 -33928 17774
896792 140 2 -34132 17834
908359 140 2 -34260 17848
920075 140 2 -34716 17788
931942 140 2 -34268 17836
943962 140 2 -34392 17966
956137 140 2 -34332 17902
968470 140 2 -34216 17800
980961 140 2 -34016 17464
993613 140 2 -34188 17848
999999 140 2 -34176 17814
