3 60 2.2 -6308 3316
4 60 2.2 -6192 3282
5 60 2.2 -6116 3256
6 60 2.2 -6016 3202
7 60 2.2 -5972 3176
8 60 2.2 -5948 3162
9 60 2.2 -5856 3160
10 60 2.2 -5932 3158
11 60 2.2 -5876 3122
12 60 2.2 -5864 3134
13 60 2.2 -5764 3074
14 60 2.2 -5684 3040
15 60 2.2 -5688 3042
16 60 2.2 -5496 2974
17 60 2.2 -5684 3020
18 60 2.2 -5716 3012
19 60 2.2 -5688 2974
20 60 2.2 -5680 2980
21 60 2.2 -5768 3056
22 60 2.2 -5768 3034
23 60 2.2 -5760 3034
24 60 2.2 -5752 3016
25 60 2.2 -5772 3008
26 60 2.2 -5748 2990
27 60 2.2 -5800 3024
28 60 2.2 -5744 3002
29 60 2.2 -5632 2972
30 60 2.2 -5644 2960
31 60 2.2 -5608 2938
32 60 2.2 -5768 2966
33 60 2.2 -5772 2954
34 60 2.2 -5776 2960
35 60 2.2 -5544 2844
36 60 2.2 -5548 2876
37 60 2.2 -5316 2806
38 60 2.2 -5508 2848
39 60 2.2 -5364 2774
40 60 2.2 -5496 2866
41 60 2.2 -5388 2818
42 60 2.2 -5504 2914
43 60 2.2 -5656 2952
44 60 2.2 -5696 2964
45 60 2.2 -5756 2988
46 60 2.2 -5624 2948
47 60 2.2 -5540 2936
48 60 2.2 -5688 2986
49 60 2.2 -5652 2984
50 60 2.2 -5740 3018
51 60 2.2 -5756 3076
52 60 2.2 -5672 3062
53 60 2.2 -5596 3026
54 60 2.2 -5644 2934
55 60 2.2 -5408 2830
56 60 2.2 -5468 2842
57 60 2.2 -5356 2802
58 60 2.2 -5336 2742
59 60 2.2 -5340 2748
60 60 2.2 -5620 2868
61 60 2.2 -5528 2880
62 60 2.2 -5580 2926
63 60 2.2 -5772 2962
64 60 2.2 -5776 3000
65 60 2.2 -5768 2964
66 60 2.2 -5676 2950
67 60 2.2 -5576 2872
68 60 2.2 -5672 2938
69 60 2.2 -5504 2882
70 60 2.2 -5576 2946
71 60 2.2 -5724 2998
72 60 2.2 -5700 2990
73 60 2.2 -5716 2994
74 60 2.2 -5596 2976
75 60 2.2 -5600 2960
76 60 2.2 -5504 2938
77 60 2.2 -5520 2906
78 60 2.2 -5520 2848
79 60 2.2 -5672 2858
80 60 2.2 -5576 2804
81 60 2.2 -5580 2824
82 60 2.2 -5612 2922
83 60 2.2 -5512 2864
84 60 2.2 -5496 2888
85 60 2.2 -5596 2946
86 60 2.2 -5636 2934
88 60 2.2 -5552 2836
89 60 2.2 -5604 2874
90 60 2.2 -5656 2864
91 60 2.2 -5496 2782
92 60 2.2 -5560 2822
93 60 2.2 -5520 2812
95 60 2.2 -5560 2834
96 60 2.2 -5492 2866
97 60 2.2 -5576 2928
98 60 2.2 -5596 2866
99 60 2.2 -5568 2852
101 60 2.2 -5592 2822
102 60 2.2 -5724 2886
103 60 2.2 -5548 2830
105 60 2.2 -5616 2880
106 60 2.2 -5624 2850
107 60 2.2 -5656 2920
109 60 2.2 -5592 2888
110 60 2.2 -5468 2820
112 60 2.2 -5496 2816
113 60 2.2 -5468 2788
114 60 2.2 -5624 2884
116 60 2.2 -5524 2896
117 60 2.2 -5536 2898
119 60 2.2 -5600 2942
120 60 2.2 -5704 3034
122 60 2.2 -5688 3018
124 60 2.2 -5788 3090
125 60 2.2 -5796 3084
127 60 2.2 -5888 3146
128 60 2.2 -5812 3090
130 60 2.2 -5700 3004
132 60 2.2 -5640 2972
133 60 2.2 -5740 3038
135 60 2.2 -5828 3080
137 60 2.2 -5784 3072
139 60 2.2 -5680 3028
140 60 2.2 -5752 3052
142 60 2.2 -5636 2970
144 60 2.2 -5584 2896
146 60 2.2 -5712 2988
148 60 2.2 -5616 2916
150 60 2.2 -5528 2862
152 60 2.2 -5672 2882
154 60 2.2 -5452 2804
155 60 2.2 -5392 2802
157 60 2.2 -5544 2874
160 60 2.2 -5516 2862
162 60 2.2 -5608 2932
164 60 2.2 -5620 2944
166 60 2.2 -5644 2926
168 60 2.2 -5668 2970
170 60 2.2 -5652 2994
172 60 2.2 -5688 2978
174 60 2.2 -5628 2950
177 60 2.2 -5632 2968
179 60 2.2 -5708 3002
181 60 2.2 -5752 3050
184 60 2.2 -5528 2968
186 60 2.2 -5560 3012
188 60 2.2 -5512 2960
191 60 2.2 -5800 3062
193 60 2.2 -5924 3172
196 60 2.2 -5908 3110
198 60 2.2 -5832 3104
201 60 2.2 -5844 3074
203 60 2.2 -5736 3036
206 60 2.2 -5688 3018
209 60 2.2 -5936 3136
211 60 2.2 -5904 3116
214 60 2.2 -5900 3122
217 60 2.2 -5680 2952
220 60 2.2 -5724 3024
222 60 2.2 -5712 2994
225 60 2.2 -5756 3000
228 60 2.2 -5720 2972
231 60 2.2 -5728 2940
234 60 2.2 -5792 2966
237 60 2.2 -5636 2860
240 60 2.2 -5728 2916
243 60 2.2 -5600 2914
246 60 2.2 -5600 2902
250 60 2.2 -5408 2732
253 60 2.2 -5456 2674
256 60 2.2 -5428 2724
259 60 2.2 -5548 2712
263 60 2.2 -5344 2678
266 60 2.2 -5184 2612
269 60 2.2 -5352 2698
273 60 2.2 -5376 2696
276 60 2.2 -5500 2772
280 60 2.2 -5480 2798
284 60 2.2 -5496 2800
287 60 2.2 -5484 2850
291 60 2.2 -5560 2914
295 60 2.2 -5680 2960
298 60 2.2 -5676 2872
302 60 2.2 -5492 2804
306 60 2.2 -5436 2796
310 60 2.2 -5796 2982
314 60 2.2 -5600 2932
318 60 2.2 -5668 2990
322 60 2.2 -5668 2914
326 60 2.2 -5640 2810
331 60 2.2 -5344 2704
335 60 2.2 -5516 2748
339 60 2.2 -5472 2730
344 60 2.2 -5460 2766
348 60 2.2 -5376 2670
352 60 2.2 -5496 2694
357 60 2.2 -5600 2728
362 60 2.2 -5496 2736
366 60 2.2 -5556 2760
371 60 2.2 -5480 2690
376 60 2.2 -5328 2704
381 60 2.2 -5408 2756
385 60 2.2 -5412 2782
390 60 2.2 -5664 2964
395 60 2.2 -5620 2946
401 60 2.2 -5656 2904
406 60 2.2 -5628 2806
411 60 2.2 -5468 2732
416 60 2.2 -5332 2626
422 60 2.2 -5392 2648
427 60 2.2 -5396 2608
433 60 2.2 -5552 2834
438 60 2.2 -5392 2754
444 60 2.2 -5648 2896
449 60 2.2 -5584 2898
455 60 2.2 -5680 2958
461 60 2.2 -5716 2872
467 60 2.2 -5332 2700
473 60 2.2 -5588 2846
479 60 2.2 -5708 2980
485 60 2.2 -5680 2846
492 60 2.2 -5432 2724
498 60 2.2 -5356 2704
504 60 2.2 -5280 2670
511 60 2.2 -5400 2654
517 60 2.2 -5532 2674
524 60 2.2 -5388 2668
531 60 2.2 -5468 2706
538 60 2.2 -5600 2790
545 60 2.2 -5604 2852
552 60 2.2 -5696 2968
559 60 2.2 -5636 2842
566 60 2.2 -5504 2830
573 60 2.2 -5668 2952
581 60 2.2 -5624 3008
588 60 2.2 -5916 3110
596 60 2.2 -5692 3058
603 60 2.2 -5912 3054
611 60 2.2 -5800 2970
619 60 2.2 -5640 2972
627 60 2.2 -5708 2956
635 60 2.2 -5832 3098
643 60 2.2 -5412 2916
652 60 2.2 -5944 3128
660 60 2.2 -5552 2906
668 60 2.2 -5660 2980
677 60 2.2 -5360 2838
686 60 2.2 -5508 2716
695 60 2.2 -5412 2654
704 60 2.2 -5364 2604
713 60 2.2 -5336 2590
722 60 2.2 -5500 2716
731 60 2.2 -5620 2778
741 60 2.2 -5476 2848
750 60 2.2 -5384 2720
760 60 2.2 -5480 2788
770 60 2.2 -5644 2860
780 60 2.2 -5712 3022
790 60 2.2 -5604 2970
800 60 2.2 -5732 2998
810 60 2.2 -5820 2988
821 60 2.2 -5444 2852
831 60 2.2 -5720 3030
842 60 2.2 -5640 2862
853 60 2.2 -5600 2864
864 60 2.2 -5476 2832
875 60 2.2 -5580 2842
886 60 2.2 -5612 2898
897 60 2.2 -5616 2938
909 60 2.2 -5472 2832
921 60 2.2 -5684 2938
933 60 2.2 -5348 2770
945 60 2.2 -5676 2978
957 60 2.2 -5768 3022
969 60 2.2 -5832 3116
982 60 2.2 -5960 3164
994 60 2.2 -5808 3012
1007 60 2.2 -5804 3026
1020 60 2.2 -5768 3022
1033 60 2.2 -5548 2916
1047 60 2.2 -5640 2968
1060 60 2.2 -5732 2958
1074 60 2.2 -5576 2964
1088 60 2.2 -5532 2822
1102 60 2.2 -5424 2882
1116 60 2.2 -5828 3024
1130 60 2.2 -5584 2870
1145 60 2.2 -5544 2832
1160 60 2.2 -5132 2520
1174 60 2.2 -5576 2806
1190 60 2.2 -5736 2724
1205 60 2.2 -5652 2718
1220 60 2.2 -5348 2594
1236 60 2.2 -5396 2530
1252 60 2.2 -5620 2600
1268 60 2.2 -5548 2530
1285 60 2.2 -5444 2582
1301 60 2.2 -5268 2552
1318 60 2.2 -5428 2598
1335 60 2.2 -5668 2614
1352 60 2.2 -5356 2474
1370 60 2.2 -5340 2272
1387 60 2.2 -5248 2320
1405 60 2.2 -5208 2114
1423 60 2.2 -5424 2146
1442 60 2.2 -5464 2384
1460 60 2.2 -5200 2194
1479 60 2.2 -5144 2238
1498 60 2.2 -5548 2446
1517 60 2.2 -5424 2332
1537 60 2.2 -5424 2344
1557 60 2.2 -5624 2428
1577 60 2.2 -5556 2266
1597 60 2.2 -5188 2040
1618 60 2.2 -5228 2272
1639 60 2.2 -5440 2234
1660 60 2.2 -5408 2148
1681 60 2.2 -5608 2260
1703 60 2.2 -5600 2094
1725 60 2.2 -5144 1868
1747 60 2.2 -5312 1934
1770 60 2.2 -5088 1920
1792 60 2.2 -5140 1978
1816 60 2.2 -5056 1834
1839 60 2.2 -5464 1912
1863 60 2.2 -5404 1910
1887 60 2.2 -5212 1760
1911 60 2.2 -5176 2016
1936 60 2.2 -5156 1902
1961 60 2.2 -5316 1472
1986 60 2.2 -5244 1672
2012 60 2.2 -5168 1622
2037 60 2.2 -5352 2042
2064 60 2.2 -5440 2380
2090 60 2.2 -5580 2472
2117 60 2.2 -5236 2460
2145 60 2.2 -5592 2894
2172 60 2.2 -5512 2900
2200 60 2.2 -5664 2928
2229 60 2.2 -5600 2872
2257 60 2.2 -5712 2900
2286 60 2.2 -5876 3038
2316 60 2.2 -5436 2794
2346 60 2.2 -5144 2634
2376 60 2.2 -5648 2876
2407 60 2.2 -5744 2984
2438 60 2.2 -5600 2896
2469 60 2.2 -5636 2938
2501 60 2.2 -5864 3000
2533 60 2.2 -5756 2990
2566 60 2.2 -5312 2756
2599 60 2.2 -5608 2874
2633 60 2.2 -5556 2836
2667 60 2.2 -5736 2924
2701 60 2.2 -5608 2836
2736 60 2.2 -5668 2992
2771 60 2.2 -5452 2820
2807 60 2.2 -5528 2950
2843 60 2.2 -5784 3042
2880 60 2.2 -5500 2954
2917 60 2.2 -5648 2958
2954 60 2.2 -5708 3106
2992 60 2.2 -5512 2882
3031 60 2.2 -5456 2690
3070 60 2.2 -5540 2810
3110 60 2.2 -5936 3122
3150 60 2.2 -5588 2834
3190 60 2.2 -5560 2898
3232 60 2.2 -5800 2932
3273 60 2.2 -5452 2730
3315 60 2.2 -5344 2596
3358 60 2.2 -5400 2608
3402 60 2.2 -5688 2958
3445 60 2.2 -5972 3126
3490 60 2.2 -5624 2904
3535 60 2.2 -5744 2984
3580 60 2.2 -5376 2900
3627 60 2.2 -5552 2814
3673 60 2.2 -5328 2842
3721 60 2.2 -5528 2886
3769 60 2.2 -5452 2868
3817 60 2.2 -5644 2964
3867 60 2.2 -5368 2748
3916 60 2.2 -5632 2992
3967 60 2.2 -5452 2850
4018 60 2.2 -5296 2704
4070 60 2.2 -5604 2900
4122 60 2.2 -5396 2722
4176 60 2.2 -5460 2708
4229 60 2.2 -5564 2920
4284 60 2.2 -5436 2718
4339 60 2.2 -5644 3008
4395 60 2.2 -5784 3008
4452 60 2.2 -5716 3008
4509 60 2.2 -5788 3030
4567 60 2.2 -5724 3034
4626 60 2.2 -5668 2976
4686 60 2.2 -5612 2914
4746 60 2.2 -5824 3094
4808 60 2.2 -5564 2950
4870 60 2.2 -5704 2968
4932 60 2.2 -5456 2740
4996 60 2.2 -5580 2806
5060 60 2.2 -5252 2698
5126 60 2.2 -5676 2958
5192 60 2.2 -5600 2840
5259 60 2.2 -5480 2844
5327 60 2.2 -5568 2498
5395 60 2.2 -5404 2816
5465 60 2.2 -5656 2998
5535 60 2.2 -5372 2774
5607 60 2.2 -5864 3120
5679 60 2.2 -5692 2950
5752 60 2.2 -5536 2920
5826 60 2.2 -5792 2930
5902 60 2.2 -5580 2874
5978 60 2.2 -5688 2982
6055 60 2.2 -5520 2904
6133 60 2.2 -5588 2816
6212 60 2.2 -5604 2936
6292 60 2.2 -5508 2870
6373 60 2.2 -5516 2886
6455 60 2.2 -5620 2848
6539 60 2.2 -5716 2866
6623 60 2.2 -5564 2854
6708 60 2.2 -5624 2836
6795 60 2.2 -5392 2582
6883 60 2.2 -5612 2824
6971 60 2.2 -5436 2788
7061 60 2.2 -5692 2938
7152 60 2.2 -5612 2868
7245 60 2.2 -5680 2956
7338 60 2.2 -5680 2936
7433 60 2.2 -5488 2632
7529 60 2.2 -5876 2904
7626 60 2.2 -5600 2774
7724 60 2.2 -5640 2886
7824 60 2.2 -5512 2912
7925 60 2.2 -5316 2542
8027 60 2.2 -5764 3000
8130 60 2.2 -5548 2936
8235 60 2.2 -5376 2862
8341 60 2.2 -5552 2874
8449 60 2.2 -5636 3012
8558 60 2.2 -5432 2694
8668 60 2.2 -5628 2884
8780 60 2.2 -5840 3072
8893 60 2.2 -5328 2640
9008 60 2.2 -5428 2428
9124 60 2.2 -5452 2698
9242 60 2.2 -5804 3020
9361 60 2.2 -5376 2548
9482 60 2.2 -5616 2906
9604 60 2.2 -5544 2838
9728 60 2.2 -5320 2322
9853 60 2.2 -5680 2982
9980 60 2.2 -5572 2848
10109 60 2.2 -5648 3002
10240 60 2.2 -5376 2650
10372 60 2.2 -5396 2658
10505 60 2.2 -5392 2548
10641 60 2.2 -5676 2930
10778 60 2.2 -5776 3088
10917 60 2.2 -5568 2918
11058 60 2.2 -5492 2612
11201 60 2.2 -5652 2964
11345 60 2.2 -5552 2854
11491 60 2.2 -5480 2850
11640 60 2.2 -5376 2390
11790 60 2.2 -5392 2656
11942 60 2.2 -5644 2884
12096 60 2.2 -5628 2786
12252 60 2.2 -5528 2844
12410 60 2.2 -5636 2952
12570 60 2.2 -5600 2660
12732 60 2.2 -5816 2800
12896 60 2.2 -5360 2662
13062 60 2.2 -5584 2832
13231 60 2.2 -5840 2898
13402 60 2.2 -5636 2800
13574 60 2.2 -5684 2978
13750 60 2.2 -5460 2844
13927 60 2.2 -5620 2876
14106 60 2.2 -5328 2672
14288 60 2.2 -5416 2650
14473 60 2.2 -5568 2870
14659 60 2.2 -5300 2728
14848 60 2.2 -5636 2902
15040 60 2.2 -5496 2718
15234 60 2.2 -5188 2658
15430 60 2.2 -5588 2798
15629 60 2.2 -5772 2998
15831 60 2.2 -5436 2498
16035 60 2.2 -5648 2624
16242 60 2.2 -5440 2720
16451 60 2.2 -5636 2916
16664 60 2.2 -5520 2894
16879 60 2.2 -5552 2886
17096 60 2.2 -5612 3000
17317 60 2.2 -5576 2786
17540 60 2.2 -5196 2350
17766 60 2.2 -5380 2372
17995 60 2.2 -5616 3004
18228 60 2.2 -5604 2912
18463 60 2.2 -5708 2926
18701 60 2.2 -5564 2972
18942 60 2.2 -5488 2788
19186 60 2.2 -5180 2512
19434 60 2.2 -5652 3010
19684 60 2.2 -5528 2910
19938 60 2.2 -5660 2930
20195 60 2.2 -5624 2918
20456 60 2.2 -5548 2918
20720 60 2.2 -5712 2938
20987 60 2.2 -5352 2792
21258 60 2.2 -5548 2856
21532 60 2.2 -5928 3048
21810 60 2.2 -5356 2412
22091 60 2.2 -5528 2826
22376 60 2.2 -5516 2700
22664 60 2.2 -5636 2736
22957 60 2.2 -5632 2994
23253 60 2.2 -5628 2938
23553 60 2.2 -5704 3052
23856 60 2.2 -5700 2998
24164 60 2.2 -5568 2894
24476 60 2.2 -5480 2740
24791 60 2.2 -5440 2672
25111 60 2.2 -5524 2826
25435 60 2.2 -5676 2880
25763 60 2.2 -5512 2526
26095 60 2.2 -5744 2928
26432 60 2.2 -5788 3036
26773 60 2.2 -5576 2918
27118 60 2.2 -5640 2984
27468 60 2.2 -5552 2942
27822 60 2.2 -5780 3012
28181 60 2.2 -5312 2706
28545 60 2.2 -5668 3002
28913 60 2.2 -5452 2778
29286 60 2.2 -5380 2618
29663 60 2.2 -5544 2802
30046 60 2.2 -5688 3000
30434 60 2.2 -5716 3074
30826 60 2.2 -5536 2758
31224 60 2.2 -5412 2768
31626 60 2.2 -5696 2660
32034 60 2.2 -5468 2658
32447 60 2.2 -5604 2934
32866 60 2.2 -5768 3072
33290 60 2.2 -5456 2844
33719 60 2.2 -5800 2986
34154 60 2.2 -5540 2916
34595 60 2.2 -5336 2756
35041 60 2.2 -5584 2888
35493 60 2.2 -5392 2710
35951 60 2.2 -5796 3056
36414 60 2.2 -5620 2988
36884 60 2.2 -5544 2972
37360 60 2.2 -5708 3020
37841 60 2.2 -5604 2956
38330 60 2.2 -5452 2788
38824 60 2.2 -5952 3150
39325 60 2.2 -5292 2596
39832 60 2.2 -5668 2972
40346 60 2.2 -5488 2848
40866 60 2.2 -5464 2858
41393 60 2.2 -5680 2986
41927 60 2.2 -5488 2756
42468 60 2.2 -5604 2846
43015 60 2.2 -5788 3058
43570 60 2.2 -5648 2942
44132 60 2.2 -5096 1914
44701 60 2.2 -5920 3042
45278 60 2.2 -5492 2916
45862 60 2.2 -5724 2980
46453 60 2.2 -5672 2958
47053 60 2.2 -5540 2702
47660 60 2.2 -5440 2754
48274 60 2.2 -5628 2928
48897 60 2.2 -5548 2782
49528 60 2.2 -5512 2838
50166 60 2.2 -5576 2866
50813 60 2.2 -5632 2894
51469 60 2.2 -5696 2978
52133 60 2.2 -5588 2884
52805 60 2.2 -5552 2922
53486 60 2.2 -5908 3034
54176 60 2.2 -5584 2926
54875 60 2.2 -5484 2754
55582 60 2.2 -5284 2388
56299 60 2.2 -5888 3138
57025 60 2.2 -5672 3010
57761 60 2.2 -5484 2856
58506 60 2.2 -5564 2908
59261 60 2.2 -5740 3028
60025 60 2.2 -5368 2656
60799 60 2.2 -5308 2426
61583 60 2.2 -5688 2986
62378 60 2.2 -5528 2840
63182 60 2.2 -5540 2772
63997 60 2.2 -5720 2872
64822 60 2.2 -5532 2914
65658 60 2.2 -5476 2780
66505 60 2.2 -5624 2814
67363 60 2.2 -5460 2728
68232 60 2.2 -5468 2726
69112 60 2.2 -5780 3014
70003 60 2.2 -5440 2520
70906 60 2.2 -5516 2884
71821 60 2.2 -5648 3020
72747 60 2.2 -5624 2892
73685 60 2.2 -5556 2814
74636 60 2.2 -5300 2496
75599 60 2.2 -5488 2658
76574 60 2.2 -5720 2988
77561 60 2.2 -5540 2930
78562 60 2.2 -5620 2856
79575 60 2.2 -5368 2758
80601 60 2.2 -5632 2968
81641 60 2.2 -5612 2884
82694 60 2.2 -5640 2924
83760 60 2.2 -5588 2740
84841 60 2.2 -5372 2592
85935 60 2.2 -5568 2890
87043 60 2.2 -5520 2880
88166 60 2.2 -5676 2858
89303 60 2.2 -5420 2572
90455 60 2.2 -5696 2910
91622 60 2.2 -5536 2778
92803 60 2.2 -5672 2946
94000 60 2.2 -5804 3082
95213 60 2.2 -5400 2748
96441 60 2.2 -5680 2826
97685 60 2.2 -5876 3068
98945 60 2.2 -5680 2814
100221 60 2.2 -5504 2808
101513 60 2.2 -5736 3004
102823 60 2.2 -5740 2932
104149 60 2.2 -5552 2788
105492 60 2.2 -5688 3046
106853 60 2.2 -5552 2888
108231 60 2.2 -5764 3012
109627 60 2.2 -5764 3040
111041 60 2.2 -5404 2782
112473 60 2.2 -5672 2914
113924 60 2.2 -5476 2810
115393 60 2.2 -5472 2722
116882 60 2.2 -5376 2910
118389 60 2.2 -5460 2774
119916 60 2.2 -5560 2914
121463 60 2.2 -5320 2164
123029 60 2.2 -5428 2674
124616 60 2.2 -5452 2504
126224 60 2.2 -5440 2674
127852 60 2.2 -5528 2830
129501 60 2.2 -5516 2758
131171 60 2.2 -5600 2858
132863 60 2.2 -5416 2702
134576 60 2.2 -5488 2844
136312 60 2.2 -5548 2798
138070 60 2.2 -5828 3102
139851 60 2.2 -5572 2876
141655 60 2.2 -5344 2830
143482 60 2.2 -5616 2872
145333 60 2.2 -5536 2856
147207 60 2.2 -5436 2716
149106 60 2.2 -5772 2964
151029 60 2.2 -5548 2790
152977 60 2.2 -5608 2884
154950 60 2.2 -5596 2598
156948 60 2.2 -5568 2908
158973 60 2.2 -5696 2916
161023 60 2.2 -5628 2958
163100 60 2.2 -5388 2790
165204 60 2.2 -5424 2588
167334 60 2.2 -5592 2870
169493 60 2.2 -5564 2898
171679 60 2.2 -5524 2726
173893 60 2.2 -5572 2872
176136 60 2.2 -5632 2456
178408 60 2.2 -5528 2724
180709 60 2.2 -5560 2726
183040 60 2.2 -5984 3084
185400 60 2.2 -5272 2292
187792 60 2.2 -5660 2972
190214 60 2.2 -5528 2882
192667 60 2.2 -5348 2648
195152 60 2.2 -5596 2868
197669 60 2.2 -5560 2894
200219 60 2.2 -5540 2910
202801 60 2.2 -5348 2846
205417 60 2.2 -5796 2958
208066 60 2.2 -5656 2974
210750 60 2.2 -5512 2912
213468 60 2.2 -5544 2382
216222 60 2.2 -5632 2950
219010 60 2.2 -5796 2942
221835 60 2.2 -5488 2890
224696 60 2.2 -5632 2976
227595 60 2.2 -5480 2874
230530 60 2.2 -5476 2776
233503 60 2.2 -5704 2836
236515 60 2.2 -5520 2702
239566 60 2.2 -5748 2978
242656 60 2.2 -5468 2890
245785 60 2.2 -5548 2858
248956 60 2.2 -5736 2954
252167 60 2.2 -5528 2762
255419 60 2.2 -5272 2754
258713 60 2.2 -5608 2858
262050 60 2.2 -5508 2800
265430 60 2.2 -5464 2684
268854 60 2.2 -5880 3076
272321 60 2.2 -5672 2958
275834 60 2.2 -5388 2738
279391 60 2.2 -5948 3172
282995 60 2.2 -5560 2882
286645 60 2.2 -5536 2760
290342 60 2.2 -5836 3056
294087 60 2.2 -5476 2732
297880 60 2.2 -5496 2766
301722 60 2.2 -5288 2546
305614 60 2.2 -5688 2942
309556 60 2.2 -5640 2876
313548 60 2.2 -5924 3082
317592 60 2.2 -5620 2936
321689 60 2.2 -5712 2784
325838 60 2.2 -5572 2860
330040 60 2.2 -5528 2972
334297 60 2.2 -5712 3020
338609 60 2.2 -5544 2658
342976 60 2.2 -5516 2968
347400 60 2.2 -5468 2334
351881 60 2.2 -5544 2812
356419 60 2.2 -5784 3062
361016 60 2.2 -5444 2738
365673 60 2.2 -5048 2584
370389 60 2.2 -5720 2960
375167 60 2.2 -5644 2900
380005 60 2.2 -5300 2796
384907 60 2.2 -5512 2652
389871 60 2.2 -5580 2930
394900 60 2.2 -5804 3062
399993 60 2.2 -5800 3074
405152 60 2.2 -5548 2704
410378 60 2.2 -5216 2322
415671 60 2.2 -5588 2964
421032 60 2.2 -5628 2916
426463 60 2.2 -5732 3024
431963 60 2.2 -5728 3012
437535 60 2.2 -5352 2738
443178 60 2.2 -5232 2496
448894 60 2.2 -5540 2862
454684 60 2.2 -5324 2722
460548 60 2.2 -5396 2706
466489 60 2.2 -5704 3040
472505 60 2.2 -5732 3046
478600 60 2.2 -5804 3048
484773 60 2.2 -5536 2700
491025 60 2.2 -5528 2834
497358 60 2.2 -5492 2836
503773 60 2.2 -5496 2802
510271 60 2.2 -5328 2780
516852 60 2.2 -5908 3084
523519 60 2.2 -5672 2920
530271 60 2.2 -5452 2806
537111 60 2.2 -5472 2614
544038 60 2.2 -5776 2964
551055 60 2.2 -5740 2986
558163 60 2.2 -5364 2562
565362 60 2.2 -5496 2822
572654 60 2.2 -5812 3022
580040 60 2.2 -5316 2544
587521 60 2.2 -5632 2928
595099 60 2.2 -5540 2920
602775 60 2.2 -5544 2748
610549 60 2.2 -5376 2594
618424 60 2.2 -5640 2992
626400 60 2.2 -5452 2710
634480 60 2.2 -5464 2796
642663 60 2.2 -5444 2802
650952 60 2.2 -5596 2908
659348 60 2.2 -5572 2876
667853 60 2.2 -5540 2618
676467 60 2.2 -5684 2830
685192 60 2.2 -5696 2846
694029 60 2.2 -5712 2952
702981 60 2.2 -5672 2974
712048 60 2.2 -5436 2932
721232 60 2.2 -5580 2972
730534 60 2.2 -5708 2920
739957 60 2.2 -5448 2726
749500 60 2.2 -5564 2908
759168 60 2.2 -5604 2958
768959 60 2.2 -5376 2444
778877 60 2.2 -5320 2668
788923 60 2.2 -5388 2688
799099 60 2.2 -5880 3152
809405 60 2.2 -5664 2770
819845 60 2.2 -5496 2674
830419 60 2.2 -5340 2630
841130 60 2.2 -5408 2772
851979 60 2.2 -5448 2870
862968 60 2.2 -5704 2968
874098 60 2.2 -5732 3004
885373 60 2.2 -5724 3048
896792 60 2.2 -5764 2918
908359 60 2.2 -5488 2672
920075 60 2.2 -5512 2762
931942 60 2.2 -5736 3040
943962 60 2.2 -5668 3032
956137 60 2.2 -5420 2826
968470 60 2.2 -5672 2818
980961 60 2.2 -5376 2664
993613 60 2.2 -5568 3004
999999 60 2.2 -5804 2994
