3 140 2.2 -33560 17802
4 140 2.2 -33068 17544
5 140 2.2 -32820 17468
6 140 2.2 -32516 17394
7 140 2.2 -32296 17202
8 140 2.2 -32008 17092
9 140 2.2 -31800 16910
10 140 2.2 -31764 16886
11 140 2.2 -31668 16766
12 140 2.2 -31588 16668
13 140 2.2 -31272 16522
14 140 2.2 -31560 16686
15 140 2.2 -31664 16704
16 140 2.2 -31200 16454
17 140 2.2 -30952 16408
18 140 2.2 -30948 16390
19 140 2.2 -30608 16244
20 140 2.2 -30344 16030
21 140 2.2 -30724 16214
22 140 2.2 -30528 16184
23 140 2.2 -30680 16106
24 140 2.2 -30652 16126
25 140 2.2 -31108 16242
26 140 2.2 -30820 16124
27 140 2.2 -30884 16118
28 140 2.2 -30772 15988
29 140 2.2 -30788 16016
30 140 2.2 -30800 15970
31 140 2.2 -31060 15962
32 140 2.2 -30656 15856
33 140 2.2 -30412 15814
34 140 2.2 -30800 15872
35 140 2.2 -30620 15940
36 140 2.2 -30736 15968
37 140 2.2 -30604 15806
38 140 2.2 -30592 15884
39 140 2.2 -30640 16016
40 140 2.2 -30700 16026
41 140 2.2 -30412 15954
42 140 2.2 -30664 16068
43 140 2.2 -30820 16240
44 140 2.2 -30932 16254
45 140 2.2 -30876 16216
46 140 2.2 -31112 16424
47 140 2.2 -31060 16308
48 140 2.2 -30760 16068
49 140 2.2 -30792 16048
50 140 2.2 -30668 15888
51 140 2.2 -30804 15912
52 140 2.2 -30620 15970
53 140 2.2 -30412 15886
54 140 2.2 -30732 16018
55 140 2.2 -30832 15950
56 140 2.2 -30596 15848
57 140 2.2 -30852 15974
58 140 2.2 -30844 15800
59 140 2.2 -30396 15674
60 140 2.2 -30704 15828
61 140 2.2 -30580 15806
62 140 2.2 -30316 15884
63 140 2.2 -30628 15976
64 140 2.2 -30828 15948
65 140 2.2 -30320 15766
66 140 2.2 -30108 15692
67 140 2.2 -30296 15648
68 140 2.2 -30180 15500
69 140 2.2 -29968 15348
70 140 2.2 -29848 15240
71 140 2.2 -29956 15320
72 140 2.2 -30016 15318
73 140 2.2 -29956 15306
74 140 2.2 -30140 15240
75 140 2.2 -30160 15230
76 140 2.2 -30152 15236
77 140 2.2 -29992 15080
78 140 2.2 -29700 14938
79 140 2.2 -29792 15076
80 140 2.2 -29812 15012
81 140 2.2 -29884 15074
82 140 2.2 -30152 15258
83 140 2.2 -30092 15160
84 140 2.2 -29828 15022
85 140 2.2 -29652 15080
86 140 2.2 -29992 15236
88 140 2.2 -30080 15424
89 140 2.2 -30328 15524
90 140 2.2 -30600 15560
91 140 2.2 -30248 15504
92 140 2.2 -30464 15526
93 140 2.2 -30252 15534
95 140 2.2 -30224 15348
96 140 2.2 -30148 15446
97 140 2.2 -30344 15448
98 140 2.2 -30516 15418
99 140 2.2 -30680 15524
101 140 2.2 -30804 15636
102 140 2.2 -30652 15582
103 140 2.2 -30396 15600
105 140 2.2 -30356 15582
106 140 2.2 -30376 15542
107 140 2.2 -30292 15624
109 140 2.2 -30600 15682
110 140 2.2 -30184 15380
112 140 2.2 -30280 15524
113 140 2.2 -30260 15552
114 140 2.2 -30364 15560
116 140 2.2 -30488 15688
117 140 2.2 -30704 15662
119 140 2.2 -31136 15740
120 140 2.2 -30732 15602
122 140 2.2 -30376 15458
124 140 2.2 -30516 15566
125 140 2.2 -30196 15566
127 140 2.2 -30796 15818
128 140 2.2 -30780 15820
130 140 2.2 -31016 16056
132 140 2.2 -30968 15916
133 140 2.2 -30596 15874
135 140 2.2 -30944 15996
137 140 2.2 -31296 16160
139 140 2.2 -30968 16100
140 140 2.2 -31012 16082
142 140 2.2 -30664 15854
144 140 2.2 -30404 15632
146 140 2.2 -30176 15654
148 140 2.2 -30460 15892
150 140 2.2 -30888 16050
152 140 2.2 -30804 16004
154 140 2.2 -30804 15854
155 140 2.2 -30448 15700
157 140 2.2 -30540 15780
160 140 2.2 -30660 15854
162 140 2.2 -30728 15812
164 140 2.2 -30388 15750
166 140 2.2 -30248 15690
168 140 2.2 -30704 15938
170 140 2.2 -30812 15968
172 140 2.2 -30408 15752
174 140 2.2 -30412 15630
177 140 2.2 -30624 15796
179 140 2.2 -30728 15830
181 140 2.2 -30532 15646
184 140 2.2 -30264 15512
186 140 2.2 -30668 15632
188 140 2.2 -30092 15444
191 140 2.2 -30600 15826
193 140 2.2 -30492 15854
196 140 2.2 -30776 15888
198 140 2.2 -30768 15968
201 140 2.2 -30708 15888
203 140 2.2 -30452 15926
206 140 2.2 -30292 15868
209 140 2.2 -30596 15932
211 140 2.2 -30996 16020
214 140 2.2 -30392 15876
217 140 2.2 -30624 15886
220 140 2.2 -30476 15814
222 140 2.2 -30524 15846
225 140 2.2 -30368 15694
228 140 2.2 -30456 15860
231 140 2.2 -30344 15692
234 140 2.2 -30740 15840
237 140 2.2 -30212 15618
240 140 2.2 -30364 15774
243 140 2.2 -30372 15602
246 140 2.2 -29860 15410
250 140 2.2 -30436 15508
253 140 2.2 -30752 15538
256 140 2.2 -30668 15612
259 140 2.2 -30360 15608
263 140 2.2 -30880 15780
266 140 2.2 -30380 15554
269 140 2.2 -30392 15554
273 140 2.2 -30544 15600
276 140 2.2 -30760 15804
280 140 2.2 -30060 15498
284 140 2.2 -30632 15522
287 140 2.2 -30480 15428
291 140 2.2 -30044 15226
295 140 2.2 -30060 15172
298 140 2.2 -29808 14948
302 140 2.2 -29640 14924
306 140 2.2 -29876 15050
310 140 2.2 -30324 15140
314 140 2.2 -30676 15422
318 140 2.2 -30032 15424
322 140 2.2 -30828 15726
326 140 2.2 -30536 15618
331 140 2.2 -30108 15252
335 140 2.2 -30932 15548
339 140 2.2 -30256 15268
344 140 2.2 -30632 15632
348 140 2.2 -30668 15560
352 140 2.2 -30068 15404
357 140 2.2 -30228 15220
362 140 2.2 -30440 15322
366 140 2.2 -30172 15194
371 140 2.2 -30736 15328
376 140 2.2 -30296 15098
381 140 2.2 -30396 15166
385 140 2.2 -30072 15096
390 140 2.2 -29856 15134
395 140 2.2 -30164 15284
401 140 2.2 -30512 15422
406 140 2.2 -30696 15492
411 140 2.2 -29664 14990
416 140 2.2 -29952 15142
422 140 2.2 -30676 15568
427 140 2.2 -30568 15626
433 140 2.2 -30836 15906
438 140 2.2 -30460 15656
444 140 2.2 -30552 15730
449 140 2.2 -30272 15368
455 140 2.2 -30456 15424
461 140 2.2 -30252 15066
467 140 2.2 -30228 15108
473 140 2.2 -30204 14796
479 140 2.2 -29864 14530
485 140 2.2 -29992 14492
492 140 2.2 -30432 14978
498 140 2.2 -29900 14942
504 140 2.2 -29956 14564
511 140 2.2 -29864 14496
517 140 2.2 -29580 14222
524 140 2.2 -29656 14312
531 140 2.2 -30244 14682
538 140 2.2 -30236 14844
545 140 2.2 -29652 14296
552 140 2.2 -30120 14524
559 140 2.2 -30548 14800
566 140 2.2 -30264 15076
573 140 2.2 -30324 15094
581 140 2.2 -30544 15140
588 140 2.2 -30448 15370
596 140 2.2 -30172 15070
603 140 2.2 -30644 15230
611 140 2.2 -29740 14654
619 140 2.2 -30184 14882
627 140 2.2 -29968 14692
635 140 2.2 -29512 14690
643 140 2.2 -30572 15506
652 140 2.2 -30076 15196
660 140 2.2 -30500 15174
668 140 2.2 -30140 15066
677 140 2.2 -30080 14732
686 140 2.2 -30028 14892
695 140 2.2 -30180 15074
704 140 2.2 -30276 15058
713 140 2.2 -30004 14924
722 140 2.2 -29804 14658
731 140 2.2 -30088 14970
741 140 2.2 -30544 15138
750 140 2.2 -30160 15026
760 140 2.2 -30568 15408
770 140 2.2 -30164 15306
780 140 2.2 -30732 15478
790 140 2.2 -30524 15554
800 140 2.2 -30468 15364
810 140 2.2 -30060 15326
821 140 2.2 -30444 15592
831 140 2.2 -30464 15554
842 140 2.2 -30268 15568
853 140 2.2 -30516 15658
864 140 2.2 -30380 15620
875 140 2.2 -30832 15792
886 140 2.2 -30540 15570
897 140 2.2 -30432 15864
909 140 2.2 -30492 15566
921 140 2.2 -30196 15358
933 140 2.2 -30444 15740
945 140 2.2 -30500 15842
957 140 2.2 -30556 15670
969 140 2.2 -30032 15462
982 140 2.2 -30728 15830
994 140 2.2 -30440 15620
1007 140 2.2 -30300 15396
1020 140 2.2 -30324 15656
1033 140 2.2 -30636 15884
1047 140 2.2 -30536 15908
1060 140 2.2 -30128 15864
1074 140 2.2 -30116 15802
1088 140 2.2 -30476 15868
1102 140 2.2 -30500 15768
1116 140 2.2 -30540 15650
1130 140 2.2 -30376 15810
1145 140 2.2 -30352 15596
1160 140 2.2 -30096 15276
1174 140 2.2 -30696 15560
1190 140 2.2 -30536 15686
1205 140 2.2 -30348 15566
1220 140 2.2 -30744 15856
1236 140 2.2 -30352 15746
1252 140 2.2 -30468 15776
1268 140 2.2 -30260 15730
1285 140 2.2 -30164 15384
1301 140 2.2 -29640 14804
1318 140 2.2 -30448 15192
1335 140 2.2 -30332 15596
1352 140 2.2 -30920 15952
1370 140 2.2 -29980 15316
1387 140 2.2 -29596 14914
1405 140 2.2 -29816 14538
1423 140 2.2 -29644 14774
1442 140 2.2 -30084 14982
1460 140 2.2 -30184 15020
1479 140 2.2 -30128 15202
1498 140 2.2 -30016 15336
1517 140 2.2 -30480 15614
1537 140 2.2 -30392 15488
1557 140 2.2 -30252 15442
1577 140 2.2 -30208 15316
1597 140 2.2 -30880 15992
1618 140 2.2 -30664 15728
1639 140 2.2 -30732 15644
1660 140 2.2 -30640 15636
1681 140 2.2 -30012 15540
1703 140 2.2 -30100 15602
1725 140 2.2 -30324 15250
1747 140 2.2 -30268 15658
1770 140 2.2 -30040 15420
1792 140 2.2 -30048 15430
1816 140 2.2 -30612 15476
1839 140 2.2 -30232 15358
1863 140 2.2 -30500 15560
1887 140 2.2 -30268 15270
1911 140 2.2 -30256 15420
1936 140 2.2 -30380 15950
1961 140 2.2 -31340 16272
1986 140 2.2 -30688 15810
2012 140 2.2 -30148 15414
2037 140 2.2 -30036 15290
2064 140 2.2 -30132 15134
2090 140 2.2 -29956 14972
2117 140 2.2 -30272 15024
2145 140 2.2 -29756 14806
2172 140 2.2 -30424 15112
2200 140 2.2 -30060 15170
2229 140 2.2 -30236 15458
2257 140 2.2 -30696 16076
2286 140 2.2 -30612 15850
2316 140 2.2 -30508 15742
2346 140 2.2 -30080 15574
2376 140 2.2 -30584 15724
2407 140 2.2 -30564 15530
2438 140 2.2 -30736 15888
2469 140 2.2 -30232 15804
2501 140 2.2 -31140 16088
2533 140 2.2 -30440 15582
2566 140 2.2 -29588 14874
2599 140 2.2 -30084 15008
2633 140 2.2 -30552 15640
2667 140 2.2 -30916 16000
2701 140 2.2 -31116 16202
2736 140 2.2 -30840 16120
2771 140 2.2 -30688 15880
2807 140 2.2 -30932 15864
2843 140 2.2 -30432 15756
2880 140 2.2 -30692 15848
2917 140 2.2 -30232 15486
2954 140 2.2 -30320 15404
2992 140 2.2 -30104 15024
3031 140 2.2 -29608 14400
3070 140 2.2 -30124 15278
3110 140 2.2 -30492 15470
3150 140 2.2 -30036 14854
3190 140 2.2 -30352 14798
3232 140 2.2 -30776 15184
3273 140 2.2 -30564 15004
3315 140 2.2 -30164 14594
3358 140 2.2 -29820 14642
3402 140 2.2 -29960 15238
3445 140 2.2 -30308 15290
3490 140 2.2 -30284 15190
3535 140 2.2 -30476 15516
3580 140 2.2 -30068 15182
3627 140 2.2 -30488 15746
3673 140 2.2 -30356 15612
3721 140 2.2 -30260 15590
3769 140 2.2 -30928 15964
3817 140 2.2 -29660 14654
3867 140 2.2 -30064 14762
3916 140 2.2 -29744 14904
3967 140 2.2 -30876 15840
4018 140 2.2 -30128 15426
4070 140 2.2 -30048 15298
4122 140 2.2 -29960 15164
4176 140 2.2 -29932 15340
4229 140 2.2 -30808 15674
4284 140 2.2 -30472 15574
4339 140 2.2 -30436 15468
4395 140 2.2 -30736 15404
4452 140 2.2 -30496 15612
4509 140 2.2 -29932 15128
4567 140 2.2 -29884 14990
4626 140 2.2 -30892 15592
4686 140 2.2 -29892 15064
4746 140 2.2 -30208 15392
4808 140 2.2 -30292 15238
4870 140 2.2 -30092 15460
4932 140 2.2 -30684 15632
4996 140 2.2 -30224 15590
5060 140 2.2 -30320 15004
5126 140 2.2 -29908 15208
5192 140 2.2 -29856 14944
5259 140 2.2 -30420 15108
5327 140 2.2 -29556 14254
5395 140 2.2 -30716 15790
5465 140 2.2 -30272 15662
5535 140 2.2 -30572 15966
5607 140 2.2 -29896 15306
5679 140 2.2 -30220 15426
5752 140 2.2 -30200 14940
5826 140 2.2 -29700 15112
5902 140 2.2 -30172 15564
5978 140 2.2 -29824 15074
6055 140 2.2 -30284 15058
6133 140 2.2 -30616 15606
6212 140 2.2 -31104 15696
6292 140 2.2 -30400 15592
6373 140 2.2 -30840 16104
6455 140 2.2 -29988 14888
6539 140 2.2 -30272 15200
6623 140 2.2 -30280 15736
6708 140 2.2 -31052 16080
6795 140 2.2 -30828 16092
6883 140 2.2 -30236 15650
6971 140 2.2 -30680 15842
7061 140 2.2 -30656 15712
7152 140 2.2 -30080 15400
7245 140 2.2 -30660 15612
7338 140 2.2 -30096 15082
7433 140 2.2 -30016 15126
7529 140 2.2 -30244 15662
7626 140 2.2 -30236 15712
7724 140 2.2 -31012 16032
7824 140 2.2 -30344 14892
7925 140 2.2 -30092 15248
8027 140 2.2 -30028 14644
8130 140 2.2 -29796 14762
8235 140 2.2 -29988 15038
8341 140 2.2 -30696 16058
8449 140 2.2 -30524 15864
8558 140 2.2 -29916 14844
8668 140 2.2 -30544 15590
8780 140 2.2 -30428 15618
8893 140 2.2 -30696 15840
9008 140 2.2 -30044 15298
9124 140 2.2 -30456 15666
9242 140 2.2 -30716 15800
9361 140 2.2 -30260 15456
9482 140 2.2 -30344 14998
9604 140 2.2 -30344 15416
9728 140 2.2 -30348 15574
9853 140 2.2 -30528 15778
9980 140 2.2 -30840 15862
10109 140 2.2 -30116 15246
10240 140 2.2 -29976 15276
10372 140 2.2 -30716 15740
10505 140 2.2 -30668 15788
10641 140 2.2 -30056 14960
10778 140 2.2 -30532 15678
10917 140 2.2 -30180 15242
11058 140 2.2 -29864 15054
11201 140 2.2 -30272 15234
11345 140 2.2 -30892 15340
11491 140 2.2 -30188 15598
11640 140 2.2 -30552 15174
11790 140 2.2 -30468 15870
11942 140 2.2 -30224 15352
12096 140 2.2 -30048 15724
12252 140 2.2 -29956 15028
12410 140 2.2 -30684 15904
12570 140 2.2 -30040 15038
12732 140 2.2 -30052 15646
12896 140 2.2 -29756 14540
13062 140 2.2 -30324 15648
13231 140 2.2 -29684 14818
13402 140 2.2 -30184 15296
13574 140 2.2 -30032 15272
13750 140 2.2 -30052 14882
13927 140 2.2 -31176 16150
14106 140 2.2 -30584 15698
14288 140 2.2 -29864 15444
14473 140 2.2 -30764 15688
14659 140 2.2 -30120 14970
14848 140 2.2 -30220 14952
15040 140 2.2 -30252 15662
15234 140 2.2 -30336 15396
15430 140 2.2 -30612 15850
15629 140 2.2 -29900 15128
15831 140 2.2 -30432 15654
16035 140 2.2 -30360 15372
16242 140 2.2 -31004 15662
16451 140 2.2 -30288 15316
16664 140 2.2 -30188 15556
16879 140 2.2 -29960 14946
17096 140 2.2 -30568 15570
17317 140 2.2 -30312 15330
17540 140 2.2 -30360 15008
17766 140 2.2 -30552 15468
17995 140 2.2 -29308 14514
18228 140 2.2 -29952 14510
18463 140 2.2 -30448 15004
18701 140 2.2 -29892 15010
18942 140 2.2 -29960 15046
19186 140 2.2 -30696 15616
19434 140 2.2 -30692 15866
19684 140 2.2 -30396 15314
19938 140 2.2 -30236 15384
20195 140 2.2 -30332 15646
20456 140 2.2 -30140 15006
20720 140 2.2 -30348 15062
20987 140 2.2 -29712 14464
21258 140 2.2 -30412 15774
21532 140 2.2 -30552 15256
21810 140 2.2 -30208 15292
22091 140 2.2 -30212 15208
22376 140 2.2 -30052 14886
22664 140 2.2 -30764 15650
22957 140 2.2 -30564 15354
23253 140 2.2 -30588 15810
23553 140 2.2 -29844 14832
23856 140 2.2 -29832 15096
24164 140 2.2 -29684 15256
24476 140 2.2 -30144 15134
24791 140 2.2 -30288 15396
25111 140 2.2 -29776 15254
25435 140 2.2 -30320 15336
25763 140 2.2 -30668 15694
26095 140 2.2 -29496 15218
26432 140 2.2 -29932 15454
26773 140 2.2 -29776 15042
27118 140 2.2 -30380 15240
27468 140 2.2 -30240 15318
27822 140 2.2 -30588 15436
28181 140 2.2 -30384 15612
28545 140 2.2 -30796 16166
28913 140 2.2 -30608 15696
29286 140 2.2 -31044 16140
29663 140 2.2 -30472 15386
30046 140 2.2 -30024 14986
30434 140 2.2 -30560 15656
30826 140 2.2 -30260 15332
31224 140 2.2 -30772 16066
31626 140 2.2 -30024 15578
32034 140 2.2 -30384 15552
32447 140 2.2 -29828 15080
32866 140 2.2 -30568 15810
33290 140 2.2 -30244 15490
33719 140 2.2 -30128 15032
34154 140 2.2 -29780 15232
34595 140 2.2 -30376 15558
35041 140 2.2 -30276 15096
35493 140 2.2 -30876 15882
35951 140 2.2 -30892 15852
36414 140 2.2 -30448 15248
36884 140 2.2 -29744 15186
37360 140 2.2 -30640 15456
37841 140 2.2 -30080 15358
38330 140 2.2 -30128 14802
38824 140 2.2 -30816 15992
39325 140 2.2 -30304 15132
39832 140 2.2 -30612 15422
40346 140 2.2 -29752 15220
40866 140 2.2 -30740 16000
41393 140 2.2 -30700 15722
41927 140 2.2 -30768 16060
42468 140 2.2 -30548 15714
43015 140 2.2 -30592 15310
43570 140 2.2 -29352 13320
44132 140 2.2 -30708 15750
44701 140 2.2 -30108 13888
45278 140 2.2 -30028 14670
45862 140 2.2 -30656 15272
46453 140 2.2 -30496 15870
47053 140 2.2 -30440 15914
47660 140 2.2 -30232 14838
48274 140 2.2 -30160 15074
48897 140 2.2 -30636 15436
49528 140 2.2 -30288 15758
50166 140 2.2 -29824 15158
50813 140 2.2 -30172 15698
51469 140 2.2 -29812 14550
52133 140 2.2 -30316 15458
52805 140 2.2 -30164 15564
53486 140 2.2 -29936 15098
54176 140 2.2 -30736 15806
54875 140 2.2 -30600 15984
55582 140 2.2 -29752 14734
56299 140 2.2 -30328 15520
57025 140 2.2 -30584 15386
57761 140 2.2 -29400 14480
58506 140 2.2 -30236 15602
59261 140 2.2 -30120 14616
60025 140 2.2 -29800 14650
60799 140 2.2 -30052 15318
61583 140 2.2 -29932 15406
62378 140 2.2 -30184 15400
63182 140 2.2 -30104 15256
63997 140 2.2 -30156 15186
64822 140 2.2 -30700 15918
65658 140 2.2 -30668 15380
66505 140 2.2 -30552 15664
67363 140 2.2 -30132 14598
68232 140 2.2 -30168 15494
69112 140 2.2 -29516 14816
70003 140 2.2 -30544 15584
70906 140 2.2 -30556 15500
71821 140 2.2 -29552 14688
72747 140 2.2 -30124 14776
73685 140 2.2 -30504 15640
74636 140 2.2 -30860 15728
75599 140 2.2 -29872 14212
76574 140 2.2 -30340 15564
77561 140 2.2 -30208 15124
78562 140 2.2 -30232 15488
79575 140 2.2 -30424 15758
80601 140 2.2 -29808 14842
81641 140 2.2 -29940 13610
82694 140 2.2 -29816 14804
83760 140 2.2 -30228 15732
84841 140 2.2 -29900 14814
85935 140 2.2 -30416 15714
87043 140 2.2 -30760 15916
88166 140 2.2 -30880 15832
89303 140 2.2 -29488 14592
90455 140 2.2 -30480 15614
91622 140 2.2 -30036 15476
92803 140 2.2 -29992 15208
94000 140 2.2 -30204 15302
95213 140 2.2 -30412 15688
96441 140 2.2 -30220 15802
97685 140 2.2 -30216 15016
98945 140 2.2 -30360 15616
100221 140 2.2 -30968 16026
101513 140 2.2 -30116 14722
102823 140 2.2 -30240 15110
104149 140 2.2 -29912 15372
105492 140 2.2 -30336 15656
106853 140 2.2 -30696 15930
108231 140 2.2 -30324 15492
109627 140 2.2 -30104 15476
111041 140 2.2 -30872 16060
112473 140 2.2 -30196 15422
113924 140 2.2 -30368 15798
115393 140 2.2 -30432 15676
116882 140 2.2 -30340 15744
118389 140 2.2 -30176 15276
119916 140 2.2 -30360 15332
121463 140 2.2 -30556 15658
123029 140 2.2 -30484 15730
124616 140 2.2 -30444 15708
126224 140 2.2 -30340 15400
127852 140 2.2 -29996 15072
129501 140 2.2 -30040 15434
131171 140 2.2 -30144 15212
132863 140 2.2 -30304 15214
134576 140 2.2 -29824 15084
136312 140 2.2 -30076 15308
138070 140 2.2 -29684 14780
139851 140 2.2 -30868 15946
141655 140 2.2 -30352 15784
143482 140 2.2 -29896 15238
145333 140 2.2 -30676 15758
147207 140 2.2 -30372 15544
149106 140 2.2 -30568 15910
151029 140 2.2 -30228 15440
152977 140 2.2 -30592 15816
154950 140 2.2 -30048 15264
156948 140 2.2 -30332 15486
158973 140 2.2 -30676 15322
161023 140 2.2 -30368 15352
163100 140 2.2 -31140 16470
165204 140 2.2 -30444 15724
167334 140 2.2 -30628 15752
169493 140 2.2 -30144 15468
171679 140 2.2 -30752 15430
173893 140 2.2 -30192 15386
176136 140 2.2 -30556 15952
178408 140 2.2 -30372 15476
180709 140 2.2 -30500 15840
183040 140 2.2 -30328 15152
185400 140 2.2 -30352 15002
187792 140 2.2 -29160 14190
190214 140 2.2 -30588 15518
192667 140 2.2 -30640 15774
195152 140 2.2 -30404 15798
197669 140 2.2 -29520 14612
200219 140 2.2 -29808 15126
202801 140 2.2 -30656 15504
205417 140 2.2 -30408 15664
208066 140 2.2 -30400 15684
210750 140 2.2 -30776 16000
213468 140 2.2 -30508 15772
216222 140 2.2 -30288 15424
219010 140 2.2 -30356 15512
221835 140 2.2 -30440 15800
224696 140 2.2 -30636 15616
227595 140 2.2 -30116 15350
230530 140 2.2 -30084 14980
233503 140 2.2 -30000 14184
236515 140 2.2 -29368 14882
239566 140 2.2 -30460 15774
242656 140 2.2 -30460 15544
245785 140 2.2 -29744 14930
248956 140 2.2 -29408 14228
252167 140 2.2 -30524 15862
255419 140 2.2 -30452 15832
258713 140 2.2 -30292 15226
262050 140 2.2 -31080 16082
265430 140 2.2 -29944 15240
268854 140 2.2 -30592 15538
272321 140 2.2 -30908 16096
275834 140 2.2 -30860 15222
279391 140 2.2 -29388 14416
282995 140 2.2 -29992 15100
286645 140 2.2 -30836 15616
290342 140 2.2 -30272 15564
294087 140 2.2 -30048 15280
297880 140 2.2 -30440 15754
301722 140 2.2 -30388 15362
305614 140 2.2 -30688 15778
309556 140 2.2 -30516 15914
313548 140 2.2 -29604 14828
317592 140 2.2 -29848 14090
321689 140 2.2 -30892 15802
325838 140 2.2 -30304 15566
330040 140 2.2 -31212 16166
334297 140 2.2 -30372 15642
338609 140 2.2 -30340 15444
342976 140 2.2 -29268 14502
347400 140 2.2 -30376 15558
351881 140 2.2 -30516 15758
356419 140 2.2 -29924 14852
361016 140 2.2 -30536 15806
365673 140 2.2 -30076 15178
370389 140 2.2 -30648 15798
375167 140 2.2 -30800 16062
380005 140 2.2 -30428 15608
384907 140 2.2 -30464 15286
389871 140 2.2 -30700 15614
394900 140 2.2 -30688 14898
399993 140 2.2 -29684 14972
405152 140 2.2 -30344 15554
410378 140 2.2 -30992 16164
415671 140 2.2 -30156 15352
421032 140 2.2 -29672 14918
426463 140 2.2 -30200 15548
431963 140 2.2 -30444 15628
437535 140 2.2 -30592 15820
443178 140 2.2 -30368 15692
448894 140 2.2 -30520 15646
454684 140 2.2 -29632 14802
460548 140 2.2 -30304 15512
466489 140 2.2 -30032 15532
472505 140 2.2 -30536 15540
478600 140 2.2 -30416 15634
484773 140 2.2 -30536 15756
491025 140 2.2 -29964 14976
497358 140 2.2 -30136 15580
503773 140 2.2 -30196 15478
510271 140 2.2 -30172 15596
516852 140 2.2 -30244 15628
523519 140 2.2 -30196 15590
530271 140 2.2 -30144 15598
537111 140 2.2 -30492 15640
544038 140 2.2 -29936 13420
551055 140 2.2 -30792 16138
558163 140 2.2 -29644 13364
565362 140 2.2 -29688 15026
572654 140 2.2 -30664 15216
580040 140 2.2 -30240 15374
587521 140 2.2 -30256 14844
595099 140 2.2 -30116 15378
602775 140 2.2 -30120 15112
610549 140 2.2 -30460 15760
618424 140 2.2 -30528 15886
626400 140 2.2 -30168 15124
634480 140 2.2 -30860 16168
642663 140 2.2 -30472 15150
650952 140 2.2 -30300 15630
659348 140 2.2 -30136 15218
667853 140 2.2 -31152 15998
676467 140 2.2 -30544 15810
685192 140 2.2 -30172 15190
694029 140 2.2 -30388 15708
702981 140 2.2 -30140 15290
712048 140 2.2 -30328 14934
721232 140 2.2 -30232 15486
730534 140 2.2 -30736 15848
739957 140 2.2 -30244 15052
749500 140 2.2 -30688 15846
759168 140 2.2 -30992 15666
768959 140 2.2 -30232 15814
778877 140 2.2 -30200 15094
788923 140 2.2 -30652 15768
799099 140 2.2 -30136 15540
809405 140 2.2 -29524 14808
819845 140 2.2 -30188 15498
830419 140 2.2 -30092 15436
841130 140 2.2 -30276 15536
851979 140 2.2 -30792 15646
862968 140 2.2 -31264 16086
874098 140 2.2 -30236 15464
885373 140 2.2 -29756 14538
896792 140 2.2 -29884 14856
908359 140 2.2 -29824 15484
920075 140 2.2 -31156 16264
931942 140 2.2 -30248 14556
943962 140 2.2 -30480 15608
956137 140 2.2 -30684 15912
968470 140 2.2 -31020 15562
980961 140 2.2 -29904 15330
993613 140 2.2 -30552 15786
999999 140 2.2 -30216 14944
