3 140 2 -35584 18504
4 140 2 -35208 18370
5 140 2 -34876 18248
6 140 2 -34736 18196
7 140 2 -34624 18100
8 140 2 -34808 18146
9 140 2 -34428 18070
10 140 2 -34504 18082
11 140 2 -34276 18016
12 140 2 -34596 18112
13 140 2 -34748 18130
14 140 2 -34560 18020
15 140 2 -34520 17966
16 140 2 -34580 18034
17 140 2 -34368 17958
18 140 2 -34276 17950
19 140 2 -34016 17844
20 140 2 -33856 17732
21 140 2 -33988 17786
22 140 2 -34300 17866
23 140 2 -34316 17880
24 140 2 -34160 17884
25 140 2 -34168 17848
26 140 2 -34004 17828
27 140 2 -33932 17786
28 140 2 -34064 17772
29 140 2 -34140 17852
30 140 2 -34120 17864
31 140 2 -34192 17892
32 140 2 -34528 18054
33 140 2 -34700 18064
34 140 2 -34604 18008
35 140 2 -34448 18000
36 140 2 -34448 18016
37 140 2 -34264 17912
38 140 2 -34088 17878
39 140 2 -34092 17904
40 140 2 -34240 17988
41 140 2 -34664 18132
42 140 2 -34460 18044
43 140 2 -34608 18104
44 140 2 -34516 18068
45 140 2 -34284 17978
46 140 2 -34376 18010
47 140 2 -34528 18056
48 140 2 -34660 18070
49 140 2 -34400 18022
50 140 2 -34316 17934
51 140 2 -34276 17958
52 140 2 -34408 17948
53 140 2 -34412 17982
54 140 2 -34220 17966
55 140 2 -34248 17952
56 140 2 -34440 17996
57 140 2 -34592 18016
58 140 2 -34460 17992
59 140 2 -34716 18042
60 140 2 -34316 17958
61 140 2 -34188 17846
62 140 2 -34212 17844
63 140 2 -34276 17902
64 140 2 -34304 17930
65 140 2 -34292 17920
66 140 2 -34304 17952
67 140 2 -34204 17910
68 140 2 -34180 17826
69 140 2 -34324 17858
70 140 2 -34164 17804
71 140 2 -34152 17860
72 140 2 -34012 17762
73 140 2 -33840 17818
74 140 2 -33848 17796
75 140 2 -34396 18020
76 140 2 -34572 18068
77 140 2 -34652 18070
78 140 2 -34500 18088
79 140 2 -34436 17998
80 140 2 -34208 17912
81 140 2 -34064 17872
82 140 2 -33968 17778
83 140 2 -34156 17922
84 140 2 -34120 17910
85 140 2 -34272 17968
86 140 2 -34632 18118
88 140 2 -34720 18132
89 140 2 -34392 17966
90 140 2 -34084 17848
91 140 2 -34412 17926
92 140 2 -34336 17930
93 140 2 -34196 17876
95 140 2 -34204 17842
96 140 2 -34048 17768
97 140 2 -34328 17858
98 140 2 -34148 17814
99 140 2 -34064 17802
101 140 2 -33920 17618
102 140 2 -34188 17722
103 140 2 -34012 17692
105 140 2 -34104 17806
106 140 2 -33748 17680
107 140 2 -34304 17880
109 140 2 -33728 17694
110 140 2 -34000 17756
112 140 2 -34224 17932
113 140 2 -34136 17918
114 140 2 -33768 17736
116 140 2 -33956 17748
117 140 2 -34232 17878
119 140 2 -34176 17940
120 140 2 -34364 17996
122 140 2 -34188 17940
124 140 2 -34044 17864
125 140 2 -34084 17830
127 140 2 -34364 17966
128 140 2 -34224 17942
130 140 2 -34496 18020
132 140 2 -33884 17748
133 140 2 -33632 17618
135 140 2 -34060 17740
137 140 2 -34040 17740
139 140 2 -34088 17758
140 140 2 -34204 17800
142 140 2 -33916 17676
144 140 2 -34276 17846
146 140 2 -34148 17732
148 140 2 -34496 17996
150 140 2 -34188 17924
152 140 2 -34132 17914
154 140 2 -34344 17916
155 140 2 -34104 17838
157 140 2 -34312 17876
160 140 2 -34068 17930
162 140 2 -33956 17844
164 140 2 -33908 17744
166 140 2 -34560 18036
168 140 2 -34632 18074
170 140 2 -34308 17916
172 140 2 -34344 17968
174 140 2 -34604 18096
177 140 2 -34648 18032
179 140 2 -34184 17890
181 140 2 -34076 17810
184 140 2 -34208 17866
186 140 2 -34232 17838
188 140 2 -34088 17832
191 140 2 -34244 17886
193 140 2 -34352 17946
196 140 2 -34028 17792
198 140 2 -33976 17740
201 140 2 -33792 17658
203 140 2 -34200 17748
206 140 2 -34032 17760
209 140 2 -34148 17884
211 140 2 -34072 17848
214 140 2 -34288 17874
217 140 2 -34052 17752
220 140 2 -33768 17668
222 140 2 -34004 17710
225 140 2 -33656 17636
228 140 2 -34192 17780
231 140 2 -33828 17692
234 140 2 -34220 17846
237 140 2 -34132 17788
240 140 2 -34208 17852
243 140 2 -34180 17820
246 140 2 -34020 17732
250 140 2 -33980 17704
253 140 2 -34004 17722
256 140 2 -33848 17624
259 140 2 -34100 17772
263 140 2 -34212 17900
266 140 2 -34492 17982
269 140 2 -34196 17908
273 140 2 -34300 17932
276 140 2 -33936 17754
280 140 2 -33988 17756
284 140 2 -34228 17834
287 140 2 -34276 17894
291 140 2 -34084 17836
295 140 2 -34220 17840
298 140 2 -34056 17742
302 140 2 -34044 17684
306 140 2 -34348 17770
310 140 2 -34176 17742
314 140 2 -34112 17808
318 140 2 -33784 17492
322 140 2 -33872 17640
326 140 2 -34124 17710
331 140 2 -34388 17952
335 140 2 -34220 17880
339 140 2 -34096 17830
344 140 2 -33976 17764
348 140 2 -34128 17836
352 140 2 -34188 17858
357 140 2 -34620 18050
362 140 2 -34192 17880
366 140 2 -34220 17914
371 140 2 -34488 18050
376 140 2 -34460 17978
381 140 2 -34252 17868
385 140 2 -33984 17722
390 140 2 -34216 17806
395 140 2 -34364 17808
401 140 2 -34000 17734
406 140 2 -33480 17468
411 140 2 -33896 17664
416 140 2 -34088 17820
422 140 2 -34204 17934
427 140 2 -33944 17740
433 140 2 -34512 18070
438 140 2 -34356 17966
444 140 2 -34240 17860
449 140 2 -34024 17778
455 140 2 -33800 17760
461 140 2 -34036 17840
467 140 2 -34292 17874
473 140 2 -34516 17978
479 140 2 -34076 17868
485 140 2 -34340 17922
492 140 2 -34228 17926
498 140 2 -34112 17852
504 140 2 -34352 17984
511 140 2 -34240 17902
517 140 2 -34156 17898
524 140 2 -34272 17816
531 140 2 -34224 17858
538 140 2 -34340 17912
545 140 2 -34376 17914
552 140 2 -34620 18004
559 140 2 -34216 17840
566 140 2 -34160 17714
573 140 2 -33940 17680
581 140 2 -34064 17752
588 140 2 -33852 17714
596 140 2 -34268 17932
603 140 2 -34452 17946
611 140 2 -34168 17864
619 140 2 -34512 17952
627 140 2 -34300 17954
635 140 2 -34448 17990
643 140 2 -34140 17894
652 140 2 -34304 17908
660 140 2 -34184 17762
668 140 2 -34124 17792
677 140 2 -34304 17748
686 140 2 -34692 18024
695 140 2 -34036 17808
704 140 2 -34456 17962
713 140 2 -34280 17922
722 140 2 -34452 17912
731 140 2 -34328 17842
741 140 2 -34252 17922
750 140 2 -34304 17922
760 140 2 -34156 17862
770 140 2 -34292 17962
780 140 2 -34240 17950
790 140 2 -33936 17686
800 140 2 -34116 17850
810 140 2 -33976 17740
821 140 2 -34408 17894
831 140 2 -34252 17898
842 140 2 -34264 17824
853 140 2 -34040 17788
864 140 2 -34020 17696
875 140 2 -34044 17744
886 140 2 -34196 17814
897 140 2 -33988 17770
909 140 2 -34092 17870
921 140 2 -34488 18004
933 140 2 -34100 17816
945 140 2 -34172 17806
957 140 2 -34248 17902
969 140 2 -33944 17802
982 140 2 -34148 17758
994 140 2 -34000 17754
1007 140 2 -34076 17828
1020 140 2 -34368 17954
1033 140 2 -34628 18042
1047 140 2 -34140 17858
1060 140 2 -33520 17586
1074 140 2 -34144 17894
1088 140 2 -34476 18004
1102 140 2 -34468 18004
1116 140 2 -34604 18096
1130 140 2 -34664 18098
1145 140 2 -34052 17814
1160 140 2 -34484 18032
1174 140 2 -34396 17992
1190 140 2 -34200 17842
1205 140 2 -34344 17904
1220 140 2 -34340 17974
1236 140 2 -34112 17858
1252 140 2 -34052 17752
1268 140 2 -34468 17972
1285 140 2 -34560 18032
1301 140 2 -34428 18028
1318 140 2 -34680 18106
1335 140 2 -34204 17726
1352 140 2 -34284 17862
1370 140 2 -34252 17876
1387 140 2 -34024 17794
1405 140 2 -34236 17894
1423 140 2 -34520 18044
1442 140 2 -34708 18050
1460 140 2 -34136 17766
1479 140 2 -34524 17986
1498 140 2 -34108 17894
1517 140 2 -34152 17870
1537 140 2 -34744 18124
1557 140 2 -33972 17778
1577 140 2 -34272 17900
1597 140 2 -34004 17732
1618 140 2 -33992 17746
1639 140 2 -34316 17896
1660 140 2 -33644 17614
1681 140 2 -34216 17840
1703 140 2 -34520 17992
1725 140 2 -34496 18006
1747 140 2 -34608 17996
1770 140 2 -34088 17842
1792 140 2 -34504 17888
1816 140 2 -34256 17786
1839 140 2 -33912 17750
1863 140 2 -34284 17918
1887 140 2 -34108 17868
1911 140 2 -34388 18000
1936 140 2 -33972 17806
1961 140 2 -33732 17630
1986 140 2 -34440 18016
2012 140 2 -33968 17776
2037 140 2 -34208 17880
2064 140 2 -34348 17860
2090 140 2 -34388 17962
2117 140 2 -34424 17944
2145 140 2 -34384 17860
2172 140 2 -34564 17992
2200 140 2 -34344 17948
2229 140 2 -34080 17740
2257 140 2 -34240 17940
2286 140 2 -34652 18088
2316 140 2 -33836 17736
2346 140 2 -34144 17830
2376 140 2 -34212 17940
2407 140 2 -34228 17800
2438 140 2 -33752 17630
2469 140 2 -34044 17850
2501 140 2 -34492 18070
2533 140 2 -33936 17682
2566 140 2 -34096 17874
2599 140 2 -33900 17798
2633 140 2 -34368 17910
2667 140 2 -34136 17792
2701 140 2 -34192 17792
2736 140 2 -34480 17986
2771 140 2 -34484 17850
2807 140 2 -33924 17696
2843 140 2 -34024 17734
2880 140 2 -34476 18046
2917 140 2 -33964 17782
2954 140 2 -34592 18030
2992 140 2 -34256 17924
3031 140 2 -33948 17642
3070 140 2 -34420 17928
3110 140 2 -34324 17876
3150 140 2 -34312 17930
3190 140 2 -33964 17686
3232 140 2 -34420 17858
3273 140 2 -34104 17738
3315 140 2 -34056 17724
3358 140 2 -34196 17880
3402 140 2 -33976 17766
3445 140 2 -34064 17738
3490 140 2 -33812 17680
3535 140 2 -34140 17894
3580 140 2 -33992 17804
3627 140 2 -33724 17642
3673 140 2 -33720 17692
3721 140 2 -34544 17998
3769 140 2 -34392 17760
3817 140 2 -34108 17810
3867 140 2 -34456 17876
3916 140 2 -34072 17726
3967 140 2 -34732 18106
4018 140 2 -34544 17964
4070 140 2 -34552 17942
4122 140 2 -34280 17922
4176 140 2 -34188 17888
4229 140 2 -34624 18102
4284 140 2 -34472 17966
4339 140 2 -34128 17884
4395 140 2 -34160 17848
4452 140 2 -34328 17876
4509 140 2 -34080 17898
4567 140 2 -34036 17714
4626 140 2 -34448 17968
4686 140 2 -33932 17724
4746 140 2 -34236 17956
4808 140 2 -34308 17864
4870 140 2 -34160 17870
4932 140 2 -33920 17760
4996 140 2 -34020 17722
5060 140 2 -34452 17916
5126 140 2 -33520 17418
5192 140 2 -34180 17834
5259 140 2 -34732 18062
5327 140 2 -34684 18064
5395 140 2 -34100 17796
5465 140 2 -34268 17814
5535 140 2 -34356 17994
5607 140 2 -34216 17850
5679 140 2 -34236 17912
5752 140 2 -33868 17712
5826 140 2 -34140 17826
5902 140 2 -34100 17720
5978 140 2 -34476 17916
6055 140 2 -33908 17756
6133 140 2 -34388 17882
6212 140 2 -34004 17740
6292 140 2 -34288 17902
6373 140 2 -34132 17794
6455 140 2 -34180 17768
6539 140 2 -34144 17740
6623 140 2 -34076 17762
6708 140 2 -34148 17740
6795 140 2 -33924 17830
6883 140 2 -34168 17880
6971 140 2 -34356 17840
7061 140 2 -34160 17802
7152 140 2 -33888 17816
7245 140 2 -34532 18066
7338 140 2 -34420 17946
7433 140 2 -34356 17922
7529 140 2 -34184 17878
7626 140 2 -34000 17754
7724 140 2 -34336 17992
7824 140 2 -33944 17746
7925 140 2 -34200 17880
8027 140 2 -34596 18030
8130 140 2 -34240 17882
8235 140 2 -33960 17754
8341 140 2 -33964 17760
8449 140 2 -33872 17630
8558 140 2 -34544 17946
8668 140 2 -34328 17970
8780 140 2 -33984 17884
8893 140 2 -34068 17762
9008 140 2 -34444 18004
9124 140 2 -34304 17874
9242 140 2 -34528 17980
9361 140 2 -34056 17928
9482 140 2 -34088 17764
9604 140 2 -34292 17832
9728 140 2 -34240 17726
9853 140 2 -34304 17946
9980 140 2 -34352 17986
10109 140 2 -34156 17830
10240 140 2 -34068 17844
10372 140 2 -33640 17642
10505 140 2 -34604 17988
10641 140 2 -34292 17872
10778 140 2 -33916 17624
10917 140 2 -34080 17850
11058 140 2 -34524 18028
11201 140 2 -33924 17676
11345 140 2 -34228 17884
11491 140 2 -33872 17766
11640 140 2 -34312 17836
11790 140 2 -34236 17922
11942 140 2 -34740 18076
12096 140 2 -34060 17834
12252 140 2 -34292 17960
12410 140 2 -34328 17942
12570 140 2 -34084 17802
12732 140 2 -34252 17864
12896 140 2 -33968 17748
13062 140 2 -34244 17914
13231 140 2 -34092 17874
13402 140 2 -34320 17878
13574 140 2 -34480 18024
13750 140 2 -33896 17668
13927 140 2 -34328 17822
14106 140 2 -34228 17838
14288 140 2 -34528 18016
14473 140 2 -34128 17852
14659 140 2 -34296 17856
14848 140 2 -34128 17778
15040 140 2 -34164 17770
15234 140 2 -33840 17660
15430 140 2 -34284 17900
15629 140 2 -34376 17964
15831 140 2 -33792 17676
16035 140 2 -34200 17954
16242 140 2 -33988 17694
16451 140 2 -34404 17866
16664 140 2 -34404 17960
16879 140 2 -34584 17936
17096 140 2 -34052 17902
17317 140 2 -34024 17818
17540 140 2 -34068 17880
17766 140 2 -33932 17786
17995 140 2 -33716 17652
18228 140 2 -34724 18110
18463 140 2 -34408 17936
18701 140 2 -34020 17704
18942 140 2 -34388 17864
19186 140 2 -34428 17970
19434 140 2 -34260 17914
19684 140 2 -33800 17722
19938 140 2 -34396 18006
20195 140 2 -34408 18040
20456 140 2 -34252 17942
20720 140 2 -34316 17830
20987 140 2 -34260 17806
21258 140 2 -34060 17770
21532 140 2 -33972 17760
21810 140 2 -34076 17848
22091 140 2 -34588 18050
22376 140 2 -33996 17764
22664 140 2 -34144 17878
22957 140 2 -33700 17652
23253 140 2 -34212 17876
23553 140 2 -34400 17938
23856 140 2 -34256 17832
24164 140 2 -34000 17746
24476 140 2 -34332 17970
24791 140 2 -34020 17804
25111 140 2 -33740 17664
25435 140 2 -34412 17998
25763 140 2 -34096 17904
26095 140 2 -34084 17864
26432 140 2 -34136 17772
26773 140 2 -34324 17954
27118 140 2 -34120 17812
27468 140 2 -34152 17788
27822 140 2 -34104 17816
28181 140 2 -34068 17868
28545 140 2 -34300 17860
28913 140 2 -34144 17916
29286 140 2 -34604 18022
29663 140 2 -34472 17982
30046 140 2 -33984 17782
30434 140 2 -34208 17858
30826 140 2 -34608 18082
31224 140 2 -34552 18028
31626 140 2 -34040 17896
32034 140 2 -34316 17958
32447 140 2 -34244 17936
32866 140 2 -33964 17772
33290 140 2 -34148 17710
33719 140 2 -34208 17844
34154 140 2 -34700 18104
34595 140 2 -34040 17778
35041 140 2 -34180 17946
35493 140 2 -34360 17928
35951 140 2 -34144 17884
36414 140 2 -34056 17778
36884 140 2 -34300 17942
37360 140 2 -34048 17784
37841 140 2 -34212 17908
38330 140 2 -34364 17944
38824 140 2 -34180 17798
39325 140 2 -34224 17850
39832 140 2 -34580 18042
40346 140 2 -34316 17948
40866 140 2 -33532 17528
41393 140 2 -34024 17640
41927 140 2 -34332 17870
42468 140 2 -34168 17716
43015 140 2 -34104 17796
43570 140 2 -34180 17856
44132 140 2 -34260 17828
44701 140 2 -34888 18144
45278 140 2 -34484 17818
45862 140 2 -34332 17932
46453 140 2 -34152 17758
47053 140 2 -34260 17862
47660 140 2 -34548 18034
48274 140 2 -34144 17746
48897 140 2 -34108 17914
49528 140 2 -34160 17842
50166 140 2 -34196 17870
50813 140 2 -34256 17874
51469 140 2 -34028 17832
52133 140 2 -34504 18076
52805 140 2 -34388 17846
53486 140 2 -34156 17816
54176 140 2 -34036 17742
54875 140 2 -34656 18080
55582 140 2 -34364 17894
56299 140 2 -34540 17932
57025 140 2 -34184 17926
57761 140 2 -34136 17918
58506 140 2 -33980 17780
59261 140 2 -34556 18048
60025 140 2 -34228 17888
60799 140 2 -34092 17686
61583 140 2 -34364 17884
62378 140 2 -34116 17798
63182 140 2 -34144 17716
63997 140 2 -34220 17846
64822 140 2 -34008 17678
65658 140 2 -34544 18006
66505 140 2 -33996 17700
67363 140 2 -33880 17614
68232 140 2 -34120 17786
69112 140 2 -33976 17798
70003 140 2 -34932 18160
70906 140 2 -33844 17752
71821 140 2 -34720 18106
72747 140 2 -34160 17802
73685 140 2 -34512 17970
74636 140 2 -34360 18018
75599 140 2 -34196 17788
76574 140 2 -34040 17822
77561 140 2 -34404 17960
78562 140 2 -34264 17932
79575 140 2 -34316 17806
80601 140 2 -33964 17722
81641 140 2 -34612 17938
82694 140 2 -34468 18020
83760 140 2 -34252 17930
84841 140 2 -34192 17908
85935 140 2 -34032 17760
87043 140 2 -34092 17896
88166 140 2 -34464 17928
89303 140 2 -34552 18032
90455 140 2 -34064 17770
91622 140 2 -34312 17886
92803 140 2 -34256 17846
94000 140 2 -33356 17468
95213 140 2 -34072 17906
96441 140 2 -34452 18024
97685 140 2 -34544 18020
98945 140 2 -34120 17902
100221 140 2 -34748 18138
101513 140 2 -34208 17864
102823 140 2 -34120 17878
104149 140 2 -34064 17774
105492 140 2 -34052 17874
106853 140 2 -34040 17860
108231 140 2 -34076 17810
109627 140 2 -34264 17814
111041 140 2 -34072 17842
112473 140 2 -34260 17940
113924 140 2 -34136 17678
115393 140 2 -34548 17898
116882 140 2 -34868 18112
118389 140 2 -34088 17808
119916 140 2 -34084 17754
121463 140 2 -33756 17620
123029 140 2 -34556 18108
124616 140 2 -33924 17734
126224 140 2 -33852 17744
127852 140 2 -34068 17794
129501 140 2 -34400 17924
131171 140 2 -34740 18052
132863 140 2 -33940 17612
134576 140 2 -33888 17762
136312 140 2 -34020 17760
138070 140 2 -34032 17786
139851 140 2 -34412 17858
141655 140 2 -34224 17890
143482 140 2 -34484 17934
145333 140 2 -33832 17584
147207 140 2 -33912 17708
149106 140 2 -33648 17508
151029 140 2 -34224 17856
152977 140 2 -34224 17830
154950 140 2 -33944 17566
156948 140 2 -34108 17758
158973 140 2 -34568 17992
161023 140 2 -33808 17706
163100 140 2 -34244 17860
165204 140 2 -34368 18004
167334 140 2 -34052 17854
169493 140 2 -33792 17718
171679 140 2 -34388 17950
173893 140 2 -34192 17862
176136 140 2 -33992 17754
178408 140 2 -34564 17982
180709 140 2 -34036 17876
183040 140 2 -34036 17812
185400 140 2 -34088 17910
187792 140 2 -34316 17800
190214 140 2 -33872 17696
192667 140 2 -34116 17754
195152 140 2 -34344 17902
197669 140 2 -34148 17866
200219 140 2 -34156 17862
202801 140 2 -33816 17582
205417 140 2 -34540 18048
208066 140 2 -34000 17714
210750 140 2 -34260 17914
213468 140 2 -34316 17906
216222 140 2 -34016 17740
219010 140 2 -34500 17958
221835 140 2 -34584 17986
224696 140 2 -34576 17928
227595 140 2 -34304 17942
230530 140 2 -34744 18082
233503 140 2 -34412 17944
236515 140 2 -33808 17662
239566 140 2 -34308 17832
242656 140 2 -34508 18018
245785 140 2 -34172 17844
248956 140 2 -34220 17806
252167 140 2 -33972 17778
255419 140 2 -34204 17906
258713 140 2 -33852 17764
262050 140 2 -34228 17964
265430 140 2 -34316 17976
268854 140 2 -34016 17750
272321 140 2 -34228 17828
275834 140 2 -34492 18006
279391 140 2 -34576 17956
282995 140 2 -34312 17902
286645 140 2 -34124 17836
290342 140 2 -34044 17836
294087 140 2 -34280 17972
297880 140 2 -34184 17810
301722 140 2 -34496 18056
305614 140 2 -34540 17968
309556 140 2 -34224 17842
313548 140 2 -34156 17876
317592 140 2 -33888 17716
321689 140 2 -34272 17946
325838 140 2 -34400 17918
330040 140 2 -34360 17908
334297 140 2 -34496 17980
338609 140 2 -34220 17858
342976 140 2 -34036 17836
347400 140 2 -34216 17796
351881 140 2 -34332 17880
356419 140 2 -34360 18006
361016 140 2 -34052 17692
365673 140 2 -33868 17798
370389 140 2 -34776 18210
375167 140 2 -33752 17748
380005 140 2 -34516 17942
384907 140 2 -34356 17910
389871 140 2 -34132 17844
394900 140 2 -33992 17698
399993 140 2 -33528 17552
405152 140 2 -34400 17950
410378 140 2 -34544 17920
415671 140 2 -34408 17922
421032 140 2 -34448 17886
426463 140 2 -34404 17928
431963 140 2 -34236 17834
437535 140 2 -34244 17866
443178 140 2 -33952 17728
448894 140 2 -34524 18002
454684 140 2 -34260 17918
460548 140 2 -34288 17886
466489 140 2 -33792 17762
472505 140 2 -34200 17794
478600 140 2 -34080 17770
484773 140 2 -34320 18016
491025 140 2 -34352 17958
497358 140 2 -34072 17888
503773 140 2 -34120 17874
510271 140 2 -34488 18002
516852 140 2 -34548 18028
523519 140 2 -34144 17856
530271 140 2 -34292 17872
537111 140 2 -34068 17764
544038 140 2 -34212 17908
551055 140 2 -34092 17782
558163 140 2 -34104 17862
565362 140 2 -34572 18054
572654 140 2 -34308 17812
580040 140 2 -34512 18026
587521 140 2 -34132 17804
595099 140 2 -34548 18034
602775 140 2 -33976 17700
610549 140 2 -34284 17914
618424 140 2 -34296 17896
626400 140 2 -34120 17886
634480 140 2 -34556 18096
642663 140 2 -34220 17878
650952 140 2 -34080 17784
659348 140 2 -33664 17648
667853 140 2 -34104 17740
676467 140 2 -34052 17788
685192 140 2 -34464 18010
694029 140 2 -33960 17716
702981 140 2 -34416 17862
712048 140 2 -33748 17758
721232 140 2 -34216 17962
730534 140 2 -33940 17760
739957 140 2 -34300 17846
749500 140 2 -34052 17838
759168 140 2 -33816 17706
768959 140 2 -34292 17932
778877 140 2 -34352 17870
788923 140 2 -33936 17586
799099 140 2 -34236 17876
809405 140 2 -34312 17890
819845 140 2 -33796 17744
830419 140 2 -34080 17694
841130 140 2 -33908 17598
851979 140 2 -33984 17660
862968 140 2 -34364 17808
874098 140 2 -34244 17908
885373 140 2 -34304 18008
896792 140 2 -34352 17910
908359 140 2 -34388 17898
920075 140 2 -34048 17778
931942 140 2 -34720 18132
943962 140 2 -34440 17934
956137 140 2 -34204 17822
968470 140 2 -34412 17934
980961 140 2 -34188 17924
993613 140 2 -34148 17880
999999 140 2 -34064 17812
