3 20 2.1 -648 344
4 20 2.1 -688 360
5 20 2.1 -724 376
6 20 2.1 -712 362
7 20 2.1 -692 366
8 20 2.1 -660 362
9 20 2.1 -736 378
10 20 2.1 -648 348
11 20 2.1 -724 378
12 20 2.1 -712 376
13 20 2.1 -704 372
14 20 2.1 -700 368
15 20 2.1 -636 348
16 20 2.1 -680 366
17 20 2.1 -704 372
18 20 2.1 -664 362
19 20 2.1 -636 346
20 20 2.1 -652 348
21 20 2.1 -660 348
22 20 2.1 -664 358
23 20 2.1 -684 366
24 20 2.1 -704 374
25 20 2.1 -688 356
26 20 2.1 -636 334
27 20 2.1 -640 342
28 20 2.1 -676 352
29 20 2.1 -676 356
30 20 2.1 -660 356
31 20 2.1 -680 358
32 20 2.1 -672 358
33 20 2.1 -684 362
34 20 2.1 -740 384
35 20 2.1 -692 364
36 20 2.1 -708 366
37 20 2.1 -652 354
38 20 2.1 -668 358
39 20 2.1 -676 354
40 20 2.1 -728 376
41 20 2.1 -676 364
42 20 2.1 -656 354
43 20 2.1 -668 354
44 20 2.1 -688 368
45 20 2.1 -644 352
46 20 2.1 -680 362
47 20 2.1 -696 364
48 20 2.1 -692 360
49 20 2.1 -668 358
50 20 2.1 -656 340
51 20 2.1 -660 344
52 20 2.1 -692 362
53 20 2.1 -640 334
54 20 2.1 -596 324
55 20 2.1 -604 318
56 20 2.1 -588 310
57 20 2.1 -560 294
58 20 2.1 -544 282
59 20 2.1 -584 290
60 20 2.1 -580 300
61 20 2.1 -600 306
62 20 2.1 -632 306
63 20 2.1 -644 316
64 20 2.1 -688 352
65 20 2.1 -688 352
66 20 2.1 -692 364
67 20 2.1 -692 362
68 20 2.1 -660 358
69 20 2.1 -672 360
70 20 2.1 -632 342
71 20 2.1 -656 338
72 20 2.1 -640 342
73 20 2.1 -648 340
74 20 2.1 -684 358
75 20 2.1 -688 364
76 20 2.1 -716 376
77 20 2.1 -744 384
78 20 2.1 -724 380
79 20 2.1 -708 374
80 20 2.1 -748 386
81 20 2.1 -664 362
82 20 2.1 -720 380
83 20 2.1 -680 352
84 20 2.1 -644 352
85 20 2.1 -636 350
86 20 2.1 -664 350
88 20 2.1 -656 348
89 20 2.1 -628 346
90 20 2.1 -632 348
91 20 2.1 -636 332
92 20 2.1 -632 334
93 20 2.1 -616 332
95 20 2.1 -664 354
96 20 2.1 -696 364
97 20 2.1 -700 370
98 20 2.1 -736 384
99 20 2.1 -680 360
101 20 2.1 -596 320
102 20 2.1 -652 340
103 20 2.1 -660 354
105 20 2.1 -712 374
106 20 2.1 -728 378
107 20 2.1 -708 366
109 20 2.1 -712 376
110 20 2.1 -712 372
112 20 2.1 -700 368
113 20 2.1 -668 356
114 20 2.1 -684 366
116 20 2.1 -692 356
117 20 2.1 -708 366
119 20 2.1 -700 374
120 20 2.1 -700 368
122 20 2.1 -688 354
124 20 2.1 -692 362
125 20 2.1 -664 350
127 20 2.1 -628 336
128 20 2.1 -608 304
130 20 2.1 -652 328
132 20 2.1 -580 286
133 20 2.1 -532 280
135 20 2.1 -608 288
137 20 2.1 -644 320
139 20 2.1 -612 328
140 20 2.1 -556 306
142 20 2.1 -636 336
144 20 2.1 -648 348
146 20 2.1 -664 354
148 20 2.1 -720 380
150 20 2.1 -700 368
152 20 2.1 -676 362
154 20 2.1 -672 362
155 20 2.1 -676 350
157 20 2.1 -664 356
160 20 2.1 -656 352
162 20 2.1 -652 354
164 20 2.1 -620 332
166 20 2.1 -576 298
168 20 2.1 -584 300
170 20 2.1 -512 256
172 20 2.1 -552 244
174 20 2.1 -632 306
177 20 2.1 -592 288
179 20 2.1 -616 302
181 20 2.1 -636 320
184 20 2.1 -644 334
186 20 2.1 -600 326
188 20 2.1 -616 326
191 20 2.1 -616 344
193 20 2.1 -680 360
196 20 2.1 -660 340
198 20 2.1 -632 320
201 20 2.1 -572 302
203 20 2.1 -596 304
206 20 2.1 -576 308
209 20 2.1 -564 294
211 20 2.1 -616 304
214 20 2.1 -664 324
217 20 2.1 -668 302
220 20 2.1 -608 288
222 20 2.1 -604 278
225 20 2.1 -640 314
228 20 2.1 -656 336
231 20 2.1 -644 308
234 20 2.1 -728 368
237 20 2.1 -708 364
240 20 2.1 -680 362
243 20 2.1 -664 360
246 20 2.1 -696 370
250 20 2.1 -656 354
253 20 2.1 -724 380
256 20 2.1 -672 360
259 20 2.1 -716 368
263 20 2.1 -688 358
266 20 2.1 -680 356
269 20 2.1 -692 368
273 20 2.1 -668 348
276 20 2.1 -636 338
280 20 2.1 -672 352
284 20 2.1 -712 366
287 20 2.1 -724 376
291 20 2.1 -684 368
295 20 2.1 -672 356
298 20 2.1 -636 336
302 20 2.1 -676 354
306 20 2.1 -636 336
310 20 2.1 -660 336
314 20 2.1 -656 338
318 20 2.1 -656 346
322 20 2.1 -648 332
326 20 2.1 -644 356
331 20 2.1 -668 354
335 20 2.1 -652 336
339 20 2.1 -712 364
344 20 2.1 -656 346
348 20 2.1 -644 352
352 20 2.1 -620 332
357 20 2.1 -644 344
362 20 2.1 -608 322
366 20 2.1 -616 326
371 20 2.1 -672 360
376 20 2.1 -688 370
381 20 2.1 -752 388
385 20 2.1 -704 368
390 20 2.1 -700 368
395 20 2.1 -708 372
401 20 2.1 -692 370
406 20 2.1 -716 376
411 20 2.1 -644 354
416 20 2.1 -700 366
422 20 2.1 -692 360
427 20 2.1 -688 364
433 20 2.1 -592 316
438 20 2.1 -676 354
444 20 2.1 -624 314
449 20 2.1 -628 324
455 20 2.1 -628 332
461 20 2.1 -684 364
467 20 2.1 -664 350
473 20 2.1 -704 370
479 20 2.1 -636 346
485 20 2.1 -672 324
492 20 2.1 -648 336
498 20 2.1 -732 380
504 20 2.1 -676 352
511 20 2.1 -672 358
517 20 2.1 -624 328
524 20 2.1 -672 334
531 20 2.1 -584 254
538 20 2.1 -616 252
545 20 2.1 -612 278
552 20 2.1 -612 316
559 20 2.1 -668 352
566 20 2.1 -648 320
573 20 2.1 -572 292
581 20 2.1 -636 342
588 20 2.1 -744 384
596 20 2.1 -708 368
603 20 2.1 -668 360
611 20 2.1 -720 374
619 20 2.1 -712 376
627 20 2.1 -668 346
635 20 2.1 -600 266
643 20 2.1 -620 266
652 20 2.1 -676 362
660 20 2.1 -664 352
668 20 2.1 -688 366
677 20 2.1 -732 382
686 20 2.1 -648 336
695 20 2.1 -708 372
704 20 2.1 -712 376
713 20 2.1 -680 344
722 20 2.1 -700 366
731 20 2.1 -680 364
741 20 2.1 -680 360
750 20 2.1 -640 340
760 20 2.1 -604 338
770 20 2.1 -632 350
780 20 2.1 -668 360
790 20 2.1 -692 366
800 20 2.1 -672 346
810 20 2.1 -712 376
821 20 2.1 -648 322
831 20 2.1 -712 374
842 20 2.1 -592 324
853 20 2.1 -664 334
864 20 2.1 -676 358
875 20 2.1 -668 346
886 20 2.1 -624 340
897 20 2.1 -712 372
909 20 2.1 -720 378
921 20 2.1 -608 312
933 20 2.1 -644 348
945 20 2.1 -656 354
957 20 2.1 -668 358
969 20 2.1 -604 326
982 20 2.1 -672 360
994 20 2.1 -660 352
1007 20 2.1 -648 338
1020 20 2.1 -728 378
1033 20 2.1 -744 384
1047 20 2.1 -716 368
1060 20 2.1 -656 356
1074 20 2.1 -680 366
1088 20 2.1 -724 378
1102 20 2.1 -640 342
1116 20 2.1 -656 346
1130 20 2.1 -648 348
1145 20 2.1 -640 314
1160 20 2.1 -672 362
1174 20 2.1 -720 372
1190 20 2.1 -732 380
1205 20 2.1 -584 290
1220 20 2.1 -640 332
1236 20 2.1 -684 360
1252 20 2.1 -632 338
1268 20 2.1 -676 362
1285 20 2.1 -720 376
1301 20 2.1 -628 334
1318 20 2.1 -664 358
1335 20 2.1 -752 386
1352 20 2.1 -620 316
1370 20 2.1 -612 340
1387 20 2.1 -620 328
1405 20 2.1 -688 368
1423 20 2.1 -632 324
1442 20 2.1 -536 202
1460 20 2.1 -560 244
1479 20 2.1 -560 242
1498 20 2.1 -588 218
1517 20 2.1 -684 358
1537 20 2.1 -684 366
1557 20 2.1 -684 346
1577 20 2.1 -720 376
1597 20 2.1 -660 340
1618 20 2.1 -720 366
1639 20 2.1 -700 374
1660 20 2.1 -680 358
1681 20 2.1 -644 288
1703 20 2.1 -748 384
1725 20 2.1 -624 334
1747 20 2.1 -708 372
1770 20 2.1 -676 356
1792 20 2.1 -628 332
1816 20 2.1 -704 368
1839 20 2.1 -736 380
1863 20 2.1 -656 342
1887 20 2.1 -684 356
1911 20 2.1 -712 372
1936 20 2.1 -632 348
1961 20 2.1 -684 364
1986 20 2.1 -644 344
2012 20 2.1 -668 350
2037 20 2.1 -672 354
2064 20 2.1 -640 336
2090 20 2.1 -668 350
2117 20 2.1 -668 362
2145 20 2.1 -672 348
2172 20 2.1 -640 338
2200 20 2.1 -652 354
2229 20 2.1 -592 322
2257 20 2.1 -720 378
2286 20 2.1 -720 380
2316 20 2.1 -720 376
2346 20 2.1 -712 370
2376 20 2.1 -608 268
2407 20 2.1 -696 362
2438 20 2.1 -588 300
2469 20 2.1 -668 358
2501 20 2.1 -692 362
2533 20 2.1 -692 358
2566 20 2.1 -684 362
2599 20 2.1 -660 352
2633 20 2.1 -604 284
2667 20 2.1 -612 278
2701 20 2.1 -668 340
2736 20 2.1 -692 364
2771 20 2.1 -716 372
2807 20 2.1 -660 346
2843 20 2.1 -540 278
2880 20 2.1 -680 352
2917 20 2.1 -656 344
2954 20 2.1 -688 358
2992 20 2.1 -648 346
3031 20 2.1 -644 340
3070 20 2.1 -612 336
3110 20 2.1 -588 230
3150 20 2.1 -616 342
3190 20 2.1 -644 340
3232 20 2.1 -704 368
3273 20 2.1 -728 378
3315 20 2.1 -676 362
3358 20 2.1 -660 320
3402 20 2.1 -680 362
3445 20 2.1 -648 348
3490 20 2.1 -664 354
3535 20 2.1 -612 328
3580 20 2.1 -744 384
3627 20 2.1 -644 346
3673 20 2.1 -704 370
3721 20 2.1 -716 370
3769 20 2.1 -700 370
3817 20 2.1 -684 362
3867 20 2.1 -672 348
3916 20 2.1 -576 290
3967 20 2.1 -688 370
4018 20 2.1 -720 370
4070 20 2.1 -712 374
4122 20 2.1 -644 346
4176 20 2.1 -656 346
4229 20 2.1 -640 344
4284 20 2.1 -696 364
4339 20 2.1 -728 376
4395 20 2.1 -580 326
4452 20 2.1 -664 344
4509 20 2.1 -696 370
4567 20 2.1 -644 344
4626 20 2.1 -672 364
4686 20 2.1 -692 370
4746 20 2.1 -700 370
4808 20 2.1 -612 308
4870 20 2.1 -700 372
4932 20 2.1 -660 340
4996 20 2.1 -692 360
5060 20 2.1 -656 336
5126 20 2.1 -632 336
5192 20 2.1 -592 316
5259 20 2.1 -656 350
5327 20 2.1 -660 354
5395 20 2.1 -640 354
5465 20 2.1 -692 368
5535 20 2.1 -632 338
5607 20 2.1 -704 360
5679 20 2.1 -640 354
5752 20 2.1 -672 362
5826 20 2.1 -556 276
5902 20 2.1 -692 360
5978 20 2.1 -716 368
6055 20 2.1 -624 320
6133 20 2.1 -592 268
6212 20 2.1 -560 278
6292 20 2.1 -636 332
6373 20 2.1 -676 328
6455 20 2.1 -692 358
6539 20 2.1 -692 360
6623 20 2.1 -704 370
6708 20 2.1 -656 358
6795 20 2.1 -644 338
6883 20 2.1 -640 282
6971 20 2.1 -628 342
7061 20 2.1 -644 340
7152 20 2.1 -672 362
7245 20 2.1 -684 364
7338 20 2.1 -636 344
7433 20 2.1 -672 348
7529 20 2.1 -656 348
7626 20 2.1 -684 360
7724 20 2.1 -708 372
7824 20 2.1 -632 328
7925 20 2.1 -720 370
8027 20 2.1 -640 348
8130 20 2.1 -624 340
8235 20 2.1 -660 284
8341 20 2.1 -696 358
8449 20 2.1 -724 380
8558 20 2.1 -556 290
8668 20 2.1 -684 360
8780 20 2.1 -644 324
8893 20 2.1 -688 358
9008 20 2.1 -664 360
9124 20 2.1 -616 332
9242 20 2.1 -656 358
9361 20 2.1 -644 350
9482 20 2.1 -616 332
9604 20 2.1 -704 360
9728 20 2.1 -740 382
9853 20 2.1 -692 366
9980 20 2.1 -652 342
10109 20 2.1 -648 324
10240 20 2.1 -728 380
10372 20 2.1 -708 362
10505 20 2.1 -612 328
10641 20 2.1 -732 378
10778 20 2.1 -648 346
10917 20 2.1 -684 366
11058 20 2.1 -684 358
11201 20 2.1 -688 354
11345 20 2.1 -704 370
11491 20 2.1 -720 374
11640 20 2.1 -688 366
11790 20 2.1 -612 338
11942 20 2.1 -656 350
12096 20 2.1 -656 356
12252 20 2.1 -696 362
12410 20 2.1 -672 358
12570 20 2.1 -668 362
12732 20 2.1 -664 358
12896 20 2.1 -696 368
13062 20 2.1 -620 324
13231 20 2.1 -628 326
13402 20 2.1 -696 372
13574 20 2.1 -628 342
13750 20 2.1 -688 360
13927 20 2.1 -632 336
14106 20 2.1 -656 346
14288 20 2.1 -712 376
14473 20 2.1 -608 334
14659 20 2.1 -688 368
14848 20 2.1 -696 370
15040 20 2.1 -660 354
15234 20 2.1 -556 274
15430 20 2.1 -716 368
15629 20 2.1 -620 312
15831 20 2.1 -680 346
16035 20 2.1 -700 368
16242 20 2.1 -652 354
16451 20 2.1 -620 322
16664 20 2.1 -724 380
16879 20 2.1 -712 358
17096 20 2.1 -692 368
17317 20 2.1 -636 336
17540 20 2.1 -684 364
17766 20 2.1 -692 350
17995 20 2.1 -656 352
18228 20 2.1 -628 340
18463 20 2.1 -648 350
18701 20 2.1 -668 356
18942 20 2.1 -624 328
19186 20 2.1 -704 372
19434 20 2.1 -656 348
19684 20 2.1 -696 368
19938 20 2.1 -644 332
20195 20 2.1 -612 304
20456 20 2.1 -692 366
20720 20 2.1 -656 356
20987 20 2.1 -660 344
21258 20 2.1 -576 308
21532 20 2.1 -676 354
21810 20 2.1 -664 356
22091 20 2.1 -752 386
22376 20 2.1 -616 300
22664 20 2.1 -640 322
22957 20 2.1 -628 346
23253 20 2.1 -716 376
23553 20 2.1 -620 346
23856 20 2.1 -716 378
24164 20 2.1 -688 366
24476 20 2.1 -680 364
24791 20 2.1 -700 364
25111 20 2.1 -680 362
25435 20 2.1 -692 366
25763 20 2.1 -764 390
26095 20 2.1 -616 326
26432 20 2.1 -664 352
26773 20 2.1 -692 364
27118 20 2.1 -700 364
27468 20 2.1 -684 356
27822 20 2.1 -672 358
28181 20 2.1 -672 362
28545 20 2.1 -660 336
28913 20 2.1 -668 352
29286 20 2.1 -684 354
29663 20 2.1 -600 324
30046 20 2.1 -668 352
30434 20 2.1 -696 370
30826 20 2.1 -708 370
31224 20 2.1 -612 242
31626 20 2.1 -640 326
32034 20 2.1 -744 386
32447 20 2.1 -620 316
32866 20 2.1 -644 346
33290 20 2.1 -652 346
33719 20 2.1 -624 324
34154 20 2.1 -676 364
34595 20 2.1 -648 346
35041 20 2.1 -684 362
35493 20 2.1 -636 342
35951 20 2.1 -632 344
36414 20 2.1 -720 378
36884 20 2.1 -684 358
37360 20 2.1 -552 260
37841 20 2.1 -688 368
38330 20 2.1 -700 370
38824 20 2.1 -632 344
39325 20 2.1 -704 370
39832 20 2.1 -580 276
40346 20 2.1 -680 364
40866 20 2.1 -620 340
41393 20 2.1 -648 336
41927 20 2.1 -652 358
42468 20 2.1 -664 350
43015 20 2.1 -616 304
43570 20 2.1 -628 336
44132 20 2.1 -664 356
44701 20 2.1 -672 358
45278 20 2.1 -664 348
45862 20 2.1 -636 348
46453 20 2.1 -664 358
47053 20 2.1 -668 354
47660 20 2.1 -676 350
48274 20 2.1 -600 310
48897 20 2.1 -628 334
49528 20 2.1 -720 370
50166 20 2.1 -692 370
50813 20 2.1 -704 368
51469 20 2.1 -708 374
52133 20 2.1 -720 362
52805 20 2.1 -696 364
53486 20 2.1 -684 364
54176 20 2.1 -704 362
54875 20 2.1 -680 340
55582 20 2.1 -632 352
56299 20 2.1 -668 360
57025 20 2.1 -632 358
57761 20 2.1 -692 364
58506 20 2.1 -740 382
59261 20 2.1 -692 368
60025 20 2.1 -680 364
60799 20 2.1 -640 342
61583 20 2.1 -700 374
62378 20 2.1 -676 360
63182 20 2.1 -608 300
63997 20 2.1 -640 328
64822 20 2.1 -696 364
65658 20 2.1 -676 348
66505 20 2.1 -652 316
67363 20 2.1 -688 360
68232 20 2.1 -668 356
69112 20 2.1 -664 360
70003 20 2.1 -692 342
70906 20 2.1 -676 356
71821 20 2.1 -644 328
72747 20 2.1 -664 358
73685 20 2.1 -732 382
74636 20 2.1 -684 362
75599 20 2.1 -716 374
76574 20 2.1 -632 346
77561 20 2.1 -616 316
78562 20 2.1 -676 354
79575 20 2.1 -652 360
80601 20 2.1 -660 350
81641 20 2.1 -656 334
82694 20 2.1 -708 370
83760 20 2.1 -652 342
84841 20 2.1 -672 354
85935 20 2.1 -624 330
87043 20 2.1 -648 342
88166 20 2.1 -700 370
89303 20 2.1 -716 376
90455 20 2.1 -608 306
91622 20 2.1 -620 322
92803 20 2.1 -716 370
94000 20 2.1 -608 308
95213 20 2.1 -696 366
96441 20 2.1 -684 366
97685 20 2.1 -680 364
98945 20 2.1 -636 330
100221 20 2.1 -656 346
101513 20 2.1 -660 356
102823 20 2.1 -660 360
104149 20 2.1 -648 310
105492 20 2.1 -704 372
106853 20 2.1 -664 352
108231 20 2.1 -668 354
109627 20 2.1 -724 374
111041 20 2.1 -684 360
112473 20 2.1 -704 374
113924 20 2.1 -640 342
115393 20 2.1 -672 358
116882 20 2.1 -700 366
118389 20 2.1 -620 340
119916 20 2.1 -616 324
121463 20 2.1 -704 372
123029 20 2.1 -716 376
124616 20 2.1 -704 366
126224 20 2.1 -676 340
127852 20 2.1 -712 372
129501 20 2.1 -644 346
131171 20 2.1 -664 348
132863 20 2.1 -620 322
134576 20 2.1 -700 368
136312 20 2.1 -624 322
138070 20 2.1 -660 354
139851 20 2.1 -668 346
141655 20 2.1 -564 296
143482 20 2.1 -712 364
145333 20 2.1 -684 366
147207 20 2.1 -664 354
149106 20 2.1 -696 360
151029 20 2.1 -632 348
152977 20 2.1 -644 342
154950 20 2.1 -708 366
156948 20 2.1 -672 362
158973 20 2.1 -620 284
161023 20 2.1 -716 378
163100 20 2.1 -692 368
165204 20 2.1 -652 350
167334 20 2.1 -688 354
169493 20 2.1 -700 358
171679 20 2.1 -692 370
173893 20 2.1 -672 364
176136 20 2.1 -676 350
178408 20 2.1 -656 360
180709 20 2.1 -612 292
183040 20 2.1 -688 366
185400 20 2.1 -696 366
187792 20 2.1 -708 376
190214 20 2.1 -748 386
192667 20 2.1 -720 372
195152 20 2.1 -680 362
197669 20 2.1 -616 332
200219 20 2.1 -664 344
202801 20 2.1 -668 346
205417 20 2.1 -612 326
208066 20 2.1 -708 376
210750 20 2.1 -624 334
213468 20 2.1 -644 330
216222 20 2.1 -648 346
219010 20 2.1 -728 380
221835 20 2.1 -612 316
224696 20 2.1 -676 338
227595 20 2.1 -640 336
230530 20 2.1 -696 370
233503 20 2.1 -696 370
236515 20 2.1 -608 334
239566 20 2.1 -680 362
242656 20 2.1 -624 310
245785 20 2.1 -680 364
248956 20 2.1 -600 320
252167 20 2.1 -664 356
255419 20 2.1 -660 354
258713 20 2.1 -728 380
262050 20 2.1 -720 372
265430 20 2.1 -628 336
268854 20 2.1 -688 356
272321 20 2.1 -700 368
275834 20 2.1 -644 346
279391 20 2.1 -668 340
282995 20 2.1 -612 298
286645 20 2.1 -640 332
290342 20 2.1 -696 368
294087 20 2.1 -672 356
297880 20 2.1 -676 366
301722 20 2.1 -656 350
305614 20 2.1 -680 362
309556 20 2.1 -640 328
313548 20 2.1 -616 318
317592 20 2.1 -580 294
321689 20 2.1 -692 368
325838 20 2.1 -636 348
330040 20 2.1 -688 368
334297 20 2.1 -672 364
338609 20 2.1 -652 320
342976 20 2.1 -740 378
347400 20 2.1 -668 360
351881 20 2.1 -612 224
356419 20 2.1 -580 292
361016 20 2.1 -652 346
365673 20 2.1 -588 284
370389 20 2.1 -608 318
375167 20 2.1 -664 354
380005 20 2.1 -644 352
384907 20 2.1 -692 362
389871 20 2.1 -672 332
394900 20 2.1 -660 348
399993 20 2.1 -672 354
405152 20 2.1 -720 378
410378 20 2.1 -616 302
415671 20 2.1 -712 374
421032 20 2.1 -644 352
426463 20 2.1 -684 366
431963 20 2.1 -660 356
437535 20 2.1 -576 328
443178 20 2.1 -700 364
448894 20 2.1 -600 314
454684 20 2.1 -712 372
460548 20 2.1 -664 350
466489 20 2.1 -596 322
472505 20 2.1 -672 362
478600 20 2.1 -680 366
484773 20 2.1 -604 334
491025 20 2.1 -600 342
497358 20 2.1 -688 356
503773 20 2.1 -696 364
510271 20 2.1 -676 346
516852 20 2.1 -640 352
523519 20 2.1 -632 324
530271 20 2.1 -600 194
537111 20 2.1 -648 346
544038 20 2.1 -644 352
551055 20 2.1 -628 300
558163 20 2.1 -748 386
565362 20 2.1 -692 356
572654 20 2.1 -560 268
580040 20 2.1 -632 -324
587521 20 2.1 -708 -376
595099 20 2.1 -668 -356
602775 20 2.1 -548 -246
610549 20 2.1 -680 -362
618424 20 2.1 -672 -358
626400 20 2.1 -664 -356
634480 20 2.1 -672 -358
642663 20 2.1 -688 -346
650952 20 2.1 -704 -364
659348 20 2.1 -640 -348
667853 20 2.1 -608 -336
676467 20 2.1 -684 -362
685192 20 2.1 -612 -320
694029 20 2.1 -648 -348
702981 20 2.1 -652 -340
712048 20 2.1 -584 -290
721232 20 2.1 -700 -370
730534 20 2.1 -688 -362
739957 20 2.1 -724 -380
749500 20 2.1 -620 -316
759168 20 2.1 -564 -318
768959 20 2.1 -656 -358
778877 20 2.1 -672 -368
788923 20 2.1 -720 -374
799099 20 2.1 -644 -356
809405 20 2.1 -664 -354
819845 20 2.1 -700 -372
830419 20 2.1 -656 -350
841130 20 2.1 -660 -356
851979 20 2.1 -620 -342
862968 20 2.1 -696 -372
874098 20 2.1 -676 -364
885373 20 2.1 -612 -312
896792 20 2.1 -652 -344
908359 20 2.1 -656 -348
920075 20 2.1 -648 -348
931942 20 2.1 -644 -330
943962 20 2.1 -628 -336
956137 20 2.1 -744 -384
968470 20 2.1 -720 -380
980961 20 2.1 -704 -372
993613 20 2.1 -676 -362
999999 20 2.1 -592 -314
