3 20 2.2 -656 350
4 20 2.2 -676 346
5 20 2.2 -644 350
6 20 2.2 -664 360
7 20 2.2 -644 350
8 20 2.2 -648 352
9 20 2.2 -636 344
10 20 2.2 -664 362
11 20 2.2 -696 370
12 20 2.2 -692 358
13 20 2.2 -676 364
14 20 2.2 -668 352
15 20 2.2 -636 340
16 20 2.2 -668 346
17 20 2.2 -640 352
18 20 2.2 -664 352
19 20 2.2 -676 356
20 20 2.2 -636 346
21 20 2.2 -680 352
22 20 2.2 -608 328
23 20 2.2 -624 322
24 20 2.2 -540 294
25 20 2.2 -576 314
26 20 2.2 -600 318
27 20 2.2 -632 316
28 20 2.2 -592 316
29 20 2.2 -620 280
30 20 2.2 -612 284
31 20 2.2 -620 286
32 20 2.2 -608 280
33 20 2.2 -572 290
34 20 2.2 -596 302
35 20 2.2 -616 320
36 20 2.2 -612 330
37 20 2.2 -608 322
38 20 2.2 -628 336
39 20 2.2 -628 340
40 20 2.2 -648 346
41 20 2.2 -684 360
42 20 2.2 -664 362
43 20 2.2 -652 350
44 20 2.2 -676 346
45 20 2.2 -616 320
46 20 2.2 -616 330
47 20 2.2 -660 352
48 20 2.2 -696 358
49 20 2.2 -652 352
50 20 2.2 -652 342
51 20 2.2 -680 354
52 20 2.2 -672 358
53 20 2.2 -668 356
54 20 2.2 -656 354
55 20 2.2 -660 352
56 20 2.2 -676 364
57 20 2.2 -700 370
58 20 2.2 -640 350
59 20 2.2 -648 356
60 20 2.2 -680 360
61 20 2.2 -648 342
62 20 2.2 -584 320
63 20 2.2 -600 324
64 20 2.2 -584 326
65 20 2.2 -624 338
66 20 2.2 -628 332
67 20 2.2 -672 346
68 20 2.2 -660 340
69 20 2.2 -656 350
70 20 2.2 -648 344
71 20 2.2 -584 320
72 20 2.2 -576 278
73 20 2.2 -528 252
74 20 2.2 -552 246
75 20 2.2 -548 274
76 20 2.2 -548 260
77 20 2.2 -520 252
78 20 2.2 -540 280
79 20 2.2 -576 284
80 20 2.2 -604 300
81 20 2.2 -620 320
82 20 2.2 -636 310
83 20 2.2 -632 306
84 20 2.2 -544 272
85 20 2.2 -560 276
86 20 2.2 -584 282
88 20 2.2 -588 294
89 20 2.2 -616 310
90 20 2.2 -656 324
91 20 2.2 -680 340
92 20 2.2 -616 318
93 20 2.2 -600 322
95 20 2.2 -600 320
96 20 2.2 -664 352
97 20 2.2 -672 358
98 20 2.2 -640 346
99 20 2.2 -612 330
101 20 2.2 -636 348
102 20 2.2 -688 362
103 20 2.2 -672 358
105 20 2.2 -668 362
106 20 2.2 -660 358
107 20 2.2 -696 368
109 20 2.2 -660 352
110 20 2.2 -684 366
112 20 2.2 -648 352
113 20 2.2 -668 356
114 20 2.2 -644 346
116 20 2.2 -616 340
117 20 2.2 -620 336
119 20 2.2 -668 354
120 20 2.2 -632 346
122 20 2.2 -628 342
124 20 2.2 -616 336
125 20 2.2 -660 344
127 20 2.2 -632 334
128 20 2.2 -628 342
130 20 2.2 -592 320
132 20 2.2 -596 316
133 20 2.2 -604 324
135 20 2.2 -632 338
137 20 2.2 -600 318
139 20 2.2 -592 314
140 20 2.2 -568 314
142 20 2.2 -572 320
144 20 2.2 -564 318
146 20 2.2 -700 366
148 20 2.2 -692 358
150 20 2.2 -656 342
152 20 2.2 -624 338
154 20 2.2 -620 320
155 20 2.2 -628 336
157 20 2.2 -660 356
160 20 2.2 -660 352
162 20 2.2 -660 352
164 20 2.2 -652 344
166 20 2.2 -676 344
168 20 2.2 -676 342
170 20 2.2 -628 342
172 20 2.2 -692 366
174 20 2.2 -736 380
177 20 2.2 -568 302
179 20 2.2 -584 326
181 20 2.2 -716 370
184 20 2.2 -704 364
186 20 2.2 -688 368
188 20 2.2 -724 374
191 20 2.2 -664 346
193 20 2.2 -688 354
196 20 2.2 -676 356
198 20 2.2 -648 348
201 20 2.2 -632 346
203 20 2.2 -656 352
206 20 2.2 -616 332
209 20 2.2 -612 342
211 20 2.2 -612 334
214 20 2.2 -640 346
217 20 2.2 -628 346
220 20 2.2 -684 358
222 20 2.2 -608 340
225 20 2.2 -620 310
228 20 2.2 -616 334
231 20 2.2 -628 338
234 20 2.2 -616 328
237 20 2.2 -628 334
240 20 2.2 -680 350
243 20 2.2 -616 324
246 20 2.2 -636 346
250 20 2.2 -672 364
253 20 2.2 -672 368
256 20 2.2 -656 354
259 20 2.2 -708 366
263 20 2.2 -600 322
266 20 2.2 -620 328
269 20 2.2 -684 364
273 20 2.2 -660 358
276 20 2.2 -704 368
280 20 2.2 -600 312
284 20 2.2 -640 344
287 20 2.2 -624 328
291 20 2.2 -608 338
295 20 2.2 -676 346
298 20 2.2 -668 362
302 20 2.2 -656 336
306 20 2.2 -612 324
310 20 2.2 -628 338
314 20 2.2 -604 342
318 20 2.2 -676 350
322 20 2.2 -668 362
326 20 2.2 -676 360
331 20 2.2 -640 336
335 20 2.2 -676 350
339 20 2.2 -680 358
344 20 2.2 -712 366
348 20 2.2 -664 350
352 20 2.2 -692 358
357 20 2.2 -544 276
362 20 2.2 -548 260
366 20 2.2 -528 238
371 20 2.2 -556 234
376 20 2.2 -508 240
381 20 2.2 -540 238
385 20 2.2 -540 188
390 20 2.2 -616 270
395 20 2.2 -644 332
401 20 2.2 -660 358
406 20 2.2 -652 354
411 20 2.2 -612 330
416 20 2.2 -624 338
422 20 2.2 -648 346
427 20 2.2 -712 370
433 20 2.2 -620 322
438 20 2.2 -616 318
444 20 2.2 -636 312
449 20 2.2 -596 330
455 20 2.2 -608 320
461 20 2.2 -624 342
467 20 2.2 -568 296
473 20 2.2 -624 318
479 20 2.2 -676 354
485 20 2.2 -652 342
492 20 2.2 -592 310
498 20 2.2 -660 344
504 20 2.2 -684 364
511 20 2.2 -596 332
517 20 2.2 -580 290
524 20 2.2 -664 362
531 20 2.2 -680 364
538 20 2.2 -608 322
545 20 2.2 -664 354
552 20 2.2 -656 344
559 20 2.2 -616 316
566 20 2.2 -620 332
573 20 2.2 -656 356
581 20 2.2 -624 336
588 20 2.2 -628 344
596 20 2.2 -604 316
603 20 2.2 -708 376
611 20 2.2 -648 340
619 20 2.2 -588 318
627 20 2.2 -648 328
635 20 2.2 -620 348
643 20 2.2 -660 352
652 20 2.2 -704 354
660 20 2.2 -660 350
668 20 2.2 -632 336
677 20 2.2 -668 336
686 20 2.2 -612 330
695 20 2.2 -540 280
704 20 2.2 -624 310
713 20 2.2 -620 280
722 20 2.2 -564 276
731 20 2.2 -532 206
741 20 2.2 -532 198
750 20 2.2 -588 306
760 20 2.2 -604 302
770 20 2.2 -628 316
780 20 2.2 -644 340
790 20 2.2 -644 294
800 20 2.2 -600 268
810 20 2.2 -616 306
821 20 2.2 -612 308
831 20 2.2 -552 270
842 20 2.2 -548 270
853 20 2.2 -672 336
864 20 2.2 -644 344
875 20 2.2 -668 348
886 20 2.2 -588 318
897 20 2.2 -648 350
909 20 2.2 -688 366
921 20 2.2 -616 332
933 20 2.2 -608 326
945 20 2.2 -604 306
957 20 2.2 -544 300
969 20 2.2 -660 356
982 20 2.2 -600 326
994 20 2.2 -604 292
1007 20 2.2 -644 330
1020 20 2.2 -680 364
1033 20 2.2 -684 362
1047 20 2.2 -592 252
1060 20 2.2 -584 274
1074 20 2.2 -636 326
1088 20 2.2 -680 362
1102 20 2.2 -692 362
1116 20 2.2 -660 340
1130 20 2.2 -548 302
1145 20 2.2 -592 330
1160 20 2.2 -640 318
1174 20 2.2 -668 360
1190 20 2.2 -636 332
1205 20 2.2 -588 298
1220 20 2.2 -608 332
1236 20 2.2 -648 340
1252 20 2.2 -552 288
1268 20 2.2 -660 334
1285 20 2.2 -620 320
1301 20 2.2 -604 308
1318 20 2.2 -736 380
1335 20 2.2 -592 328
1352 20 2.2 -684 356
1370 20 2.2 -592 320
1387 20 2.2 -688 356
1405 20 2.2 -708 372
1423 20 2.2 -640 336
1442 20 2.2 -664 354
1460 20 2.2 -732 380
1479 20 2.2 -604 336
1498 20 2.2 -664 336
1517 20 2.2 -656 348
1537 20 2.2 -636 328
1557 20 2.2 -644 344
1577 20 2.2 -568 294
1597 20 2.2 -688 358
1618 20 2.2 -576 320
1639 20 2.2 -604 320
1660 20 2.2 -640 342
1681 20 2.2 -516 278
1703 20 2.2 -600 322
1725 20 2.2 -700 354
1747 20 2.2 -612 320
1770 20 2.2 -600 296
1792 20 2.2 -668 356
1816 20 2.2 -668 310
1839 20 2.2 -704 372
1863 20 2.2 -604 324
1887 20 2.2 -624 340
1911 20 2.2 -572 314
1936 20 2.2 -624 334
1961 20 2.2 -664 340
1986 20 2.2 -644 340
2012 20 2.2 -680 358
2037 20 2.2 -572 292
2064 20 2.2 -588 294
2090 20 2.2 -668 346
2117 20 2.2 -684 352
2145 20 2.2 -592 312
2172 20 2.2 -624 288
2200 20 2.2 -652 342
2229 20 2.2 -672 358
2257 20 2.2 -572 280
2286 20 2.2 -588 272
2316 20 2.2 -588 284
2346 20 2.2 -680 362
2376 20 2.2 -676 338
2407 20 2.2 -676 364
2438 20 2.2 -552 308
2469 20 2.2 -612 328
2501 20 2.2 -688 362
2533 20 2.2 -544 288
2566 20 2.2 -552 276
2599 20 2.2 -704 372
2633 20 2.2 -576 296
2667 20 2.2 -560 214
2701 20 2.2 -640 342
2736 20 2.2 -644 334
2771 20 2.2 -648 352
2807 20 2.2 -656 336
2843 20 2.2 -636 350
2880 20 2.2 -640 354
2917 20 2.2 -608 322
2954 20 2.2 -604 318
2992 20 2.2 -640 320
3031 20 2.2 -616 334
3070 20 2.2 -536 266
3110 20 2.2 -620 238
3150 20 2.2 -616 320
3190 20 2.2 -624 334
3232 20 2.2 -620 340
3273 20 2.2 -648 346
3315 20 2.2 -676 352
3358 20 2.2 -604 302
3402 20 2.2 -656 338
3445 20 2.2 -624 342
3490 20 2.2 -664 360
3535 20 2.2 -632 338
3580 20 2.2 -616 344
3627 20 2.2 -632 312
3673 20 2.2 -508 208
3721 20 2.2 -664 358
3769 20 2.2 -624 326
3817 20 2.2 -592 314
3867 20 2.2 -612 326
3916 20 2.2 -624 318
3967 20 2.2 -568 236
4018 20 2.2 -584 284
4070 20 2.2 -696 370
4122 20 2.2 -620 326
4176 20 2.2 -616 338
4229 20 2.2 -640 318
4284 20 2.2 -596 300
4339 20 2.2 -700 364
4395 20 2.2 -612 304
4452 20 2.2 -600 324
4509 20 2.2 -568 318
4567 20 2.2 -580 300
4626 20 2.2 -756 388
4686 20 2.2 -652 340
4746 20 2.2 -592 310
4808 20 2.2 -604 314
4870 20 2.2 -636 332
4932 20 2.2 -556 308
4996 20 2.2 -656 344
5060 20 2.2 -596 334
5126 20 2.2 -628 336
5192 20 2.2 -684 350
5259 20 2.2 -584 280
5327 20 2.2 -608 326
5395 20 2.2 -608 332
5465 20 2.2 -656 360
5535 20 2.2 -644 348
5607 20 2.2 -588 302
5679 20 2.2 -596 292
5752 20 2.2 -624 340
5826 20 2.2 -580 262
5902 20 2.2 -544 276
5978 20 2.2 -616 302
6055 20 2.2 -672 354
6133 20 2.2 -676 348
6212 20 2.2 -536 284
6292 20 2.2 -560 270
6373 20 2.2 -652 350
6455 20 2.2 -644 348
6539 20 2.2 -684 360
6623 20 2.2 -716 378
6708 20 2.2 -548 222
6795 20 2.2 -516 198
6883 20 2.2 -592 234
6971 20 2.2 -620 286
7061 20 2.2 -692 368
7152 20 2.2 -540 280
7245 20 2.2 -584 276
7338 20 2.2 -584 298
7433 20 2.2 -628 322
7529 20 2.2 -668 352
7626 20 2.2 -712 360
7724 20 2.2 -608 280
7824 20 2.2 -512 116
7925 20 2.2 -536 -186
8027 20 2.2 -584 -316
8130 20 2.2 -596 -282
8235 20 2.2 -636 -350
8341 20 2.2 -596 -312
8449 20 2.2 -640 -334
8558 20 2.2 -592 -334
8668 20 2.2 -684 -356
8780 20 2.2 -544 -270
8893 20 2.2 -576 -302
9008 20 2.2 -564 -132
9124 20 2.2 -648 -350
9242 20 2.2 -628 -344
9361 20 2.2 -664 -354
9482 20 2.2 -616 -322
9604 20 2.2 -576 -320
9728 20 2.2 -668 -354
9853 20 2.2 -664 -354
9980 20 2.2 -632 -336
10109 20 2.2 -604 -316
10240 20 2.2 -704 -372
10372 20 2.2 -680 -360
10505 20 2.2 -680 -354
10641 20 2.2 -644 -354
10778 20 2.2 -668 -336
10917 20 2.2 -688 -366
11058 20 2.2 -604 -320
11201 20 2.2 -608 -318
11345 20 2.2 -652 -346
11491 20 2.2 -692 -354
11640 20 2.2 -716 -376
11790 20 2.2 -548 -314
11942 20 2.2 -660 -360
12096 20 2.2 -572 -272
12252 20 2.2 -624 -332
12410 20 2.2 -564 -274
12570 20 2.2 -696 -364
12732 20 2.2 -628 -288
12896 20 2.2 -644 -334
13062 20 2.2 -464 46
13231 20 2.2 -616 338
13402 20 2.2 -504 212
13574 20 2.2 -680 364
13750 20 2.2 -696 372
13927 20 2.2 -684 356
14106 20 2.2 -564 306
14288 20 2.2 -600 332
14473 20 2.2 -580 320
14659 20 2.2 -628 348
14848 20 2.2 -552 252
15040 20 2.2 -712 374
15234 20 2.2 -680 356
15430 20 2.2 -616 340
15629 20 2.2 -676 354
15831 20 2.2 -636 238
16035 20 2.2 -632 340
16242 20 2.2 -648 346
16451 20 2.2 -580 306
16664 20 2.2 -532 208
16879 20 2.2 -660 352
17096 20 2.2 -568 228
17317 20 2.2 -656 352
17540 20 2.2 -620 336
17766 20 2.2 -712 372
17995 20 2.2 -656 334
18228 20 2.2 -684 364
18463 20 2.2 -536 302
18701 20 2.2 -620 340
18942 20 2.2 -712 374
19186 20 2.2 -572 302
19434 20 2.2 -596 320
19684 20 2.2 -628 304
19938 20 2.2 -616 300
20195 20 2.2 -608 334
20456 20 2.2 -640 350
20720 20 2.2 -688 368
20987 20 2.2 -588 324
21258 20 2.2 -640 340
21532 20 2.2 -608 300
21810 20 2.2 -628 350
22091 20 2.2 -616 296
22376 20 2.2 -632 340
22664 20 2.2 -628 330
22957 20 2.2 -520 274
23253 20 2.2 -584 330
23553 20 2.2 -572 280
23856 20 2.2 -628 344
24164 20 2.2 -656 338
24476 20 2.2 -648 346
24791 20 2.2 -624 336
25111 20 2.2 -688 360
25435 20 2.2 -568 312
25763 20 2.2 -600 328
26095 20 2.2 -740 382
26432 20 2.2 -608 324
26773 20 2.2 -584 324
27118 20 2.2 -704 372
27468 20 2.2 -576 310
27822 20 2.2 -596 300
28181 20 2.2 -680 358
28545 20 2.2 -600 310
28913 20 2.2 -660 352
29286 20 2.2 -660 346
29663 20 2.2 -588 308
30046 20 2.2 -640 336
30434 20 2.2 -624 338
30826 20 2.2 -652 344
31224 20 2.2 -628 318
31626 20 2.2 -640 352
32034 20 2.2 -656 352
32447 20 2.2 -684 362
32866 20 2.2 -636 342
33290 20 2.2 -528 30
33719 20 2.2 -636 330
34154 20 2.2 -616 340
34595 20 2.2 -572 292
35041 20 2.2 -644 330
35493 20 2.2 -568 262
35951 20 2.2 -616 310
36414 20 2.2 -604 330
36884 20 2.2 -740 378
37360 20 2.2 -636 340
37841 20 2.2 -620 -328
38330 20 2.2 -556 -284
38824 20 2.2 -720 -376
39325 20 2.2 -680 -336
39832 20 2.2 -660 -350
40346 20 2.2 -604 -312
40866 20 2.2 -636 -350
41393 20 2.2 -544 -268
41927 20 2.2 -612 -338
42468 20 2.2 -652 -346
43015 20 2.2 -600 -320
43570 20 2.2 -576 -320
44132 20 2.2 -604 -306
44701 20 2.2 -648 -352
45278 20 2.2 -568 -300
45862 20 2.2 -560 -294
46453 20 2.2 -688 -354
47053 20 2.2 -560 -304
47660 20 2.2 -640 -338
48274 20 2.2 -560 -304
48897 20 2.2 -636 -342
49528 20 2.2 -652 344
50166 20 2.2 -528 212
50813 20 2.2 -676 362
51469 20 2.2 -588 268
52133 20 2.2 -608 328
52805 20 2.2 -596 328
53486 20 2.2 -572 244
54176 20 2.2 -580 286
54875 20 2.2 -648 340
55582 20 2.2 -580 276
56299 20 2.2 -676 364
57025 20 2.2 -508 62
57761 20 2.2 -612 288
58506 20 2.2 -664 350
59261 20 2.2 -708 360
60025 20 2.2 -588 298
60799 20 2.2 -600 336
61583 20 2.2 -680 352
62378 20 2.2 -632 346
63182 20 2.2 -668 360
63997 20 2.2 -668 -354
64822 20 2.2 -608 -322
65658 20 2.2 -620 -342
66505 20 2.2 -688 -362
67363 20 2.2 -672 -352
68232 20 2.2 -656 -338
69112 20 2.2 -676 -354
70003 20 2.2 -640 -336
70906 20 2.2 -540 -222
71821 20 2.2 -616 -304
72747 20 2.2 -628 -322
73685 20 2.2 -720 -378
74636 20 2.2 -604 340
75599 20 2.2 -592 -294
76574 20 2.2 -528 -224
77561 20 2.2 -628 -342
78562 20 2.2 -640 -336
79575 20 2.2 -684 -364
80601 20 2.2 -568 -316
81641 20 2.2 -584 -316
82694 20 2.2 -580 -302
83760 20 2.2 -532 -220
84841 20 2.2 -636 -334
85935 20 2.2 -604 -300
87043 20 2.2 -660 -350
88166 20 2.2 -620 -258
89303 20 2.2 -660 -348
90455 20 2.2 -592 304
91622 20 2.2 -488 234
92803 20 2.2 -560 284
94000 20 2.2 -660 356
95213 20 2.2 -684 360
96441 20 2.2 -720 380
97685 20 2.2 -624 298
98945 20 2.2 -524 250
100221 20 2.2 -596 -328
101513 20 2.2 -648 -348
102823 20 2.2 -644 -318
104149 20 2.2 -624 -348
105492 20 2.2 -644 -352
106853 20 2.2 -660 -344
108231 20 2.2 -708 -374
109627 20 2.2 -632 -324
111041 20 2.2 -716 -376
112473 20 2.2 -624 -308
113924 20 2.2 -540 -210
115393 20 2.2 -652 -334
116882 20 2.2 -528 -278
118389 20 2.2 -668 -354
119916 20 2.2 -608 -306
121463 20 2.2 -688 -362
123029 20 2.2 -616 -336
124616 20 2.2 -608 -326
126224 20 2.2 -584 -290
127852 20 2.2 -656 -342
129501 20 2.2 -704 -366
131171 20 2.2 -648 -354
132863 20 2.2 -604 -310
134576 20 2.2 -648 -350
136312 20 2.2 -632 324
138070 20 2.2 -484 188
139851 20 2.2 -544 296
141655 20 2.2 -608 302
143482 20 2.2 -580 320
145333 20 2.2 -608 322
147207 20 2.2 -632 350
149106 20 2.2 -540 226
151029 20 2.2 -668 352
152977 20 2.2 -496 212
154950 20 2.2 -652 356
156948 20 2.2 -608 -328
158973 20 2.2 -596 -288
161023 20 2.2 -592 -324
163100 20 2.2 -600 -228
165204 20 2.2 -664 -354
167334 20 2.2 -572 -260
169493 20 2.2 -588 -322
171679 20 2.2 -632 -326
173893 20 2.2 -556 -280
176136 20 2.2 -696 -364
178408 20 2.2 -696 -370
180709 20 2.2 -624 -346
183040 20 2.2 -560 -248
185400 20 2.2 -572 -316
187792 20 2.2 -568 -162
190214 20 2.2 -540 -306
192667 20 2.2 -676 -344
195152 20 2.2 -564 -240
197669 20 2.2 -652 350
200219 20 2.2 -556 252
202801 20 2.2 -572 304
205417 20 2.2 -536 276
208066 20 2.2 -692 -368
210750 20 2.2 -676 -358
213468 20 2.2 -620 -334
216222 20 2.2 -656 -358
219010 20 2.2 -616 312
221835 20 2.2 -628 348
224696 20 2.2 -612 308
227595 20 2.2 -692 352
230530 20 2.2 -556 298
233503 20 2.2 -600 -316
236515 20 2.2 -584 -264
239566 20 2.2 -588 -312
242656 20 2.2 -700 -358
245785 20 2.2 -584 -316
248956 20 2.2 -628 340
252167 20 2.2 -596 322
255419 20 2.2 -676 -364
258713 20 2.2 -532 -210
262050 20 2.2 -592 -316
265430 20 2.2 -708 -356
268854 20 2.2 -604 -328
272321 20 2.2 -676 346
275834 20 2.2 -600 338
279391 20 2.2 -692 -368
282995 20 2.2 -576 -318
286645 20 2.2 -600 -328
290342 20 2.2 -584 -310
294087 20 2.2 -640 -318
297880 20 2.2 -548 -306
301722 20 2.2 -620 -332
305614 20 2.2 -664 354
309556 20 2.2 -660 340
313548 20 2.2 -636 350
317592 20 2.2 -604 310
321689 20 2.2 -608 308
325838 20 2.2 -680 368
330040 20 2.2 -632 330
334297 20 2.2 -668 354
338609 20 2.2 -612 332
342976 20 2.2 -664 358
347400 20 2.2 -624 330
351881 20 2.2 -568 296
356419 20 2.2 -624 322
361016 20 2.2 -592 306
365673 20 2.2 -520 212
370389 20 2.2 -664 344
375167 20 2.2 -584 308
380005 20 2.2 -584 320
384907 20 2.2 -660 342
389871 20 2.2 -640 326
394900 20 2.2 -672 352
399993 20 2.2 -596 -300
405152 20 2.2 -596 -310
410378 20 2.2 -580 -318
415671 20 2.2 -684 -348
421032 20 2.2 -632 -346
426463 20 2.2 -708 -374
431963 20 2.2 -608 -326
437535 20 2.2 -616 330
443178 20 2.2 -628 -336
448894 20 2.2 -648 -334
454684 20 2.2 -576 -304
460548 20 2.2 -488 -72
466489 20 2.2 -668 -352
472505 20 2.2 -604 -328
478600 20 2.2 -664 -348
484773 20 2.2 -540 274
491025 20 2.2 -656 -344
497358 20 2.2 -616 -318
503773 20 2.2 -648 -354
510271 20 2.2 -620 -314
516852 20 2.2 -728 374
523519 20 2.2 -648 -328
530271 20 2.2 -592 -276
537111 20 2.2 -580 314
544038 20 2.2 -652 338
551055 20 2.2 -624 -306
558163 20 2.2 -668 -356
565362 20 2.2 -716 -372
572654 20 2.2 -624 -284
580040 20 2.2 -660 -334
587521 20 2.2 -548 -238
595099 20 2.2 -592 304
602775 20 2.2 -692 -368
610549 20 2.2 -640 -344
618424 20 2.2 -588 -306
626400 20 2.2 -632 -334
634480 20 2.2 -704 -358
642663 20 2.2 -672 -354
650952 20 2.2 -620 -332
659348 20 2.2 -688 -360
667853 20 2.2 -652 -358
676467 20 2.2 -608 334
685192 20 2.2 -508 170
694029 20 2.2 -696 362
702981 20 2.2 -612 326
712048 20 2.2 -612 316
721232 20 2.2 -576 228
730534 20 2.2 -612 322
739957 20 2.2 -596 -304
749500 20 2.2 -608 -320
759168 20 2.2 -540 292
768959 20 2.2 -652 -344
778877 20 2.2 -512 248
788923 20 2.2 -612 304
799099 20 2.2 -604 288
809405 20 2.2 -612 322
819845 20 2.2 -636 -340
830419 20 2.2 -620 306
841130 20 2.2 -544 -196
851979 20 2.2 -516 -256
862968 20 2.2 -664 -360
874098 20 2.2 -484 176
885373 20 2.2 -676 350
896792 20 2.2 -556 -180
908359 20 2.2 -580 -314
920075 20 2.2 -652 -344
931942 20 2.2 -648 -350
943962 20 2.2 -636 324
956137 20 2.2 -608 -328
968470 20 2.2 -548 -296
980961 20 2.2 -524 -218
993613 20 2.2 -608 316
999999 20 2.2 -624 334
