3 100 2.3 -16576 8870
4 100 2.3 -16336 8786
5 100 2.3 -15956 8626
6 100 2.3 -15812 8404
7 100 2.3 -15664 8384
8 100 2.3 -15532 8374
9 100 2.3 -15400 8246
10 100 2.3 -15212 8180
11 100 2.3 -15168 8168
12 100 2.3 -14892 8076
13 100 2.3 -14924 8050
14 100 2.3 -14868 7974
15 100 2.3 -14860 7986
16 100 2.3 -14936 7990
17 100 2.3 -14932 7936
18 100 2.3 -14844 7818
19 100 2.3 -14756 7824
20 100 2.3 -15060 7838
21 100 2.3 -14816 7682
22 100 2.3 -14848 7710
23 100 2.3 -14960 7832
24 100 2.3 -15160 7900
25 100 2.3 -15084 7940
26 100 2.3 -14888 7894
27 100 2.3 -15200 7998
28 100 2.3 -15044 7864
29 100 2.3 -15084 7888
30 100 2.3 -14932 7798
31 100 2.3 -14628 7598
32 100 2.3 -14652 7664
33 100 2.3 -14708 7554
34 100 2.3 -14544 7488
35 100 2.3 -14572 7364
36 100 2.3 -14484 7358
37 100 2.3 -14240 7328
38 100 2.3 -14396 7368
39 100 2.3 -14240 7304
40 100 2.3 -14416 7322
41 100 2.3 -14456 7192
42 100 2.3 -14432 7214
43 100 2.3 -14324 7240
44 100 2.3 -14360 7254
45 100 2.3 -14192 7234
46 100 2.3 -14300 7272
47 100 2.3 -14432 7290
48 100 2.3 -14416 7250
49 100 2.3 -14464 7138
50 100 2.3 -14356 7082
51 100 2.3 -14220 6926
52 100 2.3 -14312 7004
53 100 2.3 -14364 7078
54 100 2.3 -14296 7068
55 100 2.3 -14180 6970
56 100 2.3 -14200 6820
57 100 2.3 -14232 6890
58 100 2.3 -14068 6794
59 100 2.3 -14076 6708
60 100 2.3 -14052 6530
61 100 2.3 -13904 6498
62 100 2.3 -14036 6554
63 100 2.3 -13856 6588
64 100 2.3 -13824 6558
65 100 2.3 -13936 6476
66 100 2.3 -13720 6452
67 100 2.3 -13876 6400
68 100 2.3 -13900 6390
69 100 2.3 -13892 6262
70 100 2.3 -13680 6180
71 100 2.3 -13668 6152
72 100 2.3 -13860 6274
73 100 2.3 -13736 6114
74 100 2.3 -13896 6114
75 100 2.3 -13888 6046
76 100 2.3 -13640 6054
77 100 2.3 -13700 6020
78 100 2.3 -13776 6056
79 100 2.3 -13580 5970
80 100 2.3 -14056 6092
81 100 2.3 -13864 6168
82 100 2.3 -13660 6038
83 100 2.3 -13620 6032
84 100 2.3 -13640 5910
85 100 2.3 -13332 5786
86 100 2.3 -13556 5850
88 100 2.3 -13488 5636
89 100 2.3 -13680 5656
90 100 2.3 -13536 5724
91 100 2.3 -13524 5672
92 100 2.3 -13524 5748
93 100 2.3 -13696 5784
95 100 2.3 -13492 5564
96 100 2.3 -13640 5702
97 100 2.3 -13628 5690
98 100 2.3 -13624 5692
99 100 2.3 -13544 5702
101 100 2.3 -13660 5754
102 100 2.3 -13700 5858
103 100 2.3 -13940 5868
105 100 2.3 -13892 6052
106 100 2.3 -13796 5926
107 100 2.3 -13572 5794
109 100 2.3 -13540 5802
110 100 2.3 -13740 5906
112 100 2.3 -13872 6008
113 100 2.3 -13912 6082
114 100 2.3 -13864 6076
116 100 2.3 -13980 6174
117 100 2.3 -13832 6092
119 100 2.3 -13688 5932
120 100 2.3 -13484 5932
122 100 2.3 -13440 5848
124 100 2.3 -13660 5970
125 100 2.3 -13692 6020
127 100 2.3 -14092 6018
128 100 2.3 -14192 6018
130 100 2.3 -14088 5906
132 100 2.3 -14260 5980
133 100 2.3 -13896 5876
135 100 2.3 -13840 5848
137 100 2.3 -13484 5640
139 100 2.3 -13600 5584
140 100 2.3 -13684 5604
142 100 2.3 -13752 5590
144 100 2.3 -13860 5820
146 100 2.3 -14116 5878
148 100 2.3 -13932 5646
150 100 2.3 -13864 5726
152 100 2.3 -13840 5718
154 100 2.3 -13808 5672
155 100 2.3 -14092 5808
157 100 2.3 -13644 5750
160 100 2.3 -13732 5714
162 100 2.3 -13724 5592
164 100 2.3 -13952 5786
166 100 2.3 -13672 5670
168 100 2.3 -13932 5626
170 100 2.3 -13540 5572
172 100 2.3 -13792 5738
174 100 2.3 -13540 5778
177 100 2.3 -13992 5928
179 100 2.3 -13448 5822
181 100 2.3 -13400 5740
184 100 2.3 -13376 5570
186 100 2.3 -13144 5204
188 100 2.3 -13640 5186
191 100 2.3 -13568 4974
193 100 2.3 -13656 5000
196 100 2.3 -13664 4968
198 100 2.3 -13660 5070
201 100 2.3 -13424 4664
203 100 2.3 -13352 4590
206 100 2.3 -12952 4480
209 100 2.3 -13188 4572
211 100 2.3 -12916 4246
214 100 2.3 -12772 4150
217 100 2.3 -12664 4326
220 100 2.3 -13316 4310
222 100 2.3 -13216 4334
225 100 2.3 -13364 4380
228 100 2.3 -13228 4396
231 100 2.3 -13404 4794
234 100 2.3 -13140 4526
237 100 2.3 -13016 4550
240 100 2.3 -13216 4424
243 100 2.3 -13380 4446
246 100 2.3 -13488 4698
250 100 2.3 -13888 5048
253 100 2.3 -13416 4832
256 100 2.3 -13348 4850
259 100 2.3 -13572 4804
263 100 2.3 -13532 4568
266 100 2.3 -13436 4362
269 100 2.3 -13224 4316
273 100 2.3 -13364 4396
276 100 2.3 -13452 4430
280 100 2.3 -13156 4760
284 100 2.3 -13468 4772
287 100 2.3 -13404 4742
291 100 2.3 -13448 5030
295 100 2.3 -13508 4820
298 100 2.3 -13360 4682
302 100 2.3 -12848 4512
306 100 2.3 -13332 4706
310 100 2.3 -12960 4550
314 100 2.3 -13220 4984
318 100 2.3 -13348 5098
322 100 2.3 -13356 4938
326 100 2.3 -13612 5030
331 100 2.3 -13628 4942
335 100 2.3 -13964 5082
339 100 2.3 -13740 5002
344 100 2.3 -13700 4988
348 100 2.3 -14232 5310
352 100 2.3 -13952 5048
357 100 2.3 -14092 4846
362 100 2.3 -14072 4594
366 100 2.3 -13812 4638
371 100 2.3 -14120 5042
376 100 2.3 -13732 4964
381 100 2.3 -13932 4846
385 100 2.3 -13688 4830
390 100 2.3 -13624 4936
395 100 2.3 -13500 4938
401 100 2.3 -13608 4828
406 100 2.3 -13568 4900
411 100 2.3 -13332 4844
416 100 2.3 -13636 4806
422 100 2.3 -13824 4364
427 100 2.3 -13664 4102
433 100 2.3 -13572 4104
438 100 2.3 -13940 4482
444 100 2.3 -13780 4432
449 100 2.3 -13556 4256
455 100 2.3 -13816 4322
461 100 2.3 -13912 4288
467 100 2.3 -13688 4430
473 100 2.3 -14032 4346
479 100 2.3 -13756 4322
485 100 2.3 -13512 4240
492 100 2.3 -13072 4012
498 100 2.3 -13648 4418
504 100 2.3 -13788 4384
511 100 2.3 -13772 4372
517 100 2.3 -13960 4652
524 100 2.3 -13408 4254
531 100 2.3 -13700 4454
538 100 2.3 -13588 4546
545 100 2.3 -13848 4610
552 100 2.3 -14076 4718
559 100 2.3 -13680 4690
566 100 2.3 -13320 4306
573 100 2.3 -13616 4456
581 100 2.3 -13892 4778
588 100 2.3 -13668 4822
596 100 2.3 -13676 4254
603 100 2.3 -13684 4452
611 100 2.3 -13484 3902
619 100 2.3 -13416 4222
627 100 2.3 -13728 4638
635 100 2.3 -13744 4682
643 100 2.3 -13404 4454
652 100 2.3 -13740 4716
660 100 2.3 -13528 4766
668 100 2.3 -13876 4456
677 100 2.3 -13560 4426
686 100 2.3 -13308 4472
695 100 2.3 -13524 4656
704 100 2.3 -13580 4824
713 100 2.3 -13564 4900
722 100 2.3 -14024 5058
731 100 2.3 -13596 4698
741 100 2.3 -13824 4954
750 100 2.3 -13308 4388
760 100 2.3 -13300 4664
770 100 2.3 -13540 4916
780 100 2.3 -13356 4624
790 100 2.3 -13684 4474
800 100 2.3 -13376 4724
810 100 2.3 -13240 4850
821 100 2.3 -13432 4866
831 100 2.3 -13548 4894
842 100 2.3 -13632 5182
853 100 2.3 -13820 5140
864 100 2.3 -13760 5238
875 100 2.3 -13628 4838
886 100 2.3 -13360 4700
897 100 2.3 -13704 4700
909 100 2.3 -13668 4944
921 100 2.3 -13756 5154
933 100 2.3 -13584 5094
945 100 2.3 -13504 5092
957 100 2.3 -13820 5176
969 100 2.3 -13588 5078
982 100 2.3 -14088 5676
994 100 2.3 -13820 5424
1007 100 2.3 -13696 5258
1020 100 2.3 -13900 5502
1033 100 2.3 -13392 5110
1047 100 2.3 -13636 5178
1060 100 2.3 -13448 5098
1074 100 2.3 -13844 5238
1088 100 2.3 -13616 5362
1102 100 2.3 -13388 5216
1116 100 2.3 -13568 5164
1130 100 2.3 -13392 5208
1145 100 2.3 -13656 5482
1160 100 2.3 -13616 5370
1174 100 2.3 -13304 5288
1190 100 2.3 -13820 5838
1205 100 2.3 -14064 5938
1220 100 2.3 -13920 5976
1236 100 2.3 -14096 5788
1252 100 2.3 -14360 5908
1268 100 2.3 -13980 5652
1285 100 2.3 -13588 5356
1301 100 2.3 -13856 5632
1318 100 2.3 -13732 5738
1335 100 2.3 -13448 5602
1352 100 2.3 -13588 5348
1370 100 2.3 -13708 5686
1387 100 2.3 -13668 5508
1405 100 2.3 -13680 5576
1423 100 2.3 -13516 5428
1442 100 2.3 -13468 5196
1460 100 2.3 -14064 5978
1479 100 2.3 -13928 5932
1498 100 2.3 -14264 6300
1517 100 2.3 -13936 6146
1537 100 2.3 -13836 5808
1557 100 2.3 -13908 5774
1577 100 2.3 -13840 5314
1597 100 2.3 -13476 5192
1618 100 2.3 -13428 5126
1639 100 2.3 -13904 4982
1660 100 2.3 -13812 5386
1681 100 2.3 -13796 5038
1703 100 2.3 -13344 4746
1725 100 2.3 -13360 4488
1747 100 2.3 -13628 4802
1770 100 2.3 -13692 5008
1792 100 2.3 -13500 4868
1816 100 2.3 -13328 4944
1839 100 2.3 -13452 4962
1863 100 2.3 -13312 4512
1887 100 2.3 -13908 4892
1911 100 2.3 -13224 4340
1936 100 2.3 -13876 4400
1961 100 2.3 -13504 4536
1986 100 2.3 -13996 5126
2012 100 2.3 -13584 4870
2037 100 2.3 -13668 4914
2064 100 2.3 -13544 5006
2090 100 2.3 -12968 5190
2117 100 2.3 -13404 5160
2145 100 2.3 -13584 5202
2172 100 2.3 -14052 5630
2200 100 2.3 -13648 5290
2229 100 2.3 -13812 5182
2257 100 2.3 -13788 5306
2286 100 2.3 -13776 5122
2316 100 2.3 -13608 5690
2346 100 2.3 -13704 5602
2376 100 2.3 -13704 5480
2407 100 2.3 -13876 5570
2438 100 2.3 -13996 5220
2469 100 2.3 -13680 3806
2501 100 2.3 -13532 3296
2533 100 2.3 -13196 2450
2566 100 2.3 -13148 2400
2599 100 2.3 -13112 2692
2633 100 2.3 -13436 2904
2667 100 2.3 -13056 2486
2701 100 2.3 -13484 2440
2736 100 2.3 -13244 1896
2771 100 2.3 -13820 2894
2807 100 2.3 -13404 2946
2843 100 2.3 -13396 3404
2880 100 2.3 -13556 3654
2917 100 2.3 -13772 3708
2954 100 2.3 -13956 4044
2992 100 2.3 -13536 4492
3031 100 2.3 -13472 4964
3070 100 2.3 -14100 5202
3110 100 2.3 -13680 4870
3150 100 2.3 -14308 5036
3190 100 2.3 -13444 4816
3232 100 2.3 -13588 4708
3273 100 2.3 -13232 4286
3315 100 2.3 -13136 4584
3358 100 2.3 -13660 4772
3402 100 2.3 -13484 4446
3445 100 2.3 -13200 4616
3490 100 2.3 -13772 5234
3535 100 2.3 -13720 4228
3580 100 2.3 -13348 4522
3627 100 2.3 -13856 4308
3673 100 2.3 -14040 5012
3721 100 2.3 -13848 4940
3769 100 2.3 -13400 5446
3817 100 2.3 -13900 5952
3867 100 2.3 -13516 5418
3916 100 2.3 -13728 5526
3967 100 2.3 -13596 5742
4018 100 2.3 -13916 5666
4070 100 2.3 -13868 5326
4122 100 2.3 -13960 5370
4176 100 2.3 -13964 5820
4229 100 2.3 -14424 6728
4284 100 2.3 -13812 5888
4339 100 2.3 -13776 6068
4395 100 2.3 -13108 5126
4452 100 2.3 -14012 5698
4509 100 2.3 -13456 5376
4567 100 2.3 -13456 5084
4626 100 2.3 -13664 4850
4686 100 2.3 -13288 4862
4746 100 2.3 -13456 4352
4808 100 2.3 -13512 3868
4870 100 2.3 -13616 3628
4932 100 2.3 -13724 3430
4996 100 2.3 -13332 2590
5060 100 2.3 -12844 2248
5126 100 2.3 -13204 1996
5192 100 2.3 -13140 1740
5259 100 2.3 -13180 1900
5327 100 2.3 -13312 1488
5395 100 2.3 -12896 1232
5465 100 2.3 -13884 1320
5535 100 2.3 -13972 970
5607 100 2.3 -13116 1362
5679 100 2.3 -13248 790
5752 100 2.3 -13096 1100
5826 100 2.3 -14104 1776
5902 100 2.3 -13524 2078
5978 100 2.3 -13292 1970
6055 100 2.3 -13028 1914
6133 100 2.3 -13276 2806
6212 100 2.3 -13588 3642
6292 100 2.3 -13308 3798
6373 100 2.3 -13544 2566
6455 100 2.3 -13304 1682
6539 100 2.3 -13804 1942
6623 100 2.3 -13392 3196
6708 100 2.3 -13080 3708
6795 100 2.3 -13324 3970
6883 100 2.3 -13240 4260
6971 100 2.3 -13888 5500
7061 100 2.3 -14132 6130
7152 100 2.3 -13940 5714
7245 100 2.3 -14108 6240
7338 100 2.3 -13736 6188
7433 100 2.3 -14004 6070
7529 100 2.3 -13628 6008
7626 100 2.3 -13920 5882
7724 100 2.3 -13676 5922
7824 100 2.3 -14292 5856
7925 100 2.3 -13688 5208
8027 100 2.3 -13168 4514
8130 100 2.3 -13200 3716
8235 100 2.3 -13612 4152
8341 100 2.3 -13412 3606
8449 100 2.3 -12852 2266
8558 100 2.3 -13464 2514
8668 100 2.3 -13384 1706
8780 100 2.3 -13076 1300
8893 100 2.3 -12820 1136
9008 100 2.3 -13348 1110
9124 100 2.3 -13152 1154
9242 100 2.3 -13088 2088
9361 100 2.3 -13388 516
9482 100 2.3 -13408 1974
9604 100 2.3 -13608 2004
9728 100 2.3 -13212 1354
9853 100 2.3 -13252 2072
9980 100 2.3 -12860 1338
10109 100 2.3 -13052 2624
10240 100 2.3 -14000 2954
10372 100 2.3 -13708 4296
10505 100 2.3 -13708 4314
10641 100 2.3 -13744 4934
10778 100 2.3 -13848 5420
10917 100 2.3 -13672 5010
11058 100 2.3 -12980 3410
11201 100 2.3 -13744 4602
11345 100 2.3 -13156 4956
11491 100 2.3 -13512 4704
11640 100 2.3 -13528 4814
11790 100 2.3 -13896 5254
11942 100 2.3 -13384 4452
12096 100 2.3 -13608 4536
12252 100 2.3 -13572 4148
12410 100 2.3 -13420 4096
12570 100 2.3 -13396 4346
12732 100 2.3 -13520 5138
12896 100 2.3 -13768 2660
13062 100 2.3 -13324 2072
13231 100 2.3 -13624 1690
13402 100 2.3 -13372 2504
13574 100 2.3 -13388 2020
13750 100 2.3 -13236 1414
13927 100 2.3 -13076 -366
14106 100 2.3 -14228 -1528
14288 100 2.3 -13228 -1926
14473 100 2.3 -13684 -2392
14659 100 2.3 -13380 -956
14848 100 2.3 -13164 -1556
15040 100 2.3 -13412 -972
15234 100 2.3 -13016 -146
15430 100 2.3 -13672 320
15629 100 2.3 -13488 1262
15831 100 2.3 -14016 1112
16035 100 2.3 -12876 -312
16242 100 2.3 -13028 -368
16451 100 2.3 -13696 -1666
16664 100 2.3 -13084 -1180
16879 100 2.3 -13076 -1496
17096 100 2.3 -13176 308
17317 100 2.3 -13236 16
17540 100 2.3 -13640 792
17766 100 2.3 -13544 662
17995 100 2.3 -13696 1106
18228 100 2.3 -13984 -356
18463 100 2.3 -13600 -672
18701 100 2.3 -13648 -958
18942 100 2.3 -13464 -840
19186 100 2.3 -13360 -372
19434 100 2.3 -13212 -92
19684 100 2.3 -13232 1038
19938 100 2.3 -13360 872
20195 100 2.3 -13700 2546
20456 100 2.3 -13632 2688
20720 100 2.3 -13516 3490
20987 100 2.3 -13748 4908
21258 100 2.3 -13832 4708
21532 100 2.3 -13352 4698
21810 100 2.3 -13136 2650
22091 100 2.3 -13540 2872
22376 100 2.3 -13148 1802
22664 100 2.3 -13408 -282
22957 100 2.3 -13396 634
23253 100 2.3 -13216 2344
23553 100 2.3 -14244 1778
23856 100 2.3 -13544 3492
24164 100 2.3 -13124 3124
24476 100 2.3 -13188 2502
24791 100 2.3 -13328 1496
25111 100 2.3 -13352 3698
25435 100 2.3 -13564 3542
25763 100 2.3 -13280 3042
26095 100 2.3 -13204 638
26432 100 2.3 -13144 726
26773 100 2.3 -13280 1846
27118 100 2.3 -12796 1764
27468 100 2.3 -13804 4614
27822 100 2.3 -13248 3110
28181 100 2.3 -12980 296
28545 100 2.3 -13240 956
28913 100 2.3 -13700 -1388
29286 100 2.3 -13496 -898
29663 100 2.3 -13392 -330
30046 100 2.3 -13440 -70
30434 100 2.3 -12948 -1162
30826 100 2.3 -13192 -2166
31224 100 2.3 -12792 -358
31626 100 2.3 -13316 -764
32034 100 2.3 -13476 -2286
32447 100 2.3 -13332 -2226
32866 100 2.3 -13412 -3916
33290 100 2.3 -13644 -4624
33719 100 2.3 -13604 -4594
34154 100 2.3 -13784 -4424
34595 100 2.3 -13396 -5166
35041 100 2.3 -14092 -5526
35493 100 2.3 -13464 -4958
35951 100 2.3 -13728 -4504
36414 100 2.3 -13768 -2538
36884 100 2.3 -13164 -2494
37360 100 2.3 -12948 -68
37841 100 2.3 -13660 3044
38330 100 2.3 -13164 3888
38824 100 2.3 -13336 2202
39325 100 2.3 -14140 2066
39832 100 2.3 -13452 3956
40346 100 2.3 -13452 4226
40866 100 2.3 -13796 3840
41393 100 2.3 -14060 4578
41927 100 2.3 -13552 3420
42468 100 2.3 -14108 5002
43015 100 2.3 -13520 4696
43570 100 2.3 -13368 3730
44132 100 2.3 -13604 4800
44701 100 2.3 -13940 6140
45278 100 2.3 -13624 5310
45862 100 2.3 -13700 5720
46453 100 2.3 -13672 4580
47053 100 2.3 -13376 4268
47660 100 2.3 -13288 4546
48274 100 2.3 -13376 3430
48897 100 2.3 -13900 3336
49528 100 2.3 -13576 4248
50166 100 2.3 -13600 4202
50813 100 2.3 -13964 6714
51469 100 2.3 -13528 4464
52133 100 2.3 -13216 5590
52805 100 2.3 -14148 6128
53486 100 2.3 -13748 2908
54176 100 2.3 -13676 4730
54875 100 2.3 -13352 4452
55582 100 2.3 -13100 2488
56299 100 2.3 -13204 1766
57025 100 2.3 -13208 980
57761 100 2.3 -13336 2928
58506 100 2.3 -13116 -588
59261 100 2.3 -12992 -836
60025 100 2.3 -13316 -1560
60799 100 2.3 -13328 -2062
61583 100 2.3 -14072 -3714
62378 100 2.3 -13292 -4644
63182 100 2.3 -13616 -4868
63997 100 2.3 -13100 388
64822 100 2.3 -13316 1032
65658 100 2.3 -14120 -2324
66505 100 2.3 -13160 -1674
67363 100 2.3 -13044 1220
68232 100 2.3 -13576 2612
69112 100 2.3 -13388 2198
70003 100 2.3 -13644 5490
70906 100 2.3 -13728 5108
71821 100 2.3 -13696 566
72747 100 2.3 -13208 1728
73685 100 2.3 -13376 2614
74636 100 2.3 -13460 2370
75599 100 2.3 -13264 3964
76574 100 2.3 -14392 3476
77561 100 2.3 -13872 4026
78562 100 2.3 -14120 6168
79575 100 2.3 -13112 -188
80601 100 2.3 -13736 -5536
81641 100 2.3 -14264 -6142
82694 100 2.3 -13824 -5090
83760 100 2.3 -13976 -5860
84841 100 2.3 -13548 -2964
85935 100 2.3 -13716 -2336
87043 100 2.3 -13040 -1480
88166 100 2.3 -13116 -2512
89303 100 2.3 -13480 -5300
90455 100 2.3 -13376 -3798
91622 100 2.3 -13620 -3894
92803 100 2.3 -12908 -2828
94000 100 2.3 -13420 -294
95213 100 2.3 -13872 -3538
96441 100 2.3 -13432 -5662
97685 100 2.3 -13644 -5854
98945 100 2.3 -13824 -4250
100221 100 2.3 -13504 -4636
101513 100 2.3 -13308 -588
102823 100 2.3 -13300 1494
104149 100 2.3 -13620 3994
105492 100 2.3 -13584 5284
106853 100 2.3 -13656 6266
108231 100 2.3 -13784 4858
109627 100 2.3 -13528 5968
111041 100 2.3 -13468 6030
112473 100 2.3 -13812 6238
113924 100 2.3 -13808 5784
115393 100 2.3 -13504 3954
116882 100 2.3 -13280 1320
118389 100 2.3 -13616 166
119916 100 2.3 -14164 6158
121463 100 2.3 -14080 6150
123029 100 2.3 -13880 5650
124616 100 2.3 -13448 3750
126224 100 2.3 -13380 -4558
127852 100 2.3 -13968 -5896
129501 100 2.3 -13356 -2368
131171 100 2.3 -13480 -2802
132863 100 2.3 -13128 -856
134576 100 2.3 -13196 -2572
136312 100 2.3 -13064 3942
138070 100 2.3 -13488 2926
139851 100 2.3 -13508 2502
141655 100 2.3 -13824 1764
143482 100 2.3 -13096 -1180
145333 100 2.3 -13660 5434
147207 100 2.3 -13152 1276
149106 100 2.3 -13912 -5634
151029 100 2.3 -13352 -2378
152977 100 2.3 -13680 -446
154950 100 2.3 -13044 -1814
156948 100 2.3 -13520 3238
158973 100 2.3 -13560 2156
161023 100 2.3 -13540 56
163100 100 2.3 -13408 -2226
165204 100 2.3 -13844 -4590
167334 100 2.3 -13452 -4238
169493 100 2.3 -13756 -3524
171679 100 2.3 -13900 -5304
173893 100 2.3 -13448 -3918
176136 100 2.3 -13780 434
178408 100 2.3 -13664 -5596
180709 100 2.3 -13660 -2492
183040 100 2.3 -13556 -4960
185400 100 2.3 -14032 -6390
187792 100 2.3 -13432 -4496
190214 100 2.3 -13536 -4054
192667 100 2.3 -13680 -2830
195152 100 2.3 -13444 -1792
197669 100 2.3 -12844 -1586
200219 100 2.3 -14304 -5970
202801 100 2.3 -14092 -5818
205417 100 2.3 -12928 -544
208066 100 2.3 -14164 6062
210750 100 2.3 -13544 1422
213468 100 2.3 -13780 4636
216222 100 2.3 -13508 4430
219010 100 2.3 -13876 5922
221835 100 2.3 -13728 5706
224696 100 2.3 -13612 4320
227595 100 2.3 -13676 5168
230530 100 2.3 -13268 1058
233503 100 2.3 -12884 -1574
236515 100 2.3 -14292 -4936
239566 100 2.3 -13428 1726
242656 100 2.3 -13588 5472
245785 100 2.3 -13724 5612
248956 100 2.3 -13692 4754
252167 100 2.3 -12908 2160
255419 100 2.3 -13200 1454
258713 100 2.3 -13464 2598
262050 100 2.3 -13880 -6224
265430 100 2.3 -13912 -5942
268854 100 2.3 -13092 -2076
272321 100 2.3 -14276 -6952
275834 100 2.3 -13740 -4690
279391 100 2.3 -13160 -3374
282995 100 2.3 -13144 910
286645 100 2.3 -13800 1140
290342 100 2.3 -13644 -5318
294087 100 2.3 -13928 -5102
297880 100 2.3 -13424 4476
301722 100 2.3 -13772 5358
305614 100 2.3 -13500 4884
309556 100 2.3 -13700 4616
313548 100 2.3 -13152 1884
317592 100 2.3 -13372 702
321689 100 2.3 -13172 -4292
325838 100 2.3 -13500 -1320
330040 100 2.3 -12968 -194
334297 100 2.3 -13228 -28
338609 100 2.3 -13232 2064
342976 100 2.3 -13572 -4044
347400 100 2.3 -13340 -2876
351881 100 2.3 -13492 -2582
356419 100 2.3 -13936 -6652
361016 100 2.3 -13508 -2352
365673 100 2.3 -13548 1020
370389 100 2.3 -13560 612
375167 100 2.3 -12892 3266
380005 100 2.3 -13028 4786
384907 100 2.3 -13076 -896
389871 100 2.3 -12732 -4454
394900 100 2.3 -13440 -2214
399993 100 2.3 -13360 1536
405152 100 2.3 -14200 -5952
410378 100 2.3 -14252 -5510
415671 100 2.3 -13424 -2134
421032 100 2.3 -13336 2568
426463 100 2.3 -13604 2602
431963 100 2.3 -13088 -5228
437535 100 2.3 -12988 502
443178 100 2.3 -14416 6296
448894 100 2.3 -13492 1454
454684 100 2.3 -13356 -2892
460548 100 2.3 -13352 2242
466489 100 2.3 -13388 -1822
472505 100 2.3 -13476 -3146
478600 100 2.3 -13536 -3302
484773 100 2.3 -13568 4288
491025 100 2.3 -13804 5648
497358 100 2.3 -13776 5772
503773 100 2.3 -13616 3986
510271 100 2.3 -13372 -4890
516852 100 2.3 -13688 4992
523519 100 2.3 -13292 2954
530271 100 2.3 -12908 818
537111 100 2.3 -13608 5404
544038 100 2.3 -13536 460
551055 100 2.3 -13180 4066
558163 100 2.3 -13996 -5742
565362 100 2.3 -13368 -4726
572654 100 2.3 -13416 -4250
580040 100 2.3 -12992 -2406
587521 100 2.3 -13784 -5412
595099 100 2.3 -12688 -278
602775 100 2.3 -13100 2674
610549 100 2.3 -13268 2684
618424 100 2.3 -13268 4198
626400 100 2.3 -14308 5662
634480 100 2.3 -13112 580
642663 100 2.3 -13084 3710
650952 100 2.3 -13864 3878
659348 100 2.3 -13292 5482
667853 100 2.3 -13332 2110
676467 100 2.3 -13372 -3118
685192 100 2.3 -13420 3382
694029 100 2.3 -13356 826
702981 100 2.3 -12708 -812
712048 100 2.3 -13276 -1268
721232 100 2.3 -13416 4766
730534 100 2.3 -14180 -5350
739957 100 2.3 -13504 -1424
749500 100 2.3 -13488 -3812
759168 100 2.3 -13272 3420
768959 100 2.3 -13592 -5108
778877 100 2.3 -13504 -2966
788923 100 2.3 -13104 514
799099 100 2.3 -13644 -1656
809405 100 2.3 -13620 5394
819845 100 2.3 -13556 640
830419 100 2.3 -13464 4634
841130 100 2.3 -13820 5532
851979 100 2.3 -13068 2246
862968 100 2.3 -13348 -2678
874098 100 2.3 -13124 3810
885373 100 2.3 -13248 4840
896792 100 2.3 -13988 -5652
908359 100 2.3 -12984 2548
920075 100 2.3 -13860 938
931942 100 2.3 -13460 -4818
943962 100 2.3 -13296 -3272
956137 100 2.3 -12452 -1092
968470 100 2.3 -13328 5086
980961 100 2.3 -13108 -3462
993613 100 2.3 -13796 -5044
999999 100 2.3 -13644 -4116
