3 60 2.3 -5856 3142
4 60 2.3 -5780 3090
5 60 2.3 -5676 3022
6 60 2.3 -5500 2956
7 60 2.3 -5364 2870
8 60 2.3 -5448 2890
9 60 2.3 -5516 2922
10 60 2.3 -5504 2902
11 60 2.3 -5436 2864
12 60 2.3 -5380 2888
13 60 2.3 -5384 2846
14 60 2.3 -5544 2882
15 60 2.3 -5464 2794
16 60 2.3 -5380 2794
17 60 2.3 -5348 2804
18 60 2.3 -5344 2810
19 60 2.3 -5356 2800
20 60 2.3 -5340 2790
21 60 2.3 -5320 2774
22 60 2.3 -5396 2784
23 60 2.3 -5460 2760
24 60 2.3 -5428 2770
25 60 2.3 -5456 2762
26 60 2.3 -5464 2750
27 60 2.3 -5520 2764
28 60 2.3 -5252 2674
29 60 2.3 -5320 2682
30 60 2.3 -5384 2732
31 60 2.3 -5352 2746
32 60 2.3 -5348 2764
33 60 2.3 -5232 2716
34 60 2.3 -5304 2684
35 60 2.3 -5184 2692
36 60 2.3 -5284 2678
37 60 2.3 -5420 2768
38 60 2.3 -5372 2804
39 60 2.3 -5380 2830
40 60 2.3 -5288 2758
41 60 2.3 -5180 2732
42 60 2.3 -5032 2652
43 60 2.3 -4992 2606
44 60 2.3 -4968 2624
45 60 2.3 -5052 2594
46 60 2.3 -5136 2646
47 60 2.3 -5172 2688
48 60 2.3 -5024 2576
49 60 2.3 -4896 2422
50 60 2.3 -4948 2388
51 60 2.3 -5084 2468
52 60 2.3 -5240 2558
53 60 2.3 -5268 2602
54 60 2.3 -5164 2564
55 60 2.3 -5268 2562
56 60 2.3 -5352 2580
57 60 2.3 -5432 2616
58 60 2.3 -5416 2608
59 60 2.3 -5236 2552
60 60 2.3 -5132 2572
61 60 2.3 -5088 2490
62 60 2.3 -5072 2448
63 60 2.3 -5000 2466
64 60 2.3 -4976 2426
65 60 2.3 -4924 2302
66 60 2.3 -4932 2286
67 60 2.3 -4820 2192
68 60 2.3 -4912 2170
69 60 2.3 -4880 2192
70 60 2.3 -4840 2150
71 60 2.3 -4888 2198
72 60 2.3 -4852 2116
73 60 2.3 -4996 2144
74 60 2.3 -4944 2142
75 60 2.3 -4840 2068
76 60 2.3 -4808 2008
77 60 2.3 -4720 1904
78 60 2.3 -4688 1936
79 60 2.3 -4812 2004
80 60 2.3 -4768 1982
81 60 2.3 -4696 2010
82 60 2.3 -4664 1932
83 60 2.3 -4696 1900
84 60 2.3 -4648 1920
85 60 2.3 -4544 1938
86 60 2.3 -4436 1906
88 60 2.3 -4676 1788
89 60 2.3 -4728 1800
90 60 2.3 -4736 1884
91 60 2.3 -4704 1904
92 60 2.3 -4760 1928
93 60 2.3 -4672 1920
95 60 2.3 -4728 1926
96 60 2.3 -4836 1926
97 60 2.3 -4724 1920
98 60 2.3 -4744 2006
99 60 2.3 -4908 2060
101 60 2.3 -4872 2104
102 60 2.3 -4876 2174
103 60 2.3 -4912 2192
105 60 2.3 -4736 2116
106 60 2.3 -4780 2116
107 60 2.3 -4664 1998
109 60 2.3 -4636 1904
110 60 2.3 -4644 1892
112 60 2.3 -4588 1894
113 60 2.3 -4616 1856
114 60 2.3 -4544 1838
116 60 2.3 -4824 1948
117 60 2.3 -4872 2022
119 60 2.3 -5024 2066
120 60 2.3 -5156 2048
122 60 2.3 -4996 1916
124 60 2.3 -4840 1878
125 60 2.3 -4852 1840
127 60 2.3 -4792 1752
128 60 2.3 -4840 1782
130 60 2.3 -4744 1646
132 60 2.3 -4648 1714
133 60 2.3 -4616 1688
135 60 2.3 -4552 1632
137 60 2.3 -4484 1678
139 60 2.3 -4528 1768
140 60 2.3 -4660 1788
142 60 2.3 -4752 1650
144 60 2.3 -4652 1554
146 60 2.3 -4376 1446
148 60 2.3 -4512 1490
150 60 2.3 -4540 1452
152 60 2.3 -4608 1360
154 60 2.3 -4660 1350
155 60 2.3 -4780 1332
157 60 2.3 -4528 1338
160 60 2.3 -4736 1426
162 60 2.3 -4984 1524
164 60 2.3 -4848 1420
166 60 2.3 -4688 1408
168 60 2.3 -4788 1496
170 60 2.3 -4892 1498
172 60 2.3 -4860 1554
174 60 2.3 -4812 1556
177 60 2.3 -4984 1716
179 60 2.3 -5120 1666
181 60 2.3 -4988 1710
184 60 2.3 -5008 1734
186 60 2.3 -5128 1734
188 60 2.3 -4996 1758
191 60 2.3 -5016 1698
193 60 2.3 -4792 1610
196 60 2.3 -4848 1596
198 60 2.3 -4700 1476
201 60 2.3 -4612 1418
203 60 2.3 -4652 1494
206 60 2.3 -4628 1490
209 60 2.3 -4760 1614
211 60 2.3 -4932 1816
214 60 2.3 -4948 1802
217 60 2.3 -4920 1768
220 60 2.3 -4948 1706
222 60 2.3 -4952 1716
225 60 2.3 -4932 1700
228 60 2.3 -4760 1602
231 60 2.3 -4888 1754
234 60 2.3 -4880 1706
237 60 2.3 -4800 1718
240 60 2.3 -4640 1528
243 60 2.3 -4672 1568
246 60 2.3 -4816 1606
250 60 2.3 -4808 1532
253 60 2.3 -4976 1636
256 60 2.3 -4912 1670
259 60 2.3 -4948 1744
263 60 2.3 -4824 1530
266 60 2.3 -5096 1650
269 60 2.3 -5116 1630
273 60 2.3 -5268 1716
276 60 2.3 -5020 1606
280 60 2.3 -5100 1678
284 60 2.3 -5048 1750
287 60 2.3 -5056 1626
291 60 2.3 -4860 1544
295 60 2.3 -4800 1408
298 60 2.3 -4692 1310
302 60 2.3 -4652 1320
306 60 2.3 -4632 1320
310 60 2.3 -4612 1222
314 60 2.3 -4832 1198
318 60 2.3 -4572 1250
322 60 2.3 -4588 1194
326 60 2.3 -4900 1264
331 60 2.3 -4932 1388
335 60 2.3 -4708 1490
339 60 2.3 -4832 1574
344 60 2.3 -4832 1516
348 60 2.3 -4840 1516
352 60 2.3 -4892 1452
357 60 2.3 -4824 1432
362 60 2.3 -4608 1460
366 60 2.3 -4988 1818
371 60 2.3 -5124 1962
376 60 2.3 -4932 1960
381 60 2.3 -4956 1984
385 60 2.3 -4776 1928
390 60 2.3 -4756 1874
395 60 2.3 -5048 2016
401 60 2.3 -4628 1778
406 60 2.3 -4980 2016
411 60 2.3 -4812 2038
416 60 2.3 -4816 1898
422 60 2.3 -4888 2046
427 60 2.3 -4936 2104
433 60 2.3 -4844 2038
438 60 2.3 -4904 2100
444 60 2.3 -4948 2150
449 60 2.3 -5060 2216
455 60 2.3 -4908 2174
461 60 2.3 -5132 2264
467 60 2.3 -4964 2332
473 60 2.3 -4984 2346
479 60 2.3 -4684 2246
485 60 2.3 -4916 2342
492 60 2.3 -4912 2276
498 60 2.3 -4896 2234
504 60 2.3 -4844 2274
511 60 2.3 -5144 2340
517 60 2.3 -4808 2142
524 60 2.3 -4928 2198
531 60 2.3 -4900 2182
538 60 2.3 -5056 2410
545 60 2.3 -4956 2376
552 60 2.3 -5004 2360
559 60 2.3 -5148 2528
566 60 2.3 -5132 2650
573 60 2.3 -4976 2512
581 60 2.3 -5352 2766
588 60 2.3 -5228 2796
596 60 2.3 -5264 2692
603 60 2.3 -5248 2730
611 60 2.3 -4964 2438
619 60 2.3 -4996 2468
627 60 2.3 -5004 2402
635 60 2.3 -5076 2474
643 60 2.3 -5124 2372
652 60 2.3 -5012 2314
660 60 2.3 -5072 2352
668 60 2.3 -5004 2382
677 60 2.3 -5140 2452
686 60 2.3 -5104 2508
695 60 2.3 -5288 2598
704 60 2.3 -5124 2498
713 60 2.3 -5396 2690
722 60 2.3 -5120 2598
731 60 2.3 -5240 2596
741 60 2.3 -5060 2444
750 60 2.3 -5112 2404
760 60 2.3 -5156 2402
770 60 2.3 -4940 2206
780 60 2.3 -4940 2106
790 60 2.3 -4884 2056
800 60 2.3 -4980 2312
810 60 2.3 -5064 2392
821 60 2.3 -5196 2540
831 60 2.3 -4992 2460
842 60 2.3 -5056 2434
853 60 2.3 -5304 2610
864 60 2.3 -5128 2322
875 60 2.3 -4952 2334
886 60 2.3 -4960 2252
897 60 2.3 -4728 1920
909 60 2.3 -4724 1916
921 60 2.3 -4404 1794
933 60 2.3 -4876 1782
945 60 2.3 -4960 1852
957 60 2.3 -4576 1808
969 60 2.3 -4832 1902
982 60 2.3 -4876 1796
994 60 2.3 -4812 1840
1007 60 2.3 -5148 1984
1020 60 2.3 -5004 2104
1033 60 2.3 -4880 2010
1047 60 2.3 -4692 1968
1060 60 2.3 -4884 1916
1074 60 2.3 -5052 2070
1088 60 2.3 -4968 2160
1102 60 2.3 -4964 2150
1116 60 2.3 -4852 1930
1130 60 2.3 -4836 1618
1145 60 2.3 -4744 1538
1160 60 2.3 -4936 1698
1174 60 2.3 -4960 1862
1190 60 2.3 -4832 1538
1205 60 2.3 -5064 1664
1220 60 2.3 -5068 1636
1236 60 2.3 -4968 1366
1252 60 2.3 -4776 1214
1268 60 2.3 -5036 1870
1285 60 2.3 -5040 1992
1301 60 2.3 -4756 1834
1318 60 2.3 -4828 1712
1335 60 2.3 -5000 1838
1352 60 2.3 -4928 1774
1370 60 2.3 -4904 1824
1387 60 2.3 -4744 1440
1405 60 2.3 -4984 1578
1423 60 2.3 -4536 1390
1442 60 2.3 -4668 1412
1460 60 2.3 -4836 1440
1479 60 2.3 -4576 1350
1498 60 2.3 -4768 1500
1517 60 2.3 -4756 1746
1537 60 2.3 -4872 1894
1557 60 2.3 -4808 1832
1577 60 2.3 -5124 1964
1597 60 2.3 -4716 1678
1618 60 2.3 -5120 1690
1639 60 2.3 -4932 1608
1660 60 2.3 -4908 1746
1681 60 2.3 -4936 1708
1703 60 2.3 -5072 1950
1725 60 2.3 -4944 1748
1747 60 2.3 -4856 1948
1770 60 2.3 -5000 2004
1792 60 2.3 -4860 1874
1816 60 2.3 -5096 2048
1839 60 2.3 -4884 2068
1863 60 2.3 -5004 2022
1887 60 2.3 -4768 1782
1911 60 2.3 -4996 1940
1936 60 2.3 -4904 2088
1961 60 2.3 -5044 2178
1986 60 2.3 -4780 1938
2012 60 2.3 -4980 2348
2037 60 2.3 -5120 2366
2064 60 2.3 -5080 2252
2090 60 2.3 -5268 2308
2117 60 2.3 -4972 2308
2145 60 2.3 -5228 2534
2172 60 2.3 -5360 2608
2200 60 2.3 -5092 2530
2229 60 2.3 -5100 2630
2257 60 2.3 -5172 2482
2286 60 2.3 -4868 2296
2316 60 2.3 -5016 2400
2346 60 2.3 -4856 2042
2376 60 2.3 -4872 1754
2407 60 2.3 -4516 1586
2438 60 2.3 -4812 1642
2469 60 2.3 -4788 1664
2501 60 2.3 -4744 1632
2533 60 2.3 -4912 1504
2566 60 2.3 -4804 1780
2599 60 2.3 -5040 2272
2633 60 2.3 -4836 2222
2667 60 2.3 -4996 2384
2701 60 2.3 -5256 2512
2736 60 2.3 -5604 2832
2771 60 2.3 -5120 2488
2807 60 2.3 -4880 2494
2843 60 2.3 -4772 2278
2880 60 2.3 -4824 1960
2917 60 2.3 -4872 2122
2954 60 2.3 -5068 1764
2992 60 2.3 -4684 1644
3031 60 2.3 -4780 1852
3070 60 2.3 -4808 1670
3110 60 2.3 -4728 1788
3150 60 2.3 -4932 1892
3190 60 2.3 -5008 1686
3232 60 2.3 -4716 1690
3273 60 2.3 -4732 1798
3315 60 2.3 -4908 1602
3358 60 2.3 -4960 1766
3402 60 2.3 -4972 2154
3445 60 2.3 -5100 2236
3490 60 2.3 -5304 2472
3535 60 2.3 -4972 2154
3580 60 2.3 -4780 1742
3627 60 2.3 -4592 2098
3673 60 2.3 -4844 2388
3721 60 2.3 -5112 2040
3769 60 2.3 -4864 2118
3817 60 2.3 -4940 2176
3867 60 2.3 -4972 2038
3916 60 2.3 -5072 1762
3967 60 2.3 -5316 2520
4018 60 2.3 -4940 2130
4070 60 2.3 -5068 1978
4122 60 2.3 -4912 2138
4176 60 2.3 -4928 1892
4229 60 2.3 -4804 2004
4284 60 2.3 -4604 1914
4339 60 2.3 -5172 2040
4395 60 2.3 -5004 2094
4452 60 2.3 -4904 1610
4509 60 2.3 -4928 1716
4567 60 2.3 -5156 1912
4626 60 2.3 -4932 2042
4686 60 2.3 -5068 2200
4746 60 2.3 -4936 2118
4808 60 2.3 -5272 2240
4870 60 2.3 -4624 1814
4932 60 2.3 -5072 1586
4996 60 2.3 -4748 1120
5060 60 2.3 -4788 1422
5126 60 2.3 -4544 1480
5192 60 2.3 -5072 2002
5259 60 2.3 -4948 2220
5327 60 2.3 -4856 2054
5395 60 2.3 -4596 976
5465 60 2.3 -4584 958
5535 60 2.3 -4908 1760
5607 60 2.3 -4828 2056
5679 60 2.3 -4948 2246
5752 60 2.3 -5100 2256
5826 60 2.3 -5100 2434
5902 60 2.3 -4792 2070
5978 60 2.3 -5084 2410
6055 60 2.3 -5052 2172
6133 60 2.3 -4896 2374
6212 60 2.3 -4904 2364
6292 60 2.3 -5176 2584
6373 60 2.3 -5116 2496
6455 60 2.3 -4976 2380
6539 60 2.3 -5012 2220
6623 60 2.3 -4920 2198
6708 60 2.3 -5124 2314
6795 60 2.3 -4920 2010
6883 60 2.3 -4776 1642
6971 60 2.3 -4804 1090
7061 60 2.3 -4796 812
7152 60 2.3 -4724 1198
7245 60 2.3 -4888 1814
7338 60 2.3 -4940 1172
7433 60 2.3 -4752 926
7529 60 2.3 -4752 154
7626 60 2.3 -4768 372
7724 60 2.3 -4728 130
7824 60 2.3 -4672 610
7925 60 2.3 -4864 1058
8027 60 2.3 -4796 866
8130 60 2.3 -4868 1038
8235 60 2.3 -4828 1382
8341 60 2.3 -4768 1770
8449 60 2.3 -5076 1966
8558 60 2.3 -4828 1584
8668 60 2.3 -4692 1330
8780 60 2.3 -4804 240
8893 60 2.3 -4580 -452
9008 60 2.3 -4988 -610
9124 60 2.3 -4744 -1166
9242 60 2.3 -4820 -1358
9361 60 2.3 -4796 -1632
9482 60 2.3 -4984 -1854
9604 60 2.3 -5216 -2334
9728 60 2.3 -5024 -2606
9853 60 2.3 -5108 -2362
9980 60 2.3 -5188 -2418
10109 60 2.3 -4692 -1956
10240 60 2.3 -5000 -2310
10372 60 2.3 -5248 -2422
10505 60 2.3 -5084 -2162
10641 60 2.3 -4624 -1492
10778 60 2.3 -4972 -1204
10917 60 2.3 -4832 -1338
11058 60 2.3 -4780 -1380
11201 60 2.3 -4996 -1656
11345 60 2.3 -4748 -1186
11491 60 2.3 -5164 -2420
11640 60 2.3 -4824 -2040
11790 60 2.3 -4896 -2112
11942 60 2.3 -4944 -1956
12096 60 2.3 -5108 -2390
12252 60 2.3 -5040 -2136
12410 60 2.3 -5004 -2346
12570 60 2.3 -4860 -2320
12732 60 2.3 -5308 -2270
12896 60 2.3 -5100 -1880
13062 60 2.3 -5052 -2274
13231 60 2.3 -5336 -2712
13402 60 2.3 -5080 -2394
13574 60 2.3 -5044 -2318
13750 60 2.3 -4904 -1940
13927 60 2.3 -4948 -2236
14106 60 2.3 -5068 -2248
14288 60 2.3 -4880 -1788
14473 60 2.3 -5196 -2506
14659 60 2.3 -5020 -1664
14848 60 2.3 -4796 -464
15040 60 2.3 -4656 -218
15234 60 2.3 -4768 -340
15430 60 2.3 -4956 -640
15629 60 2.3 -4652 -278
15831 60 2.3 -4744 746
16035 60 2.3 -4904 1546
16242 60 2.3 -4768 1910
16451 60 2.3 -4836 1748
16664 60 2.3 -4600 1132
16879 60 2.3 -4904 1248
17096 60 2.3 -4660 1334
17317 60 2.3 -4840 1870
17540 60 2.3 -4936 2308
17766 60 2.3 -4956 1780
17995 60 2.3 -4720 790
18228 60 2.3 -4884 306
18463 60 2.3 -4620 -294
18701 60 2.3 -4784 464
18942 60 2.3 -4872 -216
19186 60 2.3 -4536 106
19434 60 2.3 -4736 -808
19684 60 2.3 -4756 -1450
19938 60 2.3 -4900 -2038
20195 60 2.3 -5020 -2364
20456 60 2.3 -4732 -1640
20720 60 2.3 -4980 -1382
20987 60 2.3 -4868 -1952
21258 60 2.3 -4972 -2108
21532 60 2.3 -4632 -600
21810 60 2.3 -4536 -1608
22091 60 2.3 -5008 -2272
22376 60 2.3 -5148 -2470
22664 60 2.3 -4872 -2058
22957 60 2.3 -5204 -2386
23253 60 2.3 -5024 -2596
23553 60 2.3 -4748 -1046
23856 60 2.3 -4932 -1502
24164 60 2.3 -4876 -1314
24476 60 2.3 -4608 -1364
24791 60 2.3 -5088 -2428
25111 60 2.3 -4652 -1644
25435 60 2.3 -5136 -2566
25763 60 2.3 -5252 -2680
26095 60 2.3 -4864 -2364
26432 60 2.3 -5136 -1826
26773 60 2.3 -4888 -2068
27118 60 2.3 -4476 -854
27468 60 2.3 -4468 -946
27822 60 2.3 -4636 400
28181 60 2.3 -5064 2194
28545 60 2.3 -4848 1910
28913 60 2.3 -4932 2294
29286 60 2.3 -5152 1662
29663 60 2.3 -4876 1076
30046 60 2.3 -5016 1676
30434 60 2.3 -4868 2284
30826 60 2.3 -4816 2098
31224 60 2.3 -4924 2278
31626 60 2.3 -4856 2018
32034 60 2.3 -5096 2246
32447 60 2.3 -4936 1744
32866 60 2.3 -4836 1498
33290 60 2.3 -4816 256
33719 60 2.3 -4708 1330
34154 60 2.3 -4824 1396
34595 60 2.3 -4648 1148
35041 60 2.3 -4444 852
35493 60 2.3 -4880 2136
35951 60 2.3 -5048 2078
36414 60 2.3 -4688 1106
36884 60 2.3 -4892 2174
37360 60 2.3 -4860 1574
37841 60 2.3 -4768 1732
38330 60 2.3 -5096 2174
38824 60 2.3 -4752 1374
39325 60 2.3 -4560 1088
39832 60 2.3 -5044 2426
40346 60 2.3 -5056 2236
40866 60 2.3 -4880 1918
41393 60 2.3 -4464 196
41927 60 2.3 -4848 1358
42468 60 2.3 -4792 1246
43015 60 2.3 -5024 1472
43570 60 2.3 -4576 252
44132 60 2.3 -4440 1024
44701 60 2.3 -4596 1360
45278 60 2.3 -5260 2428
45862 60 2.3 -5080 2148
46453 60 2.3 -4900 2418
47053 60 2.3 -4812 -1198
47660 60 2.3 -4956 -1150
48274 60 2.3 -4596 48
48897 60 2.3 -4756 -1552
49528 60 2.3 -4820 -1462
50166 60 2.3 -4672 -1534
50813 60 2.3 -5076 -1976
51469 60 2.3 -5040 -2532
52133 60 2.3 -4992 -1722
52805 60 2.3 -5004 -1832
53486 60 2.3 -4776 -176
54176 60 2.3 -4704 52
54875 60 2.3 -4820 760
55582 60 2.3 -4900 1446
56299 60 2.3 -5368 2596
57025 60 2.3 -4900 1974
57761 60 2.3 -4876 1168
58506 60 2.3 -5012 1714
59261 60 2.3 -4528 1428
60025 60 2.3 -4636 540
60799 60 2.3 -4932 1738
61583 60 2.3 -5284 2502
62378 60 2.3 -4976 2302
63182 60 2.3 -4972 1690
63997 60 2.3 -5048 2160
64822 60 2.3 -4980 2280
65658 60 2.3 -4920 1118
66505 60 2.3 -4612 308
67363 60 2.3 -4964 1812
68232 60 2.3 -4912 1652
69112 60 2.3 -4784 1918
70003 60 2.3 -4820 2256
70906 60 2.3 -4680 1152
71821 60 2.3 -5008 2400
72747 60 2.3 -4920 2014
73685 60 2.3 -4664 914
74636 60 2.3 -4992 1394
75599 60 2.3 -5012 1806
76574 60 2.3 -4640 -1278
77561 60 2.3 -4848 -2584
78562 60 2.3 -5028 -2288
79575 60 2.3 -4712 -1972
80601 60 2.3 -5236 -2428
81641 60 2.3 -4960 -1524
82694 60 2.3 -5332 -2722
83760 60 2.3 -5196 -2608
84841 60 2.3 -5024 -1996
85935 60 2.3 -4820 -1714
87043 60 2.3 -4676 -1720
88166 60 2.3 -5096 -2518
89303 60 2.3 -5076 -2484
90455 60 2.3 -4616 -1332
91622 60 2.3 -5200 1714
92803 60 2.3 -4752 1040
94000 60 2.3 -4860 -1704
95213 60 2.3 -4660 592
96441 60 2.3 -4604 56
97685 60 2.3 -4888 1952
98945 60 2.3 -4728 -1520
100221 60 2.3 -5236 -2324
101513 60 2.3 -4748 -1260
102823 60 2.3 -4984 -2018
104149 60 2.3 -4764 -1844
105492 60 2.3 -5088 -2580
106853 60 2.3 -4732 -1304
108231 60 2.3 -4712 1940
109627 60 2.3 -4808 1346
111041 60 2.3 -4936 1718
112473 60 2.3 -5316 2638
113924 60 2.3 -5196 2450
115393 60 2.3 -4600 -842
116882 60 2.3 -5236 -2636
118389 60 2.3 -4920 -1792
119916 60 2.3 -5132 -2666
121463 60 2.3 -4704 -840
123029 60 2.3 -4504 -524
124616 60 2.3 -4564 -1488
126224 60 2.3 -4820 -1808
127852 60 2.3 -4872 -1540
129501 60 2.3 -5268 -2586
131171 60 2.3 -5108 -2106
132863 60 2.3 -5020 -2306
134576 60 2.3 -4464 -606
136312 60 2.3 -4872 -1754
138070 60 2.3 -4896 -1426
139851 60 2.3 -4696 -1032
141655 60 2.3 -4884 -1608
143482 60 2.3 -4896 -1112
145333 60 2.3 -4692 -1526
147207 60 2.3 -4688 -1302
149106 60 2.3 -4972 -2246
151029 60 2.3 -5104 -2044
152977 60 2.3 -5136 -2498
154950 60 2.3 -4864 -598
156948 60 2.3 -5256 2676
158973 60 2.3 -4820 360
161023 60 2.3 -5036 -1418
163100 60 2.3 -4316 -520
165204 60 2.3 -5016 1480
167334 60 2.3 -4912 2318
169493 60 2.3 -4824 1876
171679 60 2.3 -4848 2088
173893 60 2.3 -4688 932
176136 60 2.3 -4924 1632
178408 60 2.3 -4872 -496
180709 60 2.3 -4780 1828
183040 60 2.3 -4744 264
185400 60 2.3 -4980 2116
187792 60 2.3 -4612 -490
190214 60 2.3 -4952 -1996
192667 60 2.3 -4668 -1490
195152 60 2.3 -4668 -1904
197669 60 2.3 -4532 -1162
200219 60 2.3 -5032 -1680
202801 60 2.3 -4608 -864
205417 60 2.3 -4580 -134
208066 60 2.3 -4700 1262
210750 60 2.3 -5180 2618
213468 60 2.3 -4556 -1080
216222 60 2.3 -4976 -2164
219010 60 2.3 -4852 -1434
221835 60 2.3 -4992 2548
224696 60 2.3 -5016 2192
227595 60 2.3 -4876 -254
230530 60 2.3 -4792 1442
233503 60 2.3 -4792 -792
236515 60 2.3 -4696 -338
239566 60 2.3 -4640 1140
242656 60 2.3 -4576 -438
245785 60 2.3 -4880 -2008
248956 60 2.3 -4976 -2288
252167 60 2.3 -5272 -2710
255419 60 2.3 -4748 -1622
258713 60 2.3 -4736 -2270
262050 60 2.3 -5128 -2590
265430 60 2.3 -5180 -2316
268854 60 2.3 -4704 -1896
272321 60 2.3 -4860 -2012
275834 60 2.3 -5076 -2484
279391 60 2.3 -5024 -1538
282995 60 2.3 -5028 -1908
286645 60 2.3 -5000 -1480
290342 60 2.3 -4944 -2150
294087 60 2.3 -4896 -920
297880 60 2.3 -4980 -1260
301722 60 2.3 -4916 1572
305614 60 2.3 -5032 1862
309556 60 2.3 -5100 -924
313548 60 2.3 -4748 -1328
317592 60 2.3 -4632 -1618
321689 60 2.3 -4616 -1650
325838 60 2.3 -4904 -2046
330040 60 2.3 -4892 908
334297 60 2.3 -4872 2106
338609 60 2.3 -4840 1006
342976 60 2.3 -5180 -2668
347400 60 2.3 -4780 -2460
351881 60 2.3 -4556 -954
356419 60 2.3 -4856 -2218
361016 60 2.3 -4580 -1042
365673 60 2.3 -4948 -2534
370389 60 2.3 -5380 -2766
375167 60 2.3 -5192 -2376
380005 60 2.3 -5132 -2450
384907 60 2.3 -4648 1134
389871 60 2.3 -4788 2270
394900 60 2.3 -4852 -1252
399993 60 2.3 -4880 -1772
405152 60 2.3 -4884 -1272
410378 60 2.3 -4996 -1754
415671 60 2.3 -4716 -652
421032 60 2.3 -4992 1888
426463 60 2.3 -5080 -2390
431963 60 2.3 -4956 -2068
437535 60 2.3 -4788 1766
443178 60 2.3 -5112 2148
448894 60 2.3 -4832 1900
454684 60 2.3 -4684 458
460548 60 2.3 -5124 -2320
466489 60 2.3 -4940 2476
472505 60 2.3 -4704 -1130
478600 60 2.3 -4612 148
484773 60 2.3 -4692 -528
491025 60 2.3 -4716 780
497358 60 2.3 -4996 1550
503773 60 2.3 -4644 -134
510271 60 2.3 -5040 1952
516852 60 2.3 -4880 2304
523519 60 2.3 -5308 2576
530271 60 2.3 -5084 2120
537111 60 2.3 -4856 -680
544038 60 2.3 -4696 -1526
551055 60 2.3 -4332 472
558163 60 2.3 -4948 974
565362 60 2.3 -4704 2130
572654 60 2.3 -4952 -1936
580040 60 2.3 -4980 -334
587521 60 2.3 -5200 2648
595099 60 2.3 -4760 1604
602775 60 2.3 -4776 -1612
610549 60 2.3 -4740 -1132
618424 60 2.3 -4932 -1000
626400 60 2.3 -4836 -2060
634480 60 2.3 -4436 -1040
642663 60 2.3 -4936 2252
650952 60 2.3 -4968 1778
659348 60 2.3 -4940 1490
667853 60 2.3 -4784 926
676467 60 2.3 -4884 1996
685192 60 2.3 -4672 -108
694029 60 2.3 -4616 1344
702981 60 2.3 -5088 -2270
712048 60 2.3 -4924 608
721232 60 2.3 -4712 -1476
730534 60 2.3 -4684 584
739957 60 2.3 -4616 -400
749500 60 2.3 -4888 2176
759168 60 2.3 -4536 -486
768959 60 2.3 -5076 -2222
778877 60 2.3 -5060 2352
788923 60 2.3 -5388 -2662
799099 60 2.3 -4868 -1922
809405 60 2.3 -5044 -1208
819845 60 2.3 -5072 2266
830419 60 2.3 -4892 2028
841130 60 2.3 -4736 -794
851979 60 2.3 -4720 1126
862968 60 2.3 -4900 -2136
874098 60 2.3 -4672 -770
885373 60 2.3 -4932 -1790
896792 60 2.3 -4740 -104
908359 60 2.3 -4656 -968
920075 60 2.3 -4900 1464
931942 60 2.3 -4804 -726
943962 60 2.3 -4728 2190
956137 60 2.3 -4736 464
968470 60 2.3 -5032 2254
980961 60 2.3 -5072 -1958
993613 60 2.3 -4900 -666
999999 60 2.3 -4832 -1636
