3 100 2.2 -17480 9238
4 100 2.2 -17148 9074
5 100 2.2 -16824 8964
6 100 2.2 -16712 8894
7 100 2.2 -16600 8824
8 100 2.2 -16160 8612
9 100 2.2 -15884 8420
10 100 2.2 -16000 8448
11 100 2.2 -16124 8422
12 100 2.2 -16068 8428
13 100 2.2 -15800 8276
14 100 2.2 -16012 8344
15 100 2.2 -15960 8338
16 100 2.2 -15964 8336
17 100 2.2 -15804 8232
18 100 2.2 -15812 8346
19 100 2.2 -15628 8192
20 100 2.2 -15632 8178
21 100 2.2 -15908 8290
22 100 2.2 -16156 8358
23 100 2.2 -16140 8352
24 100 2.2 -15976 8338
25 100 2.2 -15584 8186
26 100 2.2 -15576 8162
27 100 2.2 -15824 8224
28 100 2.2 -15796 8256
29 100 2.2 -15644 8252
30 100 2.2 -15408 8124
31 100 2.2 -15432 8044
32 100 2.2 -15556 8058
33 100 2.2 -15508 8072
34 100 2.2 -15864 8204
35 100 2.2 -15740 8218
36 100 2.2 -15548 8102
37 100 2.2 -15532 8132
38 100 2.2 -15332 8002
39 100 2.2 -15352 7990
40 100 2.2 -15392 7966
41 100 2.2 -15360 7936
42 100 2.2 -15384 7962
43 100 2.2 -15480 7998
44 100 2.2 -15524 8078
45 100 2.2 -15480 8052
46 100 2.2 -15512 8066
47 100 2.2 -15656 8002
48 100 2.2 -15596 7950
49 100 2.2 -15508 7900
50 100 2.2 -15168 7796
51 100 2.2 -15316 7876
52 100 2.2 -15528 8030
53 100 2.2 -15480 8086
54 100 2.2 -15668 8164
55 100 2.2 -15672 8146
56 100 2.2 -15636 8074
57 100 2.2 -15532 8064
58 100 2.2 -15536 8054
59 100 2.2 -15516 8024
60 100 2.2 -15312 7908
61 100 2.2 -15468 7924
62 100 2.2 -15636 8024
63 100 2.2 -15636 8054
64 100 2.2 -15572 8056
65 100 2.2 -15608 8064
66 100 2.2 -15856 8112
67 100 2.2 -15684 8024
68 100 2.2 -15464 7948
69 100 2.2 -15380 7828
70 100 2.2 -15196 7778
71 100 2.2 -15188 7720
72 100 2.2 -15384 7770
73 100 2.2 -15368 7818
74 100 2.2 -15304 7756
75 100 2.2 -15248 7710
76 100 2.2 -15116 7682
77 100 2.2 -15352 7736
78 100 2.2 -15300 7760
79 100 2.2 -15300 7788
80 100 2.2 -15120 7688
81 100 2.2 -15232 7776
82 100 2.2 -15312 7722
83 100 2.2 -15252 7678
84 100 2.2 -15500 7828
85 100 2.2 -15488 7842
86 100 2.2 -15652 7876
88 100 2.2 -15712 7912
89 100 2.2 -15772 7924
90 100 2.2 -15600 7882
91 100 2.2 -15540 7946
92 100 2.2 -15564 7916
93 100 2.2 -15484 7926
95 100 2.2 -15620 7924
96 100 2.2 -15488 7854
97 100 2.2 -15404 7974
98 100 2.2 -15248 7908
99 100 2.2 -15416 7988
101 100 2.2 -15480 8076
102 100 2.2 -15464 8046
103 100 2.2 -15476 8046
105 100 2.2 -15636 8118
106 100 2.2 -15888 8220
107 100 2.2 -15860 8234
109 100 2.2 -15836 8138
110 100 2.2 -15868 8072
112 100 2.2 -15892 8018
113 100 2.2 -15692 7996
114 100 2.2 -15520 7944
116 100 2.2 -15528 7912
117 100 2.2 -15304 7826
119 100 2.2 -15548 7850
120 100 2.2 -15380 7776
122 100 2.2 -15352 7866
124 100 2.2 -15592 7990
125 100 2.2 -15820 8016
127 100 2.2 -15688 8008
128 100 2.2 -15516 7960
130 100 2.2 -15576 7968
132 100 2.2 -15580 7974
133 100 2.2 -15500 7956
135 100 2.2 -15532 7878
137 100 2.2 -15580 7938
139 100 2.2 -15756 8106
140 100 2.2 -15924 8160
142 100 2.2 -15692 8040
144 100 2.2 -15556 7956
146 100 2.2 -15816 8028
148 100 2.2 -15520 7962
150 100 2.2 -15672 8164
152 100 2.2 -15884 8230
154 100 2.2 -15692 8138
155 100 2.2 -15756 8112
157 100 2.2 -15476 8060
160 100 2.2 -15696 7984
162 100 2.2 -15416 7844
164 100 2.2 -15628 7962
166 100 2.2 -15528 7904
168 100 2.2 -15412 7898
170 100 2.2 -15424 7838
172 100 2.2 -15288 7718
174 100 2.2 -15224 7648
177 100 2.2 -15228 7732
179 100 2.2 -15568 7888
181 100 2.2 -15624 7916
184 100 2.2 -15284 7884
186 100 2.2 -15632 8014
188 100 2.2 -15420 7894
191 100 2.2 -15492 7914
193 100 2.2 -15468 7908
196 100 2.2 -15184 7864
198 100 2.2 -15424 7934
201 100 2.2 -15300 7924
203 100 2.2 -15464 8088
206 100 2.2 -15464 8060
209 100 2.2 -15444 8064
211 100 2.2 -15440 7974
214 100 2.2 -15700 8104
217 100 2.2 -15644 8102
220 100 2.2 -15492 8076
222 100 2.2 -15636 8122
225 100 2.2 -15252 8054
228 100 2.2 -15564 8242
231 100 2.2 -15680 8268
234 100 2.2 -15592 8084
237 100 2.2 -15560 8006
240 100 2.2 -15524 8108
243 100 2.2 -15576 8030
246 100 2.2 -15788 8174
250 100 2.2 -15948 8224
253 100 2.2 -15648 8160
256 100 2.2 -15396 7980
259 100 2.2 -15684 8002
263 100 2.2 -15520 7910
266 100 2.2 -15560 8020
269 100 2.2 -15532 7972
273 100 2.2 -15380 7810
276 100 2.2 -15532 7808
280 100 2.2 -15484 7738
284 100 2.2 -15484 7656
287 100 2.2 -15148 7658
291 100 2.2 -15588 7776
295 100 2.2 -15564 7706
298 100 2.2 -15336 7676
302 100 2.2 -15028 7660
306 100 2.2 -15516 7776
310 100 2.2 -15280 7668
314 100 2.2 -15444 7698
318 100 2.2 -15396 7718
322 100 2.2 -15752 7856
326 100 2.2 -15260 7586
331 100 2.2 -15308 7672
335 100 2.2 -15616 7716
339 100 2.2 -15512 7688
344 100 2.2 -15228 7484
348 100 2.2 -15212 7686
352 100 2.2 -15344 7974
357 100 2.2 -15748 8128
362 100 2.2 -15868 8118
366 100 2.2 -15436 7912
371 100 2.2 -15320 7986
376 100 2.2 -15868 8106
381 100 2.2 -15644 8014
385 100 2.2 -15528 8010
390 100 2.2 -15364 7812
395 100 2.2 -15672 8076
401 100 2.2 -15828 8230
406 100 2.2 -15484 8110
411 100 2.2 -15688 8088
416 100 2.2 -15504 7938
422 100 2.2 -15564 7906
427 100 2.2 -15332 7804
433 100 2.2 -15476 7920
438 100 2.2 -15300 7828
444 100 2.2 -15400 7882
449 100 2.2 -15540 7972
455 100 2.2 -15704 7940
461 100 2.2 -15636 7892
467 100 2.2 -15468 7730
473 100 2.2 -15448 7792
479 100 2.2 -15556 7868
485 100 2.2 -15076 7682
492 100 2.2 -15240 7632
498 100 2.2 -15296 7672
504 100 2.2 -15500 7938
511 100 2.2 -15496 7768
517 100 2.2 -15164 7730
524 100 2.2 -15108 7652
531 100 2.2 -15424 7724
538 100 2.2 -15176 7654
545 100 2.2 -15388 7828
552 100 2.2 -15924 8106
559 100 2.2 -15136 7754
566 100 2.2 -15488 7966
573 100 2.2 -15476 7940
581 100 2.2 -15576 7956
588 100 2.2 -15396 8010
596 100 2.2 -15312 7894
603 100 2.2 -15260 7732
611 100 2.2 -15176 7688
619 100 2.2 -15720 7958
627 100 2.2 -15620 8160
635 100 2.2 -15680 8268
643 100 2.2 -15712 8282
652 100 2.2 -15436 8062
660 100 2.2 -15768 8210
668 100 2.2 -15408 8160
677 100 2.2 -15680 8140
686 100 2.2 -15832 8184
695 100 2.2 -15808 8268
704 100 2.2 -15528 8086
713 100 2.2 -15636 8106
722 100 2.2 -16064 8152
731 100 2.2 -15364 7822
741 100 2.2 -15188 7554
750 100 2.2 -15376 7608
760 100 2.2 -15524 7714
770 100 2.2 -15048 7346
780 100 2.2 -14724 6868
790 100 2.2 -14740 6996
800 100 2.2 -15184 7122
810 100 2.2 -14728 6832
821 100 2.2 -14552 6994
831 100 2.2 -14840 7154
842 100 2.2 -14928 7236
853 100 2.2 -15436 7494
864 100 2.2 -15268 7398
875 100 2.2 -15356 7504
886 100 2.2 -15280 7568
897 100 2.2 -15448 7696
909 100 2.2 -15556 7726
921 100 2.2 -15532 7614
933 100 2.2 -15484 7756
945 100 2.2 -15684 7828
957 100 2.2 -15444 7566
969 100 2.2 -15004 7344
982 100 2.2 -15192 7242
994 100 2.2 -15300 7416
1007 100 2.2 -14508 7116
1020 100 2.2 -15184 7576
1033 100 2.2 -15432 7698
1047 100 2.2 -15640 7894
1060 100 2.2 -15452 7706
1074 100 2.2 -15052 7358
1088 100 2.2 -15224 7380
1102 100 2.2 -15796 7866
1116 100 2.2 -15700 7758
1130 100 2.2 -15264 7568
1145 100 2.2 -15556 7778
1160 100 2.2 -15424 7672
1174 100 2.2 -15224 7552
1190 100 2.2 -15332 7432
1205 100 2.2 -15592 7650
1220 100 2.2 -15268 7410
1236 100 2.2 -14852 7088
1252 100 2.2 -15328 7382
1268 100 2.2 -15208 7328
1285 100 2.2 -15032 7502
1301 100 2.2 -15260 7948
1318 100 2.2 -16168 8572
1335 100 2.2 -15852 8178
1352 100 2.2 -15296 7816
1370 100 2.2 -15472 8018
1387 100 2.2 -14888 7520
1405 100 2.2 -15444 7938
1423 100 2.2 -15836 8008
1442 100 2.2 -15680 8264
1460 100 2.2 -15572 8008
1479 100 2.2 -15580 7914
1498 100 2.2 -15628 8210
1517 100 2.2 -15680 8138
1537 100 2.2 -15856 8146
1557 100 2.2 -15404 8000
1577 100 2.2 -15956 8236
1597 100 2.2 -15564 7944
1618 100 2.2 -15988 8256
1639 100 2.2 -15420 8118
1660 100 2.2 -15552 8116
1681 100 2.2 -15880 8084
1703 100 2.2 -15508 7870
1725 100 2.2 -15236 7610
1747 100 2.2 -15444 7784
1770 100 2.2 -15428 7800
1792 100 2.2 -15164 7888
1816 100 2.2 -15724 8248
1839 100 2.2 -15528 8044
1863 100 2.2 -15876 8302
1887 100 2.2 -15860 8316
1911 100 2.2 -15376 8136
1936 100 2.2 -15832 8120
1961 100 2.2 -15396 7866
1986 100 2.2 -15584 7860
2012 100 2.2 -15848 7936
2037 100 2.2 -15524 7970
2064 100 2.2 -15528 8158
2090 100 2.2 -15196 7794
2117 100 2.2 -15412 7916
2145 100 2.2 -15460 7864
2172 100 2.2 -15416 8024
2200 100 2.2 -15228 7784
2229 100 2.2 -15496 7972
2257 100 2.2 -15452 7990
2286 100 2.2 -15384 7862
2316 100 2.2 -15508 7984
2346 100 2.2 -15800 8156
2376 100 2.2 -15620 8136
2407 100 2.2 -15772 8062
2438 100 2.2 -15504 8044
2469 100 2.2 -15508 7702
2501 100 2.2 -15612 7698
2533 100 2.2 -15260 7418
2566 100 2.2 -14824 7206
2599 100 2.2 -15148 7528
2633 100 2.2 -15212 7416
2667 100 2.2 -15244 7798
2701 100 2.2 -16004 8222
2736 100 2.2 -15512 7980
2771 100 2.2 -15172 7912
2807 100 2.2 -15252 7886
2843 100 2.2 -15584 8090
2880 100 2.2 -15628 8162
2917 100 2.2 -15632 8114
2954 100 2.2 -15596 8098
2992 100 2.2 -15684 8144
3031 100 2.2 -15200 7730
3070 100 2.2 -15568 7830
3110 100 2.2 -15424 7788
3150 100 2.2 -15388 7652
3190 100 2.2 -15580 8008
3232 100 2.2 -15160 7830
3273 100 2.2 -15360 8004
3315 100 2.2 -15516 8016
3358 100 2.2 -15744 8252
3402 100 2.2 -15608 8166
3445 100 2.2 -15140 7668
3490 100 2.2 -15336 7526
3535 100 2.2 -15192 7696
3580 100 2.2 -15684 7828
3627 100 2.2 -15500 7780
3673 100 2.2 -15428 7816
3721 100 2.2 -15300 7432
3769 100 2.2 -15228 7644
3817 100 2.2 -15680 8026
3867 100 2.2 -15544 7826
3916 100 2.2 -15788 8380
3967 100 2.2 -15568 8062
4018 100 2.2 -15276 7636
4070 100 2.2 -15112 7578
4122 100 2.2 -15620 8110
4176 100 2.2 -15920 8438
4229 100 2.2 -15768 8192
4284 100 2.2 -15496 8124
4339 100 2.2 -15352 7754
4395 100 2.2 -15404 7756
4452 100 2.2 -15232 7396
4509 100 2.2 -15168 7240
4567 100 2.2 -15204 7350
4626 100 2.2 -15504 7670
4686 100 2.2 -15448 7968
4746 100 2.2 -15276 7916
4808 100 2.2 -15508 8048
4870 100 2.2 -15464 7782
4932 100 2.2 -15260 7448
4996 100 2.2 -15096 7372
5060 100 2.2 -15276 7724
5126 100 2.2 -15176 7680
5192 100 2.2 -15920 8260
5259 100 2.2 -15236 8004
5327 100 2.2 -15088 7386
5395 100 2.2 -15740 8018
5465 100 2.2 -15120 7810
5535 100 2.2 -15556 8004
5607 100 2.2 -15440 7948
5679 100 2.2 -15340 8080
5752 100 2.2 -15532 8104
5826 100 2.2 -15376 7876
5902 100 2.2 -15256 7880
5978 100 2.2 -15448 7820
6055 100 2.2 -15484 7862
6133 100 2.2 -15768 8224
6212 100 2.2 -15328 7942
6292 100 2.2 -15384 7936
6373 100 2.2 -15916 8202
6455 100 2.2 -15224 8006
6539 100 2.2 -15616 8064
6623 100 2.2 -15480 7946
6708 100 2.2 -15476 7406
6795 100 2.2 -15348 7498
6883 100 2.2 -15440 7738
6971 100 2.2 -15712 7978
7061 100 2.2 -15720 8062
7152 100 2.2 -15124 7478
7245 100 2.2 -15692 8172
7338 100 2.2 -15352 7692
7433 100 2.2 -15504 7634
7529 100 2.2 -14932 7608
7626 100 2.2 -15316 7482
7724 100 2.2 -15280 7864
7824 100 2.2 -15596 8052
7925 100 2.2 -15784 8066
8027 100 2.2 -15740 7954
8130 100 2.2 -15176 7104
8235 100 2.2 -15376 7574
8341 100 2.2 -15528 7742
8449 100 2.2 -15020 6864
8558 100 2.2 -15220 7510
8668 100 2.2 -15940 8420
8780 100 2.2 -15304 7926
8893 100 2.2 -15616 8010
9008 100 2.2 -15080 7402
9124 100 2.2 -15160 7480
9242 100 2.2 -15008 7226
9361 100 2.2 -15548 7690
9482 100 2.2 -15604 7980
9604 100 2.2 -15760 8284
9728 100 2.2 -15372 7860
9853 100 2.2 -15580 7972
9980 100 2.2 -15696 8236
10109 100 2.2 -14980 7670
10240 100 2.2 -15068 7522
10372 100 2.2 -15304 7948
10505 100 2.2 -15084 7390
10641 100 2.2 -15652 7720
10778 100 2.2 -15324 7340
10917 100 2.2 -15672 8154
11058 100 2.2 -15576 7862
11201 100 2.2 -15540 8040
11345 100 2.2 -15496 7940
11491 100 2.2 -15140 7346
11640 100 2.2 -14940 7270
11790 100 2.2 -15260 6906
11942 100 2.2 -15264 7352
12096 100 2.2 -15440 7740
12252 100 2.2 -15492 7644
12410 100 2.2 -15692 7742
12570 100 2.2 -15032 7180
12732 100 2.2 -15188 7614
12896 100 2.2 -15388 7970
13062 100 2.2 -15688 8020
13231 100 2.2 -15708 8074
13402 100 2.2 -15580 8108
13574 100 2.2 -15960 8300
13750 100 2.2 -15456 7836
13927 100 2.2 -15400 7792
14106 100 2.2 -15696 8118
14288 100 2.2 -15420 8074
14473 100 2.2 -15472 7586
14659 100 2.2 -15352 7882
14848 100 2.2 -15776 8246
15040 100 2.2 -15068 7820
15234 100 2.2 -15332 7822
15430 100 2.2 -15804 8074
15629 100 2.2 -15648 8198
15831 100 2.2 -15700 7948
16035 100 2.2 -15476 8020
16242 100 2.2 -15344 7944
16451 100 2.2 -15800 8306
16664 100 2.2 -15916 8248
16879 100 2.2 -15584 8046
17096 100 2.2 -15912 8230
17317 100 2.2 -15572 7896
17540 100 2.2 -15544 7878
17766 100 2.2 -15544 8128
17995 100 2.2 -16016 8416
18228 100 2.2 -15100 7378
18463 100 2.2 -15048 7520
18701 100 2.2 -15572 7764
18942 100 2.2 -15708 7478
19186 100 2.2 -14956 7558
19434 100 2.2 -15268 7682
19684 100 2.2 -15752 8074
19938 100 2.2 -15812 7986
20195 100 2.2 -15272 7892
20456 100 2.2 -15604 7822
20720 100 2.2 -15392 7422
20987 100 2.2 -15212 7528
21258 100 2.2 -15820 8210
21532 100 2.2 -15728 7896
21810 100 2.2 -15512 7128
22091 100 2.2 -15044 6874
22376 100 2.2 -15372 7458
22664 100 2.2 -15168 7136
22957 100 2.2 -15360 7770
23253 100 2.2 -15304 7724
23553 100 2.2 -15188 7554
23856 100 2.2 -15544 7852
24164 100 2.2 -15776 8018
24476 100 2.2 -15068 7732
24791 100 2.2 -14760 6928
25111 100 2.2 -15308 7852
25435 100 2.2 -15472 7870
25763 100 2.2 -15032 7002
26095 100 2.2 -15868 8346
26432 100 2.2 -15460 7708
26773 100 2.2 -15420 7680
27118 100 2.2 -15604 8218
27468 100 2.2 -15448 8044
27822 100 2.2 -15516 8046
28181 100 2.2 -16376 8448
28545 100 2.2 -15492 8068
28913 100 2.2 -15276 7694
29286 100 2.2 -15584 8026
29663 100 2.2 -15548 7386
30046 100 2.2 -15536 7510
30434 100 2.2 -15756 8056
30826 100 2.2 -15416 7870
31224 100 2.2 -15880 8018
31626 100 2.2 -15480 7860
32034 100 2.2 -15596 7742
32447 100 2.2 -15076 7452
32866 100 2.2 -15412 7586
33290 100 2.2 -15324 7710
33719 100 2.2 -15492 7798
34154 100 2.2 -15380 7620
34595 100 2.2 -15672 8162
35041 100 2.2 -15516 7908
35493 100 2.2 -14920 7414
35951 100 2.2 -15428 7540
36414 100 2.2 -15672 8222
36884 100 2.2 -15856 8094
37360 100 2.2 -15560 7966
37841 100 2.2 -15708 8170
38330 100 2.2 -15600 8056
38824 100 2.2 -15444 7854
39325 100 2.2 -15780 8264
39832 100 2.2 -15292 7706
40346 100 2.2 -15544 8046
40866 100 2.2 -15032 6582
41393 100 2.2 -15092 7680
41927 100 2.2 -15580 7822
42468 100 2.2 -15180 7372
43015 100 2.2 -15064 7114
43570 100 2.2 -15688 8100
44132 100 2.2 -15932 8136
44701 100 2.2 -15940 8332
45278 100 2.2 -15552 8130
45862 100 2.2 -15328 7948
46453 100 2.2 -15808 7994
47053 100 2.2 -15524 8004
47660 100 2.2 -15568 7844
48274 100 2.2 -15828 8102
48897 100 2.2 -15456 7958
49528 100 2.2 -15264 7602
50166 100 2.2 -15268 7952
50813 100 2.2 -15672 7898
51469 100 2.2 -15164 7392
52133 100 2.2 -15684 7842
52805 100 2.2 -15704 8208
53486 100 2.2 -15208 7770
54176 100 2.2 -15568 8048
54875 100 2.2 -15436 8108
55582 100 2.2 -15168 7402
56299 100 2.2 -15288 7620
57025 100 2.2 -15292 7896
57761 100 2.2 -15528 7868
58506 100 2.2 -15508 7738
59261 100 2.2 -15712 8010
60025 100 2.2 -15080 7688
60799 100 2.2 -15644 8090
61583 100 2.2 -15368 7702
62378 100 2.2 -15156 7626
63182 100 2.2 -15508 7614
63997 100 2.2 -15360 7620
64822 100 2.2 -15448 7798
65658 100 2.2 -15304 7924
66505 100 2.2 -15536 8142
67363 100 2.2 -15524 7910
68232 100 2.2 -15636 8154
69112 100 2.2 -15472 7980
70003 100 2.2 -15592 8010
70906 100 2.2 -15424 7998
71821 100 2.2 -15668 7918
72747 100 2.2 -15724 8252
73685 100 2.2 -15580 8064
74636 100 2.2 -15568 8120
75599 100 2.2 -15384 7824
76574 100 2.2 -15676 8166
77561 100 2.2 -15400 7682
78562 100 2.2 -15580 8080
79575 100 2.2 -15808 8096
80601 100 2.2 -15080 7792
81641 100 2.2 -15596 8024
82694 100 2.2 -15752 8280
83760 100 2.2 -15736 8172
84841 100 2.2 -15628 7872
85935 100 2.2 -15480 7870
87043 100 2.2 -15048 6990
88166 100 2.2 -15332 7618
89303 100 2.2 -14932 7354
90455 100 2.2 -15220 7608
91622 100 2.2 -14844 7506
92803 100 2.2 -15428 7574
94000 100 2.2 -15580 8048
95213 100 2.2 -15808 8134
96441 100 2.2 -15296 7776
97685 100 2.2 -15500 7878
98945 100 2.2 -15160 7404
100221 100 2.2 -15044 7596
101513 100 2.2 -15704 8144
102823 100 2.2 -15620 8034
104149 100 2.2 -15936 8188
105492 100 2.2 -15364 8122
106853 100 2.2 -15284 7972
108231 100 2.2 -15416 8118
109627 100 2.2 -15664 8060
111041 100 2.2 -15704 8180
112473 100 2.2 -15528 8056
113924 100 2.2 -15236 7526
115393 100 2.2 -14996 7564
116882 100 2.2 -15764 8234
118389 100 2.2 -15652 8226
119916 100 2.2 -15192 7778
121463 100 2.2 -15340 7810
123029 100 2.2 -15684 8048
124616 100 2.2 -15516 8024
126224 100 2.2 -14940 7694
127852 100 2.2 -15056 7764
129501 100 2.2 -15032 7266
131171 100 2.2 -15484 7628
132863 100 2.2 -15088 7418
134576 100 2.2 -15928 8002
136312 100 2.2 -15476 7764
138070 100 2.2 -15560 8206
139851 100 2.2 -15440 8032
141655 100 2.2 -15304 7602
143482 100 2.2 -15276 7500
145333 100 2.2 -15772 8072
147207 100 2.2 -15456 8014
149106 100 2.2 -15672 8214
151029 100 2.2 -15880 7836
152977 100 2.2 -15292 7836
154950 100 2.2 -15684 8046
156948 100 2.2 -15640 8090
158973 100 2.2 -15244 7036
161023 100 2.2 -15352 7502
163100 100 2.2 -15240 7806
165204 100 2.2 -15396 7924
167334 100 2.2 -15480 7948
169493 100 2.2 -15700 7992
171679 100 2.2 -15512 8080
173893 100 2.2 -16340 8566
176136 100 2.2 -15596 7732
178408 100 2.2 -15372 7818
180709 100 2.2 -15440 7516
183040 100 2.2 -15356 7788
185400 100 2.2 -15372 7998
187792 100 2.2 -15988 8324
190214 100 2.2 -15584 8052
192667 100 2.2 -15036 7144
195152 100 2.2 -15544 7706
197669 100 2.2 -14816 7284
200219 100 2.2 -15200 7800
202801 100 2.2 -15548 7742
205417 100 2.2 -15388 7728
208066 100 2.2 -15092 7696
210750 100 2.2 -15492 7658
213468 100 2.2 -15244 7576
216222 100 2.2 -15448 7756
219010 100 2.2 -14800 7290
221835 100 2.2 -15724 8344
224696 100 2.2 -15652 8026
227595 100 2.2 -15368 7766
230530 100 2.2 -15624 7810
233503 100 2.2 -15784 8200
236515 100 2.2 -15316 7530
239566 100 2.2 -15776 8166
242656 100 2.2 -15744 8358
245785 100 2.2 -15704 7908
248956 100 2.2 -15444 8002
252167 100 2.2 -14664 7518
255419 100 2.2 -15380 7750
258713 100 2.2 -15384 7656
262050 100 2.2 -15400 8122
265430 100 2.2 -15600 8028
268854 100 2.2 -15604 7566
272321 100 2.2 -15392 7786
275834 100 2.2 -15456 8112
279391 100 2.2 -15824 8280
282995 100 2.2 -15452 7720
286645 100 2.2 -14956 7286
290342 100 2.2 -15508 7232
294087 100 2.2 -15104 7538
297880 100 2.2 -15576 8144
301722 100 2.2 -15132 7690
305614 100 2.2 -15516 8034
309556 100 2.2 -15372 7822
313548 100 2.2 -15720 8128
317592 100 2.2 -15448 7676
321689 100 2.2 -15540 8098
325838 100 2.2 -15432 7890
330040 100 2.2 -15528 8178
334297 100 2.2 -15200 7782
338609 100 2.2 -14968 7472
342976 100 2.2 -15128 7376
347400 100 2.2 -15216 7784
351881 100 2.2 -16000 8280
356419 100 2.2 -15472 8032
361016 100 2.2 -15488 7676
365673 100 2.2 -15492 7728
370389 100 2.2 -15384 7768
375167 100 2.2 -15760 8276
380005 100 2.2 -15268 7916
384907 100 2.2 -15420 7810
389871 100 2.2 -15688 8036
394900 100 2.2 -15240 7590
399993 100 2.2 -15760 8312
405152 100 2.2 -15868 8282
410378 100 2.2 -15616 7568
415671 100 2.2 -15364 8106
421032 100 2.2 -15452 7880
426463 100 2.2 -15540 8004
431963 100 2.2 -15564 7930
437535 100 2.2 -15604 8006
443178 100 2.2 -15572 8044
448894 100 2.2 -15376 7660
454684 100 2.2 -15304 7934
460548 100 2.2 -15540 7880
466489 100 2.2 -15012 7562
472505 100 2.2 -15168 7798
478600 100 2.2 -15180 7628
484773 100 2.2 -15804 8142
491025 100 2.2 -15488 8006
497358 100 2.2 -14932 7492
503773 100 2.2 -15576 8018
510271 100 2.2 -15664 8104
516852 100 2.2 -15328 7756
523519 100 2.2 -15296 7532
530271 100 2.2 -15740 8012
537111 100 2.2 -15340 7372
544038 100 2.2 -15568 8256
551055 100 2.2 -15692 7964
558163 100 2.2 -15672 7862
565362 100 2.2 -15280 7566
572654 100 2.2 -15464 7922
580040 100 2.2 -15376 7722
587521 100 2.2 -15612 7836
595099 100 2.2 -15092 7732
602775 100 2.2 -15020 7846
610549 100 2.2 -15040 7022
618424 100 2.2 -15568 7988
626400 100 2.2 -15756 8130
634480 100 2.2 -15380 7542
642663 100 2.2 -15284 7124
650952 100 2.2 -15404 7928
659348 100 2.2 -15468 7756
667853 100 2.2 -15112 7334
676467 100 2.2 -15640 8186
685192 100 2.2 -15712 8082
694029 100 2.2 -15284 7714
702981 100 2.2 -15624 7856
712048 100 2.2 -15920 8208
721232 100 2.2 -15728 7940
730534 100 2.2 -15124 7362
739957 100 2.2 -15876 8228
749500 100 2.2 -15392 7900
759168 100 2.2 -15236 7648
768959 100 2.2 -15392 7924
778877 100 2.2 -15304 7640
788923 100 2.2 -15228 7608
799099 100 2.2 -15536 8108
809405 100 2.2 -15188 7598
819845 100 2.2 -15600 7680
830419 100 2.2 -15160 7162
841130 100 2.2 -15232 7684
851979 100 2.2 -15468 7898
862968 100 2.2 -15880 8260
874098 100 2.2 -15228 7714
885373 100 2.2 -15884 8294
896792 100 2.2 -15564 7982
908359 100 2.2 -15792 8284
920075 100 2.2 -14964 7710
931942 100 2.2 -15188 7720
943962 100 2.2 -15480 8010
956137 100 2.2 -14860 6900
968470 100 2.2 -15368 7638
980961 100 2.2 -15432 7992
993613 100 2.2 -15468 8080
999999 100 2.2 -15372 7652
