3 100 2.3 -16760 8904
4 100 2.3 -16300 8716
5 100 2.3 -16028 8578
6 100 2.3 -15700 8452
7 100 2.3 -15652 8308
8 100 2.3 -15396 8170
9 100 2.3 -15028 8012
10 100 2.3 -15068 8012
11 100 2.3 -14928 7938
12 100 2.3 -14864 7934
13 100 2.3 -14988 7942
14 100 2.3 -14780 7842
15 100 2.3 -14656 7810
16 100 2.3 -14756 7886
17 100 2.3 -14832 7900
18 100 2.3 -15100 8062
19 100 2.3 -15472 8208
20 100 2.3 -15084 8038
21 100 2.3 -14848 7922
22 100 2.3 -14972 7928
23 100 2.3 -15096 8022
24 100 2.3 -15080 7932
25 100 2.3 -15240 8014
26 100 2.3 -15228 8016
27 100 2.3 -14896 7766
28 100 2.3 -14824 7804
29 100 2.3 -14612 7628
30 100 2.3 -14740 7600
31 100 2.3 -14544 7650
32 100 2.3 -14668 7684
33 100 2.3 -14956 7744
34 100 2.3 -14796 7684
35 100 2.3 -14636 7652
36 100 2.3 -14648 7624
37 100 2.3 -14528 7492
38 100 2.3 -14496 7536
39 100 2.3 -14500 7496
40 100 2.3 -14624 7558
41 100 2.3 -14772 7528
42 100 2.3 -14748 7492
43 100 2.3 -14988 7602
44 100 2.3 -14808 7592
45 100 2.3 -14540 7498
46 100 2.3 -14508 7398
47 100 2.3 -14732 7438
48 100 2.3 -14568 7396
49 100 2.3 -14724 7370
50 100 2.3 -14740 7322
51 100 2.3 -14440 7236
52 100 2.3 -14464 7296
53 100 2.3 -14512 7328
54 100 2.3 -14476 7276
55 100 2.3 -14372 7264
56 100 2.3 -14448 7272
57 100 2.3 -14540 7288
58 100 2.3 -14760 7276
59 100 2.3 -14648 7236
60 100 2.3 -14460 7210
61 100 2.3 -14600 7294
62 100 2.3 -14536 7268
63 100 2.3 -14620 7272
64 100 2.3 -14652 7194
65 100 2.3 -14732 7272
66 100 2.3 -14872 7444
67 100 2.3 -14672 7370
68 100 2.3 -14728 7436
69 100 2.3 -14520 7386
70 100 2.3 -14624 7380
71 100 2.3 -14412 7154
72 100 2.3 -14000 6946
73 100 2.3 -14092 7000
74 100 2.3 -14244 7082
75 100 2.3 -14532 7246
76 100 2.3 -14424 7190
77 100 2.3 -14372 7092
78 100 2.3 -14448 7208
79 100 2.3 -14300 7226
80 100 2.3 -14324 7144
81 100 2.3 -14276 7132
82 100 2.3 -14452 7278
83 100 2.3 -14544 7244
84 100 2.3 -14764 7360
85 100 2.3 -14504 7320
86 100 2.3 -14680 7396
88 100 2.3 -14256 7208
89 100 2.3 -14284 7200
90 100 2.3 -14584 7218
91 100 2.3 -14440 7078
92 100 2.3 -14256 6968
93 100 2.3 -14216 6998
95 100 2.3 -14160 7048
96 100 2.3 -14240 7026
97 100 2.3 -14196 6998
98 100 2.3 -14172 7002
99 100 2.3 -14240 7048
101 100 2.3 -14636 7178
102 100 2.3 -14344 7098
103 100 2.3 -14256 7018
105 100 2.3 -14192 6926
106 100 2.3 -14232 6954
107 100 2.3 -14160 6834
109 100 2.3 -14144 6754
110 100 2.3 -13796 6638
112 100 2.3 -13772 6584
113 100 2.3 -13848 6598
114 100 2.3 -13848 6644
116 100 2.3 -13792 6602
117 100 2.3 -13812 6548
119 100 2.3 -14144 6760
120 100 2.3 -14156 6644
122 100 2.3 -14136 6660
124 100 2.3 -14260 6828
125 100 2.3 -14268 6892
127 100 2.3 -14584 6928
128 100 2.3 -14432 6938
130 100 2.3 -13932 6886
132 100 2.3 -14072 6902
133 100 2.3 -14060 6868
135 100 2.3 -14148 6802
137 100 2.3 -14244 6776
139 100 2.3 -14160 6808
140 100 2.3 -14164 6804
142 100 2.3 -14072 6746
144 100 2.3 -14008 6894
146 100 2.3 -13880 6932
148 100 2.3 -13844 6882
150 100 2.3 -13932 6968
152 100 2.3 -14136 6930
154 100 2.3 -14496 7076
155 100 2.3 -14624 7140
157 100 2.3 -14484 7116
160 100 2.3 -14360 7126
162 100 2.3 -14552 7394
164 100 2.3 -14472 7368
166 100 2.3 -14528 7262
168 100 2.3 -14364 7170
170 100 2.3 -14316 7052
172 100 2.3 -14104 7084
174 100 2.3 -14276 7080
177 100 2.3 -13944 6940
179 100 2.3 -14292 7030
181 100 2.3 -14128 6904
184 100 2.3 -13920 6752
186 100 2.3 -13656 6670
188 100 2.3 -13640 6594
191 100 2.3 -14176 6872
193 100 2.3 -14124 6778
196 100 2.3 -14060 6636
198 100 2.3 -14000 6556
201 100 2.3 -13980 6446
203 100 2.3 -14332 6492
206 100 2.3 -14044 6466
209 100 2.3 -13940 6592
211 100 2.3 -14024 6630
214 100 2.3 -13720 6360
217 100 2.3 -14032 6338
220 100 2.3 -13864 6384
222 100 2.3 -13868 6256
225 100 2.3 -14084 6484
228 100 2.3 -13864 6504
231 100 2.3 -13576 6384
234 100 2.3 -13692 6278
237 100 2.3 -13632 6436
240 100 2.3 -13544 6396
243 100 2.3 -13964 6664
246 100 2.3 -13936 6714
250 100 2.3 -14152 6932
253 100 2.3 -14188 6974
256 100 2.3 -14360 7142
259 100 2.3 -14428 7226
263 100 2.3 -14396 7230
266 100 2.3 -13972 6926
269 100 2.3 -13992 6914
273 100 2.3 -14292 7060
276 100 2.3 -14164 6968
280 100 2.3 -14312 6914
284 100 2.3 -14236 6898
287 100 2.3 -14260 6866
291 100 2.3 -14232 6878
295 100 2.3 -14204 6824
298 100 2.3 -14348 6752
302 100 2.3 -14636 6978
306 100 2.3 -14660 7080
310 100 2.3 -14484 7082
314 100 2.3 -14356 6996
318 100 2.3 -14308 6892
322 100 2.3 -14260 6674
326 100 2.3 -14188 6656
331 100 2.3 -13856 6534
335 100 2.3 -13436 6216
339 100 2.3 -13868 6532
344 100 2.3 -13772 6470
348 100 2.3 -13912 6418
352 100 2.3 -13972 6612
357 100 2.3 -13844 6558
362 100 2.3 -14220 6560
366 100 2.3 -13992 6530
371 100 2.3 -14220 6616
376 100 2.3 -14216 6774
381 100 2.3 -14344 6934
385 100 2.3 -14472 7006
390 100 2.3 -14260 6820
395 100 2.3 -14600 6942
401 100 2.3 -14384 6924
406 100 2.3 -14356 6668
411 100 2.3 -14452 6656
416 100 2.3 -14104 6504
422 100 2.3 -14268 6548
427 100 2.3 -13944 6312
433 100 2.3 -14020 6242
438 100 2.3 -13920 6352
444 100 2.3 -14192 6500
449 100 2.3 -14300 6336
455 100 2.3 -14156 5968
461 100 2.3 -13960 6144
467 100 2.3 -13808 5976
473 100 2.3 -13964 6166
479 100 2.3 -14088 6306
485 100 2.3 -13580 6054
492 100 2.3 -13504 5634
498 100 2.3 -13652 5642
504 100 2.3 -13884 5986
511 100 2.3 -13852 5882
517 100 2.3 -13848 5996
524 100 2.3 -13912 6186
531 100 2.3 -13692 6124
538 100 2.3 -14172 6268
545 100 2.3 -14172 6186
552 100 2.3 -13760 6202
559 100 2.3 -14344 6374
566 100 2.3 -13968 6356
573 100 2.3 -14132 6408
581 100 2.3 -13984 6476
588 100 2.3 -14040 6688
596 100 2.3 -14036 6516
603 100 2.3 -14016 6294
611 100 2.3 -13872 6264
619 100 2.3 -14304 6568
627 100 2.3 -14420 6626
635 100 2.3 -14140 6354
643 100 2.3 -14344 6658
652 100 2.3 -13772 6274
660 100 2.3 -14516 6760
668 100 2.3 -14492 6188
677 100 2.3 -14064 5798
686 100 2.3 -13620 5732
695 100 2.3 -13328 5844
704 100 2.3 -13544 6030
713 100 2.3 -14072 6080
722 100 2.3 -13992 6294
731 100 2.3 -14140 6200
741 100 2.3 -13920 6108
750 100 2.3 -13864 6056
760 100 2.3 -14184 6042
770 100 2.3 -13680 5682
780 100 2.3 -13496 5504
790 100 2.3 -13104 5132
800 100 2.3 -13892 5810
810 100 2.3 -13508 5926
821 100 2.3 -13828 5956
831 100 2.3 -14352 6206
842 100 2.3 -14248 6286
853 100 2.3 -14176 6428
864 100 2.3 -13764 6294
875 100 2.3 -13988 6276
886 100 2.3 -14232 6552
897 100 2.3 -13752 6188
909 100 2.3 -13956 5910
921 100 2.3 -13804 5726
933 100 2.3 -13892 5600
945 100 2.3 -13796 5100
957 100 2.3 -13764 4678
969 100 2.3 -13304 3988
982 100 2.3 -13608 4188
994 100 2.3 -13316 4134
1007 100 2.3 -13576 3966
1020 100 2.3 -13600 3900
1033 100 2.3 -13468 3532
1047 100 2.3 -14088 4234
1060 100 2.3 -13528 4000
1074 100 2.3 -13624 4010
1088 100 2.3 -13440 3386
1102 100 2.3 -13824 3432
1116 100 2.3 -13252 2948
1130 100 2.3 -13252 2662
1145 100 2.3 -13500 2990
1160 100 2.3 -13200 2438
1174 100 2.3 -13052 2496
1190 100 2.3 -13188 2552
1205 100 2.3 -12828 2382
1220 100 2.3 -13220 2400
1236 100 2.3 -13692 2368
1252 100 2.3 -13628 2912
1268 100 2.3 -13208 2794
1285 100 2.3 -13632 3240
1301 100 2.3 -13480 3354
1318 100 2.3 -13536 3534
1335 100 2.3 -13732 3620
1352 100 2.3 -13216 3912
1370 100 2.3 -13328 4014
1387 100 2.3 -13716 4336
1405 100 2.3 -13728 4156
1423 100 2.3 -13592 4142
1442 100 2.3 -13584 4362
1460 100 2.3 -14024 3944
1479 100 2.3 -13912 4152
1498 100 2.3 -13324 4068
1517 100 2.3 -13572 3840
1537 100 2.3 -14152 3860
1557 100 2.3 -13660 3864
1577 100 2.3 -13808 4220
1597 100 2.3 -13780 4340
1618 100 2.3 -13748 3378
1639 100 2.3 -13588 3824
1660 100 2.3 -13868 3746
1681 100 2.3 -13560 3500
1703 100 2.3 -13208 3668
1725 100 2.3 -13868 3872
1747 100 2.3 -13404 4272
1770 100 2.3 -13208 3816
1792 100 2.3 -12880 3356
1816 100 2.3 -13464 3818
1839 100 2.3 -14100 3856
1863 100 2.3 -13560 3646
1887 100 2.3 -13508 3612
1911 100 2.3 -13196 3682
1936 100 2.3 -13140 3826
1961 100 2.3 -13576 4090
1986 100 2.3 -13596 4850
2012 100 2.3 -12880 4874
2037 100 2.3 -13904 5208
2064 100 2.3 -13696 5162
2090 100 2.3 -13792 4898
2117 100 2.3 -13456 5012
2145 100 2.3 -13620 5466
2172 100 2.3 -13608 5224
2200 100 2.3 -13948 5528
2229 100 2.3 -13300 4802
2257 100 2.3 -13728 4606
2286 100 2.3 -13744 4420
2316 100 2.3 -13344 3472
2346 100 2.3 -13328 4606
2376 100 2.3 -13728 4434
2407 100 2.3 -13400 4234
2438 100 2.3 -13284 3596
2469 100 2.3 -13276 4468
2501 100 2.3 -13616 4412
2533 100 2.3 -13732 4840
2566 100 2.3 -13556 4756
2599 100 2.3 -13432 4360
2633 100 2.3 -13656 4862
2667 100 2.3 -13836 5396
2701 100 2.3 -13652 5388
2736 100 2.3 -13496 4708
2771 100 2.3 -13608 5142
2807 100 2.3 -13424 4760
2843 100 2.3 -13796 5350
2880 100 2.3 -13524 5260
2917 100 2.3 -13344 5272
2954 100 2.3 -13256 4838
2992 100 2.3 -13544 4612
3031 100 2.3 -13384 4468
3070 100 2.3 -13492 4498
3110 100 2.3 -13636 4578
3150 100 2.3 -13740 5406
3190 100 2.3 -13768 5686
3232 100 2.3 -13848 5908
3273 100 2.3 -13684 6182
3315 100 2.3 -13748 5722
3358 100 2.3 -14264 6704
3402 100 2.3 -14188 6264
3445 100 2.3 -13780 5954
3490 100 2.3 -14164 6152
3535 100 2.3 -14004 6124
3580 100 2.3 -13724 5952
3627 100 2.3 -13752 5878
3673 100 2.3 -14400 6940
3721 100 2.3 -13976 6274
3769 100 2.3 -13876 6308
3817 100 2.3 -14088 6266
3867 100 2.3 -14084 6310
3916 100 2.3 -14152 6020
3967 100 2.3 -13728 5862
4018 100 2.3 -13704 5662
4070 100 2.3 -13320 5190
4122 100 2.3 -13700 5490
4176 100 2.3 -13224 5192
4229 100 2.3 -13468 5514
4284 100 2.3 -13748 6226
4339 100 2.3 -14292 6640
4395 100 2.3 -13476 5706
4452 100 2.3 -14044 5832
4509 100 2.3 -14512 6556
4567 100 2.3 -14236 6386
4626 100 2.3 -13992 6020
4686 100 2.3 -13888 5904
4746 100 2.3 -13876 5090
4808 100 2.3 -13912 5274
4870 100 2.3 -13392 4720
4932 100 2.3 -13420 5792
4996 100 2.3 -14052 5496
5060 100 2.3 -14004 4940
5126 100 2.3 -13580 4600
5192 100 2.3 -13456 4356
5259 100 2.3 -13140 3574
5327 100 2.3 -13244 3278
5395 100 2.3 -13520 4262
5465 100 2.3 -13620 3378
5535 100 2.3 -13680 3914
5607 100 2.3 -13388 3394
5679 100 2.3 -13208 3976
5752 100 2.3 -14040 5188
5826 100 2.3 -13400 4170
5902 100 2.3 -13548 3696
5978 100 2.3 -13016 2760
6055 100 2.3 -12960 3026
6133 100 2.3 -13500 3232
6212 100 2.3 -13160 3898
6292 100 2.3 -12764 3424
6373 100 2.3 -14048 4236
6455 100 2.3 -13216 3618
6539 100 2.3 -12908 4020
6623 100 2.3 -13252 3802
6708 100 2.3 -13476 4528
6795 100 2.3 -14068 4574
6883 100 2.3 -13888 5778
6971 100 2.3 -13556 5738
7061 100 2.3 -14068 6494
7152 100 2.3 -13804 5572
7245 100 2.3 -13904 5448
7338 100 2.3 -13672 5012
7433 100 2.3 -14092 4710
7529 100 2.3 -13432 4666
7626 100 2.3 -13996 5548
7724 100 2.3 -13180 5116
7824 100 2.3 -13576 5038
7925 100 2.3 -14468 6022
8027 100 2.3 -13272 5086
8130 100 2.3 -13712 5326
8235 100 2.3 -13748 5042
8341 100 2.3 -13720 5316
8449 100 2.3 -13880 5840
8558 100 2.3 -14020 6248
8668 100 2.3 -13712 6426
8780 100 2.3 -14104 6336
8893 100 2.3 -14012 6164
9008 100 2.3 -13840 6722
9124 100 2.3 -13856 6132
9242 100 2.3 -13848 5960
9361 100 2.3 -13196 4734
9482 100 2.3 -13280 5332
9604 100 2.3 -13680 5490
9728 100 2.3 -13844 4702
9853 100 2.3 -13668 4442
9980 100 2.3 -13348 4144
10109 100 2.3 -13856 3936
10240 100 2.3 -13700 4720
10372 100 2.3 -13872 5602
10505 100 2.3 -14084 4284
10641 100 2.3 -13560 4764
10778 100 2.3 -13420 4046
10917 100 2.3 -13828 4540
11058 100 2.3 -13668 4518
11201 100 2.3 -13976 5768
11345 100 2.3 -13456 4520
11491 100 2.3 -13920 4646
11640 100 2.3 -13596 5248
11790 100 2.3 -13568 4068
11942 100 2.3 -13828 4636
12096 100 2.3 -14076 6398
12252 100 2.3 -14056 6848
12410 100 2.3 -14316 6830
12570 100 2.3 -14452 6270
12732 100 2.3 -13288 4368
12896 100 2.3 -13752 4472
13062 100 2.3 -13448 4412
13231 100 2.3 -13060 4014
13402 100 2.3 -13748 4028
13574 100 2.3 -13884 3974
13750 100 2.3 -13672 2410
13927 100 2.3 -13416 3672
14106 100 2.3 -13228 2372
14288 100 2.3 -13304 2734
14473 100 2.3 -13508 4656
14659 100 2.3 -13532 5374
14848 100 2.3 -13704 5976
15040 100 2.3 -13304 4946
15234 100 2.3 -13548 5018
15430 100 2.3 -13900 5106
15629 100 2.3 -13816 5472
15831 100 2.3 -14172 6280
16035 100 2.3 -13364 4854
16242 100 2.3 -14344 4954
16451 100 2.3 -14020 4566
16664 100 2.3 -13524 4566
16879 100 2.3 -13440 4132
17096 100 2.3 -13240 3770
17317 100 2.3 -13700 4798
17540 100 2.3 -13968 5088
17766 100 2.3 -14084 5370
17995 100 2.3 -14084 6448
18228 100 2.3 -13948 5938
18463 100 2.3 -13292 5012
18701 100 2.3 -13744 6348
18942 100 2.3 -14448 6948
19186 100 2.3 -14128 6862
19434 100 2.3 -14108 5406
19684 100 2.3 -13540 5640
19938 100 2.3 -13612 3948
20195 100 2.3 -14004 4946
20456 100 2.3 -13688 3070
20720 100 2.3 -13248 3300
20987 100 2.3 -13536 3286
21258 100 2.3 -13616 4134
21532 100 2.3 -13504 4840
21810 100 2.3 -13608 4182
22091 100 2.3 -13316 2206
22376 100 2.3 -13536 3640
22664 100 2.3 -13432 4296
22957 100 2.3 -13828 3666
23253 100 2.3 -13448 3658
23553 100 2.3 -13072 2450
23856 100 2.3 -13376 3436
24164 100 2.3 -13636 5532
24476 100 2.3 -13532 3914
24791 100 2.3 -13496 1956
25111 100 2.3 -13716 3282
25435 100 2.3 -13748 4736
25763 100 2.3 -13060 2398
26095 100 2.3 -13388 3800
26432 100 2.3 -13336 4390
26773 100 2.3 -13552 4494
27118 100 2.3 -13272 5250
27468 100 2.3 -14136 6192
27822 100 2.3 -14344 6416
28181 100 2.3 -13460 5098
28545 100 2.3 -13636 2946
28913 100 2.3 -13140 1584
29286 100 2.3 -13596 566
29663 100 2.3 -13316 -632
30046 100 2.3 -12984 1574
30434 100 2.3 -13148 1448
30826 100 2.3 -13368 1076
31224 100 2.3 -13076 -632
31626 100 2.3 -13860 -1952
32034 100 2.3 -13508 -4050
32447 100 2.3 -13256 -1782
32866 100 2.3 -13220 -1002
33290 100 2.3 -13232 -2176
33719 100 2.3 -13748 -3326
34154 100 2.3 -13096 -2038
34595 100 2.3 -13444 -1334
35041 100 2.3 -13444 -2374
35493 100 2.3 -13800 -5292
35951 100 2.3 -13584 -5184
36414 100 2.3 -13496 -5400
36884 100 2.3 -13872 -6098
37360 100 2.3 -13160 -3468
37841 100 2.3 -13368 -4550
38330 100 2.3 -13176 -3436
38824 100 2.3 -13300 -4100
39325 100 2.3 -14196 -7056
39832 100 2.3 -13332 -3636
40346 100 2.3 -13948 -6320
40866 100 2.3 -13448 -3856
41393 100 2.3 -13820 -5042
41927 100 2.3 -13788 -4468
42468 100 2.3 -13452 -4694
43015 100 2.3 -13820 -6234
43570 100 2.3 -14188 -5968
44132 100 2.3 -14240 -7116
44701 100 2.3 -14092 -5142
45278 100 2.3 -12864 -3136
45862 100 2.3 -13528 -3876
46453 100 2.3 -13640 -5006
47053 100 2.3 -13988 -6476
47660 100 2.3 -13976 -5700
48274 100 2.3 -13544 -5740
48897 100 2.3 -14052 -6372
49528 100 2.3 -13400 -1812
50166 100 2.3 -13120 298
50813 100 2.3 -13012 -1552
51469 100 2.3 -13268 -694
52133 100 2.3 -13160 930
52805 100 2.3 -13104 -1072
53486 100 2.3 -13392 -2946
54176 100 2.3 -13668 -4476
54875 100 2.3 -13648 -3774
55582 100 2.3 -13400 -3250
56299 100 2.3 -13664 -4410
57025 100 2.3 -13416 -2260
57761 100 2.3 -13648 -2266
58506 100 2.3 -13336 -2228
59261 100 2.3 -13236 -2668
60025 100 2.3 -13568 -1120
60799 100 2.3 -13272 -1774
61583 100 2.3 -13292 -4898
62378 100 2.3 -13440 -4194
63182 100 2.3 -13536 -3530
63997 100 2.3 -13688 -5944
64822 100 2.3 -13452 -4738
65658 100 2.3 -13156 -4350
66505 100 2.3 -13292 -4174
67363 100 2.3 -13904 -6046
68232 100 2.3 -14032 -5798
69112 100 2.3 -13600 -5154
70003 100 2.3 -13992 -5814
70906 100 2.3 -14164 -6542
71821 100 2.3 -13480 -5066
72747 100 2.3 -13528 -5060
73685 100 2.3 -13672 -3730
74636 100 2.3 -13444 -4312
75599 100 2.3 -13624 -4274
76574 100 2.3 -13128 -4534
77561 100 2.3 -13592 -4780
78562 100 2.3 -13192 -4714
79575 100 2.3 -13512 -5030
80601 100 2.3 -13804 -5212
81641 100 2.3 -12948 -256
82694 100 2.3 -13624 -4326
83760 100 2.3 -13156 -1928
84841 100 2.3 -13816 -1524
85935 100 2.3 -13088 2854
87043 100 2.3 -13644 2128
88166 100 2.3 -13576 -3234
89303 100 2.3 -13372 -470
90455 100 2.3 -13244 -404
91622 100 2.3 -13708 3008
92803 100 2.3 -13384 3650
94000 100 2.3 -13368 4896
95213 100 2.3 -13804 3320
96441 100 2.3 -12844 1138
97685 100 2.3 -14036 5476
98945 100 2.3 -13496 3680
100221 100 2.3 -13008 3538
101513 100 2.3 -12756 2330
102823 100 2.3 -12960 2050
104149 100 2.3 -13300 2586
105492 100 2.3 -13684 -1650
106853 100 2.3 -13852 -5222
108231 100 2.3 -13672 -3204
109627 100 2.3 -13324 -156
111041 100 2.3 -13476 -454
112473 100 2.3 -13596 922
113924 100 2.3 -13304 -3502
115393 100 2.3 -13484 -3766
116882 100 2.3 -13700 -5266
118389 100 2.3 -13384 -4830
119916 100 2.3 -13464 -4986
121463 100 2.3 -13856 -5310
123029 100 2.3 -13308 -3434
124616 100 2.3 -13416 -1860
126224 100 2.3 -13448 -188
127852 100 2.3 -13736 768
129501 100 2.3 -13240 -2642
131171 100 2.3 -13008 -2028
132863 100 2.3 -13504 -658
134576 100 2.3 -13664 -2148
136312 100 2.3 -13424 3922
138070 100 2.3 -13396 3784
139851 100 2.3 -13388 3182
141655 100 2.3 -13700 1618
143482 100 2.3 -13176 1244
145333 100 2.3 -13576 416
147207 100 2.3 -12848 186
149106 100 2.3 -13092 854
151029 100 2.3 -13496 4230
152977 100 2.3 -13948 4806
154950 100 2.3 -13400 2616
156948 100 2.3 -13380 4288
158973 100 2.3 -13560 3246
161023 100 2.3 -13040 1490
163100 100 2.3 -13424 -652
165204 100 2.3 -13124 -74
167334 100 2.3 -13604 -4234
169493 100 2.3 -13592 -2910
171679 100 2.3 -13520 -3876
173893 100 2.3 -13676 -5950
176136 100 2.3 -13580 -4314
178408 100 2.3 -13380 -3300
180709 100 2.3 -13704 -5096
183040 100 2.3 -13092 -4188
185400 100 2.3 -13504 -4428
187792 100 2.3 -13628 -4738
190214 100 2.3 -13292 -5220
192667 100 2.3 -14508 -6858
195152 100 2.3 -13704 -5314
197669 100 2.3 -13496 572
200219 100 2.3 -12876 1300
202801 100 2.3 -13512 3524
205417 100 2.3 -13180 -2594
208066 100 2.3 -13848 4248
210750 100 2.3 -12800 2212
213468 100 2.3 -13432 3182
216222 100 2.3 -13644 3342
219010 100 2.3 -13216 5184
221835 100 2.3 -14160 4848
224696 100 2.3 -13484 4112
227595 100 2.3 -13472 2010
230530 100 2.3 -13452 -2370
233503 100 2.3 -13388 -4322
236515 100 2.3 -13656 -6296
239566 100 2.3 -13396 -4416
242656 100 2.3 -13684 -6368
245785 100 2.3 -12872 -108
248956 100 2.3 -13548 4436
252167 100 2.3 -13484 5180
255419 100 2.3 -13288 3026
258713 100 2.3 -13484 3392
262050 100 2.3 -13356 3416
265430 100 2.3 -13700 5892
268854 100 2.3 -13596 4968
272321 100 2.3 -13244 2828
275834 100 2.3 -13296 -1672
279391 100 2.3 -14000 -1448
282995 100 2.3 -13552 -1138
286645 100 2.3 -13484 -2106
290342 100 2.3 -13552 302
294087 100 2.3 -13764 5222
297880 100 2.3 -13300 3164
301722 100 2.3 -13660 6162
305614 100 2.3 -13800 5288
309556 100 2.3 -13740 5716
313548 100 2.3 -13272 -3562
317592 100 2.3 -13792 -3850
321689 100 2.3 -13452 4970
325838 100 2.3 -13132 2030
330040 100 2.3 -13840 5116
334297 100 2.3 -13556 3552
338609 100 2.3 -13672 4618
342976 100 2.3 -13240 -2222
347400 100 2.3 -13440 -2274
351881 100 2.3 -13832 -5382
356419 100 2.3 -13856 -4746
361016 100 2.3 -13720 4440
365673 100 2.3 -13420 3746
370389 100 2.3 -13212 2462
375167 100 2.3 -13520 5312
380005 100 2.3 -13216 652
384907 100 2.3 -13344 -5086
389871 100 2.3 -13308 -3518
394900 100 2.3 -13144 -3238
399993 100 2.3 -13472 -5636
405152 100 2.3 -13512 2872
410378 100 2.3 -12940 -636
415671 100 2.3 -13760 -3142
421032 100 2.3 -13076 -748
426463 100 2.3 -13400 5206
431963 100 2.3 -13684 5192
437535 100 2.3 -13652 4088
443178 100 2.3 -13288 3866
448894 100 2.3 -13708 4432
454684 100 2.3 -13408 1908
460548 100 2.3 -13360 -3886
466489 100 2.3 -13560 4350
472505 100 2.3 -13836 -5866
478600 100 2.3 -13704 -4682
484773 100 2.3 -13060 -1700
491025 100 2.3 -13628 -1276
497358 100 2.3 -13948 -2028
503773 100 2.3 -13976 -4850
510271 100 2.3 -13444 -558
516852 100 2.3 -13612 5082
523519 100 2.3 -13700 -5428
530271 100 2.3 -13404 5308
537111 100 2.3 -13492 3354
544038 100 2.3 -13716 4948
551055 100 2.3 -13140 1492
558163 100 2.3 -13072 -2880
565362 100 2.3 -13976 -5976
572654 100 2.3 -13588 -3976
580040 100 2.3 -13256 -2414
587521 100 2.3 -13644 4750
595099 100 2.3 -12972 1506
602775 100 2.3 -13648 3438
610549 100 2.3 -13088 2484
618424 100 2.3 -13392 4176
626400 100 2.3 -13664 -6016
634480 100 2.3 -13356 -3596
642663 100 2.3 -13592 -2716
650952 100 2.3 -13320 1528
659348 100 2.3 -13552 3516
667853 100 2.3 -13572 -2518
676467 100 2.3 -13564 5036
685192 100 2.3 -13092 -1106
694029 100 2.3 -13396 3478
702981 100 2.3 -13172 3880
712048 100 2.3 -13216 5066
721232 100 2.3 -13508 -2634
730534 100 2.3 -14200 6538
739957 100 2.3 -13792 -5038
749500 100 2.3 -13612 -1902
759168 100 2.3 -13072 -4788
768959 100 2.3 -14052 -6670
778877 100 2.3 -13464 560
788923 100 2.3 -13572 -2356
799099 100 2.3 -14028 -6000
809405 100 2.3 -13824 5686
819845 100 2.3 -13248 134
830419 100 2.3 -13732 -4628
841130 100 2.3 -13008 -2046
851979 100 2.3 -13500 4588
862968 100 2.3 -13188 3946
874098 100 2.3 -13236 4320
885373 100 2.3 -14028 6410
896792 100 2.3 -13668 -102
908359 100 2.3 -13208 -3680
920075 100 2.3 -13732 -4348
931942 100 2.3 -13500 598
943962 100 2.3 -13332 -3874
956137 100 2.3 -13232 2458
968470 100 2.3 -13548 4690
980961 100 2.3 -13656 1266
993613 100 2.3 -13620 -814
999999 100 2.3 -13416 4762
