3 60 2 -6540 3396
4 60 2 -6484 3382
5 60 2 -6548 3402
6 60 2 -6544 3404
7 60 2 -6504 3382
8 60 2 -6472 3360
9 60 2 -6440 3348
10 60 2 -6468 3340
11 60 2 -6312 3298
12 60 2 -6440 3328
13 60 2 -6324 3286
14 60 2 -6284 3288
15 60 2 -6312 3258
16 60 2 -6212 3198
17 60 2 -6192 3174
18 60 2 -6200 3164
19 60 2 -6292 3194
20 60 2 -6292 3210
21 60 2 -6304 3254
22 60 2 -6356 3278
23 60 2 -6280 3272
24 60 2 -6252 3274
25 60 2 -6280 3246
26 60 2 -6260 3230
27 60 2 -6216 3232
28 60 2 -6136 3204
29 60 2 -6136 3216
30 60 2 -6196 3238
31 60 2 -6252 3254
32 60 2 -6180 3240
33 60 2 -6176 3226
34 60 2 -6276 3264
35 60 2 -6220 3218
36 60 2 -6124 3206
37 60 2 -6176 3206
38 60 2 -6228 3222
39 60 2 -6304 3266
40 60 2 -6208 3204
41 60 2 -6188 3176
42 60 2 -6128 3172
43 60 2 -6080 3176
44 60 2 -6260 3240
45 60 2 -6152 3214
46 60 2 -6184 3206
47 60 2 -6152 3200
48 60 2 -6152 3202
49 60 2 -6208 3244
50 60 2 -6148 3218
51 60 2 -6188 3250
52 60 2 -6208 3258
53 60 2 -6284 3308
54 60 2 -6244 3290
55 60 2 -6208 3266
56 60 2 -6240 3294
57 60 2 -6220 3302
58 60 2 -6324 3290
59 60 2 -6184 3238
60 60 2 -6168 3210
61 60 2 -6240 3236
62 60 2 -6252 3270
63 60 2 -6148 3242
64 60 2 -6140 3242
65 60 2 -6208 3274
66 60 2 -6236 3256
67 60 2 -6272 3290
68 60 2 -6152 3246
69 60 2 -6340 3328
70 60 2 -6348 3324
71 60 2 -6440 3346
72 60 2 -6364 3332
73 60 2 -6336 3318
74 60 2 -6436 3352
75 60 2 -6352 3334
76 60 2 -6304 3318
77 60 2 -6336 3310
78 60 2 -6264 3302
79 60 2 -6332 3320
80 60 2 -6196 3250
81 60 2 -6064 3198
82 60 2 -6196 3258
83 60 2 -6316 3278
84 60 2 -6200 3236
85 60 2 -6380 3302
86 60 2 -6312 3282
88 60 2 -6344 3326
89 60 2 -6316 3300
90 60 2 -6400 3330
91 60 2 -6424 3336
92 60 2 -6256 3286
93 60 2 -6380 3348
95 60 2 -6364 3340
96 60 2 -6376 3340
97 60 2 -6292 3294
98 60 2 -6252 3272
99 60 2 -6148 3232
101 60 2 -6168 3240
102 60 2 -6256 3282
103 60 2 -6332 3334
105 60 2 -6440 3344
106 60 2 -6364 3310
107 60 2 -6304 3280
109 60 2 -6212 3274
110 60 2 -6236 3262
112 60 2 -6204 3268
113 60 2 -6252 3276
114 60 2 -6300 3312
116 60 2 -6396 3314
117 60 2 -6348 3294
119 60 2 -6456 3360
120 60 2 -6460 3360
122 60 2 -6364 3308
124 60 2 -6244 3276
125 60 2 -6236 3272
127 60 2 -6444 3362
128 60 2 -6392 3356
130 60 2 -6388 3350
132 60 2 -6396 3344
133 60 2 -6364 3314
135 60 2 -6388 3334
137 60 2 -6336 3308
139 60 2 -6400 3342
140 60 2 -6300 3320
142 60 2 -6352 3318
144 60 2 -6380 3294
146 60 2 -6280 3232
148 60 2 -6120 3160
150 60 2 -6084 3176
152 60 2 -6036 3150
154 60 2 -6268 3244
155 60 2 -6348 3280
157 60 2 -6336 3280
160 60 2 -6308 3276
162 60 2 -6300 3230
164 60 2 -6296 3276
166 60 2 -6288 3276
168 60 2 -6404 3320
170 60 2 -6500 3358
172 60 2 -6284 3292
174 60 2 -6200 3244
177 60 2 -6272 3292
179 60 2 -6132 3250
181 60 2 -6224 3286
184 60 2 -6208 3254
186 60 2 -6392 3288
188 60 2 -6248 3266
191 60 2 -6188 3228
193 60 2 -6148 3244
196 60 2 -6256 3270
198 60 2 -6220 3276
201 60 2 -6352 3330
203 60 2 -6272 3284
206 60 2 -6360 3344
209 60 2 -6244 3288
211 60 2 -6208 3276
214 60 2 -6404 3314
217 60 2 -6504 3366
220 60 2 -6320 3306
222 60 2 -6472 3364
225 60 2 -6352 3328
228 60 2 -6312 3288
231 60 2 -6384 3306
234 60 2 -6328 3308
237 60 2 -6336 3332
240 60 2 -6512 3394
243 60 2 -6444 3368
246 60 2 -6440 3352
250 60 2 -6440 3370
253 60 2 -6512 3392
256 60 2 -6320 3320
259 60 2 -6196 3274
263 60 2 -6184 3264
266 60 2 -6288 3274
269 60 2 -6236 3256
273 60 2 -6368 3318
276 60 2 -6508 3382
280 60 2 -6392 3336
284 60 2 -6420 3346
287 60 2 -6368 3310
291 60 2 -6444 3372
295 60 2 -6308 3314
298 60 2 -6244 3274
302 60 2 -6300 3288
306 60 2 -6172 3274
310 60 2 -6112 3230
314 60 2 -6120 3234
318 60 2 -6216 3264
322 60 2 -6228 3286
326 60 2 -6336 3312
331 60 2 -6408 3346
335 60 2 -6324 3308
339 60 2 -6440 3350
344 60 2 -6268 3292
348 60 2 -6184 3272
352 60 2 -6472 3368
357 60 2 -6304 3304
362 60 2 -6448 3324
366 60 2 -6352 3322
371 60 2 -6336 3316
376 60 2 -6324 3318
381 60 2 -6176 3234
385 60 2 -6344 3298
390 60 2 -6036 3188
395 60 2 -6276 3292
401 60 2 -6252 3292
406 60 2 -6188 3262
411 60 2 -6340 3288
416 60 2 -6384 3288
422 60 2 -6360 3294
427 60 2 -6416 3334
433 60 2 -6376 3354
438 60 2 -6208 3276
444 60 2 -6256 3302
449 60 2 -6244 3256
455 60 2 -6424 3342
461 60 2 -6352 3320
467 60 2 -6292 3272
473 60 2 -6388 3334
479 60 2 -6296 3296
485 60 2 -6288 3282
492 60 2 -6308 3308
498 60 2 -6360 3338
504 60 2 -6404 3348
511 60 2 -6264 3248
517 60 2 -6216 3246
524 60 2 -6316 3304
531 60 2 -6344 3310
538 60 2 -6496 3380
545 60 2 -6092 3228
552 60 2 -6300 3298
559 60 2 -6332 3312
566 60 2 -6456 3342
573 60 2 -6352 3340
581 60 2 -6376 3298
588 60 2 -6328 3326
596 60 2 -6300 3288
603 60 2 -6204 3254
611 60 2 -6224 3232
619 60 2 -6228 3286
627 60 2 -6392 3336
635 60 2 -6380 3322
643 60 2 -6476 3376
652 60 2 -6340 3274
660 60 2 -6092 3198
668 60 2 -6272 3244
677 60 2 -6280 3280
686 60 2 -6384 3332
695 60 2 -6336 3296
704 60 2 -6360 3314
713 60 2 -6300 3308
722 60 2 -6328 3294
731 60 2 -6280 3314
741 60 2 -6376 3342
750 60 2 -6212 3274
760 60 2 -6308 3278
770 60 2 -6304 3290
780 60 2 -6476 3382
790 60 2 -6400 3336
800 60 2 -6524 3384
810 60 2 -6312 3272
821 60 2 -6264 3292
831 60 2 -6216 3270
842 60 2 -6404 3356
853 60 2 -6332 3322
864 60 2 -6264 3266
875 60 2 -6428 3316
886 60 2 -6356 3262
897 60 2 -6068 3188
909 60 2 -6160 3228
921 60 2 -6216 3260
933 60 2 -6364 3314
945 60 2 -6192 3280
957 60 2 -6264 3280
969 60 2 -6224 3274
982 60 2 -6232 3282
994 60 2 -6220 3264
1007 60 2 -6344 3312
1020 60 2 -6372 3326
1033 60 2 -6260 3284
1047 60 2 -6456 3362
1060 60 2 -6420 3352
1074 60 2 -6252 3282
1088 60 2 -6268 3278
1102 60 2 -6396 3308
1116 60 2 -6236 3284
1130 60 2 -6120 3222
1145 60 2 -6244 3244
1160 60 2 -6304 3250
1174 60 2 -6180 3260
1190 60 2 -6264 3258
1205 60 2 -6308 3292
1220 60 2 -6136 3226
1236 60 2 -6388 3350
1252 60 2 -6260 3288
1268 60 2 -6416 3340
1285 60 2 -6252 3156
1301 60 2 -6120 3220
1318 60 2 -6200 3230
1335 60 2 -6348 3292
1352 60 2 -6120 3216
1370 60 2 -6236 3220
1387 60 2 -6316 3238
1405 60 2 -6372 3318
1423 60 2 -6480 3368
1442 60 2 -6240 3276
1460 60 2 -6248 3252
1479 60 2 -6220 3280
1498 60 2 -6220 3252
1517 60 2 -6164 3210
1537 60 2 -6356 3338
1557 60 2 -6460 3338
1577 60 2 -6156 3202
1597 60 2 -6144 3240
1618 60 2 -6468 3362
1639 60 2 -6324 3266
1660 60 2 -6328 3272
1681 60 2 -6404 3344
1703 60 2 -6244 3288
1725 60 2 -6284 3284
1747 60 2 -6364 3310
1770 60 2 -6292 3252
1792 60 2 -6312 3304
1816 60 2 -6192 3254
1839 60 2 -6392 3324
1863 60 2 -6280 3266
1887 60 2 -6348 3314
1911 60 2 -6212 3258
1936 60 2 -6228 3288
1961 60 2 -6160 3220
1986 60 2 -6204 3270
2012 60 2 -6364 3338
2037 60 2 -6152 3264
2064 60 2 -6256 3256
2090 60 2 -6164 3212
2117 60 2 -6112 3226
2145 60 2 -6284 3302
2172 60 2 -6416 3328
2200 60 2 -6260 3288
2229 60 2 -6148 3216
2257 60 2 -6408 3350
2286 60 2 -6140 3236
2316 60 2 -6340 3324
2346 60 2 -6188 3240
2376 60 2 -6444 3352
2407 60 2 -6428 3348
2438 60 2 -6512 3396
2469 60 2 -6240 3244
2501 60 2 -6344 3310
2533 60 2 -6164 3196
2566 60 2 -6332 3334
2599 60 2 -6244 3266
2633 60 2 -6320 3318
2667 60 2 -6200 3226
2701 60 2 -6172 3118
2736 60 2 -6340 3292
2771 60 2 -5932 3152
2807 60 2 -6220 3262
2843 60 2 -6304 3272
2880 60 2 -6520 3380
2917 60 2 -6240 3270
2954 60 2 -6356 3344
2992 60 2 -6352 3296
3031 60 2 -6224 3286
3070 60 2 -6308 3300
3110 60 2 -6432 3332
3150 60 2 -6120 3214
3190 60 2 -6336 3310
3232 60 2 -6380 3328
3273 60 2 -6184 3152
3315 60 2 -6312 3308
3358 60 2 -6096 3186
3402 60 2 -6468 3362
3445 60 2 -6324 3314
3490 60 2 -6400 3296
3535 60 2 -6340 3328
3580 60 2 -6296 3320
3627 60 2 -6268 3268
3673 60 2 -6260 3298
3721 60 2 -6464 3388
3769 60 2 -6152 3228
3817 60 2 -6240 3236
3867 60 2 -6284 3296
3916 60 2 -6300 3282
3967 60 2 -6232 3208
4018 60 2 -6492 3370
4070 60 2 -6392 3342
4122 60 2 -6424 3346
4176 60 2 -6376 3296
4229 60 2 -6204 3252
4284 60 2 -6360 3312
4339 60 2 -6216 3238
4395 60 2 -6200 3232
4452 60 2 -6176 3240
4509 60 2 -6172 3190
4567 60 2 -6312 3256
4626 60 2 -6116 3190
4686 60 2 -6296 3268
4746 60 2 -6424 3310
4808 60 2 -6320 3320
4870 60 2 -6268 3252
4932 60 2 -6324 3304
4996 60 2 -6232 3294
5060 60 2 -6348 3300
5126 60 2 -6376 3296
5192 60 2 -6232 3284
5259 60 2 -6212 3240
5327 60 2 -6364 3310
5395 60 2 -6320 3280
5465 60 2 -6424 3348
5535 60 2 -6288 3316
5607 60 2 -6456 3370
5679 60 2 -6212 3254
5752 60 2 -6372 3316
5826 60 2 -6388 3308
5902 60 2 -6224 3274
5978 60 2 -6264 3272
6055 60 2 -6068 3216
6133 60 2 -6320 3300
6212 60 2 -6360 3336
6292 60 2 -6452 3364
6373 60 2 -6280 3314
6455 60 2 -6132 3168
6539 60 2 -6300 3244
6623 60 2 -6508 3378
6708 60 2 -6192 3230
6795 60 2 -6396 3344
6883 60 2 -6192 3268
6971 60 2 -6224 3284
7061 60 2 -6348 3324
7152 60 2 -6236 3294
7245 60 2 -6280 3296
7338 60 2 -6464 3362
7433 60 2 -6324 3310
7529 60 2 -6292 3282
7626 60 2 -6356 3322
7724 60 2 -6292 3312
7824 60 2 -6228 3252
7925 60 2 -6368 3322
8027 60 2 -6416 3324
8130 60 2 -5992 3138
8235 60 2 -6404 3306
8341 60 2 -6168 3236
8449 60 2 -6092 3172
8558 60 2 -6320 3330
8668 60 2 -6228 3276
8780 60 2 -6220 3176
8893 60 2 -6340 3298
9008 60 2 -6264 3258
9124 60 2 -6312 3320
9242 60 2 -6204 3260
9361 60 2 -6204 3220
9482 60 2 -6320 3292
9604 60 2 -6288 3294
9728 60 2 -6356 3322
9853 60 2 -6448 3374
9980 60 2 -6276 3316
10109 60 2 -6360 3324
10240 60 2 -6440 3352
10372 60 2 -6268 3310
10505 60 2 -6200 3222
10641 60 2 -6400 3314
10778 60 2 -6124 3206
10917 60 2 -6284 3286
11058 60 2 -6388 3330
11201 60 2 -6292 3294
11345 60 2 -6224 3272
11491 60 2 -6300 3282
11640 60 2 -6240 3268
11790 60 2 -6228 3280
11942 60 2 -6336 3290
12096 60 2 -6420 3306
12252 60 2 -6356 3298
12410 60 2 -6260 3274
12570 60 2 -6452 3352
12732 60 2 -6300 3186
12896 60 2 -6372 3320
13062 60 2 -6300 3288
13231 60 2 -6384 3342
13402 60 2 -6356 3350
13574 60 2 -6292 3284
13750 60 2 -6444 3318
13927 60 2 -6360 3352
14106 60 2 -6396 3320
14288 60 2 -6336 3298
14473 60 2 -6152 3242
14659 60 2 -6312 3262
14848 60 2 -6372 3334
15040 60 2 -6300 3308
15234 60 2 -6576 3368
15430 60 2 -6372 3308
15629 60 2 -6376 3326
15831 60 2 -6240 3254
16035 60 2 -6404 3338
16242 60 2 -6248 3276
16451 60 2 -6304 3294
16664 60 2 -6264 3210
16879 60 2 -6264 3280
17096 60 2 -6344 3304
17317 60 2 -6296 3304
17540 60 2 -6196 3242
17766 60 2 -6168 3200
17995 60 2 -6372 3312
18228 60 2 -6256 3264
18463 60 2 -6264 3218
18701 60 2 -6340 3324
18942 60 2 -6156 3226
19186 60 2 -6188 3268
19434 60 2 -6316 3304
19684 60 2 -6232 3272
19938 60 2 -6152 3130
20195 60 2 -6300 3292
20456 60 2 -6340 3312
20720 60 2 -6208 3268
20987 60 2 -6296 3258
21258 60 2 -6096 3208
21532 60 2 -6260 3238
21810 60 2 -6304 3294
22091 60 2 -6200 3292
22376 60 2 -6428 3350
22664 60 2 -6212 3210
22957 60 2 -6212 3262
23253 60 2 -6372 3340
23553 60 2 -6336 3324
23856 60 2 -6228 3278
24164 60 2 -6324 3304
24476 60 2 -6188 3244
24791 60 2 -6440 3366
25111 60 2 -6324 3276
25435 60 2 -6328 3310
25763 60 2 -6384 3334
26095 60 2 -6444 3352
26432 60 2 -6504 3384
26773 60 2 -6200 3240
27118 60 2 -6272 3296
27468 60 2 -6228 3224
27822 60 2 -6420 3360
28181 60 2 -6128 3228
28545 60 2 -6384 3340
28913 60 2 -6336 3324
29286 60 2 -6292 3294
29663 60 2 -6292 3292
30046 60 2 -6444 3362
30434 60 2 -6260 3296
30826 60 2 -6348 3298
31224 60 2 -6300 3302
31626 60 2 -6268 3278
32034 60 2 -6124 3200
32447 60 2 -6260 3276
32866 60 2 -6328 3312
33290 60 2 -6336 3294
33719 60 2 -6292 3284
34154 60 2 -6228 3276
34595 60 2 -6068 3212
35041 60 2 -6176 3252
35493 60 2 -6284 3294
35951 60 2 -6208 3222
36414 60 2 -6280 3278
36884 60 2 -6288 3306
37360 60 2 -6232 3262
37841 60 2 -6336 3294
38330 60 2 -6368 3310
38824 60 2 -6236 3300
39325 60 2 -6240 3244
39832 60 2 -6456 3340
40346 60 2 -6344 3314
40866 60 2 -6416 3340
41393 60 2 -6452 3358
41927 60 2 -6228 3264
42468 60 2 -6276 3290
43015 60 2 -6456 3314
43570 60 2 -6184 3242
44132 60 2 -6196 3230
44701 60 2 -6432 3328
45278 60 2 -6216 3274
45862 60 2 -6520 3362
46453 60 2 -6340 3316
47053 60 2 -6296 3274
47660 60 2 -6364 3330
48274 60 2 -6396 3330
48897 60 2 -6492 3370
49528 60 2 -6480 3372
50166 60 2 -6168 3256
50813 60 2 -6316 3278
51469 60 2 -6196 3186
52133 60 2 -6200 3270
52805 60 2 -6116 3188
53486 60 2 -6280 3314
54176 60 2 -6416 3362
54875 60 2 -6204 3236
55582 60 2 -6460 3364
56299 60 2 -6324 3300
57025 60 2 -6392 3326
57761 60 2 -6320 3268
58506 60 2 -6424 3352
59261 60 2 -6252 3252
60025 60 2 -6296 3296
60799 60 2 -6276 3294
61583 60 2 -6316 3280
62378 60 2 -6188 3238
63182 60 2 -6256 3294
63997 60 2 -6220 3256
64822 60 2 -6212 3234
65658 60 2 -6360 3338
66505 60 2 -6236 3260
67363 60 2 -6380 3332
68232 60 2 -6344 3334
69112 60 2 -6308 3300
70003 60 2 -6104 3134
70906 60 2 -6376 3294
71821 60 2 -6304 3302
72747 60 2 -6320 3290
73685 60 2 -6412 3332
74636 60 2 -6424 3346
75599 60 2 -6212 3250
76574 60 2 -6316 3306
77561 60 2 -6392 3336
78562 60 2 -6312 3296
79575 60 2 -6220 3280
80601 60 2 -6308 3320
81641 60 2 -6180 3236
82694 60 2 -6344 3310
83760 60 2 -6344 3316
84841 60 2 -6060 3200
85935 60 2 -6260 3278
87043 60 2 -6164 3216
88166 60 2 -6348 3318
89303 60 2 -6396 3346
90455 60 2 -6328 3274
91622 60 2 -6152 3220
92803 60 2 -6324 3258
94000 60 2 -6348 3304
95213 60 2 -6152 3226
96441 60 2 -6256 3302
97685 60 2 -6128 3190
98945 60 2 -6388 3332
100221 60 2 -6400 3350
101513 60 2 -6336 3304
102823 60 2 -6248 3260
104149 60 2 -6496 3364
105492 60 2 -6212 3232
106853 60 2 -6328 3292
108231 60 2 -6300 3288
109627 60 2 -6368 3310
111041 60 2 -6588 3414
112473 60 2 -6256 3300
113924 60 2 -6316 3322
115393 60 2 -6480 3380
116882 60 2 -6452 3366
118389 60 2 -6484 3362
119916 60 2 -6188 3242
121463 60 2 -6188 3258
123029 60 2 -6316 3314
124616 60 2 -6220 3150
126224 60 2 -6292 3318
127852 60 2 -6304 3258
129501 60 2 -6332 3284
131171 60 2 -6344 3298
132863 60 2 -6244 3284
134576 60 2 -6436 3336
136312 60 2 -6276 3322
138070 60 2 -6264 3282
139851 60 2 -6176 3224
141655 60 2 -6320 3282
143482 60 2 -6408 3318
145333 60 2 -6424 3340
147207 60 2 -6324 3316
149106 60 2 -6192 3288
151029 60 2 -6356 3314
152977 60 2 -6244 3250
154950 60 2 -6304 3300
156948 60 2 -6196 3204
158973 60 2 -6336 3196
161023 60 2 -6140 3230
163100 60 2 -6284 3280
165204 60 2 -6128 3276
167334 60 2 -6100 3200
169493 60 2 -6284 3300
171679 60 2 -6168 3252
173893 60 2 -6280 3272
176136 60 2 -6328 3288
178408 60 2 -6184 3186
180709 60 2 -6480 3340
183040 60 2 -6504 3394
185400 60 2 -6336 3326
187792 60 2 -6088 3214
190214 60 2 -6288 3296
192667 60 2 -6248 3256
195152 60 2 -6268 3302
197669 60 2 -6328 3298
200219 60 2 -6064 3168
202801 60 2 -6320 3328
205417 60 2 -6388 3282
208066 60 2 -6480 3362
210750 60 2 -6060 3188
213468 60 2 -6224 3276
216222 60 2 -6220 3256
219010 60 2 -6308 3274
221835 60 2 -6156 3230
224696 60 2 -6352 3292
227595 60 2 -6256 3286
230530 60 2 -6268 3272
233503 60 2 -6264 3298
236515 60 2 -6364 3312
239566 60 2 -6192 3268
242656 60 2 -6272 3244
245785 60 2 -6356 3284
248956 60 2 -6228 3234
252167 60 2 -6432 3362
255419 60 2 -6132 3260
258713 60 2 -6328 3242
262050 60 2 -6200 3108
265430 60 2 -6372 3296
268854 60 2 -6260 3246
272321 60 2 -6300 3280
275834 60 2 -6260 3272
279391 60 2 -6144 3192
282995 60 2 -6208 3228
286645 60 2 -6308 3296
290342 60 2 -6332 3318
294087 60 2 -6360 3336
297880 60 2 -6108 3200
301722 60 2 -6300 3288
305614 60 2 -6260 3274
309556 60 2 -6388 3330
313548 60 2 -6320 3260
317592 60 2 -6268 3298
321689 60 2 -6352 3314
325838 60 2 -6280 3282
330040 60 2 -6404 3340
334297 60 2 -6304 3280
338609 60 2 -6260 3244
342976 60 2 -6304 3302
347400 60 2 -6156 3250
351881 60 2 -6268 3246
356419 60 2 -6312 3310
361016 60 2 -6260 3278
365673 60 2 -6188 3262
370389 60 2 -6204 3258
375167 60 2 -6176 3246
380005 60 2 -6284 3276
384907 60 2 -6360 3304
389871 60 2 -6340 3306
394900 60 2 -6404 3306
399993 60 2 -6280 3284
405152 60 2 -6292 3270
410378 60 2 -6160 3228
415671 60 2 -6440 3338
421032 60 2 -6240 3272
426463 60 2 -6320 3246
431963 60 2 -6272 3252
437535 60 2 -6252 3284
443178 60 2 -6256 3276
448894 60 2 -6428 3342
454684 60 2 -6264 3238
460548 60 2 -6140 3242
466489 60 2 -6264 3308
472505 60 2 -6232 3226
478600 60 2 -6476 3368
484773 60 2 -6056 3122
491025 60 2 -6272 3296
497358 60 2 -6332 3294
503773 60 2 -6432 3334
510271 60 2 -6272 3284
516852 60 2 -6252 3260
523519 60 2 -6236 3286
530271 60 2 -6184 3200
537111 60 2 -6204 3228
544038 60 2 -6284 3284
551055 60 2 -6240 3232
558163 60 2 -6200 3282
565362 60 2 -6436 3338
572654 60 2 -6444 3326
580040 60 2 -6080 3246
587521 60 2 -6388 3352
595099 60 2 -6232 3248
602775 60 2 -6404 3352
610549 60 2 -6128 3204
618424 60 2 -6308 3288
626400 60 2 -6308 3262
634480 60 2 -6456 3350
642663 60 2 -6240 3264
650952 60 2 -6212 3248
659348 60 2 -6368 3308
667853 60 2 -6180 3274
676467 60 2 -6460 3354
685192 60 2 -6456 3376
694029 60 2 -6452 3358
702981 60 2 -6176 3198
712048 60 2 -6256 3250
721232 60 2 -6340 3324
730534 60 2 -6216 3248
739957 60 2 -6260 3226
749500 60 2 -6236 3246
759168 60 2 -6132 3140
768959 60 2 -6328 3314
778877 60 2 -6492 3364
788923 60 2 -6208 3238
799099 60 2 -6216 3242
809405 60 2 -6196 3286
819845 60 2 -6216 3260
830419 60 2 -6288 3290
841130 60 2 -6224 3252
851979 60 2 -6496 3390
862968 60 2 -6184 3282
874098 60 2 -6272 3228
885373 60 2 -6360 3298
896792 60 2 -6336 3294
908359 60 2 -6348 3284
920075 60 2 -6452 3338
931942 60 2 -6336 3306
943962 60 2 -6292 3284
956137 60 2 -6244 3298
968470 60 2 -6316 3294
980961 60 2 -6212 3268
993613 60 2 -6240 3288
999999 60 2 -6376 3342
