3 100 2 -18048 9412
4 100 2 -17852 9340
5 100 2 -17864 9334
6 100 2 -17880 9324
7 100 2 -17776 9260
8 100 2 -17580 9208
9 100 2 -17816 9250
10 100 2 -17420 9152
11 100 2 -17388 9104
12 100 2 -17592 9204
13 100 2 -17496 9162
14 100 2 -17476 9140
15 100 2 -17416 9086
16 100 2 -17516 9118
17 100 2 -17480 9116
18 100 2 -17468 9078
19 100 2 -17384 9062
20 100 2 -17496 9118
21 100 2 -17440 9114
22 100 2 -17280 9022
23 100 2 -17476 9134
24 100 2 -17244 9052
25 100 2 -17144 9026
26 100 2 -17176 9034
27 100 2 -17448 9080
28 100 2 -17516 9112
29 100 2 -17388 9064
30 100 2 -17328 9016
31 100 2 -17516 9096
32 100 2 -17252 8998
33 100 2 -17264 8992
34 100 2 -17260 9040
35 100 2 -17004 8952
36 100 2 -17168 8974
37 100 2 -17364 9036
38 100 2 -17232 8978
39 100 2 -17332 9016
40 100 2 -17648 9166
41 100 2 -17464 9108
42 100 2 -17444 9136
43 100 2 -17536 9194
44 100 2 -17624 9216
45 100 2 -17404 9132
46 100 2 -17372 9112
47 100 2 -17472 9156
48 100 2 -17576 9158
49 100 2 -17644 9176
50 100 2 -17592 9176
51 100 2 -17464 9132
52 100 2 -17528 9170
53 100 2 -17580 9182
54 100 2 -17508 9122
55 100 2 -17484 9074
56 100 2 -17328 9024
57 100 2 -17252 9056
58 100 2 -17472 9152
59 100 2 -17360 9056
60 100 2 -17268 9082
61 100 2 -17600 9180
62 100 2 -17572 9186
63 100 2 -17404 9080
64 100 2 -17248 9024
65 100 2 -17352 9060
66 100 2 -17476 9124
67 100 2 -17208 9070
68 100 2 -17220 9060
69 100 2 -17360 9118
70 100 2 -17240 9056
71 100 2 -17332 9074
72 100 2 -17544 9152
73 100 2 -17484 9154
74 100 2 -17412 9134
75 100 2 -17368 9142
76 100 2 -17420 9136
77 100 2 -17392 9082
78 100 2 -17304 8990
79 100 2 -17200 9002
80 100 2 -17528 9136
81 100 2 -17568 9186
82 100 2 -17652 9190
83 100 2 -17592 9176
84 100 2 -17536 9170
85 100 2 -17424 9108
86 100 2 -17324 9112
88 100 2 -17444 9128
89 100 2 -17488 9120
90 100 2 -17312 9054
91 100 2 -17608 9186
92 100 2 -17784 9286
93 100 2 -17692 9254
95 100 2 -17692 9246
96 100 2 -17424 9158
97 100 2 -17400 9156
98 100 2 -17636 9230
99 100 2 -17648 9202
101 100 2 -17364 9086
102 100 2 -17344 9032
103 100 2 -17372 9076
105 100 2 -17504 9136
106 100 2 -17620 9222
107 100 2 -17604 9190
109 100 2 -17736 9226
110 100 2 -17404 9042
112 100 2 -17308 9036
113 100 2 -17204 9040
114 100 2 -17212 9030
116 100 2 -17124 8960
117 100 2 -17396 9020
119 100 2 -17228 8980
120 100 2 -17392 9022
122 100 2 -17620 9174
124 100 2 -17776 9206
125 100 2 -17664 9182
127 100 2 -17584 9168
128 100 2 -17496 9140
130 100 2 -17332 9072
132 100 2 -17544 9184
133 100 2 -17500 9164
135 100 2 -17676 9226
137 100 2 -17820 9258
139 100 2 -17444 9152
140 100 2 -17416 9148
142 100 2 -17668 9220
144 100 2 -17416 9128
146 100 2 -17352 9110
148 100 2 -17544 9156
150 100 2 -17264 9038
152 100 2 -17396 9080
154 100 2 -17408 9068
155 100 2 -17404 9070
157 100 2 -17384 9086
160 100 2 -17444 9082
162 100 2 -17224 9018
164 100 2 -17404 9016
166 100 2 -17368 9066
168 100 2 -17568 9224
170 100 2 -17600 9208
172 100 2 -17448 9142
174 100 2 -17608 9200
177 100 2 -17492 9194
179 100 2 -17488 9174
181 100 2 -17204 9054
184 100 2 -17732 9234
186 100 2 -17580 9154
188 100 2 -17632 9156
191 100 2 -17616 9198
193 100 2 -17604 9192
196 100 2 -17684 9224
198 100 2 -17656 9274
201 100 2 -17392 9158
203 100 2 -17348 9126
206 100 2 -17336 9150
209 100 2 -17728 9236
211 100 2 -17404 9084
214 100 2 -17556 9148
217 100 2 -17700 9246
220 100 2 -17592 9180
222 100 2 -17524 9074
225 100 2 -17328 9008
228 100 2 -17148 8824
231 100 2 -17348 8938
234 100 2 -17244 8900
237 100 2 -17152 8940
240 100 2 -17636 9184
243 100 2 -17388 9060
246 100 2 -17520 9126
250 100 2 -17740 9254
253 100 2 -17548 9158
256 100 2 -17396 9134
259 100 2 -17552 9162
263 100 2 -17392 9030
266 100 2 -17332 9038
269 100 2 -17424 9102
273 100 2 -17484 9144
276 100 2 -17508 9160
280 100 2 -17284 9040
284 100 2 -17496 9138
287 100 2 -17592 9224
291 100 2 -17376 9126
295 100 2 -17476 9166
298 100 2 -17608 9202
302 100 2 -17760 9216
306 100 2 -17728 9210
310 100 2 -17452 9080
314 100 2 -17504 9098
318 100 2 -17336 9088
322 100 2 -17440 9184
326 100 2 -17616 9172
331 100 2 -17640 9244
335 100 2 -17816 9302
339 100 2 -17832 9276
344 100 2 -17372 9080
348 100 2 -17644 9220
352 100 2 -17620 9268
357 100 2 -17584 9150
362 100 2 -17472 9134
366 100 2 -17280 9028
371 100 2 -17560 9190
376 100 2 -17560 9168
381 100 2 -17400 9072
385 100 2 -17548 9170
390 100 2 -17732 9258
395 100 2 -17828 9266
401 100 2 -17332 9096
406 100 2 -17476 9172
411 100 2 -17364 9098
416 100 2 -17404 9064
422 100 2 -17244 9032
427 100 2 -17268 9058
433 100 2 -17812 9284
438 100 2 -17604 9152
444 100 2 -17676 9212
449 100 2 -17344 9076
455 100 2 -17292 9068
461 100 2 -17504 9190
467 100 2 -17732 9234
473 100 2 -17100 8968
479 100 2 -17352 9082
485 100 2 -17408 9094
492 100 2 -17364 9048
498 100 2 -17268 9024
504 100 2 -17496 9104
511 100 2 -17260 9000
517 100 2 -17356 9012
524 100 2 -17268 9086
531 100 2 -17364 9148
538 100 2 -17580 9190
545 100 2 -17628 9226
552 100 2 -17360 9116
559 100 2 -17536 9152
566 100 2 -17560 9140
573 100 2 -17616 9152
581 100 2 -17320 9054
588 100 2 -17452 9114
596 100 2 -17316 9048
603 100 2 -17084 8946
611 100 2 -17484 9080
619 100 2 -17580 9174
627 100 2 -17552 9118
635 100 2 -17480 9134
643 100 2 -17316 8978
652 100 2 -17164 8978
660 100 2 -17448 9104
668 100 2 -17888 9340
677 100 2 -17488 9160
686 100 2 -17656 9228
695 100 2 -17304 9100
704 100 2 -17280 9068
713 100 2 -17476 9066
722 100 2 -17392 9128
731 100 2 -17732 9254
741 100 2 -17688 9236
750 100 2 -17412 9156
760 100 2 -17224 8982
770 100 2 -17572 9114
780 100 2 -17532 9160
790 100 2 -17248 9012
800 100 2 -17232 8974
810 100 2 -17232 9022
821 100 2 -17648 9236
831 100 2 -17708 9206
842 100 2 -17500 9180
853 100 2 -17780 9254
864 100 2 -17328 9068
875 100 2 -17296 9078
886 100 2 -17556 9186
897 100 2 -17512 9128
909 100 2 -17388 9106
921 100 2 -17000 8868
933 100 2 -17468 9070
945 100 2 -17496 9100
957 100 2 -17552 9172
969 100 2 -17356 9090
982 100 2 -17724 9276
994 100 2 -17548 9146
1007 100 2 -17184 8968
1020 100 2 -17452 9136
1033 100 2 -17432 9108
1047 100 2 -17300 9122
1060 100 2 -17360 9042
1074 100 2 -17744 9262
1088 100 2 -17448 9056
1102 100 2 -17364 9052
1116 100 2 -17564 9220
1130 100 2 -17460 9190
1145 100 2 -17512 9098
1160 100 2 -17564 9112
1174 100 2 -17340 9020
1190 100 2 -17512 8994
1205 100 2 -17540 9096
1220 100 2 -17492 9150
1236 100 2 -17952 9354
1252 100 2 -17520 9094
1268 100 2 -17188 8970
1285 100 2 -17436 9054
1301 100 2 -17364 9022
1318 100 2 -17380 9160
1335 100 2 -17600 9242
1352 100 2 -17508 9144
1370 100 2 -17320 9032
1387 100 2 -17124 8960
1405 100 2 -17448 9138
1423 100 2 -17620 9154
1442 100 2 -17484 9138
1460 100 2 -17380 9046
1479 100 2 -17868 9264
1498 100 2 -17296 9016
1517 100 2 -17572 9132
1537 100 2 -17576 9200
1557 100 2 -17408 9076
1577 100 2 -17588 9194
1597 100 2 -17352 9050
1618 100 2 -17312 9028
1639 100 2 -17264 9022
1660 100 2 -17460 9152
1681 100 2 -17672 9208
1703 100 2 -17712 9224
1725 100 2 -17696 9202
1747 100 2 -17740 9246
1770 100 2 -17176 9054
1792 100 2 -17700 9230
1816 100 2 -17364 9134
1839 100 2 -17256 9046
1863 100 2 -17372 9020
1887 100 2 -17424 9094
1911 100 2 -17424 9188
1936 100 2 -17164 9056
1961 100 2 -17624 9226
1986 100 2 -17492 9120
2012 100 2 -17468 9194
2037 100 2 -17608 9190
2064 100 2 -17636 9210
2090 100 2 -17576 9140
2117 100 2 -17348 9080
2145 100 2 -17384 9066
2172 100 2 -17564 9206
2200 100 2 -17636 9216
2229 100 2 -17604 9210
2257 100 2 -17556 9154
2286 100 2 -17452 9108
2316 100 2 -17480 9132
2346 100 2 -17224 8990
2376 100 2 -17160 8920
2407 100 2 -17368 9114
2438 100 2 -17436 9170
2469 100 2 -17588 9076
2501 100 2 -17348 9082
2533 100 2 -17564 9174
2566 100 2 -17428 9140
2599 100 2 -17536 9158
2633 100 2 -17556 9160
2667 100 2 -17512 9174
2701 100 2 -17320 9108
2736 100 2 -17640 9158
2771 100 2 -17408 9092
2807 100 2 -17344 9054
2843 100 2 -17508 9172
2880 100 2 -17360 9110
2917 100 2 -17424 9112
2954 100 2 -17848 9228
2992 100 2 -17488 9166
3031 100 2 -17304 9092
3070 100 2 -17580 9184
3110 100 2 -17792 9284
3150 100 2 -17500 9120
3190 100 2 -17380 9094
3232 100 2 -17672 9240
3273 100 2 -17360 9020
3315 100 2 -17004 8800
3358 100 2 -17432 9096
3402 100 2 -17460 9138
3445 100 2 -17680 9156
3490 100 2 -17460 9036
3535 100 2 -17684 9216
3580 100 2 -17320 9062
3627 100 2 -17672 9256
3673 100 2 -17736 9206
3721 100 2 -17572 9208
3769 100 2 -17144 8938
3817 100 2 -17636 9160
3867 100 2 -17532 9146
3916 100 2 -17428 9164
3967 100 2 -17468 9118
4018 100 2 -17280 9030
4070 100 2 -17504 9104
4122 100 2 -17624 9234
4176 100 2 -17408 9068
4229 100 2 -17536 9134
4284 100 2 -17396 9088
4339 100 2 -17312 9092
4395 100 2 -17528 9162
4452 100 2 -17556 9194
4509 100 2 -17572 9162
4567 100 2 -17312 9016
4626 100 2 -17076 8946
4686 100 2 -17572 9204
4746 100 2 -17368 9082
4808 100 2 -17324 9098
4870 100 2 -17452 9136
4932 100 2 -17508 9140
4996 100 2 -17372 9014
5060 100 2 -17660 9234
5126 100 2 -17260 8990
5192 100 2 -17352 9084
5259 100 2 -17392 9054
5327 100 2 -17388 9124
5395 100 2 -17348 9094
5465 100 2 -17200 8980
5535 100 2 -17460 9144
5607 100 2 -17368 9032
5679 100 2 -17804 9304
5752 100 2 -17396 9130
5826 100 2 -17572 9140
5902 100 2 -17372 8974
5978 100 2 -17372 9076
6055 100 2 -17680 9278
6133 100 2 -17404 9120
6212 100 2 -17656 9190
6292 100 2 -17484 9122
6373 100 2 -17348 8992
6455 100 2 -17084 9002
6539 100 2 -17568 9200
6623 100 2 -17400 9120
6708 100 2 -17496 9160
6795 100 2 -17552 9192
6883 100 2 -17456 9174
6971 100 2 -17544 9084
7061 100 2 -17584 9174
7152 100 2 -17476 9144
7245 100 2 -16988 8890
7338 100 2 -17488 9174
7433 100 2 -17492 9152
7529 100 2 -17860 9294
7626 100 2 -17528 9148
7724 100 2 -17604 9142
7824 100 2 -17572 9190
7925 100 2 -17436 9142
8027 100 2 -17508 9148
8130 100 2 -17540 9118
8235 100 2 -17576 9224
8341 100 2 -17660 9194
8449 100 2 -17468 9154
8558 100 2 -17200 9012
8668 100 2 -17456 9078
8780 100 2 -17560 9162
8893 100 2 -17384 9104
9008 100 2 -17440 8998
9124 100 2 -17508 9074
9242 100 2 -17516 9104
9361 100 2 -17584 9156
9482 100 2 -17420 9130
9604 100 2 -17320 9100
9728 100 2 -17600 9214
9853 100 2 -17408 9106
9980 100 2 -17412 9156
10109 100 2 -17588 9176
10240 100 2 -17824 9278
10372 100 2 -17688 9240
10505 100 2 -17428 9134
10641 100 2 -16892 8818
10778 100 2 -17492 9086
10917 100 2 -17360 9070
11058 100 2 -17476 9028
11201 100 2 -17708 9246
11345 100 2 -17344 9100
11491 100 2 -17424 9100
11640 100 2 -17528 9098
11790 100 2 -17392 9112
11942 100 2 -17544 9170
12096 100 2 -17576 9174
12252 100 2 -17516 9062
12410 100 2 -17460 9120
12570 100 2 -17416 9106
12732 100 2 -17264 9050
12896 100 2 -17456 9076
13062 100 2 -17400 9066
13231 100 2 -17360 9082
13402 100 2 -17388 9110
13574 100 2 -17344 9084
13750 100 2 -17332 9016
13927 100 2 -17452 9158
14106 100 2 -17524 9124
14288 100 2 -17648 9194
14473 100 2 -17164 8994
14659 100 2 -17468 9172
14848 100 2 -17600 9204
15040 100 2 -17256 8994
15234 100 2 -17412 9132
15430 100 2 -17616 9208
15629 100 2 -17584 9206
15831 100 2 -17888 9310
16035 100 2 -17376 9034
16242 100 2 -17536 9152
16451 100 2 -17268 9068
16664 100 2 -17484 9130
16879 100 2 -17756 9266
17096 100 2 -17180 8954
17317 100 2 -17260 8906
17540 100 2 -17528 9138
17766 100 2 -17772 9264
17995 100 2 -17684 9248
18228 100 2 -17440 9112
18463 100 2 -17660 9232
18701 100 2 -17468 9124
18942 100 2 -17200 9020
19186 100 2 -17484 9096
19434 100 2 -17640 9216
19684 100 2 -17500 9062
19938 100 2 -17520 9072
20195 100 2 -17540 9168
20456 100 2 -17648 9216
20720 100 2 -17384 9050
20987 100 2 -17360 9050
21258 100 2 -17640 9136
21532 100 2 -17240 9062
21810 100 2 -17568 9172
22091 100 2 -17396 8956
22376 100 2 -17640 9190
22664 100 2 -17444 9106
22957 100 2 -17344 9092
23253 100 2 -17656 9178
23553 100 2 -17116 8880
23856 100 2 -17536 9140
24164 100 2 -17280 9002
24476 100 2 -17612 9248
24791 100 2 -17416 9074
25111 100 2 -17500 9116
25435 100 2 -17160 9074
25763 100 2 -17264 9000
26095 100 2 -17608 9186
26432 100 2 -17368 9110
26773 100 2 -17548 9140
27118 100 2 -17484 9154
27468 100 2 -17232 8946
27822 100 2 -17608 9196
28181 100 2 -17636 9246
28545 100 2 -17444 9152
28913 100 2 -17556 9112
29286 100 2 -17424 9064
29663 100 2 -17548 9160
30046 100 2 -17592 9194
30434 100 2 -17440 9150
30826 100 2 -17808 9318
31224 100 2 -17476 9126
31626 100 2 -17440 9126
32034 100 2 -17320 9054
32447 100 2 -17268 9030
32866 100 2 -17316 9060
33290 100 2 -17532 9152
33719 100 2 -17420 9096
34154 100 2 -17516 9130
34595 100 2 -17524 9188
35041 100 2 -17572 9138
35493 100 2 -17696 9182
35951 100 2 -17420 9112
36414 100 2 -17432 9142
36884 100 2 -17384 9144
37360 100 2 -17780 9242
37841 100 2 -16996 8932
38330 100 2 -17736 9256
38824 100 2 -17504 9146
39325 100 2 -17500 9148
39832 100 2 -17704 9214
40346 100 2 -17336 9032
40866 100 2 -17392 9128
41393 100 2 -17452 9124
41927 100 2 -17476 9146
42468 100 2 -17388 9142
43015 100 2 -17292 9006
43570 100 2 -17328 9046
44132 100 2 -17588 9138
44701 100 2 -17700 9240
45278 100 2 -17276 9044
45862 100 2 -17364 9124
46453 100 2 -17536 9166
47053 100 2 -17192 8958
47660 100 2 -17472 9134
48274 100 2 -17440 9056
48897 100 2 -17500 9146
49528 100 2 -17308 9074
50166 100 2 -17692 9220
50813 100 2 -17448 9088
51469 100 2 -17328 9098
52133 100 2 -17304 9094
52805 100 2 -17192 8992
53486 100 2 -17452 9084
54176 100 2 -17228 9038
54875 100 2 -17488 9124
55582 100 2 -17596 9096
56299 100 2 -17668 9190
57025 100 2 -17396 9110
57761 100 2 -17412 9062
58506 100 2 -17376 9074
59261 100 2 -17592 9166
60025 100 2 -17528 9132
60799 100 2 -17316 9082
61583 100 2 -17352 8972
62378 100 2 -17492 9102
63182 100 2 -17548 9178
63997 100 2 -17628 9226
64822 100 2 -17324 9002
65658 100 2 -17472 9074
66505 100 2 -17328 9084
67363 100 2 -17736 9248
68232 100 2 -17396 9050
69112 100 2 -17728 9272
70003 100 2 -17152 8974
70906 100 2 -17496 9188
71821 100 2 -17928 9316
72747 100 2 -17140 9014
73685 100 2 -17380 9090
74636 100 2 -17328 9048
75599 100 2 -17612 9172
76574 100 2 -17536 9096
77561 100 2 -17440 9056
78562 100 2 -17700 9272
79575 100 2 -17540 9006
80601 100 2 -17300 9002
81641 100 2 -17624 9208
82694 100 2 -17600 9194
83760 100 2 -17328 9008
84841 100 2 -17512 9164
85935 100 2 -17640 9204
87043 100 2 -17496 9196
88166 100 2 -17588 9178
89303 100 2 -17472 9092
90455 100 2 -17388 9046
91622 100 2 -17444 9086
92803 100 2 -17720 9234
94000 100 2 -17316 9088
95213 100 2 -17096 8978
96441 100 2 -17384 9094
97685 100 2 -17436 9190
98945 100 2 -17752 9142
100221 100 2 -17260 9014
101513 100 2 -17692 9176
102823 100 2 -17472 9080
104149 100 2 -17440 9066
105492 100 2 -17524 9128
106853 100 2 -17260 9048
108231 100 2 -17388 9146
109627 100 2 -17368 9170
111041 100 2 -17456 9126
112473 100 2 -17416 9092
113924 100 2 -17364 9090
115393 100 2 -17356 9104
116882 100 2 -17324 8996
118389 100 2 -17304 9056
119916 100 2 -17516 9134
121463 100 2 -17128 9000
123029 100 2 -17708 9198
124616 100 2 -17384 9054
126224 100 2 -17256 9026
127852 100 2 -17512 9094
129501 100 2 -17424 9126
131171 100 2 -17588 9168
132863 100 2 -17388 9140
134576 100 2 -17472 9134
136312 100 2 -17620 9230
138070 100 2 -17480 9112
139851 100 2 -17568 9164
141655 100 2 -17452 9144
143482 100 2 -17432 9136
145333 100 2 -17420 9066
147207 100 2 -17488 9128
149106 100 2 -17396 9058
151029 100 2 -17472 9100
152977 100 2 -17636 9246
154950 100 2 -17204 8914
156948 100 2 -17444 9122
158973 100 2 -17200 9032
161023 100 2 -17464 9130
163100 100 2 -17376 9102
165204 100 2 -17680 9240
167334 100 2 -17444 9128
169493 100 2 -17352 9108
171679 100 2 -17404 9106
173893 100 2 -17456 9136
176136 100 2 -17200 8832
178408 100 2 -17468 9124
180709 100 2 -17768 9206
183040 100 2 -17408 9014
185400 100 2 -17404 8872
187792 100 2 -17444 9114
190214 100 2 -17748 9240
192667 100 2 -17808 9254
195152 100 2 -17200 9046
197669 100 2 -17516 9146
200219 100 2 -17648 9216
202801 100 2 -17616 9112
205417 100 2 -17272 8996
208066 100 2 -17340 9078
210750 100 2 -17376 9084
213468 100 2 -17136 8992
216222 100 2 -17516 9132
219010 100 2 -17324 9042
221835 100 2 -17432 9030
224696 100 2 -17584 9176
227595 100 2 -17672 9190
230530 100 2 -17576 9144
233503 100 2 -17320 9022
236515 100 2 -17760 9272
239566 100 2 -17260 8952
242656 100 2 -17204 8924
245785 100 2 -17560 9094
248956 100 2 -17456 9072
252167 100 2 -17588 9172
255419 100 2 -17216 9084
258713 100 2 -17688 9256
262050 100 2 -17704 9200
265430 100 2 -17296 8992
268854 100 2 -17468 9126
272321 100 2 -17408 9066
275834 100 2 -17244 9040
279391 100 2 -17376 9102
282995 100 2 -16996 8906
286645 100 2 -17672 9218
290342 100 2 -17308 9046
294087 100 2 -17148 8972
297880 100 2 -17576 9162
301722 100 2 -17456 9136
305614 100 2 -17480 9064
309556 100 2 -17764 9266
313548 100 2 -17364 9088
317592 100 2 -17400 9116
321689 100 2 -17396 9078
325838 100 2 -17456 9136
330040 100 2 -17300 9046
334297 100 2 -17596 9214
338609 100 2 -17616 9226
342976 100 2 -17576 9166
347400 100 2 -17288 9070
351881 100 2 -17384 9092
356419 100 2 -17532 9186
361016 100 2 -17736 9252
365673 100 2 -17416 9100
370389 100 2 -17096 8886
375167 100 2 -17240 8956
380005 100 2 -17488 9178
384907 100 2 -17648 9220
389871 100 2 -17356 9112
394900 100 2 -17640 9224
399993 100 2 -17572 9150
405152 100 2 -17224 9004
410378 100 2 -17268 8960
415671 100 2 -17424 9026
421032 100 2 -17412 9174
426463 100 2 -17340 9026
431963 100 2 -17704 9260
437535 100 2 -17624 9246
443178 100 2 -17356 9060
448894 100 2 -17632 9208
454684 100 2 -17304 9012
460548 100 2 -17756 9242
466489 100 2 -17412 9032
472505 100 2 -17796 9260
478600 100 2 -17424 9090
484773 100 2 -17188 9004
491025 100 2 -17760 9276
497358 100 2 -17236 9018
503773 100 2 -17484 9144
510271 100 2 -17444 9126
516852 100 2 -17480 9112
523519 100 2 -17512 9222
530271 100 2 -17752 9282
537111 100 2 -17696 9242
544038 100 2 -17492 9162
551055 100 2 -17208 9000
558163 100 2 -17424 9086
565362 100 2 -17428 9126
572654 100 2 -17628 9204
580040 100 2 -17396 9098
587521 100 2 -17272 9056
595099 100 2 -17384 9090
602775 100 2 -17404 9124
610549 100 2 -17492 9176
618424 100 2 -17528 9156
626400 100 2 -17448 9142
634480 100 2 -17636 9174
642663 100 2 -17436 9170
650952 100 2 -17264 9016
659348 100 2 -17548 9126
667853 100 2 -17300 9080
676467 100 2 -17508 9164
685192 100 2 -17380 9054
694029 100 2 -17364 9106
702981 100 2 -17712 9204
712048 100 2 -17208 9000
721232 100 2 -17796 9254
730534 100 2 -17484 9144
739957 100 2 -17340 9016
749500 100 2 -17276 9016
759168 100 2 -17440 9144
768959 100 2 -17244 9032
778877 100 2 -17240 8940
788923 100 2 -17572 9202
799099 100 2 -17428 9076
809405 100 2 -17376 9152
819845 100 2 -17584 9120
830419 100 2 -17456 9070
841130 100 2 -17576 9160
851979 100 2 -17524 9170
862968 100 2 -17864 9322
874098 100 2 -17768 9238
885373 100 2 -17548 9172
896792 100 2 -17528 9148
908359 100 2 -17664 9222
920075 100 2 -17016 8922
931942 100 2 -17444 9184
943962 100 2 -17184 9034
956137 100 2 -17404 9100
968470 100 2 -17696 9214
980961 100 2 -17052 9000
993613 100 2 -17448 9078
999999 100 2 -17340 9092
