3 60 2 -6424 3352
4 60 2 -6364 3334
5 60 2 -6392 3350
6 60 2 -6320 3314
7 60 2 -6252 3292
8 60 2 -6392 3342
9 60 2 -6340 3316
10 60 2 -6416 3304
11 60 2 -6248 3236
12 60 2 -6276 3268
13 60 2 -6348 3292
14 60 2 -6380 3304
15 60 2 -6396 3304
16 60 2 -6452 3326
17 60 2 -6388 3312
18 60 2 -6516 3354
19 60 2 -6496 3362
20 60 2 -6324 3302
21 60 2 -6308 3292
22 60 2 -6360 3300
23 60 2 -6348 3316
24 60 2 -6264 3284
25 60 2 -6284 3306
26 60 2 -6296 3294
27 60 2 -6444 3354
28 60 2 -6372 3330
29 60 2 -6372 3324
30 60 2 -6416 3348
31 60 2 -6388 3336
32 60 2 -6420 3356
33 60 2 -6396 3352
34 60 2 -6396 3356
35 60 2 -6448 3358
36 60 2 -6432 3348
37 60 2 -6328 3320
38 60 2 -6236 3286
39 60 2 -6208 3270
40 60 2 -6296 3300
41 60 2 -6412 3328
42 60 2 -6376 3320
43 60 2 -6368 3292
44 60 2 -6264 3276
45 60 2 -6196 3248
46 60 2 -6204 3250
47 60 2 -6168 3252
48 60 2 -6316 3310
49 60 2 -6188 3244
50 60 2 -6204 3252
51 60 2 -6228 3252
52 60 2 -6348 3318
53 60 2 -6248 3290
54 60 2 -6288 3284
55 60 2 -6216 3278
56 60 2 -6056 3212
57 60 2 -6188 3214
58 60 2 -6272 3272
59 60 2 -6288 3278
60 60 2 -6316 3312
61 60 2 -6388 3316
62 60 2 -6380 3318
63 60 2 -6292 3306
64 60 2 -6220 3278
65 60 2 -6216 3280
66 60 2 -6272 3302
67 60 2 -6172 3258
68 60 2 -6256 3280
69 60 2 -6284 3296
70 60 2 -6420 3336
71 60 2 -6440 3348
72 60 2 -6304 3300
73 60 2 -6328 3316
74 60 2 -6328 3314
75 60 2 -6356 3332
76 60 2 -6368 3330
77 60 2 -6296 3298
78 60 2 -6280 3274
79 60 2 -6172 3230
80 60 2 -6348 3302
81 60 2 -6384 3324
82 60 2 -6272 3276
83 60 2 -6224 3274
84 60 2 -6360 3322
85 60 2 -6332 3288
86 60 2 -6288 3294
88 60 2 -6316 3296
89 60 2 -6264 3264
90 60 2 -6344 3304
91 60 2 -6264 3282
92 60 2 -6320 3298
93 60 2 -6392 3346
95 60 2 -6364 3334
96 60 2 -6352 3334
97 60 2 -6388 3356
98 60 2 -6440 3372
99 60 2 -6376 3348
101 60 2 -6196 3252
102 60 2 -6280 3300
103 60 2 -6328 3320
105 60 2 -6444 3334
106 60 2 -6488 3344
107 60 2 -6380 3306
109 60 2 -6392 3332
110 60 2 -6340 3324
112 60 2 -6304 3288
113 60 2 -6320 3308
114 60 2 -6232 3270
116 60 2 -6184 3242
117 60 2 -6276 3262
119 60 2 -6384 3326
120 60 2 -6328 3308
122 60 2 -6292 3306
124 60 2 -6312 3304
125 60 2 -6256 3288
127 60 2 -6192 3286
128 60 2 -6436 3342
130 60 2 -6504 3364
132 60 2 -6380 3320
133 60 2 -6452 3318
135 60 2 -6336 3306
137 60 2 -6192 3282
139 60 2 -6276 3292
140 60 2 -6464 3344
142 60 2 -6468 3362
144 60 2 -6404 3348
146 60 2 -6300 3294
148 60 2 -6176 3232
150 60 2 -6164 3268
152 60 2 -6228 3278
154 60 2 -6336 3328
155 60 2 -6364 3316
157 60 2 -6460 3358
160 60 2 -6432 3334
162 60 2 -6352 3286
164 60 2 -6292 3304
166 60 2 -6248 3278
168 60 2 -6348 3324
170 60 2 -6384 3328
172 60 2 -6516 3378
174 60 2 -6492 3348
177 60 2 -6468 3348
179 60 2 -6456 3350
181 60 2 -6376 3322
184 60 2 -6384 3344
186 60 2 -6296 3300
188 60 2 -6372 3344
191 60 2 -6316 3296
193 60 2 -6268 3294
196 60 2 -6396 3320
198 60 2 -6368 3328
201 60 2 -6108 3204
203 60 2 -6144 3236
206 60 2 -6188 3246
209 60 2 -6288 3288
211 60 2 -6316 3280
214 60 2 -6192 3250
217 60 2 -6332 3298
220 60 2 -6204 3246
222 60 2 -6140 3224
225 60 2 -6272 3278
228 60 2 -6128 3218
231 60 2 -6192 3258
234 60 2 -6200 3282
237 60 2 -6296 3310
240 60 2 -6208 3274
243 60 2 -6196 3246
246 60 2 -6324 3322
250 60 2 -6352 3334
253 60 2 -6328 3298
256 60 2 -6444 3348
259 60 2 -6356 3306
263 60 2 -6312 3310
266 60 2 -6196 3252
269 60 2 -6300 3272
273 60 2 -6224 3262
276 60 2 -6388 3322
280 60 2 -6272 3290
284 60 2 -6020 3198
287 60 2 -6176 3230
291 60 2 -6240 3304
295 60 2 -6196 3260
298 60 2 -6184 3228
302 60 2 -6116 3176
306 60 2 -6204 3228
310 60 2 -6080 3168
314 60 2 -5972 3104
318 60 2 -6140 3240
322 60 2 -6288 3302
326 60 2 -6316 3304
331 60 2 -6312 3298
335 60 2 -6380 3342
339 60 2 -6364 3328
344 60 2 -6288 3270
348 60 2 -6332 3306
352 60 2 -6348 3302
357 60 2 -6256 3264
362 60 2 -6248 3204
366 60 2 -6304 3216
371 60 2 -6356 3328
376 60 2 -6364 3348
381 60 2 -6400 3310
385 60 2 -6140 3224
390 60 2 -6256 3254
395 60 2 -6348 3322
401 60 2 -6236 3288
406 60 2 -6424 3328
411 60 2 -6212 3242
416 60 2 -6400 3334
422 60 2 -6256 3292
427 60 2 -6384 3342
433 60 2 -6468 3368
438 60 2 -6352 3348
444 60 2 -6272 3290
449 60 2 -6484 3372
455 60 2 -6172 3246
461 60 2 -6136 3218
467 60 2 -6248 3272
473 60 2 -6224 3262
479 60 2 -6392 3346
485 60 2 -6308 3304
492 60 2 -6364 3300
498 60 2 -6416 3306
504 60 2 -6140 3226
511 60 2 -6252 3266
517 60 2 -6296 3248
524 60 2 -6400 3314
531 60 2 -6352 3292
538 60 2 -6160 3238
545 60 2 -6440 3346
552 60 2 -6272 3302
559 60 2 -6268 3304
566 60 2 -6104 3194
573 60 2 -6368 3312
581 60 2 -6276 3224
588 60 2 -6036 3154
596 60 2 -6164 3192
603 60 2 -6048 3140
611 60 2 -6196 3160
619 60 2 -6100 3232
627 60 2 -6692 3450
635 60 2 -6400 3322
643 60 2 -6236 3258
652 60 2 -6136 3196
660 60 2 -6160 3222
668 60 2 -6236 3268
677 60 2 -6388 3362
686 60 2 -6236 3280
695 60 2 -6296 3314
704 60 2 -6348 3316
713 60 2 -6112 3234
722 60 2 -6248 3284
731 60 2 -6228 3258
741 60 2 -6332 3284
750 60 2 -6380 3320
760 60 2 -6248 3272
770 60 2 -6324 3310
780 60 2 -6300 3270
790 60 2 -6256 3284
800 60 2 -6140 3226
810 60 2 -6328 3292
821 60 2 -6224 3266
831 60 2 -6336 3306
842 60 2 -6212 3254
853 60 2 -6476 3356
864 60 2 -6304 3292
875 60 2 -6188 3240
886 60 2 -6348 3308
897 60 2 -6504 3370
909 60 2 -6268 3278
921 60 2 -6288 3294
933 60 2 -6392 3314
945 60 2 -6172 3218
957 60 2 -6316 3244
969 60 2 -6132 3210
982 60 2 -6316 3312
994 60 2 -6352 3322
1007 60 2 -6280 3280
1020 60 2 -6260 3254
1033 60 2 -6352 3338
1047 60 2 -6336 3308
1060 60 2 -6260 3240
1074 60 2 -6336 3326
1088 60 2 -6308 3284
1102 60 2 -6128 3232
1116 60 2 -6368 3302
1130 60 2 -6316 3300
1145 60 2 -6456 3360
1160 60 2 -6104 3240
1174 60 2 -6364 3308
1190 60 2 -6304 3258
1205 60 2 -6040 3156
1220 60 2 -6168 3248
1236 60 2 -6364 3264
1252 60 2 -6296 3292
1268 60 2 -6352 3318
1285 60 2 -6192 3216
1301 60 2 -6352 3318
1318 60 2 -6412 3340
1335 60 2 -6248 3284
1352 60 2 -6332 3308
1370 60 2 -6172 3188
1387 60 2 -6252 3174
1405 60 2 -6452 3370
1423 60 2 -6256 3242
1442 60 2 -6264 3214
1460 60 2 -6308 3296
1479 60 2 -6348 3314
1498 60 2 -6200 3252
1517 60 2 -6396 3354
1537 60 2 -6160 3226
1557 60 2 -6320 3304
1577 60 2 -6256 3286
1597 60 2 -6388 3336
1618 60 2 -6112 3216
1639 60 2 -6372 3320
1660 60 2 -6320 3294
1681 60 2 -6396 3332
1703 60 2 -6384 3322
1725 60 2 -6184 3242
1747 60 2 -6504 3362
1770 60 2 -6048 3098
1792 60 2 -6112 3146
1816 60 2 -6140 3212
1839 60 2 -6332 3308
1863 60 2 -6268 3272
1887 60 2 -6356 3294
1911 60 2 -6328 3324
1936 60 2 -6252 3272
1961 60 2 -6328 3310
1986 60 2 -6304 3306
2012 60 2 -6412 3348
2037 60 2 -6128 3202
2064 60 2 -6184 3230
2090 60 2 -6220 3296
2117 60 2 -6344 3304
2145 60 2 -6072 3212
2172 60 2 -6200 3264
2200 60 2 -6252 3294
2229 60 2 -6388 3352
2257 60 2 -6148 3198
2286 60 2 -6228 3272
2316 60 2 -6120 3226
2346 60 2 -6236 3162
2376 60 2 -6232 3272
2407 60 2 -6372 3332
2438 60 2 -6236 3236
2469 60 2 -6244 3274
2501 60 2 -6256 3266
2533 60 2 -6124 3178
2566 60 2 -6320 3268
2599 60 2 -6460 3368
2633 60 2 -6288 3298
2667 60 2 -6380 3348
2701 60 2 -6116 3208
2736 60 2 -6296 3292
2771 60 2 -6308 3310
2807 60 2 -6336 3320
2843 60 2 -6412 3338
2880 60 2 -6384 3330
2917 60 2 -6224 3256
2954 60 2 -6388 3338
2992 60 2 -6220 3268
3031 60 2 -6156 3230
3070 60 2 -6364 3342
3110 60 2 -6228 3282
3150 60 2 -6396 3356
3190 60 2 -6416 3348
3232 60 2 -6216 3256
3273 60 2 -6256 3322
3315 60 2 -6120 3170
3358 60 2 -6216 3262
3402 60 2 -6268 3314
3445 60 2 -6308 3304
3490 60 2 -6316 3262
3535 60 2 -6368 3348
3580 60 2 -6364 3338
3627 60 2 -6296 3306
3673 60 2 -6248 3298
3721 60 2 -6092 3218
3769 60 2 -6396 3340
3817 60 2 -6192 3216
3867 60 2 -6372 3346
3916 60 2 -6188 3230
3967 60 2 -6296 3316
4018 60 2 -6316 3280
4070 60 2 -6212 3244
4122 60 2 -6236 3192
4176 60 2 -6308 3268
4229 60 2 -6572 3416
4284 60 2 -6276 3268
4339 60 2 -6284 3306
4395 60 2 -6360 3352
4452 60 2 -6380 3354
4509 60 2 -6324 3298
4567 60 2 -6200 3288
4626 60 2 -6328 3342
4686 60 2 -6212 3248
4746 60 2 -6356 3280
4808 60 2 -6408 3344
4870 60 2 -6236 3288
4932 60 2 -6428 3354
4996 60 2 -6220 3280
5060 60 2 -6332 3288
5126 60 2 -6264 3296
5192 60 2 -6332 3302
5259 60 2 -6212 3206
5327 60 2 -6420 3342
5395 60 2 -6380 3324
5465 60 2 -6328 3268
5535 60 2 -6228 3264
5607 60 2 -6120 3220
5679 60 2 -6300 3280
5752 60 2 -6324 3324
5826 60 2 -6460 3348
5902 60 2 -6212 3284
5978 60 2 -6296 3300
6055 60 2 -6324 3314
6133 60 2 -6168 3246
6212 60 2 -6184 3194
6292 60 2 -6240 3286
6373 60 2 -6252 3262
6455 60 2 -6420 3354
6539 60 2 -6264 3290
6623 60 2 -6388 3338
6708 60 2 -6320 3316
6795 60 2 -6372 3326
6883 60 2 -6244 3230
6971 60 2 -6304 3242
7061 60 2 -6356 3326
7152 60 2 -6272 3262
7245 60 2 -6044 3120
7338 60 2 -6368 3322
7433 60 2 -6368 3332
7529 60 2 -6276 3256
7626 60 2 -6608 3418
7724 60 2 -6328 3310
7824 60 2 -5796 3080
7925 60 2 -6268 3270
8027 60 2 -6264 3260
8130 60 2 -6340 3330
8235 60 2 -6408 3336
8341 60 2 -6240 3278
8449 60 2 -6168 3238
8558 60 2 -6236 3250
8668 60 2 -6428 3338
8780 60 2 -6152 3254
8893 60 2 -6244 3280
9008 60 2 -6352 3310
9124 60 2 -6420 3344
9242 60 2 -6244 3288
9361 60 2 -6252 3254
9482 60 2 -6268 3316
9604 60 2 -6252 3224
9728 60 2 -6324 3300
9853 60 2 -6292 3304
9980 60 2 -6444 3362
10109 60 2 -6244 3294
10240 60 2 -6180 3246
10372 60 2 -6200 3228
10505 60 2 -6364 3298
10641 60 2 -6148 3254
10778 60 2 -6388 3326
10917 60 2 -6312 3280
11058 60 2 -6396 3344
11201 60 2 -6196 3256
11345 60 2 -6264 3228
11491 60 2 -6220 3262
11640 60 2 -6316 3316
11790 60 2 -6260 3236
11942 60 2 -6264 3306
12096 60 2 -6412 3342
12252 60 2 -6264 3280
12410 60 2 -6320 3288
12570 60 2 -6240 3258
12732 60 2 -6088 3206
12896 60 2 -6356 3254
13062 60 2 -6588 3428
13231 60 2 -6008 3208
13402 60 2 -6308 3316
13574 60 2 -6344 3320
13750 60 2 -6256 3252
13927 60 2 -6212 3214
14106 60 2 -6132 3248
14288 60 2 -6304 3304
14473 60 2 -6128 3188
14659 60 2 -6332 3306
14848 60 2 -6316 3266
15040 60 2 -6228 3272
15234 60 2 -6224 3216
15430 60 2 -6352 3332
15629 60 2 -6252 3284
15831 60 2 -6332 3312
16035 60 2 -6500 3370
16242 60 2 -6212 3280
16451 60 2 -6316 3292
16664 60 2 -6400 3332
16879 60 2 -6312 3314
17096 60 2 -6356 3322
17317 60 2 -6456 3328
17540 60 2 -6212 3226
17766 60 2 -6276 3282
17995 60 2 -6380 3322
18228 60 2 -6276 3298
18463 60 2 -6272 3250
18701 60 2 -6424 3322
18942 60 2 -6144 3264
19186 60 2 -6248 3284
19434 60 2 -6288 3294
19684 60 2 -6084 3222
19938 60 2 -6204 3268
20195 60 2 -6244 3254
20456 60 2 -6320 3298
20720 60 2 -6296 3258
20987 60 2 -6292 3266
21258 60 2 -6344 3300
21532 60 2 -6420 3348
21810 60 2 -6296 3280
22091 60 2 -6292 3306
22376 60 2 -6144 3276
22664 60 2 -6376 3332
22957 60 2 -6196 3252
23253 60 2 -6212 3250
23553 60 2 -6436 3332
23856 60 2 -6168 3250
24164 60 2 -6316 3278
24476 60 2 -6268 3254
24791 60 2 -6156 3244
25111 60 2 -6264 3306
25435 60 2 -6200 3248
25763 60 2 -6268 3278
26095 60 2 -6244 3164
26432 60 2 -6420 3336
26773 60 2 -6372 3320
27118 60 2 -6140 3216
27468 60 2 -6224 3256
27822 60 2 -6232 3248
28181 60 2 -6260 3292
28545 60 2 -6316 3304
28913 60 2 -6120 3172
29286 60 2 -6208 3258
29663 60 2 -6332 3312
30046 60 2 -6196 3268
30434 60 2 -6276 3262
30826 60 2 -6104 3260
31224 60 2 -6040 3146
31626 60 2 -6488 3368
32034 60 2 -6244 3280
32447 60 2 -6116 3160
32866 60 2 -6392 3336
33290 60 2 -6328 3318
33719 60 2 -6276 3288
34154 60 2 -6248 3276
34595 60 2 -6412 3356
35041 60 2 -6296 3300
35493 60 2 -6436 3354
35951 60 2 -6308 3298
36414 60 2 -6220 3278
36884 60 2 -6376 3326
37360 60 2 -6268 3306
37841 60 2 -6308 3276
38330 60 2 -6308 3280
38824 60 2 -6188 3250
39325 60 2 -6300 3306
39832 60 2 -6408 3340
40346 60 2 -6244 3276
40866 60 2 -6412 3364
41393 60 2 -6112 3200
41927 60 2 -6176 3204
42468 60 2 -6340 3314
43015 60 2 -6208 3252
43570 60 2 -6408 3366
44132 60 2 -6276 3306
44701 60 2 -6112 3226
45278 60 2 -6276 3290
45862 60 2 -6264 3302
46453 60 2 -6376 3346
47053 60 2 -6320 3306
47660 60 2 -6228 3266
48274 60 2 -6364 3322
48897 60 2 -6456 3342
49528 60 2 -6308 3304
50166 60 2 -6220 3252
50813 60 2 -6268 3258
51469 60 2 -6256 3286
52133 60 2 -6236 3278
52805 60 2 -6208 3252
53486 60 2 -6336 3274
54176 60 2 -6340 3332
54875 60 2 -6292 3296
55582 60 2 -6276 3296
56299 60 2 -6036 3186
57025 60 2 -6220 3298
57761 60 2 -6308 3310
58506 60 2 -6212 3258
59261 60 2 -6168 3208
60025 60 2 -6268 3276
60799 60 2 -6364 3252
61583 60 2 -6200 3272
62378 60 2 -6240 3236
63182 60 2 -6388 3332
63997 60 2 -6084 3210
64822 60 2 -6404 3360
65658 60 2 -6368 3298
66505 60 2 -6400 3332
67363 60 2 -6160 3208
68232 60 2 -6284 3260
69112 60 2 -6284 3288
70003 60 2 -6340 3336
70906 60 2 -6376 3338
71821 60 2 -6324 3266
72747 60 2 -6340 3326
73685 60 2 -6228 3268
74636 60 2 -6152 3192
75599 60 2 -6360 3336
76574 60 2 -6324 3292
77561 60 2 -6404 3344
78562 60 2 -6312 3276
79575 60 2 -6108 3240
80601 60 2 -6328 3296
81641 60 2 -6348 3328
82694 60 2 -6280 3300
83760 60 2 -6220 3292
84841 60 2 -6316 3312
85935 60 2 -6300 3288
87043 60 2 -6148 3222
88166 60 2 -6228 3168
89303 60 2 -6280 3268
90455 60 2 -6268 3262
91622 60 2 -6424 3336
92803 60 2 -6276 3282
94000 60 2 -6128 3228
95213 60 2 -6088 3238
96441 60 2 -6388 3342
97685 60 2 -6336 3306
98945 60 2 -6368 3326
100221 60 2 -6472 3346
101513 60 2 -6444 3336
102823 60 2 -6376 3286
104149 60 2 -6396 3344
105492 60 2 -6196 3262
106853 60 2 -6176 3230
108231 60 2 -6172 3182
109627 60 2 -6184 3246
111041 60 2 -6344 3306
112473 60 2 -6332 3304
113924 60 2 -6244 3272
115393 60 2 -6312 3298
116882 60 2 -6368 3318
118389 60 2 -6368 3340
119916 60 2 -6176 3224
121463 60 2 -6164 3228
123029 60 2 -6204 3270
124616 60 2 -6308 3254
126224 60 2 -6300 3300
127852 60 2 -6220 3228
129501 60 2 -6148 3220
131171 60 2 -6108 3162
132863 60 2 -6128 3244
134576 60 2 -6292 3282
136312 60 2 -6176 3266
138070 60 2 -6140 3230
139851 60 2 -6320 3304
141655 60 2 -6436 3328
143482 60 2 -6380 3348
145333 60 2 -6400 3342
147207 60 2 -6332 3310
149106 60 2 -6152 3238
151029 60 2 -6284 3292
152977 60 2 -6124 3230
154950 60 2 -6252 3290
156948 60 2 -6244 3288
158973 60 2 -6228 3284
161023 60 2 -6120 3232
163100 60 2 -6416 3362
165204 60 2 -6512 3390
167334 60 2 -6404 3314
169493 60 2 -6400 3316
171679 60 2 -6244 3248
173893 60 2 -6388 3338
176136 60 2 -6412 3358
178408 60 2 -6352 3332
180709 60 2 -6372 3346
183040 60 2 -6368 3326
185400 60 2 -6204 3254
187792 60 2 -6260 3286
190214 60 2 -6232 3286
192667 60 2 -6252 3294
195152 60 2 -6492 3318
197669 60 2 -6272 3280
200219 60 2 -6228 3242
202801 60 2 -6272 3274
205417 60 2 -6216 3270
208066 60 2 -6412 3332
210750 60 2 -6216 3242
213468 60 2 -6200 3210
216222 60 2 -6268 3284
219010 60 2 -6232 3240
221835 60 2 -6116 3188
224696 60 2 -6196 3204
227595 60 2 -6240 3284
230530 60 2 -6356 3310
233503 60 2 -6312 3294
236515 60 2 -6348 3310
239566 60 2 -6368 3308
242656 60 2 -6276 3290
245785 60 2 -6268 3270
248956 60 2 -6316 3302
252167 60 2 -6300 3260
255419 60 2 -6084 3190
258713 60 2 -6336 3312
262050 60 2 -6176 3214
265430 60 2 -6088 3186
268854 60 2 -6432 3366
272321 60 2 -6328 3268
275834 60 2 -6252 3288
279391 60 2 -6108 3216
282995 60 2 -6120 3194
286645 60 2 -6344 3312
290342 60 2 -6340 3318
294087 60 2 -6152 3244
297880 60 2 -6216 3258
301722 60 2 -6256 3296
305614 60 2 -6324 3314
309556 60 2 -6228 3240
313548 60 2 -6316 3302
317592 60 2 -6384 3330
321689 60 2 -6328 3298
325838 60 2 -6280 3280
330040 60 2 -6212 3216
334297 60 2 -6348 3274
338609 60 2 -6188 3250
342976 60 2 -6428 3370
347400 60 2 -6412 3354
351881 60 2 -6220 3242
356419 60 2 -6380 3332
361016 60 2 -6148 3240
365673 60 2 -6496 3370
370389 60 2 -6260 3262
375167 60 2 -6108 3200
380005 60 2 -6296 3312
384907 60 2 -6236 3276
389871 60 2 -6232 3272
394900 60 2 -6484 3364
399993 60 2 -6392 3318
405152 60 2 -6284 3176
410378 60 2 -6300 3296
415671 60 2 -6256 3280
421032 60 2 -6236 3236
426463 60 2 -6128 3216
431963 60 2 -6460 3358
437535 60 2 -6380 3320
443178 60 2 -6356 3324
448894 60 2 -6296 3328
454684 60 2 -6252 3274
460548 60 2 -6188 3238
466489 60 2 -6276 3280
472505 60 2 -6492 3378
478600 60 2 -6320 3310
484773 60 2 -6216 3268
491025 60 2 -6124 3204
497358 60 2 -6456 3358
503773 60 2 -6164 3246
510271 60 2 -6192 3236
516852 60 2 -6288 3264
523519 60 2 -6364 3304
530271 60 2 -6236 3250
537111 60 2 -6392 3296
544038 60 2 -6288 3296
551055 60 2 -6304 3308
558163 60 2 -6432 3348
565362 60 2 -6296 3278
572654 60 2 -6192 3216
580040 60 2 -6328 3334
587521 60 2 -6372 3326
595099 60 2 -6112 3238
602775 60 2 -6268 3286
610549 60 2 -6292 3270
618424 60 2 -6336 3310
626400 60 2 -6396 3326
634480 60 2 -6304 3314
642663 60 2 -6216 3286
650952 60 2 -6176 3228
659348 60 2 -6176 3234
667853 60 2 -6308 3304
676467 60 2 -6332 3308
685192 60 2 -6240 3294
694029 60 2 -6216 3280
702981 60 2 -6460 3368
712048 60 2 -6280 3262
721232 60 2 -6288 3236
730534 60 2 -6072 3142
739957 60 2 -6264 3302
749500 60 2 -6340 3316
759168 60 2 -6224 3260
768959 60 2 -6188 3252
778877 60 2 -6316 3266
788923 60 2 -6144 3246
799099 60 2 -6252 3252
809405 60 2 -6412 3360
819845 60 2 -6376 3338
830419 60 2 -6524 3380
841130 60 2 -6204 3248
851979 60 2 -6248 3292
862968 60 2 -6332 3290
874098 60 2 -6368 3316
885373 60 2 -6412 3346
896792 60 2 -6080 3164
908359 60 2 -6432 3314
920075 60 2 -6248 3240
931942 60 2 -6420 3332
943962 60 2 -6360 3330
956137 60 2 -6488 3348
968470 60 2 -6280 3262
980961 60 2 -6284 3308
993613 60 2 -6364 3328
999999 60 2 -6272 3286
