3 140 2.2 -33744 17884
4 140 2.2 -33320 17716
5 140 2.2 -33256 17646
6 140 2.2 -32420 17306
7 140 2.2 -32180 17180
8 140 2.2 -32096 17082
9 140 2.2 -31692 16914
10 140 2.2 -31996 17024
11 140 2.2 -31712 16856
12 140 2.2 -31748 16778
13 140 2.2 -31680 16820
14 140 2.2 -31456 16762
15 140 2.2 -31532 16694
16 140 2.2 -31360 16638
17 140 2.2 -31168 16486
18 140 2.2 -31068 16368
19 140 2.2 -31104 16404
20 140 2.2 -31308 16416
21 140 2.2 -31312 16462
22 140 2.2 -31272 16452
23 140 2.2 -31248 16448
24 140 2.2 -31628 16566
25 140 2.2 -31560 16622
26 140 2.2 -31388 16458
27 140 2.2 -31140 16368
28 140 2.2 -31260 16366
29 140 2.2 -31260 16348
30 140 2.2 -31328 16358
31 140 2.2 -31628 16596
32 140 2.2 -31600 16584
33 140 2.2 -31268 16462
34 140 2.2 -31264 16418
35 140 2.2 -31044 16340
36 140 2.2 -30576 16080
37 140 2.2 -30712 16136
38 140 2.2 -30636 16054
39 140 2.2 -30464 15920
40 140 2.2 -30596 15916
41 140 2.2 -30560 15944
42 140 2.2 -30572 15888
43 140 2.2 -30684 15910
44 140 2.2 -30620 15870
45 140 2.2 -30680 15940
46 140 2.2 -30836 15916
47 140 2.2 -30724 15920
48 140 2.2 -30920 15906
49 140 2.2 -30888 15896
50 140 2.2 -30664 15886
51 140 2.2 -30560 15762
52 140 2.2 -30264 15668
53 140 2.2 -30480 15732
54 140 2.2 -30620 15908
55 140 2.2 -30356 15764
56 140 2.2 -30392 15724
57 140 2.2 -30064 15622
58 140 2.2 -30320 15724
59 140 2.2 -30756 15796
60 140 2.2 -30392 15666
61 140 2.2 -30296 15736
62 140 2.2 -30600 15720
63 140 2.2 -30260 15492
64 140 2.2 -30544 15718
65 140 2.2 -30480 15750
66 140 2.2 -30500 15664
67 140 2.2 -30172 15520
68 140 2.2 -30016 15508
69 140 2.2 -30132 15582
70 140 2.2 -30428 15738
71 140 2.2 -30596 15798
72 140 2.2 -30256 15662
73 140 2.2 -30360 15658
74 140 2.2 -30508 15592
75 140 2.2 -30216 15512
76 140 2.2 -30208 15516
77 140 2.2 -30112 15492
78 140 2.2 -29920 15496
79 140 2.2 -30480 15598
80 140 2.2 -30272 15542
81 140 2.2 -30336 15616
82 140 2.2 -30212 15536
83 140 2.2 -30500 15502
84 140 2.2 -30052 15390
85 140 2.2 -30348 15370
86 140 2.2 -29964 15252
88 140 2.2 -30140 15284
89 140 2.2 -30432 15378
90 140 2.2 -30192 15390
91 140 2.2 -30268 15392
92 140 2.2 -30696 15552
93 140 2.2 -31004 15736
95 140 2.2 -30504 15554
96 140 2.2 -30492 15512
97 140 2.2 -30580 15466
98 140 2.2 -30276 15380
99 140 2.2 -30028 15294
101 140 2.2 -29908 15226
102 140 2.2 -30272 15422
103 140 2.2 -30048 15372
105 140 2.2 -30008 15326
106 140 2.2 -29980 15314
107 140 2.2 -30036 15194
109 140 2.2 -29508 14908
110 140 2.2 -29772 14922
112 140 2.2 -29684 14886
113 140 2.2 -29476 14726
114 140 2.2 -29856 14790
116 140 2.2 -29984 14964
117 140 2.2 -29588 14940
119 140 2.2 -29980 14986
120 140 2.2 -30376 15244
122 140 2.2 -30220 15184
124 140 2.2 -30432 15282
125 140 2.2 -30424 15338
127 140 2.2 -30068 15234
128 140 2.2 -30176 15256
130 140 2.2 -30528 15300
132 140 2.2 -30464 15348
133 140 2.2 -30568 15358
135 140 2.2 -30072 15342
137 140 2.2 -30516 15470
139 140 2.2 -30516 15456
140 140 2.2 -30688 15590
142 140 2.2 -30644 15638
144 140 2.2 -30384 15614
146 140 2.2 -30648 15764
148 140 2.2 -30928 15832
150 140 2.2 -30760 15884
152 140 2.2 -31028 15788
154 140 2.2 -30504 15734
155 140 2.2 -30700 15908
157 140 2.2 -31000 15956
160 140 2.2 -30352 15622
162 140 2.2 -29968 15394
164 140 2.2 -30480 15594
166 140 2.2 -30700 15726
168 140 2.2 -30944 15812
170 140 2.2 -30884 15850
172 140 2.2 -30988 15874
174 140 2.2 -30660 15716
177 140 2.2 -30232 15622
179 140 2.2 -30448 15682
181 140 2.2 -30780 15748
184 140 2.2 -30692 15720
186 140 2.2 -30308 15470
188 140 2.2 -30812 15532
191 140 2.2 -30344 15410
193 140 2.2 -30376 15436
196 140 2.2 -30008 15162
198 140 2.2 -29940 15054
201 140 2.2 -29836 15036
203 140 2.2 -30164 15212
206 140 2.2 -29928 15056
209 140 2.2 -30368 15380
211 140 2.2 -30404 15404
214 140 2.2 -30608 15702
217 140 2.2 -30660 15772
220 140 2.2 -30400 15464
222 140 2.2 -30632 15634
225 140 2.2 -30156 15308
228 140 2.2 -29556 15054
231 140 2.2 -29856 15278
234 140 2.2 -30368 15614
237 140 2.2 -30304 15700
240 140 2.2 -30408 15682
243 140 2.2 -30276 15750
246 140 2.2 -30172 15602
250 140 2.2 -30592 15626
253 140 2.2 -30156 15456
256 140 2.2 -30148 15526
259 140 2.2 -30728 15682
263 140 2.2 -30444 15562
266 140 2.2 -30524 15594
269 140 2.2 -30104 15354
273 140 2.2 -30592 15596
276 140 2.2 -30388 15626
280 140 2.2 -30032 15346
284 140 2.2 -29988 15446
287 140 2.2 -30240 15546
291 140 2.2 -30536 15648
295 140 2.2 -30708 15466
298 140 2.2 -30184 15180
302 140 2.2 -30188 15026
306 140 2.2 -30128 15236
310 140 2.2 -30048 15200
314 140 2.2 -30132 15288
318 140 2.2 -30516 15450
322 140 2.2 -30808 15556
326 140 2.2 -30440 15582
331 140 2.2 -30296 15386
335 140 2.2 -30652 15566
339 140 2.2 -30488 15748
344 140 2.2 -30536 15654
348 140 2.2 -30532 15690
352 140 2.2 -30556 15662
357 140 2.2 -30560 15638
362 140 2.2 -30324 15556
366 140 2.2 -30476 15670
371 140 2.2 -30112 15368
376 140 2.2 -29828 15224
381 140 2.2 -30240 15322
385 140 2.2 -29796 15002
390 140 2.2 -30088 15098
395 140 2.2 -29520 14760
401 140 2.2 -29928 14814
406 140 2.2 -30232 14896
411 140 2.2 -29868 14726
416 140 2.2 -29864 14792
422 140 2.2 -30440 15170
427 140 2.2 -30088 15196
433 140 2.2 -29876 14912
438 140 2.2 -30212 14998
444 140 2.2 -30484 15448
449 140 2.2 -29968 15386
455 140 2.2 -30540 15742
461 140 2.2 -30828 15958
467 140 2.2 -30528 15834
473 140 2.2 -30528 15676
479 140 2.2 -30500 15532
485 140 2.2 -30096 15174
492 140 2.2 -30332 15466
498 140 2.2 -30632 15642
504 140 2.2 -30460 15626
511 140 2.2 -30452 15716
517 140 2.2 -30096 15444
524 140 2.2 -30092 15436
531 140 2.2 -30356 15620
538 140 2.2 -30012 15462
545 140 2.2 -30148 15578
552 140 2.2 -30100 15410
559 140 2.2 -30476 15678
566 140 2.2 -30456 15954
573 140 2.2 -30872 16126
581 140 2.2 -30124 15596
588 140 2.2 -30576 15960
596 140 2.2 -30684 15876
603 140 2.2 -30324 15680
611 140 2.2 -30684 15972
619 140 2.2 -30672 15846
627 140 2.2 -30616 15772
635 140 2.2 -30392 15774
643 140 2.2 -30564 15704
652 140 2.2 -30300 15406
660 140 2.2 -30428 15718
668 140 2.2 -30492 15766
677 140 2.2 -30552 15824
686 140 2.2 -30624 15796
695 140 2.2 -30032 15574
704 140 2.2 -30500 15810
713 140 2.2 -31024 16012
722 140 2.2 -30680 15924
731 140 2.2 -30316 15644
741 140 2.2 -30700 15956
750 140 2.2 -30360 15746
760 140 2.2 -30584 15542
770 140 2.2 -30240 15670
780 140 2.2 -30420 15388
790 140 2.2 -30776 15774
800 140 2.2 -30252 15540
810 140 2.2 -30484 15790
821 140 2.2 -30596 15644
831 140 2.2 -30580 15656
842 140 2.2 -30088 15230
853 140 2.2 -30588 15714
864 140 2.2 -30224 15696
875 140 2.2 -30496 15636
886 140 2.2 -30268 15586
897 140 2.2 -30116 15466
909 140 2.2 -30456 15550
921 140 2.2 -30536 15800
933 140 2.2 -30508 15690
945 140 2.2 -30564 15930
957 140 2.2 -30220 15620
969 140 2.2 -30220 15522
982 140 2.2 -30216 15628
994 140 2.2 -30988 15850
1007 140 2.2 -30824 15890
1020 140 2.2 -30576 15902
1033 140 2.2 -30216 15738
1047 140 2.2 -29820 15334
1060 140 2.2 -30288 15472
1074 140 2.2 -30464 15472
1088 140 2.2 -30660 15568
1102 140 2.2 -29956 15130
1116 140 2.2 -30060 15502
1130 140 2.2 -29712 15078
1145 140 2.2 -30688 15620
1160 140 2.2 -30100 15220
1174 140 2.2 -30232 15354
1190 140 2.2 -30636 15608
1205 140 2.2 -30112 15248
1220 140 2.2 -30172 15238
1236 140 2.2 -30580 15778
1252 140 2.2 -30324 15332
1268 140 2.2 -29692 15032
1285 140 2.2 -30192 15316
1301 140 2.2 -30056 14964
1318 140 2.2 -29772 14872
1335 140 2.2 -30068 15156
1352 140 2.2 -29532 14614
1370 140 2.2 -30268 15206
1387 140 2.2 -30376 15646
1405 140 2.2 -30164 15530
1423 140 2.2 -29952 15198
1442 140 2.2 -30656 15794
1460 140 2.2 -30300 15526
1479 140 2.2 -30420 15534
1498 140 2.2 -30028 15416
1517 140 2.2 -30028 15096
1537 140 2.2 -30200 15520
1557 140 2.2 -30100 15444
1577 140 2.2 -30376 15428
1597 140 2.2 -30224 15354
1618 140 2.2 -30100 15292
1639 140 2.2 -30064 15468
1660 140 2.2 -30932 15872
1681 140 2.2 -30872 15778
1703 140 2.2 -30716 15804
1725 140 2.2 -30524 16006
1747 140 2.2 -31040 16084
1770 140 2.2 -30796 15822
1792 140 2.2 -30084 15158
1816 140 2.2 -30188 15114
1839 140 2.2 -30332 15278
1863 140 2.2 -30228 15214
1887 140 2.2 -30072 15330
1911 140 2.2 -30172 15450
1936 140 2.2 -30156 15532
1961 140 2.2 -30668 15864
1986 140 2.2 -30984 15970
2012 140 2.2 -30936 16204
2037 140 2.2 -30408 15508
2064 140 2.2 -30724 15890
2090 140 2.2 -30388 15810
2117 140 2.2 -30312 15722
2145 140 2.2 -30368 15656
2172 140 2.2 -30024 15468
2200 140 2.2 -30568 15938
2229 140 2.2 -30448 15922
2257 140 2.2 -30236 15580
2286 140 2.2 -30132 15666
2316 140 2.2 -30468 15914
2346 140 2.2 -30320 15552
2376 140 2.2 -30820 15838
2407 140 2.2 -30400 15530
2438 140 2.2 -30024 15040
2469 140 2.2 -30372 15336
2501 140 2.2 -30188 15492
2533 140 2.2 -30636 15368
2566 140 2.2 -30248 15350
2599 140 2.2 -30140 14844
2633 140 2.2 -30248 15064
2667 140 2.2 -29944 15226
2701 140 2.2 -30416 15388
2736 140 2.2 -30224 15186
2771 140 2.2 -29364 14662
2807 140 2.2 -30220 15378
2843 140 2.2 -30852 15966
2880 140 2.2 -29996 15450
2917 140 2.2 -29968 15538
2954 140 2.2 -30940 16082
2992 140 2.2 -30440 15742
3031 140 2.2 -30032 15302
3070 140 2.2 -29960 15122
3110 140 2.2 -30668 15682
3150 140 2.2 -30228 15322
3190 140 2.2 -30256 15696
3232 140 2.2 -30168 15672
3273 140 2.2 -30112 15330
3315 140 2.2 -30424 15652
3358 140 2.2 -30124 15132
3402 140 2.2 -30060 15238
3445 140 2.2 -30372 15382
3490 140 2.2 -29996 15318
3535 140 2.2 -30164 15508
3580 140 2.2 -30404 15684
3627 140 2.2 -30552 16144
3673 140 2.2 -30420 15808
3721 140 2.2 -30048 15684
3769 140 2.2 -30912 16198
3817 140 2.2 -29964 15528
3867 140 2.2 -30072 15636
3916 140 2.2 -30584 15758
3967 140 2.2 -30812 15756
4018 140 2.2 -30304 15410
4070 140 2.2 -29940 15208
4122 140 2.2 -30864 16056
4176 140 2.2 -30568 15900
4229 140 2.2 -31032 16210
4284 140 2.2 -30412 15840
4339 140 2.2 -30028 15172
4395 140 2.2 -29836 15238
4452 140 2.2 -29984 15652
4509 140 2.2 -29900 14934
4567 140 2.2 -30220 14914
4626 140 2.2 -29944 15062
4686 140 2.2 -30048 15168
4746 140 2.2 -29884 14752
4808 140 2.2 -29624 14714
4870 140 2.2 -30184 15160
4932 140 2.2 -30564 15768
4996 140 2.2 -30132 15404
5060 140 2.2 -30328 15268
5126 140 2.2 -30716 15644
5192 140 2.2 -30904 16188
5259 140 2.2 -30516 15960
5327 140 2.2 -29892 15322
5395 140 2.2 -29964 15300
5465 140 2.2 -30184 15308
5535 140 2.2 -30716 15444
5607 140 2.2 -30072 14870
5679 140 2.2 -30892 15110
5752 140 2.2 -29940 14420
5826 140 2.2 -30464 14800
5902 140 2.2 -29960 14774
5978 140 2.2 -29920 14554
6055 140 2.2 -30172 15192
6133 140 2.2 -30052 15070
6212 140 2.2 -30380 15410
6292 140 2.2 -30236 15656
6373 140 2.2 -30596 15666
6455 140 2.2 -29728 15048
6539 140 2.2 -30536 15834
6623 140 2.2 -30756 16052
6708 140 2.2 -30588 15820
6795 140 2.2 -30424 15398
6883 140 2.2 -30128 15452
6971 140 2.2 -30344 15682
7061 140 2.2 -30588 15708
7152 140 2.2 -30504 15484
7245 140 2.2 -30092 15420
7338 140 2.2 -30688 14984
7433 140 2.2 -29708 14072
7529 140 2.2 -30056 14590
7626 140 2.2 -29960 14780
7724 140 2.2 -30008 15194
7824 140 2.2 -30304 15206
7925 140 2.2 -29656 14966
8027 140 2.2 -30496 15680
8130 140 2.2 -30476 15884
8235 140 2.2 -30700 15956
8341 140 2.2 -30664 15826
8449 140 2.2 -30656 15142
8558 140 2.2 -30048 14766
8668 140 2.2 -29968 15372
8780 140 2.2 -30376 15424
8893 140 2.2 -30204 15278
9008 140 2.2 -30516 15512
9124 140 2.2 -29932 14696
9242 140 2.2 -30092 15220
9361 140 2.2 -30052 15020
9482 140 2.2 -30552 15502
9604 140 2.2 -30688 15430
9728 140 2.2 -31032 16030
9853 140 2.2 -30012 15030
9980 140 2.2 -29264 14672
10109 140 2.2 -29836 15020
10240 140 2.2 -29700 15176
10372 140 2.2 -30688 16012
10505 140 2.2 -30488 15686
10641 140 2.2 -30020 15010
10778 140 2.2 -29972 14848
10917 140 2.2 -29512 14072
11058 140 2.2 -29804 15144
11201 140 2.2 -29712 14784
11345 140 2.2 -30320 15156
11491 140 2.2 -29908 15538
11640 140 2.2 -30124 15736
11790 140 2.2 -29688 14964
11942 140 2.2 -30296 15864
12096 140 2.2 -30476 15864
12252 140 2.2 -31128 16280
12410 140 2.2 -30292 15504
12570 140 2.2 -29988 15280
12732 140 2.2 -29976 15054
12896 140 2.2 -30544 15224
13062 140 2.2 -30204 14902
13231 140 2.2 -30516 15852
13402 140 2.2 -30340 15276
13574 140 2.2 -31004 16172
13750 140 2.2 -29856 15330
13927 140 2.2 -29780 14954
14106 140 2.2 -30288 15108
14288 140 2.2 -30276 15016
14473 140 2.2 -30896 15760
14659 140 2.2 -30200 13984
14848 140 2.2 -29980 14046
15040 140 2.2 -30380 15122
15234 140 2.2 -29984 14744
15430 140 2.2 -30472 15504
15629 140 2.2 -30172 15306
15831 140 2.2 -30192 15440
16035 140 2.2 -30944 15884
16242 140 2.2 -30648 15870
16451 140 2.2 -30372 15256
16664 140 2.2 -30176 15432
16879 140 2.2 -29960 15186
17096 140 2.2 -30396 15468
17317 140 2.2 -30644 15874
17540 140 2.2 -30460 15528
17766 140 2.2 -29800 15076
17995 140 2.2 -29756 14932
18228 140 2.2 -30632 15698
18463 140 2.2 -30420 15424
18701 140 2.2 -29988 15596
18942 140 2.2 -30160 15308
19186 140 2.2 -30188 15584
19434 140 2.2 -30420 15658
19684 140 2.2 -30724 15964
19938 140 2.2 -30448 15498
20195 140 2.2 -30188 15162
20456 140 2.2 -30380 15504
20720 140 2.2 -31084 16256
20987 140 2.2 -30200 15060
21258 140 2.2 -30472 15762
21532 140 2.2 -30784 15962
21810 140 2.2 -30572 15822
22091 140 2.2 -30504 15354
22376 140 2.2 -29564 14636
22664 140 2.2 -29976 14978
22957 140 2.2 -30372 15536
23253 140 2.2 -30180 15070
23553 140 2.2 -29620 14910
23856 140 2.2 -30640 15686
24164 140 2.2 -30668 15934
24476 140 2.2 -30576 15892
24791 140 2.2 -30492 15632
25111 140 2.2 -30316 15702
25435 140 2.2 -30216 14650
25763 140 2.2 -30220 14870
26095 140 2.2 -30160 15054
26432 140 2.2 -30668 15772
26773 140 2.2 -30396 15054
27118 140 2.2 -30048 15466
27468 140 2.2 -30180 15414
27822 140 2.2 -29900 15360
28181 140 2.2 -30600 16106
28545 140 2.2 -30408 15490
28913 140 2.2 -30464 15240
29286 140 2.2 -30288 15668
29663 140 2.2 -30212 15782
30046 140 2.2 -30668 15734
30434 140 2.2 -30196 15294
30826 140 2.2 -30188 14688
31224 140 2.2 -29344 14712
31626 140 2.2 -30624 15686
32034 140 2.2 -30488 15428
32447 140 2.2 -30460 15750
32866 140 2.2 -30936 16244
33290 140 2.2 -30680 15618
33719 140 2.2 -29848 14854
34154 140 2.2 -30124 15152
34595 140 2.2 -30340 15796
35041 140 2.2 -30084 15596
35493 140 2.2 -30536 15926
35951 140 2.2 -30620 15364
36414 140 2.2 -30364 15514
36884 140 2.2 -30884 15814
37360 140 2.2 -30672 15852
37841 140 2.2 -30792 15290
38330 140 2.2 -29900 15102
38824 140 2.2 -30536 15658
39325 140 2.2 -30616 16156
39832 140 2.2 -30948 16094
40346 140 2.2 -29832 15348
40866 140 2.2 -30596 15906
41393 140 2.2 -30376 15702
41927 140 2.2 -30572 16132
42468 140 2.2 -30448 15588
43015 140 2.2 -30676 16074
43570 140 2.2 -30120 15028
44132 140 2.2 -30736 16102
44701 140 2.2 -29716 15110
45278 140 2.2 -30368 15496
45862 140 2.2 -30672 15644
46453 140 2.2 -30452 15388
47053 140 2.2 -30620 15778
47660 140 2.2 -31156 16090
48274 140 2.2 -30336 15480
48897 140 2.2 -30440 15032
49528 140 2.2 -29920 15260
50166 140 2.2 -30040 15208
50813 140 2.2 -30672 15956
51469 140 2.2 -30112 15130
52133 140 2.2 -30256 15674
52805 140 2.2 -30652 15560
53486 140 2.2 -30544 15938
54176 140 2.2 -30208 15450
54875 140 2.2 -29380 14556
55582 140 2.2 -30632 15566
56299 140 2.2 -30408 14862
57025 140 2.2 -30308 15158
57761 140 2.2 -30392 15666
58506 140 2.2 -29760 15078
59261 140 2.2 -30420 15472
60025 140 2.2 -30496 15678
60799 140 2.2 -30600 15620
61583 140 2.2 -30776 15740
62378 140 2.2 -30944 16102
63182 140 2.2 -30116 15336
63997 140 2.2 -30392 15594
64822 140 2.2 -31012 16212
65658 140 2.2 -31148 15992
66505 140 2.2 -30520 15624
67363 140 2.2 -30092 15198
68232 140 2.2 -29692 14866
69112 140 2.2 -30088 15250
70003 140 2.2 -30936 15852
70906 140 2.2 -30212 15356
71821 140 2.2 -30336 15546
72747 140 2.2 -30220 14524
73685 140 2.2 -30408 15458
74636 140 2.2 -30452 15284
75599 140 2.2 -30632 15400
76574 140 2.2 -30228 15356
77561 140 2.2 -30376 15066
78562 140 2.2 -30612 15860
79575 140 2.2 -30188 15576
80601 140 2.2 -30264 15342
81641 140 2.2 -29692 14978
82694 140 2.2 -30572 15286
83760 140 2.2 -30424 15744
84841 140 2.2 -30092 15308
85935 140 2.2 -30748 15968
87043 140 2.2 -30372 15854
88166 140 2.2 -30768 15300
89303 140 2.2 -30824 15672
90455 140 2.2 -30092 15402
91622 140 2.2 -30448 15660
92803 140 2.2 -30372 15290
94000 140 2.2 -30988 16226
95213 140 2.2 -30020 15680
96441 140 2.2 -30528 15804
97685 140 2.2 -30572 15762
98945 140 2.2 -29980 15018
100221 140 2.2 -30360 15544
101513 140 2.2 -30792 15830
102823 140 2.2 -30712 15520
104149 140 2.2 -30520 15906
105492 140 2.2 -30044 15118
106853 140 2.2 -30348 15606
108231 140 2.2 -29252 13402
109627 140 2.2 -30616 15694
111041 140 2.2 -30556 15570
112473 140 2.2 -30232 14746
113924 140 2.2 -29948 15190
115393 140 2.2 -30512 15466
116882 140 2.2 -30108 15280
118389 140 2.2 -31080 16344
119916 140 2.2 -30380 15450
121463 140 2.2 -30148 15390
123029 140 2.2 -30072 15496
124616 140 2.2 -30880 15776
126224 140 2.2 -30632 15762
127852 140 2.2 -29976 14898
129501 140 2.2 -30648 15674
131171 140 2.2 -30924 16036
132863 140 2.2 -30468 15814
134576 140 2.2 -29772 14484
136312 140 2.2 -30208 15308
138070 140 2.2 -30284 15332
139851 140 2.2 -29876 15384
141655 140 2.2 -30244 15264
143482 140 2.2 -29892 15076
145333 140 2.2 -30996 15950
147207 140 2.2 -30128 15144
149106 140 2.2 -30112 15022
151029 140 2.2 -30552 15382
152977 140 2.2 -30872 16036
154950 140 2.2 -30172 14996
156948 140 2.2 -29708 15074
158973 140 2.2 -30220 15624
161023 140 2.2 -30244 15298
163100 140 2.2 -30136 15420
165204 140 2.2 -30900 15812
167334 140 2.2 -30952 15976
169493 140 2.2 -30040 15358
171679 140 2.2 -30052 14920
173893 140 2.2 -29916 15216
176136 140 2.2 -30208 15912
178408 140 2.2 -30136 15048
180709 140 2.2 -30720 15944
183040 140 2.2 -30572 15750
185400 140 2.2 -30924 16024
187792 140 2.2 -30000 14690
190214 140 2.2 -30464 15278
192667 140 2.2 -29880 14948
195152 140 2.2 -30476 15566
197669 140 2.2 -30648 15640
200219 140 2.2 -30372 15350
202801 140 2.2 -30232 15030
205417 140 2.2 -30396 15652
208066 140 2.2 -30032 15362
210750 140 2.2 -30496 15464
213468 140 2.2 -30704 15844
216222 140 2.2 -30148 15234
219010 140 2.2 -29748 14720
221835 140 2.2 -29928 14574
224696 140 2.2 -30404 14916
227595 140 2.2 -30388 15338
230530 140 2.2 -30320 15346
233503 140 2.2 -30384 15268
236515 140 2.2 -30760 15970
239566 140 2.2 -30656 15748
242656 140 2.2 -30148 15218
245785 140 2.2 -30360 15248
248956 140 2.2 -30972 15980
252167 140 2.2 -30144 15620
255419 140 2.2 -30584 15996
258713 140 2.2 -30368 15544
262050 140 2.2 -30424 15028
265430 140 2.2 -29864 14636
268854 140 2.2 -30140 14952
272321 140 2.2 -30180 15462
275834 140 2.2 -30088 14482
279391 140 2.2 -30224 15458
282995 140 2.2 -30408 15558
286645 140 2.2 -30124 15388
290342 140 2.2 -30072 15476
294087 140 2.2 -30172 15124
297880 140 2.2 -30288 15350
301722 140 2.2 -29756 14628
305614 140 2.2 -30016 14808
309556 140 2.2 -30572 15396
313548 140 2.2 -30320 15668
317592 140 2.2 -29880 15038
321689 140 2.2 -30532 15456
325838 140 2.2 -30356 15534
330040 140 2.2 -30060 15236
334297 140 2.2 -30656 15758
338609 140 2.2 -30312 15474
342976 140 2.2 -30484 15830
347400 140 2.2 -30316 14834
351881 140 2.2 -30368 15346
356419 140 2.2 -30900 15908
361016 140 2.2 -30096 15224
365673 140 2.2 -30140 14730
370389 140 2.2 -30664 15112
375167 140 2.2 -30124 15074
380005 140 2.2 -31020 15952
384907 140 2.2 -30348 15758
389871 140 2.2 -29340 14796
394900 140 2.2 -30176 15040
399993 140 2.2 -29980 15058
405152 140 2.2 -30516 15838
410378 140 2.2 -29852 15496
415671 140 2.2 -30640 15630
421032 140 2.2 -30176 15450
426463 140 2.2 -30908 15948
431963 140 2.2 -30736 15914
437535 140 2.2 -30372 15548
443178 140 2.2 -30072 15060
448894 140 2.2 -30288 15356
454684 140 2.2 -30380 15276
460548 140 2.2 -30264 15532
466489 140 2.2 -30580 15706
472505 140 2.2 -30804 15880
478600 140 2.2 -30608 15772
484773 140 2.2 -30704 15858
491025 140 2.2 -30608 15680
497358 140 2.2 -30632 15420
503773 140 2.2 -30292 15218
510271 140 2.2 -29708 15062
516852 140 2.2 -29868 14500
523519 140 2.2 -30152 15224
530271 140 2.2 -30732 15942
537111 140 2.2 -30196 15482
544038 140 2.2 -30116 15266
551055 140 2.2 -30336 15300
558163 140 2.2 -30772 15756
565362 140 2.2 -30740 15958
572654 140 2.2 -30560 15504
580040 140 2.2 -29476 14420
587521 140 2.2 -29952 15256
595099 140 2.2 -29916 14808
602775 140 2.2 -31012 16154
610549 140 2.2 -30480 15662
618424 140 2.2 -30684 15680
626400 140 2.2 -29868 14792
634480 140 2.2 -30240 15188
642663 140 2.2 -29684 14518
650952 140 2.2 -31012 15660
659348 140 2.2 -30372 15628
667853 140 2.2 -30992 15780
676467 140 2.2 -30040 15712
685192 140 2.2 -30528 15924
694029 140 2.2 -29736 14500
702981 140 2.2 -30084 15058
712048 140 2.2 -30692 15938
721232 140 2.2 -29296 13892
730534 140 2.2 -30316 14754
739957 140 2.2 -30496 15564
749500 140 2.2 -30276 15474
759168 140 2.2 -30564 15704
768959 140 2.2 -29348 14502
778877 140 2.2 -30344 15484
788923 140 2.2 -30940 15978
799099 140 2.2 -30824 15946
809405 140 2.2 -30352 15606
819845 140 2.2 -29460 15088
830419 140 2.2 -30220 14876
841130 140 2.2 -31008 15994
851979 140 2.2 -30360 15872
862968 140 2.2 -30812 15490
874098 140 2.2 -29684 14116
885373 140 2.2 -30380 15620
896792 140 2.2 -29860 14650
908359 140 2.2 -30768 15712
920075 140 2.2 -30532 15688
931942 140 2.2 -30396 15512
943962 140 2.2 -30660 15528
956137 140 2.2 -30488 15716
968470 140 2.2 -30348 15200
980961 140 2.2 -29820 14700
993613 140 2.2 -30196 15152
999999 140 2.2 -30276 15646
