3 140 2.4 -31512 17016
4 140 2.4 -30480 16552
5 140 2.4 -29768 16164
6 140 2.4 -29232 15904
7 140 2.4 -28804 15572
8 140 2.4 -28408 15338
9 140 2.4 -28240 15120
10 140 2.4 -28168 14952
11 140 2.4 -27872 14756
12 140 2.4 -27568 14544
13 140 2.4 -27392 14310
14 140 2.4 -27180 14206
15 140 2.4 -27296 14160
16 140 2.4 -27348 14170
17 140 2.4 -26708 13856
18 140 2.4 -26908 13754
19 140 2.4 -26984 13796
20 140 2.4 -26940 13464
21 140 2.4 -27108 13498
22 140 2.4 -26860 13420
23 140 2.4 -26492 13270
24 140 2.4 -26328 13264
25 140 2.4 -26236 12956
26 140 2.4 -26352 12878
27 140 2.4 -26096 12686
28 140 2.4 -25964 12564
29 140 2.4 -26012 12524
30 140 2.4 -25904 12502
31 140 2.4 -25732 12472
32 140 2.4 -26288 12624
33 140 2.4 -26088 12516
34 140 2.4 -26008 12226
35 140 2.4 -25600 12176
36 140 2.4 -25676 11992
37 140 2.4 -25632 11846
38 140 2.4 -25492 11744
39 140 2.4 -25300 11532
40 140 2.4 -25356 11484
41 140 2.4 -25624 11406
42 140 2.4 -25524 11604
43 140 2.4 -25320 11282
44 140 2.4 -25220 11204
45 140 2.4 -25152 11132
46 140 2.4 -25484 11024
47 140 2.4 -25500 11032
48 140 2.4 -25572 10984
49 140 2.4 -25664 10870
50 140 2.4 -25628 10582
51 140 2.4 -25672 10620
52 140 2.4 -25472 10562
53 140 2.4 -25268 10318
54 140 2.4 -25300 10314
55 140 2.4 -25116 10234
56 140 2.4 -24864 10098
57 140 2.4 -25088 10236
58 140 2.4 -25016 10244
59 140 2.4 -25252 10304
60 140 2.4 -25100 10204
61 140 2.4 -24916 10082
62 140 2.4 -25064 9986
63 140 2.4 -24792 9810
64 140 2.4 -24744 9908
65 140 2.4 -25000 10062
66 140 2.4 -24684 9730
67 140 2.4 -24772 9522
68 140 2.4 -24832 9776
69 140 2.4 -25124 9794
70 140 2.4 -24992 9758
71 140 2.4 -24996 9694
72 140 2.4 -25020 9696
73 140 2.4 -24584 9572
74 140 2.4 -24564 9636
75 140 2.4 -24716 9550
76 140 2.4 -24936 9592
77 140 2.4 -24912 9592
78 140 2.4 -24856 9930
79 140 2.4 -24884 9788
80 140 2.4 -24960 9852
81 140 2.4 -25028 9860
82 140 2.4 -25004 9576
83 140 2.4 -24800 9406
84 140 2.4 -24752 9488
85 140 2.4 -24592 9326
86 140 2.4 -24956 9316
88 140 2.4 -24832 9354
89 140 2.4 -24832 9478
90 140 2.4 -24596 9406
91 140 2.4 -24528 9462
92 140 2.4 -24512 9562
93 140 2.4 -24516 9468
95 140 2.4 -25008 9616
96 140 2.4 -24892 9562
97 140 2.4 -24912 9508
98 140 2.4 -24836 9648
99 140 2.4 -24588 9536
101 140 2.4 -24864 9584
102 140 2.4 -24836 9450
103 140 2.4 -24860 9786
105 140 2.4 -25068 9712
106 140 2.4 -25132 9662
107 140 2.4 -24796 9254
109 140 2.4 -23988 8824
110 140 2.4 -24088 8682
112 140 2.4 -24660 8926
113 140 2.4 -24108 8772
114 140 2.4 -24496 8824
116 140 2.4 -24644 8476
117 140 2.4 -24696 8566
119 140 2.4 -25080 8320
120 140 2.4 -25048 8310
122 140 2.4 -24096 7750
124 140 2.4 -24316 7614
125 140 2.4 -24468 7732
127 140 2.4 -24908 7960
128 140 2.4 -24324 7650
130 140 2.4 -23920 7732
132 140 2.4 -23736 7294
133 140 2.4 -24056 7390
135 140 2.4 -24064 7208
137 140 2.4 -24192 7204
139 140 2.4 -24528 7330
140 140 2.4 -25152 7308
142 140 2.4 -24408 7184
144 140 2.4 -24616 7182
146 140 2.4 -24420 7428
148 140 2.4 -24524 7108
150 140 2.4 -23900 6922
152 140 2.4 -24148 6864
154 140 2.4 -24220 6986
155 140 2.4 -24440 6696
157 140 2.4 -23800 6580
160 140 2.4 -24376 6780
162 140 2.4 -24352 6482
164 140 2.4 -24024 6316
166 140 2.4 -24060 6438
168 140 2.4 -24324 6654
170 140 2.4 -23812 6572
172 140 2.4 -24140 6388
174 140 2.4 -23848 6116
177 140 2.4 -23808 5804
179 140 2.4 -23916 5470
181 140 2.4 -23872 5392
184 140 2.4 -23604 5490
186 140 2.4 -24120 5678
188 140 2.4 -24396 5736
191 140 2.4 -23776 5854
193 140 2.4 -24172 5802
196 140 2.4 -23544 5216
198 140 2.4 -23808 5048
201 140 2.4 -23600 5142
203 140 2.4 -23548 4812
206 140 2.4 -23628 5166
209 140 2.4 -23504 5262
211 140 2.4 -23348 5248
214 140 2.4 -23504 5086
217 140 2.4 -23508 5462
220 140 2.4 -23788 4630
222 140 2.4 -23672 4872
225 140 2.4 -23552 4808
228 140 2.4 -23736 4502
231 140 2.4 -23628 4382
234 140 2.4 -23340 3936
237 140 2.4 -23372 3800
240 140 2.4 -23452 4028
243 140 2.4 -23244 4312
246 140 2.4 -23512 4068
250 140 2.4 -23608 3894
253 140 2.4 -23608 4148
256 140 2.4 -23424 4402
259 140 2.4 -23284 4348
263 140 2.4 -23644 4394
266 140 2.4 -23200 4208
269 140 2.4 -23500 4306
273 140 2.4 -23724 4320
276 140 2.4 -23660 4236
280 140 2.4 -23480 4172
284 140 2.4 -23564 4036
287 140 2.4 -23484 3792
291 140 2.4 -23452 3930
295 140 2.4 -23488 3644
298 140 2.4 -23052 3414
302 140 2.4 -22504 2914
306 140 2.4 -22888 3276
310 140 2.4 -22880 2818
314 140 2.4 -22488 2444
318 140 2.4 -22900 2336
322 140 2.4 -22936 2366
326 140 2.4 -23548 2496
331 140 2.4 -23276 2692
335 140 2.4 -23520 2352
339 140 2.4 -23020 2020
344 140 2.4 -23544 1694
348 140 2.4 -23948 1798
352 140 2.4 -23080 1426
357 140 2.4 -23140 944
362 140 2.4 -23096 1164
366 140 2.4 -23024 642
371 140 2.4 -23404 844
376 140 2.4 -23304 378
381 140 2.4 -23344 264
385 140 2.4 -23272 760
390 140 2.4 -23332 1022
395 140 2.4 -23344 1010
401 140 2.4 -22968 816
406 140 2.4 -23032 298
411 140 2.4 -23356 -46
416 140 2.4 -23432 350
422 140 2.4 -23568 546
427 140 2.4 -23124 410
433 140 2.4 -23496 252
438 140 2.4 -23068 -136
444 140 2.4 -23228 -406
449 140 2.4 -23636 -622
455 140 2.4 -23404 -830
461 140 2.4 -23036 -934
467 140 2.4 -22984 -1192
473 140 2.4 -23032 -796
479 140 2.4 -22948 -604
485 140 2.4 -23264 -458
492 140 2.4 -23244 -306
498 140 2.4 -23296 -138
504 140 2.4 -23012 -252
511 140 2.4 -22536 -266
517 140 2.4 -23272 -400
524 140 2.4 -23664 -342
531 140 2.4 -24124 80
538 140 2.4 -23436 6
545 140 2.4 -23624 -530
552 140 2.4 -23904 -734
559 140 2.4 -23904 -854
566 140 2.4 -23924 -948
573 140 2.4 -23320 -878
581 140 2.4 -23212 -754
588 140 2.4 -23392 -266
596 140 2.4 -23388 -492
603 140 2.4 -23192 -592
611 140 2.4 -23044 -796
619 140 2.4 -23236 -706
627 140 2.4 -22728 -1122
635 140 2.4 -23448 -1892
643 140 2.4 -23228 -1758
652 140 2.4 -23292 -1878
660 140 2.4 -23584 -1916
668 140 2.4 -23564 -1538
677 140 2.4 -23888 -1278
686 140 2.4 -23228 -1500
695 140 2.4 -23016 -1326
704 140 2.4 -23708 -862
713 140 2.4 -23860 -688
722 140 2.4 -23292 -1382
731 140 2.4 -23760 -1802
741 140 2.4 -23076 -944
750 140 2.4 -23020 -632
760 140 2.4 -23244 -842
770 140 2.4 -22828 -1070
780 140 2.4 -23436 -1596
790 140 2.4 -23628 -2084
800 140 2.4 -23356 -2170
810 140 2.4 -23144 -1596
821 140 2.4 -23328 -1736
831 140 2.4 -22980 -1304
842 140 2.4 -23224 -1666
853 140 2.4 -23324 -1290
864 140 2.4 -23436 -1380
875 140 2.4 -23796 -1004
886 140 2.4 -22856 -750
897 140 2.4 -23692 -850
909 140 2.4 -23512 -1144
921 140 2.4 -23932 -422
933 140 2.4 -24028 -876
945 140 2.4 -24004 -1212
957 140 2.4 -24192 -830
969 140 2.4 -23944 -1598
982 140 2.4 -24092 -1718
994 140 2.4 -24168 -1952
1007 140 2.4 -24340 -1704
1020 140 2.4 -23516 -1840
1033 140 2.4 -24032 -2354
1047 140 2.4 -24412 -3160
1060 140 2.4 -24296 -3134
1074 140 2.4 -23996 -3406
1088 140 2.4 -24304 -3546
1102 140 2.4 -23552 -3606
1116 140 2.4 -23532 -3238
1130 140 2.4 -23840 -1580
1145 140 2.4 -23560 -2606
1160 140 2.4 -23196 -2984
1174 140 2.4 -23528 -2368
1190 140 2.4 -23760 -2942
1205 140 2.4 -23040 -2124
1220 140 2.4 -22456 -2734
1236 140 2.4 -23008 -3280
1252 140 2.4 -23812 -2806
1268 140 2.4 -23300 -1840
1285 140 2.4 -23400 -2144
1301 140 2.4 -23992 -3276
1318 140 2.4 -23692 -3268
1335 140 2.4 -23348 -3410
1352 140 2.4 -23516 -2850
1370 140 2.4 -23804 -2702
1387 140 2.4 -24012 -3344
1405 140 2.4 -23448 -2662
1423 140 2.4 -23368 -3240
1442 140 2.4 -23576 -4252
1460 140 2.4 -23392 -4084
1479 140 2.4 -23176 -4578
1498 140 2.4 -23316 -4264
1517 140 2.4 -23964 -3810
1537 140 2.4 -23712 -3430
1557 140 2.4 -23444 -2700
1577 140 2.4 -24208 -3264
1597 140 2.4 -23856 -3082
1618 140 2.4 -23504 -3550
1639 140 2.4 -23816 -3968
1660 140 2.4 -24020 -3662
1681 140 2.4 -24064 -2574
1703 140 2.4 -23352 -2538
1725 140 2.4 -23464 -2650
1747 140 2.4 -24152 -2332
1770 140 2.4 -23568 -2136
1792 140 2.4 -23720 -1628
1816 140 2.4 -23376 -2684
1839 140 2.4 -23756 -1796
1863 140 2.4 -24084 -1396
1887 140 2.4 -23112 -350
1911 140 2.4 -22972 -284
1936 140 2.4 -23400 -1442
1961 140 2.4 -23408 -1534
1986 140 2.4 -23548 -18
2012 140 2.4 -23756 -92
2037 140 2.4 -23364 -634
2064 140 2.4 -23696 -448
2090 140 2.4 -23384 -908
2117 140 2.4 -23680 -1058
2145 140 2.4 -23352 -220
2172 140 2.4 -23976 100
2200 140 2.4 -23300 1008
2229 140 2.4 -23892 1366
2257 140 2.4 -24044 1732
2286 140 2.4 -23552 1284
2316 140 2.4 -24668 806
2346 140 2.4 -24584 792
2376 140 2.4 -24220 1652
2407 140 2.4 -24188 1160
2438 140 2.4 -23540 -80
2469 140 2.4 -22876 558
2501 140 2.4 -23364 1312
2533 140 2.4 -23324 2038
2566 140 2.4 -23808 2732
2599 140 2.4 -23648 2498
2633 140 2.4 -23612 2196
2667 140 2.4 -23704 2232
2701 140 2.4 -24000 2602
2736 140 2.4 -24144 1916
2771 140 2.4 -23688 2576
2807 140 2.4 -23980 2900
2843 140 2.4 -23392 1428
2880 140 2.4 -24116 2012
2917 140 2.4 -23772 754
2954 140 2.4 -23556 966
2992 140 2.4 -24008 2050
3031 140 2.4 -23784 2048
3070 140 2.4 -24116 650
3110 140 2.4 -23684 598
3150 140 2.4 -23976 -952
3190 140 2.4 -22984 -350
3232 140 2.4 -22876 -170
3273 140 2.4 -23532 -538
3315 140 2.4 -23796 64
3358 140 2.4 -23232 -926
3402 140 2.4 -23980 -1884
3445 140 2.4 -23656 -3134
3490 140 2.4 -23612 -1502
3535 140 2.4 -23776 -1502
3580 140 2.4 -23944 -1364
3627 140 2.4 -23692 -606
3673 140 2.4 -23988 -2550
3721 140 2.4 -23936 -3162
3769 140 2.4 -23688 -2822
3817 140 2.4 -23448 -3444
3867 140 2.4 -23844 -3642
3916 140 2.4 -23312 -1894
3967 140 2.4 -23108 -1606
4018 140 2.4 -23756 -1008
4070 140 2.4 -23568 812
4122 140 2.4 -23096 -540
4176 140 2.4 -23552 -1356
4229 140 2.4 -23500 -2456
4284 140 2.4 -23960 -1208
4339 140 2.4 -23456 -638
4395 140 2.4 -22956 -396
4452 140 2.4 -23768 -386
4509 140 2.4 -23808 344
4567 140 2.4 -24196 1434
4626 140 2.4 -23444 1362
4686 140 2.4 -23448 1500
4746 140 2.4 -23000 1078
4808 140 2.4 -24300 164
4870 140 2.4 -23896 490
4932 140 2.4 -23556 64
4996 140 2.4 -23824 214
5060 140 2.4 -23692 1318
5126 140 2.4 -23652 676
5192 140 2.4 -24236 754
5259 140 2.4 -23288 1390
5327 140 2.4 -23784 -1026
5395 140 2.4 -23584 34
5465 140 2.4 -23332 814
5535 140 2.4 -23796 902
5607 140 2.4 -23408 1352
5679 140 2.4 -23452 1602
5752 140 2.4 -23316 2688
5826 140 2.4 -23552 2428
5902 140 2.4 -23348 1558
5978 140 2.4 -24180 -548
6055 140 2.4 -23456 -1574
6133 140 2.4 -23428 -1994
6212 140 2.4 -23280 2
6292 140 2.4 -23476 -1756
6373 140 2.4 -23212 -1518
6455 140 2.4 -23240 -2158
6539 140 2.4 -23812 -690
6623 140 2.4 -23548 -2432
6708 140 2.4 -23772 -3120
6795 140 2.4 -23500 -1470
6883 140 2.4 -22812 1142
6971 140 2.4 -23756 1324
7061 140 2.4 -23968 -348
7152 140 2.4 -24268 -494
7245 140 2.4 -23888 -1042
7338 140 2.4 -23308 1748
7433 140 2.4 -24476 912
7529 140 2.4 -23200 840
7626 140 2.4 -23504 2542
7724 140 2.4 -23312 516
7824 140 2.4 -23088 60
7925 140 2.4 -23536 -1348
8027 140 2.4 -23384 -1548
8130 140 2.4 -23712 -1306
8235 140 2.4 -23436 -1404
8341 140 2.4 -23948 -2010
8449 140 2.4 -24172 -1796
8558 140 2.4 -24124 736
8668 140 2.4 -24388 914
8780 140 2.4 -23536 -38
8893 140 2.4 -23284 -186
9008 140 2.4 -23520 -652
9124 140 2.4 -23060 -2006
9242 140 2.4 -23804 -2388
9361 140 2.4 -23380 -4004
9482 140 2.4 -24108 -3926
9604 140 2.4 -23440 -2264
9728 140 2.4 -23520 -1250
9853 140 2.4 -24036 -1276
9980 140 2.4 -23796 490
10109 140 2.4 -23640 900
10240 140 2.4 -23612 1488
10372 140 2.4 -23980 -928
10505 140 2.4 -23384 -1010
10641 140 2.4 -23436 918
10778 140 2.4 -23640 976
10917 140 2.4 -23528 4130
11058 140 2.4 -23984 4256
11201 140 2.4 -22900 2506
11345 140 2.4 -23640 -486
11491 140 2.4 -23028 1294
11640 140 2.4 -23992 2136
11790 140 2.4 -23636 2110
11942 140 2.4 -23488 128
12096 140 2.4 -23960 976
12252 140 2.4 -24016 2174
12410 140 2.4 -23536 -1544
12570 140 2.4 -23120 -3014
12732 140 2.4 -23412 -194
12896 140 2.4 -23240 -336
13062 140 2.4 -23668 -1216
13231 140 2.4 -23296 524
13402 140 2.4 -23208 184
13574 140 2.4 -23456 474
13750 140 2.4 -23920 114
13927 140 2.4 -23636 -1520
14106 140 2.4 -23436 -3878
14288 140 2.4 -22984 -2748
14473 140 2.4 -23436 -674
14659 140 2.4 -23636 472
14848 140 2.4 -23832 616
15040 140 2.4 -23468 -1206
15234 140 2.4 -23896 326
15430 140 2.4 -24472 1828
15629 140 2.4 -23768 -290
15831 140 2.4 -23688 -390
16035 140 2.4 -23844 -542
16242 140 2.4 -23584 -2722
16451 140 2.4 -23972 -986
16664 140 2.4 -23532 -1064
16879 140 2.4 -23872 -2006
17096 140 2.4 -24276 1298
17317 140 2.4 -23916 -1042
17540 140 2.4 -23400 -1020
17766 140 2.4 -23900 -1400
17995 140 2.4 -23356 -554
18228 140 2.4 -23616 1762
18463 140 2.4 -24112 2648
18701 140 2.4 -23504 1528
18942 140 2.4 -23532 1782
19186 140 2.4 -23804 3694
19434 140 2.4 -23452 902
19684 140 2.4 -23624 2460
19938 140 2.4 -24424 2942
20195 140 2.4 -22852 828
20456 140 2.4 -23676 -26
20720 140 2.4 -23784 1674
20987 140 2.4 -23180 2566
21258 140 2.4 -23236 2218
21532 140 2.4 -23436 742
21810 140 2.4 -24324 272
22091 140 2.4 -24236 956
22376 140 2.4 -23536 762
22664 140 2.4 -22984 1026
22957 140 2.4 -23732 -1440
23253 140 2.4 -24348 2174
23553 140 2.4 -23860 1646
23856 140 2.4 -23848 1042
24164 140 2.4 -23656 -1556
24476 140 2.4 -23660 -2208
24791 140 2.4 -23092 -488
25111 140 2.4 -23304 -1804
25435 140 2.4 -24224 -538
25763 140 2.4 -23940 -1920
26095 140 2.4 -23908 -3348
26432 140 2.4 -23788 -218
26773 140 2.4 -23304 -1804
27118 140 2.4 -23564 -1248
27468 140 2.4 -23164 -1898
27822 140 2.4 -24136 -1460
28181 140 2.4 -23668 -472
28545 140 2.4 -23880 -4294
28913 140 2.4 -24008 -1830
29286 140 2.4 -23484 -3376
29663 140 2.4 -24356 -974
30046 140 2.4 -23268 -1054
30434 140 2.4 -23648 -5100
30826 140 2.4 -23752 -2102
31224 140 2.4 -23868 -200
31626 140 2.4 -23836 1308
32034 140 2.4 -23764 192
32447 140 2.4 -23812 -2626
32866 140 2.4 -23660 -2836
33290 140 2.4 -23248 -348
33719 140 2.4 -24320 2536
34154 140 2.4 -23612 1660
34595 140 2.4 -24132 -662
35041 140 2.4 -23232 1446
35493 140 2.4 -23804 1100
35951 140 2.4 -23892 3344
36414 140 2.4 -23580 2468
36884 140 2.4 -24056 6678
37360 140 2.4 -24000 4646
37841 140 2.4 -23912 -1126
38330 140 2.4 -23400 -1318
38824 140 2.4 -23832 3348
39325 140 2.4 -23720 34
39832 140 2.4 -24092 2100
40346 140 2.4 -23316 1712
40866 140 2.4 -23924 548
41393 140 2.4 -23272 -56
41927 140 2.4 -23304 1546
42468 140 2.4 -23728 622
43015 140 2.4 -23576 2168
43570 140 2.4 -23636 -1126
44132 140 2.4 -23304 -412
44701 140 2.4 -24084 1316
45278 140 2.4 -23620 -364
45862 140 2.4 -23368 2850
46453 140 2.4 -23616 1972
47053 140 2.4 -23740 -42
47660 140 2.4 -24180 2338
48274 140 2.4 -24604 1048
48897 140 2.4 -23108 126
49528 140 2.4 -23556 522
50166 140 2.4 -23796 1862
50813 140 2.4 -23804 2528
51469 140 2.4 -23328 1162
52133 140 2.4 -23172 -1058
52805 140 2.4 -23804 -224
53486 140 2.4 -23748 -2634
54176 140 2.4 -23604 1104
54875 140 2.4 -23644 1668
55582 140 2.4 -23276 3082
56299 140 2.4 -24168 -966
57025 140 2.4 -23524 1838
57761 140 2.4 -23136 -992
58506 140 2.4 -23404 2282
59261 140 2.4 -24224 3302
60025 140 2.4 -23340 230
60799 140 2.4 -24140 -1546
61583 140 2.4 -24016 -4188
62378 140 2.4 -23864 -674
63182 140 2.4 -23092 -828
63997 140 2.4 -23396 -2400
64822 140 2.4 -23952 -1450
65658 140 2.4 -23340 2130
66505 140 2.4 -23036 1716
67363 140 2.4 -23496 300
68232 140 2.4 -23152 162
69112 140 2.4 -23516 -268
70003 140 2.4 -23620 -1638
70906 140 2.4 -23364 3466
71821 140 2.4 -23616 1140
72747 140 2.4 -24124 -3268
73685 140 2.4 -23880 2210
74636 140 2.4 -24108 -484
75599 140 2.4 -23600 3246
76574 140 2.4 -23552 1244
77561 140 2.4 -23476 1678
78562 140 2.4 -22960 -2150
79575 140 2.4 -23720 1104
80601 140 2.4 -23568 -2516
81641 140 2.4 -23700 -1250
82694 140 2.4 -23316 1238
83760 140 2.4 -23636 -1826
84841 140 2.4 -23860 738
85935 140 2.4 -23212 -318
87043 140 2.4 -22992 1080
88166 140 2.4 -23616 506
89303 140 2.4 -23532 1262
90455 140 2.4 -23764 2874
91622 140 2.4 -24444 682
92803 140 2.4 -23576 80
94000 140 2.4 -24364 -2882
95213 140 2.4 -23764 -2166
96441 140 2.4 -23428 -386
97685 140 2.4 -23124 -650
98945 140 2.4 -23060 3226
100221 140 2.4 -23776 3016
101513 140 2.4 -23580 -924
102823 140 2.4 -23140 -156
104149 140 2.4 -23804 -1264
105492 140 2.4 -23764 -678
106853 140 2.4 -24440 -1178
108231 140 2.4 -23904 1108
109627 140 2.4 -23656 2264
111041 140 2.4 -23452 760
112473 140 2.4 -23484 -2082
113924 140 2.4 -23720 2068
115393 140 2.4 -23444 -2388
116882 140 2.4 -23856 -1178
118389 140 2.4 -23008 -1126
119916 140 2.4 -23500 -1576
121463 140 2.4 -23884 418
123029 140 2.4 -23780 1052
124616 140 2.4 -23788 -304
126224 140 2.4 -23284 916
127852 140 2.4 -23404 -1114
129501 140 2.4 -23468 2848
131171 140 2.4 -23216 -2130
132863 140 2.4 -23504 -1304
134576 140 2.4 -23420 -1584
136312 140 2.4 -23460 -470
138070 140 2.4 -23536 -3164
139851 140 2.4 -23008 -606
141655 140 2.4 -23672 2286
143482 140 2.4 -23440 1164
145333 140 2.4 -23628 -1192
147207 140 2.4 -23288 1414
149106 140 2.4 -23144 -1964
151029 140 2.4 -23352 -1130
152977 140 2.4 -24132 10
154950 140 2.4 -23596 882
156948 140 2.4 -24048 1470
158973 140 2.4 -23600 1246
161023 140 2.4 -23480 2566
163100 140 2.4 -23452 -2694
165204 140 2.4 -23040 96
167334 140 2.4 -23772 -2320
169493 140 2.4 -23312 1154
171679 140 2.4 -22848 1408
173893 140 2.4 -23264 -506
176136 140 2.4 -23916 -1660
178408 140 2.4 -23636 -2500
180709 140 2.4 -23704 3006
183040 140 2.4 -23716 2418
185400 140 2.4 -23744 -538
187792 140 2.4 -23108 -382
190214 140 2.4 -23716 -208
192667 140 2.4 -23936 882
195152 140 2.4 -23772 -704
197669 140 2.4 -23252 -86
200219 140 2.4 -23204 -652
202801 140 2.4 -23920 -608
205417 140 2.4 -23480 -1464
208066 140 2.4 -23832 -2188
210750 140 2.4 -23236 -1502
213468 140 2.4 -23528 2240
216222 140 2.4 -24624 -1154
219010 140 2.4 -23872 646
221835 140 2.4 -23600 -496
224696 140 2.4 -24296 2726
227595 140 2.4 -23908 52
230530 140 2.4 -23516 2654
233503 140 2.4 -23472 10
236515 140 2.4 -23812 -816
239566 140 2.4 -23280 -26
242656 140 2.4 -23716 -1214
245785 140 2.4 -23952 1854
248956 140 2.4 -23020 32
252167 140 2.4 -23940 1654
255419 140 2.4 -23828 -1372
258713 140 2.4 -22800 -1062
262050 140 2.4 -24588 -4080
265430 140 2.4 -23660 -2254
268854 140 2.4 -24032 234
272321 140 2.4 -24008 -1044
275834 140 2.4 -24308 -1568
279391 140 2.4 -23076 2796
282995 140 2.4 -23980 -1804
286645 140 2.4 -23176 2538
290342 140 2.4 -24084 -2750
294087 140 2.4 -23492 2742
297880 140 2.4 -23348 -1444
301722 140 2.4 -24484 -650
305614 140 2.4 -24076 -768
309556 140 2.4 -22916 736
313548 140 2.4 -24068 1816
317592 140 2.4 -23084 -714
321689 140 2.4 -22948 -2104
325838 140 2.4 -23700 932
330040 140 2.4 -23828 -1696
334297 140 2.4 -23388 1506
338609 140 2.4 -23536 2652
342976 140 2.4 -23992 224
347400 140 2.4 -24024 3514
351881 140 2.4 -23156 -890
356419 140 2.4 -23316 -752
361016 140 2.4 -23636 356
365673 140 2.4 -23352 -194
370389 140 2.4 -23268 18
375167 140 2.4 -23192 -1342
380005 140 2.4 -23956 2504
384907 140 2.4 -23392 -1382
389871 140 2.4 -23608 1708
394900 140 2.4 -23572 -2944
399993 140 2.4 -23012 946
405152 140 2.4 -23584 -3824
410378 140 2.4 -23064 -1400
415671 140 2.4 -24124 1066
421032 140 2.4 -23964 2678
426463 140 2.4 -23564 -1374
431963 140 2.4 -23464 10
437535 140 2.4 -23092 2258
443178 140 2.4 -24340 1980
448894 140 2.4 -24516 -4744
454684 140 2.4 -23564 392
460548 140 2.4 -23312 -3438
466489 140 2.4 -23400 962
472505 140 2.4 -23588 -204
478600 140 2.4 -23644 2388
484773 140 2.4 -23820 -948
491025 140 2.4 -23712 -1384
497358 140 2.4 -23808 2480
503773 140 2.4 -23744 2338
510271 140 2.4 -23344 -524
516852 140 2.4 -23624 418
523519 140 2.4 -23316 -1362
530271 140 2.4 -23348 1582
537111 140 2.4 -23672 -680
544038 140 2.4 -23392 1474
551055 140 2.4 -23868 -2772
558163 140 2.4 -23396 -3212
565362 140 2.4 -24044 730
572654 140 2.4 -23620 3540
580040 140 2.4 -23544 -2656
587521 140 2.4 -24204 1814
595099 140 2.4 -23392 -618
602775 140 2.4 -22952 -2974
610549 140 2.4 -22872 -1386
618424 140 2.4 -23864 -192
626400 140 2.4 -23272 678
634480 140 2.4 -23588 -2236
642663 140 2.4 -23308 -242
650952 140 2.4 -23308 -1884
659348 140 2.4 -23324 -1446
667853 140 2.4 -23644 1244
676467 140 2.4 -23796 104
685192 140 2.4 -23596 -1344
694029 140 2.4 -23120 1170
702981 140 2.4 -23528 1142
712048 140 2.4 -23448 -1968
721232 140 2.4 -23112 522
730534 140 2.4 -23600 158
739957 140 2.4 -23572 28
749500 140 2.4 -24644 526
759168 140 2.4 -23776 -1506
768959 140 2.4 -23100 1918
778877 140 2.4 -23284 -2540
788923 140 2.4 -23380 -2094
799099 140 2.4 -23472 -440
809405 140 2.4 -23824 3260
819845 140 2.4 -23084 140
830419 140 2.4 -23352 16
841130 140 2.4 -23880 -2428
851979 140 2.4 -23964 -360
862968 140 2.4 -23884 726
874098 140 2.4 -23284 1254
885373 140 2.4 -23612 2048
896792 140 2.4 -24404 386
908359 140 2.4 -23484 2130
920075 140 2.4 -22972 -1266
931942 140 2.4 -23344 2204
943962 140 2.4 -23580 1186
956137 140 2.4 -23560 -374
968470 140 2.4 -22764 1154
980961 140 2.4 -23692 1726
993613 140 2.4 -23616 2598
999999 140 2.4 -23704 -2366
