3 20 2.4 -624 344
4 20 2.4 -652 348
5 20 2.4 -644 348
6 20 2.4 -628 346
7 20 2.4 -616 330
8 20 2.4 -596 302
9 20 2.4 -604 318
10 20 2.4 -512 270
11 20 2.4 -540 292
12 20 2.4 -580 308
13 20 2.4 -612 320
14 20 2.4 -556 310
15 20 2.4 -596 322
16 20 2.4 -608 338
17 20 2.4 -620 338
18 20 2.4 -640 338
19 20 2.4 -568 322
20 20 2.4 -572 318
21 20 2.4 -588 302
22 20 2.4 -552 292
23 20 2.4 -568 294
24 20 2.4 -576 304
25 20 2.4 -552 292
26 20 2.4 -552 284
27 20 2.4 -528 284
28 20 2.4 -484 260
29 20 2.4 -484 240
30 20 2.4 -516 268
31 20 2.4 -508 250
32 20 2.4 -512 214
33 20 2.4 -468 212
34 20 2.4 -516 200
35 20 2.4 -496 206
36 20 2.4 -476 156
37 20 2.4 -488 168
38 20 2.4 -540 188
39 20 2.4 -536 154
40 20 2.4 -560 168
41 20 2.4 -548 164
42 20 2.4 -508 162
43 20 2.4 -508 154
44 20 2.4 -464 152
45 20 2.4 -488 176
46 20 2.4 -508 200
47 20 2.4 -460 194
48 20 2.4 -448 200
49 20 2.4 -484 228
50 20 2.4 -456 210
51 20 2.4 -444 206
52 20 2.4 -448 200
53 20 2.4 -448 198
54 20 2.4 -452 222
55 20 2.4 -452 220
56 20 2.4 -432 222
57 20 2.4 -532 256
58 20 2.4 -580 282
59 20 2.4 -528 238
60 20 2.4 -520 248
61 20 2.4 -596 284
62 20 2.4 -536 280
63 20 2.4 -520 266
64 20 2.4 -488 250
65 20 2.4 -476 260
66 20 2.4 -552 294
67 20 2.4 -592 300
68 20 2.4 -620 288
69 20 2.4 -612 268
70 20 2.4 -568 260
71 20 2.4 -544 246
72 20 2.4 -532 262
73 20 2.4 -564 278
74 20 2.4 -552 280
75 20 2.4 -584 298
76 20 2.4 -580 300
77 20 2.4 -576 308
78 20 2.4 -624 330
79 20 2.4 -620 302
80 20 2.4 -548 258
81 20 2.4 -552 266
82 20 2.4 -524 274
83 20 2.4 -560 262
84 20 2.4 -556 288
85 20 2.4 -588 302
86 20 2.4 -560 292
88 20 2.4 -580 326
89 20 2.4 -568 324
90 20 2.4 -588 326
91 20 2.4 -520 300
92 20 2.4 -572 312
93 20 2.4 -556 302
95 20 2.4 -632 334
96 20 2.4 -596 330
97 20 2.4 -580 328
98 20 2.4 -580 310
99 20 2.4 -532 296
101 20 2.4 -548 274
102 20 2.4 -560 306
103 20 2.4 -536 302
105 20 2.4 -580 304
106 20 2.4 -552 294
107 20 2.4 -556 296
109 20 2.4 -560 290
110 20 2.4 -528 294
112 20 2.4 -508 280
113 20 2.4 -500 284
114 20 2.4 -472 278
116 20 2.4 -532 286
117 20 2.4 -508 274
119 20 2.4 -520 282
120 20 2.4 -604 320
122 20 2.4 -528 280
124 20 2.4 -576 304
125 20 2.4 -600 320
127 20 2.4 -624 306
128 20 2.4 -540 286
130 20 2.4 -496 248
132 20 2.4 -540 198
133 20 2.4 -536 192
135 20 2.4 -540 208
137 20 2.4 -484 200
139 20 2.4 -492 154
140 20 2.4 -468 134
142 20 2.4 -452 126
144 20 2.4 -392 128
146 20 2.4 -400 136
148 20 2.4 -428 142
150 20 2.4 -416 160
152 20 2.4 -440 144
154 20 2.4 -424 114
155 20 2.4 -480 90
157 20 2.4 -460 78
160 20 2.4 -448 12
162 20 2.4 -428 32
164 20 2.4 -348 32
166 20 2.4 -424 24
168 20 2.4 -376 22
170 20 2.4 -456 28
172 20 2.4 -460 34
174 20 2.4 -504 24
177 20 2.4 -452 16
179 20 2.4 -452 42
181 20 2.4 -500 34
184 20 2.4 -524 28
186 20 2.4 -476 14
188 20 2.4 -476 36
191 20 2.4 -472 24
193 20 2.4 -432 -4
196 20 2.4 -428 44
198 20 2.4 -420 24
201 20 2.4 -400 -36
203 20 2.4 -436 -18
206 20 2.4 -404 38
209 20 2.4 -436 38
211 20 2.4 -436 60
214 20 2.4 -448 50
217 20 2.4 -452 56
220 20 2.4 -464 74
222 20 2.4 -428 42
225 20 2.4 -384 6
228 20 2.4 -484 38
231 20 2.4 -484 98
234 20 2.4 -476 114
237 20 2.4 -456 72
240 20 2.4 -528 40
243 20 2.4 -508 22
246 20 2.4 -504 -6
250 20 2.4 -524 -98
253 20 2.4 -464 -76
256 20 2.4 -484 -46
259 20 2.4 -456 -84
263 20 2.4 -436 -110
266 20 2.4 -532 -90
269 20 2.4 -500 -10
273 20 2.4 -392 6
276 20 2.4 -440 -34
280 20 2.4 -492 -132
284 20 2.4 -420 -122
287 20 2.4 -436 -150
291 20 2.4 -448 -156
295 20 2.4 -532 -236
298 20 2.4 -552 -254
302 20 2.4 -588 -292
306 20 2.4 -572 -286
310 20 2.4 -524 -266
314 20 2.4 -536 -264
318 20 2.4 -508 -224
322 20 2.4 -508 -192
326 20 2.4 -520 -182
331 20 2.4 -568 -262
335 20 2.4 -540 -278
339 20 2.4 -572 -288
344 20 2.4 -472 -224
348 20 2.4 -496 -250
352 20 2.4 -492 -264
357 20 2.4 -532 -258
362 20 2.4 -560 -276
366 20 2.4 -492 -262
371 20 2.4 -604 -298
376 20 2.4 -608 -330
381 20 2.4 -620 -338
385 20 2.4 -624 -332
390 20 2.4 -620 -334
395 20 2.4 -632 -322
401 20 2.4 -552 -322
406 20 2.4 -576 -306
411 20 2.4 -540 -250
416 20 2.4 -520 -236
422 20 2.4 -456 -170
427 20 2.4 -492 -146
433 20 2.4 -484 -130
438 20 2.4 -472 -114
444 20 2.4 -468 -44
449 20 2.4 -484 -22
455 20 2.4 -484 -6
461 20 2.4 -488 -72
467 20 2.4 -496 -54
473 20 2.4 -484 -72
479 20 2.4 -468 -54
485 20 2.4 -524 -32
492 20 2.4 -456 -52
498 20 2.4 -484 -82
504 20 2.4 -516 -128
511 20 2.4 -480 -42
517 20 2.4 -468 -118
524 20 2.4 -500 -60
531 20 2.4 -428 -68
538 20 2.4 -480 -188
545 20 2.4 -460 -152
552 20 2.4 -580 -226
559 20 2.4 -576 -288
566 20 2.4 -536 -280
573 20 2.4 -576 -318
581 20 2.4 -480 -256
588 20 2.4 -528 -248
596 20 2.4 -556 -286
603 20 2.4 -496 -280
611 20 2.4 -508 -232
619 20 2.4 -544 -262
627 20 2.4 -516 -256
635 20 2.4 -564 -278
643 20 2.4 -512 -240
652 20 2.4 -532 -266
660 20 2.4 -444 -224
668 20 2.4 -500 -262
677 20 2.4 -580 -320
686 20 2.4 -556 -300
695 20 2.4 -584 -306
704 20 2.4 -496 -278
713 20 2.4 -596 -340
722 20 2.4 -540 -298
731 20 2.4 -632 -340
741 20 2.4 -528 -208
750 20 2.4 -500 -282
760 20 2.4 -536 -204
770 20 2.4 -552 -254
780 20 2.4 -444 -224
790 20 2.4 -576 -312
800 20 2.4 -520 -280
810 20 2.4 -496 -256
821 20 2.4 -528 -270
831 20 2.4 -640 -348
842 20 2.4 -628 -310
853 20 2.4 -548 -286
864 20 2.4 -604 -326
875 20 2.4 -568 -314
886 20 2.4 -568 -322
897 20 2.4 -676 -352
909 20 2.4 -560 -310
921 20 2.4 -624 -330
933 20 2.4 -588 -288
945 20 2.4 -552 -294
957 20 2.4 -532 -262
969 20 2.4 -460 -206
982 20 2.4 -464 -228
994 20 2.4 -564 -268
1007 20 2.4 -504 -256
1020 20 2.4 -484 -232
1033 20 2.4 -496 -206
1047 20 2.4 -504 -206
1060 20 2.4 -576 -256
1074 20 2.4 -536 -264
1088 20 2.4 -552 -252
1102 20 2.4 -596 -314
1116 20 2.4 -552 -292
1130 20 2.4 -488 -196
1145 20 2.4 -424 -50
1160 20 2.4 -424 -88
1174 20 2.4 -448 -160
1190 20 2.4 -520 -66
1205 20 2.4 -436 -134
1220 20 2.4 -396 -22
1236 20 2.4 -488 44
1252 20 2.4 -392 14
1268 20 2.4 -428 90
1285 20 2.4 -488 258
1301 20 2.4 -576 308
1318 20 2.4 -516 192
1335 20 2.4 -520 198
1352 20 2.4 -444 188
1370 20 2.4 -480 240
1387 20 2.4 -480 246
1405 20 2.4 -580 270
1423 20 2.4 -460 164
1442 20 2.4 -556 176
1460 20 2.4 -428 56
1479 20 2.4 -444 220
1498 20 2.4 -464 58
1517 20 2.4 -396 94
1537 20 2.4 -496 48
1557 20 2.4 -552 170
1577 20 2.4 -360 20
1597 20 2.4 -476 52
1618 20 2.4 -512 212
1639 20 2.4 -460 132
1660 20 2.4 -436 148
1681 20 2.4 -516 266
1703 20 2.4 -488 272
1725 20 2.4 -452 226
1747 20 2.4 -520 220
1770 20 2.4 -464 142
1792 20 2.4 -464 156
1816 20 2.4 -480 60
1839 20 2.4 -440 -90
1863 20 2.4 -448 -126
1887 20 2.4 -428 -94
1911 20 2.4 -568 -280
1936 20 2.4 -556 -286
1961 20 2.4 -532 -180
1986 20 2.4 -456 -94
2012 20 2.4 -448 -108
2037 20 2.4 -516 -186
2064 20 2.4 -528 -228
2090 20 2.4 -404 -140
2117 20 2.4 -440 -52
2145 20 2.4 -520 -276
2172 20 2.4 -536 -216
2200 20 2.4 -556 -266
2229 20 2.4 -492 -12
2257 20 2.4 -484 -38
2286 20 2.4 -528 -242
2316 20 2.4 -460 -156
2346 20 2.4 -532 -202
2376 20 2.4 -476 -266
2407 20 2.4 -488 -176
2438 20 2.4 -572 -266
2469 20 2.4 -588 -326
2501 20 2.4 -420 -162
2533 20 2.4 -432 -228
2566 20 2.4 -472 -202
2599 20 2.4 -476 -220
2633 20 2.4 -436 -208
2667 20 2.4 -464 -260
2701 20 2.4 -648 -338
2736 20 2.4 -520 -188
2771 20 2.4 -440 44
2807 20 2.4 -432 30
2843 20 2.4 -420 -38
2880 20 2.4 -464 -172
2917 20 2.4 -552 -278
2954 20 2.4 -552 -268
2992 20 2.4 -608 -316
3031 20 2.4 -608 -234
3070 20 2.4 -464 -134
3110 20 2.4 -444 -118
3150 20 2.4 -456 -180
3190 20 2.4 -584 -320
3232 20 2.4 -572 -306
3273 20 2.4 -556 -314
3315 20 2.4 -588 -332
3358 20 2.4 -524 -280
3402 20 2.4 -412 -56
3445 20 2.4 -512 -178
3490 20 2.4 -496 -206
3535 20 2.4 -540 -234
3580 20 2.4 -408 -144
3627 20 2.4 -652 -354
3673 20 2.4 -484 -190
3721 20 2.4 -336 92
3769 20 2.4 -488 166
3817 20 2.4 -412 -24
3867 20 2.4 -580 -272
3916 20 2.4 -488 -226
3967 20 2.4 -620 -330
4018 20 2.4 -452 -226
4070 20 2.4 -540 -258
4122 20 2.4 -592 -318
4176 20 2.4 -464 52
4229 20 2.4 -560 230
4284 20 2.4 -524 130
4339 20 2.4 -448 214
4395 20 2.4 -468 206
4452 20 2.4 -476 216
4509 20 2.4 -480 196
4567 20 2.4 -520 272
4626 20 2.4 -504 254
4686 20 2.4 -572 236
4746 20 2.4 -508 216
4808 20 2.4 -588 304
4870 20 2.4 -580 308
4932 20 2.4 -456 -60
4996 20 2.4 -584 -242
5060 20 2.4 -508 -276
5126 20 2.4 -600 -320
5192 20 2.4 -516 -256
5259 20 2.4 -488 -230
5327 20 2.4 -436 -76
5395 20 2.4 -476 48
5465 20 2.4 -484 -138
5535 20 2.4 -568 -286
5607 20 2.4 -508 -226
5679 20 2.4 -472 -92
5752 20 2.4 -396 148
5826 20 2.4 -468 248
5902 20 2.4 -488 254
5978 20 2.4 -564 296
6055 20 2.4 -572 266
6133 20 2.4 -472 160
6212 20 2.4 -412 -40
6292 20 2.4 -484 260
6373 20 2.4 -460 114
6455 20 2.4 -636 342
6539 20 2.4 -496 242
6623 20 2.4 -536 288
6708 20 2.4 -504 206
6795 20 2.4 -552 266
6883 20 2.4 -524 228
6971 20 2.4 -468 214
7061 20 2.4 -504 246
7152 20 2.4 -476 204
7245 20 2.4 -544 262
7338 20 2.4 -536 286
7433 20 2.4 -420 26
7529 20 2.4 -520 202
7626 20 2.4 -464 168
7724 20 2.4 -440 26
7824 20 2.4 -476 216
7925 20 2.4 -612 318
8027 20 2.4 -532 252
8130 20 2.4 -560 308
8235 20 2.4 -436 -8
8341 20 2.4 -416 82
8449 20 2.4 -500 110
8558 20 2.4 -536 300
8668 20 2.4 -620 328
8780 20 2.4 -460 -84
8893 20 2.4 -448 -12
9008 20 2.4 -492 62
9124 20 2.4 -448 -64
9242 20 2.4 -484 -18
9361 20 2.4 -420 144
9482 20 2.4 -444 84
9604 20 2.4 -572 312
9728 20 2.4 -432 8
9853 20 2.4 -568 274
9980 20 2.4 -560 264
10109 20 2.4 -404 -22
10240 20 2.4 -476 -178
10372 20 2.4 -572 294
10505 20 2.4 -512 204
10641 20 2.4 -464 210
10778 20 2.4 -432 220
10917 20 2.4 -452 206
11058 20 2.4 -548 -294
11201 20 2.4 -368 -138
11345 20 2.4 -444 132
11491 20 2.4 -492 156
11640 20 2.4 -608 334
11790 20 2.4 -496 102
11942 20 2.4 -528 -186
12096 20 2.4 -500 -208
12252 20 2.4 -508 -246
12410 20 2.4 -392 -82
12570 20 2.4 -472 -6
12732 20 2.4 -476 118
12896 20 2.4 -600 -272
13062 20 2.4 -420 56
13231 20 2.4 -456 216
13402 20 2.4 -576 316
13574 20 2.4 -476 240
13750 20 2.4 -492 120
13927 20 2.4 -404 60
14106 20 2.4 -568 292
14288 20 2.4 -444 122
14473 20 2.4 -516 222
14659 20 2.4 -476 52
14848 20 2.4 -636 336
15040 20 2.4 -492 -112
15234 20 2.4 -488 -268
15430 20 2.4 -596 -294
15629 20 2.4 -484 -212
15831 20 2.4 -484 -220
16035 20 2.4 -504 -258
16242 20 2.4 -516 -238
16451 20 2.4 -488 -214
16664 20 2.4 -484 -226
16879 20 2.4 -484 256
17096 20 2.4 -484 150
17317 20 2.4 -536 238
17540 20 2.4 -424 -90
17766 20 2.4 -452 -196
17995 20 2.4 -464 172
18228 20 2.4 -512 182
18463 20 2.4 -592 314
18701 20 2.4 -596 306
18942 20 2.4 -584 190
19186 20 2.4 -528 290
19434 20 2.4 -476 72
19684 20 2.4 -416 72
19938 20 2.4 -480 -254
20195 20 2.4 -516 -208
20456 20 2.4 -604 322
20720 20 2.4 -560 274
20987 20 2.4 -480 254
21258 20 2.4 -492 288
21532 20 2.4 -504 186
21810 20 2.4 -468 202
22091 20 2.4 -564 292
22376 20 2.4 -572 -230
22664 20 2.4 -500 118
22957 20 2.4 -452 184
23253 20 2.4 -472 -240
23553 20 2.4 -552 -210
23856 20 2.4 -432 -156
24164 20 2.4 -456 -104
24476 20 2.4 -452 126
24791 20 2.4 -576 270
25111 20 2.4 -448 76
25435 20 2.4 -644 342
25763 20 2.4 -492 -194
26095 20 2.4 -520 -236
26432 20 2.4 -404 -172
26773 20 2.4 -560 -206
27118 20 2.4 -440 -24
27468 20 2.4 -536 -190
27822 20 2.4 -476 -122
28181 20 2.4 -524 244
28545 20 2.4 -424 70
28913 20 2.4 -364 4
29286 20 2.4 -456 160
29663 20 2.4 -456 114
30046 20 2.4 -524 -256
30434 20 2.4 -548 234
30826 20 2.4 -548 262
31224 20 2.4 -452 28
31626 20 2.4 -532 -158
32034 20 2.4 -544 254
32447 20 2.4 -496 -224
32866 20 2.4 -484 -214
33290 20 2.4 -420 -142
33719 20 2.4 -412 124
34154 20 2.4 -464 -28
34595 20 2.4 -468 8
35041 20 2.4 -416 24
35493 20 2.4 -476 -224
35951 20 2.4 -468 -262
36414 20 2.4 -512 -252
36884 20 2.4 -508 -210
37360 20 2.4 -512 292
37841 20 2.4 -580 298
38330 20 2.4 -564 248
38824 20 2.4 -500 -144
39325 20 2.4 -600 -290
39832 20 2.4 -396 202
40346 20 2.4 -436 -20
40866 20 2.4 -444 -94
41393 20 2.4 -560 -224
41927 20 2.4 -436 134
42468 20 2.4 -544 296
43015 20 2.4 -556 -254
43570 20 2.4 -456 -168
44132 20 2.4 -440 110
44701 20 2.4 -460 210
45278 20 2.4 -500 98
45862 20 2.4 -484 -212
46453 20 2.4 -528 -240
47053 20 2.4 -456 -72
47660 20 2.4 -532 -302
48274 20 2.4 -416 70
48897 20 2.4 -408 178
49528 20 2.4 -472 102
50166 20 2.4 -608 338
50813 20 2.4 -464 -206
51469 20 2.4 -476 -234
52133 20 2.4 -520 -248
52805 20 2.4 -440 -48
53486 20 2.4 -520 -272
54176 20 2.4 -624 -338
54875 20 2.4 -508 180
55582 20 2.4 -424 -70
56299 20 2.4 -392 18
57025 20 2.4 -428 -96
57761 20 2.4 -536 -228
58506 20 2.4 -416 28
59261 20 2.4 -464 152
60025 20 2.4 -540 -166
60799 20 2.4 -436 66
61583 20 2.4 -584 310
62378 20 2.4 -456 -100
63182 20 2.4 -512 198
63997 20 2.4 -440 58
64822 20 2.4 -436 -182
65658 20 2.4 -520 232
66505 20 2.4 -528 244
67363 20 2.4 -540 280
68232 20 2.4 -452 -4
69112 20 2.4 -524 -282
70003 20 2.4 -516 -230
70906 20 2.4 -552 232
71821 20 2.4 -540 234
72747 20 2.4 -508 -244
73685 20 2.4 -452 -18
74636 20 2.4 -604 292
75599 20 2.4 -488 178
76574 20 2.4 -488 -8
77561 20 2.4 -524 -248
78562 20 2.4 -456 108
79575 20 2.4 -448 162
80601 20 2.4 -476 246
81641 20 2.4 -492 -162
82694 20 2.4 -572 234
83760 20 2.4 -440 86
84841 20 2.4 -540 -260
85935 20 2.4 -516 -206
87043 20 2.4 -356 62
88166 20 2.4 -400 64
89303 20 2.4 -508 50
90455 20 2.4 -488 -44
91622 20 2.4 -568 -238
92803 20 2.4 -508 244
94000 20 2.4 -436 62
95213 20 2.4 -472 208
96441 20 2.4 -468 106
97685 20 2.4 -488 116
98945 20 2.4 -460 -98
100221 20 2.4 -504 278
101513 20 2.4 -416 38
102823 20 2.4 -556 -268
104149 20 2.4 -524 -268
105492 20 2.4 -608 -324
106853 20 2.4 -580 -258
108231 20 2.4 -612 -320
109627 20 2.4 -592 302
111041 20 2.4 -512 -250
112473 20 2.4 -500 -16
113924 20 2.4 -448 -242
115393 20 2.4 -484 134
116882 20 2.4 -536 292
118389 20 2.4 -552 -300
119916 20 2.4 -584 -194
121463 20 2.4 -548 282
123029 20 2.4 -548 -36
124616 20 2.4 -336 2
126224 20 2.4 -472 -110
127852 20 2.4 -444 136
129501 20 2.4 -552 -34
131171 20 2.4 -448 140
132863 20 2.4 -404 126
134576 20 2.4 -560 256
136312 20 2.4 -468 110
138070 20 2.4 -560 -164
139851 20 2.4 -496 -236
141655 20 2.4 -492 -158
143482 20 2.4 -456 210
145333 20 2.4 -404 -44
147207 20 2.4 -468 -122
149106 20 2.4 -604 324
151029 20 2.4 -460 88
152977 20 2.4 -480 212
154950 20 2.4 -500 -186
156948 20 2.4 -412 -42
158973 20 2.4 -424 -158
161023 20 2.4 -480 -124
163100 20 2.4 -536 298
165204 20 2.4 -564 -284
167334 20 2.4 -440 -72
169493 20 2.4 -596 336
171679 20 2.4 -476 188
173893 20 2.4 -456 2
176136 20 2.4 -396 120
178408 20 2.4 -536 220
180709 20 2.4 -540 -306
183040 20 2.4 -456 218
185400 20 2.4 -540 -256
187792 20 2.4 -548 -256
190214 20 2.4 -460 -248
192667 20 2.4 -520 -110
195152 20 2.4 -520 -222
197669 20 2.4 -416 -218
200219 20 2.4 -428 -96
202801 20 2.4 -512 14
205417 20 2.4 -448 60
208066 20 2.4 -432 -40
210750 20 2.4 -468 -90
213468 20 2.4 -492 -218
216222 20 2.4 -432 166
219010 20 2.4 -444 -206
221835 20 2.4 -480 -188
224696 20 2.4 -664 -330
227595 20 2.4 -452 -54
230530 20 2.4 -540 272
233503 20 2.4 -484 146
236515 20 2.4 -380 -60
239566 20 2.4 -536 294
242656 20 2.4 -500 270
245785 20 2.4 -436 74
248956 20 2.4 -428 86
252167 20 2.4 -468 102
255419 20 2.4 -504 244
258713 20 2.4 -592 -264
262050 20 2.4 -576 298
265430 20 2.4 -604 -340
268854 20 2.4 -492 -60
272321 20 2.4 -436 244
275834 20 2.4 -424 -20
279391 20 2.4 -440 -124
282995 20 2.4 -512 -244
286645 20 2.4 -444 254
290342 20 2.4 -436 -122
294087 20 2.4 -464 -24
297880 20 2.4 -488 188
301722 20 2.4 -524 -78
305614 20 2.4 -488 -140
309556 20 2.4 -532 282
313548 20 2.4 -352 36
317592 20 2.4 -568 236
321689 20 2.4 -456 -160
325838 20 2.4 -528 262
330040 20 2.4 -396 -62
334297 20 2.4 -488 176
338609 20 2.4 -560 -284
342976 20 2.4 -448 100
347400 20 2.4 -552 298
351881 20 2.4 -420 -26
356419 20 2.4 -512 294
361016 20 2.4 -512 220
365673 20 2.4 -496 178
370389 20 2.4 -516 194
375167 20 2.4 -400 -144
380005 20 2.4 -380 54
384907 20 2.4 -536 284
389871 20 2.4 -616 324
394900 20 2.4 -564 286
399993 20 2.4 -472 -148
405152 20 2.4 -468 148
410378 20 2.4 -468 -80
415671 20 2.4 -492 -248
421032 20 2.4 -476 -178
426463 20 2.4 -528 242
431963 20 2.4 -524 -234
437535 20 2.4 -540 -290
443178 20 2.4 -480 -52
448894 20 2.4 -452 54
454684 20 2.4 -412 -114
460548 20 2.4 -496 -174
466489 20 2.4 -484 252
472505 20 2.4 -492 268
478600 20 2.4 -576 304
484773 20 2.4 -420 60
491025 20 2.4 -412 -52
497358 20 2.4 -436 84
503773 20 2.4 -524 276
510271 20 2.4 -556 -288
516852 20 2.4 -436 88
523519 20 2.4 -564 -252
530271 20 2.4 -488 8
537111 20 2.4 -548 286
544038 20 2.4 -536 248
551055 20 2.4 -520 -276
558163 20 2.4 -432 130
565362 20 2.4 -460 250
572654 20 2.4 -500 238
580040 20 2.4 -556 -298
587521 20 2.4 -452 180
595099 20 2.4 -484 74
602775 20 2.4 -492 -158
610549 20 2.4 -436 -98
618424 20 2.4 -608 -284
626400 20 2.4 -468 -150
634480 20 2.4 -480 250
642663 20 2.4 -476 -198
650952 20 2.4 -432 152
659348 20 2.4 -392 8
667853 20 2.4 -528 232
676467 20 2.4 -488 -220
685192 20 2.4 -456 -116
694029 20 2.4 -520 -232
702981 20 2.4 -540 250
712048 20 2.4 -516 -278
721232 20 2.4 -468 -236
730534 20 2.4 -564 -312
739957 20 2.4 -552 312
749500 20 2.4 -436 12
759168 20 2.4 -632 334
768959 20 2.4 -424 146
778877 20 2.4 -452 -20
788923 20 2.4 -512 -208
799099 20 2.4 -436 -130
809405 20 2.4 -480 -186
819845 20 2.4 -540 -236
830419 20 2.4 -492 62
841130 20 2.4 -500 -230
851979 20 2.4 -488 -102
862968 20 2.4 -496 -236
874098 20 2.4 -476 -12
885373 20 2.4 -508 -248
896792 20 2.4 -660 -340
908359 20 2.4 -496 -246
920075 20 2.4 -496 -216
931942 20 2.4 -452 -258
943962 20 2.4 -540 -278
956137 20 2.4 -428 88
968470 20 2.4 -444 76
980961 20 2.4 -472 -150
993613 20 2.4 -556 -294
999999 20 2.4 -524 38
