3 100 2.2 -17356 9174
4 100 2.2 -16932 9002
5 100 2.2 -16836 8994
6 100 2.2 -16836 8920
7 100 2.2 -16556 8766
8 100 2.2 -16476 8708
9 100 2.2 -16420 8686
10 100 2.2 -16204 8606
11 100 2.2 -16200 8584
12 100 2.2 -16240 8582
13 100 2.2 -16152 8536
14 100 2.2 -16240 8584
15 100 2.2 -16128 8522
16 100 2.2 -15936 8490
17 100 2.2 -15996 8444
18 100 2.2 -15868 8392
19 100 2.2 -16000 8470
20 100 2.2 -16016 8482
21 100 2.2 -16056 8468
22 100 2.2 -15832 8356
23 100 2.2 -15592 8272
24 100 2.2 -15916 8398
25 100 2.2 -16136 8442
26 100 2.2 -16240 8494
27 100 2.2 -16108 8486
28 100 2.2 -15924 8370
29 100 2.2 -15904 8336
30 100 2.2 -15952 8286
31 100 2.2 -16132 8362
32 100 2.2 -15916 8252
33 100 2.2 -15668 8178
34 100 2.2 -15560 8104
35 100 2.2 -15664 8202
36 100 2.2 -15936 8254
37 100 2.2 -15992 8298
38 100 2.2 -15768 8170
39 100 2.2 -15520 8054
40 100 2.2 -15612 8142
41 100 2.2 -15684 8108
42 100 2.2 -15724 8076
43 100 2.2 -15480 8002
44 100 2.2 -15464 8056
45 100 2.2 -15440 7974
46 100 2.2 -15324 7972
47 100 2.2 -15728 8184
48 100 2.2 -15760 8258
49 100 2.2 -15860 8282
50 100 2.2 -15484 8192
51 100 2.2 -15700 8188
52 100 2.2 -15676 8160
53 100 2.2 -15352 8072
54 100 2.2 -15524 8086
55 100 2.2 -15308 8008
56 100 2.2 -15276 8038
57 100 2.2 -15308 7954
58 100 2.2 -15572 8040
59 100 2.2 -15744 8150
60 100 2.2 -15628 8104
61 100 2.2 -15784 8162
62 100 2.2 -15408 8070
63 100 2.2 -15520 8098
64 100 2.2 -15528 8092
65 100 2.2 -15696 8208
66 100 2.2 -15800 8234
67 100 2.2 -15708 8194
68 100 2.2 -15804 8150
69 100 2.2 -15772 8162
70 100 2.2 -15736 8122
71 100 2.2 -15432 7964
72 100 2.2 -15736 7980
73 100 2.2 -15696 7942
74 100 2.2 -15588 7916
75 100 2.2 -15640 7996
76 100 2.2 -15600 7970
77 100 2.2 -15328 7844
78 100 2.2 -15556 7862
79 100 2.2 -15408 7796
80 100 2.2 -15632 7830
81 100 2.2 -15496 7828
82 100 2.2 -15616 7826
83 100 2.2 -15384 7792
84 100 2.2 -15316 7790
85 100 2.2 -15528 7870
86 100 2.2 -15292 7830
88 100 2.2 -15132 7822
89 100 2.2 -15308 7882
90 100 2.2 -15492 8084
91 100 2.2 -15324 8052
92 100 2.2 -15516 8118
93 100 2.2 -15836 8168
95 100 2.2 -15956 8236
96 100 2.2 -16184 8368
97 100 2.2 -15948 8272
98 100 2.2 -15824 8220
99 100 2.2 -15712 8124
101 100 2.2 -15720 8094
102 100 2.2 -15704 8126
103 100 2.2 -15624 8090
105 100 2.2 -15480 8078
106 100 2.2 -15484 8080
107 100 2.2 -15808 8166
109 100 2.2 -15572 8066
110 100 2.2 -15576 8176
112 100 2.2 -15908 8238
113 100 2.2 -15972 8242
114 100 2.2 -15732 8144
116 100 2.2 -15620 8068
117 100 2.2 -15616 8072
119 100 2.2 -16084 8242
120 100 2.2 -15856 8184
122 100 2.2 -15676 8068
124 100 2.2 -15748 8044
125 100 2.2 -15772 8108
127 100 2.2 -15600 7976
128 100 2.2 -15548 7882
130 100 2.2 -15604 7998
132 100 2.2 -15468 7994
133 100 2.2 -15636 8006
135 100 2.2 -15428 7970
137 100 2.2 -15416 7910
139 100 2.2 -15384 7836
140 100 2.2 -15332 7864
142 100 2.2 -15684 7940
144 100 2.2 -15688 7822
146 100 2.2 -15368 7750
148 100 2.2 -15580 7830
150 100 2.2 -15664 7850
152 100 2.2 -15400 7662
154 100 2.2 -15264 7498
155 100 2.2 -15316 7546
157 100 2.2 -15164 7386
160 100 2.2 -14992 7278
162 100 2.2 -15052 7312
164 100 2.2 -15420 7522
166 100 2.2 -15340 7544
168 100 2.2 -15336 7498
170 100 2.2 -15224 7550
172 100 2.2 -15232 7546
174 100 2.2 -15172 7500
177 100 2.2 -15236 7424
179 100 2.2 -15488 7562
181 100 2.2 -15108 7360
184 100 2.2 -14860 7404
186 100 2.2 -14900 7424
188 100 2.2 -14908 7416
191 100 2.2 -15404 7552
193 100 2.2 -15440 7536
196 100 2.2 -15076 7350
198 100 2.2 -15056 7326
201 100 2.2 -14776 7176
203 100 2.2 -15056 7388
206 100 2.2 -15184 7458
209 100 2.2 -15276 7464
211 100 2.2 -15388 7512
214 100 2.2 -15252 7566
217 100 2.2 -15288 7562
220 100 2.2 -15348 7628
222 100 2.2 -15052 7472
225 100 2.2 -15060 7490
228 100 2.2 -14920 7392
231 100 2.2 -15148 7504
234 100 2.2 -15124 7462
237 100 2.2 -15204 7374
240 100 2.2 -15412 7442
243 100 2.2 -15588 7690
246 100 2.2 -15148 7558
250 100 2.2 -15256 7730
253 100 2.2 -15668 7964
256 100 2.2 -15860 8068
259 100 2.2 -15720 8048
263 100 2.2 -15544 8126
266 100 2.2 -15620 7960
269 100 2.2 -15496 7826
273 100 2.2 -15264 7768
276 100 2.2 -15428 7836
280 100 2.2 -15320 7792
284 100 2.2 -16020 8120
287 100 2.2 -15332 7890
291 100 2.2 -15036 7550
295 100 2.2 -15508 7924
298 100 2.2 -15680 8058
302 100 2.2 -15796 8078
306 100 2.2 -15464 8000
310 100 2.2 -15912 8124
314 100 2.2 -15708 8004
318 100 2.2 -15472 7982
322 100 2.2 -15808 8180
326 100 2.2 -15876 8292
331 100 2.2 -15536 8026
335 100 2.2 -15528 8050
339 100 2.2 -15668 8050
344 100 2.2 -15376 7806
348 100 2.2 -15380 7710
352 100 2.2 -15428 7748
357 100 2.2 -15284 7706
362 100 2.2 -15380 7880
366 100 2.2 -15432 7810
371 100 2.2 -15516 7862
376 100 2.2 -15448 7916
381 100 2.2 -15432 7938
385 100 2.2 -15552 7974
390 100 2.2 -15212 7688
395 100 2.2 -15664 8046
401 100 2.2 -15376 7944
406 100 2.2 -15508 8042
411 100 2.2 -15288 7864
416 100 2.2 -15204 7774
422 100 2.2 -15456 7774
427 100 2.2 -15516 7896
433 100 2.2 -15964 8146
438 100 2.2 -15476 7980
444 100 2.2 -15372 7942
449 100 2.2 -15956 8198
455 100 2.2 -15832 8330
461 100 2.2 -15540 8184
467 100 2.2 -15476 8100
473 100 2.2 -15508 8182
479 100 2.2 -15492 8090
485 100 2.2 -15448 7968
492 100 2.2 -15856 8190
498 100 2.2 -15584 8204
504 100 2.2 -15808 8288
511 100 2.2 -15828 8172
517 100 2.2 -15088 7798
524 100 2.2 -15260 7910
531 100 2.2 -15268 7864
538 100 2.2 -15576 7940
545 100 2.2 -15512 7704
552 100 2.2 -15012 7628
559 100 2.2 -15332 7612
566 100 2.2 -15176 7502
573 100 2.2 -15320 7642
581 100 2.2 -15308 7600
588 100 2.2 -15356 7594
596 100 2.2 -15268 7514
603 100 2.2 -15216 7314
611 100 2.2 -15188 7392
619 100 2.2 -15600 7410
627 100 2.2 -15388 7486
635 100 2.2 -15512 7690
643 100 2.2 -15700 7832
652 100 2.2 -15464 7648
660 100 2.2 -15540 7686
668 100 2.2 -15576 7602
677 100 2.2 -15272 7560
686 100 2.2 -15460 7724
695 100 2.2 -15196 7552
704 100 2.2 -15208 7588
713 100 2.2 -15288 7676
722 100 2.2 -15332 7748
731 100 2.2 -15412 7810
741 100 2.2 -15472 7868
750 100 2.2 -15556 7960
760 100 2.2 -15600 8110
770 100 2.2 -15856 8238
780 100 2.2 -15488 8058
790 100 2.2 -15668 8138
800 100 2.2 -15664 8140
810 100 2.2 -15988 8424
821 100 2.2 -15576 8158
831 100 2.2 -15696 8274
842 100 2.2 -15696 8262
853 100 2.2 -15772 8280
864 100 2.2 -15312 8004
875 100 2.2 -15788 8300
886 100 2.2 -15804 8250
897 100 2.2 -15964 8256
909 100 2.2 -15528 8050
921 100 2.2 -15448 8140
933 100 2.2 -15592 8082
945 100 2.2 -15856 8228
957 100 2.2 -15684 8142
969 100 2.2 -15724 8150
982 100 2.2 -15344 8038
994 100 2.2 -15520 8032
1007 100 2.2 -16092 8400
1020 100 2.2 -15592 8094
1033 100 2.2 -15560 8066
1047 100 2.2 -15252 7854
1060 100 2.2 -15620 8046
1074 100 2.2 -15356 7892
1088 100 2.2 -15992 8234
1102 100 2.2 -15192 7858
1116 100 2.2 -15684 8186
1130 100 2.2 -15524 8070
1145 100 2.2 -15568 8132
1160 100 2.2 -16056 8342
1174 100 2.2 -15544 8088
1190 100 2.2 -15648 8074
1205 100 2.2 -15808 8208
1220 100 2.2 -15672 8182
1236 100 2.2 -15396 8068
1252 100 2.2 -15816 8244
1268 100 2.2 -15680 8132
1285 100 2.2 -15568 8026
1301 100 2.2 -15592 7840
1318 100 2.2 -15032 7630
1335 100 2.2 -15764 8124
1352 100 2.2 -15820 8164
1370 100 2.2 -15800 8192
1387 100 2.2 -16012 8352
1405 100 2.2 -15780 8312
1423 100 2.2 -15312 8052
1442 100 2.2 -15360 7736
1460 100 2.2 -15616 8084
1479 100 2.2 -15608 8004
1498 100 2.2 -15528 8030
1517 100 2.2 -15968 8402
1537 100 2.2 -15460 8142
1557 100 2.2 -15508 8086
1577 100 2.2 -16044 8370
1597 100 2.2 -15380 7982
1618 100 2.2 -15708 8200
1639 100 2.2 -15740 8218
1660 100 2.2 -15232 7892
1681 100 2.2 -15532 7896
1703 100 2.2 -15720 7942
1725 100 2.2 -15752 8064
1747 100 2.2 -15656 7866
1770 100 2.2 -15564 7928
1792 100 2.2 -15508 7850
1816 100 2.2 -15300 7572
1839 100 2.2 -14960 7438
1863 100 2.2 -14844 7446
1887 100 2.2 -15468 7772
1911 100 2.2 -15580 7590
1936 100 2.2 -15456 7566
1961 100 2.2 -15116 7498
1986 100 2.2 -15476 7722
2012 100 2.2 -15548 7960
2037 100 2.2 -15912 8010
2064 100 2.2 -15648 7806
2090 100 2.2 -15392 7532
2117 100 2.2 -14836 7194
2145 100 2.2 -15552 7904
2172 100 2.2 -15356 7738
2200 100 2.2 -15900 8176
2229 100 2.2 -15524 8084
2257 100 2.2 -15712 8184
2286 100 2.2 -15672 8188
2316 100 2.2 -15820 8242
2346 100 2.2 -15916 8328
2376 100 2.2 -15244 7752
2407 100 2.2 -15320 7808
2438 100 2.2 -14984 7358
2469 100 2.2 -15256 7354
2501 100 2.2 -15512 7740
2533 100 2.2 -15880 7976
2566 100 2.2 -16436 8432
2599 100 2.2 -15452 7630
2633 100 2.2 -15732 8104
2667 100 2.2 -15416 7768
2701 100 2.2 -15608 7940
2736 100 2.2 -15544 8056
2771 100 2.2 -15632 8008
2807 100 2.2 -15336 7682
2843 100 2.2 -15212 7684
2880 100 2.2 -15220 7580
2917 100 2.2 -15204 7622
2954 100 2.2 -15156 7510
2992 100 2.2 -15052 7486
3031 100 2.2 -15624 7772
3070 100 2.2 -15532 7846
3110 100 2.2 -15544 7962
3150 100 2.2 -15212 7366
3190 100 2.2 -15000 6924
3232 100 2.2 -15340 7212
3273 100 2.2 -15184 7320
3315 100 2.2 -15472 7662
3358 100 2.2 -15636 7776
3402 100 2.2 -15752 8158
3445 100 2.2 -15404 7944
3490 100 2.2 -15384 7948
3535 100 2.2 -15528 8100
3580 100 2.2 -15612 8020
3627 100 2.2 -15164 7532
3673 100 2.2 -15480 7906
3721 100 2.2 -15088 7628
3769 100 2.2 -15280 7850
3817 100 2.2 -15396 7838
3867 100 2.2 -15628 8042
3916 100 2.2 -15828 8202
3967 100 2.2 -15180 7572
4018 100 2.2 -15708 7906
4070 100 2.2 -15680 7822
4122 100 2.2 -15184 7384
4176 100 2.2 -15444 7916
4229 100 2.2 -16136 8384
4284 100 2.2 -15436 8146
4339 100 2.2 -15568 7914
4395 100 2.2 -16008 8168
4452 100 2.2 -15704 8034
4509 100 2.2 -15968 8338
4567 100 2.2 -15548 8072
4626 100 2.2 -14584 7030
4686 100 2.2 -15452 7832
4746 100 2.2 -15728 8124
4808 100 2.2 -15608 8098
4870 100 2.2 -15324 7796
4932 100 2.2 -15760 8076
4996 100 2.2 -14944 7430
5060 100 2.2 -15148 7526
5126 100 2.2 -15316 7806
5192 100 2.2 -14932 7552
5259 100 2.2 -15500 7844
5327 100 2.2 -15576 8004
5395 100 2.2 -15160 7788
5465 100 2.2 -15596 8048
5535 100 2.2 -15404 8108
5607 100 2.2 -15312 7866
5679 100 2.2 -15364 7928
5752 100 2.2 -15252 7610
5826 100 2.2 -15488 7948
5902 100 2.2 -15996 8216
5978 100 2.2 -15588 7828
6055 100 2.2 -15084 7256
6133 100 2.2 -15316 7210
6212 100 2.2 -15568 7028
6292 100 2.2 -15036 6258
6373 100 2.2 -14832 6072
6455 100 2.2 -15144 7264
6539 100 2.2 -15612 7764
6623 100 2.2 -15908 8114
6708 100 2.2 -15428 7612
6795 100 2.2 -15024 7558
6883 100 2.2 -15756 7998
6971 100 2.2 -15380 7838
7061 100 2.2 -15556 7982
7152 100 2.2 -15692 8040
7245 100 2.2 -15720 8236
7338 100 2.2 -15444 8056
7433 100 2.2 -15204 7872
7529 100 2.2 -15688 8064
7626 100 2.2 -15636 8020
7724 100 2.2 -15152 7476
7824 100 2.2 -15296 7702
7925 100 2.2 -15452 7740
8027 100 2.2 -15456 7696
8130 100 2.2 -15944 8188
8235 100 2.2 -15888 8082
8341 100 2.2 -15768 8152
8449 100 2.2 -15660 8160
8558 100 2.2 -15792 8242
8668 100 2.2 -15708 8146
8780 100 2.2 -15280 7452
8893 100 2.2 -15476 7786
9008 100 2.2 -15092 7716
9124 100 2.2 -15320 8064
9242 100 2.2 -15396 7898
9361 100 2.2 -15920 8164
9482 100 2.2 -15440 7700
9604 100 2.2 -15372 7988
9728 100 2.2 -14952 7468
9853 100 2.2 -15424 7784
9980 100 2.2 -15592 8026
10109 100 2.2 -15768 8016
10240 100 2.2 -15416 7894
10372 100 2.2 -15336 7726
10505 100 2.2 -15712 8042
10641 100 2.2 -15500 7686
10778 100 2.2 -15576 8038
10917 100 2.2 -15308 7212
11058 100 2.2 -15616 7760
11201 100 2.2 -15640 8132
11345 100 2.2 -16044 8262
11491 100 2.2 -15892 8210
11640 100 2.2 -15224 7884
11790 100 2.2 -15212 7466
11942 100 2.2 -15788 8130
12096 100 2.2 -15580 8160
12252 100 2.2 -15380 7914
12410 100 2.2 -15552 8074
12570 100 2.2 -16132 8222
12732 100 2.2 -15564 7930
12896 100 2.2 -15240 7318
13062 100 2.2 -15176 7608
13231 100 2.2 -15452 7902
13402 100 2.2 -15188 7584
13574 100 2.2 -15456 7772
13750 100 2.2 -15168 7482
13927 100 2.2 -15472 7628
14106 100 2.2 -15372 7930
14288 100 2.2 -15476 7812
14473 100 2.2 -15284 7784
14659 100 2.2 -15068 7462
14848 100 2.2 -15368 8010
15040 100 2.2 -15520 7992
15234 100 2.2 -15492 7858
15430 100 2.2 -15964 8074
15629 100 2.2 -15060 7382
15831 100 2.2 -15736 8148
16035 100 2.2 -15348 7840
16242 100 2.2 -15292 7856
16451 100 2.2 -15492 7896
16664 100 2.2 -15340 7842
16879 100 2.2 -15444 8018
17096 100 2.2 -15756 8210
17317 100 2.2 -15216 7738
17540 100 2.2 -15620 8184
17766 100 2.2 -16096 8254
17995 100 2.2 -15940 7988
18228 100 2.2 -15648 8166
18463 100 2.2 -15660 8114
18701 100 2.2 -15128 7278
18942 100 2.2 -15288 7174
19186 100 2.2 -15332 7536
19434 100 2.2 -15632 8190
19684 100 2.2 -15260 7698
19938 100 2.2 -15380 7766
20195 100 2.2 -15612 7788
20456 100 2.2 -16068 8380
20720 100 2.2 -15264 8020
20987 100 2.2 -15060 7630
21258 100 2.2 -15860 8316
21532 100 2.2 -14852 7334
21810 100 2.2 -15536 8124
22091 100 2.2 -15380 7864
22376 100 2.2 -15780 8316
22664 100 2.2 -15864 8286
22957 100 2.2 -15460 7894
23253 100 2.2 -15844 8150
23553 100 2.2 -15200 7598
23856 100 2.2 -15732 8142
24164 100 2.2 -15320 7956
24476 100 2.2 -15768 8284
24791 100 2.2 -15664 8022
25111 100 2.2 -15464 7888
25435 100 2.2 -15728 8142
25763 100 2.2 -15656 8146
26095 100 2.2 -15588 8116
26432 100 2.2 -15352 7862
26773 100 2.2 -15516 7918
27118 100 2.2 -15300 7642
27468 100 2.2 -15268 7840
27822 100 2.2 -15328 7856
28181 100 2.2 -15440 7798
28545 100 2.2 -15608 7990
28913 100 2.2 -15536 8150
29286 100 2.2 -15272 7846
29663 100 2.2 -15372 7552
30046 100 2.2 -15588 8200
30434 100 2.2 -15680 7922
30826 100 2.2 -15732 8154
31224 100 2.2 -15396 7904
31626 100 2.2 -15528 7848
32034 100 2.2 -15428 7912
32447 100 2.2 -14960 7472
32866 100 2.2 -15504 7916
33290 100 2.2 -15752 7998
33719 100 2.2 -15532 8058
34154 100 2.2 -15716 7674
34595 100 2.2 -15212 7324
35041 100 2.2 -15288 7526
35493 100 2.2 -14964 7424
35951 100 2.2 -14964 7264
36414 100 2.2 -15284 7984
36884 100 2.2 -15548 6846
37360 100 2.2 -15352 7440
37841 100 2.2 -15392 7946
38330 100 2.2 -15740 8300
38824 100 2.2 -15560 7940
39325 100 2.2 -15400 7916
39832 100 2.2 -16224 8444
40346 100 2.2 -15580 7926
40866 100 2.2 -15428 7966
41393 100 2.2 -15328 7492
41927 100 2.2 -15740 8190
42468 100 2.2 -15580 8102
43015 100 2.2 -15336 7992
43570 100 2.2 -15620 8106
44132 100 2.2 -15392 7748
44701 100 2.2 -15024 7768
45278 100 2.2 -15340 7632
45862 100 2.2 -15532 7940
46453 100 2.2 -15508 8036
47053 100 2.2 -15268 7836
47660 100 2.2 -15308 7498
48274 100 2.2 -15488 8006
48897 100 2.2 -15356 7838
49528 100 2.2 -15408 7882
50166 100 2.2 -15816 7706
50813 100 2.2 -15144 7664
51469 100 2.2 -15524 7824
52133 100 2.2 -15348 7974
52805 100 2.2 -15476 8012
53486 100 2.2 -15556 7762
54176 100 2.2 -15232 7420
54875 100 2.2 -15612 7968
55582 100 2.2 -15360 7676
56299 100 2.2 -15624 8100
57025 100 2.2 -15340 7752
57761 100 2.2 -15552 7926
58506 100 2.2 -15200 7944
59261 100 2.2 -15388 7576
60025 100 2.2 -15220 7426
60799 100 2.2 -15636 8122
61583 100 2.2 -15268 6940
62378 100 2.2 -15572 7800
63182 100 2.2 -15868 8214
63997 100 2.2 -15672 7908
64822 100 2.2 -15400 7886
65658 100 2.2 -15124 7638
66505 100 2.2 -15224 7220
67363 100 2.2 -15332 7920
68232 100 2.2 -15540 7618
69112 100 2.2 -15604 7918
70003 100 2.2 -15392 6814
70906 100 2.2 -15220 7724
71821 100 2.2 -14928 7170
72747 100 2.2 -15196 7884
73685 100 2.2 -15464 8020
74636 100 2.2 -15492 7538
75599 100 2.2 -15452 7950
76574 100 2.2 -15644 8090
77561 100 2.2 -15860 8368
78562 100 2.2 -15612 7872
79575 100 2.2 -15104 7458
80601 100 2.2 -15508 7990
81641 100 2.2 -15596 8142
82694 100 2.2 -15424 7730
83760 100 2.2 -15180 7572
84841 100 2.2 -15608 7898
85935 100 2.2 -15392 7868
87043 100 2.2 -15216 7674
88166 100 2.2 -15132 7604
89303 100 2.2 -15372 7870
90455 100 2.2 -15860 8238
91622 100 2.2 -15844 8170
92803 100 2.2 -15728 8052
94000 100 2.2 -15172 7142
95213 100 2.2 -15692 8338
96441 100 2.2 -15812 8236
97685 100 2.2 -15288 7966
98945 100 2.2 -15524 8098
100221 100 2.2 -15328 7924
101513 100 2.2 -15392 7702
102823 100 2.2 -15364 7768
104149 100 2.2 -15056 7352
105492 100 2.2 -15488 7932
106853 100 2.2 -15612 7940
108231 100 2.2 -15396 8002
109627 100 2.2 -15504 7738
111041 100 2.2 -15664 7920
112473 100 2.2 -15632 7902
113924 100 2.2 -15260 7554
115393 100 2.2 -15188 7816
116882 100 2.2 -15216 7890
118389 100 2.2 -15624 8166
119916 100 2.2 -15252 7934
121463 100 2.2 -15576 7942
123029 100 2.2 -15336 7864
124616 100 2.2 -15776 8298
126224 100 2.2 -15848 8274
127852 100 2.2 -15440 8058
129501 100 2.2 -15304 7844
131171 100 2.2 -15316 7688
132863 100 2.2 -15680 8112
134576 100 2.2 -15660 8146
136312 100 2.2 -15620 8096
138070 100 2.2 -15380 7966
139851 100 2.2 -15120 7564
141655 100 2.2 -15532 8002
143482 100 2.2 -15176 7538
145333 100 2.2 -15688 8244
147207 100 2.2 -15576 7968
149106 100 2.2 -15980 8248
151029 100 2.2 -15420 7690
152977 100 2.2 -15496 7924
154950 100 2.2 -15264 7848
156948 100 2.2 -16196 8480
158973 100 2.2 -15448 8100
161023 100 2.2 -15640 7900
163100 100 2.2 -14872 7210
165204 100 2.2 -15540 7914
167334 100 2.2 -15460 7858
169493 100 2.2 -15448 8034
171679 100 2.2 -15712 7864
173893 100 2.2 -15444 8046
176136 100 2.2 -15704 8086
178408 100 2.2 -15312 7636
180709 100 2.2 -15580 7902
183040 100 2.2 -15132 7770
185400 100 2.2 -15080 6998
187792 100 2.2 -14560 6678
190214 100 2.2 -15176 7366
192667 100 2.2 -15348 7814
195152 100 2.2 -15192 7774
197669 100 2.2 -15996 8342
200219 100 2.2 -15496 7758
202801 100 2.2 -15804 8198
205417 100 2.2 -15384 7780
208066 100 2.2 -15428 7486
210750 100 2.2 -15944 8286
213468 100 2.2 -15516 7946
216222 100 2.2 -15376 7970
219010 100 2.2 -15596 8116
221835 100 2.2 -15456 7974
224696 100 2.2 -15384 8074
227595 100 2.2 -15196 7540
230530 100 2.2 -15324 7746
233503 100 2.2 -15780 7872
236515 100 2.2 -15216 7748
239566 100 2.2 -15592 7988
242656 100 2.2 -15208 7586
245785 100 2.2 -16064 8404
248956 100 2.2 -15336 7846
252167 100 2.2 -15304 7780
255419 100 2.2 -14824 7122
258713 100 2.2 -15492 7868
262050 100 2.2 -15632 8158
265430 100 2.2 -15168 7310
268854 100 2.2 -15460 7828
272321 100 2.2 -14940 7494
275834 100 2.2 -15756 8158
279391 100 2.2 -15340 7196
282995 100 2.2 -15228 7592
286645 100 2.2 -15768 8154
290342 100 2.2 -15332 7942
294087 100 2.2 -15736 8166
297880 100 2.2 -15740 7922
301722 100 2.2 -15452 7910
305614 100 2.2 -15484 7920
309556 100 2.2 -15392 7928
313548 100 2.2 -15796 8320
317592 100 2.2 -15524 8106
321689 100 2.2 -15208 7870
325838 100 2.2 -15500 7976
330040 100 2.2 -15540 7490
334297 100 2.2 -15500 7912
338609 100 2.2 -15592 8062
342976 100 2.2 -15700 8062
347400 100 2.2 -15660 7932
351881 100 2.2 -15580 8232
356419 100 2.2 -15572 7994
361016 100 2.2 -15448 7888
365673 100 2.2 -15348 7972
370389 100 2.2 -14756 7046
375167 100 2.2 -15604 8096
380005 100 2.2 -15444 7882
384907 100 2.2 -15840 8290
389871 100 2.2 -15384 7886
394900 100 2.2 -15520 7778
399993 100 2.2 -15516 8002
405152 100 2.2 -15456 8116
410378 100 2.2 -15204 6984
415671 100 2.2 -15472 8028
421032 100 2.2 -15044 7310
426463 100 2.2 -15560 7934
431963 100 2.2 -15040 7654
437535 100 2.2 -15564 7720
443178 100 2.2 -15320 7748
448894 100 2.2 -15788 8024
454684 100 2.2 -15900 8292
460548 100 2.2 -15048 7338
466489 100 2.2 -15788 8268
472505 100 2.2 -15392 7926
478600 100 2.2 -15612 7902
484773 100 2.2 -15244 7306
491025 100 2.2 -15384 7570
497358 100 2.2 -14892 7302
503773 100 2.2 -15248 7504
510271 100 2.2 -15340 7972
516852 100 2.2 -15640 7842
523519 100 2.2 -15464 8008
530271 100 2.2 -15568 7810
537111 100 2.2 -15092 7720
544038 100 2.2 -15532 7884
551055 100 2.2 -15568 8082
558163 100 2.2 -15472 7968
565362 100 2.2 -15648 8168
572654 100 2.2 -15064 7766
580040 100 2.2 -15636 7980
587521 100 2.2 -15272 7170
595099 100 2.2 -15304 7874
602775 100 2.2 -16024 8366
610549 100 2.2 -15832 8228
618424 100 2.2 -15580 7674
626400 100 2.2 -15072 7168
634480 100 2.2 -15440 7346
642663 100 2.2 -15584 8204
650952 100 2.2 -15444 7850
659348 100 2.2 -15544 8026
667853 100 2.2 -15612 7794
676467 100 2.2 -15380 7858
685192 100 2.2 -15884 8144
694029 100 2.2 -15796 8152
702981 100 2.2 -15072 7710
712048 100 2.2 -15276 7958
721232 100 2.2 -15264 7764
730534 100 2.2 -15088 7832
739957 100 2.2 -15328 7700
749500 100 2.2 -15540 8022
759168 100 2.2 -15580 8074
768959 100 2.2 -15336 7646
778877 100 2.2 -15456 7748
788923 100 2.2 -15824 8026
799099 100 2.2 -15804 8220
809405 100 2.2 -15704 8302
819845 100 2.2 -15352 7352
830419 100 2.2 -15440 7776
841130 100 2.2 -15844 8198
851979 100 2.2 -15460 7918
862968 100 2.2 -15012 7702
874098 100 2.2 -15604 7886
885373 100 2.2 -15300 7866
896792 100 2.2 -15124 7444
908359 100 2.2 -15708 7910
920075 100 2.2 -15240 7474
931942 100 2.2 -15448 7934
943962 100 2.2 -15408 7700
956137 100 2.2 -15696 7972
968470 100 2.2 -15272 7836
980961 100 2.2 -15936 8286
993613 100 2.2 -15208 7876
999999 100 2.2 -15648 8180
