3 20 2.4 -648 338
4 20 2.4 -628 326
5 20 2.4 -628 338
6 20 2.4 -612 334
7 20 2.4 -660 352
8 20 2.4 -604 336
9 20 2.4 -584 318
10 20 2.4 -572 306
11 20 2.4 -592 322
12 20 2.4 -584 308
13 20 2.4 -600 330
14 20 2.4 -616 342
15 20 2.4 -624 334
16 20 2.4 -608 330
17 20 2.4 -612 328
18 20 2.4 -584 314
19 20 2.4 -556 306
20 20 2.4 -540 290
21 20 2.4 -544 290
22 20 2.4 -564 298
23 20 2.4 -472 252
24 20 2.4 -544 280
25 20 2.4 -520 286
26 20 2.4 -528 272
27 20 2.4 -536 278
28 20 2.4 -548 288
29 20 2.4 -548 290
30 20 2.4 -536 288
31 20 2.4 -556 298
32 20 2.4 -556 300
33 20 2.4 -632 326
34 20 2.4 -628 334
35 20 2.4 -660 352
36 20 2.4 -688 362
37 20 2.4 -636 350
38 20 2.4 -616 338
39 20 2.4 -552 312
40 20 2.4 -528 288
41 20 2.4 -540 292
42 20 2.4 -520 290
43 20 2.4 -536 296
44 20 2.4 -520 282
45 20 2.4 -524 296
46 20 2.4 -516 286
47 20 2.4 -584 294
48 20 2.4 -628 332
49 20 2.4 -628 326
50 20 2.4 -624 344
51 20 2.4 -700 362
52 20 2.4 -676 354
53 20 2.4 -660 356
54 20 2.4 -604 342
55 20 2.4 -616 336
56 20 2.4 -584 324
57 20 2.4 -604 318
58 20 2.4 -576 302
59 20 2.4 -512 274
60 20 2.4 -552 282
61 20 2.4 -548 296
62 20 2.4 -616 288
63 20 2.4 -580 282
64 20 2.4 -644 316
65 20 2.4 -628 328
66 20 2.4 -656 338
67 20 2.4 -640 350
68 20 2.4 -640 340
69 20 2.4 -612 338
70 20 2.4 -656 358
71 20 2.4 -660 362
72 20 2.4 -652 344
73 20 2.4 -616 342
74 20 2.4 -652 340
75 20 2.4 -604 320
76 20 2.4 -564 306
77 20 2.4 -592 318
78 20 2.4 -480 266
79 20 2.4 -452 222
80 20 2.4 -400 190
81 20 2.4 -448 224
82 20 2.4 -436 182
83 20 2.4 -456 210
84 20 2.4 -492 220
85 20 2.4 -448 206
86 20 2.4 -512 202
88 20 2.4 -452 222
89 20 2.4 -496 254
90 20 2.4 -568 252
91 20 2.4 -560 254
92 20 2.4 -552 262
93 20 2.4 -488 232
95 20 2.4 -452 230
96 20 2.4 -440 224
97 20 2.4 -420 210
98 20 2.4 -412 162
99 20 2.4 -448 190
101 20 2.4 -472 150
102 20 2.4 -472 140
103 20 2.4 -448 148
105 20 2.4 -396 132
106 20 2.4 -412 146
107 20 2.4 -408 114
109 20 2.4 -476 108
110 20 2.4 -484 130
112 20 2.4 -452 154
113 20 2.4 -404 150
114 20 2.4 -412 198
116 20 2.4 -512 204
117 20 2.4 -508 194
119 20 2.4 -492 206
120 20 2.4 -444 184
122 20 2.4 -524 184
124 20 2.4 -476 210
125 20 2.4 -460 222
127 20 2.4 -480 224
128 20 2.4 -480 214
130 20 2.4 -532 238
132 20 2.4 -540 260
133 20 2.4 -536 246
135 20 2.4 -492 216
137 20 2.4 -540 210
139 20 2.4 -480 178
140 20 2.4 -476 194
142 20 2.4 -484 210
144 20 2.4 -496 190
146 20 2.4 -464 190
148 20 2.4 -524 208
150 20 2.4 -460 184
152 20 2.4 -500 264
154 20 2.4 -492 240
155 20 2.4 -428 220
157 20 2.4 -560 278
160 20 2.4 -536 258
162 20 2.4 -512 270
164 20 2.4 -560 294
166 20 2.4 -656 330
168 20 2.4 -564 304
170 20 2.4 -620 304
172 20 2.4 -552 276
174 20 2.4 -564 312
177 20 2.4 -584 314
179 20 2.4 -548 298
181 20 2.4 -532 292
184 20 2.4 -540 276
186 20 2.4 -420 194
188 20 2.4 -472 196
191 20 2.4 -524 156
193 20 2.4 -488 144
196 20 2.4 -480 76
198 20 2.4 -464 78
201 20 2.4 -440 84
203 20 2.4 -420 94
206 20 2.4 -412 64
209 20 2.4 -484 68
211 20 2.4 -408 96
214 20 2.4 -472 140
217 20 2.4 -468 122
220 20 2.4 -384 36
222 20 2.4 -360 -40
225 20 2.4 -468 -50
228 20 2.4 -556 -56
231 20 2.4 -504 -44
234 20 2.4 -452 -66
237 20 2.4 -448 -32
240 20 2.4 -520 -64
243 20 2.4 -456 -66
246 20 2.4 -436 -52
250 20 2.4 -428 -26
253 20 2.4 -424 -38
256 20 2.4 -456 40
259 20 2.4 -432 34
263 20 2.4 -472 70
266 20 2.4 -436 62
269 20 2.4 -468 30
273 20 2.4 -456 82
276 20 2.4 -500 76
280 20 2.4 -484 48
284 20 2.4 -480 52
287 20 2.4 -480 86
291 20 2.4 -484 114
295 20 2.4 -392 54
298 20 2.4 -412 58
302 20 2.4 -404 84
306 20 2.4 -436 120
310 20 2.4 -508 224
314 20 2.4 -532 240
318 20 2.4 -536 246
322 20 2.4 -448 210
326 20 2.4 -424 210
331 20 2.4 -492 244
335 20 2.4 -536 234
339 20 2.4 -460 230
344 20 2.4 -508 216
348 20 2.4 -400 136
352 20 2.4 -420 88
357 20 2.4 -452 98
362 20 2.4 -436 138
366 20 2.4 -512 160
371 20 2.4 -444 162
376 20 2.4 -456 146
381 20 2.4 -464 218
385 20 2.4 -512 268
390 20 2.4 -484 264
395 20 2.4 -572 292
401 20 2.4 -512 258
406 20 2.4 -552 248
411 20 2.4 -588 278
416 20 2.4 -504 246
422 20 2.4 -544 248
427 20 2.4 -596 276
433 20 2.4 -436 196
438 20 2.4 -472 242
444 20 2.4 -616 322
449 20 2.4 -572 312
455 20 2.4 -496 300
461 20 2.4 -516 264
467 20 2.4 -460 224
473 20 2.4 -552 286
479 20 2.4 -500 260
485 20 2.4 -560 282
492 20 2.4 -528 266
498 20 2.4 -484 242
504 20 2.4 -492 196
511 20 2.4 -492 166
517 20 2.4 -460 142
524 20 2.4 -488 70
531 20 2.4 -388 32
538 20 2.4 -476 208
545 20 2.4 -524 248
552 20 2.4 -568 324
559 20 2.4 -572 296
566 20 2.4 -568 298
573 20 2.4 -572 318
581 20 2.4 -516 280
588 20 2.4 -596 306
596 20 2.4 -628 268
603 20 2.4 -552 232
611 20 2.4 -520 240
619 20 2.4 -564 256
627 20 2.4 -564 292
635 20 2.4 -504 218
643 20 2.4 -516 258
652 20 2.4 -568 288
660 20 2.4 -436 182
668 20 2.4 -408 154
677 20 2.4 -460 198
686 20 2.4 -476 138
695 20 2.4 -448 170
704 20 2.4 -508 250
713 20 2.4 -504 200
722 20 2.4 -472 260
731 20 2.4 -448 216
741 20 2.4 -532 280
750 20 2.4 -532 296
760 20 2.4 -536 242
770 20 2.4 -524 232
780 20 2.4 -452 212
790 20 2.4 -480 256
800 20 2.4 -452 176
810 20 2.4 -548 156
821 20 2.4 -424 160
831 20 2.4 -536 292
842 20 2.4 -560 280
853 20 2.4 -452 238
864 20 2.4 -528 238
875 20 2.4 -436 158
886 20 2.4 -524 160
897 20 2.4 -484 162
909 20 2.4 -512 176
921 20 2.4 -560 198
933 20 2.4 -520 208
945 20 2.4 -520 252
957 20 2.4 -512 166
969 20 2.4 -500 170
982 20 2.4 -472 178
994 20 2.4 -612 300
1007 20 2.4 -516 212
1020 20 2.4 -496 242
1033 20 2.4 -484 248
1047 20 2.4 -472 196
1060 20 2.4 -460 190
1074 20 2.4 -484 212
1088 20 2.4 -432 232
1102 20 2.4 -476 224
1116 20 2.4 -528 286
1130 20 2.4 -600 328
1145 20 2.4 -468 188
1160 20 2.4 -440 148
1174 20 2.4 -448 106
1190 20 2.4 -436 10
1205 20 2.4 -480 -82
1220 20 2.4 -376 -32
1236 20 2.4 -452 -40
1252 20 2.4 -476 6
1268 20 2.4 -496 42
1285 20 2.4 -480 112
1301 20 2.4 -548 254
1318 20 2.4 -504 156
1335 20 2.4 -572 220
1352 20 2.4 -576 324
1370 20 2.4 -576 316
1387 20 2.4 -380 54
1405 20 2.4 -536 118
1423 20 2.4 -404 60
1442 20 2.4 -472 -62
1460 20 2.4 -484 74
1479 20 2.4 -448 130
1498 20 2.4 -556 122
1517 20 2.4 -500 -10
1537 20 2.4 -432 150
1557 20 2.4 -448 -76
1577 20 2.4 -452 -84
1597 20 2.4 -472 -90
1618 20 2.4 -508 -98
1639 20 2.4 -456 -98
1660 20 2.4 -484 -180
1681 20 2.4 -552 -262
1703 20 2.4 -416 -44
1725 20 2.4 -464 -124
1747 20 2.4 -516 -30
1770 20 2.4 -464 -148
1792 20 2.4 -552 -266
1816 20 2.4 -452 -170
1839 20 2.4 -484 -186
1863 20 2.4 -536 -256
1887 20 2.4 -592 -322
1911 20 2.4 -564 -310
1936 20 2.4 -592 -310
1961 20 2.4 -500 -256
1986 20 2.4 -456 -248
2012 20 2.4 -504 -166
2037 20 2.4 -508 -202
2064 20 2.4 -620 -330
2090 20 2.4 -572 -298
2117 20 2.4 -572 -308
2145 20 2.4 -512 -284
2172 20 2.4 -532 -214
2200 20 2.4 -488 -234
2229 20 2.4 -572 -312
2257 20 2.4 -464 -212
2286 20 2.4 -512 -250
2316 20 2.4 -512 -278
2346 20 2.4 -472 -184
2376 20 2.4 -500 -156
2407 20 2.4 -472 -28
2438 20 2.4 -444 -130
2469 20 2.4 -400 -8
2501 20 2.4 -436 22
2533 20 2.4 -472 -130
2566 20 2.4 -408 -120
2599 20 2.4 -468 12
2633 20 2.4 -484 46
2667 20 2.4 -404 60
2701 20 2.4 -440 166
2736 20 2.4 -468 194
2771 20 2.4 -516 192
2807 20 2.4 -616 330
2843 20 2.4 -468 140
2880 20 2.4 -444 170
2917 20 2.4 -572 272
2954 20 2.4 -396 162
2992 20 2.4 -580 276
3031 20 2.4 -584 300
3070 20 2.4 -516 222
3110 20 2.4 -476 80
3150 20 2.4 -456 80
3190 20 2.4 -516 194
3232 20 2.4 -480 196
3273 20 2.4 -440 218
3315 20 2.4 -576 306
3358 20 2.4 -488 84
3402 20 2.4 -596 312
3445 20 2.4 -388 70
3490 20 2.4 -496 252
3535 20 2.4 -520 238
3580 20 2.4 -468 234
3627 20 2.4 -468 164
3673 20 2.4 -452 -20
3721 20 2.4 -408 -114
3769 20 2.4 -448 188
3817 20 2.4 -520 276
3867 20 2.4 -404 154
3916 20 2.4 -488 156
3967 20 2.4 -468 98
4018 20 2.4 -360 -110
4070 20 2.4 -612 -324
4122 20 2.4 -468 -192
4176 20 2.4 -484 -228
4229 20 2.4 -480 -112
4284 20 2.4 -508 -52
4339 20 2.4 -404 -26
4395 20 2.4 -508 214
4452 20 2.4 -460 162
4509 20 2.4 -500 248
4567 20 2.4 -484 142
4626 20 2.4 -516 262
4686 20 2.4 -632 336
4746 20 2.4 -588 302
4808 20 2.4 -544 280
4870 20 2.4 -480 240
4932 20 2.4 -516 178
4996 20 2.4 -544 274
5060 20 2.4 -500 114
5126 20 2.4 -440 -64
5192 20 2.4 -536 -98
5259 20 2.4 -484 -172
5327 20 2.4 -624 -338
5395 20 2.4 -548 -298
5465 20 2.4 -660 -354
5535 20 2.4 -432 -62
5607 20 2.4 -568 -218
5679 20 2.4 -472 -254
5752 20 2.4 -308 -4
5826 20 2.4 -476 -110
5902 20 2.4 -540 -230
5978 20 2.4 -448 104
6055 20 2.4 -424 -168
6133 20 2.4 -400 58
6212 20 2.4 -460 -166
6292 20 2.4 -472 -234
6373 20 2.4 -456 -90
6455 20 2.4 -508 -274
6539 20 2.4 -592 -326
6623 20 2.4 -552 -258
6708 20 2.4 -524 -166
6795 20 2.4 -392 150
6883 20 2.4 -460 48
6971 20 2.4 -380 8
7061 20 2.4 -648 -340
7152 20 2.4 -500 -114
7245 20 2.4 -444 -82
7338 20 2.4 -580 302
7433 20 2.4 -584 286
7529 20 2.4 -576 304
7626 20 2.4 -528 268
7724 20 2.4 -528 104
7824 20 2.4 -508 224
7925 20 2.4 -584 314
8027 20 2.4 -560 290
8130 20 2.4 -528 270
8235 20 2.4 -516 160
8341 20 2.4 -480 110
8449 20 2.4 -528 260
8558 20 2.4 -508 274
8668 20 2.4 -476 54
8780 20 2.4 -568 -300
8893 20 2.4 -496 -172
9008 20 2.4 -492 -162
9124 20 2.4 -484 -184
9242 20 2.4 -580 -290
9361 20 2.4 -464 -176
9482 20 2.4 -408 -90
9604 20 2.4 -428 -114
9728 20 2.4 -436 -178
9853 20 2.4 -512 -212
9980 20 2.4 -512 -256
10109 20 2.4 -456 -68
10240 20 2.4 -412 -18
10372 20 2.4 -516 204
10505 20 2.4 -552 294
10641 20 2.4 -456 238
10778 20 2.4 -496 50
10917 20 2.4 -496 144
11058 20 2.4 -500 234
11201 20 2.4 -528 280
11345 20 2.4 -432 156
11491 20 2.4 -552 -140
11640 20 2.4 -468 -208
11790 20 2.4 -564 -324
11942 20 2.4 -504 152
12096 20 2.4 -540 158
12252 20 2.4 -404 146
12410 20 2.4 -560 -234
12570 20 2.4 -508 -236
12732 20 2.4 -524 -286
12896 20 2.4 -552 -252
13062 20 2.4 -444 110
13231 20 2.4 -504 76
13402 20 2.4 -460 216
13574 20 2.4 -496 184
13750 20 2.4 -600 314
13927 20 2.4 -488 220
14106 20 2.4 -452 -86
14288 20 2.4 -476 -136
14473 20 2.4 -504 236
14659 20 2.4 -532 212
14848 20 2.4 -568 310
15040 20 2.4 -520 118
15234 20 2.4 -488 -178
15430 20 2.4 -492 -282
15629 20 2.4 -536 -204
15831 20 2.4 -604 -324
16035 20 2.4 -484 -250
16242 20 2.4 -516 -222
16451 20 2.4 -352 -122
16664 20 2.4 -428 -18
16879 20 2.4 -432 30
17096 20 2.4 -512 166
17317 20 2.4 -560 -304
17540 20 2.4 -440 10
17766 20 2.4 -504 62
17995 20 2.4 -576 310
18228 20 2.4 -492 260
18463 20 2.4 -468 212
18701 20 2.4 -452 142
18942 20 2.4 -484 -100
19186 20 2.4 -504 -200
19434 20 2.4 -492 -136
19684 20 2.4 -488 160
19938 20 2.4 -504 164
20195 20 2.4 -448 158
20456 20 2.4 -528 236
20720 20 2.4 -460 158
20987 20 2.4 -516 280
21258 20 2.4 -596 326
21532 20 2.4 -508 240
21810 20 2.4 -480 212
22091 20 2.4 -516 230
22376 20 2.4 -504 114
22664 20 2.4 -520 -124
22957 20 2.4 -488 254
23253 20 2.4 -588 -308
23553 20 2.4 -472 -278
23856 20 2.4 -564 -272
24164 20 2.4 -504 236
24476 20 2.4 -536 292
24791 20 2.4 -448 112
25111 20 2.4 -600 314
25435 20 2.4 -424 170
25763 20 2.4 -532 256
26095 20 2.4 -500 216
26432 20 2.4 -496 176
26773 20 2.4 -512 176
27118 20 2.4 -424 -202
27468 20 2.4 -460 46
27822 20 2.4 -496 80
28181 20 2.4 -556 230
28545 20 2.4 -488 258
28913 20 2.4 -476 236
29286 20 2.4 -488 10
29663 20 2.4 -424 160
30046 20 2.4 -556 248
30434 20 2.4 -452 192
30826 20 2.4 -540 292
31224 20 2.4 -492 250
31626 20 2.4 -420 -82
32034 20 2.4 -412 -86
32447 20 2.4 -548 -270
32866 20 2.4 -428 -198
33290 20 2.4 -556 -290
33719 20 2.4 -420 182
34154 20 2.4 -584 -276
34595 20 2.4 -532 -276
35041 20 2.4 -500 -120
35493 20 2.4 -380 -26
35951 20 2.4 -464 -232
36414 20 2.4 -644 -344
36884 20 2.4 -536 -256
37360 20 2.4 -536 -232
37841 20 2.4 -484 -184
38330 20 2.4 -560 -304
38824 20 2.4 -572 -292
39325 20 2.4 -508 -242
39832 20 2.4 -472 -248
40346 20 2.4 -384 -34
40866 20 2.4 -384 114
41393 20 2.4 -548 -242
41927 20 2.4 -488 272
42468 20 2.4 -508 -274
43015 20 2.4 -524 -274
43570 20 2.4 -564 288
44132 20 2.4 -648 346
44701 20 2.4 -500 -196
45278 20 2.4 -492 -274
45862 20 2.4 -468 208
46453 20 2.4 -456 90
47053 20 2.4 -536 268
47660 20 2.4 -528 90
48274 20 2.4 -496 -208
48897 20 2.4 -444 174
49528 20 2.4 -468 -50
50166 20 2.4 -496 266
50813 20 2.4 -528 268
51469 20 2.4 -508 -28
52133 20 2.4 -548 -284
52805 20 2.4 -492 252
53486 20 2.4 -420 30
54176 20 2.4 -528 -226
54875 20 2.4 -492 212
55582 20 2.4 -500 -264
56299 20 2.4 -512 -214
57025 20 2.4 -544 252
57761 20 2.4 -460 -126
58506 20 2.4 -440 -66
59261 20 2.4 -640 -350
60025 20 2.4 -568 -284
60799 20 2.4 -500 186
61583 20 2.4 -516 -98
62378 20 2.4 -448 -86
63182 20 2.4 -464 174
63997 20 2.4 -464 62
64822 20 2.4 -392 120
65658 20 2.4 -472 36
66505 20 2.4 -424 -12
67363 20 2.4 -512 -124
68232 20 2.4 -440 144
69112 20 2.4 -432 214
70003 20 2.4 -536 -296
70906 20 2.4 -480 -150
71821 20 2.4 -528 -212
72747 20 2.4 -424 168
73685 20 2.4 -508 -274
74636 20 2.4 -532 232
75599 20 2.4 -484 -154
76574 20 2.4 -388 -176
77561 20 2.4 -628 -342
78562 20 2.4 -436 -8
79575 20 2.4 -460 140
80601 20 2.4 -492 -240
81641 20 2.4 -464 -122
82694 20 2.4 -456 18
83760 20 2.4 -508 274
84841 20 2.4 -704 374
85935 20 2.4 -440 38
87043 20 2.4 -440 78
88166 20 2.4 -540 -256
89303 20 2.4 -392 4
90455 20 2.4 -468 228
91622 20 2.4 -428 -54
92803 20 2.4 -412 136
94000 20 2.4 -524 -252
95213 20 2.4 -488 -186
96441 20 2.4 -492 -178
97685 20 2.4 -472 -156
98945 20 2.4 -420 70
100221 20 2.4 -512 -148
101513 20 2.4 -504 180
102823 20 2.4 -548 256
104149 20 2.4 -444 222
105492 20 2.4 -612 344
106853 20 2.4 -456 142
108231 20 2.4 -540 278
109627 20 2.4 -420 -14
111041 20 2.4 -628 -326
112473 20 2.4 -580 320
113924 20 2.4 -612 338
115393 20 2.4 -492 238
116882 20 2.4 -500 -50
118389 20 2.4 -516 -176
119916 20 2.4 -492 120
121463 20 2.4 -612 -276
123029 20 2.4 -500 -230
124616 20 2.4 -520 -276
126224 20 2.4 -500 -218
127852 20 2.4 -528 248
129501 20 2.4 -468 -116
131171 20 2.4 -444 -196
132863 20 2.4 -540 -286
134576 20 2.4 -444 -248
136312 20 2.4 -500 250
138070 20 2.4 -568 308
139851 20 2.4 -468 -206
141655 20 2.4 -532 110
143482 20 2.4 -448 -182
145333 20 2.4 -476 -246
147207 20 2.4 -476 -92
149106 20 2.4 -504 216
151029 20 2.4 -452 -208
152977 20 2.4 -492 -144
154950 20 2.4 -544 -264
156948 20 2.4 -500 -82
158973 20 2.4 -544 304
161023 20 2.4 -476 202
163100 20 2.4 -464 -184
165204 20 2.4 -536 -96
167334 20 2.4 -424 -208
169493 20 2.4 -536 136
171679 20 2.4 -576 -316
173893 20 2.4 -480 -44
176136 20 2.4 -504 -148
178408 20 2.4 -424 -4
180709 20 2.4 -440 -144
183040 20 2.4 -396 82
185400 20 2.4 -472 204
187792 20 2.4 -452 4
190214 20 2.4 -516 230
192667 20 2.4 -444 -64
195152 20 2.4 -444 -74
197669 20 2.4 -484 184
200219 20 2.4 -488 -242
202801 20 2.4 -532 270
205417 20 2.4 -408 -132
208066 20 2.4 -432 50
210750 20 2.4 -412 56
213468 20 2.4 -552 284
216222 20 2.4 -464 190
219010 20 2.4 -580 288
221835 20 2.4 -596 -286
224696 20 2.4 -440 -64
227595 20 2.4 -480 -188
230530 20 2.4 -408 18
233503 20 2.4 -476 -238
236515 20 2.4 -420 168
239566 20 2.4 -568 -298
242656 20 2.4 -476 -192
245785 20 2.4 -520 -278
248956 20 2.4 -568 -300
252167 20 2.4 -476 48
255419 20 2.4 -464 -60
258713 20 2.4 -468 0
262050 20 2.4 -576 278
265430 20 2.4 -488 202
268854 20 2.4 -476 148
272321 20 2.4 -460 -150
275834 20 2.4 -520 -216
279391 20 2.4 -516 -272
282995 20 2.4 -468 -6
286645 20 2.4 -412 98
290342 20 2.4 -460 -218
294087 20 2.4 -496 -50
297880 20 2.4 -484 170
301722 20 2.4 -600 280
305614 20 2.4 -380 -26
309556 20 2.4 -476 -172
313548 20 2.4 -460 -120
317592 20 2.4 -488 266
321689 20 2.4 -592 -280
325838 20 2.4 -520 -244
330040 20 2.4 -580 -288
334297 20 2.4 -504 224
338609 20 2.4 -448 -194
342976 20 2.4 -520 206
347400 20 2.4 -532 216
351881 20 2.4 -436 -146
356419 20 2.4 -552 296
361016 20 2.4 -472 -30
365673 20 2.4 -520 190
370389 20 2.4 -560 -284
375167 20 2.4 -496 -228
380005 20 2.4 -436 110
384907 20 2.4 -464 216
389871 20 2.4 -448 -226
394900 20 2.4 -488 -160
399993 20 2.4 -420 -22
405152 20 2.4 -484 -246
410378 20 2.4 -536 252
415671 20 2.4 -564 -320
421032 20 2.4 -512 196
426463 20 2.4 -460 126
431963 20 2.4 -552 -288
437535 20 2.4 -476 -272
443178 20 2.4 -368 52
448894 20 2.4 -532 12
454684 20 2.4 -468 186
460548 20 2.4 -552 -286
466489 20 2.4 -432 84
472505 20 2.4 -472 -160
478600 20 2.4 -436 -222
484773 20 2.4 -480 -72
491025 20 2.4 -504 172
497358 20 2.4 -624 -338
503773 20 2.4 -520 -224
510271 20 2.4 -492 236
516852 20 2.4 -464 -12
523519 20 2.4 -528 -292
530271 20 2.4 -504 160
537111 20 2.4 -456 38
544038 20 2.4 -628 -344
551055 20 2.4 -548 -300
558163 20 2.4 -552 292
565362 20 2.4 -504 22
572654 20 2.4 -568 -314
580040 20 2.4 -544 -270
587521 20 2.4 -484 -194
595099 20 2.4 -500 238
602775 20 2.4 -492 208
610549 20 2.4 -428 224
618424 20 2.4 -576 312
626400 20 2.4 -612 324
634480 20 2.4 -492 246
642663 20 2.4 -572 308
650952 20 2.4 -520 -256
659348 20 2.4 -480 50
667853 20 2.4 -524 -186
676467 20 2.4 -460 200
685192 20 2.4 -636 336
694029 20 2.4 -372 110
702981 20 2.4 -548 304
712048 20 2.4 -532 292
721232 20 2.4 -452 174
730534 20 2.4 -460 -78
739957 20 2.4 -540 -106
749500 20 2.4 -572 -312
759168 20 2.4 -448 196
768959 20 2.4 -472 -148
778877 20 2.4 -472 -198
788923 20 2.4 -592 326
799099 20 2.4 -544 250
809405 20 2.4 -472 176
819845 20 2.4 -540 236
830419 20 2.4 -540 -178
841130 20 2.4 -424 -136
851979 20 2.4 -588 -264
862968 20 2.4 -548 266
874098 20 2.4 -500 272
885373 20 2.4 -500 -230
896792 20 2.4 -460 24
908359 20 2.4 -488 -172
920075 20 2.4 -480 -18
931942 20 2.4 -532 248
943962 20 2.4 -496 -212
956137 20 2.4 -552 -270
968470 20 2.4 -492 -258
980961 20 2.4 -504 -18
993613 20 2.4 -500 258
999999 20 2.4 -516 222
