3 140 2.2 -33972 17958
4 140 2.2 -33144 17656
5 140 2.2 -32448 17362
6 140 2.2 -31712 16924
7 140 2.2 -31740 16894
8 140 2.2 -31732 16864
9 140 2.2 -31848 16910
10 140 2.2 -31508 16800
11 140 2.2 -31528 16720
12 140 2.2 -31520 16736
13 140 2.2 -31752 16762
14 140 2.2 -31624 16656
15 140 2.2 -31080 16398
16 140 2.2 -31328 16476
17 140 2.2 -31200 16556
18 140 2.2 -31476 16552
19 140 2.2 -31168 16410
20 140 2.2 -31012 16408
21 140 2.2 -30692 16148
22 140 2.2 -30816 16166
23 140 2.2 -30932 16146
24 140 2.2 -30944 16154
25 140 2.2 -30616 16062
26 140 2.2 -30828 16118
27 140 2.2 -30792 16050
28 140 2.2 -30976 16094
29 140 2.2 -31104 16138
30 140 2.2 -31132 16108
31 140 2.2 -30704 16004
32 140 2.2 -30784 15936
33 140 2.2 -30828 15942
34 140 2.2 -30420 15812
35 140 2.2 -30608 15810
36 140 2.2 -30460 15894
37 140 2.2 -30312 15790
38 140 2.2 -30428 15788
39 140 2.2 -30496 15872
40 140 2.2 -30544 15790
41 140 2.2 -30620 15902
42 140 2.2 -30652 15984
43 140 2.2 -30440 15872
44 140 2.2 -30316 15762
45 140 2.2 -30176 15586
46 140 2.2 -29992 15498
47 140 2.2 -30268 15596
48 140 2.2 -30124 15600
49 140 2.2 -30392 15648
50 140 2.2 -30352 15616
51 140 2.2 -30884 15750
52 140 2.2 -30540 15670
53 140 2.2 -30636 15680
54 140 2.2 -30380 15662
55 140 2.2 -30240 15636
56 140 2.2 -30096 15546
57 140 2.2 -30716 15816
58 140 2.2 -30420 15772
59 140 2.2 -30500 15766
60 140 2.2 -30316 15638
61 140 2.2 -30384 15638
62 140 2.2 -30472 15562
63 140 2.2 -30876 15832
64 140 2.2 -30948 15882
65 140 2.2 -30860 15894
66 140 2.2 -30524 15800
67 140 2.2 -30700 15818
68 140 2.2 -30732 15862
69 140 2.2 -30504 15928
70 140 2.2 -30580 15838
71 140 2.2 -30392 15842
72 140 2.2 -30536 15962
73 140 2.2 -30264 15850
74 140 2.2 -30264 15752
75 140 2.2 -30616 15884
76 140 2.2 -30448 15882
77 140 2.2 -30992 16006
78 140 2.2 -31128 16066
79 140 2.2 -31080 16124
80 140 2.2 -30976 16146
81 140 2.2 -30748 16024
82 140 2.2 -30756 16114
83 140 2.2 -30512 15974
84 140 2.2 -30660 15942
85 140 2.2 -30616 15934
86 140 2.2 -30672 15920
88 140 2.2 -30936 15998
89 140 2.2 -30928 15988
90 140 2.2 -30912 15958
91 140 2.2 -30908 15928
92 140 2.2 -30988 16000
93 140 2.2 -30592 15784
95 140 2.2 -30852 15876
96 140 2.2 -30532 15714
97 140 2.2 -30592 15736
98 140 2.2 -30556 15872
99 140 2.2 -30824 15872
101 140 2.2 -31012 15980
102 140 2.2 -30652 15762
103 140 2.2 -30620 15718
105 140 2.2 -30736 15688
106 140 2.2 -30592 15596
107 140 2.2 -30600 15676
109 140 2.2 -30740 15740
110 140 2.2 -30592 15656
112 140 2.2 -30736 15718
113 140 2.2 -30912 15804
114 140 2.2 -30436 15522
116 140 2.2 -30396 15476
117 140 2.2 -30812 15582
119 140 2.2 -30420 15500
120 140 2.2 -30308 15464
122 140 2.2 -30364 15458
124 140 2.2 -30492 15606
125 140 2.2 -30700 15726
127 140 2.2 -30512 15508
128 140 2.2 -30348 15464
130 140 2.2 -30596 15582
132 140 2.2 -30288 15410
133 140 2.2 -30316 15552
135 140 2.2 -30240 15430
137 140 2.2 -29968 15374
139 140 2.2 -30252 15504
140 140 2.2 -30028 15560
142 140 2.2 -30240 15536
144 140 2.2 -30272 15618
146 140 2.2 -30492 15668
148 140 2.2 -30296 15654
150 140 2.2 -30180 15606
152 140 2.2 -30256 15464
154 140 2.2 -30296 15722
155 140 2.2 -30204 15642
157 140 2.2 -30160 15500
160 140 2.2 -30068 15380
162 140 2.2 -30572 15644
164 140 2.2 -30556 15574
166 140 2.2 -30500 15544
168 140 2.2 -29888 15434
170 140 2.2 -30092 15296
172 140 2.2 -30276 15332
174 140 2.2 -30052 15156
177 140 2.2 -30232 15248
179 140 2.2 -29748 15038
181 140 2.2 -30228 15320
184 140 2.2 -30180 15322
186 140 2.2 -30168 15426
188 140 2.2 -30216 15474
191 140 2.2 -29896 15250
193 140 2.2 -30312 15320
196 140 2.2 -30480 15620
198 140 2.2 -30576 15682
201 140 2.2 -30384 15532
203 140 2.2 -30364 15466
206 140 2.2 -29988 15416
209 140 2.2 -30312 15384
211 140 2.2 -29856 15196
214 140 2.2 -30368 15474
217 140 2.2 -30136 15312
220 140 2.2 -30044 15344
222 140 2.2 -30096 15336
225 140 2.2 -30352 15544
228 140 2.2 -30236 15334
231 140 2.2 -30184 15420
234 140 2.2 -30400 15482
237 140 2.2 -30468 15612
240 140 2.2 -30124 15442
243 140 2.2 -30608 15864
246 140 2.2 -30284 15778
250 140 2.2 -30380 15742
253 140 2.2 -30356 15750
256 140 2.2 -30088 15690
259 140 2.2 -30348 15706
263 140 2.2 -30296 15834
266 140 2.2 -30764 15940
269 140 2.2 -30388 15818
273 140 2.2 -30688 15826
276 140 2.2 -30664 15990
280 140 2.2 -30000 15538
284 140 2.2 -30072 15472
287 140 2.2 -30124 15568
291 140 2.2 -30220 15564
295 140 2.2 -30240 15374
298 140 2.2 -30260 15370
302 140 2.2 -29984 15450
306 140 2.2 -30152 15602
310 140 2.2 -29912 15578
314 140 2.2 -30444 15676
318 140 2.2 -30704 15692
322 140 2.2 -30264 15550
326 140 2.2 -30328 15712
331 140 2.2 -30836 15788
335 140 2.2 -30860 15916
339 140 2.2 -30888 15890
344 140 2.2 -30652 15800
348 140 2.2 -30824 15610
352 140 2.2 -30452 15452
357 140 2.2 -30260 15318
362 140 2.2 -30356 15436
366 140 2.2 -30548 15556
371 140 2.2 -30652 15688
376 140 2.2 -30392 15450
381 140 2.2 -30116 15386
385 140 2.2 -29540 15268
390 140 2.2 -30384 15512
395 140 2.2 -30304 15500
401 140 2.2 -30116 15212
406 140 2.2 -29840 15036
411 140 2.2 -30208 15238
416 140 2.2 -29632 14814
422 140 2.2 -30704 15070
427 140 2.2 -30052 14788
433 140 2.2 -29976 14960
438 140 2.2 -30100 14854
444 140 2.2 -29376 14352
449 140 2.2 -30480 14592
455 140 2.2 -29612 14332
461 140 2.2 -29828 14204
467 140 2.2 -29600 14304
473 140 2.2 -29856 14204
479 140 2.2 -29648 14430
485 140 2.2 -30196 14528
492 140 2.2 -28964 14052
498 140 2.2 -29908 14346
504 140 2.2 -29980 14542
511 140 2.2 -30584 14838
517 140 2.2 -30020 14500
524 140 2.2 -30216 14540
531 140 2.2 -29660 14346
538 140 2.2 -29688 14216
545 140 2.2 -29528 14382
552 140 2.2 -30256 14654
559 140 2.2 -29800 14458
566 140 2.2 -30028 14500
573 140 2.2 -29768 14024
581 140 2.2 -30036 13910
588 140 2.2 -29296 13484
596 140 2.2 -29468 13748
603 140 2.2 -29280 13748
611 140 2.2 -29648 14088
619 140 2.2 -29736 14358
627 140 2.2 -30200 14706
635 140 2.2 -29864 14724
643 140 2.2 -29732 14878
652 140 2.2 -29772 14792
660 140 2.2 -30068 14816
668 140 2.2 -30460 14876
677 140 2.2 -30172 14532
686 140 2.2 -29948 14676
695 140 2.2 -30268 14426
704 140 2.2 -30432 14502
713 140 2.2 -29720 14414
722 140 2.2 -29812 14568
731 140 2.2 -30036 14606
741 140 2.2 -30108 15074
750 140 2.2 -30252 15480
760 140 2.2 -30776 15628
770 140 2.2 -30584 15378
780 140 2.2 -30492 15386
790 140 2.2 -30432 15286
800 140 2.2 -29976 15356
810 140 2.2 -30136 15292
821 140 2.2 -29924 15428
831 140 2.2 -30080 15342
842 140 2.2 -30488 15604
853 140 2.2 -30652 15784
864 140 2.2 -30960 15848
875 140 2.2 -30744 15936
886 140 2.2 -30788 15948
897 140 2.2 -30480 15966
909 140 2.2 -30472 15780
921 140 2.2 -30576 15700
933 140 2.2 -29780 14822
945 140 2.2 -30260 14928
957 140 2.2 -30324 15212
969 140 2.2 -30556 15466
982 140 2.2 -30628 15566
994 140 2.2 -30084 15506
1007 140 2.2 -29936 15498
1020 140 2.2 -30208 15548
1033 140 2.2 -30308 15578
1047 140 2.2 -30392 15564
1060 140 2.2 -30664 15822
1074 140 2.2 -30452 15628
1088 140 2.2 -30580 15528
1102 140 2.2 -30204 15642
1116 140 2.2 -30856 15822
1130 140 2.2 -30504 15348
1145 140 2.2 -29900 15158
1160 140 2.2 -30260 15008
1174 140 2.2 -29376 14490
1190 140 2.2 -29568 14862
1205 140 2.2 -30536 15626
1220 140 2.2 -30412 15514
1236 140 2.2 -30240 15574
1252 140 2.2 -30016 15226
1268 140 2.2 -30244 15482
1285 140 2.2 -30436 15434
1301 140 2.2 -29784 14946
1318 140 2.2 -30060 14942
1335 140 2.2 -30284 15306
1352 140 2.2 -30736 15238
1370 140 2.2 -30652 15136
1387 140 2.2 -29760 14572
1405 140 2.2 -29856 14690
1423 140 2.2 -30180 14936
1442 140 2.2 -29612 14574
1460 140 2.2 -29532 14332
1479 140 2.2 -29508 14554
1498 140 2.2 -29944 15488
1517 140 2.2 -30536 15596
1537 140 2.2 -30628 15578
1557 140 2.2 -30252 15110
1577 140 2.2 -30400 15208
1597 140 2.2 -30652 15402
1618 140 2.2 -30264 15338
1639 140 2.2 -30152 14994
1660 140 2.2 -30260 15040
1681 140 2.2 -30244 15042
1703 140 2.2 -30132 14690
1725 140 2.2 -30108 15030
1747 140 2.2 -30272 15064
1770 140 2.2 -30160 15168
1792 140 2.2 -29620 14636
1816 140 2.2 -29576 14694
1839 140 2.2 -30604 15476
1863 140 2.2 -30128 15092
1887 140 2.2 -30456 14932
1911 140 2.2 -30080 14860
1936 140 2.2 -30316 15200
1961 140 2.2 -30584 15194
1986 140 2.2 -30836 15692
2012 140 2.2 -30508 15582
2037 140 2.2 -30188 15142
2064 140 2.2 -30440 15232
2090 140 2.2 -29652 14946
2117 140 2.2 -30104 15268
2145 140 2.2 -30552 15554
2172 140 2.2 -30080 15234
2200 140 2.2 -30148 15416
2229 140 2.2 -30016 15088
2257 140 2.2 -30068 15500
2286 140 2.2 -30420 15876
2316 140 2.2 -30852 16132
2346 140 2.2 -30428 15740
2376 140 2.2 -30172 15288
2407 140 2.2 -30340 14968
2438 140 2.2 -30008 14792
2469 140 2.2 -30152 14886
2501 140 2.2 -29708 14664
2533 140 2.2 -30740 15890
2566 140 2.2 -30564 15576
2599 140 2.2 -30692 15378
2633 140 2.2 -30200 15074
2667 140 2.2 -30928 15600
2701 140 2.2 -30140 15130
2736 140 2.2 -30908 15760
2771 140 2.2 -29924 14944
2807 140 2.2 -30568 15550
2843 140 2.2 -30420 15874
2880 140 2.2 -30356 15648
2917 140 2.2 -30212 15548
2954 140 2.2 -30188 15204
2992 140 2.2 -29696 15060
3031 140 2.2 -30296 15616
3070 140 2.2 -30884 15814
3110 140 2.2 -30632 15854
3150 140 2.2 -29668 14958
3190 140 2.2 -29788 15454
3232 140 2.2 -30012 15104
3273 140 2.2 -30404 15538
3315 140 2.2 -29928 15104
3358 140 2.2 -30632 15866
3402 140 2.2 -30924 16200
3445 140 2.2 -30264 15420
3490 140 2.2 -30448 15628
3535 140 2.2 -29640 15170
3580 140 2.2 -30004 15174
3627 140 2.2 -30152 15698
3673 140 2.2 -30792 15954
3721 140 2.2 -30300 15454
3769 140 2.2 -29832 14832
3817 140 2.2 -30688 15712
3867 140 2.2 -30260 15330
3916 140 2.2 -30096 15546
3967 140 2.2 -30596 15982
4018 140 2.2 -30664 16064
4070 140 2.2 -30016 15316
4122 140 2.2 -30552 15676
4176 140 2.2 -30728 15926
4229 140 2.2 -30232 15642
4284 140 2.2 -30132 15168
4339 140 2.2 -29820 14322
4395 140 2.2 -29224 13834
4452 140 2.2 -30032 14880
4509 140 2.2 -30208 14678
4567 140 2.2 -30776 14900
4626 140 2.2 -29672 14338
4686 140 2.2 -29992 15088
4746 140 2.2 -30028 14954
4808 140 2.2 -30624 15076
4870 140 2.2 -30644 14960
4932 140 2.2 -29976 14836
4996 140 2.2 -30768 14846
5060 140 2.2 -30580 15448
5126 140 2.2 -30276 15324
5192 140 2.2 -30436 15328
5259 140 2.2 -30072 14686
5327 140 2.2 -30012 14826
5395 140 2.2 -30600 14920
5465 140 2.2 -29856 14344
5535 140 2.2 -30096 14886
5607 140 2.2 -29800 14514
5679 140 2.2 -30608 15454
5752 140 2.2 -30356 15630
5826 140 2.2 -30280 15892
5902 140 2.2 -29816 14964
5978 140 2.2 -29880 14850
6055 140 2.2 -29988 14862
6133 140 2.2 -30300 15680
6212 140 2.2 -30964 16220
6292 140 2.2 -30372 15474
6373 140 2.2 -30052 14872
6455 140 2.2 -29816 15280
6539 140 2.2 -30648 15692
6623 140 2.2 -30468 15502
6708 140 2.2 -30256 15468
6795 140 2.2 -30524 15712
6883 140 2.2 -30888 15716
6971 140 2.2 -30504 15670
7061 140 2.2 -30160 15578
7152 140 2.2 -30532 15610
7245 140 2.2 -31208 16096
7338 140 2.2 -30440 15444
7433 140 2.2 -30768 15944
7529 140 2.2 -30176 14988
7626 140 2.2 -29720 15078
7724 140 2.2 -29728 14568
7824 140 2.2 -30416 15550
7925 140 2.2 -30232 15180
8027 140 2.2 -29532 14532
8130 140 2.2 -30444 15610
8235 140 2.2 -29888 15152
8341 140 2.2 -30704 15474
8449 140 2.2 -30192 15230
8558 140 2.2 -30444 15282
8668 140 2.2 -30212 15246
8780 140 2.2 -30452 15570
8893 140 2.2 -29708 15250
9008 140 2.2 -30392 15382
9124 140 2.2 -29516 14562
9242 140 2.2 -30604 15864
9361 140 2.2 -30288 15574
9482 140 2.2 -30656 15670
9604 140 2.2 -30300 15298
9728 140 2.2 -30360 15558
9853 140 2.2 -30552 15332
9980 140 2.2 -30592 15334
10109 140 2.2 -29076 13548
10240 140 2.2 -29956 14098
10372 140 2.2 -30504 15700
10505 140 2.2 -29984 15076
10641 140 2.2 -29780 14812
10778 140 2.2 -30012 15358
10917 140 2.2 -30028 15334
11058 140 2.2 -30456 15296
11201 140 2.2 -30012 15178
11345 140 2.2 -29844 15216
11491 140 2.2 -30660 15586
11640 140 2.2 -29732 14698
11790 140 2.2 -30304 15336
11942 140 2.2 -29872 15376
12096 140 2.2 -30040 14862
12252 140 2.2 -30348 15690
12410 140 2.2 -30300 14904
12570 140 2.2 -30188 15202
12732 140 2.2 -30032 15128
12896 140 2.2 -30388 15718
13062 140 2.2 -30300 15538
13231 140 2.2 -30936 16112
13402 140 2.2 -29696 14826
13574 140 2.2 -30340 15270
13750 140 2.2 -30008 15268
13927 140 2.2 -30232 15378
14106 140 2.2 -29840 14706
14288 140 2.2 -30824 15626
14473 140 2.2 -30548 15658
14659 140 2.2 -29776 14614
14848 140 2.2 -29952 14760
15040 140 2.2 -30004 15316
15234 140 2.2 -30188 15342
15430 140 2.2 -30020 15594
15629 140 2.2 -29912 15050
15831 140 2.2 -30244 14338
16035 140 2.2 -30180 14352
16242 140 2.2 -30008 14808
16451 140 2.2 -30412 15056
16664 140 2.2 -30580 15714
16879 140 2.2 -30576 15712
17096 140 2.2 -30848 16046
17317 140 2.2 -30248 15246
17540 140 2.2 -30360 15436
17766 140 2.2 -30484 15578
17995 140 2.2 -30064 15210
18228 140 2.2 -30224 15540
18463 140 2.2 -30320 15534
18701 140 2.2 -29976 15506
18942 140 2.2 -30808 15652
19186 140 2.2 -30124 15174
19434 140 2.2 -30328 15280
19684 140 2.2 -30708 15948
19938 140 2.2 -30672 15628
20195 140 2.2 -30452 15632
20456 140 2.2 -30276 15480
20720 140 2.2 -30240 15592
20987 140 2.2 -29956 15048
21258 140 2.2 -30392 15232
21532 140 2.2 -30284 15756
21810 140 2.2 -30484 15890
22091 140 2.2 -30080 15540
22376 140 2.2 -30000 15202
22664 140 2.2 -30680 15686
22957 140 2.2 -30080 15206
23253 140 2.2 -31056 15922
23553 140 2.2 -30552 15744
23856 140 2.2 -29804 15400
24164 140 2.2 -30512 15600
24476 140 2.2 -30172 14712
24791 140 2.2 -30072 14588
25111 140 2.2 -29628 14756
25435 140 2.2 -30796 16030
25763 140 2.2 -30604 15930
26095 140 2.2 -30632 15942
26432 140 2.2 -30028 15562
26773 140 2.2 -29768 14000
27118 140 2.2 -29408 14402
27468 140 2.2 -29916 14548
27822 140 2.2 -30068 14762
28181 140 2.2 -30912 15654
28545 140 2.2 -30680 15388
28913 140 2.2 -30456 15598
29286 140 2.2 -29832 14988
29663 140 2.2 -29924 15184
30046 140 2.2 -30704 15778
30434 140 2.2 -30524 15950
30826 140 2.2 -30356 15264
31224 140 2.2 -30396 15436
31626 140 2.2 -30888 16064
32034 140 2.2 -30220 15366
32447 140 2.2 -30088 15142
32866 140 2.2 -30620 15784
33290 140 2.2 -30760 15810
33719 140 2.2 -29504 14858
34154 140 2.2 -29736 15224
34595 140 2.2 -30744 15644
35041 140 2.2 -30228 15252
35493 140 2.2 -30120 15044
35951 140 2.2 -30376 15704
36414 140 2.2 -29984 15358
36884 140 2.2 -30136 15512
37360 140 2.2 -30708 15762
37841 140 2.2 -30368 15598
38330 140 2.2 -29432 15176
38824 140 2.2 -29072 12298
39325 140 2.2 -29868 14928
39832 140 2.2 -29512 14326
40346 140 2.2 -29936 15058
40866 140 2.2 -30528 15580
41393 140 2.2 -30468 15684
41927 140 2.2 -31136 16124
42468 140 2.2 -30256 15600
43015 140 2.2 -30012 15262
43570 140 2.2 -30516 15548
44132 140 2.2 -30032 15160
44701 140 2.2 -30000 15048
45278 140 2.2 -31000 16104
45862 140 2.2 -30412 15478
46453 140 2.2 -30356 15476
47053 140 2.2 -30900 16124
47660 140 2.2 -30428 15476
48274 140 2.2 -30844 15742
48897 140 2.2 -30496 15592
49528 140 2.2 -30228 15378
50166 140 2.2 -29868 15368
50813 140 2.2 -30368 15484
51469 140 2.2 -30444 15576
52133 140 2.2 -30324 15308
52805 140 2.2 -30308 15482
53486 140 2.2 -29900 14736
54176 140 2.2 -30428 15486
54875 140 2.2 -30544 15734
55582 140 2.2 -29960 15504
56299 140 2.2 -30228 15374
57025 140 2.2 -30280 14894
57761 140 2.2 -30392 15714
58506 140 2.2 -30472 15216
59261 140 2.2 -30028 15108
60025 140 2.2 -30020 15714
60799 140 2.2 -30588 15658
61583 140 2.2 -29768 14400
62378 140 2.2 -30252 15316
63182 140 2.2 -30644 15628
63997 140 2.2 -30144 15358
64822 140 2.2 -30228 15304
65658 140 2.2 -29924 15410
66505 140 2.2 -30528 15432
67363 140 2.2 -29880 15290
68232 140 2.2 -30252 15390
69112 140 2.2 -30368 15164
70003 140 2.2 -30096 15044
70906 140 2.2 -30080 14708
71821 140 2.2 -30104 15164
72747 140 2.2 -30380 15400
73685 140 2.2 -30168 15398
74636 140 2.2 -29648 15026
75599 140 2.2 -30228 15268
76574 140 2.2 -30268 15220
77561 140 2.2 -29980 15210
78562 140 2.2 -30772 15616
79575 140 2.2 -30204 15208
80601 140 2.2 -30768 15902
81641 140 2.2 -30772 15810
82694 140 2.2 -30324 15270
83760 140 2.2 -29940 15030
84841 140 2.2 -30072 14940
85935 140 2.2 -30228 15750
87043 140 2.2 -29716 15234
88166 140 2.2 -30016 15162
89303 140 2.2 -30060 14940
90455 140 2.2 -29772 14980
91622 140 2.2 -29896 15212
92803 140 2.2 -30020 14748
94000 140 2.2 -30828 15952
95213 140 2.2 -30724 16150
96441 140 2.2 -30276 15350
97685 140 2.2 -29972 15074
98945 140 2.2 -30356 15362
100221 140 2.2 -29852 15090
101513 140 2.2 -30344 15484
102823 140 2.2 -30728 15494
104149 140 2.2 -29844 15196
105492 140 2.2 -30220 15210
106853 140 2.2 -30520 15742
108231 140 2.2 -30676 15392
109627 140 2.2 -30432 15752
111041 140 2.2 -29524 14814
112473 140 2.2 -30664 15854
113924 140 2.2 -30296 15492
115393 140 2.2 -30436 15912
116882 140 2.2 -30876 15978
118389 140 2.2 -29768 15004
119916 140 2.2 -30476 15592
121463 140 2.2 -29768 14850
123029 140 2.2 -30420 15830
124616 140 2.2 -30412 15190
126224 140 2.2 -31128 16140
127852 140 2.2 -30312 15144
129501 140 2.2 -29976 14822
131171 140 2.2 -30680 15530
132863 140 2.2 -30168 15368
134576 140 2.2 -30524 15746
136312 140 2.2 -29884 15254
138070 140 2.2 -29880 14906
139851 140 2.2 -29880 15052
141655 140 2.2 -30696 15584
143482 140 2.2 -29676 14250
145333 140 2.2 -29768 14328
147207 140 2.2 -30384 15638
149106 140 2.2 -30428 15434
151029 140 2.2 -30956 16270
152977 140 2.2 -29824 14816
154950 140 2.2 -30716 15876
156948 140 2.2 -30180 15262
158973 140 2.2 -30652 15800
161023 140 2.2 -30340 15396
163100 140 2.2 -29688 14588
165204 140 2.2 -29804 15108
167334 140 2.2 -30260 15296
169493 140 2.2 -30144 14878
171679 140 2.2 -30788 15604
173893 140 2.2 -30912 15718
176136 140 2.2 -30528 15600
178408 140 2.2 -30792 15938
180709 140 2.2 -29856 14776
183040 140 2.2 -30600 15644
185400 140 2.2 -29944 15004
187792 140 2.2 -30628 15482
190214 140 2.2 -30376 15658
192667 140 2.2 -29664 14282
195152 140 2.2 -30456 15828
197669 140 2.2 -29672 14558
200219 140 2.2 -30128 15268
202801 140 2.2 -30208 15160
205417 140 2.2 -30836 15936
208066 140 2.2 -30400 15730
210750 140 2.2 -30700 15106
213468 140 2.2 -30264 15354
216222 140 2.2 -30640 15704
219010 140 2.2 -30400 15720
221835 140 2.2 -30068 15158
224696 140 2.2 -30032 14904
227595 140 2.2 -29788 15384
230530 140 2.2 -30588 15712
233503 140 2.2 -30868 16098
236515 140 2.2 -30056 14888
239566 140 2.2 -30084 14976
242656 140 2.2 -29668 14442
245785 140 2.2 -30812 15960
248956 140 2.2 -30508 15728
252167 140 2.2 -30608 15796
255419 140 2.2 -30732 15972
258713 140 2.2 -29552 15064
262050 140 2.2 -30376 15404
265430 140 2.2 -30116 14876
268854 140 2.2 -29768 15348
272321 140 2.2 -30344 14714
275834 140 2.2 -29440 14048
279391 140 2.2 -30728 15860
282995 140 2.2 -31008 15670
286645 140 2.2 -30448 15722
290342 140 2.2 -30416 15606
294087 140 2.2 -29612 15062
297880 140 2.2 -30640 15494
301722 140 2.2 -30380 15596
305614 140 2.2 -30572 15248
309556 140 2.2 -29880 15228
313548 140 2.2 -30564 15762
317592 140 2.2 -30288 15074
321689 140 2.2 -30828 16128
325838 140 2.2 -30056 15222
330040 140 2.2 -29584 15176
334297 140 2.2 -29976 15178
338609 140 2.2 -30728 15852
342976 140 2.2 -30536 15656
347400 140 2.2 -29364 14664
351881 140 2.2 -31088 15930
356419 140 2.2 -30660 15844
361016 140 2.2 -29668 14660
365673 140 2.2 -30140 15502
370389 140 2.2 -30356 14880
375167 140 2.2 -30120 15542
380005 140 2.2 -30360 15634
384907 140 2.2 -30472 15408
389871 140 2.2 -30432 15604
394900 140 2.2 -30240 15276
399993 140 2.2 -30056 15332
405152 140 2.2 -30576 15358
410378 140 2.2 -30608 15990
415671 140 2.2 -30680 15368
421032 140 2.2 -30628 15924
426463 140 2.2 -30340 15518
431963 140 2.2 -30692 15494
437535 140 2.2 -30344 15642
443178 140 2.2 -30588 15744
448894 140 2.2 -30236 15308
454684 140 2.2 -30688 15472
460548 140 2.2 -30124 15240
466489 140 2.2 -29916 14562
472505 140 2.2 -30796 15938
478600 140 2.2 -30568 15670
484773 140 2.2 -30784 16222
491025 140 2.2 -30284 15630
497358 140 2.2 -30524 15660
503773 140 2.2 -30796 15518
510271 140 2.2 -29944 14584
516852 140 2.2 -30900 15982
523519 140 2.2 -30652 15880
530271 140 2.2 -30452 15654
537111 140 2.2 -30324 15210
544038 140 2.2 -30132 15490
551055 140 2.2 -30760 15746
558163 140 2.2 -30376 15546
565362 140 2.2 -30292 15488
572654 140 2.2 -30344 15588
580040 140 2.2 -30572 15706
587521 140 2.2 -30400 15752
595099 140 2.2 -30484 15690
602775 140 2.2 -30356 15296
610549 140 2.2 -30624 15760
618424 140 2.2 -30184 14928
626400 140 2.2 -30448 15720
634480 140 2.2 -30424 15658
642663 140 2.2 -31020 16316
650952 140 2.2 -30464 15804
659348 140 2.2 -30216 15464
667853 140 2.2 -30144 15264
676467 140 2.2 -30328 15576
685192 140 2.2 -30704 15832
694029 140 2.2 -29812 14954
702981 140 2.2 -30176 15722
712048 140 2.2 -30584 15716
721232 140 2.2 -29756 14826
730534 140 2.2 -30872 15794
739957 140 2.2 -29776 14926
749500 140 2.2 -30460 15490
759168 140 2.2 -30024 15348
768959 140 2.2 -30128 15222
778877 140 2.2 -30528 15506
788923 140 2.2 -30444 15812
799099 140 2.2 -30308 15408
809405 140 2.2 -30492 15864
819845 140 2.2 -30344 15554
830419 140 2.2 -30096 15446
841130 140 2.2 -30844 15708
851979 140 2.2 -30376 15570
862968 140 2.2 -30428 15804
874098 140 2.2 -31020 15982
885373 140 2.2 -30336 15560
896792 140 2.2 -29800 14488
908359 140 2.2 -29732 15038
920075 140 2.2 -29700 14454
931942 140 2.2 -30588 15664
943962 140 2.2 -29704 14282
956137 140 2.2 -30352 15286
968470 140 2.2 -30076 15248
980961 140 2.2 -30264 15870
993613 140 2.2 -30404 15176
999999 140 2.2 -30324 15318
