3 60 2 -6580 3414
4 60 2 -6372 3340
5 60 2 -6492 3376
6 60 2 -6428 3360
7 60 2 -6404 3352
8 60 2 -6348 3334
9 60 2 -6420 3338
10 60 2 -6416 3336
11 60 2 -6452 3352
12 60 2 -6388 3332
13 60 2 -6412 3322
14 60 2 -6352 3288
15 60 2 -6244 3272
16 60 2 -6212 3276
17 60 2 -6152 3242
18 60 2 -6156 3234
19 60 2 -6172 3232
20 60 2 -6144 3258
21 60 2 -6152 3250
22 60 2 -6220 3270
23 60 2 -6236 3252
24 60 2 -6116 3210
25 60 2 -6124 3216
26 60 2 -6120 3222
27 60 2 -6084 3222
28 60 2 -6272 3282
29 60 2 -6308 3292
30 60 2 -6200 3268
31 60 2 -6240 3282
32 60 2 -6224 3268
33 60 2 -6344 3316
34 60 2 -6252 3296
35 60 2 -6344 3304
36 60 2 -6328 3300
37 60 2 -6360 3312
38 60 2 -6440 3364
39 60 2 -6400 3334
40 60 2 -6472 3340
41 60 2 -6416 3336
42 60 2 -6336 3320
43 60 2 -6452 3324
44 60 2 -6276 3280
45 60 2 -6228 3286
46 60 2 -6404 3340
47 60 2 -6332 3314
48 60 2 -6384 3336
49 60 2 -6384 3346
50 60 2 -6428 3332
51 60 2 -6368 3318
52 60 2 -6456 3364
53 60 2 -6400 3340
54 60 2 -6368 3338
55 60 2 -6324 3316
56 60 2 -6228 3282
57 60 2 -6200 3270
58 60 2 -6124 3222
59 60 2 -6116 3224
60 60 2 -6108 3214
61 60 2 -6188 3242
62 60 2 -6176 3236
63 60 2 -6252 3274
64 60 2 -6316 3298
65 60 2 -6372 3330
66 60 2 -6292 3280
67 60 2 -6380 3300
68 60 2 -6424 3348
69 60 2 -6436 3336
70 60 2 -6356 3324
71 60 2 -6360 3316
72 60 2 -6360 3324
73 60 2 -6272 3292
74 60 2 -6244 3270
75 60 2 -6160 3256
76 60 2 -6096 3254
77 60 2 -6084 3212
78 60 2 -6148 3198
79 60 2 -6120 3194
80 60 2 -6224 3218
81 60 2 -6232 3234
82 60 2 -6404 3322
83 60 2 -6244 3250
84 60 2 -6264 3276
85 60 2 -6276 3290
86 60 2 -6300 3278
88 60 2 -6256 3294
89 60 2 -6356 3322
90 60 2 -6488 3362
91 60 2 -6548 3398
92 60 2 -6508 3384
93 60 2 -6440 3340
95 60 2 -6388 3342
96 60 2 -6316 3318
97 60 2 -6296 3294
98 60 2 -6352 3314
99 60 2 -6348 3342
101 60 2 -6284 3300
102 60 2 -6112 3250
103 60 2 -6228 3270
105 60 2 -6228 3282
106 60 2 -6288 3298
107 60 2 -6136 3242
109 60 2 -6192 3272
110 60 2 -6292 3290
112 60 2 -6344 3328
113 60 2 -6260 3304
114 60 2 -6184 3274
116 60 2 -6396 3346
117 60 2 -6288 3286
119 60 2 -6244 3302
120 60 2 -6272 3304
122 60 2 -6344 3340
124 60 2 -6408 3334
125 60 2 -6364 3350
127 60 2 -6236 3290
128 60 2 -6244 3286
130 60 2 -6380 3350
132 60 2 -6436 3376
133 60 2 -6484 3382
135 60 2 -6336 3330
137 60 2 -6472 3384
139 60 2 -6264 3306
140 60 2 -6224 3276
142 60 2 -6484 3366
144 60 2 -6364 3300
146 60 2 -6292 3276
148 60 2 -6260 3274
150 60 2 -6432 3330
152 60 2 -6268 3264
154 60 2 -6364 3318
155 60 2 -6256 3278
157 60 2 -6424 3348
160 60 2 -6464 3364
162 60 2 -6408 3308
164 60 2 -6348 3298
166 60 2 -6372 3312
168 60 2 -6280 3286
170 60 2 -6380 3334
172 60 2 -6448 3358
174 60 2 -6372 3340
177 60 2 -6280 3310
179 60 2 -6460 3360
181 60 2 -6432 3354
184 60 2 -6212 3258
186 60 2 -6112 3212
188 60 2 -6088 3180
191 60 2 -6304 3268
193 60 2 -6196 3226
196 60 2 -6136 3222
198 60 2 -6108 3204
201 60 2 -6196 3256
203 60 2 -6340 3290
206 60 2 -6212 3248
209 60 2 -6344 3284
211 60 2 -6204 3246
214 60 2 -6180 3256
217 60 2 -6252 3248
220 60 2 -6392 3296
222 60 2 -6252 3276
225 60 2 -6132 3222
228 60 2 -6308 3286
231 60 2 -6240 3232
234 60 2 -6160 3224
237 60 2 -6244 3254
240 60 2 -6136 3214
243 60 2 -6104 3190
246 60 2 -6228 3258
250 60 2 -6308 3292
253 60 2 -6208 3268
256 60 2 -6112 3222
259 60 2 -6280 3312
263 60 2 -6352 3308
266 60 2 -6248 3252
269 60 2 -6384 3322
273 60 2 -6332 3304
276 60 2 -6468 3364
280 60 2 -6460 3366
284 60 2 -6312 3276
287 60 2 -6336 3268
291 60 2 -6168 3236
295 60 2 -6208 3266
298 60 2 -6228 3238
302 60 2 -6180 3268
306 60 2 -6288 3294
310 60 2 -6152 3224
314 60 2 -6320 3306
318 60 2 -6408 3344
322 60 2 -6364 3314
326 60 2 -6340 3286
331 60 2 -6148 3216
335 60 2 -6332 3256
339 60 2 -6308 3260
344 60 2 -6288 3256
348 60 2 -6324 3284
352 60 2 -6276 3258
357 60 2 -6260 3230
362 60 2 -6148 3178
366 60 2 -6292 3226
371 60 2 -6220 3248
376 60 2 -6252 3250
381 60 2 -6196 3220
385 60 2 -6312 3288
390 60 2 -6420 3310
395 60 2 -6280 3270
401 60 2 -6248 3270
406 60 2 -6232 3286
411 60 2 -6216 3250
416 60 2 -6244 3280
422 60 2 -6376 3308
427 60 2 -6312 3276
433 60 2 -6328 3320
438 60 2 -6300 3306
444 60 2 -6412 3344
449 60 2 -6388 3324
455 60 2 -6404 3346
461 60 2 -6424 3338
467 60 2 -6284 3312
473 60 2 -6292 3318
479 60 2 -6308 3324
485 60 2 -6384 3348
492 60 2 -6360 3336
498 60 2 -6092 3222
504 60 2 -6300 3324
511 60 2 -6280 3306
517 60 2 -6180 3222
524 60 2 -6376 3300
531 60 2 -6212 3266
538 60 2 -6336 3328
545 60 2 -6324 3314
552 60 2 -6276 3266
559 60 2 -6488 3352
566 60 2 -6220 3226
573 60 2 -6144 3184
581 60 2 -6284 3272
588 60 2 -6320 3264
596 60 2 -6384 3300
603 60 2 -6116 3200
611 60 2 -6352 3312
619 60 2 -6392 3302
627 60 2 -6300 3274
635 60 2 -6232 3276
643 60 2 -6124 3172
652 60 2 -6332 3326
660 60 2 -6292 3278
668 60 2 -6264 3288
677 60 2 -6156 3214
686 60 2 -6216 3264
695 60 2 -6200 3232
704 60 2 -6212 3256
713 60 2 -6436 3358
722 60 2 -6372 3330
731 60 2 -6192 3248
741 60 2 -6188 3218
750 60 2 -6328 3278
760 60 2 -6356 3276
770 60 2 -6120 3222
780 60 2 -6344 3256
790 60 2 -6256 3238
800 60 2 -6216 3244
810 60 2 -6360 3328
821 60 2 -6412 3348
831 60 2 -6452 3352
842 60 2 -6376 3336
853 60 2 -6436 3310
864 60 2 -6372 3348
875 60 2 -6336 3316
886 60 2 -6364 3340
897 60 2 -6372 3336
909 60 2 -6372 3322
921 60 2 -6356 3340
933 60 2 -6336 3328
945 60 2 -6380 3316
957 60 2 -6356 3278
969 60 2 -6348 3314
982 60 2 -6368 3294
994 60 2 -6312 3300
1007 60 2 -6132 3216
1020 60 2 -6300 3244
1033 60 2 -6264 3292
1047 60 2 -6120 3148
1060 60 2 -6224 3264
1074 60 2 -6220 3284
1088 60 2 -6260 3256
1102 60 2 -6180 3244
1116 60 2 -6336 3248
1130 60 2 -6328 3308
1145 60 2 -6136 3210
1160 60 2 -6148 3244
1174 60 2 -6424 3308
1190 60 2 -6504 3390
1205 60 2 -6392 3340
1220 60 2 -6428 3346
1236 60 2 -6168 3210
1252 60 2 -6356 3300
1268 60 2 -6476 3362
1285 60 2 -6340 3322
1301 60 2 -6260 3224
1318 60 2 -6248 3278
1335 60 2 -6200 3256
1352 60 2 -6204 3244
1370 60 2 -6288 3316
1387 60 2 -6404 3346
1405 60 2 -6316 3282
1423 60 2 -6484 3368
1442 60 2 -6260 3298
1460 60 2 -6196 3258
1479 60 2 -6424 3350
1498 60 2 -6232 3278
1517 60 2 -6116 3232
1537 60 2 -6464 3380
1557 60 2 -6156 3232
1577 60 2 -6144 3246
1597 60 2 -6256 3288
1618 60 2 -6284 3308
1639 60 2 -6380 3308
1660 60 2 -6356 3248
1681 60 2 -6336 3250
1703 60 2 -6148 3182
1725 60 2 -6316 3332
1747 60 2 -6176 3232
1770 60 2 -6164 3200
1792 60 2 -6356 3316
1816 60 2 -6192 3232
1839 60 2 -6260 3256
1863 60 2 -6392 3312
1887 60 2 -6268 3250
1911 60 2 -6196 3252
1936 60 2 -6464 3348
1961 60 2 -6192 3256
1986 60 2 -6236 3250
2012 60 2 -6536 3374
2037 60 2 -6388 3334
2064 60 2 -6376 3366
2090 60 2 -6292 3314
2117 60 2 -6288 3290
2145 60 2 -6188 3274
2172 60 2 -6528 3382
2200 60 2 -6272 3284
2229 60 2 -6280 3284
2257 60 2 -6108 3200
2286 60 2 -6268 3256
2316 60 2 -6476 3372
2346 60 2 -6156 3238
2376 60 2 -6412 3344
2407 60 2 -6312 3304
2438 60 2 -6328 3306
2469 60 2 -6240 3242
2501 60 2 -6264 3254
2533 60 2 -6360 3306
2566 60 2 -6316 3280
2599 60 2 -6184 3264
2633 60 2 -6320 3302
2667 60 2 -6328 3300
2701 60 2 -6128 3210
2736 60 2 -6292 3288
2771 60 2 -6152 3260
2807 60 2 -6356 3326
2843 60 2 -6396 3328
2880 60 2 -6184 3242
2917 60 2 -6316 3290
2954 60 2 -6412 3342
2992 60 2 -6440 3326
3031 60 2 -6392 3334
3070 60 2 -6188 3248
3110 60 2 -6328 3262
3150 60 2 -6216 3236
3190 60 2 -6308 3300
3232 60 2 -6276 3282
3273 60 2 -6412 3336
3315 60 2 -6160 3238
3358 60 2 -6436 3340
3402 60 2 -6356 3332
3445 60 2 -6292 3228
3490 60 2 -6272 3256
3535 60 2 -6172 3238
3580 60 2 -6320 3304
3627 60 2 -6200 3230
3673 60 2 -6344 3336
3721 60 2 -6292 3280
3769 60 2 -6288 3288
3817 60 2 -6464 3344
3867 60 2 -6276 3280
3916 60 2 -6208 3244
3967 60 2 -6348 3312
4018 60 2 -6172 3220
4070 60 2 -6284 3308
4122 60 2 -6312 3300
4176 60 2 -6188 3288
4229 60 2 -6248 3238
4284 60 2 -6212 3206
4339 60 2 -6224 3246
4395 60 2 -6136 3208
4452 60 2 -6208 3250
4509 60 2 -6332 3318
4567 60 2 -6276 3274
4626 60 2 -6116 3212
4686 60 2 -6292 3306
4746 60 2 -6316 3310
4808 60 2 -6520 3378
4870 60 2 -6240 3280
4932 60 2 -6380 3312
4996 60 2 -6312 3316
5060 60 2 -6284 3276
5126 60 2 -6184 3264
5192 60 2 -6324 3296
5259 60 2 -6220 3212
5327 60 2 -6420 3348
5395 60 2 -6280 3226
5465 60 2 -6384 3332
5535 60 2 -6144 3236
5607 60 2 -6388 3344
5679 60 2 -6328 3326
5752 60 2 -6384 3334
5826 60 2 -6108 3156
5902 60 2 -6380 3326
5978 60 2 -6428 3368
6055 60 2 -6280 3292
6133 60 2 -6440 3354
6212 60 2 -6272 3276
6292 60 2 -6384 3326
6373 60 2 -6276 3292
6455 60 2 -6232 3224
6539 60 2 -6304 3220
6623 60 2 -6436 3308
6708 60 2 -6216 3244
6795 60 2 -6384 3340
6883 60 2 -6276 3286
6971 60 2 -6168 3256
7061 60 2 -6188 3284
7152 60 2 -6400 3340
7245 60 2 -6448 3366
7338 60 2 -6244 3248
7433 60 2 -6456 3360
7529 60 2 -6364 3326
7626 60 2 -6324 3270
7724 60 2 -6380 3336
7824 60 2 -6412 3350
7925 60 2 -6128 3098
8027 60 2 -6500 3382
8130 60 2 -6220 3282
8235 60 2 -6232 3288
8341 60 2 -6112 3202
8449 60 2 -6376 3326
8558 60 2 -6296 3270
8668 60 2 -6220 3230
8780 60 2 -6360 3334
8893 60 2 -6212 3240
9008 60 2 -6456 3370
9124 60 2 -6460 3356
9242 60 2 -6172 3166
9361 60 2 -6436 3362
9482 60 2 -6368 3348
9604 60 2 -6300 3310
9728 60 2 -6348 3340
9853 60 2 -6380 3318
9980 60 2 -6228 3226
10109 60 2 -6260 3254
10240 60 2 -6328 3324
10372 60 2 -6256 3246
10505 60 2 -6140 3176
10641 60 2 -6304 3306
10778 60 2 -6460 3366
10917 60 2 -6188 3236
11058 60 2 -6356 3330
11201 60 2 -6344 3292
11345 60 2 -6244 3256
11491 60 2 -6264 3284
11640 60 2 -6384 3314
11790 60 2 -6280 3300
11942 60 2 -6348 3310
12096 60 2 -6268 3272
12252 60 2 -6148 3206
12410 60 2 -6280 3298
12570 60 2 -6388 3336
12732 60 2 -6508 3400
12896 60 2 -6384 3316
13062 60 2 -6176 3146
13231 60 2 -6200 3290
13402 60 2 -6228 3262
13574 60 2 -6308 3316
13750 60 2 -6332 3326
13927 60 2 -6128 3202
14106 60 2 -6348 3326
14288 60 2 -6340 3320
14473 60 2 -6148 3226
14659 60 2 -6364 3346
14848 60 2 -6460 3382
15040 60 2 -6348 3344
15234 60 2 -6276 3290
15430 60 2 -6324 3314
15629 60 2 -6332 3324
15831 60 2 -6292 3286
16035 60 2 -6348 3324
16242 60 2 -6280 3280
16451 60 2 -6276 3288
16664 60 2 -6308 3288
16879 60 2 -6004 3154
17096 60 2 -6276 3246
17317 60 2 -6304 3278
17540 60 2 -6304 3298
17766 60 2 -6352 3336
17995 60 2 -6356 3332
18228 60 2 -6308 3310
18463 60 2 -6248 3276
18701 60 2 -6360 3284
18942 60 2 -6244 3262
19186 60 2 -6292 3294
19434 60 2 -6112 3196
19684 60 2 -6408 3356
19938 60 2 -6128 3242
20195 60 2 -6296 3306
20456 60 2 -6344 3312
20720 60 2 -6120 3146
20987 60 2 -6336 3302
21258 60 2 -6480 3392
21532 60 2 -6208 3274
21810 60 2 -6352 3290
22091 60 2 -6016 3122
22376 60 2 -6248 3258
22664 60 2 -6216 3220
22957 60 2 -6304 3284
23253 60 2 -6172 3256
23553 60 2 -6304 3270
23856 60 2 -6312 3276
24164 60 2 -6300 3274
24476 60 2 -6220 3242
24791 60 2 -6100 3196
25111 60 2 -6292 3244
25435 60 2 -6420 3350
25763 60 2 -6420 3346
26095 60 2 -6232 3266
26432 60 2 -6288 3120
26773 60 2 -6288 3310
27118 60 2 -6092 3260
27468 60 2 -6392 3334
27822 60 2 -6284 3292
28181 60 2 -6240 3264
28545 60 2 -6264 3214
28913 60 2 -6312 3300
29286 60 2 -6376 3312
29663 60 2 -6116 3224
30046 60 2 -6384 3328
30434 60 2 -6212 3242
30826 60 2 -6296 3296
31224 60 2 -6284 3294
31626 60 2 -6176 3200
32034 60 2 -6392 3306
32447 60 2 -6368 3332
32866 60 2 -6340 3278
33290 60 2 -6392 3344
33719 60 2 -6180 3212
34154 60 2 -6252 3282
34595 60 2 -6116 3222
35041 60 2 -6140 3198
35493 60 2 -6236 3242
35951 60 2 -6292 3296
36414 60 2 -6392 3346
36884 60 2 -6412 3338
37360 60 2 -6400 3342
37841 60 2 -6060 3226
38330 60 2 -6312 3300
38824 60 2 -6292 3312
39325 60 2 -6196 3204
39832 60 2 -6192 3234
40346 60 2 -6152 3236
40866 60 2 -6356 3310
41393 60 2 -6288 3298
41927 60 2 -6272 3288
42468 60 2 -6240 3282
43015 60 2 -6380 3328
43570 60 2 -6272 3284
44132 60 2 -6136 3204
44701 60 2 -6356 3314
45278 60 2 -6244 3262
45862 60 2 -6280 3238
46453 60 2 -6404 3352
47053 60 2 -6412 3340
47660 60 2 -6172 3240
48274 60 2 -6288 3288
48897 60 2 -6068 3164
49528 60 2 -6560 3396
50166 60 2 -6244 3228
50813 60 2 -6200 3084
51469 60 2 -6384 3348
52133 60 2 -6236 3290
52805 60 2 -6328 3312
53486 60 2 -6376 3346
54176 60 2 -6236 3276
54875 60 2 -6188 3272
55582 60 2 -6404 3348
56299 60 2 -6356 3342
57025 60 2 -6088 3178
57761 60 2 -6284 3280
58506 60 2 -6408 3348
59261 60 2 -6120 3224
60025 60 2 -6320 3294
60799 60 2 -6212 3258
61583 60 2 -6328 3318
62378 60 2 -6128 3252
63182 60 2 -6124 3168
63997 60 2 -6144 3244
64822 60 2 -6364 3310
65658 60 2 -6292 3326
66505 60 2 -6372 3260
67363 60 2 -6048 3202
68232 60 2 -6452 3354
69112 60 2 -6244 3178
70003 60 2 -6336 3326
70906 60 2 -6280 3276
71821 60 2 -6432 3344
72747 60 2 -6336 3326
73685 60 2 -6448 3362
74636 60 2 -6292 3252
75599 60 2 -6344 3330
76574 60 2 -6272 3304
77561 60 2 -6224 3278
78562 60 2 -6296 3312
79575 60 2 -6312 3312
80601 60 2 -6244 3292
81641 60 2 -6296 3270
82694 60 2 -6284 3278
83760 60 2 -6348 3324
84841 60 2 -6384 3330
85935 60 2 -6152 3236
87043 60 2 -6324 3304
88166 60 2 -6480 3390
89303 60 2 -6280 3292
90455 60 2 -6220 3262
91622 60 2 -6172 3242
92803 60 2 -6288 3304
94000 60 2 -6252 3278
95213 60 2 -6480 3342
96441 60 2 -6116 3176
97685 60 2 -6352 3332
98945 60 2 -6148 3200
100221 60 2 -6296 3322
101513 60 2 -6288 3252
102823 60 2 -6436 3360
104149 60 2 -6108 3172
105492 60 2 -6372 3292
106853 60 2 -6384 3310
108231 60 2 -6328 3342
109627 60 2 -6212 3294
111041 60 2 -6204 3220
112473 60 2 -6392 3336
113924 60 2 -6196 3222
115393 60 2 -6252 3306
116882 60 2 -6240 3274
118389 60 2 -6364 3328
119916 60 2 -6344 3318
121463 60 2 -6216 3248
123029 60 2 -6272 3272
124616 60 2 -6348 3322
126224 60 2 -6460 3382
127852 60 2 -6148 3226
129501 60 2 -6216 3264
131171 60 2 -6316 3294
132863 60 2 -6276 3276
134576 60 2 -6368 3320
136312 60 2 -6176 3210
138070 60 2 -6372 3334
139851 60 2 -6256 3296
141655 60 2 -6284 3296
143482 60 2 -6316 3240
145333 60 2 -6372 3324
147207 60 2 -6336 3296
149106 60 2 -6228 3246
151029 60 2 -6188 3260
152977 60 2 -6288 3300
154950 60 2 -6472 3374
156948 60 2 -6100 3230
158973 60 2 -6364 3338
161023 60 2 -6176 3230
163100 60 2 -6260 3290
165204 60 2 -6288 3300
167334 60 2 -6212 3258
169493 60 2 -5984 3012
171679 60 2 -6292 3298
173893 60 2 -6456 3334
176136 60 2 -6168 3254
178408 60 2 -6420 3346
180709 60 2 -6372 3312
183040 60 2 -6308 3304
185400 60 2 -6328 3248
187792 60 2 -6348 3306
190214 60 2 -6240 3296
192667 60 2 -6268 3322
195152 60 2 -6340 3282
197669 60 2 -6328 3338
200219 60 2 -6260 3242
202801 60 2 -6408 3340
205417 60 2 -6312 3310
208066 60 2 -6288 3274
210750 60 2 -6204 3306
213468 60 2 -6316 3310
216222 60 2 -6400 3362
219010 60 2 -6380 3322
221835 60 2 -6292 3222
224696 60 2 -6112 3200
227595 60 2 -6300 3322
230530 60 2 -6180 3216
233503 60 2 -6304 3284
236515 60 2 -6248 3302
239566 60 2 -6404 3350
242656 60 2 -6092 3210
245785 60 2 -6304 3232
248956 60 2 -6184 3248
252167 60 2 -6292 3320
255419 60 2 -6252 3250
258713 60 2 -6192 3236
262050 60 2 -6168 3214
265430 60 2 -6192 3210
268854 60 2 -6380 3324
272321 60 2 -6364 3322
275834 60 2 -6400 3284
279391 60 2 -6344 3320
282995 60 2 -6392 3312
286645 60 2 -6340 3324
290342 60 2 -6216 3266
294087 60 2 -6392 3336
297880 60 2 -6304 3290
301722 60 2 -6168 3252
305614 60 2 -6304 3306
309556 60 2 -6312 3290
313548 60 2 -6432 3344
317592 60 2 -6324 3282
321689 60 2 -6248 3234
325838 60 2 -6180 3260
330040 60 2 -6208 3204
334297 60 2 -6244 3176
338609 60 2 -6268 3238
342976 60 2 -6420 3360
347400 60 2 -6276 3264
351881 60 2 -6332 3326
356419 60 2 -6336 3274
361016 60 2 -6136 3212
365673 60 2 -6144 3200
370389 60 2 -6240 3246
375167 60 2 -6300 3306
380005 60 2 -6328 3288
384907 60 2 -6064 3158
389871 60 2 -6220 3236
394900 60 2 -6408 3330
399993 60 2 -6252 3284
405152 60 2 -6356 3314
410378 60 2 -6292 3316
415671 60 2 -6284 3294
421032 60 2 -6324 3286
426463 60 2 -6192 3276
431963 60 2 -6252 3246
437535 60 2 -6156 3250
443178 60 2 -6260 3282
448894 60 2 -6272 3302
454684 60 2 -6260 3276
460548 60 2 -6224 3262
466489 60 2 -6432 3360
472505 60 2 -6288 3300
478600 60 2 -6320 3300
484773 60 2 -6292 3280
491025 60 2 -6056 3138
497358 60 2 -6276 3268
503773 60 2 -6296 3294
510271 60 2 -6124 3192
516852 60 2 -6112 3200
523519 60 2 -6260 3290
530271 60 2 -6116 3158
537111 60 2 -6264 3258
544038 60 2 -6392 3342
551055 60 2 -6300 3212
558163 60 2 -6168 3222
565362 60 2 -6348 3328
572654 60 2 -6256 3276
580040 60 2 -6344 3284
587521 60 2 -6212 3268
595099 60 2 -6328 3324
602775 60 2 -6244 3266
610549 60 2 -6300 3272
618424 60 2 -6164 3236
626400 60 2 -6096 3136
634480 60 2 -6268 3306
642663 60 2 -6264 3288
650952 60 2 -6172 3212
659348 60 2 -6344 3296
667853 60 2 -6188 3202
676467 60 2 -6164 3256
685192 60 2 -6228 3270
694029 60 2 -6340 3312
702981 60 2 -6228 3234
712048 60 2 -6288 3298
721232 60 2 -6176 3198
730534 60 2 -6260 3268
739957 60 2 -6260 3244
749500 60 2 -6288 3318
759168 60 2 -6296 3270
768959 60 2 -6056 3236
778877 60 2 -6300 3232
788923 60 2 -6164 3266
799099 60 2 -6168 3254
809405 60 2 -6344 3312
819845 60 2 -6440 3368
830419 60 2 -6308 3322
841130 60 2 -6320 3310
851979 60 2 -6256 3304
862968 60 2 -6396 3318
874098 60 2 -6452 3372
885373 60 2 -6468 3370
896792 60 2 -6208 3264
908359 60 2 -6296 3292
920075 60 2 -6236 3248
931942 60 2 -6112 3252
943962 60 2 -6300 3310
956137 60 2 -6276 3250
968470 60 2 -6380 3332
980961 60 2 -6356 3290
993613 60 2 -6272 3268
999999 60 2 -6344 3306
