3 20 2.4 -672 358
4 20 2.4 -640 348
5 20 2.4 -608 332
6 20 2.4 -652 346
7 20 2.4 -604 330
8 20 2.4 -660 340
9 20 2.4 -612 316
10 20 2.4 -568 306
11 20 2.4 -576 302
12 20 2.4 -596 310
13 20 2.4 -596 304
14 20 2.4 -560 280
15 20 2.4 -560 278
16 20 2.4 -568 272
17 20 2.4 -552 252
18 20 2.4 -556 254
19 20 2.4 -544 250
20 20 2.4 -504 236
21 20 2.4 -532 230
22 20 2.4 -508 242
23 20 2.4 -528 244
24 20 2.4 -532 246
25 20 2.4 -536 264
26 20 2.4 -560 258
27 20 2.4 -528 236
28 20 2.4 -480 232
29 20 2.4 -432 226
30 20 2.4 -512 254
31 20 2.4 -516 264
32 20 2.4 -508 240
33 20 2.4 -524 276
34 20 2.4 -560 296
35 20 2.4 -552 308
36 20 2.4 -544 292
37 20 2.4 -576 302
38 20 2.4 -564 296
39 20 2.4 -560 274
40 20 2.4 -540 268
41 20 2.4 -512 250
42 20 2.4 -564 282
43 20 2.4 -620 306
44 20 2.4 -580 298
45 20 2.4 -516 270
46 20 2.4 -520 282
47 20 2.4 -536 300
48 20 2.4 -608 330
49 20 2.4 -568 304
50 20 2.4 -572 306
51 20 2.4 -568 314
52 20 2.4 -548 296
53 20 2.4 -548 294
54 20 2.4 -528 284
55 20 2.4 -504 266
56 20 2.4 -548 292
57 20 2.4 -608 326
58 20 2.4 -624 322
59 20 2.4 -612 316
60 20 2.4 -616 320
61 20 2.4 -564 288
62 20 2.4 -584 308
63 20 2.4 -552 310
64 20 2.4 -588 316
65 20 2.4 -592 312
66 20 2.4 -556 302
67 20 2.4 -552 298
68 20 2.4 -612 330
69 20 2.4 -564 290
70 20 2.4 -500 258
71 20 2.4 -500 246
72 20 2.4 -500 236
73 20 2.4 -516 242
74 20 2.4 -504 216
75 20 2.4 -496 220
76 20 2.4 -464 214
77 20 2.4 -520 218
78 20 2.4 -556 248
79 20 2.4 -492 218
80 20 2.4 -484 200
81 20 2.4 -528 196
82 20 2.4 -504 182
83 20 2.4 -496 158
84 20 2.4 -540 168
85 20 2.4 -508 154
86 20 2.4 -520 158
88 20 2.4 -536 188
89 20 2.4 -468 150
90 20 2.4 -440 148
91 20 2.4 -476 156
92 20 2.4 -480 148
93 20 2.4 -440 116
95 20 2.4 -476 126
96 20 2.4 -452 96
97 20 2.4 -460 116
98 20 2.4 -416 96
99 20 2.4 -444 102
101 20 2.4 -448 132
102 20 2.4 -472 154
103 20 2.4 -460 152
105 20 2.4 -488 124
106 20 2.4 -492 132
107 20 2.4 -488 160
109 20 2.4 -528 146
110 20 2.4 -536 122
112 20 2.4 -456 94
113 20 2.4 -472 56
114 20 2.4 -492 52
116 20 2.4 -488 44
117 20 2.4 -488 34
119 20 2.4 -500 56
120 20 2.4 -448 82
122 20 2.4 -496 36
124 20 2.4 -484 36
125 20 2.4 -496 62
127 20 2.4 -440 92
128 20 2.4 -376 110
130 20 2.4 -400 132
132 20 2.4 -404 96
133 20 2.4 -416 136
135 20 2.4 -404 162
137 20 2.4 -440 168
139 20 2.4 -452 146
140 20 2.4 -472 134
142 20 2.4 -456 118
144 20 2.4 -472 90
146 20 2.4 -448 62
148 20 2.4 -496 70
150 20 2.4 -524 26
152 20 2.4 -480 14
154 20 2.4 -544 4
155 20 2.4 -512 20
157 20 2.4 -472 32
160 20 2.4 -512 78
162 20 2.4 -544 102
164 20 2.4 -488 128
166 20 2.4 -492 152
168 20 2.4 -476 186
170 20 2.4 -484 202
172 20 2.4 -476 174
174 20 2.4 -464 158
177 20 2.4 -524 182
179 20 2.4 -460 158
181 20 2.4 -476 180
184 20 2.4 -472 188
186 20 2.4 -408 138
188 20 2.4 -404 130
191 20 2.4 -400 138
193 20 2.4 -460 130
196 20 2.4 -488 148
198 20 2.4 -520 136
201 20 2.4 -496 124
203 20 2.4 -496 146
206 20 2.4 -492 178
209 20 2.4 -572 214
211 20 2.4 -480 220
214 20 2.4 -496 228
217 20 2.4 -472 232
220 20 2.4 -540 256
222 20 2.4 -504 282
225 20 2.4 -516 252
228 20 2.4 -508 262
231 20 2.4 -540 260
234 20 2.4 -536 268
237 20 2.4 -464 232
240 20 2.4 -484 286
243 20 2.4 -520 298
246 20 2.4 -528 294
250 20 2.4 -532 278
253 20 2.4 -488 250
256 20 2.4 -540 248
259 20 2.4 -512 258
263 20 2.4 -536 298
266 20 2.4 -552 278
269 20 2.4 -540 244
273 20 2.4 -552 236
276 20 2.4 -516 246
280 20 2.4 -556 282
284 20 2.4 -488 246
287 20 2.4 -528 250
291 20 2.4 -516 210
295 20 2.4 -468 228
298 20 2.4 -496 262
302 20 2.4 -484 262
306 20 2.4 -520 272
310 20 2.4 -512 258
314 20 2.4 -464 254
318 20 2.4 -544 278
322 20 2.4 -600 314
326 20 2.4 -560 276
331 20 2.4 -532 308
335 20 2.4 -572 320
339 20 2.4 -576 298
344 20 2.4 -568 276
348 20 2.4 -500 264
352 20 2.4 -532 298
357 20 2.4 -460 220
362 20 2.4 -400 154
366 20 2.4 -512 236
371 20 2.4 -572 280
376 20 2.4 -568 312
381 20 2.4 -576 306
385 20 2.4 -604 336
390 20 2.4 -564 308
395 20 2.4 -520 286
401 20 2.4 -492 206
406 20 2.4 -488 166
411 20 2.4 -532 206
416 20 2.4 -524 200
422 20 2.4 -500 190
427 20 2.4 -528 218
433 20 2.4 -512 192
438 20 2.4 -488 222
444 20 2.4 -500 248
449 20 2.4 -536 266
455 20 2.4 -504 282
461 20 2.4 -520 276
467 20 2.4 -584 268
473 20 2.4 -456 190
479 20 2.4 -432 196
485 20 2.4 -456 200
492 20 2.4 -500 218
498 20 2.4 -508 214
504 20 2.4 -524 204
511 20 2.4 -612 308
517 20 2.4 -496 248
524 20 2.4 -512 240
531 20 2.4 -472 196
538 20 2.4 -520 248
545 20 2.4 -532 210
552 20 2.4 -520 252
559 20 2.4 -572 264
566 20 2.4 -604 298
573 20 2.4 -640 304
581 20 2.4 -560 258
588 20 2.4 -484 258
596 20 2.4 -472 254
603 20 2.4 -548 256
611 20 2.4 -532 244
619 20 2.4 -420 162
627 20 2.4 -468 182
635 20 2.4 -464 104
643 20 2.4 -456 34
652 20 2.4 -456 14
660 20 2.4 -456 -28
668 20 2.4 -368 -36
677 20 2.4 -428 10
686 20 2.4 -436 12
695 20 2.4 -420 -76
704 20 2.4 -520 -76
713 20 2.4 -484 -124
722 20 2.4 -532 -110
731 20 2.4 -448 -118
741 20 2.4 -564 -144
750 20 2.4 -448 -40
760 20 2.4 -380 28
770 20 2.4 -452 64
780 20 2.4 -480 -20
790 20 2.4 -488 68
800 20 2.4 -444 18
810 20 2.4 -512 -4
821 20 2.4 -464 -44
831 20 2.4 -488 114
842 20 2.4 -484 48
853 20 2.4 -420 64
864 20 2.4 -468 154
875 20 2.4 -476 162
886 20 2.4 -592 228
897 20 2.4 -484 252
909 20 2.4 -536 288
921 20 2.4 -572 304
933 20 2.4 -488 232
945 20 2.4 -548 252
957 20 2.4 -464 248
969 20 2.4 -680 362
982 20 2.4 -580 332
994 20 2.4 -604 336
1007 20 2.4 -660 358
1020 20 2.4 -484 274
1033 20 2.4 -508 260
1047 20 2.4 -496 290
1060 20 2.4 -532 284
1074 20 2.4 -528 214
1088 20 2.4 -556 304
1102 20 2.4 -540 208
1116 20 2.4 -392 158
1130 20 2.4 -528 200
1145 20 2.4 -436 204
1160 20 2.4 -516 238
1174 20 2.4 -572 230
1190 20 2.4 -512 284
1205 20 2.4 -504 208
1220 20 2.4 -572 286
1236 20 2.4 -456 224
1252 20 2.4 -544 288
1268 20 2.4 -460 194
1285 20 2.4 -460 182
1301 20 2.4 -396 52
1318 20 2.4 -460 -80
1335 20 2.4 -492 -74
1352 20 2.4 -528 -194
1370 20 2.4 -432 -94
1387 20 2.4 -420 -118
1405 20 2.4 -468 -116
1423 20 2.4 -400 -126
1442 20 2.4 -400 8
1460 20 2.4 -472 -196
1479 20 2.4 -460 -228
1498 20 2.4 -532 -258
1517 20 2.4 -476 -112
1537 20 2.4 -424 14
1557 20 2.4 -444 0
1577 20 2.4 -348 -22
1597 20 2.4 -452 -20
1618 20 2.4 -496 -72
1639 20 2.4 -440 -38
1660 20 2.4 -488 -152
1681 20 2.4 -524 -264
1703 20 2.4 -584 -272
1725 20 2.4 -548 -274
1747 20 2.4 -560 -234
1770 20 2.4 -448 -186
1792 20 2.4 -444 -216
1816 20 2.4 -516 -274
1839 20 2.4 -592 -322
1863 20 2.4 -528 -296
1887 20 2.4 -504 -214
1911 20 2.4 -432 -162
1936 20 2.4 -384 -38
1961 20 2.4 -460 -16
1986 20 2.4 -452 22
2012 20 2.4 -432 -176
2037 20 2.4 -564 -274
2064 20 2.4 -480 -82
2090 20 2.4 -444 200
2117 20 2.4 -496 256
2145 20 2.4 -520 224
2172 20 2.4 -416 158
2200 20 2.4 -420 14
2229 20 2.4 -480 72
2257 20 2.4 -416 22
2286 20 2.4 -420 172
2316 20 2.4 -528 202
2346 20 2.4 -476 42
2376 20 2.4 -456 -82
2407 20 2.4 -652 -342
2438 20 2.4 -604 -324
2469 20 2.4 -484 -204
2501 20 2.4 -540 -234
2533 20 2.4 -480 -258
2566 20 2.4 -436 -174
2599 20 2.4 -468 86
2633 20 2.4 -440 -10
2667 20 2.4 -452 118
2701 20 2.4 -536 170
2736 20 2.4 -524 256
2771 20 2.4 -420 64
2807 20 2.4 -424 -44
2843 20 2.4 -448 -152
2880 20 2.4 -360 34
2917 20 2.4 -444 110
2954 20 2.4 -376 -2
2992 20 2.4 -404 124
3031 20 2.4 -492 -154
3070 20 2.4 -460 -84
3110 20 2.4 -472 -216
3150 20 2.4 -552 -258
3190 20 2.4 -536 -252
3232 20 2.4 -416 -216
3273 20 2.4 -616 -318
3315 20 2.4 -472 -192
3358 20 2.4 -476 -250
3402 20 2.4 -512 -172
3445 20 2.4 -492 -254
3490 20 2.4 -452 -214
3535 20 2.4 -492 -216
3580 20 2.4 -512 -218
3627 20 2.4 -424 -186
3673 20 2.4 -476 -262
3721 20 2.4 -480 -78
3769 20 2.4 -440 -234
3817 20 2.4 -444 48
3867 20 2.4 -464 -40
3916 20 2.4 -472 100
3967 20 2.4 -500 290
4018 20 2.4 -616 322
4070 20 2.4 -508 270
4122 20 2.4 -512 226
4176 20 2.4 -584 314
4229 20 2.4 -576 324
4284 20 2.4 -604 332
4339 20 2.4 -636 348
4395 20 2.4 -520 286
4452 20 2.4 -540 258
4509 20 2.4 -544 284
4567 20 2.4 -536 256
4626 20 2.4 -624 334
4686 20 2.4 -452 96
4746 20 2.4 -488 136
4808 20 2.4 -472 222
4870 20 2.4 -424 168
4932 20 2.4 -476 120
4996 20 2.4 -656 352
5060 20 2.4 -520 208
5126 20 2.4 -500 192
5192 20 2.4 -496 212
5259 20 2.4 -516 264
5327 20 2.4 -420 2
5395 20 2.4 -484 116
5465 20 2.4 -552 292
5535 20 2.4 -564 258
5607 20 2.4 -500 66
5679 20 2.4 -496 -60
5752 20 2.4 -508 -240
5826 20 2.4 -480 -232
5902 20 2.4 -508 -220
5978 20 2.4 -560 -272
6055 20 2.4 -468 -222
6133 20 2.4 -488 -136
6212 20 2.4 -460 -64
6292 20 2.4 -468 110
6373 20 2.4 -496 130
6455 20 2.4 -540 290
6539 20 2.4 -472 246
6623 20 2.4 -512 266
6708 20 2.4 -576 306
6795 20 2.4 -532 122
6883 20 2.4 -588 292
6971 20 2.4 -456 78
7061 20 2.4 -416 102
7152 20 2.4 -488 248
7245 20 2.4 -452 68
7338 20 2.4 -456 222
7433 20 2.4 -488 134
7529 20 2.4 -612 -332
7626 20 2.4 -552 -248
7724 20 2.4 -428 -82
7824 20 2.4 -608 -300
7925 20 2.4 -540 -166
8027 20 2.4 -432 -162
8130 20 2.4 -492 -196
8235 20 2.4 -528 -286
8341 20 2.4 -540 -266
8449 20 2.4 -500 188
8558 20 2.4 -472 2
8668 20 2.4 -592 -302
8780 20 2.4 -564 -218
8893 20 2.4 -560 -276
9008 20 2.4 -400 -94
9124 20 2.4 -404 -112
9242 20 2.4 -528 254
9361 20 2.4 -564 312
9482 20 2.4 -608 292
9604 20 2.4 -624 338
9728 20 2.4 -504 234
9853 20 2.4 -460 10
9980 20 2.4 -480 -198
10109 20 2.4 -456 -174
10240 20 2.4 -500 -74
10372 20 2.4 -492 218
10505 20 2.4 -552 236
10641 20 2.4 -496 204
10778 20 2.4 -504 286
10917 20 2.4 -476 -226
11058 20 2.4 -516 -234
11201 20 2.4 -492 -90
11345 20 2.4 -396 22
11491 20 2.4 -488 32
11640 20 2.4 -624 340
11790 20 2.4 -452 248
11942 20 2.4 -508 274
12096 20 2.4 -548 268
12252 20 2.4 -540 304
12410 20 2.4 -552 296
12570 20 2.4 -464 -212
12732 20 2.4 -432 -228
12896 20 2.4 -464 -230
13062 20 2.4 -468 -226
13231 20 2.4 -476 -282
13402 20 2.4 -592 332
13574 20 2.4 -396 -20
13750 20 2.4 -428 -104
13927 20 2.4 -548 -286
14106 20 2.4 -464 -230
14288 20 2.4 -512 238
14473 20 2.4 -400 68
14659 20 2.4 -460 16
14848 20 2.4 -640 344
15040 20 2.4 -392 94
15234 20 2.4 -484 56
15430 20 2.4 -440 94
15629 20 2.4 -540 -276
15831 20 2.4 -452 -240
16035 20 2.4 -488 154
16242 20 2.4 -472 -216
16451 20 2.4 -476 -238
16664 20 2.4 -652 -348
16879 20 2.4 -480 -224
17096 20 2.4 -564 -310
17317 20 2.4 -464 -34
17540 20 2.4 -484 -46
17766 20 2.4 -600 -270
17995 20 2.4 -480 -28
18228 20 2.4 -600 324
18463 20 2.4 -520 250
18701 20 2.4 -400 150
18942 20 2.4 -476 190
19186 20 2.4 -468 -40
19434 20 2.4 -404 -116
19684 20 2.4 -508 242
19938 20 2.4 -388 6
20195 20 2.4 -472 182
20456 20 2.4 -488 36
20720 20 2.4 -468 60
20987 20 2.4 -436 -132
21258 20 2.4 -404 -60
21532 20 2.4 -440 134
21810 20 2.4 -464 -38
22091 20 2.4 -484 -246
22376 20 2.4 -612 288
22664 20 2.4 -608 310
22957 20 2.4 -552 314
23253 20 2.4 -536 -132
23553 20 2.4 -552 -278
23856 20 2.4 -464 22
24164 20 2.4 -612 -288
24476 20 2.4 -432 16
24791 20 2.4 -500 218
25111 20 2.4 -624 -342
25435 20 2.4 -516 -146
25763 20 2.4 -488 -220
26095 20 2.4 -516 -180
26432 20 2.4 -472 -116
26773 20 2.4 -448 154
27118 20 2.4 -584 -234
27468 20 2.4 -504 -258
27822 20 2.4 -544 -302
28181 20 2.4 -464 40
28545 20 2.4 -604 -308
28913 20 2.4 -528 -270
29286 20 2.4 -612 -342
29663 20 2.4 -552 -304
30046 20 2.4 -476 -208
30434 20 2.4 -380 -42
30826 20 2.4 -556 -266
31224 20 2.4 -408 32
31626 20 2.4 -492 266
32034 20 2.4 -436 56
32447 20 2.4 -456 -196
32866 20 2.4 -496 214
33290 20 2.4 -508 -234
33719 20 2.4 -444 112
34154 20 2.4 -464 220
34595 20 2.4 -504 230
35041 20 2.4 -516 160
35493 20 2.4 -460 -140
35951 20 2.4 -472 -196
36414 20 2.4 -432 0
36884 20 2.4 -380 -168
37360 20 2.4 -404 46
37841 20 2.4 -500 -176
38330 20 2.4 -524 252
38824 20 2.4 -468 -228
39325 20 2.4 -544 254
39832 20 2.4 -560 292
40346 20 2.4 -520 248
40866 20 2.4 -488 166
41393 20 2.4 -440 -20
41927 20 2.4 -560 290
42468 20 2.4 -504 -276
43015 20 2.4 -440 -158
43570 20 2.4 -416 -190
44132 20 2.4 -484 -202
44701 20 2.4 -448 178
45278 20 2.4 -488 -260
45862 20 2.4 -468 120
46453 20 2.4 -468 84
47053 20 2.4 -540 310
47660 20 2.4 -532 -240
48274 20 2.4 -572 -314
48897 20 2.4 -512 270
49528 20 2.4 -464 132
50166 20 2.4 -484 206
50813 20 2.4 -476 270
51469 20 2.4 -388 -140
52133 20 2.4 -560 272
52805 20 2.4 -516 166
53486 20 2.4 -420 74
54176 20 2.4 -548 -276
54875 20 2.4 -520 230
55582 20 2.4 -420 -94
56299 20 2.4 -404 -86
57025 20 2.4 -472 -214
57761 20 2.4 -460 -124
58506 20 2.4 -644 -338
59261 20 2.4 -408 108
60025 20 2.4 -492 -40
60799 20 2.4 -528 -270
61583 20 2.4 -564 -316
62378 20 2.4 -488 12
63182 20 2.4 -548 -286
63997 20 2.4 -516 -224
64822 20 2.4 -404 130
65658 20 2.4 -484 -72
66505 20 2.4 -516 198
67363 20 2.4 -484 -236
68232 20 2.4 -544 -276
69112 20 2.4 -388 -94
70003 20 2.4 -424 -178
70906 20 2.4 -484 236
71821 20 2.4 -476 176
72747 20 2.4 -472 134
73685 20 2.4 -560 296
74636 20 2.4 -584 318
75599 20 2.4 -536 -100
76574 20 2.4 -468 -106
77561 20 2.4 -452 -146
78562 20 2.4 -536 -162
79575 20 2.4 -484 284
80601 20 2.4 -524 -288
81641 20 2.4 -588 296
82694 20 2.4 -488 -58
83760 20 2.4 -564 -312
84841 20 2.4 -592 -306
85935 20 2.4 -512 -256
87043 20 2.4 -508 -248
88166 20 2.4 -488 156
89303 20 2.4 -412 -76
90455 20 2.4 -456 200
91622 20 2.4 -420 214
92803 20 2.4 -644 -342
94000 20 2.4 -460 -80
95213 20 2.4 -488 -214
96441 20 2.4 -452 136
97685 20 2.4 -480 136
98945 20 2.4 -524 -240
100221 20 2.4 -572 302
101513 20 2.4 -396 -60
102823 20 2.4 -508 -244
104149 20 2.4 -536 -252
105492 20 2.4 -436 134
106853 20 2.4 -428 -58
108231 20 2.4 -456 30
109627 20 2.4 -424 96
111041 20 2.4 -592 -324
112473 20 2.4 -440 -124
113924 20 2.4 -516 264
115393 20 2.4 -416 6
116882 20 2.4 -500 -80
118389 20 2.4 -504 124
119916 20 2.4 -456 152
121463 20 2.4 -520 194
123029 20 2.4 -520 -266
124616 20 2.4 -608 314
126224 20 2.4 -564 -276
127852 20 2.4 -472 -80
129501 20 2.4 -440 -24
131171 20 2.4 -592 286
132863 20 2.4 -528 258
134576 20 2.4 -456 -198
136312 20 2.4 -484 118
138070 20 2.4 -464 158
139851 20 2.4 -592 -308
141655 20 2.4 -452 130
143482 20 2.4 -456 186
145333 20 2.4 -560 268
147207 20 2.4 -448 198
149106 20 2.4 -496 -116
151029 20 2.4 -504 -86
152977 20 2.4 -436 138
154950 20 2.4 -424 48
156948 20 2.4 -480 200
158973 20 2.4 -412 -94
161023 20 2.4 -472 210
163100 20 2.4 -528 246
165204 20 2.4 -524 202
167334 20 2.4 -612 -308
169493 20 2.4 -452 52
171679 20 2.4 -500 268
173893 20 2.4 -452 156
176136 20 2.4 -596 -306
178408 20 2.4 -440 -40
180709 20 2.4 -572 -170
183040 20 2.4 -576 -304
185400 20 2.4 -508 242
187792 20 2.4 -584 -312
190214 20 2.4 -476 -270
192667 20 2.4 -524 276
195152 20 2.4 -492 -236
197669 20 2.4 -524 -192
200219 20 2.4 -468 24
202801 20 2.4 -560 -288
205417 20 2.4 -580 -324
208066 20 2.4 -432 -134
210750 20 2.4 -480 -224
213468 20 2.4 -420 114
216222 20 2.4 -512 -214
219010 20 2.4 -560 76
221835 20 2.4 -412 142
224696 20 2.4 -456 -16
227595 20 2.4 -424 -12
230530 20 2.4 -396 -150
233503 20 2.4 -476 114
236515 20 2.4 -528 -170
239566 20 2.4 -516 -226
242656 20 2.4 -560 292
245785 20 2.4 -464 86
248956 20 2.4 -596 -332
252167 20 2.4 -480 -144
255419 20 2.4 -548 188
258713 20 2.4 -416 84
262050 20 2.4 -484 -48
265430 20 2.4 -572 -300
268854 20 2.4 -672 364
272321 20 2.4 -504 170
275834 20 2.4 -480 166
279391 20 2.4 -456 206
282995 20 2.4 -472 -244
286645 20 2.4 -480 38
290342 20 2.4 -520 -206
294087 20 2.4 -568 256
297880 20 2.4 -560 300
301722 20 2.4 -544 260
305614 20 2.4 -452 132
309556 20 2.4 -412 12
313548 20 2.4 -416 130
317592 20 2.4 -428 -136
321689 20 2.4 -456 26
325838 20 2.4 -472 -198
330040 20 2.4 -524 -268
334297 20 2.4 -488 60
338609 20 2.4 -436 68
342976 20 2.4 -464 148
347400 20 2.4 -492 -256
351881 20 2.4 -464 22
356419 20 2.4 -456 -80
361016 20 2.4 -464 174
365673 20 2.4 -488 -76
370389 20 2.4 -496 -96
375167 20 2.4 -556 290
380005 20 2.4 -420 -130
384907 20 2.4 -460 24
389871 20 2.4 -540 234
394900 20 2.4 -548 268
399993 20 2.4 -504 -244
405152 20 2.4 -496 -66
410378 20 2.4 -552 310
415671 20 2.4 -544 222
421032 20 2.4 -492 -162
426463 20 2.4 -508 -38
431963 20 2.4 -456 10
437535 20 2.4 -464 130
443178 20 2.4 -424 46
448894 20 2.4 -452 -72
454684 20 2.4 -516 -216
460548 20 2.4 -344 -24
466489 20 2.4 -484 268
472505 20 2.4 -420 -154
478600 20 2.4 -452 -112
484773 20 2.4 -476 -178
491025 20 2.4 -472 -68
497358 20 2.4 -456 -200
503773 20 2.4 -424 122
510271 20 2.4 -420 -28
516852 20 2.4 -628 338
523519 20 2.4 -456 -146
530271 20 2.4 -460 114
537111 20 2.4 -400 -2
544038 20 2.4 -460 -152
551055 20 2.4 -464 48
558163 20 2.4 -464 96
565362 20 2.4 -536 -276
572654 20 2.4 -452 -22
580040 20 2.4 -500 162
587521 20 2.4 -420 108
595099 20 2.4 -476 192
602775 20 2.4 -436 36
610549 20 2.4 -524 -220
618424 20 2.4 -412 -52
626400 20 2.4 -480 156
634480 20 2.4 -564 2
642663 20 2.4 -516 272
650952 20 2.4 -380 52
659348 20 2.4 -424 -132
667853 20 2.4 -548 -276
676467 20 2.4 -420 -54
685192 20 2.4 -412 56
694029 20 2.4 -560 -248
702981 20 2.4 -568 -280
712048 20 2.4 -468 -6
721232 20 2.4 -508 278
730534 20 2.4 -544 -258
739957 20 2.4 -452 170
749500 20 2.4 -564 -296
759168 20 2.4 -496 158
768959 20 2.4 -556 150
778877 20 2.4 -520 82
788923 20 2.4 -512 -140
799099 20 2.4 -520 250
809405 20 2.4 -544 276
819845 20 2.4 -524 -258
830419 20 2.4 -448 158
841130 20 2.4 -504 -232
851979 20 2.4 -600 328
862968 20 2.4 -516 -242
874098 20 2.4 -536 246
885373 20 2.4 -488 -120
896792 20 2.4 -624 -324
908359 20 2.4 -508 -242
920075 20 2.4 -532 212
931942 20 2.4 -440 -32
943962 20 2.4 -496 34
956137 20 2.4 -516 -12
968470 20 2.4 -452 110
980961 20 2.4 -504 222
993613 20 2.4 -516 -216
999999 20 2.4 -476 -150
