3 100 2.3 -16632 8898
4 100 2.3 -16408 8776
5 100 2.3 -16036 8546
6 100 2.3 -15836 8424
7 100 2.3 -16028 8572
8 100 2.3 -15656 8438
9 100 2.3 -15392 8322
10 100 2.3 -15476 8278
11 100 2.3 -15480 8222
12 100 2.3 -15256 8096
13 100 2.3 -15268 8030
14 100 2.3 -14888 7918
15 100 2.3 -14960 7962
16 100 2.3 -15000 7842
17 100 2.3 -14884 7814
18 100 2.3 -15140 7908
19 100 2.3 -15100 7852
20 100 2.3 -15088 7778
21 100 2.3 -14868 7742
22 100 2.3 -15000 7704
23 100 2.3 -15388 7812
24 100 2.3 -15196 7678
25 100 2.3 -15196 7736
26 100 2.3 -14904 7574
27 100 2.3 -14828 7570
28 100 2.3 -14672 7506
29 100 2.3 -14540 7368
30 100 2.3 -14756 7466
31 100 2.3 -14684 7440
32 100 2.3 -14556 7382
33 100 2.3 -14480 7364
34 100 2.3 -14336 7310
35 100 2.3 -14248 7284
36 100 2.3 -14308 7268
37 100 2.3 -14312 7200
38 100 2.3 -14692 7408
39 100 2.3 -14612 7476
40 100 2.3 -14524 7484
41 100 2.3 -14612 7490
42 100 2.3 -14424 7278
43 100 2.3 -14288 7242
44 100 2.3 -14424 7304
45 100 2.3 -14420 7262
46 100 2.3 -14476 7312
47 100 2.3 -14580 7364
48 100 2.3 -14440 7388
49 100 2.3 -14624 7446
50 100 2.3 -14504 7410
51 100 2.3 -14676 7346
52 100 2.3 -14432 7264
53 100 2.3 -14536 7264
54 100 2.3 -14660 7386
55 100 2.3 -14560 7274
56 100 2.3 -14480 7224
57 100 2.3 -14372 7136
58 100 2.3 -14652 7330
59 100 2.3 -14552 7320
60 100 2.3 -14456 7282
61 100 2.3 -14608 7290
62 100 2.3 -14456 7158
63 100 2.3 -14392 7170
64 100 2.3 -14500 7142
65 100 2.3 -14432 7138
66 100 2.3 -14232 7086
67 100 2.3 -14472 7080
68 100 2.3 -14340 6906
69 100 2.3 -14248 6886
70 100 2.3 -13944 6778
71 100 2.3 -14048 6766
72 100 2.3 -14088 6800
73 100 2.3 -14172 6762
74 100 2.3 -14260 6816
75 100 2.3 -14380 6802
76 100 2.3 -14104 6580
77 100 2.3 -14220 6566
78 100 2.3 -14016 6590
79 100 2.3 -14144 6592
80 100 2.3 -13920 6438
81 100 2.3 -13864 6278
82 100 2.3 -13764 6274
83 100 2.3 -14156 6322
84 100 2.3 -13840 6264
85 100 2.3 -14072 6362
86 100 2.3 -13948 6528
88 100 2.3 -13916 6358
89 100 2.3 -14256 6544
90 100 2.3 -14136 6622
91 100 2.3 -13892 6582
92 100 2.3 -14112 6606
93 100 2.3 -14108 6520
95 100 2.3 -14104 6440
96 100 2.3 -13944 6388
97 100 2.3 -14144 6480
98 100 2.3 -13868 6468
99 100 2.3 -13656 6306
101 100 2.3 -13944 6312
102 100 2.3 -14140 6514
103 100 2.3 -13968 6436
105 100 2.3 -14020 6512
106 100 2.3 -13976 6452
107 100 2.3 -14072 6468
109 100 2.3 -14260 6506
110 100 2.3 -14380 6390
112 100 2.3 -14172 6414
113 100 2.3 -13888 6304
114 100 2.3 -13644 6050
116 100 2.3 -13920 6128
117 100 2.3 -14240 6208
119 100 2.3 -13904 6174
120 100 2.3 -13952 6190
122 100 2.3 -13912 6136
124 100 2.3 -14252 6134
125 100 2.3 -13856 5912
127 100 2.3 -13872 5876
128 100 2.3 -13948 5912
130 100 2.3 -13664 5958
132 100 2.3 -13660 5824
133 100 2.3 -13524 5860
135 100 2.3 -13920 6066
137 100 2.3 -13740 5996
139 100 2.3 -13816 6156
140 100 2.3 -13960 6204
142 100 2.3 -13640 6170
144 100 2.3 -13872 6198
146 100 2.3 -13672 6188
148 100 2.3 -13732 6166
150 100 2.3 -13596 6108
152 100 2.3 -13788 6260
154 100 2.3 -13800 6068
155 100 2.3 -13640 5992
157 100 2.3 -13760 6046
160 100 2.3 -13968 6120
162 100 2.3 -13480 6056
164 100 2.3 -13536 6130
166 100 2.3 -13728 6192
168 100 2.3 -13716 6174
170 100 2.3 -13788 6182
172 100 2.3 -14196 6418
174 100 2.3 -13888 6368
177 100 2.3 -13700 6162
179 100 2.3 -14088 6208
181 100 2.3 -14160 6358
184 100 2.3 -14048 6324
186 100 2.3 -14216 6542
188 100 2.3 -13804 6402
191 100 2.3 -13876 6352
193 100 2.3 -13996 6486
196 100 2.3 -14068 6476
198 100 2.3 -13924 6218
201 100 2.3 -14248 6400
203 100 2.3 -13728 6172
206 100 2.3 -13908 6126
209 100 2.3 -13836 6160
211 100 2.3 -13996 6172
214 100 2.3 -13948 6146
217 100 2.3 -14236 6272
220 100 2.3 -14124 6142
222 100 2.3 -14040 6058
225 100 2.3 -13752 5840
228 100 2.3 -14016 5946
231 100 2.3 -14164 5922
234 100 2.3 -13816 5786
237 100 2.3 -13424 5560
240 100 2.3 -13840 5638
243 100 2.3 -14020 5620
246 100 2.3 -13504 5420
250 100 2.3 -13584 5302
253 100 2.3 -13896 5408
256 100 2.3 -14136 5498
259 100 2.3 -14008 5504
263 100 2.3 -13848 5540
266 100 2.3 -13992 5664
269 100 2.3 -13968 5692
273 100 2.3 -13864 5522
276 100 2.3 -13728 5318
280 100 2.3 -13272 4914
284 100 2.3 -13444 5170
287 100 2.3 -13484 5154
291 100 2.3 -13876 5056
295 100 2.3 -13824 5138
298 100 2.3 -13700 5110
302 100 2.3 -13736 4934
306 100 2.3 -13664 5110
310 100 2.3 -13812 4984
314 100 2.3 -13396 4936
318 100 2.3 -13480 4756
322 100 2.3 -13352 4590
326 100 2.3 -13444 4540
331 100 2.3 -13428 4888
335 100 2.3 -13468 4656
339 100 2.3 -13384 4666
344 100 2.3 -13564 4696
348 100 2.3 -13668 4648
352 100 2.3 -14112 4890
357 100 2.3 -13704 4624
362 100 2.3 -13508 4374
366 100 2.3 -13588 4144
371 100 2.3 -13552 4160
376 100 2.3 -13436 3960
381 100 2.3 -13356 3828
385 100 2.3 -13116 3622
390 100 2.3 -13460 3880
395 100 2.3 -13584 4148
401 100 2.3 -13680 4262
406 100 2.3 -13488 4418
411 100 2.3 -13588 4486
416 100 2.3 -13676 4478
422 100 2.3 -13992 4514
427 100 2.3 -13516 4142
433 100 2.3 -13612 4282
438 100 2.3 -13884 4430
444 100 2.3 -13792 4716
449 100 2.3 -14132 5070
455 100 2.3 -13532 4736
461 100 2.3 -13868 4818
467 100 2.3 -13932 4964
473 100 2.3 -14188 4798
479 100 2.3 -13548 4832
485 100 2.3 -13840 5020
492 100 2.3 -13552 4868
498 100 2.3 -14112 5328
504 100 2.3 -14192 5598
511 100 2.3 -13672 5356
517 100 2.3 -13956 5474
524 100 2.3 -14108 5616
531 100 2.3 -13636 5338
538 100 2.3 -13448 5244
545 100 2.3 -13676 5094
552 100 2.3 -13776 5320
559 100 2.3 -13484 4958
566 100 2.3 -13808 4982
573 100 2.3 -13908 5112
581 100 2.3 -13784 5012
588 100 2.3 -13776 5062
596 100 2.3 -13928 4850
603 100 2.3 -13468 4824
611 100 2.3 -13508 4852
619 100 2.3 -13652 4704
627 100 2.3 -13684 4652
635 100 2.3 -13712 4628
643 100 2.3 -13628 4624
652 100 2.3 -13756 4674
660 100 2.3 -13748 4818
668 100 2.3 -13676 4880
677 100 2.3 -14052 4870
686 100 2.3 -14040 4892
695 100 2.3 -13772 4988
704 100 2.3 -13536 5058
713 100 2.3 -13460 4932
722 100 2.3 -13840 5022
731 100 2.3 -14072 5066
741 100 2.3 -13756 5036
750 100 2.3 -13612 5056
760 100 2.3 -13932 5120
770 100 2.3 -13844 4692
780 100 2.3 -13120 4460
790 100 2.3 -13080 4280
800 100 2.3 -13488 4436
810 100 2.3 -12944 3908
821 100 2.3 -13104 3530
831 100 2.3 -13536 4408
842 100 2.3 -13852 4438
853 100 2.3 -13580 4224
864 100 2.3 -13552 4272
875 100 2.3 -13868 4936
886 100 2.3 -13696 4876
897 100 2.3 -13848 4474
909 100 2.3 -13724 4112
921 100 2.3 -13528 3912
933 100 2.3 -13824 3530
945 100 2.3 -13636 3434
957 100 2.3 -13608 3502
969 100 2.3 -14104 3872
982 100 2.3 -13888 3996
994 100 2.3 -13644 4444
1007 100 2.3 -13200 3938
1020 100 2.3 -13588 4112
1033 100 2.3 -13644 4196
1047 100 2.3 -13860 4172
1060 100 2.3 -13648 4420
1074 100 2.3 -13812 4252
1088 100 2.3 -13668 4668
1102 100 2.3 -13360 4892
1116 100 2.3 -13564 4604
1130 100 2.3 -13464 4750
1145 100 2.3 -13628 4510
1160 100 2.3 -13588 4934
1174 100 2.3 -13624 4770
1190 100 2.3 -13364 5066
1205 100 2.3 -13468 5020
1220 100 2.3 -13272 4842
1236 100 2.3 -13468 4972
1252 100 2.3 -13620 4686
1268 100 2.3 -13200 4620
1285 100 2.3 -13636 4740
1301 100 2.3 -13724 4644
1318 100 2.3 -13512 4534
1335 100 2.3 -13708 4584
1352 100 2.3 -13792 4764
1370 100 2.3 -13956 4464
1387 100 2.3 -14060 4730
1405 100 2.3 -13604 4172
1423 100 2.3 -12988 3850
1442 100 2.3 -13664 3840
1460 100 2.3 -13380 3844
1479 100 2.3 -13548 3992
1498 100 2.3 -13548 4200
1517 100 2.3 -13044 3056
1537 100 2.3 -13664 2608
1557 100 2.3 -13844 2836
1577 100 2.3 -13644 3316
1597 100 2.3 -13560 3652
1618 100 2.3 -13552 3582
1639 100 2.3 -13460 2830
1660 100 2.3 -13508 3078
1681 100 2.3 -13448 3132
1703 100 2.3 -13184 3192
1725 100 2.3 -13180 3534
1747 100 2.3 -13596 3408
1770 100 2.3 -13348 3636
1792 100 2.3 -13672 3322
1816 100 2.3 -13400 2886
1839 100 2.3 -13288 3196
1863 100 2.3 -13136 2778
1887 100 2.3 -12952 3550
1911 100 2.3 -13080 2848
1936 100 2.3 -13048 2798
1961 100 2.3 -12888 2646
1986 100 2.3 -13156 2752
2012 100 2.3 -13372 2166
2037 100 2.3 -13288 1740
2064 100 2.3 -13036 2254
2090 100 2.3 -13508 2428
2117 100 2.3 -13244 2830
2145 100 2.3 -13388 2732
2172 100 2.3 -13116 3282
2200 100 2.3 -13432 3406
2229 100 2.3 -13180 2984
2257 100 2.3 -13472 2992
2286 100 2.3 -13224 3188
2316 100 2.3 -13396 2670
2346 100 2.3 -13552 2510
2376 100 2.3 -13416 2492
2407 100 2.3 -13508 2078
2438 100 2.3 -13244 1626
2469 100 2.3 -13260 1558
2501 100 2.3 -13336 1726
2533 100 2.3 -13248 1902
2566 100 2.3 -13308 1754
2599 100 2.3 -13464 1866
2633 100 2.3 -13352 1996
2667 100 2.3 -12808 1602
2701 100 2.3 -13044 1572
2736 100 2.3 -13072 1216
2771 100 2.3 -13416 566
2807 100 2.3 -13144 1410
2843 100 2.3 -13156 742
2880 100 2.3 -13288 134
2917 100 2.3 -13372 -324
2954 100 2.3 -13232 70
2992 100 2.3 -13780 -324
3031 100 2.3 -13672 -4
3070 100 2.3 -13748 -114
3110 100 2.3 -13376 186
3150 100 2.3 -13212 -68
3190 100 2.3 -12984 -252
3232 100 2.3 -13056 -486
3273 100 2.3 -13532 -1158
3315 100 2.3 -13388 -1388
3358 100 2.3 -13636 -1280
3402 100 2.3 -13324 -1306
3445 100 2.3 -13428 -1464
3490 100 2.3 -13412 -738
3535 100 2.3 -12872 -426
3580 100 2.3 -13472 -496
3627 100 2.3 -13264 -976
3673 100 2.3 -13192 -826
3721 100 2.3 -13172 -1718
3769 100 2.3 -13332 -1976
3817 100 2.3 -13672 -2032
3867 100 2.3 -13176 -2524
3916 100 2.3 -13164 -1674
3967 100 2.3 -13216 -1410
4018 100 2.3 -13832 -2806
4070 100 2.3 -13912 -1848
4122 100 2.3 -13240 -2132
4176 100 2.3 -13756 -2494
4229 100 2.3 -13656 -2484
4284 100 2.3 -13596 -2424
4339 100 2.3 -13084 -2314
4395 100 2.3 -13124 -1812
4452 100 2.3 -12520 -1170
4509 100 2.3 -13852 -580
4567 100 2.3 -13520 -1546
4626 100 2.3 -12988 -1488
4686 100 2.3 -13016 -1688
4746 100 2.3 -13568 -1046
4808 100 2.3 -13052 -274
4870 100 2.3 -12792 -560
4932 100 2.3 -13312 -960
4996 100 2.3 -13652 -1720
5060 100 2.3 -13208 -1608
5126 100 2.3 -13308 -1822
5192 100 2.3 -13328 -1332
5259 100 2.3 -13000 -472
5327 100 2.3 -13136 -1308
5395 100 2.3 -13500 -1706
5465 100 2.3 -13480 -994
5535 100 2.3 -13624 -1052
5607 100 2.3 -13384 -1704
5679 100 2.3 -13472 -2306
5752 100 2.3 -13740 -2404
5826 100 2.3 -13556 -2052
5902 100 2.3 -13768 -2882
5978 100 2.3 -13796 -3802
6055 100 2.3 -12844 -3298
6133 100 2.3 -13428 -3268
6212 100 2.3 -13536 -3786
6292 100 2.3 -13836 -4086
6373 100 2.3 -13808 -3630
6455 100 2.3 -13080 -2818
6539 100 2.3 -13792 -3410
6623 100 2.3 -13716 -3716
6708 100 2.3 -13484 -4308
6795 100 2.3 -13256 -3678
6883 100 2.3 -13016 -2810
6971 100 2.3 -13404 -3732
7061 100 2.3 -13036 -2914
7152 100 2.3 -13532 -2388
7245 100 2.3 -13552 -2632
7338 100 2.3 -13592 -2694
7433 100 2.3 -13896 -2444
7529 100 2.3 -13812 -2832
7626 100 2.3 -13508 -3174
7724 100 2.3 -13392 -2258
7824 100 2.3 -13156 -2442
7925 100 2.3 -12904 -1750
8027 100 2.3 -13444 -2010
8130 100 2.3 -13456 -1116
8235 100 2.3 -13172 -2976
8341 100 2.3 -13492 -2936
8449 100 2.3 -14060 -4340
8558 100 2.3 -13436 -3870
8668 100 2.3 -13496 -4182
8780 100 2.3 -13584 -4668
8893 100 2.3 -13600 -3966
9008 100 2.3 -13280 -4838
9124 100 2.3 -13392 -4758
9242 100 2.3 -13544 -4488
9361 100 2.3 -13140 -4360
9482 100 2.3 -13564 -4758
9604 100 2.3 -13696 -5502
9728 100 2.3 -13804 -4602
9853 100 2.3 -13368 -2996
9980 100 2.3 -13364 -2524
10109 100 2.3 -13284 -2700
10240 100 2.3 -13284 -3174
10372 100 2.3 -13896 -2764
10505 100 2.3 -13504 -2722
10641 100 2.3 -13092 -682
10778 100 2.3 -13048 -508
10917 100 2.3 -13256 -836
11058 100 2.3 -12628 1134
11201 100 2.3 -12996 780
11345 100 2.3 -13204 2068
11491 100 2.3 -13656 1688
11640 100 2.3 -13360 2004
11790 100 2.3 -13840 1776
11942 100 2.3 -13188 2642
12096 100 2.3 -13644 2342
12252 100 2.3 -13384 2506
12410 100 2.3 -13348 2640
12570 100 2.3 -13160 2440
12732 100 2.3 -13536 1854
12896 100 2.3 -12992 2308
13062 100 2.3 -13324 2946
13231 100 2.3 -13336 2688
13402 100 2.3 -13212 2070
13574 100 2.3 -13844 3242
13750 100 2.3 -13512 2636
13927 100 2.3 -13584 1690
14106 100 2.3 -13728 3256
14288 100 2.3 -13744 3982
14473 100 2.3 -13400 2954
14659 100 2.3 -13328 3108
14848 100 2.3 -13352 4170
15040 100 2.3 -13288 1644
15234 100 2.3 -12972 2072
15430 100 2.3 -13740 1136
15629 100 2.3 -13292 344
15831 100 2.3 -12932 1336
16035 100 2.3 -13188 2164
16242 100 2.3 -13288 2524
16451 100 2.3 -13608 3134
16664 100 2.3 -13580 1636
16879 100 2.3 -13552 3226
17096 100 2.3 -13424 3494
17317 100 2.3 -13288 3636
17540 100 2.3 -13784 5026
17766 100 2.3 -13604 4506
17995 100 2.3 -14020 4424
18228 100 2.3 -14116 5256
18463 100 2.3 -13816 5270
18701 100 2.3 -13476 5008
18942 100 2.3 -13376 3924
19186 100 2.3 -13568 5226
19434 100 2.3 -13816 5564
19684 100 2.3 -13932 5596
19938 100 2.3 -13992 6172
20195 100 2.3 -14264 7128
20456 100 2.3 -13768 5652
20720 100 2.3 -13768 4468
20987 100 2.3 -13984 5040
21258 100 2.3 -13596 5846
21532 100 2.3 -13812 5826
21810 100 2.3 -13920 6062
22091 100 2.3 -13372 5702
22376 100 2.3 -13932 6638
22664 100 2.3 -14480 6970
22957 100 2.3 -13148 5262
23253 100 2.3 -13968 6398
23553 100 2.3 -13848 5226
23856 100 2.3 -13428 5474
24164 100 2.3 -13428 5480
24476 100 2.3 -14052 5704
24791 100 2.3 -13256 4356
25111 100 2.3 -13772 4992
25435 100 2.3 -13144 3688
25763 100 2.3 -13308 3646
26095 100 2.3 -13184 2610
26432 100 2.3 -13048 2646
26773 100 2.3 -13752 166
27118 100 2.3 -13452 -14
27468 100 2.3 -12984 -468
27822 100 2.3 -13480 -2702
28181 100 2.3 -13400 -1958
28545 100 2.3 -13172 -2376
28913 100 2.3 -13684 -4348
29286 100 2.3 -14040 -4922
29663 100 2.3 -13648 -5258
30046 100 2.3 -13168 -1474
30434 100 2.3 -13724 -4058
30826 100 2.3 -13140 -3332
31224 100 2.3 -13524 -5208
31626 100 2.3 -13844 -5852
32034 100 2.3 -13400 -1234
32447 100 2.3 -13436 1100
32866 100 2.3 -13300 2082
33290 100 2.3 -12824 1284
33719 100 2.3 -12916 1756
34154 100 2.3 -13384 548
34595 100 2.3 -13672 1500
35041 100 2.3 -13136 540
35493 100 2.3 -13452 342
35951 100 2.3 -13208 1776
36414 100 2.3 -13856 3446
36884 100 2.3 -13796 2566
37360 100 2.3 -13548 3662
37841 100 2.3 -13384 4062
38330 100 2.3 -14188 4346
38824 100 2.3 -13456 3170
39325 100 2.3 -13668 5100
39832 100 2.3 -13124 3494
40346 100 2.3 -12936 3094
40866 100 2.3 -13472 4476
41393 100 2.3 -13600 2700
41927 100 2.3 -13384 3450
42468 100 2.3 -13192 2470
43015 100 2.3 -13528 4190
43570 100 2.3 -13816 2294
44132 100 2.3 -13388 2782
44701 100 2.3 -13428 3798
45278 100 2.3 -13232 4120
45862 100 2.3 -13864 6110
46453 100 2.3 -13740 5650
47053 100 2.3 -13312 5160
47660 100 2.3 -13548 4242
48274 100 2.3 -13156 2188
48897 100 2.3 -13764 2930
49528 100 2.3 -13628 3866
50166 100 2.3 -14072 5532
50813 100 2.3 -12872 2790
51469 100 2.3 -13624 2682
52133 100 2.3 -13180 1614
52805 100 2.3 -13008 932
53486 100 2.3 -12788 3576
54176 100 2.3 -13560 5002
54875 100 2.3 -13368 5164
55582 100 2.3 -13896 4916
56299 100 2.3 -13912 4306
57025 100 2.3 -13252 2448
57761 100 2.3 -13800 28
58506 100 2.3 -13048 676
59261 100 2.3 -13276 -780
60025 100 2.3 -13292 -946
60799 100 2.3 -13380 -2956
61583 100 2.3 -13524 -4988
62378 100 2.3 -13524 -4524
63182 100 2.3 -13704 -5090
63997 100 2.3 -13744 -5796
64822 100 2.3 -13992 -6230
65658 100 2.3 -13992 -6204
66505 100 2.3 -13644 -4622
67363 100 2.3 -13484 -4512
68232 100 2.3 -13828 -4494
69112 100 2.3 -13448 -3804
70003 100 2.3 -13492 -3080
70906 100 2.3 -13596 -2836
71821 100 2.3 -13488 -3552
72747 100 2.3 -13676 -5896
73685 100 2.3 -13564 -5260
74636 100 2.3 -13180 -3106
75599 100 2.3 -13296 -1434
76574 100 2.3 -13292 1546
77561 100 2.3 -13160 -3104
78562 100 2.3 -13968 -5750
79575 100 2.3 -13828 -5254
80601 100 2.3 -14092 -5564
81641 100 2.3 -13428 -1558
82694 100 2.3 -13380 -244
83760 100 2.3 -12616 1452
84841 100 2.3 -13544 4062
85935 100 2.3 -13144 1300
87043 100 2.3 -13352 -1672
88166 100 2.3 -13868 -1340
89303 100 2.3 -13544 -4644
90455 100 2.3 -13080 -1806
91622 100 2.3 -13620 780
92803 100 2.3 -13264 3884
94000 100 2.3 -13460 5020
95213 100 2.3 -13068 2838
96441 100 2.3 -13724 4386
97685 100 2.3 -12992 2676
98945 100 2.3 -13376 3904
100221 100 2.3 -13692 3716
101513 100 2.3 -13148 468
102823 100 2.3 -13912 -4372
104149 100 2.3 -13852 1104
105492 100 2.3 -13164 -808
106853 100 2.3 -13224 -4604
108231 100 2.3 -13460 -2202
109627 100 2.3 -13168 2162
111041 100 2.3 -13560 2332
112473 100 2.3 -12840 -1892
113924 100 2.3 -13328 -156
115393 100 2.3 -13260 -894
116882 100 2.3 -13424 970
118389 100 2.3 -12752 2416
119916 100 2.3 -13900 2930
121463 100 2.3 -13348 2652
123029 100 2.3 -14296 6190
124616 100 2.3 -13328 3194
126224 100 2.3 -13452 3990
127852 100 2.3 -13540 3862
129501 100 2.3 -13776 5772
131171 100 2.3 -13608 4080
132863 100 2.3 -13492 -1000
134576 100 2.3 -13784 -392
136312 100 2.3 -13548 3540
138070 100 2.3 -13192 804
139851 100 2.3 -12872 -3016
141655 100 2.3 -13880 -5180
143482 100 2.3 -13660 -970
145333 100 2.3 -13204 4628
147207 100 2.3 -13756 4816
149106 100 2.3 -13976 4646
151029 100 2.3 -13824 4776
152977 100 2.3 -13312 3100
154950 100 2.3 -13664 1054
156948 100 2.3 -12956 892
158973 100 2.3 -13484 -444
161023 100 2.3 -13340 2086
163100 100 2.3 -13308 3496
165204 100 2.3 -13208 -2606
167334 100 2.3 -12680 250
169493 100 2.3 -13248 3720
171679 100 2.3 -13792 4442
173893 100 2.3 -13028 814
176136 100 2.3 -13424 232
178408 100 2.3 -13544 834
180709 100 2.3 -13484 2870
183040 100 2.3 -13440 2574
185400 100 2.3 -13360 3232
187792 100 2.3 -13340 -3138
190214 100 2.3 -13484 -1242
192667 100 2.3 -13680 -5542
195152 100 2.3 -13452 -2262
197669 100 2.3 -13460 -3466
200219 100 2.3 -13188 -4610
202801 100 2.3 -13888 -5902
205417 100 2.3 -13640 -5374
208066 100 2.3 -13500 -4146
210750 100 2.3 -13300 -3390
213468 100 2.3 -12976 -3096
216222 100 2.3 -13864 -4436
219010 100 2.3 -12576 -2860
221835 100 2.3 -13712 -3864
224696 100 2.3 -13408 -3050
227595 100 2.3 -13556 -2306
230530 100 2.3 -13500 -4622
233503 100 2.3 -13288 -2614
236515 100 2.3 -13600 -1354
239566 100 2.3 -14060 -4814
242656 100 2.3 -13960 -5526
245785 100 2.3 -14340 -6770
248956 100 2.3 -13380 2662
252167 100 2.3 -13212 1102
255419 100 2.3 -13252 788
258713 100 2.3 -13308 1618
262050 100 2.3 -13732 5600
265430 100 2.3 -13596 6198
268854 100 2.3 -13680 2702
272321 100 2.3 -13264 2034
275834 100 2.3 -13736 5390
279391 100 2.3 -13748 5486
282995 100 2.3 -13224 4184
286645 100 2.3 -12848 -812
290342 100 2.3 -13188 -4464
294087 100 2.3 -13836 -5670
297880 100 2.3 -13708 -6380
301722 100 2.3 -13220 -2726
305614 100 2.3 -13680 -4344
309556 100 2.3 -13652 2170
313548 100 2.3 -13544 -2826
317592 100 2.3 -13008 1528
321689 100 2.3 -13320 4712
325838 100 2.3 -13692 5652
330040 100 2.3 -13644 4406
334297 100 2.3 -13308 3420
338609 100 2.3 -12876 2452
342976 100 2.3 -13364 -848
347400 100 2.3 -14096 -5302
351881 100 2.3 -13028 -4814
356419 100 2.3 -13280 -2716
361016 100 2.3 -13816 -3608
365673 100 2.3 -12992 -2648
370389 100 2.3 -13656 -1744
375167 100 2.3 -13864 5128
380005 100 2.3 -13664 4038
384907 100 2.3 -13532 -4548
389871 100 2.3 -13960 -5760
394900 100 2.3 -13656 5354
399993 100 2.3 -13580 4542
405152 100 2.3 -13384 2958
410378 100 2.3 -13504 -126
415671 100 2.3 -13636 2624
421032 100 2.3 -13000 3596
426463 100 2.3 -13212 4486
431963 100 2.3 -13352 284
437535 100 2.3 -13504 4084
443178 100 2.3 -13432 2308
448894 100 2.3 -13496 -2206
454684 100 2.3 -13048 64
460548 100 2.3 -13084 -724
466489 100 2.3 -13804 2422
472505 100 2.3 -13356 2248
478600 100 2.3 -13660 3444
484773 100 2.3 -13284 2098
491025 100 2.3 -13516 -360
497358 100 2.3 -13468 1824
503773 100 2.3 -13360 3930
510271 100 2.3 -13292 -428
516852 100 2.3 -13636 3012
523519 100 2.3 -13460 966
530271 100 2.3 -13524 -2544
537111 100 2.3 -13356 -4782
544038 100 2.3 -12948 518
551055 100 2.3 -13120 766
558163 100 2.3 -13544 -2874
565362 100 2.3 -13576 -1530
572654 100 2.3 -13436 4002
580040 100 2.3 -13156 1210
587521 100 2.3 -13212 -3594
595099 100 2.3 -13972 -2070
602775 100 2.3 -13288 -3762
610549 100 2.3 -13160 -2754
618424 100 2.3 -13076 796
626400 100 2.3 -13240 814
634480 100 2.3 -13588 4116
642663 100 2.3 -13284 4768
650952 100 2.3 -13100 1196
659348 100 2.3 -13600 4872
667853 100 2.3 -14092 -5968
676467 100 2.3 -13440 -82
685192 100 2.3 -13464 -3668
694029 100 2.3 -13264 1734
702981 100 2.3 -14116 70
712048 100 2.3 -13540 2034
721232 100 2.3 -13412 -1560
730534 100 2.3 -14280 5792
739957 100 2.3 -13700 5852
749500 100 2.3 -13788 6062
759168 100 2.3 -13356 2770
768959 100 2.3 -13492 -4218
778877 100 2.3 -13708 5884
788923 100 2.3 -14164 6468
799099 100 2.3 -13476 4190
809405 100 2.3 -13552 2102
819845 100 2.3 -13300 816
830419 100 2.3 -13176 2184
841130 100 2.3 -13868 4140
851979 100 2.3 -13568 3626
862968 100 2.3 -13112 3646
874098 100 2.3 -13960 3308
885373 100 2.3 -12928 1140
896792 100 2.3 -13048 -1698
908359 100 2.3 -13460 -3392
920075 100 2.3 -13140 -2894
931942 100 2.3 -13268 -2664
943962 100 2.3 -13608 -2434
956137 100 2.3 -13364 -384
968470 100 2.3 -13884 -5844
980961 100 2.3 -14212 5328
993613 100 2.3 -13212 5250
999999 100 2.3 -13552 2084
