3 20 2.4 -612 340
4 20 2.4 -576 326
5 20 2.4 -564 322
6 20 2.4 -592 306
7 20 2.4 -552 290
8 20 2.4 -568 300
9 20 2.4 -588 310
10 20 2.4 -612 312
11 20 2.4 -620 302
12 20 2.4 -608 298
13 20 2.4 -624 284
14 20 2.4 -568 264
15 20 2.4 -472 228
16 20 2.4 -524 246
17 20 2.4 -512 254
18 20 2.4 -484 236
19 20 2.4 -512 246
20 20 2.4 -580 288
21 20 2.4 -560 292
22 20 2.4 -596 282
23 20 2.4 -580 280
24 20 2.4 -552 260
25 20 2.4 -544 270
26 20 2.4 -576 264
27 20 2.4 -532 246
28 20 2.4 -556 242
29 20 2.4 -612 278
30 20 2.4 -580 256
31 20 2.4 -560 250
32 20 2.4 -524 272
33 20 2.4 -552 272
34 20 2.4 -528 266
35 20 2.4 -532 266
36 20 2.4 -512 250
37 20 2.4 -512 212
38 20 2.4 -484 198
39 20 2.4 -488 196
40 20 2.4 -484 170
41 20 2.4 -468 120
42 20 2.4 -432 84
43 20 2.4 -424 56
44 20 2.4 -448 76
45 20 2.4 -452 32
46 20 2.4 -452 26
47 20 2.4 -492 40
48 20 2.4 -496 12
49 20 2.4 -492 40
50 20 2.4 -452 28
51 20 2.4 -484 36
52 20 2.4 -424 52
53 20 2.4 -456 72
54 20 2.4 -456 42
55 20 2.4 -456 28
56 20 2.4 -436 56
57 20 2.4 -440 68
58 20 2.4 -456 56
59 20 2.4 -424 58
60 20 2.4 -472 70
61 20 2.4 -476 68
62 20 2.4 -456 74
63 20 2.4 -448 48
64 20 2.4 -420 50
65 20 2.4 -460 42
66 20 2.4 -456 44
67 20 2.4 -468 70
68 20 2.4 -424 76
69 20 2.4 -424 90
70 20 2.4 -412 76
71 20 2.4 -440 66
72 20 2.4 -396 68
73 20 2.4 -444 64
74 20 2.4 -464 92
75 20 2.4 -412 102
76 20 2.4 -464 80
77 20 2.4 -440 96
78 20 2.4 -428 88
79 20 2.4 -452 82
80 20 2.4 -464 88
81 20 2.4 -500 96
82 20 2.4 -512 106
83 20 2.4 -524 112
84 20 2.4 -464 114
85 20 2.4 -460 88
86 20 2.4 -468 70
88 20 2.4 -424 58
89 20 2.4 -456 110
90 20 2.4 -428 110
91 20 2.4 -396 104
92 20 2.4 -416 80
93 20 2.4 -436 106
95 20 2.4 -432 44
96 20 2.4 -440 58
97 20 2.4 -372 24
98 20 2.4 -376 10
99 20 2.4 -364 16
101 20 2.4 -344 -4
102 20 2.4 -356 42
103 20 2.4 -408 46
105 20 2.4 -432 32
106 20 2.4 -436 22
107 20 2.4 -388 30
109 20 2.4 -444 78
110 20 2.4 -436 68
112 20 2.4 -376 62
113 20 2.4 -408 110
114 20 2.4 -416 76
116 20 2.4 -408 40
117 20 2.4 -420 14
119 20 2.4 -424 30
120 20 2.4 -424 10
122 20 2.4 -448 8
124 20 2.4 -492 -12
125 20 2.4 -484 -34
127 20 2.4 -480 -28
128 20 2.4 -428 -52
130 20 2.4 -456 -70
132 20 2.4 -468 -56
133 20 2.4 -464 -84
135 20 2.4 -404 -102
137 20 2.4 -448 -72
139 20 2.4 -524 -130
140 20 2.4 -524 -122
142 20 2.4 -496 -132
144 20 2.4 -504 -156
146 20 2.4 -436 -82
148 20 2.4 -448 -82
150 20 2.4 -452 -50
152 20 2.4 -492 -12
154 20 2.4 -476 42
155 20 2.4 -456 34
157 20 2.4 -432 -30
160 20 2.4 -432 -56
162 20 2.4 -428 -68
164 20 2.4 -416 -80
166 20 2.4 -488 -54
168 20 2.4 -484 -110
170 20 2.4 -436 -116
172 20 2.4 -444 -136
174 20 2.4 -468 -132
177 20 2.4 -468 -136
179 20 2.4 -452 -126
181 20 2.4 -504 -96
184 20 2.4 -420 -92
186 20 2.4 -432 -66
188 20 2.4 -532 -122
191 20 2.4 -580 -102
193 20 2.4 -496 -92
196 20 2.4 -384 0
198 20 2.4 -412 50
201 20 2.4 -496 16
203 20 2.4 -456 68
206 20 2.4 -404 72
209 20 2.4 -488 54
211 20 2.4 -484 54
214 20 2.4 -420 34
217 20 2.4 -428 -26
220 20 2.4 -468 -54
222 20 2.4 -516 -56
225 20 2.4 -416 -56
228 20 2.4 -420 -42
231 20 2.4 -440 -8
234 20 2.4 -436 22
237 20 2.4 -468 -16
240 20 2.4 -516 2
243 20 2.4 -448 6
246 20 2.4 -460 16
250 20 2.4 -456 102
253 20 2.4 -456 126
256 20 2.4 -484 158
259 20 2.4 -512 202
263 20 2.4 -504 164
266 20 2.4 -456 196
269 20 2.4 -492 200
273 20 2.4 -448 154
276 20 2.4 -452 150
280 20 2.4 -492 144
284 20 2.4 -432 128
287 20 2.4 -484 138
291 20 2.4 -540 214
295 20 2.4 -512 218
298 20 2.4 -448 212
302 20 2.4 -512 242
306 20 2.4 -548 270
310 20 2.4 -508 252
314 20 2.4 -560 290
318 20 2.4 -584 294
322 20 2.4 -596 308
326 20 2.4 -560 298
331 20 2.4 -536 244
335 20 2.4 -580 262
339 20 2.4 -476 212
344 20 2.4 -504 216
348 20 2.4 -524 248
352 20 2.4 -524 238
357 20 2.4 -492 254
362 20 2.4 -496 278
366 20 2.4 -544 276
371 20 2.4 -536 270
376 20 2.4 -472 250
381 20 2.4 -552 242
385 20 2.4 -500 250
390 20 2.4 -588 292
395 20 2.4 -524 298
401 20 2.4 -544 300
406 20 2.4 -484 262
411 20 2.4 -552 288
416 20 2.4 -568 304
422 20 2.4 -540 290
427 20 2.4 -432 178
433 20 2.4 -484 164
438 20 2.4 -456 196
444 20 2.4 -492 232
449 20 2.4 -512 216
455 20 2.4 -512 254
461 20 2.4 -600 274
467 20 2.4 -464 218
473 20 2.4 -596 286
479 20 2.4 -464 252
485 20 2.4 -524 272
492 20 2.4 -580 310
498 20 2.4 -548 282
504 20 2.4 -516 270
511 20 2.4 -572 322
517 20 2.4 -484 226
524 20 2.4 -532 290
531 20 2.4 -616 306
538 20 2.4 -592 294
545 20 2.4 -604 316
552 20 2.4 -500 266
559 20 2.4 -436 220
566 20 2.4 -460 220
573 20 2.4 -460 132
581 20 2.4 -452 140
588 20 2.4 -480 108
596 20 2.4 -392 86
603 20 2.4 -428 124
611 20 2.4 -416 88
619 20 2.4 -404 16
627 20 2.4 -488 44
635 20 2.4 -460 108
643 20 2.4 -508 88
652 20 2.4 -544 -12
660 20 2.4 -476 -110
668 20 2.4 -500 -94
677 20 2.4 -476 -72
686 20 2.4 -416 -42
695 20 2.4 -436 -40
704 20 2.4 -452 10
713 20 2.4 -456 12
722 20 2.4 -468 44
731 20 2.4 -408 -70
741 20 2.4 -440 -116
750 20 2.4 -432 -154
760 20 2.4 -488 -176
770 20 2.4 -560 -294
780 20 2.4 -468 -234
790 20 2.4 -508 -262
800 20 2.4 -552 -292
810 20 2.4 -428 -184
821 20 2.4 -572 -218
831 20 2.4 -588 -254
842 20 2.4 -440 -164
853 20 2.4 -444 0
864 20 2.4 -456 -46
875 20 2.4 -452 -34
886 20 2.4 -524 54
897 20 2.4 -428 -2
909 20 2.4 -448 30
921 20 2.4 -496 30
933 20 2.4 -484 68
945 20 2.4 -480 -74
957 20 2.4 -444 -180
969 20 2.4 -476 -130
982 20 2.4 -516 -198
994 20 2.4 -484 -186
1007 20 2.4 -568 -302
1020 20 2.4 -536 -232
1033 20 2.4 -488 -210
1047 20 2.4 -516 -232
1060 20 2.4 -592 -314
1074 20 2.4 -588 -310
1088 20 2.4 -468 -220
1102 20 2.4 -448 -140
1116 20 2.4 -524 -154
1130 20 2.4 -500 -210
1145 20 2.4 -460 -212
1160 20 2.4 -528 -278
1174 20 2.4 -544 -256
1190 20 2.4 -572 -246
1205 20 2.4 -528 -280
1220 20 2.4 -524 -226
1236 20 2.4 -512 -240
1252 20 2.4 -512 -290
1268 20 2.4 -520 -252
1285 20 2.4 -560 -308
1301 20 2.4 -600 -322
1318 20 2.4 -528 -224
1335 20 2.4 -400 -60
1352 20 2.4 -440 -138
1370 20 2.4 -456 4
1387 20 2.4 -456 -26
1405 20 2.4 -444 -10
1423 20 2.4 -516 58
1442 20 2.4 -528 116
1460 20 2.4 -456 96
1479 20 2.4 -456 96
1498 20 2.4 -464 180
1517 20 2.4 -476 176
1537 20 2.4 -544 312
1557 20 2.4 -580 314
1577 20 2.4 -452 174
1597 20 2.4 -516 238
1618 20 2.4 -416 142
1639 20 2.4 -408 90
1660 20 2.4 -512 6
1681 20 2.4 -472 138
1703 20 2.4 -528 248
1725 20 2.4 -508 252
1747 20 2.4 -516 246
1770 20 2.4 -528 296
1792 20 2.4 -480 224
1816 20 2.4 -504 230
1839 20 2.4 -536 226
1863 20 2.4 -480 202
1887 20 2.4 -436 220
1911 20 2.4 -552 270
1936 20 2.4 -596 316
1961 20 2.4 -504 228
1986 20 2.4 -472 210
2012 20 2.4 -436 166
2037 20 2.4 -420 -56
2064 20 2.4 -488 -134
2090 20 2.4 -492 -228
2117 20 2.4 -472 -202
2145 20 2.4 -456 -28
2172 20 2.4 -472 -4
2200 20 2.4 -448 -106
2229 20 2.4 -436 -32
2257 20 2.4 -392 26
2286 20 2.4 -472 -150
2316 20 2.4 -460 -200
2346 20 2.4 -560 -310
2376 20 2.4 -568 -290
2407 20 2.4 -592 -310
2438 20 2.4 -476 -212
2469 20 2.4 -512 -188
2501 20 2.4 -420 -156
2533 20 2.4 -384 -112
2566 20 2.4 -400 -82
2599 20 2.4 -424 -138
2633 20 2.4 -520 104
2667 20 2.4 -540 248
2701 20 2.4 -464 234
2736 20 2.4 -520 56
2771 20 2.4 -452 -102
2807 20 2.4 -472 -22
2843 20 2.4 -564 270
2880 20 2.4 -632 344
2917 20 2.4 -512 242
2954 20 2.4 -508 100
2992 20 2.4 -508 -98
3031 20 2.4 -468 -66
3070 20 2.4 -448 20
3110 20 2.4 -412 76
3150 20 2.4 -476 -20
3190 20 2.4 -452 128
3232 20 2.4 -420 36
3273 20 2.4 -476 126
3315 20 2.4 -520 270
3358 20 2.4 -492 206
3402 20 2.4 -604 326
3445 20 2.4 -512 230
3490 20 2.4 -436 186
3535 20 2.4 -592 304
3580 20 2.4 -500 278
3627 20 2.4 -508 114
3673 20 2.4 -436 124
3721 20 2.4 -444 250
3769 20 2.4 -592 280
3817 20 2.4 -496 258
3867 20 2.4 -552 280
3916 20 2.4 -496 104
3967 20 2.4 -532 236
4018 20 2.4 -520 122
4070 20 2.4 -480 -156
4122 20 2.4 -460 -162
4176 20 2.4 -416 -134
4229 20 2.4 -612 -328
4284 20 2.4 -496 -246
4339 20 2.4 -440 -144
4395 20 2.4 -460 -38
4452 20 2.4 -440 90
4509 20 2.4 -480 174
4567 20 2.4 -448 20
4626 20 2.4 -456 176
4686 20 2.4 -520 100
4746 20 2.4 -420 -22
4808 20 2.4 -484 -146
4870 20 2.4 -568 -304
4932 20 2.4 -512 -274
4996 20 2.4 -448 -204
5060 20 2.4 -496 -224
5126 20 2.4 -528 -254
5192 20 2.4 -560 -296
5259 20 2.4 -576 -310
5327 20 2.4 -460 -150
5395 20 2.4 -500 -254
5465 20 2.4 -420 -82
5535 20 2.4 -516 -150
5607 20 2.4 -556 -260
5679 20 2.4 -584 -326
5752 20 2.4 -640 -332
5826 20 2.4 -460 -114
5902 20 2.4 -528 -140
5978 20 2.4 -528 -236
6055 20 2.4 -524 -62
6133 20 2.4 -444 16
6212 20 2.4 -484 -138
6292 20 2.4 -480 42
6373 20 2.4 -480 -154
6455 20 2.4 -492 -164
6539 20 2.4 -568 -274
6623 20 2.4 -532 -238
6708 20 2.4 -508 -288
6795 20 2.4 -536 -264
6883 20 2.4 -500 -274
6971 20 2.4 -500 -32
7061 20 2.4 -500 74
7152 20 2.4 -392 -40
7245 20 2.4 -576 150
7338 20 2.4 -448 90
7433 20 2.4 -440 -124
7529 20 2.4 -484 -246
7626 20 2.4 -552 -252
7724 20 2.4 -452 -148
7824 20 2.4 -564 -238
7925 20 2.4 -452 -34
8027 20 2.4 -572 -178
8130 20 2.4 -480 -116
8235 20 2.4 -668 -350
8341 20 2.4 -516 -236
8449 20 2.4 -516 -264
8558 20 2.4 -448 -200
8668 20 2.4 -580 -272
8780 20 2.4 -440 -54
8893 20 2.4 -536 -272
9008 20 2.4 -388 -28
9124 20 2.4 -492 -228
9242 20 2.4 -476 -212
9361 20 2.4 -436 -34
9482 20 2.4 -528 84
9604 20 2.4 -492 -254
9728 20 2.4 -528 -230
9853 20 2.4 -488 -196
9980 20 2.4 -512 -262
10109 20 2.4 -520 -284
10240 20 2.4 -552 -300
10372 20 2.4 -528 -226
10505 20 2.4 -460 -18
10641 20 2.4 -536 -166
10778 20 2.4 -560 -292
10917 20 2.4 -500 -214
11058 20 2.4 -524 -152
11201 20 2.4 -496 -156
11345 20 2.4 -556 -270
11491 20 2.4 -548 -240
11640 20 2.4 -512 252
11790 20 2.4 -632 328
11942 20 2.4 -460 198
12096 20 2.4 -436 74
12252 20 2.4 -600 322
12410 20 2.4 -560 264
12570 20 2.4 -512 210
12732 20 2.4 -440 88
12896 20 2.4 -420 36
13062 20 2.4 -360 -70
13231 20 2.4 -536 -230
13402 20 2.4 -492 -208
13574 20 2.4 -524 -222
13750 20 2.4 -488 48
13927 20 2.4 -508 -150
14106 20 2.4 -496 -212
14288 20 2.4 -600 -334
14473 20 2.4 -520 -282
14659 20 2.4 -496 -100
14848 20 2.4 -564 312
15040 20 2.4 -440 216
15234 20 2.4 -392 -30
15430 20 2.4 -500 -4
15629 20 2.4 -616 330
15831 20 2.4 -480 142
16035 20 2.4 -564 290
16242 20 2.4 -500 198
16451 20 2.4 -376 48
16664 20 2.4 -472 58
16879 20 2.4 -392 46
17096 20 2.4 -480 246
17317 20 2.4 -468 -50
17540 20 2.4 -408 44
17766 20 2.4 -460 -116
17995 20 2.4 -420 -88
18228 20 2.4 -424 96
18463 20 2.4 -476 54
18701 20 2.4 -500 272
18942 20 2.4 -604 322
19186 20 2.4 -416 36
19434 20 2.4 -444 -170
19684 20 2.4 -488 -96
19938 20 2.4 -448 66
20195 20 2.4 -496 174
20456 20 2.4 -444 84
20720 20 2.4 -604 -296
20987 20 2.4 -392 -144
21258 20 2.4 -524 -270
21532 20 2.4 -620 -294
21810 20 2.4 -432 -200
22091 20 2.4 -512 -236
22376 20 2.4 -544 230
22664 20 2.4 -560 286
22957 20 2.4 -520 -254
23253 20 2.4 -624 -336
23553 20 2.4 -540 -284
23856 20 2.4 -560 -190
24164 20 2.4 -504 -182
24476 20 2.4 -592 310
24791 20 2.4 -500 260
25111 20 2.4 -472 -10
25435 20 2.4 -536 278
25763 20 2.4 -388 -90
26095 20 2.4 -484 -174
26432 20 2.4 -464 78
26773 20 2.4 -364 60
27118 20 2.4 -456 -128
27468 20 2.4 -600 -340
27822 20 2.4 -432 -150
28181 20 2.4 -496 -142
28545 20 2.4 -524 -76
28913 20 2.4 -500 -276
29286 20 2.4 -596 -332
29663 20 2.4 -508 -256
30046 20 2.4 -444 130
30434 20 2.4 -400 148
30826 20 2.4 -672 358
31224 20 2.4 -460 186
31626 20 2.4 -528 -200
32034 20 2.4 -460 -206
32447 20 2.4 -488 -144
32866 20 2.4 -476 204
33290 20 2.4 -544 84
33719 20 2.4 -528 286
34154 20 2.4 -516 250
34595 20 2.4 -472 240
35041 20 2.4 -488 -192
35493 20 2.4 -540 -286
35951 20 2.4 -480 154
36414 20 2.4 -548 176
36884 20 2.4 -368 126
37360 20 2.4 -440 -182
37841 20 2.4 -524 -258
38330 20 2.4 -576 -190
38824 20 2.4 -508 -288
39325 20 2.4 -444 -130
39832 20 2.4 -440 130
40346 20 2.4 -440 -32
40866 20 2.4 -484 274
41393 20 2.4 -420 -10
41927 20 2.4 -480 228
42468 20 2.4 -476 114
43015 20 2.4 -564 296
43570 20 2.4 -528 -34
44132 20 2.4 -460 -222
44701 20 2.4 -476 -218
45278 20 2.4 -504 -252
45862 20 2.4 -456 94
46453 20 2.4 -564 154
47053 20 2.4 -496 86
47660 20 2.4 -512 124
48274 20 2.4 -448 -130
48897 20 2.4 -512 -242
49528 20 2.4 -448 -156
50166 20 2.4 -464 256
50813 20 2.4 -524 256
51469 20 2.4 -476 258
52133 20 2.4 -536 276
52805 20 2.4 -560 258
53486 20 2.4 -504 130
54176 20 2.4 -564 204
54875 20 2.4 -528 -240
55582 20 2.4 -448 16
56299 20 2.4 -500 -296
57025 20 2.4 -452 -74
57761 20 2.4 -536 -46
58506 20 2.4 -456 -190
59261 20 2.4 -512 -200
60025 20 2.4 -476 -202
60799 20 2.4 -572 -276
61583 20 2.4 -400 160
62378 20 2.4 -496 262
63182 20 2.4 -564 266
63997 20 2.4 -404 18
64822 20 2.4 -432 -132
65658 20 2.4 -452 196
66505 20 2.4 -468 -200
67363 20 2.4 -440 -24
68232 20 2.4 -436 76
69112 20 2.4 -544 -256
70003 20 2.4 -488 240
70906 20 2.4 -448 -102
71821 20 2.4 -472 262
72747 20 2.4 -508 -148
73685 20 2.4 -504 -252
74636 20 2.4 -424 62
75599 20 2.4 -588 320
76574 20 2.4 -464 -216
77561 20 2.4 -508 -254
78562 20 2.4 -456 -10
79575 20 2.4 -516 -170
80601 20 2.4 -408 -6
81641 20 2.4 -568 -318
82694 20 2.4 -472 222
83760 20 2.4 -372 -100
84841 20 2.4 -424 -14
85935 20 2.4 -528 278
87043 20 2.4 -556 -278
88166 20 2.4 -456 168
89303 20 2.4 -372 -36
90455 20 2.4 -528 252
91622 20 2.4 -568 272
92803 20 2.4 -476 202
94000 20 2.4 -500 -132
95213 20 2.4 -572 310
96441 20 2.4 -520 -222
97685 20 2.4 -616 330
98945 20 2.4 -492 246
100221 20 2.4 -512 264
101513 20 2.4 -524 278
102823 20 2.4 -448 -160
104149 20 2.4 -468 -148
105492 20 2.4 -504 96
106853 20 2.4 -444 -164
108231 20 2.4 -472 166
109627 20 2.4 -556 310
111041 20 2.4 -456 56
112473 20 2.4 -368 -54
113924 20 2.4 -500 184
115393 20 2.4 -588 -334
116882 20 2.4 -420 86
118389 20 2.4 -556 270
119916 20 2.4 -548 -220
121463 20 2.4 -428 -6
123029 20 2.4 -476 -24
124616 20 2.4 -472 -234
126224 20 2.4 -440 38
127852 20 2.4 -476 122
129501 20 2.4 -560 274
131171 20 2.4 -524 212
132863 20 2.4 -452 198
134576 20 2.4 -460 198
136312 20 2.4 -408 -190
138070 20 2.4 -512 108
139851 20 2.4 -476 80
141655 20 2.4 -552 304
143482 20 2.4 -500 -216
145333 20 2.4 -460 102
147207 20 2.4 -560 -278
149106 20 2.4 -524 -282
151029 20 2.4 -564 276
152977 20 2.4 -464 30
154950 20 2.4 -540 -212
156948 20 2.4 -536 -208
158973 20 2.4 -464 136
161023 20 2.4 -572 298
163100 20 2.4 -468 -178
165204 20 2.4 -436 94
167334 20 2.4 -424 76
169493 20 2.4 -444 -28
171679 20 2.4 -484 -168
173893 20 2.4 -536 -62
176136 20 2.4 -456 94
178408 20 2.4 -504 -262
180709 20 2.4 -492 216
183040 20 2.4 -612 314
185400 20 2.4 -520 -254
187792 20 2.4 -508 166
190214 20 2.4 -504 -252
192667 20 2.4 -408 112
195152 20 2.4 -600 306
197669 20 2.4 -516 -178
200219 20 2.4 -404 -132
202801 20 2.4 -376 -26
205417 20 2.4 -528 -192
208066 20 2.4 -508 -248
210750 20 2.4 -480 20
213468 20 2.4 -488 -218
216222 20 2.4 -532 286
219010 20 2.4 -512 -168
221835 20 2.4 -472 22
224696 20 2.4 -504 128
227595 20 2.4 -564 -246
230530 20 2.4 -456 182
233503 20 2.4 -572 -212
236515 20 2.4 -584 -286
239566 20 2.4 -484 94
242656 20 2.4 -516 298
245785 20 2.4 -424 56
248956 20 2.4 -624 338
252167 20 2.4 -448 -108
255419 20 2.4 -464 -98
258713 20 2.4 -532 -222
262050 20 2.4 -572 -320
265430 20 2.4 -440 -30
268854 20 2.4 -452 106
272321 20 2.4 -488 238
275834 20 2.4 -380 -128
279391 20 2.4 -532 -270
282995 20 2.4 -504 192
286645 20 2.4 -628 -346
290342 20 2.4 -500 -226
294087 20 2.4 -520 -226
297880 20 2.4 -464 208
301722 20 2.4 -604 -332
305614 20 2.4 -408 34
309556 20 2.4 -444 -170
313548 20 2.4 -484 246
317592 20 2.4 -476 -264
321689 20 2.4 -480 194
325838 20 2.4 -508 -180
330040 20 2.4 -608 -326
334297 20 2.4 -476 236
338609 20 2.4 -448 126
342976 20 2.4 -500 -210
347400 20 2.4 -528 -184
351881 20 2.4 -400 94
356419 20 2.4 -480 -104
361016 20 2.4 -476 -234
365673 20 2.4 -600 -254
370389 20 2.4 -360 -24
375167 20 2.4 -388 -90
380005 20 2.4 -440 -20
384907 20 2.4 -520 90
389871 20 2.4 -484 80
394900 20 2.4 -500 -226
399993 20 2.4 -404 72
405152 20 2.4 -544 254
410378 20 2.4 -656 348
415671 20 2.4 -404 118
421032 20 2.4 -412 -30
426463 20 2.4 -504 -138
431963 20 2.4 -424 -72
437535 20 2.4 -468 244
443178 20 2.4 -500 230
448894 20 2.4 -532 222
454684 20 2.4 -412 64
460548 20 2.4 -448 -74
466489 20 2.4 -640 328
472505 20 2.4 -504 220
478600 20 2.4 -624 260
484773 20 2.4 -556 -264
491025 20 2.4 -504 284
497358 20 2.4 -404 40
503773 20 2.4 -508 226
510271 20 2.4 -512 234
516852 20 2.4 -452 160
523519 20 2.4 -492 100
530271 20 2.4 -488 198
537111 20 2.4 -568 -296
544038 20 2.4 -592 -266
551055 20 2.4 -484 -150
558163 20 2.4 -508 260
565362 20 2.4 -436 2
572654 20 2.4 -500 -200
580040 20 2.4 -504 88
587521 20 2.4 -468 -66
595099 20 2.4 -452 -178
602775 20 2.4 -508 210
610549 20 2.4 -396 128
618424 20 2.4 -500 182
626400 20 2.4 -436 84
634480 20 2.4 -552 278
642663 20 2.4 -584 304
650952 20 2.4 -512 -224
659348 20 2.4 -576 -280
667853 20 2.4 -384 14
676467 20 2.4 -548 -278
685192 20 2.4 -536 246
694029 20 2.4 -464 -214
702981 20 2.4 -544 -238
712048 20 2.4 -608 -308
721232 20 2.4 -404 -28
730534 20 2.4 -648 -332
739957 20 2.4 -520 -58
749500 20 2.4 -572 290
759168 20 2.4 -576 -310
768959 20 2.4 -624 -312
778877 20 2.4 -588 322
788923 20 2.4 -444 -6
799099 20 2.4 -452 -132
809405 20 2.4 -540 -246
819845 20 2.4 -456 -202
830419 20 2.4 -488 -170
841130 20 2.4 -516 220
851979 20 2.4 -456 -124
862968 20 2.4 -568 150
874098 20 2.4 -544 -262
885373 20 2.4 -548 286
896792 20 2.4 -512 -212
908359 20 2.4 -480 202
920075 20 2.4 -500 146
931942 20 2.4 -408 -188
943962 20 2.4 -648 344
956137 20 2.4 -460 196
968470 20 2.4 -540 280
980961 20 2.4 -424 -114
993613 20 2.4 -400 154
999999 20 2.4 -584 234
