3 140 2 -35932 18624
4 140 2 -35480 18454
5 140 2 -35240 18370
6 140 2 -35076 18288
7 140 2 -34580 18134
8 140 2 -34444 18034
9 140 2 -34552 18060
10 140 2 -34600 18024
11 140 2 -34404 18000
12 140 2 -34360 17940
13 140 2 -33984 17792
14 140 2 -33920 17718
15 140 2 -33820 17682
16 140 2 -34128 17722
17 140 2 -34464 17852
18 140 2 -34208 17776
19 140 2 -34132 17786
20 140 2 -34228 17878
21 140 2 -34184 17830
22 140 2 -34524 17970
23 140 2 -34404 17934
24 140 2 -34176 17868
25 140 2 -34296 17944
26 140 2 -34412 17928
27 140 2 -34536 17898
28 140 2 -34608 17896
29 140 2 -34548 17820
30 140 2 -34520 17886
31 140 2 -33996 17670
32 140 2 -33972 17640
33 140 2 -34328 17816
34 140 2 -33884 17638
35 140 2 -34036 17696
36 140 2 -33868 17636
37 140 2 -34020 17738
38 140 2 -34124 17836
39 140 2 -34244 17878
40 140 2 -34016 17772
41 140 2 -33908 17784
42 140 2 -33948 17764
43 140 2 -33940 17786
44 140 2 -34076 17840
45 140 2 -34000 17808
46 140 2 -34316 17942
47 140 2 -34152 17902
48 140 2 -34180 17858
49 140 2 -34068 17750
50 140 2 -33936 17776
51 140 2 -33748 17704
52 140 2 -33852 17710
53 140 2 -34444 17876
54 140 2 -34584 17954
55 140 2 -34124 17826
56 140 2 -34256 17858
57 140 2 -34496 17936
58 140 2 -33872 17770
59 140 2 -34112 17824
60 140 2 -33936 17746
61 140 2 -33840 17690
62 140 2 -33908 17686
63 140 2 -34064 17758
64 140 2 -33960 17730
65 140 2 -34008 17762
66 140 2 -33988 17774
67 140 2 -33952 17742
68 140 2 -34096 17796
69 140 2 -34004 17780
70 140 2 -34036 17744
71 140 2 -33904 17714
72 140 2 -33804 17698
73 140 2 -33968 17768
74 140 2 -34140 17820
75 140 2 -34168 17812
76 140 2 -34280 17858
77 140 2 -34384 17968
78 140 2 -34100 17812
79 140 2 -33992 17786
80 140 2 -34004 17810
81 140 2 -34012 17802
82 140 2 -34428 17946
83 140 2 -34072 17794
84 140 2 -34232 17898
85 140 2 -34208 17902
86 140 2 -34164 17818
88 140 2 -34064 17832
89 140 2 -34300 17944
90 140 2 -34504 17966
91 140 2 -34404 17952
92 140 2 -34168 17900
93 140 2 -34100 17874
95 140 2 -33940 17732
96 140 2 -34376 17934
97 140 2 -34328 17886
98 140 2 -34420 17922
99 140 2 -34124 17860
101 140 2 -34132 17884
102 140 2 -34084 17816
103 140 2 -34084 17800
105 140 2 -34192 17846
106 140 2 -33932 17738
107 140 2 -33848 17682
109 140 2 -33768 17636
110 140 2 -33776 17686
112 140 2 -33812 17640
113 140 2 -33916 17674
114 140 2 -33812 17640
116 140 2 -33892 17578
117 140 2 -33988 17674
119 140 2 -34056 17690
120 140 2 -34084 17720
122 140 2 -33464 17552
124 140 2 -33892 17766
125 140 2 -33976 17790
127 140 2 -34016 17830
128 140 2 -33888 17744
130 140 2 -34192 17870
132 140 2 -33920 17782
133 140 2 -33840 17780
135 140 2 -34396 17920
137 140 2 -34140 17890
139 140 2 -34332 17968
140 140 2 -34584 17998
142 140 2 -34460 17982
144 140 2 -34040 17880
146 140 2 -34408 18034
148 140 2 -34336 17982
150 140 2 -34384 17964
152 140 2 -34248 17922
154 140 2 -34512 17986
155 140 2 -34320 17944
157 140 2 -34288 17908
160 140 2 -34336 17888
162 140 2 -34428 17888
164 140 2 -34464 17956
166 140 2 -34416 17946
168 140 2 -34468 17926
170 140 2 -34720 18028
172 140 2 -34468 17944
174 140 2 -34240 17948
177 140 2 -34500 17982
179 140 2 -34140 17914
181 140 2 -34216 17892
184 140 2 -34708 18132
186 140 2 -34720 18176
188 140 2 -34488 17986
191 140 2 -34236 17892
193 140 2 -34256 17930
196 140 2 -34344 17974
198 140 2 -34560 18030
201 140 2 -34280 17888
203 140 2 -34100 17734
206 140 2 -34096 17726
209 140 2 -34380 17842
211 140 2 -34440 17882
214 140 2 -34240 17858
217 140 2 -34072 17786
220 140 2 -34256 17890
222 140 2 -34316 17914
225 140 2 -33864 17764
228 140 2 -34380 17916
231 140 2 -34376 18008
234 140 2 -33684 17768
237 140 2 -34248 17896
240 140 2 -34096 17882
243 140 2 -34384 17890
246 140 2 -34012 17694
250 140 2 -33944 17698
253 140 2 -34092 17754
256 140 2 -34416 17852
259 140 2 -34420 17820
263 140 2 -34192 17750
266 140 2 -34324 17800
269 140 2 -34360 17824
273 140 2 -34120 17854
276 140 2 -34020 17800
280 140 2 -34040 17846
284 140 2 -34368 17988
287 140 2 -34252 17946
291 140 2 -34728 18140
295 140 2 -34368 17996
298 140 2 -34656 18060
302 140 2 -34160 17866
306 140 2 -34316 17894
310 140 2 -34624 18064
314 140 2 -34060 17894
318 140 2 -34544 18026
322 140 2 -34720 18184
326 140 2 -34504 17998
331 140 2 -34352 17914
335 140 2 -34488 17922
339 140 2 -34708 18034
344 140 2 -34504 18018
348 140 2 -34408 18028
352 140 2 -34188 17862
357 140 2 -34308 17942
362 140 2 -34436 18060
366 140 2 -34528 18042
371 140 2 -34160 17934
376 140 2 -34352 18016
381 140 2 -34828 18106
385 140 2 -34240 17896
390 140 2 -34084 17832
395 140 2 -34416 17966
401 140 2 -34348 17932
406 140 2 -34560 17974
411 140 2 -34532 18048
416 140 2 -34416 18032
422 140 2 -34692 18024
427 140 2 -34536 18068
433 140 2 -34268 17906
438 140 2 -34484 18012
444 140 2 -34924 18180
449 140 2 -33964 17838
455 140 2 -34112 17840
461 140 2 -34004 17850
467 140 2 -34520 18036
473 140 2 -34376 17868
479 140 2 -34228 17916
485 140 2 -34040 17818
492 140 2 -34156 17764
498 140 2 -34124 17730
504 140 2 -33788 17700
511 140 2 -33960 17768
517 140 2 -33644 17500
524 140 2 -34344 17874
531 140 2 -34360 17954
538 140 2 -34216 17932
545 140 2 -34056 17878
552 140 2 -34296 17908
559 140 2 -34396 17822
566 140 2 -34004 17758
573 140 2 -34064 17766
581 140 2 -34152 17830
588 140 2 -34504 17898
596 140 2 -33732 17608
603 140 2 -34164 17864
611 140 2 -34132 17864
619 140 2 -34276 17948
627 140 2 -34264 17890
635 140 2 -34208 17800
643 140 2 -34000 17712
652 140 2 -33760 17570
660 140 2 -33900 17612
668 140 2 -33740 17616
677 140 2 -34288 17872
686 140 2 -34280 17860
695 140 2 -34300 17906
704 140 2 -34112 17766
713 140 2 -33736 17642
722 140 2 -34460 17968
731 140 2 -34700 18040
741 140 2 -34404 17882
750 140 2 -34180 17864
760 140 2 -34212 17888
770 140 2 -34104 17836
780 140 2 -34356 17942
790 140 2 -34464 17948
800 140 2 -34492 18024
810 140 2 -34456 17990
821 140 2 -34012 17798
831 140 2 -34084 17764
842 140 2 -34072 17888
853 140 2 -34380 17934
864 140 2 -34628 18126
875 140 2 -34400 17972
886 140 2 -34224 17938
897 140 2 -34040 17842
909 140 2 -34156 17842
921 140 2 -34284 17830
933 140 2 -34324 17938
945 140 2 -34492 18080
957 140 2 -34284 17878
969 140 2 -34368 17926
982 140 2 -33932 17752
994 140 2 -34364 17814
1007 140 2 -34112 17768
1020 140 2 -34256 17926
1033 140 2 -33600 17548
1047 140 2 -33940 17632
1060 140 2 -34328 17862
1074 140 2 -34732 18064
1088 140 2 -34028 17760
1102 140 2 -34184 17882
1116 140 2 -34404 17832
1130 140 2 -34280 17752
1145 140 2 -34092 17810
1160 140 2 -33852 17658
1174 140 2 -34112 17796
1190 140 2 -34016 17864
1205 140 2 -34436 18022
1220 140 2 -34192 17822
1236 140 2 -34296 17826
1252 140 2 -34456 17964
1268 140 2 -34416 18042
1285 140 2 -34076 17796
1301 140 2 -34168 17834
1318 140 2 -34624 18016
1335 140 2 -33688 17616
1352 140 2 -33820 17522
1370 140 2 -33832 17672
1387 140 2 -34716 18158
1405 140 2 -34512 18062
1423 140 2 -34384 17920
1442 140 2 -34456 17922
1460 140 2 -34024 17832
1479 140 2 -34408 17890
1498 140 2 -34368 17836
1517 140 2 -34288 17928
1537 140 2 -33952 17670
1557 140 2 -34416 17930
1577 140 2 -34256 17900
1597 140 2 -34184 17856
1618 140 2 -34268 17914
1639 140 2 -34104 17770
1660 140 2 -34592 18052
1681 140 2 -34296 17944
1703 140 2 -33648 17582
1725 140 2 -33932 17712
1747 140 2 -33956 17696
1770 140 2 -34396 17928
1792 140 2 -33720 17586
1816 140 2 -34212 17906
1839 140 2 -34296 17990
1863 140 2 -34452 17990
1887 140 2 -34484 18040
1911 140 2 -34300 17842
1936 140 2 -34244 17894
1961 140 2 -34376 18050
1986 140 2 -34256 17988
2012 140 2 -34084 17868
2037 140 2 -33980 17754
2064 140 2 -34512 17946
2090 140 2 -34200 17836
2117 140 2 -34036 17784
2145 140 2 -33788 17688
2172 140 2 -34328 17990
2200 140 2 -34380 17900
2229 140 2 -34504 18022
2257 140 2 -34100 17860
2286 140 2 -34000 17798
2316 140 2 -34124 17776
2346 140 2 -34304 17896
2376 140 2 -34120 17800
2407 140 2 -34276 17816
2438 140 2 -34184 17876
2469 140 2 -34324 17926
2501 140 2 -34020 17746
2533 140 2 -34392 17932
2566 140 2 -34764 18072
2599 140 2 -33800 17662
2633 140 2 -34316 17942
2667 140 2 -34104 17780
2701 140 2 -34008 17748
2736 140 2 -34028 17794
2771 140 2 -34100 17898
2807 140 2 -34112 17798
2843 140 2 -34124 17952
2880 140 2 -34320 17806
2917 140 2 -34380 17936
2954 140 2 -34484 18004
2992 140 2 -34232 17788
3031 140 2 -34248 17860
3070 140 2 -34008 17646
3110 140 2 -34040 17824
3150 140 2 -33968 17774
3190 140 2 -34460 17994
3232 140 2 -34280 17848
3273 140 2 -34256 17934
3315 140 2 -33984 17730
3358 140 2 -34328 17828
3402 140 2 -34340 17876
3445 140 2 -33988 17600
3490 140 2 -34436 17952
3535 140 2 -34364 17888
3580 140 2 -33960 17812
3627 140 2 -34280 17906
3673 140 2 -34072 17774
3721 140 2 -34220 17896
3769 140 2 -34548 18062
3817 140 2 -34240 17880
3867 140 2 -34180 17846
3916 140 2 -34152 17854
3967 140 2 -33940 17756
4018 140 2 -34136 17896
4070 140 2 -34520 18034
4122 140 2 -34200 17872
4176 140 2 -34240 17892
4229 140 2 -34436 17952
4284 140 2 -33980 17828
4339 140 2 -34252 17902
4395 140 2 -33432 17542
4452 140 2 -34276 17888
4509 140 2 -33652 17516
4567 140 2 -34180 17852
4626 140 2 -34012 17698
4686 140 2 -34328 17796
4746 140 2 -34428 17978
4808 140 2 -33948 17684
4870 140 2 -34172 17836
4932 140 2 -34436 17956
4996 140 2 -33808 17660
5060 140 2 -34292 17802
5126 140 2 -34412 17950
5192 140 2 -34168 17718
5259 140 2 -33964 17802
5327 140 2 -34248 17866
5395 140 2 -34284 17892
5465 140 2 -34220 17888
5535 140 2 -34172 17816
5607 140 2 -33984 17494
5679 140 2 -34016 17754
5752 140 2 -34000 17744
5826 140 2 -34460 17918
5902 140 2 -33972 17754
5978 140 2 -34048 17758
6055 140 2 -34076 17780
6133 140 2 -34648 18020
6212 140 2 -34376 17962
6292 140 2 -33580 17616
6373 140 2 -34628 18070
6455 140 2 -34388 17966
6539 140 2 -34056 17768
6623 140 2 -34052 17814
6708 140 2 -33932 17772
6795 140 2 -34476 17886
6883 140 2 -34348 17970
6971 140 2 -34308 17934
7061 140 2 -33952 17822
7152 140 2 -34184 17810
7245 140 2 -34208 17838
7338 140 2 -34428 17882
7433 140 2 -34180 17892
7529 140 2 -34136 17724
7626 140 2 -34428 18054
7724 140 2 -33944 17612
7824 140 2 -34508 18016
7925 140 2 -34072 17838
8027 140 2 -34468 18048
8130 140 2 -33980 17682
8235 140 2 -33912 17656
8341 140 2 -33936 17754
8449 140 2 -34160 17852
8558 140 2 -34528 18004
8668 140 2 -34144 17784
8780 140 2 -33968 17760
8893 140 2 -34340 17890
9008 140 2 -33824 17708
9124 140 2 -34204 17858
9242 140 2 -34120 17786
9361 140 2 -33956 17770
9482 140 2 -34232 17908
9604 140 2 -34032 17750
9728 140 2 -34488 18018
9853 140 2 -34456 18036
9980 140 2 -34276 17814
10109 140 2 -34084 17530
10240 140 2 -34080 17786
10372 140 2 -34212 17864
10505 140 2 -34172 17996
10641 140 2 -34364 17938
10778 140 2 -34472 18024
10917 140 2 -34324 17866
11058 140 2 -34068 17876
11201 140 2 -34236 17848
11345 140 2 -34584 18070
11491 140 2 -33616 17696
11640 140 2 -34456 17938
11790 140 2 -34112 17790
11942 140 2 -34084 17838
12096 140 2 -33808 17748
12252 140 2 -34552 18002
12410 140 2 -34516 17986
12570 140 2 -34136 17676
12732 140 2 -33768 17674
12896 140 2 -33960 17694
13062 140 2 -33788 17692
13231 140 2 -34244 17932
13402 140 2 -34308 17886
13574 140 2 -33992 17600
13750 140 2 -34228 17808
13927 140 2 -33960 17794
14106 140 2 -34264 17826
14288 140 2 -34504 17930
14473 140 2 -34344 17984
14659 140 2 -33900 17812
14848 140 2 -34160 17858
15040 140 2 -34292 17884
15234 140 2 -34172 17864
15430 140 2 -34100 17780
15629 140 2 -34604 18096
15831 140 2 -34276 17918
16035 140 2 -33784 17590
16242 140 2 -34224 17798
16451 140 2 -34100 17772
16664 140 2 -33844 17672
16879 140 2 -34508 17972
17096 140 2 -34328 17882
17317 140 2 -34392 17970
17540 140 2 -34024 17734
17766 140 2 -33840 17714
17995 140 2 -34472 17808
18228 140 2 -34320 17936
18463 140 2 -33888 17760
18701 140 2 -34204 17810
18942 140 2 -33976 17784
19186 140 2 -34044 17888
19434 140 2 -34028 17780
19684 140 2 -34356 17970
19938 140 2 -34552 18010
20195 140 2 -34060 17684
20456 140 2 -34092 17712
20720 140 2 -34296 17918
20987 140 2 -34092 17856
21258 140 2 -34272 17708
21532 140 2 -33824 17754
21810 140 2 -34300 17792
22091 140 2 -34268 17902
22376 140 2 -34376 17866
22664 140 2 -34268 17906
22957 140 2 -34124 17778
23253 140 2 -33868 17764
23553 140 2 -34024 17716
23856 140 2 -34140 17852
24164 140 2 -34452 17990
24476 140 2 -34432 17926
24791 140 2 -33840 17824
25111 140 2 -34296 17856
25435 140 2 -34252 17956
25763 140 2 -34472 18018
26095 140 2 -34044 17782
26432 140 2 -34068 17754
26773 140 2 -34120 17732
27118 140 2 -34488 17962
27468 140 2 -34152 17920
27822 140 2 -34180 17854
28181 140 2 -34252 17888
28545 140 2 -34184 17852
28913 140 2 -34332 17848
29286 140 2 -34112 17762
29663 140 2 -34452 17946
30046 140 2 -34288 17882
30434 140 2 -34196 17914
30826 140 2 -34096 17666
31224 140 2 -34344 17920
31626 140 2 -34204 17848
32034 140 2 -34164 17782
32447 140 2 -34128 17856
32866 140 2 -34256 17896
33290 140 2 -34204 17760
33719 140 2 -34008 17808
34154 140 2 -34320 17986
34595 140 2 -33876 17722
35041 140 2 -34240 17908
35493 140 2 -34600 18054
35951 140 2 -34328 17904
36414 140 2 -34592 18032
36884 140 2 -34332 17950
37360 140 2 -34732 18134
37841 140 2 -34116 17842
38330 140 2 -34836 18112
38824 140 2 -34048 17780
39325 140 2 -34288 17856
39832 140 2 -34184 17930
40346 140 2 -34428 17936
40866 140 2 -34064 17830
41393 140 2 -34076 17840
41927 140 2 -34208 17894
42468 140 2 -33960 17696
43015 140 2 -34204 17924
43570 140 2 -34408 18056
44132 140 2 -33960 17814
44701 140 2 -34460 17934
45278 140 2 -34040 17838
45862 140 2 -34536 18034
46453 140 2 -34024 17660
47053 140 2 -33856 17640
47660 140 2 -34072 17820
48274 140 2 -34188 17928
48897 140 2 -34752 18112
49528 140 2 -34576 18042
50166 140 2 -34668 18070
50813 140 2 -33764 17632
51469 140 2 -34224 17912
52133 140 2 -34448 18000
52805 140 2 -34164 17894
53486 140 2 -34112 17728
54176 140 2 -34396 17934
54875 140 2 -33892 17702
55582 140 2 -34208 17922
56299 140 2 -34328 17844
57025 140 2 -34384 17962
57761 140 2 -34464 17984
58506 140 2 -33836 17682
59261 140 2 -34448 18040
60025 140 2 -34288 17946
60799 140 2 -34508 17982
61583 140 2 -34084 17850
62378 140 2 -34352 17990
63182 140 2 -33876 17720
63997 140 2 -34108 17730
64822 140 2 -34372 17942
65658 140 2 -34216 17912
66505 140 2 -34268 17948
67363 140 2 -34188 17836
68232 140 2 -34460 17878
69112 140 2 -33996 17706
70003 140 2 -34388 18058
70906 140 2 -34264 17884
71821 140 2 -34620 18038
72747 140 2 -34420 17952
73685 140 2 -34052 17710
74636 140 2 -34416 18036
75599 140 2 -34324 17896
76574 140 2 -34024 17768
77561 140 2 -33852 17646
78562 140 2 -34452 18010
79575 140 2 -34360 17952
80601 140 2 -34424 18042
81641 140 2 -34180 17956
82694 140 2 -34160 17918
83760 140 2 -34432 17888
84841 140 2 -34576 18082
85935 140 2 -34760 18104
87043 140 2 -34032 17738
88166 140 2 -34388 17948
89303 140 2 -34576 18044
90455 140 2 -33916 17666
91622 140 2 -34416 17916
92803 140 2 -34600 18044
94000 140 2 -34292 17818
95213 140 2 -34264 17860
96441 140 2 -33876 17564
97685 140 2 -34028 17822
98945 140 2 -34244 17928
100221 140 2 -34648 18040
101513 140 2 -33968 17736
102823 140 2 -34140 17796
104149 140 2 -33784 17692
105492 140 2 -34280 17856
106853 140 2 -34040 17748
108231 140 2 -34076 17860
109627 140 2 -34144 17826
111041 140 2 -33740 17610
112473 140 2 -33848 17752
113924 140 2 -34420 17984
115393 140 2 -34160 17822
116882 140 2 -34132 17830
118389 140 2 -34148 17788
119916 140 2 -34220 17814
121463 140 2 -34240 17882
123029 140 2 -34084 17842
124616 140 2 -33896 17708
126224 140 2 -34416 17962
127852 140 2 -33636 17580
129501 140 2 -33956 17732
131171 140 2 -33744 17582
132863 140 2 -34024 17758
134576 140 2 -34284 17938
136312 140 2 -34092 17664
138070 140 2 -34352 17910
139851 140 2 -34292 17898
141655 140 2 -34004 17802
143482 140 2 -33880 17786
145333 140 2 -34268 17884
147207 140 2 -34084 17742
149106 140 2 -34096 17814
151029 140 2 -34152 17894
152977 140 2 -34136 17788
154950 140 2 -34336 17848
156948 140 2 -34192 17934
158973 140 2 -34328 17858
161023 140 2 -34216 17878
163100 140 2 -34320 17910
165204 140 2 -34168 17716
167334 140 2 -34032 17712
169493 140 2 -34240 17938
171679 140 2 -34168 17824
173893 140 2 -34260 17844
176136 140 2 -34308 17870
178408 140 2 -33960 17788
180709 140 2 -34416 17954
183040 140 2 -33912 17754
185400 140 2 -33784 17558
187792 140 2 -34032 17792
190214 140 2 -34240 17884
192667 140 2 -33964 17690
195152 140 2 -34288 17918
197669 140 2 -34100 17788
200219 140 2 -34584 18032
202801 140 2 -34340 18022
205417 140 2 -34148 17880
208066 140 2 -34712 18106
210750 140 2 -34156 17812
213468 140 2 -34416 18012
216222 140 2 -34412 17898
219010 140 2 -34120 17816
221835 140 2 -34096 17814
224696 140 2 -34524 18040
227595 140 2 -34228 17762
230530 140 2 -34000 17802
233503 140 2 -34056 17678
236515 140 2 -34124 17824
239566 140 2 -33976 17784
242656 140 2 -34252 17890
245785 140 2 -34252 17878
248956 140 2 -34244 17972
252167 140 2 -34272 17940
255419 140 2 -34444 17936
258713 140 2 -34364 17954
262050 140 2 -34516 17950
265430 140 2 -34416 17960
268854 140 2 -34264 17966
272321 140 2 -34516 17970
275834 140 2 -33844 17720
279391 140 2 -34136 17846
282995 140 2 -34288 17714
286645 140 2 -33672 17596
290342 140 2 -33732 17594
294087 140 2 -34108 17752
297880 140 2 -33936 17724
301722 140 2 -34340 17878
305614 140 2 -33916 17724
309556 140 2 -34136 17768
313548 140 2 -33940 17672
317592 140 2 -34140 17844
321689 140 2 -33968 17678
325838 140 2 -33988 17814
330040 140 2 -34172 17868
334297 140 2 -34088 17878
338609 140 2 -34144 17934
342976 140 2 -34160 17958
347400 140 2 -34320 17906
351881 140 2 -34212 17906
356419 140 2 -33780 17548
361016 140 2 -34188 17836
365673 140 2 -33876 17752
370389 140 2 -34440 18022
375167 140 2 -34152 17802
380005 140 2 -33892 17652
384907 140 2 -33756 17564
389871 140 2 -34128 17836
394900 140 2 -34104 17822
399993 140 2 -34212 17876
405152 140 2 -34104 17888
410378 140 2 -34188 17908
415671 140 2 -34512 17964
421032 140 2 -34436 18006
426463 140 2 -34116 17824
431963 140 2 -34176 17724
437535 140 2 -34172 17764
443178 140 2 -34156 17860
448894 140 2 -34540 18080
454684 140 2 -34340 17900
460548 140 2 -34028 17816
466489 140 2 -34492 17998
472505 140 2 -34164 17834
478600 140 2 -34260 17888
484773 140 2 -33876 17726
491025 140 2 -33944 17772
497358 140 2 -34276 17926
503773 140 2 -33884 17762
510271 140 2 -34048 17638
516852 140 2 -34128 17712
523519 140 2 -33840 17672
530271 140 2 -34220 17812
537111 140 2 -33944 17734
544038 140 2 -34644 18138
551055 140 2 -33880 17762
558163 140 2 -34128 17838
565362 140 2 -34304 17942
572654 140 2 -34424 17924
580040 140 2 -34212 17900
587521 140 2 -34192 17780
595099 140 2 -33956 17814
602775 140 2 -34980 18214
610549 140 2 -34848 18188
618424 140 2 -33924 17776
626400 140 2 -34196 17790
634480 140 2 -34360 18000
642663 140 2 -33876 17688
650952 140 2 -34264 17860
659348 140 2 -33952 17788
667853 140 2 -33876 17686
676467 140 2 -34384 18016
685192 140 2 -34220 17818
694029 140 2 -33520 17456
702981 140 2 -34532 18038
712048 140 2 -34284 17930
721232 140 2 -33904 17736
730534 140 2 -34372 17914
739957 140 2 -34460 18042
749500 140 2 -34108 17870
759168 140 2 -34500 17960
768959 140 2 -33924 17840
778877 140 2 -33700 17644
788923 140 2 -34448 17948
799099 140 2 -34024 17758
809405 140 2 -34424 17936
819845 140 2 -34280 17816
830419 140 2 -34656 17986
841130 140 2 -33952 17792
851979 140 2 -34700 18024
862968 140 2 -33756 17614
874098 140 2 -33960 17784
885373 140 2 -34624 18028
896792 140 2 -33980 17736
908359 140 2 -34472 18012
920075 140 2 -33868 17754
931942 140 2 -34256 17878
943962 140 2 -34032 17734
956137 140 2 -34272 18016
968470 140 2 -34564 17998
980961 140 2 -33264 17414
993613 140 2 -34136 17890
999999 140 2 -34392 18012
