3 100 2.3 -16756 8926
4 100 2.3 -16208 8710
5 100 2.3 -16196 8668
6 100 2.3 -15944 8572
7 100 2.3 -15520 8410
8 100 2.3 -15800 8450
9 100 2.3 -15512 8252
10 100 2.3 -15484 8228
11 100 2.3 -15436 8216
12 100 2.3 -15364 8192
13 100 2.3 -15144 8150
14 100 2.3 -15344 8142
15 100 2.3 -15224 8090
16 100 2.3 -15248 8114
17 100 2.3 -15236 8066
18 100 2.3 -15168 8010
19 100 2.3 -15112 7980
20 100 2.3 -15056 7974
21 100 2.3 -15004 8012
22 100 2.3 -14916 7920
23 100 2.3 -14832 7850
24 100 2.3 -14712 7744
25 100 2.3 -14676 7686
26 100 2.3 -14724 7624
27 100 2.3 -14808 7624
28 100 2.3 -14936 7624
29 100 2.3 -14888 7632
30 100 2.3 -15128 7754
31 100 2.3 -14568 7626
32 100 2.3 -14440 7588
33 100 2.3 -14500 7496
34 100 2.3 -14300 7312
35 100 2.3 -14504 7436
36 100 2.3 -14636 7454
37 100 2.3 -14412 7422
38 100 2.3 -14376 7466
39 100 2.3 -14440 7446
40 100 2.3 -14460 7538
41 100 2.3 -14416 7528
42 100 2.3 -14524 7588
43 100 2.3 -14712 7604
44 100 2.3 -14744 7628
45 100 2.3 -14732 7650
46 100 2.3 -14864 7702
47 100 2.3 -14924 7722
48 100 2.3 -14952 7756
49 100 2.3 -14628 7724
50 100 2.3 -14916 7784
51 100 2.3 -15008 7798
52 100 2.3 -14644 7726
53 100 2.3 -14812 7692
54 100 2.3 -14768 7614
55 100 2.3 -14840 7684
56 100 2.3 -14688 7676
57 100 2.3 -14816 7806
58 100 2.3 -14648 7668
59 100 2.3 -14544 7552
60 100 2.3 -14672 7604
61 100 2.3 -14796 7728
62 100 2.3 -14724 7656
63 100 2.3 -14340 7516
64 100 2.3 -14816 7618
65 100 2.3 -14576 7552
66 100 2.3 -14456 7476
67 100 2.3 -14100 7290
68 100 2.3 -14248 7334
69 100 2.3 -14136 7292
70 100 2.3 -14328 7392
71 100 2.3 -14104 7128
72 100 2.3 -13996 7182
73 100 2.3 -14072 7118
74 100 2.3 -14396 7234
75 100 2.3 -14276 7212
76 100 2.3 -14080 7266
77 100 2.3 -14464 7348
78 100 2.3 -14148 7268
79 100 2.3 -14220 7318
80 100 2.3 -14172 7190
81 100 2.3 -14044 7054
82 100 2.3 -14000 7044
83 100 2.3 -14296 7204
84 100 2.3 -14152 7134
85 100 2.3 -14284 7222
86 100 2.3 -14312 7168
88 100 2.3 -13972 7042
89 100 2.3 -13988 7050
90 100 2.3 -13828 6926
91 100 2.3 -13940 6946
92 100 2.3 -13880 6974
93 100 2.3 -14148 7044
95 100 2.3 -13808 6858
96 100 2.3 -13876 6872
97 100 2.3 -13952 6916
98 100 2.3 -13632 6842
99 100 2.3 -13920 6874
101 100 2.3 -13900 6826
102 100 2.3 -13832 6850
103 100 2.3 -13976 6832
105 100 2.3 -14040 6822
106 100 2.3 -14116 6802
107 100 2.3 -14148 6852
109 100 2.3 -14076 6836
110 100 2.3 -14352 6902
112 100 2.3 -14376 6832
113 100 2.3 -14288 6910
114 100 2.3 -14052 6726
116 100 2.3 -14068 6658
117 100 2.3 -14204 6764
119 100 2.3 -14224 6620
120 100 2.3 -14116 6636
122 100 2.3 -13700 6536
124 100 2.3 -13844 6596
125 100 2.3 -13932 6592
127 100 2.3 -14028 6672
128 100 2.3 -13944 6556
130 100 2.3 -13652 6462
132 100 2.3 -13988 6582
133 100 2.3 -13804 6482
135 100 2.3 -13756 6522
137 100 2.3 -13684 6422
139 100 2.3 -13856 6618
140 100 2.3 -13932 6638
142 100 2.3 -14384 6738
144 100 2.3 -14028 6588
146 100 2.3 -14152 6580
148 100 2.3 -14200 6776
150 100 2.3 -13928 6546
152 100 2.3 -14000 6602
154 100 2.3 -14008 6474
155 100 2.3 -14128 6496
157 100 2.3 -14216 6660
160 100 2.3 -14188 6568
162 100 2.3 -14364 6604
164 100 2.3 -14104 6494
166 100 2.3 -14164 6476
168 100 2.3 -14128 6538
170 100 2.3 -14136 6612
172 100 2.3 -14220 6548
174 100 2.3 -14160 6634
177 100 2.3 -14596 6710
179 100 2.3 -14220 6664
181 100 2.3 -14124 6668
184 100 2.3 -14108 6628
186 100 2.3 -14316 6714
188 100 2.3 -14336 6672
191 100 2.3 -14304 6526
193 100 2.3 -14152 6562
196 100 2.3 -14448 6642
198 100 2.3 -14376 6448
201 100 2.3 -13948 6098
203 100 2.3 -14040 6132
206 100 2.3 -13768 6118
209 100 2.3 -13944 6194
211 100 2.3 -14120 6364
214 100 2.3 -13720 6132
217 100 2.3 -13672 6084
220 100 2.3 -13688 6224
222 100 2.3 -14092 6384
225 100 2.3 -13916 6466
228 100 2.3 -14032 6798
231 100 2.3 -14204 6808
234 100 2.3 -14328 6756
237 100 2.3 -14676 6940
240 100 2.3 -13968 6576
243 100 2.3 -13904 6384
246 100 2.3 -13776 6410
250 100 2.3 -14032 6736
253 100 2.3 -14388 6770
256 100 2.3 -14136 6634
259 100 2.3 -14064 6546
263 100 2.3 -14048 6646
266 100 2.3 -13828 6582
269 100 2.3 -14196 6682
273 100 2.3 -14176 6566
276 100 2.3 -13948 6560
280 100 2.3 -13924 6760
284 100 2.3 -13916 6648
287 100 2.3 -13896 6796
291 100 2.3 -13676 6508
295 100 2.3 -13588 6510
298 100 2.3 -13204 6318
302 100 2.3 -13768 6398
306 100 2.3 -14000 6450
310 100 2.3 -13800 6480
314 100 2.3 -13836 6396
318 100 2.3 -13828 6428
322 100 2.3 -14072 6758
326 100 2.3 -14136 6536
331 100 2.3 -14008 6484
335 100 2.3 -14008 6132
339 100 2.3 -13860 5988
344 100 2.3 -13608 5748
348 100 2.3 -13788 5800
352 100 2.3 -13404 5656
357 100 2.3 -13276 5586
362 100 2.3 -13452 5590
366 100 2.3 -13452 5394
371 100 2.3 -13392 5184
376 100 2.3 -13396 5218
381 100 2.3 -13412 5014
385 100 2.3 -13608 5074
390 100 2.3 -13484 4890
395 100 2.3 -13656 5356
401 100 2.3 -13892 5414
406 100 2.3 -13884 5220
411 100 2.3 -13584 5022
416 100 2.3 -13616 4714
422 100 2.3 -13748 4852
427 100 2.3 -13584 4892
433 100 2.3 -13632 4944
438 100 2.3 -13724 5000
444 100 2.3 -13628 5074
449 100 2.3 -13608 5102
455 100 2.3 -13520 5220
461 100 2.3 -13416 4960
467 100 2.3 -13688 5274
473 100 2.3 -13956 5318
479 100 2.3 -13488 5312
485 100 2.3 -13668 5340
492 100 2.3 -14136 5532
498 100 2.3 -14052 5664
504 100 2.3 -13912 5610
511 100 2.3 -13592 5810
517 100 2.3 -13856 5884
524 100 2.3 -13840 5792
531 100 2.3 -13508 5708
538 100 2.3 -13964 6074
545 100 2.3 -13508 5718
552 100 2.3 -13540 5768
559 100 2.3 -13580 5352
566 100 2.3 -13600 5352
573 100 2.3 -13380 5310
581 100 2.3 -13788 5446
588 100 2.3 -13700 5392
596 100 2.3 -13504 5356
603 100 2.3 -13476 5148
611 100 2.3 -13736 5184
619 100 2.3 -13348 4790
627 100 2.3 -13424 4758
635 100 2.3 -13572 4586
643 100 2.3 -13968 4314
652 100 2.3 -13412 4146
660 100 2.3 -13368 3604
668 100 2.3 -13596 4142
677 100 2.3 -13552 4768
686 100 2.3 -13612 4658
695 100 2.3 -14056 4834
704 100 2.3 -13636 4598
713 100 2.3 -13516 4610
722 100 2.3 -13392 4508
731 100 2.3 -13492 4926
741 100 2.3 -13520 4878
750 100 2.3 -13312 4810
760 100 2.3 -13756 5300
770 100 2.3 -13436 5080
780 100 2.3 -13436 5362
790 100 2.3 -13684 5462
800 100 2.3 -13460 5132
810 100 2.3 -13816 5394
821 100 2.3 -13760 5550
831 100 2.3 -13876 5810
842 100 2.3 -14112 5912
853 100 2.3 -13504 5932
864 100 2.3 -13784 6216
875 100 2.3 -13968 6380
886 100 2.3 -13456 5760
897 100 2.3 -14044 6304
909 100 2.3 -14036 6174
921 100 2.3 -14076 6104
933 100 2.3 -13620 5682
945 100 2.3 -13620 5814
957 100 2.3 -14092 6086
969 100 2.3 -13876 6362
982 100 2.3 -14408 6742
994 100 2.3 -14460 6720
1007 100 2.3 -13948 6130
1020 100 2.3 -13580 5986
1033 100 2.3 -14104 6236
1047 100 2.3 -13836 5776
1060 100 2.3 -13808 5924
1074 100 2.3 -14052 5902
1088 100 2.3 -14200 5998
1102 100 2.3 -13560 5694
1116 100 2.3 -13972 6234
1130 100 2.3 -13520 6040
1145 100 2.3 -13584 5834
1160 100 2.3 -13720 5612
1174 100 2.3 -13852 5596
1190 100 2.3 -13164 5002
1205 100 2.3 -13616 5456
1220 100 2.3 -13536 5252
1236 100 2.3 -13432 5284
1252 100 2.3 -14004 5696
1268 100 2.3 -13404 5242
1285 100 2.3 -13588 5478
1301 100 2.3 -13752 5826
1318 100 2.3 -14048 6106
1335 100 2.3 -13684 5612
1352 100 2.3 -13776 5752
1370 100 2.3 -13640 6000
1387 100 2.3 -14508 6694
1405 100 2.3 -13956 6358
1423 100 2.3 -14212 6798
1442 100 2.3 -13852 6242
1460 100 2.3 -14324 6324
1479 100 2.3 -13972 6184
1498 100 2.3 -13528 6088
1517 100 2.3 -13692 5942
1537 100 2.3 -13724 5690
1557 100 2.3 -13536 5340
1577 100 2.3 -13404 5552
1597 100 2.3 -13464 5578
1618 100 2.3 -13560 5098
1639 100 2.3 -13560 5242
1660 100 2.3 -13356 4510
1681 100 2.3 -13612 4840
1703 100 2.3 -13276 3860
1725 100 2.3 -13292 3394
1747 100 2.3 -13428 3220
1770 100 2.3 -13068 3256
1792 100 2.3 -13236 2908
1816 100 2.3 -13124 2974
1839 100 2.3 -13332 2816
1863 100 2.3 -13156 2252
1887 100 2.3 -13564 2890
1911 100 2.3 -13148 2620
1936 100 2.3 -13692 2910
1961 100 2.3 -13376 3208
1986 100 2.3 -13252 2830
2012 100 2.3 -13760 3240
2037 100 2.3 -13576 3266
2064 100 2.3 -13144 2230
2090 100 2.3 -13256 2564
2117 100 2.3 -13372 2042
2145 100 2.3 -13216 2180
2172 100 2.3 -13312 1684
2200 100 2.3 -13196 1534
2229 100 2.3 -12884 1192
2257 100 2.3 -13172 2032
2286 100 2.3 -13052 1786
2316 100 2.3 -13340 2770
2346 100 2.3 -13624 3006
2376 100 2.3 -13840 2958
2407 100 2.3 -13660 3400
2438 100 2.3 -13320 3370
2469 100 2.3 -13312 3084
2501 100 2.3 -13228 3298
2533 100 2.3 -13416 4030
2566 100 2.3 -13228 3590
2599 100 2.3 -13436 4126
2633 100 2.3 -13468 3722
2667 100 2.3 -13692 4142
2701 100 2.3 -13552 3794
2736 100 2.3 -13628 3756
2771 100 2.3 -13724 3970
2807 100 2.3 -13932 4498
2843 100 2.3 -13156 4076
2880 100 2.3 -13436 4122
2917 100 2.3 -13460 3856
2954 100 2.3 -13636 4604
2992 100 2.3 -13600 5020
3031 100 2.3 -13848 4888
3070 100 2.3 -14164 4788
3110 100 2.3 -13804 5306
3150 100 2.3 -13652 5192
3190 100 2.3 -13852 5348
3232 100 2.3 -13416 5294
3273 100 2.3 -13824 5712
3315 100 2.3 -13704 5406
3358 100 2.3 -13880 5564
3402 100 2.3 -14024 6056
3445 100 2.3 -13728 5532
3490 100 2.3 -13824 5810
3535 100 2.3 -13568 5358
3580 100 2.3 -13540 5652
3627 100 2.3 -13724 5976
3673 100 2.3 -13848 6006
3721 100 2.3 -13644 5780
3769 100 2.3 -13704 5870
3817 100 2.3 -13420 5622
3867 100 2.3 -13684 6124
3916 100 2.3 -13772 5576
3967 100 2.3 -14036 4834
4018 100 2.3 -13864 4424
4070 100 2.3 -13852 3930
4122 100 2.3 -13572 3242
4176 100 2.3 -13116 3050
4229 100 2.3 -13280 3146
4284 100 2.3 -13332 4262
4339 100 2.3 -13596 4612
4395 100 2.3 -13868 5132
4452 100 2.3 -13516 4978
4509 100 2.3 -13804 4564
4567 100 2.3 -13640 4774
4626 100 2.3 -13736 5232
4686 100 2.3 -13860 5744
4746 100 2.3 -13716 5416
4808 100 2.3 -13592 4754
4870 100 2.3 -13944 4794
4932 100 2.3 -13356 3654
4996 100 2.3 -13588 3142
5060 100 2.3 -13284 3620
5126 100 2.3 -13836 4664
5192 100 2.3 -13956 5748
5259 100 2.3 -13576 4642
5327 100 2.3 -13728 4220
5395 100 2.3 -13600 5028
5465 100 2.3 -13768 4028
5535 100 2.3 -13428 3928
5607 100 2.3 -13328 3478
5679 100 2.3 -13264 4412
5752 100 2.3 -13696 4266
5826 100 2.3 -13840 4080
5902 100 2.3 -13504 4550
5978 100 2.3 -14012 4928
6055 100 2.3 -13544 5508
6133 100 2.3 -13816 5564
6212 100 2.3 -14052 6328
6292 100 2.3 -13864 5806
6373 100 2.3 -13632 5680
6455 100 2.3 -14060 6222
6539 100 2.3 -14012 5780
6623 100 2.3 -13336 5088
6708 100 2.3 -13824 5518
6795 100 2.3 -13708 5712
6883 100 2.3 -14364 5946
6971 100 2.3 -13772 5522
7061 100 2.3 -14292 6404
7152 100 2.3 -13768 5810
7245 100 2.3 -13832 5962
7338 100 2.3 -13680 5996
7433 100 2.3 -13728 5824
7529 100 2.3 -13820 5322
7626 100 2.3 -13492 4648
7724 100 2.3 -13344 4372
7824 100 2.3 -14040 4502
7925 100 2.3 -13696 4546
8027 100 2.3 -13500 4060
8130 100 2.3 -13604 2930
8235 100 2.3 -13236 2672
8341 100 2.3 -13548 2544
8449 100 2.3 -13124 3356
8558 100 2.3 -13472 4482
8668 100 2.3 -13832 4736
8780 100 2.3 -13700 5374
8893 100 2.3 -13908 5738
9008 100 2.3 -13336 4554
9124 100 2.3 -13568 5568
9242 100 2.3 -13780 5454
9361 100 2.3 -14240 6330
9482 100 2.3 -13696 4594
9604 100 2.3 -13428 4872
9728 100 2.3 -14020 5154
9853 100 2.3 -13784 5426
9980 100 2.3 -13792 6062
10109 100 2.3 -13620 4866
10240 100 2.3 -12848 3898
10372 100 2.3 -13184 1964
10505 100 2.3 -13264 1306
10641 100 2.3 -13620 2578
10778 100 2.3 -13352 2316
10917 100 2.3 -13560 3656
11058 100 2.3 -13392 3254
11201 100 2.3 -13600 4292
11345 100 2.3 -12960 4474
11491 100 2.3 -13484 3718
11640 100 2.3 -12724 2730
11790 100 2.3 -13464 2844
11942 100 2.3 -13420 2788
12096 100 2.3 -13472 3874
12252 100 2.3 -13376 4472
12410 100 2.3 -13760 3556
12570 100 2.3 -13560 3950
12732 100 2.3 -13396 3522
12896 100 2.3 -13344 4506
13062 100 2.3 -13848 5564
13231 100 2.3 -13876 4020
13402 100 2.3 -13284 3336
13574 100 2.3 -13840 3412
13750 100 2.3 -13684 3870
13927 100 2.3 -13584 5362
14106 100 2.3 -13776 6154
14288 100 2.3 -13332 4888
14473 100 2.3 -12872 2806
14659 100 2.3 -13448 2960
14848 100 2.3 -13536 3070
15040 100 2.3 -13168 3070
15234 100 2.3 -13232 4284
15430 100 2.3 -13544 5838
15629 100 2.3 -13892 5918
15831 100 2.3 -13600 4824
16035 100 2.3 -13524 3348
16242 100 2.3 -13628 5226
16451 100 2.3 -14204 5748
16664 100 2.3 -13420 5310
16879 100 2.3 -13492 4486
17096 100 2.3 -13364 4016
17317 100 2.3 -13668 3744
17540 100 2.3 -14088 5120
17766 100 2.3 -13240 5098
17995 100 2.3 -14008 5464
18228 100 2.3 -13036 4340
18463 100 2.3 -13960 5394
18701 100 2.3 -14088 5722
18942 100 2.3 -13940 5600
19186 100 2.3 -13172 4516
19434 100 2.3 -13732 5526
19684 100 2.3 -13916 4720
19938 100 2.3 -14172 5164
20195 100 2.3 -13400 3886
20456 100 2.3 -13368 4546
20720 100 2.3 -13124 4030
20987 100 2.3 -13448 5196
21258 100 2.3 -13520 4396
21532 100 2.3 -13920 6098
21810 100 2.3 -13780 5434
22091 100 2.3 -13516 4944
22376 100 2.3 -13584 4778
22664 100 2.3 -13872 5286
22957 100 2.3 -13892 5358
23253 100 2.3 -13600 6246
23553 100 2.3 -13876 5640
23856 100 2.3 -13544 4538
24164 100 2.3 -13960 5806
24476 100 2.3 -13056 3454
24791 100 2.3 -13492 3782
25111 100 2.3 -13528 3124
25435 100 2.3 -13412 3424
25763 100 2.3 -13948 4978
26095 100 2.3 -13348 4490
26432 100 2.3 -13672 5978
26773 100 2.3 -13864 5810
27118 100 2.3 -14180 5666
27468 100 2.3 -13400 4934
27822 100 2.3 -13408 5188
28181 100 2.3 -13768 5742
28545 100 2.3 -13472 4970
28913 100 2.3 -13580 3560
29286 100 2.3 -14280 5890
29663 100 2.3 -13468 5270
30046 100 2.3 -13352 4218
30434 100 2.3 -13972 6330
30826 100 2.3 -13624 4260
31224 100 2.3 -13608 3816
31626 100 2.3 -14052 5140
32034 100 2.3 -13752 5280
32447 100 2.3 -13236 4332
32866 100 2.3 -13552 -136
33290 100 2.3 -13164 140
33719 100 2.3 -13116 -956
34154 100 2.3 -13128 -1948
34595 100 2.3 -13112 -498
35041 100 2.3 -13464 1146
35493 100 2.3 -12464 2300
35951 100 2.3 -13636 3180
36414 100 2.3 -13704 1434
36884 100 2.3 -13000 54
37360 100 2.3 -13508 490
37841 100 2.3 -13392 2286
38330 100 2.3 -13680 3988
38824 100 2.3 -13472 4870
39325 100 2.3 -14144 5834
39832 100 2.3 -13460 5270
40346 100 2.3 -13784 5120
40866 100 2.3 -13688 5126
41393 100 2.3 -13356 4828
41927 100 2.3 -13252 3502
42468 100 2.3 -13816 3620
43015 100 2.3 -14108 4402
43570 100 2.3 -13796 4170
44132 100 2.3 -13280 2992
44701 100 2.3 -13748 4948
45278 100 2.3 -13312 2448
45862 100 2.3 -13292 3312
46453 100 2.3 -13200 2884
47053 100 2.3 -13888 4882
47660 100 2.3 -13440 3648
48274 100 2.3 -13468 4418
48897 100 2.3 -13800 6368
49528 100 2.3 -13736 5990
50166 100 2.3 -13888 5676
50813 100 2.3 -13532 4860
51469 100 2.3 -13652 2826
52133 100 2.3 -13172 2672
52805 100 2.3 -13008 -690
53486 100 2.3 -13636 -1862
54176 100 2.3 -13092 -3162
54875 100 2.3 -13872 -5572
55582 100 2.3 -13812 -5566
56299 100 2.3 -13504 -3170
57025 100 2.3 -13736 -458
57761 100 2.3 -13308 436
58506 100 2.3 -13324 -256
59261 100 2.3 -13264 -1370
60025 100 2.3 -12612 40
60799 100 2.3 -13936 1034
61583 100 2.3 -13388 3634
62378 100 2.3 -13684 758
63182 100 2.3 -12508 624
63997 100 2.3 -12944 212
64822 100 2.3 -12860 654
65658 100 2.3 -13444 1950
66505 100 2.3 -13604 4958
67363 100 2.3 -13600 4848
68232 100 2.3 -13972 6404
69112 100 2.3 -13744 4810
70003 100 2.3 -13184 2238
70906 100 2.3 -12764 3398
71821 100 2.3 -13284 3468
72747 100 2.3 -13328 1964
73685 100 2.3 -13180 2208
74636 100 2.3 -13388 3270
75599 100 2.3 -13352 1918
76574 100 2.3 -13372 1872
77561 100 2.3 -13460 -1260
78562 100 2.3 -13432 -4136
79575 100 2.3 -13268 -3780
80601 100 2.3 -12876 -166
81641 100 2.3 -13672 -2328
82694 100 2.3 -12884 -2842
83760 100 2.3 -13624 -6218
84841 100 2.3 -13640 -5100
85935 100 2.3 -13996 -6012
87043 100 2.3 -13120 -4644
88166 100 2.3 -13152 -2048
89303 100 2.3 -13444 -4214
90455 100 2.3 -13356 -5712
91622 100 2.3 -12888 -1370
92803 100 2.3 -14180 -6524
94000 100 2.3 -13168 -200
95213 100 2.3 -13132 -2738
96441 100 2.3 -14036 -5318
97685 100 2.3 -12936 -474
98945 100 2.3 -13364 -5726
100221 100 2.3 -14136 -6092
101513 100 2.3 -13156 -1934
102823 100 2.3 -13408 1368
104149 100 2.3 -13100 -1118
105492 100 2.3 -13820 -5000
106853 100 2.3 -13548 -5778
108231 100 2.3 -13732 -4662
109627 100 2.3 -14248 -4976
111041 100 2.3 -13256 -1272
112473 100 2.3 -13272 3498
113924 100 2.3 -13364 -22
115393 100 2.3 -13208 570
116882 100 2.3 -13116 2382
118389 100 2.3 -13884 1606
119916 100 2.3 -13176 5264
121463 100 2.3 -13616 4924
123029 100 2.3 -13472 4892
124616 100 2.3 -12748 428
126224 100 2.3 -13220 -3682
127852 100 2.3 -13664 -1236
129501 100 2.3 -13368 3428
131171 100 2.3 -13556 1272
132863 100 2.3 -12944 2788
134576 100 2.3 -13768 5540
136312 100 2.3 -13692 3426
138070 100 2.3 -13108 3274
139851 100 2.3 -13028 1238
141655 100 2.3 -13760 3130
143482 100 2.3 -13232 2142
145333 100 2.3 -13288 246
147207 100 2.3 -13608 -2756
149106 100 2.3 -12980 304
151029 100 2.3 -13620 5570
152977 100 2.3 -13800 -3750
154950 100 2.3 -13840 -2774
156948 100 2.3 -13380 -640
158973 100 2.3 -13308 1342
161023 100 2.3 -13832 5666
163100 100 2.3 -13860 4716
165204 100 2.3 -13796 5382
167334 100 2.3 -14144 6926
169493 100 2.3 -13940 5400
171679 100 2.3 -13484 5774
173893 100 2.3 -13840 5686
176136 100 2.3 -13368 3524
178408 100 2.3 -13616 4304
180709 100 2.3 -13140 3680
183040 100 2.3 -13784 5406
185400 100 2.3 -13364 3168
187792 100 2.3 -12920 -340
190214 100 2.3 -13416 -1654
192667 100 2.3 -13652 -6038
195152 100 2.3 -12856 -2376
197669 100 2.3 -13764 -3698
200219 100 2.3 -13108 -2718
202801 100 2.3 -13032 -1032
205417 100 2.3 -13264 3496
208066 100 2.3 -14004 6124
210750 100 2.3 -13796 4932
213468 100 2.3 -13140 -2252
216222 100 2.3 -13656 -5626
219010 100 2.3 -13452 -4642
221835 100 2.3 -13516 -4656
224696 100 2.3 -13744 -5558
227595 100 2.3 -13776 -566
230530 100 2.3 -12728 2496
233503 100 2.3 -13972 6684
236515 100 2.3 -14244 6140
239566 100 2.3 -13332 3746
242656 100 2.3 -13064 -1230
245785 100 2.3 -13300 -2486
248956 100 2.3 -13008 -3102
252167 100 2.3 -13788 -4996
255419 100 2.3 -13252 -2816
258713 100 2.3 -13672 -4852
262050 100 2.3 -13456 -4824
265430 100 2.3 -13572 -2756
268854 100 2.3 -13376 -3128
272321 100 2.3 -13088 -158
275834 100 2.3 -13708 6438
279391 100 2.3 -14164 6226
282995 100 2.3 -13104 2226
286645 100 2.3 -13340 4720
290342 100 2.3 -13784 -594
294087 100 2.3 -13364 2640
297880 100 2.3 -13624 -494
301722 100 2.3 -13864 4410
305614 100 2.3 -13688 5006
309556 100 2.3 -13912 6302
313548 100 2.3 -13112 714
317592 100 2.3 -13484 -2640
321689 100 2.3 -13508 -4976
325838 100 2.3 -13224 -3968
330040 100 2.3 -14016 -6862
334297 100 2.3 -13128 -3556
338609 100 2.3 -13372 1512
342976 100 2.3 -13324 -4384
347400 100 2.3 -13132 -4926
351881 100 2.3 -13156 -4058
356419 100 2.3 -13312 2130
361016 100 2.3 -13364 -5224
365673 100 2.3 -13432 -4244
370389 100 2.3 -13184 -1886
375167 100 2.3 -13224 4002
380005 100 2.3 -13500 -4266
384907 100 2.3 -13412 -2650
389871 100 2.3 -13412 -1002
394900 100 2.3 -13612 -4458
399993 100 2.3 -13924 -5810
405152 100 2.3 -14096 -4656
410378 100 2.3 -13208 3534
415671 100 2.3 -13596 4462
421032 100 2.3 -13900 5184
426463 100 2.3 -13156 3648
431963 100 2.3 -13320 4530
437535 100 2.3 -13428 4470
443178 100 2.3 -13548 4930
448894 100 2.3 -13848 4608
454684 100 2.3 -14128 5536
460548 100 2.3 -13428 3602
466489 100 2.3 -13456 4490
472505 100 2.3 -13472 1896
478600 100 2.3 -13400 1074
484773 100 2.3 -12908 -3120
491025 100 2.3 -13540 4936
497358 100 2.3 -12800 -364
503773 100 2.3 -13320 -2000
510271 100 2.3 -13544 -4964
516852 100 2.3 -14024 -3390
523519 100 2.3 -13792 -4364
530271 100 2.3 -13376 -3984
537111 100 2.3 -13708 -1792
544038 100 2.3 -13196 -3038
551055 100 2.3 -13784 -5894
558163 100 2.3 -13672 -624
565362 100 2.3 -13016 978
572654 100 2.3 -13128 -1558
580040 100 2.3 -13404 3278
587521 100 2.3 -13500 3916
595099 100 2.3 -13564 4170
602775 100 2.3 -13552 5908
610549 100 2.3 -13336 -956
618424 100 2.3 -13624 4726
626400 100 2.3 -13148 1308
634480 100 2.3 -13392 -136
642663 100 2.3 -13456 -5604
650952 100 2.3 -13268 268
659348 100 2.3 -14296 6868
667853 100 2.3 -13608 5258
676467 100 2.3 -13464 4240
685192 100 2.3 -13016 672
694029 100 2.3 -12588 238
702981 100 2.3 -13012 -2790
712048 100 2.3 -13936 5422
721232 100 2.3 -13164 -1638
730534 100 2.3 -13328 -110
739957 100 2.3 -13236 4584
749500 100 2.3 -13268 2492
759168 100 2.3 -13964 6252
768959 100 2.3 -13832 3650
778877 100 2.3 -13640 4856
788923 100 2.3 -13336 -3558
799099 100 2.3 -13068 3098
809405 100 2.3 -13792 2298
819845 100 2.3 -13676 4030
830419 100 2.3 -13452 -3332
841130 100 2.3 -13332 -2464
851979 100 2.3 -13564 -5718
862968 100 2.3 -13436 2918
874098 100 2.3 -13948 2420
885373 100 2.3 -13328 -1268
896792 100 2.3 -13004 1900
908359 100 2.3 -13796 4468
920075 100 2.3 -13576 -3068
931942 100 2.3 -13320 4122
943962 100 2.3 -13948 2836
956137 100 2.3 -13652 5562
968470 100 2.3 -13836 3496
980961 100 2.3 -13888 -5738
993613 100 2.3 -13008 3388
999999 100 2.3 -13352 3404
