3 20 2.1 -720 368
4 20 2.1 -688 366
5 20 2.1 -656 350
6 20 2.1 -700 372
7 20 2.1 -636 348
8 20 2.1 -716 378
9 20 2.1 -680 366
10 20 2.1 -692 368
11 20 2.1 -716 374
12 20 2.1 -716 374
13 20 2.1 -704 372
14 20 2.1 -704 370
15 20 2.1 -716 374
16 20 2.1 -676 358
17 20 2.1 -688 354
18 20 2.1 -700 356
19 20 2.1 -688 356
20 20 2.1 -660 342
21 20 2.1 -656 344
22 20 2.1 -672 354
23 20 2.1 -616 336
24 20 2.1 -592 328
25 20 2.1 -620 328
26 20 2.1 -648 344
27 20 2.1 -680 346
28 20 2.1 -668 340
29 20 2.1 -640 332
30 20 2.1 -628 330
31 20 2.1 -664 356
32 20 2.1 -664 348
33 20 2.1 -668 350
34 20 2.1 -676 360
35 20 2.1 -688 366
36 20 2.1 -700 372
37 20 2.1 -696 368
38 20 2.1 -712 368
39 20 2.1 -696 356
40 20 2.1 -664 352
41 20 2.1 -688 368
42 20 2.1 -688 364
43 20 2.1 -684 354
44 20 2.1 -692 366
45 20 2.1 -736 384
46 20 2.1 -720 378
47 20 2.1 -728 380
48 20 2.1 -716 372
49 20 2.1 -732 382
50 20 2.1 -748 386
51 20 2.1 -732 380
52 20 2.1 -720 378
53 20 2.1 -700 364
54 20 2.1 -716 368
55 20 2.1 -688 366
56 20 2.1 -660 352
57 20 2.1 -648 352
58 20 2.1 -640 334
59 20 2.1 -648 322
60 20 2.1 -676 338
61 20 2.1 -676 348
62 20 2.1 -668 348
63 20 2.1 -688 360
64 20 2.1 -712 366
65 20 2.1 -696 370
66 20 2.1 -724 376
67 20 2.1 -668 350
68 20 2.1 -648 350
69 20 2.1 -664 358
70 20 2.1 -684 366
71 20 2.1 -708 372
72 20 2.1 -684 356
73 20 2.1 -636 348
74 20 2.1 -648 344
75 20 2.1 -640 348
76 20 2.1 -656 358
77 20 2.1 -664 354
78 20 2.1 -652 344
79 20 2.1 -680 340
80 20 2.1 -664 340
81 20 2.1 -648 334
82 20 2.1 -652 334
83 20 2.1 -616 320
84 20 2.1 -624 332
85 20 2.1 -612 328
86 20 2.1 -580 310
88 20 2.1 -580 306
89 20 2.1 -608 322
90 20 2.1 -628 336
91 20 2.1 -692 364
92 20 2.1 -708 374
93 20 2.1 -692 368
95 20 2.1 -708 372
96 20 2.1 -708 370
97 20 2.1 -692 368
98 20 2.1 -676 364
99 20 2.1 -672 364
101 20 2.1 -640 344
102 20 2.1 -604 340
103 20 2.1 -620 338
105 20 2.1 -616 336
106 20 2.1 -604 332
107 20 2.1 -608 330
109 20 2.1 -696 366
110 20 2.1 -720 376
112 20 2.1 -692 370
113 20 2.1 -700 366
114 20 2.1 -708 374
116 20 2.1 -704 368
117 20 2.1 -700 370
119 20 2.1 -656 360
120 20 2.1 -656 356
122 20 2.1 -700 372
124 20 2.1 -712 374
125 20 2.1 -712 374
127 20 2.1 -736 382
128 20 2.1 -692 370
130 20 2.1 -668 332
132 20 2.1 -648 332
133 20 2.1 -636 342
135 20 2.1 -632 326
137 20 2.1 -588 300
139 20 2.1 -592 302
140 20 2.1 -600 318
142 20 2.1 -672 346
144 20 2.1 -664 358
146 20 2.1 -660 352
148 20 2.1 -660 358
150 20 2.1 -668 358
152 20 2.1 -640 352
154 20 2.1 -676 360
155 20 2.1 -688 368
157 20 2.1 -716 374
160 20 2.1 -696 358
162 20 2.1 -652 326
164 20 2.1 -636 332
166 20 2.1 -704 352
168 20 2.1 -656 340
170 20 2.1 -688 358
172 20 2.1 -716 376
174 20 2.1 -720 372
177 20 2.1 -744 386
179 20 2.1 -688 368
181 20 2.1 -720 376
184 20 2.1 -708 372
186 20 2.1 -716 374
188 20 2.1 -684 358
191 20 2.1 -672 360
193 20 2.1 -632 348
196 20 2.1 -712 372
198 20 2.1 -692 368
201 20 2.1 -728 380
203 20 2.1 -760 388
206 20 2.1 -748 384
209 20 2.1 -680 366
211 20 2.1 -688 360
214 20 2.1 -656 352
217 20 2.1 -704 362
220 20 2.1 -708 372
222 20 2.1 -756 388
225 20 2.1 -712 378
228 20 2.1 -708 374
231 20 2.1 -704 372
234 20 2.1 -676 362
237 20 2.1 -672 360
240 20 2.1 -636 350
243 20 2.1 -692 364
246 20 2.1 -656 340
250 20 2.1 -644 338
253 20 2.1 -664 356
256 20 2.1 -668 364
259 20 2.1 -672 342
263 20 2.1 -652 338
266 20 2.1 -588 320
269 20 2.1 -568 314
273 20 2.1 -640 350
276 20 2.1 -728 378
280 20 2.1 -732 382
284 20 2.1 -664 356
287 20 2.1 -672 346
291 20 2.1 -636 338
295 20 2.1 -704 358
298 20 2.1 -628 336
302 20 2.1 -660 350
306 20 2.1 -700 364
310 20 2.1 -720 368
314 20 2.1 -648 334
318 20 2.1 -620 334
322 20 2.1 -632 336
326 20 2.1 -732 378
331 20 2.1 -640 344
335 20 2.1 -708 374
339 20 2.1 -628 346
344 20 2.1 -616 340
348 20 2.1 -668 344
352 20 2.1 -600 330
357 20 2.1 -624 312
362 20 2.1 -632 288
366 20 2.1 -688 354
371 20 2.1 -712 372
376 20 2.1 -656 358
381 20 2.1 -692 364
385 20 2.1 -680 366
390 20 2.1 -616 340
395 20 2.1 -636 346
401 20 2.1 -708 374
406 20 2.1 -668 360
411 20 2.1 -680 366
416 20 2.1 -692 366
422 20 2.1 -660 360
427 20 2.1 -680 364
433 20 2.1 -628 334
438 20 2.1 -720 376
444 20 2.1 -688 364
449 20 2.1 -708 372
455 20 2.1 -676 344
461 20 2.1 -696 366
467 20 2.1 -664 354
473 20 2.1 -676 354
479 20 2.1 -704 362
485 20 2.1 -688 354
492 20 2.1 -596 328
498 20 2.1 -684 358
504 20 2.1 -728 378
511 20 2.1 -656 344
517 20 2.1 -688 364
524 20 2.1 -668 352
531 20 2.1 -616 330
538 20 2.1 -620 334
545 20 2.1 -620 314
552 20 2.1 -624 316
559 20 2.1 -700 360
566 20 2.1 -668 356
573 20 2.1 -676 358
581 20 2.1 -688 360
588 20 2.1 -684 348
596 20 2.1 -708 376
603 20 2.1 -652 350
611 20 2.1 -684 350
619 20 2.1 -700 370
627 20 2.1 -660 342
635 20 2.1 -692 366
643 20 2.1 -668 348
652 20 2.1 -660 338
660 20 2.1 -660 344
668 20 2.1 -672 360
677 20 2.1 -588 326
686 20 2.1 -652 332
695 20 2.1 -692 364
704 20 2.1 -604 320
713 20 2.1 -716 374
722 20 2.1 -660 348
731 20 2.1 -712 374
741 20 2.1 -676 360
750 20 2.1 -740 384
760 20 2.1 -680 366
770 20 2.1 -672 350
780 20 2.1 -716 374
790 20 2.1 -640 322
800 20 2.1 -688 368
810 20 2.1 -696 366
821 20 2.1 -668 328
831 20 2.1 -728 378
842 20 2.1 -680 356
853 20 2.1 -708 372
864 20 2.1 -720 376
875 20 2.1 -652 336
886 20 2.1 -644 336
897 20 2.1 -720 378
909 20 2.1 -624 332
921 20 2.1 -676 350
933 20 2.1 -668 360
945 20 2.1 -648 344
957 20 2.1 -636 342
969 20 2.1 -620 332
982 20 2.1 -592 292
994 20 2.1 -692 362
1007 20 2.1 -644 342
1020 20 2.1 -656 350
1033 20 2.1 -676 338
1047 20 2.1 -652 358
1060 20 2.1 -716 376
1074 20 2.1 -688 362
1088 20 2.1 -696 358
1102 20 2.1 -728 380
1116 20 2.1 -744 384
1130 20 2.1 -760 388
1145 20 2.1 -700 372
1160 20 2.1 -668 364
1174 20 2.1 -676 348
1190 20 2.1 -716 374
1205 20 2.1 -664 352
1220 20 2.1 -712 376
1236 20 2.1 -644 336
1252 20 2.1 -648 346
1268 20 2.1 -680 358
1285 20 2.1 -692 366
1301 20 2.1 -732 380
1318 20 2.1 -644 342
1335 20 2.1 -688 362
1352 20 2.1 -620 344
1370 20 2.1 -708 364
1387 20 2.1 -708 374
1405 20 2.1 -692 368
1423 20 2.1 -688 362
1442 20 2.1 -672 356
1460 20 2.1 -656 346
1479 20 2.1 -708 368
1498 20 2.1 -652 326
1517 20 2.1 -676 358
1537 20 2.1 -664 346
1557 20 2.1 -656 352
1577 20 2.1 -712 360
1597 20 2.1 -732 380
1618 20 2.1 -672 360
1639 20 2.1 -644 324
1660 20 2.1 -600 296
1681 20 2.1 -584 268
1703 20 2.1 -532 240
1725 20 2.1 -712 374
1747 20 2.1 -692 358
1770 20 2.1 -700 358
1792 20 2.1 -716 374
1816 20 2.1 -708 368
1839 20 2.1 -708 372
1863 20 2.1 -688 366
1887 20 2.1 -632 316
1911 20 2.1 -672 348
1936 20 2.1 -696 368
1961 20 2.1 -680 358
1986 20 2.1 -604 294
2012 20 2.1 -676 352
2037 20 2.1 -652 338
2064 20 2.1 -716 374
2090 20 2.1 -640 348
2117 20 2.1 -656 352
2145 20 2.1 -728 374
2172 20 2.1 -692 360
2200 20 2.1 -680 310
2229 20 2.1 -664 344
2257 20 2.1 -644 350
2286 20 2.1 -652 344
2316 20 2.1 -736 382
2346 20 2.1 -720 374
2376 20 2.1 -652 318
2407 20 2.1 -580 298
2438 20 2.1 -632 330
2469 20 2.1 -648 336
2501 20 2.1 -704 374
2533 20 2.1 -668 360
2566 20 2.1 -724 374
2599 20 2.1 -736 382
2633 20 2.1 -728 380
2667 20 2.1 -580 310
2701 20 2.1 -596 308
2736 20 2.1 -708 370
2771 20 2.1 -628 336
2807 20 2.1 -668 332
2843 20 2.1 -700 374
2880 20 2.1 -644 346
2917 20 2.1 -644 354
2954 20 2.1 -692 362
2992 20 2.1 -648 342
3031 20 2.1 -612 286
3070 20 2.1 -736 382
3110 20 2.1 -564 284
3150 20 2.1 -712 372
3190 20 2.1 -624 340
3232 20 2.1 -680 354
3273 20 2.1 -664 348
3315 20 2.1 -680 360
3358 20 2.1 -664 352
3402 20 2.1 -648 334
3445 20 2.1 -688 356
3490 20 2.1 -664 352
3535 20 2.1 -696 372
3580 20 2.1 -660 352
3627 20 2.1 -720 376
3673 20 2.1 -656 340
3721 20 2.1 -728 378
3769 20 2.1 -656 346
3817 20 2.1 -600 304
3867 20 2.1 -696 364
3916 20 2.1 -612 322
3967 20 2.1 -664 352
4018 20 2.1 -692 368
4070 20 2.1 -652 352
4122 20 2.1 -596 302
4176 20 2.1 -596 330
4229 20 2.1 -564 242
4284 20 2.1 -720 374
4339 20 2.1 -632 316
4395 20 2.1 -684 364
4452 20 2.1 -700 368
4509 20 2.1 -684 368
4567 20 2.1 -652 344
4626 20 2.1 -656 356
4686 20 2.1 -608 336
4746 20 2.1 -684 364
4808 20 2.1 -624 322
4870 20 2.1 -652 338
4932 20 2.1 -680 362
4996 20 2.1 -664 354
5060 20 2.1 -684 358
5126 20 2.1 -648 346
5192 20 2.1 -716 376
5259 20 2.1 -732 380
5327 20 2.1 -700 362
5395 20 2.1 -564 272
5465 20 2.1 -604 324
5535 20 2.1 -700 370
5607 20 2.1 -652 354
5679 20 2.1 -664 362
5752 20 2.1 -632 314
5826 20 2.1 -696 364
5902 20 2.1 -652 354
5978 20 2.1 -628 330
6055 20 2.1 -692 366
6133 20 2.1 -728 380
6212 20 2.1 -700 370
6292 20 2.1 -660 352
6373 20 2.1 -628 340
6455 20 2.1 -640 334
6539 20 2.1 -584 336
6623 20 2.1 -656 354
6708 20 2.1 -620 340
6795 20 2.1 -696 364
6883 20 2.1 -660 354
6971 20 2.1 -700 374
7061 20 2.1 -724 378
7152 20 2.1 -624 318
7245 20 2.1 -656 358
7338 20 2.1 -672 336
7433 20 2.1 -580 310
7529 20 2.1 -624 346
7626 20 2.1 -616 344
7724 20 2.1 -672 358
7824 20 2.1 -724 380
7925 20 2.1 -688 364
8027 20 2.1 -644 336
8130 20 2.1 -732 372
8235 20 2.1 -736 380
8341 20 2.1 -628 342
8449 20 2.1 -748 386
8558 20 2.1 -576 264
8668 20 2.1 -684 356
8780 20 2.1 -628 348
8893 20 2.1 -636 316
9008 20 2.1 -744 382
9124 20 2.1 -696 372
9242 20 2.1 -700 372
9361 20 2.1 -676 356
9482 20 2.1 -736 382
9604 20 2.1 -688 362
9728 20 2.1 -648 344
9853 20 2.1 -648 356
9980 20 2.1 -628 346
10109 20 2.1 -636 334
10240 20 2.1 -672 354
10372 20 2.1 -644 316
10505 20 2.1 -664 348
10641 20 2.1 -672 358
10778 20 2.1 -616 322
10917 20 2.1 -756 388
11058 20 2.1 -740 378
11201 20 2.1 -616 334
11345 20 2.1 -724 374
11491 20 2.1 -648 350
11640 20 2.1 -584 298
11790 20 2.1 -700 368
11942 20 2.1 -680 352
12096 20 2.1 -652 344
12252 20 2.1 -672 354
12410 20 2.1 -728 376
12570 20 2.1 -692 362
12732 20 2.1 -648 332
12896 20 2.1 -684 354
13062 20 2.1 -696 366
13231 20 2.1 -728 380
13402 20 2.1 -660 356
13574 20 2.1 -672 356
13750 20 2.1 -648 356
13927 20 2.1 -680 348
14106 20 2.1 -716 372
14288 20 2.1 -668 358
14473 20 2.1 -704 368
14659 20 2.1 -628 334
14848 20 2.1 -708 376
15040 20 2.1 -720 376
15234 20 2.1 -712 368
15430 20 2.1 -660 344
15629 20 2.1 -692 370
15831 20 2.1 -688 364
16035 20 2.1 -608 332
16242 20 2.1 -628 328
16451 20 2.1 -712 374
16664 20 2.1 -692 366
16879 20 2.1 -544 300
17096 20 2.1 -696 364
17317 20 2.1 -672 354
17540 20 2.1 -708 370
17766 20 2.1 -700 368
17995 20 2.1 -740 384
18228 20 2.1 -728 378
18463 20 2.1 -720 380
18701 20 2.1 -676 362
18942 20 2.1 -640 338
19186 20 2.1 -628 344
19434 20 2.1 -664 358
19684 20 2.1 -660 336
19938 20 2.1 -672 326
20195 20 2.1 -644 356
20456 20 2.1 -576 310
20720 20 2.1 -616 328
20987 20 2.1 -644 332
21258 20 2.1 -688 360
21532 20 2.1 -636 326
21810 20 2.1 -668 360
22091 20 2.1 -712 360
22376 20 2.1 -684 364
22664 20 2.1 -628 342
22957 20 2.1 -708 374
23253 20 2.1 -632 334
23553 20 2.1 -700 366
23856 20 2.1 -604 324
24164 20 2.1 -724 378
24476 20 2.1 -676 364
24791 20 2.1 -664 348
25111 20 2.1 -712 370
25435 20 2.1 -692 360
25763 20 2.1 -724 380
26095 20 2.1 -716 364
26432 20 2.1 -648 352
26773 20 2.1 -684 356
27118 20 2.1 -656 346
27468 20 2.1 -676 364
27822 20 2.1 -656 346
28181 20 2.1 -744 386
28545 20 2.1 -660 338
28913 20 2.1 -704 376
29286 20 2.1 -644 334
29663 20 2.1 -572 312
30046 20 2.1 -688 366
30434 20 2.1 -692 364
30826 20 2.1 -684 368
31224 20 2.1 -708 364
31626 20 2.1 -644 346
32034 20 2.1 -600 334
32447 20 2.1 -616 314
32866 20 2.1 -588 238
33290 20 2.1 -668 344
33719 20 2.1 -704 376
34154 20 2.1 -748 384
34595 20 2.1 -672 350
35041 20 2.1 -716 372
35493 20 2.1 -600 308
35951 20 2.1 -632 326
36414 20 2.1 -720 374
36884 20 2.1 -728 380
37360 20 2.1 -692 362
37841 20 2.1 -660 360
38330 20 2.1 -728 376
38824 20 2.1 -516 -140
39325 20 2.1 -712 -372
39832 20 2.1 -652 -344
40346 20 2.1 -660 -356
40866 20 2.1 -608 -316
41393 20 2.1 -604 -332
41927 20 2.1 -684 -362
42468 20 2.1 -560 -280
43015 20 2.1 -552 -216
43570 20 2.1 -636 -350
44132 20 2.1 -732 -380
44701 20 2.1 -608 -334
45278 20 2.1 -712 -376
45862 20 2.1 -656 -358
46453 20 2.1 -728 -378
47053 20 2.1 -644 -330
47660 20 2.1 -704 -374
48274 20 2.1 -696 -366
48897 20 2.1 -700 -358
49528 20 2.1 -684 -360
50166 20 2.1 -680 -350
50813 20 2.1 -748 -386
51469 20 2.1 -716 -376
52133 20 2.1 -568 -258
52805 20 2.1 -664 -356
53486 20 2.1 -688 -362
54176 20 2.1 -664 -358
54875 20 2.1 -676 -354
55582 20 2.1 -640 -286
56299 20 2.1 -648 -338
57025 20 2.1 -724 -374
57761 20 2.1 -636 -326
58506 20 2.1 -624 -336
59261 20 2.1 -636 -314
60025 20 2.1 -644 -336
60799 20 2.1 -640 -344
61583 20 2.1 -672 -360
62378 20 2.1 -572 -188
63182 20 2.1 -684 -354
63997 20 2.1 -624 -328
64822 20 2.1 -648 -344
65658 20 2.1 -660 -350
66505 20 2.1 -648 -348
67363 20 2.1 -664 -356
68232 20 2.1 -652 -352
69112 20 2.1 -696 -352
70003 20 2.1 -672 -354
70906 20 2.1 -700 -372
71821 20 2.1 -664 -348
72747 20 2.1 -664 -350
73685 20 2.1 -684 -352
74636 20 2.1 -676 -358
75599 20 2.1 -692 -366
76574 20 2.1 -700 -370
77561 20 2.1 -644 -350
78562 20 2.1 -676 -356
79575 20 2.1 -604 -320
80601 20 2.1 -596 -302
81641 20 2.1 -728 -380
82694 20 2.1 -756 -388
83760 20 2.1 -656 -348
84841 20 2.1 -708 -372
85935 20 2.1 -648 -312
87043 20 2.1 -652 -352
88166 20 2.1 -580 -306
89303 20 2.1 -716 -370
90455 20 2.1 -664 -352
91622 20 2.1 -712 -374
92803 20 2.1 -624 -348
94000 20 2.1 -580 -306
95213 20 2.1 -676 -362
96441 20 2.1 -656 -354
97685 20 2.1 -632 -332
98945 20 2.1 -692 -366
100221 20 2.1 -720 -378
101513 20 2.1 -660 -344
102823 20 2.1 -580 -270
104149 20 2.1 -680 -366
105492 20 2.1 -624 -340
106853 20 2.1 -712 -376
108231 20 2.1 -692 -364
109627 20 2.1 -768 -392
111041 20 2.1 -712 -372
112473 20 2.1 -700 -374
113924 20 2.1 -700 -360
115393 20 2.1 -680 -362
116882 20 2.1 -736 -382
118389 20 2.1 -672 -356
119916 20 2.1 -720 -378
121463 20 2.1 -752 -388
123029 20 2.1 -660 -352
124616 20 2.1 -660 -342
126224 20 2.1 -720 -378
127852 20 2.1 -640 -334
129501 20 2.1 -664 -348
131171 20 2.1 -660 -346
132863 20 2.1 -644 -338
134576 20 2.1 -700 -368
136312 20 2.1 -636 -328
138070 20 2.1 -712 -368
139851 20 2.1 -728 -380
141655 20 2.1 -660 -352
143482 20 2.1 -612 -344
145333 20 2.1 -672 -356
147207 20 2.1 -744 -386
149106 20 2.1 -656 -348
151029 20 2.1 -628 -308
152977 20 2.1 -608 -330
154950 20 2.1 -692 -366
156948 20 2.1 -712 -374
158973 20 2.1 -588 -324
161023 20 2.1 -564 -280
163100 20 2.1 -568 -284
165204 20 2.1 -680 -328
167334 20 2.1 -636 -342
169493 20 2.1 -596 -276
171679 20 2.1 -652 -344
173893 20 2.1 -668 -344
176136 20 2.1 -700 -370
178408 20 2.1 -644 -350
180709 20 2.1 -692 -356
183040 20 2.1 -628 -318
185400 20 2.1 -692 -356
187792 20 2.1 -680 -366
190214 20 2.1 -688 -358
192667 20 2.1 -664 -362
195152 20 2.1 -708 -374
197669 20 2.1 -724 -380
200219 20 2.1 -696 -360
202801 20 2.1 -620 -338
205417 20 2.1 -692 -370
208066 20 2.1 -696 -368
210750 20 2.1 -676 -366
213468 20 2.1 -648 -354
216222 20 2.1 -636 -300
219010 20 2.1 -692 -364
221835 20 2.1 -692 -362
224696 20 2.1 -628 -332
227595 20 2.1 -712 -368
230530 20 2.1 -688 -368
233503 20 2.1 -684 -350
236515 20 2.1 -732 -372
239566 20 2.1 -736 -382
242656 20 2.1 -636 -340
245785 20 2.1 -604 -280
248956 20 2.1 -708 -372
252167 20 2.1 -636 -330
255419 20 2.1 -644 -346
258713 20 2.1 -672 -354
262050 20 2.1 -648 -330
265430 20 2.1 -624 -330
268854 20 2.1 -652 -334
272321 20 2.1 -668 -358
275834 20 2.1 -680 -362
279391 20 2.1 -588 -316
282995 20 2.1 -684 -360
286645 20 2.1 -624 -334
290342 20 2.1 -688 -364
294087 20 2.1 -680 -352
297880 20 2.1 -736 -382
301722 20 2.1 -640 -322
305614 20 2.1 -676 358
309556 20 2.1 -656 342
313548 20 2.1 -692 368
317592 20 2.1 -632 336
321689 20 2.1 -672 358
325838 20 2.1 -732 376
330040 20 2.1 -604 330
334297 20 2.1 -676 362
338609 20 2.1 -652 336
342976 20 2.1 -676 354
347400 20 2.1 -684 354
351881 20 2.1 -648 348
356419 20 2.1 -648 334
361016 20 2.1 -648 352
365673 20 2.1 -636 336
370389 20 2.1 -620 318
375167 20 2.1 -604 338
380005 20 2.1 -656 340
384907 20 2.1 -660 332
389871 20 2.1 -584 304
394900 20 2.1 -696 366
399993 20 2.1 -668 346
405152 20 2.1 -680 368
410378 20 2.1 -608 334
415671 20 2.1 -644 350
421032 20 2.1 -684 358
426463 20 2.1 -696 368
431963 20 2.1 -660 360
437535 20 2.1 -648 338
443178 20 2.1 -644 342
448894 20 2.1 -636 312
454684 20 2.1 -652 356
460548 20 2.1 -684 360
466489 20 2.1 -664 362
472505 20 2.1 -600 324
478600 20 2.1 -644 344
484773 20 2.1 -596 246
491025 20 2.1 -668 358
497358 20 2.1 -644 338
503773 20 2.1 -704 370
510271 20 2.1 -652 350
516852 20 2.1 -660 356
523519 20 2.1 -656 346
530271 20 2.1 -596 326
537111 20 2.1 -664 346
544038 20 2.1 -696 370
551055 20 2.1 -688 364
558163 20 2.1 -684 358
565362 20 2.1 -644 348
572654 20 2.1 -688 360
580040 20 2.1 -608 318
587521 20 2.1 -604 332
595099 20 2.1 -716 376
602775 20 2.1 -688 354
610549 20 2.1 -724 374
618424 20 2.1 -704 -372
626400 20 2.1 -728 -382
634480 20 2.1 -716 -374
642663 20 2.1 -672 -354
650952 20 2.1 -680 -364
659348 20 2.1 -656 -352
667853 20 2.1 -608 -320
676467 20 2.1 -604 -308
685192 20 2.1 -696 -364
694029 20 2.1 -676 -356
702981 20 2.1 -692 -370
712048 20 2.1 -596 -330
721232 20 2.1 -712 -374
730534 20 2.1 -728 -382
739957 20 2.1 -624 338
749500 20 2.1 -664 360
759168 20 2.1 -632 346
768959 20 2.1 -628 342
778877 20 2.1 -692 366
788923 20 2.1 -676 352
799099 20 2.1 -696 362
809405 20 2.1 -620 326
819845 20 2.1 -612 330
830419 20 2.1 -588 310
841130 20 2.1 -680 350
851979 20 2.1 -716 376
862968 20 2.1 -724 374
874098 20 2.1 -660 324
885373 20 2.1 -612 332
896792 20 2.1 -648 340
908359 20 2.1 -700 364
920075 20 2.1 -664 340
931942 20 2.1 -656 316
943962 20 2.1 -716 -374
956137 20 2.1 -688 -364
968470 20 2.1 -696 -372
980961 20 2.1 -568 -220
993613 20 2.1 -692 -364
999999 20 2.1 -608 -292
