3 60 2.3 -6088 3254
4 60 2.3 -5772 3142
5 60 2.3 -5476 3022
6 60 2.3 -5224 2870
7 60 2.3 -5452 2942
8 60 2.3 -5420 2884
9 60 2.3 -5336 2826
10 60 2.3 -5148 2766
11 60 2.3 -5320 2814
12 60 2.3 -5412 2840
13 60 2.3 -5460 2846
14 60 2.3 -5592 2928
15 60 2.3 -5480 2848
16 60 2.3 -5516 2826
17 60 2.3 -5488 2786
18 60 2.3 -5556 2792
19 60 2.3 -5488 2722
20 60 2.3 -5588 2824
21 60 2.3 -5464 2784
22 60 2.3 -5472 2770
23 60 2.3 -5488 2734
24 60 2.3 -5376 2700
25 60 2.3 -5316 2658
26 60 2.3 -5388 2674
27 60 2.3 -5280 2648
28 60 2.3 -5316 2724
29 60 2.3 -5208 2710
30 60 2.3 -5176 2730
31 60 2.3 -5220 2696
32 60 2.3 -5360 2674
33 60 2.3 -5436 2714
34 60 2.3 -5324 2718
35 60 2.3 -5304 2734
36 60 2.3 -5300 2664
37 60 2.3 -5336 2686
38 60 2.3 -5140 2666
39 60 2.3 -5300 2734
40 60 2.3 -5380 2752
41 60 2.3 -5240 2722
42 60 2.3 -5436 2750
43 60 2.3 -5452 2754
44 60 2.3 -5412 2744
45 60 2.3 -5460 2764
46 60 2.3 -5388 2754
47 60 2.3 -5368 2760
48 60 2.3 -5244 2720
49 60 2.3 -5316 2766
50 60 2.3 -5344 2726
51 60 2.3 -5320 2724
52 60 2.3 -5224 2728
53 60 2.3 -5212 2720
54 60 2.3 -5204 2682
55 60 2.3 -5216 2666
56 60 2.3 -5104 2544
57 60 2.3 -5200 2554
58 60 2.3 -5112 2478
59 60 2.3 -5120 2530
60 60 2.3 -4992 2518
61 60 2.3 -4924 2512
62 60 2.3 -4996 2530
63 60 2.3 -5148 2522
64 60 2.3 -5372 2646
65 60 2.3 -5396 2678
66 60 2.3 -5292 2606
67 60 2.3 -5312 2672
68 60 2.3 -5312 2644
69 60 2.3 -5340 2682
70 60 2.3 -5372 2654
71 60 2.3 -5560 2694
72 60 2.3 -5372 2628
73 60 2.3 -5308 2608
74 60 2.3 -5264 2648
75 60 2.3 -5100 2592
76 60 2.3 -5128 2546
77 60 2.3 -5116 2588
78 60 2.3 -5088 2576
79 60 2.3 -5096 2558
80 60 2.3 -5172 2594
81 60 2.3 -5232 2614
82 60 2.3 -5184 2602
83 60 2.3 -5204 2618
84 60 2.3 -5308 2656
85 60 2.3 -5308 2708
86 60 2.3 -5400 2746
88 60 2.3 -5284 2716
89 60 2.3 -5164 2662
90 60 2.3 -5140 2618
91 60 2.3 -5132 2624
92 60 2.3 -5088 2532
93 60 2.3 -5208 2588
95 60 2.3 -5148 2602
96 60 2.3 -5124 2564
97 60 2.3 -5112 2526
98 60 2.3 -5072 2476
99 60 2.3 -4960 2440
101 60 2.3 -5156 2492
102 60 2.3 -5156 2534
103 60 2.3 -5220 2550
105 60 2.3 -5200 2496
106 60 2.3 -5208 2504
107 60 2.3 -5280 2520
109 60 2.3 -5244 2490
110 60 2.3 -5356 2524
112 60 2.3 -5268 2502
113 60 2.3 -5204 2524
114 60 2.3 -5152 2440
116 60 2.3 -5044 2384
117 60 2.3 -4928 2290
119 60 2.3 -4888 2378
120 60 2.3 -4996 2354
122 60 2.3 -4952 2288
124 60 2.3 -4896 2278
125 60 2.3 -4984 2272
127 60 2.3 -5016 2378
128 60 2.3 -4924 2320
130 60 2.3 -5116 2422
132 60 2.3 -5092 2378
133 60 2.3 -5320 2420
135 60 2.3 -5188 2384
137 60 2.3 -5292 2484
139 60 2.3 -5228 2496
140 60 2.3 -5056 2492
142 60 2.3 -5196 2608
144 60 2.3 -5340 2624
146 60 2.3 -5468 2742
148 60 2.3 -5448 2776
150 60 2.3 -5516 2740
152 60 2.3 -5340 2684
154 60 2.3 -5312 2580
155 60 2.3 -5248 2534
157 60 2.3 -5068 2428
160 60 2.3 -5072 2344
162 60 2.3 -4828 2274
164 60 2.3 -4952 2302
166 60 2.3 -4924 2318
168 60 2.3 -4964 2388
170 60 2.3 -5000 2370
172 60 2.3 -5096 2394
174 60 2.3 -4976 2432
177 60 2.3 -5088 2462
179 60 2.3 -5232 2574
181 60 2.3 -5280 2642
184 60 2.3 -5108 2588
186 60 2.3 -5116 2556
188 60 2.3 -5364 2650
191 60 2.3 -5300 2648
193 60 2.3 -5336 2670
196 60 2.3 -5332 2608
198 60 2.3 -5036 2492
201 60 2.3 -5012 2418
203 60 2.3 -4972 2306
206 60 2.3 -5004 2358
209 60 2.3 -4996 2316
211 60 2.3 -4940 2292
214 60 2.3 -5016 2226
217 60 2.3 -5148 2278
220 60 2.3 -5040 2134
222 60 2.3 -4880 2056
225 60 2.3 -4752 1876
228 60 2.3 -4752 1852
231 60 2.3 -4812 1866
234 60 2.3 -4936 1936
237 60 2.3 -5104 1992
240 60 2.3 -4780 1938
243 60 2.3 -4784 1892
246 60 2.3 -4880 2034
250 60 2.3 -5008 2256
253 60 2.3 -5108 2252
256 60 2.3 -5068 2200
259 60 2.3 -4976 2122
263 60 2.3 -5348 2404
266 60 2.3 -5296 2516
269 60 2.3 -5236 2490
273 60 2.3 -4928 2348
276 60 2.3 -5240 2428
280 60 2.3 -4996 2314
284 60 2.3 -5020 2338
287 60 2.3 -5252 2464
291 60 2.3 -5192 2454
295 60 2.3 -5148 2558
298 60 2.3 -5292 2466
302 60 2.3 -5236 2418
306 60 2.3 -5168 2354
310 60 2.3 -5212 2410
314 60 2.3 -5056 2268
318 60 2.3 -5064 2334
322 60 2.3 -5056 2384
326 60 2.3 -4892 2378
331 60 2.3 -4872 2262
335 60 2.3 -5108 2278
339 60 2.3 -5064 2258
344 60 2.3 -4972 2106
348 60 2.3 -4912 1998
352 60 2.3 -5028 2208
357 60 2.3 -5236 2210
362 60 2.3 -5008 2206
366 60 2.3 -4736 1972
371 60 2.3 -5040 2096
376 60 2.3 -4904 2292
381 60 2.3 -5080 2364
385 60 2.3 -5088 2280
390 60 2.3 -5048 2266
395 60 2.3 -4876 2140
401 60 2.3 -4916 2338
406 60 2.3 -4960 2370
411 60 2.3 -5076 2592
416 60 2.3 -5320 2600
422 60 2.3 -5228 2694
427 60 2.3 -5280 2674
433 60 2.3 -5108 2620
438 60 2.3 -5204 2654
444 60 2.3 -5160 2540
449 60 2.3 -5108 2592
455 60 2.3 -5192 2576
461 60 2.3 -4700 2186
467 60 2.3 -4856 2330
473 60 2.3 -5148 2432
479 60 2.3 -5124 2420
485 60 2.3 -5184 2300
492 60 2.3 -4972 2360
498 60 2.3 -4888 2252
504 60 2.3 -4948 2320
511 60 2.3 -5048 2296
517 60 2.3 -5140 2522
524 60 2.3 -5164 2452
531 60 2.3 -5016 2402
538 60 2.3 -4996 2448
545 60 2.3 -5148 2620
552 60 2.3 -5336 2714
559 60 2.3 -5532 2780
566 60 2.3 -5252 2692
573 60 2.3 -5400 2704
581 60 2.3 -5004 2430
588 60 2.3 -5280 2610
596 60 2.3 -5124 2400
603 60 2.3 -5244 2484
611 60 2.3 -4884 2340
619 60 2.3 -5036 2338
627 60 2.3 -5168 2370
635 60 2.3 -5104 2506
643 60 2.3 -5000 2498
652 60 2.3 -5084 2378
660 60 2.3 -5096 2554
668 60 2.3 -5372 2764
677 60 2.3 -5288 2616
686 60 2.3 -5168 2588
695 60 2.3 -5312 2732
704 60 2.3 -5228 2648
713 60 2.3 -5268 2634
722 60 2.3 -4872 2498
731 60 2.3 -5448 2788
741 60 2.3 -5364 2676
750 60 2.3 -5372 2752
760 60 2.3 -5128 2604
770 60 2.3 -5152 2594
780 60 2.3 -5044 2506
790 60 2.3 -5204 2522
800 60 2.3 -5088 2398
810 60 2.3 -5164 2450
821 60 2.3 -4956 2320
831 60 2.3 -5056 2326
842 60 2.3 -4920 2350
853 60 2.3 -5128 2336
864 60 2.3 -4896 2248
875 60 2.3 -4964 2014
886 60 2.3 -5044 2292
897 60 2.3 -4820 2184
909 60 2.3 -4988 2360
921 60 2.3 -5356 2288
933 60 2.3 -4964 2328
945 60 2.3 -5088 2482
957 60 2.3 -5264 2426
969 60 2.3 -4924 2262
982 60 2.3 -5076 2140
994 60 2.3 -4992 2152
1007 60 2.3 -4904 2146
1020 60 2.3 -4864 2142
1033 60 2.3 -4896 2066
1047 60 2.3 -5080 2334
1060 60 2.3 -5300 2628
1074 60 2.3 -5068 2434
1088 60 2.3 -5136 2530
1102 60 2.3 -4616 2092
1116 60 2.3 -4724 1840
1130 60 2.3 -4652 1786
1145 60 2.3 -4916 1864
1160 60 2.3 -5016 2120
1174 60 2.3 -4892 2252
1190 60 2.3 -4936 1664
1205 60 2.3 -5020 1806
1220 60 2.3 -5088 1950
1236 60 2.3 -5028 1854
1252 60 2.3 -4672 1712
1268 60 2.3 -4808 1910
1285 60 2.3 -4716 1874
1301 60 2.3 -4860 1894
1318 60 2.3 -5044 2056
1335 60 2.3 -5096 2152
1352 60 2.3 -4936 2010
1370 60 2.3 -4872 1948
1387 60 2.3 -4812 1960
1405 60 2.3 -5100 2000
1423 60 2.3 -5016 1738
1442 60 2.3 -4772 1708
1460 60 2.3 -4760 1862
1479 60 2.3 -4808 1878
1498 60 2.3 -4952 2028
1517 60 2.3 -4880 1624
1537 60 2.3 -4844 1752
1557 60 2.3 -4804 1866
1577 60 2.3 -4964 1938
1597 60 2.3 -4636 1846
1618 60 2.3 -4948 2126
1639 60 2.3 -5060 2088
1660 60 2.3 -4948 2074
1681 60 2.3 -4916 2080
1703 60 2.3 -5052 2014
1725 60 2.3 -4852 2252
1747 60 2.3 -4744 2046
1770 60 2.3 -4960 2280
1792 60 2.3 -5068 2538
1816 60 2.3 -5076 2504
1839 60 2.3 -5172 2692
1863 60 2.3 -5056 2334
1887 60 2.3 -4992 2382
1911 60 2.3 -5032 2430
1936 60 2.3 -5060 2408
1961 60 2.3 -5124 2398
1986 60 2.3 -5212 2352
2012 60 2.3 -5068 2236
2037 60 2.3 -5064 2208
2064 60 2.3 -4836 2300
2090 60 2.3 -5100 2524
2117 60 2.3 -5160 2460
2145 60 2.3 -5048 2284
2172 60 2.3 -5160 2382
2200 60 2.3 -4852 2072
2229 60 2.3 -5084 2430
2257 60 2.3 -5260 2364
2286 60 2.3 -5068 1978
2316 60 2.3 -5244 2174
2346 60 2.3 -4848 2018
2376 60 2.3 -4988 2136
2407 60 2.3 -4848 2220
2438 60 2.3 -5076 2158
2469 60 2.3 -4920 2092
2501 60 2.3 -5228 2030
2533 60 2.3 -4948 1796
2566 60 2.3 -4672 1160
2599 60 2.3 -4852 1058
2633 60 2.3 -4732 666
2667 60 2.3 -4792 762
2701 60 2.3 -4816 570
2736 60 2.3 -4676 564
2771 60 2.3 -4936 982
2807 60 2.3 -4920 1336
2843 60 2.3 -4516 780
2880 60 2.3 -4520 636
2917 60 2.3 -4640 712
2954 60 2.3 -4940 576
2992 60 2.3 -4756 1044
3031 60 2.3 -5136 1500
3070 60 2.3 -4616 1370
3110 60 2.3 -4760 482
3150 60 2.3 -4604 174
3190 60 2.3 -4420 216
3232 60 2.3 -4748 590
3273 60 2.3 -4700 542
3315 60 2.3 -4536 532
3358 60 2.3 -4732 156
3402 60 2.3 -4588 -248
3445 60 2.3 -5032 -114
3490 60 2.3 -4588 -196
3535 60 2.3 -4452 -192
3580 60 2.3 -4584 -382
3627 60 2.3 -4680 120
3673 60 2.3 -4856 496
3721 60 2.3 -4888 94
3769 60 2.3 -4736 258
3817 60 2.3 -4760 622
3867 60 2.3 -4772 1028
3916 60 2.3 -4544 1206
3967 60 2.3 -4588 788
4018 60 2.3 -4868 1304
4070 60 2.3 -4840 1376
4122 60 2.3 -4696 1246
4176 60 2.3 -4912 2026
4229 60 2.3 -4924 2014
4284 60 2.3 -5064 2072
4339 60 2.3 -4908 2060
4395 60 2.3 -4964 2184
4452 60 2.3 -5204 2116
4509 60 2.3 -5016 1834
4567 60 2.3 -4932 2030
4626 60 2.3 -5028 2028
4686 60 2.3 -4736 1756
4746 60 2.3 -5032 2350
4808 60 2.3 -4992 2504
4870 60 2.3 -5232 2564
4932 60 2.3 -4912 2276
4996 60 2.3 -5024 2242
5060 60 2.3 -4932 2048
5126 60 2.3 -5060 2282
5192 60 2.3 -4788 2094
5259 60 2.3 -4868 1924
5327 60 2.3 -5088 2278
5395 60 2.3 -5076 2210
5465 60 2.3 -5064 2314
5535 60 2.3 -4972 2306
5607 60 2.3 -5036 2522
5679 60 2.3 -4868 2150
5752 60 2.3 -5272 2734
5826 60 2.3 -4984 2470
5902 60 2.3 -4816 2050
5978 60 2.3 -4956 2146
6055 60 2.3 -4864 2026
6133 60 2.3 -4776 1592
6212 60 2.3 -4924 1808
6292 60 2.3 -5008 2098
6373 60 2.3 -4780 2234
6455 60 2.3 -5132 2588
6539 60 2.3 -4984 2584
6623 60 2.3 -5016 2162
6708 60 2.3 -4968 2180
6795 60 2.3 -5024 2032
6883 60 2.3 -4940 2360
6971 60 2.3 -5144 2484
7061 60 2.3 -5088 2500
7152 60 2.3 -5084 2378
7245 60 2.3 -5192 2690
7338 60 2.3 -4844 1818
7433 60 2.3 -4772 1574
7529 60 2.3 -4624 1498
7626 60 2.3 -5052 1824
7724 60 2.3 -4812 1972
7824 60 2.3 -5076 2046
7925 60 2.3 -4680 1448
8027 60 2.3 -4684 1304
8130 60 2.3 -4976 1810
8235 60 2.3 -5300 2452
8341 60 2.3 -5068 2340
8449 60 2.3 -5244 2358
8558 60 2.3 -5200 2534
8668 60 2.3 -5280 2140
8780 60 2.3 -4824 1994
8893 60 2.3 -4888 1848
9008 60 2.3 -4532 1568
9124 60 2.3 -4816 1844
9242 60 2.3 -5156 2356
9361 60 2.3 -4624 1720
9482 60 2.3 -4964 1932
9604 60 2.3 -4712 1164
9728 60 2.3 -4496 914
9853 60 2.3 -4572 1328
9980 60 2.3 -4952 2062
10109 60 2.3 -4656 1148
10240 60 2.3 -4500 -404
10372 60 2.3 -4724 -1152
10505 60 2.3 -4668 -794
10641 60 2.3 -4968 -1058
10778 60 2.3 -4856 -728
10917 60 2.3 -4480 -510
11058 60 2.3 -4740 -612
11201 60 2.3 -4804 -1632
11345 60 2.3 -4676 -1612
11491 60 2.3 -4812 -2056
11640 60 2.3 -4780 -1784
11790 60 2.3 -4824 -1920
11942 60 2.3 -4812 -2104
12096 60 2.3 -5156 -2014
12252 60 2.3 -4872 -2116
12410 60 2.3 -5120 -2532
12570 60 2.3 -5220 -2678
12732 60 2.3 -5052 -2172
12896 60 2.3 -5120 -2312
13062 60 2.3 -4912 -2172
13231 60 2.3 -4912 -1720
13402 60 2.3 -4820 -1900
13574 60 2.3 -4984 -2442
13750 60 2.3 -4796 -2190
13927 60 2.3 -4960 -2396
14106 60 2.3 -4892 -2094
14288 60 2.3 -5232 -2392
14473 60 2.3 -5016 -2366
14659 60 2.3 -4948 -2200
14848 60 2.3 -4896 -2032
15040 60 2.3 -4680 -1510
15234 60 2.3 -5036 -1810
15430 60 2.3 -5040 -1232
15629 60 2.3 -5224 -1488
15831 60 2.3 -4652 -586
16035 60 2.3 -4860 -1836
16242 60 2.3 -4912 -1866
16451 60 2.3 -5060 -2500
16664 60 2.3 -4696 -1880
16879 60 2.3 -5232 -2284
17096 60 2.3 -4840 -1906
17317 60 2.3 -4816 -786
17540 60 2.3 -4848 -1162
17766 60 2.3 -4584 -1342
17995 60 2.3 -4716 -1136
18228 60 2.3 -4936 -1138
18463 60 2.3 -4708 1372
18701 60 2.3 -4944 1368
18942 60 2.3 -4880 1832
19186 60 2.3 -4944 2404
19434 60 2.3 -5320 2596
19684 60 2.3 -5216 2384
19938 60 2.3 -5048 2380
20195 60 2.3 -4772 2272
20456 60 2.3 -4928 2068
20720 60 2.3 -4716 1976
20987 60 2.3 -4936 2370
21258 60 2.3 -5076 2522
21532 60 2.3 -4656 2086
21810 60 2.3 -4572 1474
22091 60 2.3 -4784 1582
22376 60 2.3 -5044 2258
22664 60 2.3 -5256 2282
22957 60 2.3 -4884 1326
23253 60 2.3 -4888 1916
23553 60 2.3 -4704 1376
23856 60 2.3 -4788 1404
24164 60 2.3 -4788 1428
24476 60 2.3 -4768 1472
24791 60 2.3 -4832 1028
25111 60 2.3 -4660 -654
25435 60 2.3 -4676 -738
25763 60 2.3 -4736 -636
26095 60 2.3 -4852 172
26432 60 2.3 -4856 1290
26773 60 2.3 -4964 2638
27118 60 2.3 -5180 2358
27468 60 2.3 -4912 2078
27822 60 2.3 -5256 2382
28181 60 2.3 -4928 2440
28545 60 2.3 -4756 1362
28913 60 2.3 -5336 2522
29286 60 2.3 -4804 1764
29663 60 2.3 -4700 1878
30046 60 2.3 -5232 2358
30434 60 2.3 -5008 2376
30826 60 2.3 -5264 2682
31224 60 2.3 -4800 1216
31626 60 2.3 -5176 2586
32034 60 2.3 -4936 2022
32447 60 2.3 -4908 2210
32866 60 2.3 -5284 2720
33290 60 2.3 -5032 2462
33719 60 2.3 -5104 2298
34154 60 2.3 -5048 2514
34595 60 2.3 -5184 2410
35041 60 2.3 -4864 2106
35493 60 2.3 -5180 2654
35951 60 2.3 -4888 2132
36414 60 2.3 -4936 2212
36884 60 2.3 -4800 1968
37360 60 2.3 -5204 2492
37841 60 2.3 -5024 1192
38330 60 2.3 -4896 1920
38824 60 2.3 -5160 2222
39325 60 2.3 -4664 1306
39832 60 2.3 -4644 486
40346 60 2.3 -4872 2240
40866 60 2.3 -5012 2210
41393 60 2.3 -5040 2446
41927 60 2.3 -4856 1944
42468 60 2.3 -4956 2246
43015 60 2.3 -4872 1918
43570 60 2.3 -5120 2056
44132 60 2.3 -4856 1716
44701 60 2.3 -5080 1584
45278 60 2.3 -5060 2054
45862 60 2.3 -5424 2632
46453 60 2.3 -4908 2312
47053 60 2.3 -4700 766
47660 60 2.3 -5152 2228
48274 60 2.3 -4676 1984
48897 60 2.3 -4804 1540
49528 60 2.3 -5188 2312
50166 60 2.3 -4944 1942
50813 60 2.3 -5036 2190
51469 60 2.3 -4896 1980
52133 60 2.3 -4840 2286
52805 60 2.3 -5128 2022
53486 60 2.3 -4912 2128
54176 60 2.3 -4384 1364
54875 60 2.3 -4872 2182
55582 60 2.3 -5432 2766
56299 60 2.3 -4628 1226
57025 60 2.3 -4540 -446
57761 60 2.3 -4524 -214
58506 60 2.3 -4696 598
59261 60 2.3 -4928 -1402
60025 60 2.3 -4832 -1590
60799 60 2.3 -4652 -1184
61583 60 2.3 -4840 1412
62378 60 2.3 -4732 -250
63182 60 2.3 -4912 -920
63997 60 2.3 -4580 150
64822 60 2.3 -4908 1526
65658 60 2.3 -4960 1646
66505 60 2.3 -4744 1408
67363 60 2.3 -4812 1326
68232 60 2.3 -4848 1624
69112 60 2.3 -5208 2324
70003 60 2.3 -4744 2074
70906 60 2.3 -4640 -388
71821 60 2.3 -5008 -1380
72747 60 2.3 -5068 -2616
73685 60 2.3 -5356 -2804
74636 60 2.3 -5132 -1982
75599 60 2.3 -4452 -1022
76574 60 2.3 -4796 -80
77561 60 2.3 -4844 -1516
78562 60 2.3 -4860 -1958
79575 60 2.3 -4864 -1168
80601 60 2.3 -4676 -408
81641 60 2.3 -5040 -2316
82694 60 2.3 -4820 -1858
83760 60 2.3 -4900 -1572
84841 60 2.3 -4612 -116
85935 60 2.3 -4800 -560
87043 60 2.3 -4768 -1538
88166 60 2.3 -4896 -1876
89303 60 2.3 -4896 -1986
90455 60 2.3 -4952 -2230
91622 60 2.3 -5220 -2166
92803 60 2.3 -4680 -68
94000 60 2.3 -4816 1162
95213 60 2.3 -4820 2112
96441 60 2.3 -5304 1934
97685 60 2.3 -4820 802
98945 60 2.3 -4740 1700
100221 60 2.3 -4880 1820
101513 60 2.3 -4892 1908
102823 60 2.3 -5092 1960
104149 60 2.3 -5136 2522
105492 60 2.3 -5212 2338
106853 60 2.3 -4908 2230
108231 60 2.3 -5052 1566
109627 60 2.3 -4772 1564
111041 60 2.3 -5376 2820
112473 60 2.3 -4664 1424
113924 60 2.3 -4756 1038
115393 60 2.3 -4696 740
116882 60 2.3 -5396 2390
118389 60 2.3 -4968 1842
119916 60 2.3 -4920 2168
121463 60 2.3 -4640 920
123029 60 2.3 -4700 1754
124616 60 2.3 -4800 1752
126224 60 2.3 -4884 1896
127852 60 2.3 -4828 2004
129501 60 2.3 -4956 2142
131171 60 2.3 -4548 1038
132863 60 2.3 -5020 2060
134576 60 2.3 -4792 778
136312 60 2.3 -4648 -998
138070 60 2.3 -4808 -428
139851 60 2.3 -5084 2524
141655 60 2.3 -5180 2552
143482 60 2.3 -4496 302
145333 60 2.3 -4672 1498
147207 60 2.3 -5024 2368
149106 60 2.3 -4740 408
151029 60 2.3 -5088 2380
152977 60 2.3 -5184 2484
154950 60 2.3 -5088 2354
156948 60 2.3 -4772 1752
158973 60 2.3 -5040 2268
161023 60 2.3 -5084 1798
163100 60 2.3 -5068 2162
165204 60 2.3 -4888 1766
167334 60 2.3 -4996 2410
169493 60 2.3 -5052 2412
171679 60 2.3 -5088 2300
173893 60 2.3 -4756 -1586
176136 60 2.3 -4784 780
178408 60 2.3 -4860 1252
180709 60 2.3 -4864 1638
183040 60 2.3 -4804 -116
185400 60 2.3 -4956 -1934
187792 60 2.3 -5420 -2742
190214 60 2.3 -5012 -2116
192667 60 2.3 -4644 -1232
195152 60 2.3 -5100 -2284
197669 60 2.3 -5056 -2282
200219 60 2.3 -5120 -2442
202801 60 2.3 -5248 -2534
205417 60 2.3 -4824 -1428
208066 60 2.3 -5020 -2506
210750 60 2.3 -4812 -1768
213468 60 2.3 -4680 -1298
216222 60 2.3 -4964 -2354
219010 60 2.3 -4980 -1484
221835 60 2.3 -4644 -2118
224696 60 2.3 -4968 -392
227595 60 2.3 -4956 -2340
230530 60 2.3 -4616 -1606
233503 60 2.3 -4712 -1878
236515 60 2.3 -4892 -1078
239566 60 2.3 -4704 -1960
242656 60 2.3 -4816 -1708
245785 60 2.3 -4916 2212
248956 60 2.3 -4724 852
252167 60 2.3 -4624 -1268
255419 60 2.3 -4512 -4
258713 60 2.3 -4532 928
262050 60 2.3 -4912 1970
265430 60 2.3 -4900 2350
268854 60 2.3 -4844 2288
272321 60 2.3 -5032 2278
275834 60 2.3 -4836 2308
279391 60 2.3 -4652 1928
282995 60 2.3 -5252 -2618
286645 60 2.3 -5196 -2490
290342 60 2.3 -4892 -1972
294087 60 2.3 -5020 -2230
297880 60 2.3 -4588 -1482
301722 60 2.3 -5432 2878
305614 60 2.3 -4968 1758
309556 60 2.3 -4676 1298
313548 60 2.3 -4676 218
317592 60 2.3 -4988 1958
321689 60 2.3 -5036 2286
325838 60 2.3 -4828 -874
330040 60 2.3 -4840 -1398
334297 60 2.3 -5152 -2378
338609 60 2.3 -5108 -1406
342976 60 2.3 -5004 2294
347400 60 2.3 -4964 2134
351881 60 2.3 -4944 2370
356419 60 2.3 -4804 404
361016 60 2.3 -4696 1118
365673 60 2.3 -4968 -2422
370389 60 2.3 -4784 -2132
375167 60 2.3 -4532 -420
380005 60 2.3 -4776 -1594
384907 60 2.3 -4992 -624
389871 60 2.3 -4968 -2118
394900 60 2.3 -5120 -1880
399993 60 2.3 -5076 -2476
405152 60 2.3 -4792 -2266
410378 60 2.3 -4864 -1606
415671 60 2.3 -4772 -704
421032 60 2.3 -4892 -2122
426463 60 2.3 -4668 -1942
431963 60 2.3 -4828 -740
437535 60 2.3 -5188 -2186
443178 60 2.3 -4796 -1448
448894 60 2.3 -5120 -2422
454684 60 2.3 -5108 -2472
460548 60 2.3 -4800 -2104
466489 60 2.3 -4940 1334
472505 60 2.3 -4592 246
478600 60 2.3 -4640 -294
484773 60 2.3 -4876 1622
491025 60 2.3 -4920 -1770
497358 60 2.3 -4816 1902
503773 60 2.3 -4820 2244
510271 60 2.3 -5044 2654
516852 60 2.3 -4836 1558
523519 60 2.3 -4768 1238
530271 60 2.3 -4748 1292
537111 60 2.3 -5156 -2144
544038 60 2.3 -4764 -1010
551055 60 2.3 -5020 2424
558163 60 2.3 -5304 2654
565362 60 2.3 -4736 -326
572654 60 2.3 -5032 -2270
580040 60 2.3 -4864 -846
587521 60 2.3 -4896 -1564
595099 60 2.3 -5032 1910
602775 60 2.3 -4772 -772
610549 60 2.3 -4684 654
618424 60 2.3 -4564 1056
626400 60 2.3 -4500 -648
634480 60 2.3 -4752 1578
642663 60 2.3 -5128 2240
650952 60 2.3 -5172 -2270
659348 60 2.3 -4828 -2088
667853 60 2.3 -5284 -2602
676467 60 2.3 -5060 -2282
685192 60 2.3 -5092 -2124
694029 60 2.3 -4664 -792
702981 60 2.3 -4588 -1220
712048 60 2.3 -4508 -58
721232 60 2.3 -4708 1152
730534 60 2.3 -4716 -1040
739957 60 2.3 -4760 1754
749500 60 2.3 -4500 604
759168 60 2.3 -4912 2004
768959 60 2.3 -4636 1136
778877 60 2.3 -4916 -1990
788923 60 2.3 -4604 -960
799099 60 2.3 -5328 -2806
809405 60 2.3 -4848 -570
819845 60 2.3 -5116 2258
830419 60 2.3 -4796 826
841130 60 2.3 -4920 1478
851979 60 2.3 -4980 2192
862968 60 2.3 -5152 2570
874098 60 2.3 -4780 -488
885373 60 2.3 -5160 -2032
896792 60 2.3 -5172 -2252
908359 60 2.3 -5060 -2360
920075 60 2.3 -4944 1184
931942 60 2.3 -5172 2308
943962 60 2.3 -4532 740
956137 60 2.3 -4756 -1374
968470 60 2.3 -4728 -404
980961 60 2.3 -5000 -1572
993613 60 2.3 -4852 -958
999999 60 2.3 -4832 1786
