3 100 2.1 -17988 9378
4 100 2.1 -17360 9172
5 100 2.1 -17284 9116
6 100 2.1 -17052 9030
7 100 2.1 -17240 9040
8 100 2.1 -17124 8980
9 100 2.1 -16912 8938
10 100 2.1 -16820 8844
11 100 2.1 -16764 8796
12 100 2.1 -16744 8782
13 100 2.1 -16668 8774
14 100 2.1 -16684 8712
15 100 2.1 -16816 8724
16 100 2.1 -16588 8662
17 100 2.1 -16588 8612
18 100 2.1 -16492 8600
19 100 2.1 -16496 8554
20 100 2.1 -16680 8728
21 100 2.1 -16732 8776
22 100 2.1 -16880 8818
23 100 2.1 -16916 8786
24 100 2.1 -16592 8646
25 100 2.1 -16432 8632
26 100 2.1 -16688 8680
27 100 2.1 -16532 8638
28 100 2.1 -16332 8606
29 100 2.1 -16608 8710
30 100 2.1 -16568 8738
31 100 2.1 -16812 8796
32 100 2.1 -16692 8772
33 100 2.1 -16744 8768
34 100 2.1 -16880 8786
35 100 2.1 -16900 8858
36 100 2.1 -17016 8850
37 100 2.1 -16868 8820
38 100 2.1 -16692 8764
39 100 2.1 -16708 8744
40 100 2.1 -16464 8612
41 100 2.1 -16588 8626
42 100 2.1 -16564 8672
43 100 2.1 -16392 8574
44 100 2.1 -16372 8628
45 100 2.1 -16372 8682
46 100 2.1 -16408 8658
47 100 2.1 -16408 8624
48 100 2.1 -16264 8550
49 100 2.1 -16328 8562
50 100 2.1 -16360 8542
51 100 2.1 -16248 8534
52 100 2.1 -16116 8476
53 100 2.1 -16144 8446
54 100 2.1 -16480 8552
55 100 2.1 -16536 8544
56 100 2.1 -16336 8518
57 100 2.1 -16544 8566
58 100 2.1 -16612 8626
59 100 2.1 -16356 8554
60 100 2.1 -16200 8486
61 100 2.1 -16328 8528
62 100 2.1 -16520 8584
63 100 2.1 -16444 8570
64 100 2.1 -16676 8660
65 100 2.1 -16684 8702
66 100 2.1 -16628 8664
67 100 2.1 -16680 8704
68 100 2.1 -16684 8680
69 100 2.1 -16488 8620
70 100 2.1 -16480 8600
71 100 2.1 -16548 8682
72 100 2.1 -16760 8740
73 100 2.1 -16644 8716
74 100 2.1 -16536 8706
75 100 2.1 -16564 8646
76 100 2.1 -16568 8688
77 100 2.1 -16720 8762
78 100 2.1 -16844 8818
79 100 2.1 -16856 8804
80 100 2.1 -16852 8840
81 100 2.1 -16956 8854
82 100 2.1 -16724 8854
83 100 2.1 -16876 8912
84 100 2.1 -16744 8860
85 100 2.1 -16776 8906
86 100 2.1 -16780 8882
88 100 2.1 -16752 8820
89 100 2.1 -16816 8834
90 100 2.1 -16700 8774
91 100 2.1 -16728 8792
92 100 2.1 -16644 8804
93 100 2.1 -16472 8720
95 100 2.1 -16456 8696
96 100 2.1 -16300 8688
97 100 2.1 -16340 8662
98 100 2.1 -16368 8678
99 100 2.1 -16640 8792
101 100 2.1 -16412 8714
102 100 2.1 -16616 8736
103 100 2.1 -16656 8748
105 100 2.1 -16720 8796
106 100 2.1 -16848 8840
107 100 2.1 -16804 8866
109 100 2.1 -16960 8920
110 100 2.1 -17072 8920
112 100 2.1 -17396 9066
113 100 2.1 -17220 9030
114 100 2.1 -17068 9012
116 100 2.1 -16812 8864
117 100 2.1 -16740 8838
119 100 2.1 -16840 8886
120 100 2.1 -16904 8868
122 100 2.1 -16780 8882
124 100 2.1 -16928 8972
125 100 2.1 -16764 8902
127 100 2.1 -16952 8918
128 100 2.1 -17000 8878
130 100 2.1 -17004 8950
132 100 2.1 -16880 8890
133 100 2.1 -16908 8912
135 100 2.1 -16684 8808
137 100 2.1 -16624 8776
139 100 2.1 -16880 8916
140 100 2.1 -16836 8868
142 100 2.1 -16876 8880
144 100 2.1 -16848 8844
146 100 2.1 -16980 8816
148 100 2.1 -16624 8740
150 100 2.1 -16520 8778
152 100 2.1 -16772 8840
154 100 2.1 -16740 8870
155 100 2.1 -16844 8900
157 100 2.1 -17040 8932
160 100 2.1 -16904 8934
162 100 2.1 -16768 8878
164 100 2.1 -16836 8898
166 100 2.1 -16744 8810
168 100 2.1 -16936 8836
170 100 2.1 -16772 8830
172 100 2.1 -16372 8642
174 100 2.1 -16524 8650
177 100 2.1 -16468 8530
179 100 2.1 -16380 8458
181 100 2.1 -16496 8484
184 100 2.1 -16596 8596
186 100 2.1 -16544 8580
188 100 2.1 -16016 8316
191 100 2.1 -16232 8414
193 100 2.1 -16544 8542
196 100 2.1 -16516 8680
198 100 2.1 -16648 8712
201 100 2.1 -16468 8602
203 100 2.1 -16504 8566
206 100 2.1 -16668 8674
209 100 2.1 -16584 8720
211 100 2.1 -16600 8750
214 100 2.1 -16980 8756
217 100 2.1 -16412 8636
220 100 2.1 -16544 8660
222 100 2.1 -16564 8732
225 100 2.1 -16744 8758
228 100 2.1 -16744 8766
231 100 2.1 -16636 8774
234 100 2.1 -16644 8768
237 100 2.1 -16952 8922
240 100 2.1 -16848 8888
243 100 2.1 -16692 8858
246 100 2.1 -16972 8990
250 100 2.1 -16728 8864
253 100 2.1 -16528 8734
256 100 2.1 -16652 8780
259 100 2.1 -16540 8670
263 100 2.1 -16552 8702
266 100 2.1 -16604 8708
269 100 2.1 -16312 8524
273 100 2.1 -16392 8586
276 100 2.1 -16492 8584
280 100 2.1 -16880 8778
284 100 2.1 -16716 8906
287 100 2.1 -16892 8936
291 100 2.1 -16916 8944
295 100 2.1 -16856 8906
298 100 2.1 -16724 8842
302 100 2.1 -16692 8838
306 100 2.1 -16412 8682
310 100 2.1 -16668 8720
314 100 2.1 -16404 8540
318 100 2.1 -16420 8576
322 100 2.1 -16368 8628
326 100 2.1 -16752 8780
331 100 2.1 -16572 8706
335 100 2.1 -16716 8772
339 100 2.1 -16520 8702
344 100 2.1 -16904 8790
348 100 2.1 -16384 8554
352 100 2.1 -16896 8818
357 100 2.1 -16484 8606
362 100 2.1 -16696 8664
366 100 2.1 -16592 8638
371 100 2.1 -16712 8664
376 100 2.1 -16700 8708
381 100 2.1 -16508 8638
385 100 2.1 -16436 8652
390 100 2.1 -16376 8486
395 100 2.1 -16348 8528
401 100 2.1 -16788 8862
406 100 2.1 -16732 8670
411 100 2.1 -16844 8718
416 100 2.1 -16744 8702
422 100 2.1 -16588 8692
427 100 2.1 -16364 8550
433 100 2.1 -16676 8648
438 100 2.1 -16456 8640
444 100 2.1 -16376 8650
449 100 2.1 -16532 8628
455 100 2.1 -16540 8604
461 100 2.1 -16636 8620
467 100 2.1 -16852 8678
473 100 2.1 -16508 8486
479 100 2.1 -16608 8572
485 100 2.1 -16756 8574
492 100 2.1 -16936 8672
498 100 2.1 -16352 8474
504 100 2.1 -16720 8610
511 100 2.1 -16496 8602
517 100 2.1 -16500 8640
524 100 2.1 -16624 8808
531 100 2.1 -16832 8832
538 100 2.1 -17188 9014
545 100 2.1 -16764 8838
552 100 2.1 -16504 8690
559 100 2.1 -16676 8738
566 100 2.1 -16608 8710
573 100 2.1 -16552 8722
581 100 2.1 -16728 8896
588 100 2.1 -17104 8932
596 100 2.1 -17020 8914
603 100 2.1 -16896 8908
611 100 2.1 -16772 8742
619 100 2.1 -16972 8894
627 100 2.1 -16696 8722
635 100 2.1 -16552 8658
643 100 2.1 -16640 8734
652 100 2.1 -16324 8594
660 100 2.1 -16316 8592
668 100 2.1 -16896 8756
677 100 2.1 -16200 8456
686 100 2.1 -16712 8680
695 100 2.1 -16804 8882
704 100 2.1 -16664 8810
713 100 2.1 -16780 8788
722 100 2.1 -16964 8840
731 100 2.1 -16532 8538
741 100 2.1 -16764 8680
750 100 2.1 -16540 8660
760 100 2.1 -16820 8834
770 100 2.1 -16376 8602
780 100 2.1 -16340 8574
790 100 2.1 -16448 8726
800 100 2.1 -16932 8922
810 100 2.1 -16708 8802
821 100 2.1 -16520 8694
831 100 2.1 -16792 8874
842 100 2.1 -16480 8714
853 100 2.1 -16488 8678
864 100 2.1 -16468 8622
875 100 2.1 -16948 8882
886 100 2.1 -16624 8720
897 100 2.1 -16628 8768
909 100 2.1 -16828 8816
921 100 2.1 -16496 8626
933 100 2.1 -16764 8784
945 100 2.1 -16988 8854
957 100 2.1 -16940 8870
969 100 2.1 -16448 8658
982 100 2.1 -17032 8860
994 100 2.1 -16780 8804
1007 100 2.1 -16652 8764
1020 100 2.1 -16388 8544
1033 100 2.1 -16408 8642
1047 100 2.1 -16764 8824
1060 100 2.1 -16368 8556
1074 100 2.1 -16668 8698
1088 100 2.1 -16752 8760
1102 100 2.1 -16288 8346
1116 100 2.1 -16620 8614
1130 100 2.1 -16320 8416
1145 100 2.1 -16316 8392
1160 100 2.1 -16908 8816
1174 100 2.1 -16628 8722
1190 100 2.1 -16524 8612
1205 100 2.1 -16528 8748
1220 100 2.1 -16656 8730
1236 100 2.1 -16584 8676
1252 100 2.1 -16684 8786
1268 100 2.1 -16368 8610
1285 100 2.1 -16700 8796
1301 100 2.1 -16508 8562
1318 100 2.1 -16232 8566
1335 100 2.1 -16748 8788
1352 100 2.1 -16484 8616
1370 100 2.1 -16520 8564
1387 100 2.1 -16476 8682
1405 100 2.1 -16924 8866
1423 100 2.1 -16980 8874
1442 100 2.1 -16652 8748
1460 100 2.1 -16940 8874
1479 100 2.1 -16572 8692
1498 100 2.1 -16584 8696
1517 100 2.1 -16708 8748
1537 100 2.1 -16800 8830
1557 100 2.1 -16700 8820
1577 100 2.1 -16380 8714
1597 100 2.1 -16788 8802
1618 100 2.1 -16544 8698
1639 100 2.1 -16408 8556
1660 100 2.1 -16396 8570
1681 100 2.1 -16648 8598
1703 100 2.1 -16640 8604
1725 100 2.1 -16488 8562
1747 100 2.1 -16848 8742
1770 100 2.1 -16692 8712
1792 100 2.1 -16628 8800
1816 100 2.1 -16568 8672
1839 100 2.1 -16440 8656
1863 100 2.1 -16696 8822
1887 100 2.1 -16944 8862
1911 100 2.1 -16756 8690
1936 100 2.1 -16808 8756
1961 100 2.1 -16752 8700
1986 100 2.1 -16700 8770
2012 100 2.1 -16576 8664
2037 100 2.1 -16348 8420
2064 100 2.1 -16168 8286
2090 100 2.1 -16804 8698
2117 100 2.1 -16876 8908
2145 100 2.1 -16720 8728
2172 100 2.1 -16812 8764
2200 100 2.1 -16516 8542
2229 100 2.1 -16832 8806
2257 100 2.1 -16384 8520
2286 100 2.1 -16208 8454
2316 100 2.1 -16536 8574
2346 100 2.1 -16216 8500
2376 100 2.1 -16568 8698
2407 100 2.1 -16536 8642
2438 100 2.1 -16876 8840
2469 100 2.1 -16652 8752
2501 100 2.1 -16564 8622
2533 100 2.1 -16552 8598
2566 100 2.1 -17016 8898
2599 100 2.1 -16628 8702
2633 100 2.1 -16292 8528
2667 100 2.1 -16496 8710
2701 100 2.1 -17032 8924
2736 100 2.1 -16900 8674
2771 100 2.1 -16812 8768
2807 100 2.1 -16676 8562
2843 100 2.1 -16804 8804
2880 100 2.1 -16556 8692
2917 100 2.1 -16260 8508
2954 100 2.1 -16880 8834
2992 100 2.1 -16332 8548
3031 100 2.1 -16928 8896
3070 100 2.1 -16560 8768
3110 100 2.1 -16596 8690
3150 100 2.1 -16584 8748
3190 100 2.1 -16592 8638
3232 100 2.1 -16616 8768
3273 100 2.1 -16344 8502
3315 100 2.1 -16704 8806
3358 100 2.1 -16500 8698
3402 100 2.1 -16828 8924
3445 100 2.1 -16996 8868
3490 100 2.1 -16632 8636
3535 100 2.1 -16456 8552
3580 100 2.1 -16408 8548
3627 100 2.1 -16780 8882
3673 100 2.1 -16128 8424
3721 100 2.1 -16264 8412
3769 100 2.1 -16704 8710
3817 100 2.1 -16384 8652
3867 100 2.1 -16580 8792
3916 100 2.1 -16704 8778
3967 100 2.1 -16708 8762
4018 100 2.1 -16528 8624
4070 100 2.1 -16704 8688
4122 100 2.1 -16868 8838
4176 100 2.1 -16944 8886
4229 100 2.1 -16644 8782
4284 100 2.1 -16540 8738
4339 100 2.1 -16352 8602
4395 100 2.1 -16784 8822
4452 100 2.1 -16308 8554
4509 100 2.1 -16248 8384
4567 100 2.1 -16904 8864
4626 100 2.1 -16592 8702
4686 100 2.1 -16164 8350
4746 100 2.1 -16744 8796
4808 100 2.1 -17128 8928
4870 100 2.1 -16184 8622
4932 100 2.1 -16740 8736
4996 100 2.1 -16532 8678
5060 100 2.1 -16544 8664
5126 100 2.1 -16624 8708
5192 100 2.1 -16760 8744
5259 100 2.1 -17024 8896
5327 100 2.1 -16660 8824
5395 100 2.1 -16512 8534
5465 100 2.1 -16584 8718
5535 100 2.1 -16424 8648
5607 100 2.1 -16416 8668
5679 100 2.1 -16672 8630
5752 100 2.1 -16756 8748
5826 100 2.1 -16508 8538
5902 100 2.1 -16680 8676
5978 100 2.1 -16532 8622
6055 100 2.1 -16804 8772
6133 100 2.1 -16944 8814
6212 100 2.1 -16156 8432
6292 100 2.1 -16876 8846
6373 100 2.1 -16676 8716
6455 100 2.1 -16384 8650
6539 100 2.1 -16604 8682
6623 100 2.1 -16536 8704
6708 100 2.1 -16552 8676
6795 100 2.1 -16192 8552
6883 100 2.1 -16440 8610
6971 100 2.1 -16892 8878
7061 100 2.1 -17068 8958
7152 100 2.1 -17068 8954
7245 100 2.1 -16776 8668
7338 100 2.1 -16936 8898
7433 100 2.1 -16608 8638
7529 100 2.1 -16832 8848
7626 100 2.1 -16576 8592
7724 100 2.1 -16588 8672
7824 100 2.1 -16640 8762
7925 100 2.1 -16600 8674
8027 100 2.1 -16460 8750
8130 100 2.1 -16820 8796
8235 100 2.1 -16748 8812
8341 100 2.1 -16760 8842
8449 100 2.1 -16680 8772
8558 100 2.1 -16724 8686
8668 100 2.1 -16708 8774
8780 100 2.1 -16824 8704
8893 100 2.1 -16772 8790
9008 100 2.1 -16752 8776
9124 100 2.1 -16440 8644
9242 100 2.1 -16576 8564
9361 100 2.1 -16552 8770
9482 100 2.1 -16584 8708
9604 100 2.1 -17128 8928
9728 100 2.1 -16532 8652
9853 100 2.1 -16876 8862
9980 100 2.1 -16532 8594
10109 100 2.1 -16924 8860
10240 100 2.1 -16844 8808
10372 100 2.1 -16704 8656
10505 100 2.1 -16376 8340
10641 100 2.1 -16836 8736
10778 100 2.1 -16784 8802
10917 100 2.1 -16512 8566
11058 100 2.1 -16508 8636
11201 100 2.1 -16692 8520
11345 100 2.1 -16592 8650
11491 100 2.1 -16504 8648
11640 100 2.1 -16260 8526
11790 100 2.1 -16676 8700
11942 100 2.1 -16856 8824
12096 100 2.1 -16788 8820
12252 100 2.1 -16996 8952
12410 100 2.1 -16620 8624
12570 100 2.1 -16512 8642
12732 100 2.1 -16708 8274
12896 100 2.1 -16940 8918
13062 100 2.1 -16396 8696
13231 100 2.1 -16400 8684
13402 100 2.1 -16640 8708
13574 100 2.1 -16528 8682
13750 100 2.1 -17048 8906
13927 100 2.1 -16640 8716
14106 100 2.1 -16736 8778
14288 100 2.1 -16832 8820
14473 100 2.1 -16416 8640
14659 100 2.1 -16456 8630
14848 100 2.1 -16524 8638
15040 100 2.1 -16448 8586
15234 100 2.1 -16476 8582
15430 100 2.1 -16752 8604
15629 100 2.1 -16868 8842
15831 100 2.1 -16560 8666
16035 100 2.1 -16524 8610
16242 100 2.1 -16536 8566
16451 100 2.1 -16616 8624
16664 100 2.1 -16216 8538
16879 100 2.1 -16832 8794
17096 100 2.1 -16620 8644
17317 100 2.1 -16716 8792
17540 100 2.1 -16576 8678
17766 100 2.1 -16740 8690
17995 100 2.1 -16664 8822
18228 100 2.1 -16748 8814
18463 100 2.1 -16856 8756
18701 100 2.1 -16528 8614
18942 100 2.1 -16892 8880
19186 100 2.1 -16260 8460
19434 100 2.1 -16296 8442
19684 100 2.1 -16376 8670
19938 100 2.1 -16792 8822
20195 100 2.1 -16824 8900
20456 100 2.1 -16600 8768
20720 100 2.1 -16548 8654
20987 100 2.1 -16544 8690
21258 100 2.1 -16604 8676
21532 100 2.1 -16664 8734
21810 100 2.1 -16512 8620
22091 100 2.1 -16848 8794
22376 100 2.1 -16420 8516
22664 100 2.1 -16576 8654
22957 100 2.1 -16572 8714
23253 100 2.1 -16572 8672
23553 100 2.1 -16660 8786
23856 100 2.1 -16928 8874
24164 100 2.1 -16212 8552
24476 100 2.1 -16764 8800
24791 100 2.1 -16264 8572
25111 100 2.1 -16684 8810
25435 100 2.1 -16748 8832
25763 100 2.1 -16488 8660
26095 100 2.1 -16716 8816
26432 100 2.1 -16576 8784
26773 100 2.1 -16860 8830
27118 100 2.1 -16456 8640
27468 100 2.1 -16964 8846
27822 100 2.1 -16476 8268
28181 100 2.1 -16728 8750
28545 100 2.1 -16884 8822
28913 100 2.1 -16632 8642
29286 100 2.1 -16752 8790
29663 100 2.1 -16668 8772
30046 100 2.1 -16420 8656
30434 100 2.1 -16412 8718
30826 100 2.1 -16828 8902
31224 100 2.1 -16360 8632
31626 100 2.1 -16952 8874
32034 100 2.1 -16668 8534
32447 100 2.1 -16888 8850
32866 100 2.1 -16180 8492
33290 100 2.1 -16984 8886
33719 100 2.1 -16416 8598
34154 100 2.1 -16504 8690
34595 100 2.1 -16360 8458
35041 100 2.1 -16348 8572
35493 100 2.1 -16736 8714
35951 100 2.1 -16364 8620
36414 100 2.1 -16680 8824
36884 100 2.1 -16388 8486
37360 100 2.1 -16480 8510
37841 100 2.1 -16756 8766
38330 100 2.1 -16320 8518
38824 100 2.1 -16704 8652
39325 100 2.1 -16668 8610
39832 100 2.1 -16208 8482
40346 100 2.1 -16528 8678
40866 100 2.1 -16496 8622
41393 100 2.1 -16356 8328
41927 100 2.1 -16500 8638
42468 100 2.1 -16832 8804
43015 100 2.1 -16872 8764
43570 100 2.1 -16932 8902
44132 100 2.1 -16684 8656
44701 100 2.1 -16612 8656
45278 100 2.1 -16392 8538
45862 100 2.1 -16580 8614
46453 100 2.1 -16300 8402
47053 100 2.1 -16820 8812
47660 100 2.1 -16448 8520
48274 100 2.1 -16500 8736
48897 100 2.1 -16428 8630
49528 100 2.1 -16748 8780
50166 100 2.1 -16788 8758
50813 100 2.1 -16396 8518
51469 100 2.1 -16780 8832
52133 100 2.1 -16884 8864
52805 100 2.1 -16608 8568
53486 100 2.1 -16596 8778
54176 100 2.1 -16856 8850
54875 100 2.1 -16404 8412
55582 100 2.1 -16468 8552
56299 100 2.1 -16356 8540
57025 100 2.1 -16512 8626
57761 100 2.1 -16796 8668
58506 100 2.1 -16848 8758
59261 100 2.1 -16824 8866
60025 100 2.1 -16780 8886
60799 100 2.1 -16884 8894
61583 100 2.1 -16756 8784
62378 100 2.1 -16604 8646
63182 100 2.1 -16324 8598
63997 100 2.1 -16932 8800
64822 100 2.1 -16612 8630
65658 100 2.1 -17064 8954
66505 100 2.1 -16508 8568
67363 100 2.1 -16912 8840
68232 100 2.1 -16868 8810
69112 100 2.1 -16964 8986
70003 100 2.1 -16380 8554
70906 100 2.1 -16236 8460
71821 100 2.1 -17004 8876
72747 100 2.1 -16584 8770
73685 100 2.1 -16608 8624
74636 100 2.1 -16588 8592
75599 100 2.1 -16768 8834
76574 100 2.1 -16344 8578
77561 100 2.1 -16592 8690
78562 100 2.1 -16736 8574
79575 100 2.1 -16748 8756
80601 100 2.1 -16808 8834
81641 100 2.1 -16716 8766
82694 100 2.1 -16388 8442
83760 100 2.1 -16808 8752
84841 100 2.1 -16468 8556
85935 100 2.1 -16532 8664
87043 100 2.1 -16896 8836
88166 100 2.1 -16632 8734
89303 100 2.1 -16428 8570
90455 100 2.1 -16572 8564
91622 100 2.1 -16484 8694
92803 100 2.1 -16788 8828
94000 100 2.1 -16604 8640
95213 100 2.1 -16264 8568
96441 100 2.1 -16560 8684
97685 100 2.1 -16576 8648
98945 100 2.1 -16192 8414
100221 100 2.1 -16532 8664
101513 100 2.1 -16820 8880
102823 100 2.1 -16644 8446
104149 100 2.1 -16648 8756
105492 100 2.1 -16704 8782
106853 100 2.1 -16644 8696
108231 100 2.1 -16960 8938
109627 100 2.1 -16804 8776
111041 100 2.1 -16552 8650
112473 100 2.1 -16496 8502
113924 100 2.1 -16708 8762
115393 100 2.1 -16796 8778
116882 100 2.1 -16492 8568
118389 100 2.1 -16616 8698
119916 100 2.1 -16596 8718
121463 100 2.1 -16476 8704
123029 100 2.1 -16764 8820
124616 100 2.1 -16828 8728
126224 100 2.1 -16788 8786
127852 100 2.1 -16444 8728
129501 100 2.1 -16424 8516
131171 100 2.1 -16592 8444
132863 100 2.1 -16612 8552
134576 100 2.1 -16764 8650
136312 100 2.1 -16504 8652
138070 100 2.1 -16748 8804
139851 100 2.1 -16852 8700
141655 100 2.1 -16264 8374
143482 100 2.1 -16472 8676
145333 100 2.1 -16592 8686
147207 100 2.1 -16744 8784
149106 100 2.1 -16468 8732
151029 100 2.1 -16196 8232
152977 100 2.1 -16444 8650
154950 100 2.1 -16744 8700
156948 100 2.1 -16912 8894
158973 100 2.1 -16972 8830
161023 100 2.1 -16424 8534
163100 100 2.1 -16804 8854
165204 100 2.1 -16724 8816
167334 100 2.1 -16376 8548
169493 100 2.1 -16888 8720
171679 100 2.1 -16768 8852
173893 100 2.1 -16984 8890
176136 100 2.1 -16672 8746
178408 100 2.1 -16660 8728
180709 100 2.1 -16648 8422
183040 100 2.1 -16420 8550
185400 100 2.1 -16520 8674
187792 100 2.1 -16652 8790
190214 100 2.1 -16536 8670
192667 100 2.1 -16444 8630
195152 100 2.1 -16588 8644
197669 100 2.1 -16592 8720
200219 100 2.1 -16716 8872
202801 100 2.1 -16868 8774
205417 100 2.1 -16548 8748
208066 100 2.1 -16752 8766
210750 100 2.1 -16460 8546
213468 100 2.1 -16540 8714
216222 100 2.1 -16596 8556
219010 100 2.1 -16628 8648
221835 100 2.1 -16348 8568
224696 100 2.1 -16440 8514
227595 100 2.1 -16704 8798
230530 100 2.1 -16628 8792
233503 100 2.1 -16452 8590
236515 100 2.1 -16468 8574
239566 100 2.1 -17080 8956
242656 100 2.1 -16756 8824
245785 100 2.1 -16736 8796
248956 100 2.1 -16704 8646
252167 100 2.1 -16784 8896
255419 100 2.1 -16736 8744
258713 100 2.1 -16980 8866
262050 100 2.1 -16612 8744
265430 100 2.1 -16796 8756
268854 100 2.1 -16644 8742
272321 100 2.1 -17004 8840
275834 100 2.1 -16488 8668
279391 100 2.1 -16364 8616
282995 100 2.1 -16716 8824
286645 100 2.1 -16836 8758
290342 100 2.1 -16592 8742
294087 100 2.1 -16504 8624
297880 100 2.1 -16704 8768
301722 100 2.1 -16480 8606
305614 100 2.1 -16656 8796
309556 100 2.1 -16364 8606
313548 100 2.1 -16784 8758
317592 100 2.1 -16476 8580
321689 100 2.1 -17092 8974
325838 100 2.1 -16600 8698
330040 100 2.1 -16716 8742
334297 100 2.1 -16140 8554
338609 100 2.1 -16504 8658
342976 100 2.1 -16688 8794
347400 100 2.1 -17032 8936
351881 100 2.1 -16524 8594
356419 100 2.1 -16600 8690
361016 100 2.1 -16896 8780
365673 100 2.1 -16160 8290
370389 100 2.1 -16616 8718
375167 100 2.1 -16508 8610
380005 100 2.1 -16848 8874
384907 100 2.1 -16544 8530
389871 100 2.1 -16556 8564
394900 100 2.1 -16636 8742
399993 100 2.1 -16608 8714
405152 100 2.1 -16500 8614
410378 100 2.1 -16912 8792
415671 100 2.1 -16456 8688
421032 100 2.1 -16544 8760
426463 100 2.1 -16620 8720
431963 100 2.1 -16528 8756
437535 100 2.1 -16684 8736
443178 100 2.1 -16508 8578
448894 100 2.1 -16564 8652
454684 100 2.1 -16688 8668
460548 100 2.1 -16516 8724
466489 100 2.1 -16356 8356
472505 100 2.1 -16804 8810
478600 100 2.1 -16432 8370
484773 100 2.1 -16500 8634
491025 100 2.1 -16972 8884
497358 100 2.1 -16668 8678
503773 100 2.1 -16624 8682
510271 100 2.1 -16380 8676
516852 100 2.1 -16548 8630
523519 100 2.1 -16616 8700
530271 100 2.1 -16976 8858
537111 100 2.1 -16572 8698
544038 100 2.1 -16412 8564
551055 100 2.1 -16540 8728
558163 100 2.1 -16596 8760
565362 100 2.1 -16604 8620
572654 100 2.1 -16628 8814
580040 100 2.1 -16048 8350
587521 100 2.1 -16852 8834
595099 100 2.1 -16608 8728
602775 100 2.1 -16668 8730
610549 100 2.1 -16548 8682
618424 100 2.1 -16052 8312
626400 100 2.1 -16812 8820
634480 100 2.1 -16584 8580
642663 100 2.1 -16836 8700
650952 100 2.1 -17024 8938
659348 100 2.1 -16528 8776
667853 100 2.1 -16556 8564
676467 100 2.1 -16660 8662
685192 100 2.1 -16796 8852
694029 100 2.1 -16796 8784
702981 100 2.1 -16980 8926
712048 100 2.1 -16840 8868
721232 100 2.1 -16604 8536
730534 100 2.1 -16408 8574
739957 100 2.1 -16704 8650
749500 100 2.1 -16532 8680
759168 100 2.1 -16624 8728
768959 100 2.1 -16636 8570
778877 100 2.1 -16760 8826
788923 100 2.1 -16680 8744
799099 100 2.1 -16460 8542
809405 100 2.1 -16872 8866
819845 100 2.1 -16656 8716
830419 100 2.1 -16532 8650
841130 100 2.1 -16732 8774
851979 100 2.1 -16676 8812
862968 100 2.1 -16572 8544
874098 100 2.1 -16812 8766
885373 100 2.1 -16860 8852
896792 100 2.1 -16280 8560
908359 100 2.1 -16596 8610
920075 100 2.1 -16592 8686
931942 100 2.1 -16564 8676
943962 100 2.1 -16220 8580
956137 100 2.1 -16596 8730
968470 100 2.1 -16492 8552
980961 100 2.1 -16384 8544
993613 100 2.1 -16700 8810
999999 100 2.1 -17104 8978
