3 20 2.4 -656 342
4 20 2.4 -588 322
5 20 2.4 -584 314
6 20 2.4 -632 338
7 20 2.4 -596 322
8 20 2.4 -620 346
9 20 2.4 -640 342
10 20 2.4 -624 334
11 20 2.4 -600 332
12 20 2.4 -596 328
13 20 2.4 -588 328
14 20 2.4 -552 306
15 20 2.4 -512 276
16 20 2.4 -532 282
17 20 2.4 -548 302
18 20 2.4 -572 288
19 20 2.4 -536 284
20 20 2.4 -528 292
21 20 2.4 -548 302
22 20 2.4 -532 286
23 20 2.4 -496 266
24 20 2.4 -496 280
25 20 2.4 -532 274
26 20 2.4 -512 248
27 20 2.4 -552 264
28 20 2.4 -572 270
29 20 2.4 -596 280
30 20 2.4 -568 236
31 20 2.4 -564 250
32 20 2.4 -540 234
33 20 2.4 -560 244
34 20 2.4 -560 238
35 20 2.4 -468 214
36 20 2.4 -540 208
37 20 2.4 -492 196
38 20 2.4 -504 216
39 20 2.4 -508 204
40 20 2.4 -484 216
41 20 2.4 -496 218
42 20 2.4 -500 218
43 20 2.4 -452 224
44 20 2.4 -464 222
45 20 2.4 -460 224
46 20 2.4 -460 224
47 20 2.4 -436 190
48 20 2.4 -452 208
49 20 2.4 -452 194
50 20 2.4 -416 168
51 20 2.4 -416 148
52 20 2.4 -444 168
53 20 2.4 -460 172
54 20 2.4 -468 178
55 20 2.4 -424 188
56 20 2.4 -460 208
57 20 2.4 -552 228
58 20 2.4 -536 204
59 20 2.4 -508 200
60 20 2.4 -460 196
61 20 2.4 -476 188
62 20 2.4 -408 138
63 20 2.4 -432 176
64 20 2.4 -416 176
65 20 2.4 -440 154
66 20 2.4 -404 148
67 20 2.4 -416 128
68 20 2.4 -416 136
69 20 2.4 -440 126
70 20 2.4 -420 78
71 20 2.4 -436 42
72 20 2.4 -412 32
73 20 2.4 -384 68
74 20 2.4 -420 80
75 20 2.4 -420 100
76 20 2.4 -452 94
77 20 2.4 -472 110
78 20 2.4 -420 106
79 20 2.4 -476 84
80 20 2.4 -472 74
81 20 2.4 -484 122
82 20 2.4 -496 144
83 20 2.4 -500 166
84 20 2.4 -516 192
85 20 2.4 -524 210
86 20 2.4 -524 202
88 20 2.4 -488 218
89 20 2.4 -428 204
90 20 2.4 -460 206
91 20 2.4 -464 226
92 20 2.4 -500 250
93 20 2.4 -512 254
95 20 2.4 -480 224
96 20 2.4 -548 258
97 20 2.4 -600 286
98 20 2.4 -576 270
99 20 2.4 -540 254
101 20 2.4 -548 270
102 20 2.4 -528 290
103 20 2.4 -564 310
105 20 2.4 -596 326
106 20 2.4 -532 306
107 20 2.4 -568 300
109 20 2.4 -556 280
110 20 2.4 -564 270
112 20 2.4 -540 300
113 20 2.4 -504 288
114 20 2.4 -528 272
116 20 2.4 -484 236
117 20 2.4 -512 280
119 20 2.4 -536 298
120 20 2.4 -536 294
122 20 2.4 -536 296
124 20 2.4 -568 310
125 20 2.4 -620 332
127 20 2.4 -552 308
128 20 2.4 -564 312
130 20 2.4 -584 318
132 20 2.4 -612 336
133 20 2.4 -632 342
135 20 2.4 -540 298
137 20 2.4 -556 298
139 20 2.4 -580 314
140 20 2.4 -544 316
142 20 2.4 -564 314
144 20 2.4 -648 350
146 20 2.4 -576 312
148 20 2.4 -548 256
150 20 2.4 -544 262
152 20 2.4 -548 278
154 20 2.4 -560 274
155 20 2.4 -536 266
157 20 2.4 -524 284
160 20 2.4 -480 224
162 20 2.4 -564 252
164 20 2.4 -528 274
166 20 2.4 -572 276
168 20 2.4 -540 276
170 20 2.4 -484 226
172 20 2.4 -420 166
174 20 2.4 -420 182
177 20 2.4 -532 264
179 20 2.4 -512 276
181 20 2.4 -516 282
184 20 2.4 -524 286
186 20 2.4 -588 288
188 20 2.4 -520 238
191 20 2.4 -528 230
193 20 2.4 -492 238
196 20 2.4 -444 216
198 20 2.4 -448 246
201 20 2.4 -564 288
203 20 2.4 -560 254
206 20 2.4 -524 230
209 20 2.4 -568 254
211 20 2.4 -508 236
214 20 2.4 -392 166
217 20 2.4 -464 190
220 20 2.4 -520 198
222 20 2.4 -568 200
225 20 2.4 -536 192
228 20 2.4 -484 146
231 20 2.4 -544 186
234 20 2.4 -484 206
237 20 2.4 -516 192
240 20 2.4 -432 134
243 20 2.4 -480 182
246 20 2.4 -480 178
250 20 2.4 -436 156
253 20 2.4 -484 214
256 20 2.4 -556 248
259 20 2.4 -584 288
263 20 2.4 -540 274
266 20 2.4 -576 296
269 20 2.4 -540 284
273 20 2.4 -552 266
276 20 2.4 -544 262
280 20 2.4 -576 280
284 20 2.4 -528 272
287 20 2.4 -580 292
291 20 2.4 -592 304
295 20 2.4 -588 328
298 20 2.4 -504 252
302 20 2.4 -548 262
306 20 2.4 -532 240
310 20 2.4 -476 246
314 20 2.4 -536 252
318 20 2.4 -504 278
322 20 2.4 -604 332
326 20 2.4 -516 282
331 20 2.4 -516 270
335 20 2.4 -532 290
339 20 2.4 -536 294
344 20 2.4 -436 222
348 20 2.4 -440 216
352 20 2.4 -488 228
357 20 2.4 -536 258
362 20 2.4 -536 266
366 20 2.4 -512 226
371 20 2.4 -540 210
376 20 2.4 -556 264
381 20 2.4 -528 270
385 20 2.4 -604 298
390 20 2.4 -628 342
395 20 2.4 -652 304
401 20 2.4 -588 262
406 20 2.4 -548 256
411 20 2.4 -480 230
416 20 2.4 -532 272
422 20 2.4 -536 186
427 20 2.4 -456 186
433 20 2.4 -512 204
438 20 2.4 -500 186
444 20 2.4 -580 278
449 20 2.4 -508 250
455 20 2.4 -472 244
461 20 2.4 -524 276
467 20 2.4 -568 312
473 20 2.4 -508 284
479 20 2.4 -544 258
485 20 2.4 -512 204
492 20 2.4 -472 100
498 20 2.4 -424 18
504 20 2.4 -368 -52
511 20 2.4 -468 8
517 20 2.4 -440 8
524 20 2.4 -428 18
531 20 2.4 -432 -30
538 20 2.4 -444 -14
545 20 2.4 -384 26
552 20 2.4 -456 66
559 20 2.4 -484 -28
566 20 2.4 -512 -46
573 20 2.4 -484 -94
581 20 2.4 -432 20
588 20 2.4 -424 38
596 20 2.4 -476 -26
603 20 2.4 -536 -158
611 20 2.4 -436 -68
619 20 2.4 -472 -172
627 20 2.4 -404 -96
635 20 2.4 -472 -156
643 20 2.4 -440 -16
652 20 2.4 -464 -16
660 20 2.4 -436 58
668 20 2.4 -472 -22
677 20 2.4 -508 74
686 20 2.4 -432 82
695 20 2.4 -400 106
704 20 2.4 -476 -6
713 20 2.4 -408 -32
722 20 2.4 -464 -112
731 20 2.4 -440 -200
741 20 2.4 -540 -142
750 20 2.4 -456 -154
760 20 2.4 -484 -216
770 20 2.4 -524 -178
780 20 2.4 -488 -80
790 20 2.4 -432 -138
800 20 2.4 -388 -106
810 20 2.4 -376 -110
821 20 2.4 -436 -128
831 20 2.4 -556 -248
842 20 2.4 -540 -274
853 20 2.4 -568 -254
864 20 2.4 -392 -130
875 20 2.4 -508 -226
886 20 2.4 -540 -174
897 20 2.4 -544 -164
909 20 2.4 -456 -206
921 20 2.4 -464 -196
933 20 2.4 -492 -210
945 20 2.4 -500 -220
957 20 2.4 -556 -292
969 20 2.4 -500 -224
982 20 2.4 -508 -248
994 20 2.4 -544 -280
1007 20 2.4 -504 -198
1020 20 2.4 -488 -224
1033 20 2.4 -508 -272
1047 20 2.4 -608 -332
1060 20 2.4 -500 -270
1074 20 2.4 -524 -214
1088 20 2.4 -476 -236
1102 20 2.4 -544 -220
1116 20 2.4 -504 -126
1130 20 2.4 -532 -108
1145 20 2.4 -408 -30
1160 20 2.4 -452 -62
1174 20 2.4 -488 -186
1190 20 2.4 -348 16
1205 20 2.4 -404 20
1220 20 2.4 -480 148
1236 20 2.4 -480 134
1252 20 2.4 -504 104
1268 20 2.4 -448 46
1285 20 2.4 -448 140
1301 20 2.4 -416 110
1318 20 2.4 -440 -4
1335 20 2.4 -472 12
1352 20 2.4 -384 54
1370 20 2.4 -436 56
1387 20 2.4 -412 106
1405 20 2.4 -432 62
1423 20 2.4 -372 -68
1442 20 2.4 -424 -10
1460 20 2.4 -408 -28
1479 20 2.4 -476 -76
1498 20 2.4 -472 -2
1517 20 2.4 -436 -56
1537 20 2.4 -444 -86
1557 20 2.4 -492 -228
1577 20 2.4 -540 -254
1597 20 2.4 -560 -288
1618 20 2.4 -604 -332
1639 20 2.4 -564 -270
1660 20 2.4 -592 -302
1681 20 2.4 -612 -328
1703 20 2.4 -568 -308
1725 20 2.4 -544 -274
1747 20 2.4 -480 -196
1770 20 2.4 -440 -186
1792 20 2.4 -572 -242
1816 20 2.4 -424 -48
1839 20 2.4 -416 72
1863 20 2.4 -508 156
1887 20 2.4 -516 182
1911 20 2.4 -452 34
1936 20 2.4 -376 0
1961 20 2.4 -404 58
1986 20 2.4 -448 112
2012 20 2.4 -444 208
2037 20 2.4 -592 302
2064 20 2.4 -540 304
2090 20 2.4 -496 182
2117 20 2.4 -552 252
2145 20 2.4 -548 268
2172 20 2.4 -536 246
2200 20 2.4 -584 204
2229 20 2.4 -516 202
2257 20 2.4 -544 216
2286 20 2.4 -564 274
2316 20 2.4 -660 336
2346 20 2.4 -608 320
2376 20 2.4 -508 280
2407 20 2.4 -444 210
2438 20 2.4 -504 186
2469 20 2.4 -484 238
2501 20 2.4 -484 202
2533 20 2.4 -640 332
2566 20 2.4 -464 236
2599 20 2.4 -420 186
2633 20 2.4 -524 206
2667 20 2.4 -448 184
2701 20 2.4 -488 208
2736 20 2.4 -668 358
2771 20 2.4 -456 146
2807 20 2.4 -504 184
2843 20 2.4 -496 170
2880 20 2.4 -580 298
2917 20 2.4 -500 208
2954 20 2.4 -508 278
2992 20 2.4 -452 202
3031 20 2.4 -476 190
3070 20 2.4 -524 228
3110 20 2.4 -488 202
3150 20 2.4 -488 254
3190 20 2.4 -544 254
3232 20 2.4 -512 226
3273 20 2.4 -452 6
3315 20 2.4 -428 -14
3358 20 2.4 -444 132
3402 20 2.4 -508 88
3445 20 2.4 -528 198
3490 20 2.4 -552 204
3535 20 2.4 -500 208
3580 20 2.4 -544 268
3627 20 2.4 -612 298
3673 20 2.4 -544 250
3721 20 2.4 -572 300
3769 20 2.4 -600 316
3817 20 2.4 -460 4
3867 20 2.4 -440 -180
3916 20 2.4 -476 -114
3967 20 2.4 -364 2
4018 20 2.4 -508 -76
4070 20 2.4 -368 -34
4122 20 2.4 -456 -78
4176 20 2.4 -468 -210
4229 20 2.4 -420 -188
4284 20 2.4 -484 22
4339 20 2.4 -536 262
4395 20 2.4 -432 74
4452 20 2.4 -600 322
4509 20 2.4 -400 -92
4567 20 2.4 -440 64
4626 20 2.4 -480 96
4686 20 2.4 -396 190
4746 20 2.4 -480 150
4808 20 2.4 -552 -172
4870 20 2.4 -460 -138
4932 20 2.4 -468 140
4996 20 2.4 -492 -126
5060 20 2.4 -452 -114
5126 20 2.4 -500 76
5192 20 2.4 -428 -74
5259 20 2.4 -556 -296
5327 20 2.4 -484 -182
5395 20 2.4 -584 -328
5465 20 2.4 -504 -204
5535 20 2.4 -496 -240
5607 20 2.4 -540 -296
5679 20 2.4 -396 -44
5752 20 2.4 -432 2
5826 20 2.4 -492 -230
5902 20 2.4 -624 -338
5978 20 2.4 -484 -178
6055 20 2.4 -468 -130
6133 20 2.4 -444 -102
6212 20 2.4 -392 -126
6292 20 2.4 -408 30
6373 20 2.4 -456 -190
6455 20 2.4 -596 -316
6539 20 2.4 -380 -64
6623 20 2.4 -444 150
6708 20 2.4 -432 92
6795 20 2.4 -472 234
6883 20 2.4 -444 210
6971 20 2.4 -540 210
7061 20 2.4 -536 110
7152 20 2.4 -440 -160
7245 20 2.4 -488 -186
7338 20 2.4 -452 -48
7433 20 2.4 -520 -210
7529 20 2.4 -380 -122
7626 20 2.4 -480 -226
7724 20 2.4 -508 -214
7824 20 2.4 -544 -264
7925 20 2.4 -572 -286
8027 20 2.4 -572 -194
8130 20 2.4 -580 -248
8235 20 2.4 -532 -270
8341 20 2.4 -536 -222
8449 20 2.4 -528 -298
8558 20 2.4 -564 -294
8668 20 2.4 -384 -98
8780 20 2.4 -512 -232
8893 20 2.4 -600 -308
9008 20 2.4 -464 -168
9124 20 2.4 -456 6
9242 20 2.4 -596 -328
9361 20 2.4 -492 -200
9482 20 2.4 -468 -100
9604 20 2.4 -480 -154
9728 20 2.4 -536 -258
9853 20 2.4 -560 -292
9980 20 2.4 -544 -230
10109 20 2.4 -392 80
10240 20 2.4 -464 240
10372 20 2.4 -560 306
10505 20 2.4 -504 290
10641 20 2.4 -564 294
10778 20 2.4 -640 338
10917 20 2.4 -512 270
11058 20 2.4 -552 306
11201 20 2.4 -512 280
11345 20 2.4 -520 252
11491 20 2.4 -408 106
11640 20 2.4 -428 6
11790 20 2.4 -500 78
11942 20 2.4 -500 -266
12096 20 2.4 -492 -190
12252 20 2.4 -520 224
12410 20 2.4 -456 146
12570 20 2.4 -580 310
12732 20 2.4 -532 -76
12896 20 2.4 -472 -160
13062 20 2.4 -552 -232
13231 20 2.4 -568 -278
13402 20 2.4 -464 154
13574 20 2.4 -540 274
13750 20 2.4 -516 208
13927 20 2.4 -516 286
14106 20 2.4 -576 288
14288 20 2.4 -556 298
14473 20 2.4 -500 264
14659 20 2.4 -552 226
14848 20 2.4 -464 218
15040 20 2.4 -460 94
15234 20 2.4 -424 172
15430 20 2.4 -492 166
15629 20 2.4 -476 -244
15831 20 2.4 -548 -300
16035 20 2.4 -528 -132
16242 20 2.4 -484 224
16451 20 2.4 -536 268
16664 20 2.4 -676 -362
16879 20 2.4 -572 -276
17096 20 2.4 -448 -146
17317 20 2.4 -504 -196
17540 20 2.4 -468 80
17766 20 2.4 -608 310
17995 20 2.4 -452 154
18228 20 2.4 -480 144
18463 20 2.4 -532 154
18701 20 2.4 -484 -118
18942 20 2.4 -580 304
19186 20 2.4 -456 -208
19434 20 2.4 -424 126
19684 20 2.4 -556 272
19938 20 2.4 -400 20
20195 20 2.4 -436 -12
20456 20 2.4 -484 -102
20720 20 2.4 -568 270
20987 20 2.4 -516 276
21258 20 2.4 -548 306
21532 20 2.4 -468 18
21810 20 2.4 -540 240
22091 20 2.4 -524 88
22376 20 2.4 -512 152
22664 20 2.4 -556 294
22957 20 2.4 -608 314
23253 20 2.4 -496 200
23553 20 2.4 -468 -52
23856 20 2.4 -596 -316
24164 20 2.4 -456 -110
24476 20 2.4 -400 -12
24791 20 2.4 -436 -132
25111 20 2.4 -416 38
25435 20 2.4 -492 108
25763 20 2.4 -496 214
26095 20 2.4 -428 30
26432 20 2.4 -620 -300
26773 20 2.4 -448 128
27118 20 2.4 -536 238
27468 20 2.4 -620 344
27822 20 2.4 -448 194
28181 20 2.4 -468 220
28545 20 2.4 -456 -98
28913 20 2.4 -512 220
29286 20 2.4 -556 264
29663 20 2.4 -576 300
30046 20 2.4 -404 68
30434 20 2.4 -428 -148
30826 20 2.4 -480 158
31224 20 2.4 -588 -288
31626 20 2.4 -444 102
32034 20 2.4 -476 -124
32447 20 2.4 -488 264
32866 20 2.4 -472 236
33290 20 2.4 -544 204
33719 20 2.4 -456 -32
34154 20 2.4 -508 220
34595 20 2.4 -412 -10
35041 20 2.4 -468 204
35493 20 2.4 -548 276
35951 20 2.4 -572 -246
36414 20 2.4 -444 -80
36884 20 2.4 -368 76
37360 20 2.4 -512 230
37841 20 2.4 -448 50
38330 20 2.4 -488 200
38824 20 2.4 -632 -342
39325 20 2.4 -568 -252
39832 20 2.4 -476 -16
40346 20 2.4 -444 0
40866 20 2.4 -588 306
41393 20 2.4 -496 -90
41927 20 2.4 -504 -180
42468 20 2.4 -420 -172
43015 20 2.4 -448 88
43570 20 2.4 -436 202
44132 20 2.4 -464 -238
44701 20 2.4 -420 -86
45278 20 2.4 -468 8
45862 20 2.4 -464 170
46453 20 2.4 -500 -142
47053 20 2.4 -548 302
47660 20 2.4 -376 -54
48274 20 2.4 -544 -252
48897 20 2.4 -540 -248
49528 20 2.4 -524 280
50166 20 2.4 -512 -170
50813 20 2.4 -468 -140
51469 20 2.4 -608 -324
52133 20 2.4 -488 102
52805 20 2.4 -604 -324
53486 20 2.4 -496 150
54176 20 2.4 -492 -126
54875 20 2.4 -576 294
55582 20 2.4 -484 -156
56299 20 2.4 -472 -276
57025 20 2.4 -468 90
57761 20 2.4 -476 112
58506 20 2.4 -472 -80
59261 20 2.4 -504 -260
60025 20 2.4 -404 -52
60799 20 2.4 -532 -124
61583 20 2.4 -520 280
62378 20 2.4 -412 148
63182 20 2.4 -452 -222
63997 20 2.4 -532 250
64822 20 2.4 -444 -182
65658 20 2.4 -548 -182
66505 20 2.4 -524 -270
67363 20 2.4 -548 -246
68232 20 2.4 -512 242
69112 20 2.4 -580 292
70003 20 2.4 -508 108
70906 20 2.4 -544 -138
71821 20 2.4 -416 -26
72747 20 2.4 -468 -72
73685 20 2.4 -576 324
74636 20 2.4 -496 -230
75599 20 2.4 -444 2
76574 20 2.4 -432 90
77561 20 2.4 -436 44
78562 20 2.4 -492 -24
79575 20 2.4 -484 18
80601 20 2.4 -492 210
81641 20 2.4 -556 244
82694 20 2.4 -540 -270
83760 20 2.4 -496 256
84841 20 2.4 -460 186
85935 20 2.4 -512 202
87043 20 2.4 -476 186
88166 20 2.4 -500 250
89303 20 2.4 -464 90
90455 20 2.4 -400 -18
91622 20 2.4 -544 266
92803 20 2.4 -424 -76
94000 20 2.4 -452 110
95213 20 2.4 -404 114
96441 20 2.4 -492 -216
97685 20 2.4 -468 -88
98945 20 2.4 -428 -96
100221 20 2.4 -480 -176
101513 20 2.4 -424 74
102823 20 2.4 -516 238
104149 20 2.4 -448 108
105492 20 2.4 -488 -180
106853 20 2.4 -504 214
108231 20 2.4 -448 84
109627 20 2.4 -512 280
111041 20 2.4 -372 146
112473 20 2.4 -512 54
113924 20 2.4 -512 222
115393 20 2.4 -540 210
116882 20 2.4 -368 152
118389 20 2.4 -480 50
119916 20 2.4 -456 -158
121463 20 2.4 -432 -256
123029 20 2.4 -500 -282
124616 20 2.4 -432 -222
126224 20 2.4 -488 240
127852 20 2.4 -488 -16
129501 20 2.4 -412 -116
131171 20 2.4 -492 242
132863 20 2.4 -460 -156
134576 20 2.4 -560 310
136312 20 2.4 -488 192
138070 20 2.4 -436 42
139851 20 2.4 -524 64
141655 20 2.4 -568 -196
143482 20 2.4 -464 -10
145333 20 2.4 -472 -180
147207 20 2.4 -444 -182
149106 20 2.4 -504 278
151029 20 2.4 -448 -110
152977 20 2.4 -440 -50
154950 20 2.4 -384 -134
156948 20 2.4 -488 -90
158973 20 2.4 -364 0
161023 20 2.4 -388 -90
163100 20 2.4 -444 118
165204 20 2.4 -400 200
167334 20 2.4 -392 32
169493 20 2.4 -468 -50
171679 20 2.4 -568 -222
173893 20 2.4 -544 -162
176136 20 2.4 -492 -210
178408 20 2.4 -396 156
180709 20 2.4 -488 -230
183040 20 2.4 -480 228
185400 20 2.4 -516 216
187792 20 2.4 -400 20
190214 20 2.4 -472 -222
192667 20 2.4 -508 24
195152 20 2.4 -620 334
197669 20 2.4 -464 -160
200219 20 2.4 -492 -162
202801 20 2.4 -492 -38
205417 20 2.4 -400 140
208066 20 2.4 -500 -250
210750 20 2.4 -468 158
213468 20 2.4 -440 -164
216222 20 2.4 -500 236
219010 20 2.4 -408 -98
221835 20 2.4 -624 324
224696 20 2.4 -460 -18
227595 20 2.4 -528 -286
230530 20 2.4 -600 -304
233503 20 2.4 -532 152
236515 20 2.4 -456 80
239566 20 2.4 -460 -198
242656 20 2.4 -500 -236
245785 20 2.4 -524 274
248956 20 2.4 -608 -316
252167 20 2.4 -420 24
255419 20 2.4 -504 272
258713 20 2.4 -520 230
262050 20 2.4 -428 -72
265430 20 2.4 -516 -22
268854 20 2.4 -540 240
272321 20 2.4 -508 262
275834 20 2.4 -460 254
279391 20 2.4 -524 -274
282995 20 2.4 -532 260
286645 20 2.4 -484 -104
290342 20 2.4 -580 334
294087 20 2.4 -428 -124
297880 20 2.4 -452 -202
301722 20 2.4 -524 276
305614 20 2.4 -436 140
309556 20 2.4 -576 294
313548 20 2.4 -652 -336
317592 20 2.4 -600 326
321689 20 2.4 -516 274
325838 20 2.4 -492 -264
330040 20 2.4 -452 40
334297 20 2.4 -544 278
338609 20 2.4 -524 -180
342976 20 2.4 -440 -24
347400 20 2.4 -592 294
351881 20 2.4 -504 218
356419 20 2.4 -368 76
361016 20 2.4 -444 -214
365673 20 2.4 -432 126
370389 20 2.4 -512 -276
375167 20 2.4 -552 276
380005 20 2.4 -472 -132
384907 20 2.4 -584 316
389871 20 2.4 -440 218
394900 20 2.4 -572 -292
399993 20 2.4 -456 178
405152 20 2.4 -544 -244
410378 20 2.4 -488 66
415671 20 2.4 -532 -180
421032 20 2.4 -564 -320
426463 20 2.4 -508 -250
431963 20 2.4 -492 -88
437535 20 2.4 -516 -60
443178 20 2.4 -448 -134
448894 20 2.4 -500 -220
454684 20 2.4 -532 230
460548 20 2.4 -456 -88
466489 20 2.4 -556 -276
472505 20 2.4 -552 260
478600 20 2.4 -524 -104
484773 20 2.4 -580 -310
491025 20 2.4 -384 -80
497358 20 2.4 -400 0
503773 20 2.4 -600 286
510271 20 2.4 -644 344
516852 20 2.4 -400 104
523519 20 2.4 -520 268
530271 20 2.4 -472 218
537111 20 2.4 -520 202
544038 20 2.4 -472 52
551055 20 2.4 -388 110
558163 20 2.4 -496 -218
565362 20 2.4 -536 -260
572654 20 2.4 -504 -194
580040 20 2.4 -500 284
587521 20 2.4 -608 -316
595099 20 2.4 -440 -188
602775 20 2.4 -492 -140
610549 20 2.4 -524 -276
618424 20 2.4 -528 286
626400 20 2.4 -536 -272
634480 20 2.4 -456 -50
642663 20 2.4 -448 56
650952 20 2.4 -432 146
659348 20 2.4 -528 -286
667853 20 2.4 -472 -258
676467 20 2.4 -576 -290
685192 20 2.4 -480 218
694029 20 2.4 -444 16
702981 20 2.4 -416 -68
712048 20 2.4 -524 -238
721232 20 2.4 -492 190
730534 20 2.4 -516 -196
739957 20 2.4 -572 282
749500 20 2.4 -484 240
759168 20 2.4 -504 258
768959 20 2.4 -476 -140
778877 20 2.4 -448 -188
788923 20 2.4 -524 -244
799099 20 2.4 -480 174
809405 20 2.4 -440 -210
819845 20 2.4 -420 46
830419 20 2.4 -532 234
841130 20 2.4 -552 284
851979 20 2.4 -496 -140
862968 20 2.4 -476 -222
874098 20 2.4 -628 -292
885373 20 2.4 -472 -68
896792 20 2.4 -608 314
908359 20 2.4 -516 -244
920075 20 2.4 -388 0
931942 20 2.4 -532 -202
943962 20 2.4 -468 14
956137 20 2.4 -504 -258
968470 20 2.4 -408 -146
980961 20 2.4 -588 312
993613 20 2.4 -420 -36
999999 20 2.4 -500 290
