3 140 2.4 -31824 17112
4 140 2.4 -30680 16598
5 140 2.4 -29748 16168
6 140 2.4 -29616 16024
7 140 2.4 -28936 15656
8 140 2.4 -28572 15506
9 140 2.4 -28716 15476
10 140 2.4 -28588 15342
11 140 2.4 -28148 15146
12 140 2.4 -27728 14928
13 140 2.4 -28056 15010
14 140 2.4 -27576 14736
15 140 2.4 -27304 14442
16 140 2.4 -27016 14362
17 140 2.4 -27272 14346
18 140 2.4 -27552 14440
19 140 2.4 -27008 14180
20 140 2.4 -26816 13950
21 140 2.4 -27012 13860
22 140 2.4 -26692 13646
23 140 2.4 -26528 13444
24 140 2.4 -26784 13442
25 140 2.4 -26732 13436
26 140 2.4 -26524 13202
27 140 2.4 -26188 12932
28 140 2.4 -26000 12772
29 140 2.4 -25756 12624
30 140 2.4 -25776 12328
31 140 2.4 -26032 12468
32 140 2.4 -25856 12154
33 140 2.4 -25836 12236
34 140 2.4 -25736 12196
35 140 2.4 -25540 12008
36 140 2.4 -25568 12120
37 140 2.4 -25972 12330
38 140 2.4 -25732 12292
39 140 2.4 -25768 12256
40 140 2.4 -25548 12276
41 140 2.4 -25424 12300
42 140 2.4 -25748 12324
43 140 2.4 -25384 12238
44 140 2.4 -25404 12202
45 140 2.4 -25676 12178
46 140 2.4 -25452 12040
47 140 2.4 -25732 12108
48 140 2.4 -25448 11938
49 140 2.4 -25340 11710
50 140 2.4 -25648 11792
51 140 2.4 -25416 11660
52 140 2.4 -25620 11812
53 140 2.4 -25660 11684
54 140 2.4 -25664 11520
55 140 2.4 -25792 11430
56 140 2.4 -25824 11516
57 140 2.4 -25516 11538
58 140 2.4 -25544 11416
59 140 2.4 -25308 11296
60 140 2.4 -25464 11352
61 140 2.4 -25256 11304
62 140 2.4 -25252 11286
63 140 2.4 -25172 11316
64 140 2.4 -25324 11352
65 140 2.4 -25208 11224
66 140 2.4 -25080 10938
67 140 2.4 -24920 10728
68 140 2.4 -25072 10604
69 140 2.4 -25608 10812
70 140 2.4 -25540 10824
71 140 2.4 -25436 10810
72 140 2.4 -25356 10894
73 140 2.4 -24992 10670
74 140 2.4 -24836 10644
75 140 2.4 -24888 10684
76 140 2.4 -24568 10466
77 140 2.4 -24356 10312
78 140 2.4 -24780 10208
79 140 2.4 -24476 10020
80 140 2.4 -24744 9958
81 140 2.4 -24552 9912
82 140 2.4 -24096 9552
83 140 2.4 -24444 9688
84 140 2.4 -24232 9436
85 140 2.4 -24152 9500
86 140 2.4 -24060 9262
88 140 2.4 -23784 8890
89 140 2.4 -24152 9190
90 140 2.4 -23736 8974
91 140 2.4 -23832 9164
92 140 2.4 -23828 9206
93 140 2.4 -24180 9266
95 140 2.4 -24280 9056
96 140 2.4 -24052 8794
97 140 2.4 -24064 8740
98 140 2.4 -23900 8650
99 140 2.4 -23728 8542
101 140 2.4 -23252 8442
102 140 2.4 -23540 8336
103 140 2.4 -23788 8342
105 140 2.4 -23584 8080
106 140 2.4 -23900 8214
107 140 2.4 -23644 8072
109 140 2.4 -23832 8098
110 140 2.4 -23876 7952
112 140 2.4 -23884 8098
113 140 2.4 -24088 8096
114 140 2.4 -24092 8210
116 140 2.4 -23416 7928
117 140 2.4 -24164 8128
119 140 2.4 -23792 8006
120 140 2.4 -23752 7888
122 140 2.4 -23556 7732
124 140 2.4 -23860 8086
125 140 2.4 -23840 7954
127 140 2.4 -24068 7740
128 140 2.4 -23932 7772
130 140 2.4 -24040 7552
132 140 2.4 -23656 7048
133 140 2.4 -23428 7136
135 140 2.4 -23668 7208
137 140 2.4 -23908 7650
139 140 2.4 -24188 7606
140 140 2.4 -23632 7438
142 140 2.4 -24028 7122
144 140 2.4 -24504 7408
146 140 2.4 -24108 7276
148 140 2.4 -23944 7318
150 140 2.4 -23748 7206
152 140 2.4 -24208 7250
154 140 2.4 -23688 7202
155 140 2.4 -23540 6948
157 140 2.4 -23976 7144
160 140 2.4 -23956 7244
162 140 2.4 -23972 6990
164 140 2.4 -24128 6662
166 140 2.4 -24060 6468
168 140 2.4 -24312 6458
170 140 2.4 -24168 6264
172 140 2.4 -23972 6326
174 140 2.4 -24052 6306
177 140 2.4 -23988 6338
179 140 2.4 -24124 6666
181 140 2.4 -24516 6426
184 140 2.4 -23580 5882
186 140 2.4 -23772 5942
188 140 2.4 -24168 5922
191 140 2.4 -24164 6018
193 140 2.4 -23780 6390
196 140 2.4 -24248 6520
198 140 2.4 -24452 6570
201 140 2.4 -24136 6438
203 140 2.4 -24076 6410
206 140 2.4 -23736 6098
209 140 2.4 -23820 5802
211 140 2.4 -23680 5846
214 140 2.4 -24096 6384
217 140 2.4 -23604 6218
220 140 2.4 -23928 6500
222 140 2.4 -23836 6574
225 140 2.4 -23452 6746
228 140 2.4 -23584 6878
231 140 2.4 -23520 6788
234 140 2.4 -24016 7210
237 140 2.4 -24392 7366
240 140 2.4 -24144 7114
243 140 2.4 -23820 6564
246 140 2.4 -23920 6428
250 140 2.4 -23692 6212
253 140 2.4 -24040 6256
256 140 2.4 -24156 6040
259 140 2.4 -24716 6090
263 140 2.4 -24352 5544
266 140 2.4 -23648 5412
269 140 2.4 -24068 5298
273 140 2.4 -23672 4870
276 140 2.4 -24284 5288
280 140 2.4 -23864 5150
284 140 2.4 -23376 5202
287 140 2.4 -23988 4944
291 140 2.4 -23812 5218
295 140 2.4 -23416 5340
298 140 2.4 -23460 5280
302 140 2.4 -23224 5042
306 140 2.4 -22880 5008
310 140 2.4 -22960 4700
314 140 2.4 -22980 4576
318 140 2.4 -23164 4628
322 140 2.4 -23568 4074
326 140 2.4 -23724 4156
331 140 2.4 -23700 4174
335 140 2.4 -24528 4426
339 140 2.4 -23884 4196
344 140 2.4 -23756 4366
348 140 2.4 -23376 4676
352 140 2.4 -23512 4862
357 140 2.4 -23200 4550
362 140 2.4 -23812 4374
366 140 2.4 -23812 4812
371 140 2.4 -23856 4766
376 140 2.4 -23572 4916
381 140 2.4 -24092 4834
385 140 2.4 -23964 4516
390 140 2.4 -24076 4314
395 140 2.4 -23712 4050
401 140 2.4 -23680 3714
406 140 2.4 -23788 3890
411 140 2.4 -23860 3600
416 140 2.4 -23972 3824
422 140 2.4 -23880 3062
427 140 2.4 -24028 3622
433 140 2.4 -23772 3420
438 140 2.4 -24112 3386
444 140 2.4 -23944 3524
449 140 2.4 -24044 3394
455 140 2.4 -23884 3702
461 140 2.4 -23208 3756
467 140 2.4 -23400 3578
473 140 2.4 -23436 3430
479 140 2.4 -22980 3530
485 140 2.4 -22780 3424
492 140 2.4 -23024 3362
498 140 2.4 -23300 3108
504 140 2.4 -23960 3172
511 140 2.4 -23488 3774
517 140 2.4 -23508 2986
524 140 2.4 -23444 3284
531 140 2.4 -23936 3350
538 140 2.4 -23536 3226
545 140 2.4 -23416 3568
552 140 2.4 -23512 3478
559 140 2.4 -23488 3876
566 140 2.4 -23268 3898
573 140 2.4 -23320 4126
581 140 2.4 -23516 3950
588 140 2.4 -23608 4232
596 140 2.4 -23280 3892
603 140 2.4 -23544 3984
611 140 2.4 -23776 3834
619 140 2.4 -23668 3562
627 140 2.4 -23320 3550
635 140 2.4 -23564 2956
643 140 2.4 -23052 2232
652 140 2.4 -23472 2160
660 140 2.4 -23136 2276
668 140 2.4 -22976 2160
677 140 2.4 -23548 2498
686 140 2.4 -23888 2672
695 140 2.4 -24080 2568
704 140 2.4 -23656 2828
713 140 2.4 -24200 2914
722 140 2.4 -23992 3528
731 140 2.4 -23816 3810
741 140 2.4 -23968 3884
750 140 2.4 -23460 3722
760 140 2.4 -23384 3970
770 140 2.4 -23656 3914
780 140 2.4 -23504 4470
790 140 2.4 -23636 3258
800 140 2.4 -23244 3892
810 140 2.4 -23552 3498
821 140 2.4 -23128 2620
831 140 2.4 -23444 2634
842 140 2.4 -22840 2306
853 140 2.4 -23028 2646
864 140 2.4 -23760 2434
875 140 2.4 -24264 1932
886 140 2.4 -23560 1770
897 140 2.4 -23844 1714
909 140 2.4 -24112 1096
921 140 2.4 -23404 1788
933 140 2.4 -22972 1670
945 140 2.4 -23352 1044
957 140 2.4 -23704 1668
969 140 2.4 -23932 2100
982 140 2.4 -23592 1760
994 140 2.4 -23804 1490
1007 140 2.4 -23564 1544
1020 140 2.4 -23620 1770
1033 140 2.4 -23516 1354
1047 140 2.4 -23996 948
1060 140 2.4 -23440 1004
1074 140 2.4 -23480 -18
1088 140 2.4 -23840 582
1102 140 2.4 -22996 180
1116 140 2.4 -23032 72
1130 140 2.4 -23424 526
1145 140 2.4 -23708 314
1160 140 2.4 -23544 1076
1174 140 2.4 -23232 262
1190 140 2.4 -23240 -292
1205 140 2.4 -23144 -750
1220 140 2.4 -23600 -1020
1236 140 2.4 -23712 -1726
1252 140 2.4 -23228 -262
1268 140 2.4 -23064 -602
1285 140 2.4 -23232 -346
1301 140 2.4 -23936 -1014
1318 140 2.4 -23520 -1394
1335 140 2.4 -24456 -1944
1352 140 2.4 -23976 -2320
1370 140 2.4 -23936 -1998
1387 140 2.4 -23352 -1816
1405 140 2.4 -23712 -1154
1423 140 2.4 -23792 -980
1442 140 2.4 -23656 -668
1460 140 2.4 -23504 -786
1479 140 2.4 -23836 -660
1498 140 2.4 -23408 -566
1517 140 2.4 -23236 -782
1537 140 2.4 -24124 -1766
1557 140 2.4 -23956 -1156
1577 140 2.4 -23788 -100
1597 140 2.4 -24256 1180
1618 140 2.4 -23720 1418
1639 140 2.4 -24024 2006
1660 140 2.4 -23988 1692
1681 140 2.4 -23968 948
1703 140 2.4 -23972 412
1725 140 2.4 -23596 692
1747 140 2.4 -23480 834
1770 140 2.4 -23508 1006
1792 140 2.4 -23316 910
1816 140 2.4 -23524 358
1839 140 2.4 -23932 790
1863 140 2.4 -23924 330
1887 140 2.4 -23268 -292
1911 140 2.4 -23556 -60
1936 140 2.4 -23592 -934
1961 140 2.4 -23492 -1138
1986 140 2.4 -23292 -1026
2012 140 2.4 -23584 -1314
2037 140 2.4 -23268 -838
2064 140 2.4 -23740 -1422
2090 140 2.4 -23724 -2280
2117 140 2.4 -24096 -2196
2145 140 2.4 -23508 -1500
2172 140 2.4 -24100 -1548
2200 140 2.4 -24028 -1414
2229 140 2.4 -23704 -1080
2257 140 2.4 -24180 -52
2286 140 2.4 -23792 162
2316 140 2.4 -23904 -94
2346 140 2.4 -23260 480
2376 140 2.4 -23432 -744
2407 140 2.4 -23776 -1010
2438 140 2.4 -23928 110
2469 140 2.4 -24020 316
2501 140 2.4 -23540 276
2533 140 2.4 -23756 298
2566 140 2.4 -23428 -16
2599 140 2.4 -23424 0
2633 140 2.4 -23700 -48
2667 140 2.4 -23520 -218
2701 140 2.4 -23976 -42
2736 140 2.4 -23200 -308
2771 140 2.4 -23400 -366
2807 140 2.4 -23732 -1236
2843 140 2.4 -23364 -1088
2880 140 2.4 -23584 -336
2917 140 2.4 -23980 -338
2954 140 2.4 -24092 -754
2992 140 2.4 -23976 -278
3031 140 2.4 -24016 494
3070 140 2.4 -23524 112
3110 140 2.4 -23304 1446
3150 140 2.4 -23824 244
3190 140 2.4 -23292 192
3232 140 2.4 -23388 -54
3273 140 2.4 -23784 862
3315 140 2.4 -23676 -928
3358 140 2.4 -23516 -1596
3402 140 2.4 -23616 346
3445 140 2.4 -23916 -156
3490 140 2.4 -23528 -248
3535 140 2.4 -23568 -152
3580 140 2.4 -23528 -1046
3627 140 2.4 -23352 -718
3673 140 2.4 -23716 -1604
3721 140 2.4 -23296 -1760
3769 140 2.4 -23916 -1194
3817 140 2.4 -23468 -1152
3867 140 2.4 -23632 -98
3916 140 2.4 -23700 496
3967 140 2.4 -23480 508
4018 140 2.4 -23564 1286
4070 140 2.4 -24020 272
4122 140 2.4 -23192 108
4176 140 2.4 -23952 494
4229 140 2.4 -23860 1316
4284 140 2.4 -23536 -108
4339 140 2.4 -23972 28
4395 140 2.4 -24248 504
4452 140 2.4 -23640 1262
4509 140 2.4 -23752 1834
4567 140 2.4 -23096 780
4626 140 2.4 -23936 1216
4686 140 2.4 -23448 2286
4746 140 2.4 -23420 1256
4808 140 2.4 -23064 172
4870 140 2.4 -23184 216
4932 140 2.4 -23156 -1794
4996 140 2.4 -23952 -1560
5060 140 2.4 -23884 648
5126 140 2.4 -23052 1972
5192 140 2.4 -23816 1166
5259 140 2.4 -23740 1310
5327 140 2.4 -23976 2510
5395 140 2.4 -23596 3330
5465 140 2.4 -24164 3072
5535 140 2.4 -23348 1760
5607 140 2.4 -23904 2322
5679 140 2.4 -23812 2068
5752 140 2.4 -23412 2048
5826 140 2.4 -24028 1286
5902 140 2.4 -23520 -354
5978 140 2.4 -22904 -2
6055 140 2.4 -24940 -406
6133 140 2.4 -24180 -586
6212 140 2.4 -23288 -1306
6292 140 2.4 -23912 -1684
6373 140 2.4 -23672 -1368
6455 140 2.4 -23132 -702
6539 140 2.4 -23628 2168
6623 140 2.4 -23776 2508
6708 140 2.4 -23988 3428
6795 140 2.4 -23808 3058
6883 140 2.4 -23628 2400
6971 140 2.4 -23592 306
7061 140 2.4 -24024 -334
7152 140 2.4 -23284 172
7245 140 2.4 -23696 -808
7338 140 2.4 -23820 88
7433 140 2.4 -23960 176
7529 140 2.4 -23556 1544
7626 140 2.4 -23756 1870
7724 140 2.4 -23344 1364
7824 140 2.4 -23432 674
7925 140 2.4 -24152 362
8027 140 2.4 -23004 -690
8130 140 2.4 -23480 -1866
8235 140 2.4 -22804 610
8341 140 2.4 -24732 -1568
8449 140 2.4 -24464 -840
8558 140 2.4 -23700 -312
8668 140 2.4 -23328 10
8780 140 2.4 -23464 -562
8893 140 2.4 -22624 -724
9008 140 2.4 -23736 -470
9124 140 2.4 -23600 -798
9242 140 2.4 -23884 2670
9361 140 2.4 -23896 2838
9482 140 2.4 -24000 2992
9604 140 2.4 -23960 2774
9728 140 2.4 -23556 2874
9853 140 2.4 -23404 956
9980 140 2.4 -23684 1352
10109 140 2.4 -23516 1028
10240 140 2.4 -23516 1704
10372 140 2.4 -23468 2040
10505 140 2.4 -23300 -274
10641 140 2.4 -23140 1860
10778 140 2.4 -23452 1252
10917 140 2.4 -23456 1202
11058 140 2.4 -23152 2248
11201 140 2.4 -23884 -914
11345 140 2.4 -23452 -670
11491 140 2.4 -22512 712
11640 140 2.4 -23104 -216
11790 140 2.4 -22424 -26
11942 140 2.4 -23684 132
12096 140 2.4 -24008 1146
12252 140 2.4 -23756 914
12410 140 2.4 -23656 -2178
12570 140 2.4 -24024 -830
12732 140 2.4 -23948 -706
12896 140 2.4 -23944 -774
13062 140 2.4 -23812 -2164
13231 140 2.4 -23752 -3360
13402 140 2.4 -23524 -2360
13574 140 2.4 -23888 1880
13750 140 2.4 -24044 864
13927 140 2.4 -23704 -238
14106 140 2.4 -23152 2112
14288 140 2.4 -23160 2436
14473 140 2.4 -24388 3892
14659 140 2.4 -24032 2296
14848 140 2.4 -23796 2294
15040 140 2.4 -23140 -308
15234 140 2.4 -24180 -24
15430 140 2.4 -23828 1432
15629 140 2.4 -23524 -242
15831 140 2.4 -23124 -1264
16035 140 2.4 -23836 -1500
16242 140 2.4 -23548 718
16451 140 2.4 -23828 1178
16664 140 2.4 -23604 3084
16879 140 2.4 -23472 446
17096 140 2.4 -23632 1912
17317 140 2.4 -23788 1328
17540 140 2.4 -23768 2686
17766 140 2.4 -24504 2916
17995 140 2.4 -23288 708
18228 140 2.4 -23520 -650
18463 140 2.4 -22852 982
18701 140 2.4 -23916 2368
18942 140 2.4 -24252 216
19186 140 2.4 -23332 -1070
19434 140 2.4 -23972 -740
19684 140 2.4 -24188 -1776
19938 140 2.4 -23388 -98
20195 140 2.4 -23168 -2248
20456 140 2.4 -24384 -444
20720 140 2.4 -23564 -1196
20987 140 2.4 -23520 -694
21258 140 2.4 -23352 1238
21532 140 2.4 -23468 -456
21810 140 2.4 -23876 -1804
22091 140 2.4 -23764 276
22376 140 2.4 -23216 -222
22664 140 2.4 -23120 -1002
22957 140 2.4 -23324 778
23253 140 2.4 -23336 2474
23553 140 2.4 -23940 2934
23856 140 2.4 -23636 2466
24164 140 2.4 -23420 3936
24476 140 2.4 -24348 1478
24791 140 2.4 -24344 2976
25111 140 2.4 -23152 3206
25435 140 2.4 -23696 3622
25763 140 2.4 -23620 1102
26095 140 2.4 -23020 -600
26432 140 2.4 -23696 -884
26773 140 2.4 -23376 532
27118 140 2.4 -23708 -878
27468 140 2.4 -22840 -374
27822 140 2.4 -23272 498
28181 140 2.4 -24208 -308
28545 140 2.4 -23508 -2422
28913 140 2.4 -24084 -362
29286 140 2.4 -23924 -2988
29663 140 2.4 -23888 1180
30046 140 2.4 -23140 600
30434 140 2.4 -23972 1074
30826 140 2.4 -23632 704
31224 140 2.4 -23948 2310
31626 140 2.4 -23612 4470
32034 140 2.4 -24008 1258
32447 140 2.4 -23560 36
32866 140 2.4 -23768 -1492
33290 140 2.4 -23372 -1214
33719 140 2.4 -23548 -352
34154 140 2.4 -23764 1698
34595 140 2.4 -23748 182
35041 140 2.4 -23744 4336
35493 140 2.4 -23716 3378
35951 140 2.4 -23356 414
36414 140 2.4 -23948 3884
36884 140 2.4 -23060 1462
37360 140 2.4 -23324 24
37841 140 2.4 -23356 -286
38330 140 2.4 -23288 -1044
38824 140 2.4 -23608 -2846
39325 140 2.4 -23220 -572
39832 140 2.4 -23500 -1066
40346 140 2.4 -23476 584
40866 140 2.4 -23888 2724
41393 140 2.4 -23384 966
41927 140 2.4 -23064 626
42468 140 2.4 -23576 736
43015 140 2.4 -23360 2128
43570 140 2.4 -23824 -1598
44132 140 2.4 -23760 -2574
44701 140 2.4 -23664 -378
45278 140 2.4 -24184 -2972
45862 140 2.4 -23744 -322
46453 140 2.4 -23620 -98
47053 140 2.4 -23176 1526
47660 140 2.4 -23456 -2474
48274 140 2.4 -23332 1634
48897 140 2.4 -24488 1102
49528 140 2.4 -23888 2632
50166 140 2.4 -23676 -1206
50813 140 2.4 -23632 280
51469 140 2.4 -23604 -3992
52133 140 2.4 -23564 -198
52805 140 2.4 -23724 -1144
53486 140 2.4 -23568 -1464
54176 140 2.4 -23204 214
54875 140 2.4 -24008 4486
55582 140 2.4 -23476 1248
56299 140 2.4 -22896 -864
57025 140 2.4 -23604 1158
57761 140 2.4 -23456 2210
58506 140 2.4 -23340 1402
59261 140 2.4 -23364 -2924
60025 140 2.4 -24280 414
60799 140 2.4 -23976 1342
61583 140 2.4 -23676 696
62378 140 2.4 -22884 -1662
63182 140 2.4 -23040 -2862
63997 140 2.4 -23436 3184
64822 140 2.4 -23068 254
65658 140 2.4 -23176 3048
66505 140 2.4 -24116 -642
67363 140 2.4 -24076 3516
68232 140 2.4 -23744 -140
69112 140 2.4 -23388 658
70003 140 2.4 -23476 -1716
70906 140 2.4 -23460 -594
71821 140 2.4 -23752 3492
72747 140 2.4 -23200 3282
73685 140 2.4 -23508 -616
74636 140 2.4 -23652 982
75599 140 2.4 -23720 -574
76574 140 2.4 -23696 -986
77561 140 2.4 -23396 46
78562 140 2.4 -23680 796
79575 140 2.4 -23384 2894
80601 140 2.4 -23344 -442
81641 140 2.4 -23484 -1308
82694 140 2.4 -23692 -4002
83760 140 2.4 -23692 182
84841 140 2.4 -23152 -516
85935 140 2.4 -24032 1422
87043 140 2.4 -23428 -2062
88166 140 2.4 -23024 560
89303 140 2.4 -22764 1014
90455 140 2.4 -23308 1180
91622 140 2.4 -23824 1982
92803 140 2.4 -24352 1004
94000 140 2.4 -22800 -6
95213 140 2.4 -23624 3056
96441 140 2.4 -23716 2456
97685 140 2.4 -23972 -590
98945 140 2.4 -23936 -2332
100221 140 2.4 -23496 160
101513 140 2.4 -23212 -2240
102823 140 2.4 -23412 -260
104149 140 2.4 -23728 886
105492 140 2.4 -22832 266
106853 140 2.4 -23104 -368
108231 140 2.4 -23292 -482
109627 140 2.4 -23608 -908
111041 140 2.4 -23540 1400
112473 140 2.4 -23360 604
113924 140 2.4 -23336 -3026
115393 140 2.4 -24084 -1560
116882 140 2.4 -23764 -2156
118389 140 2.4 -23696 652
119916 140 2.4 -23716 -1840
121463 140 2.4 -23432 1880
123029 140 2.4 -23508 60
124616 140 2.4 -23248 1538
126224 140 2.4 -23244 628
127852 140 2.4 -23228 884
129501 140 2.4 -23112 1054
131171 140 2.4 -22860 748
132863 140 2.4 -23984 1108
134576 140 2.4 -23680 3116
136312 140 2.4 -23592 342
138070 140 2.4 -23328 -2336
139851 140 2.4 -23120 3450
141655 140 2.4 -23356 1130
143482 140 2.4 -24232 1104
145333 140 2.4 -23352 -1014
147207 140 2.4 -24068 776
149106 140 2.4 -23616 2198
151029 140 2.4 -23436 1830
152977 140 2.4 -23968 -3316
154950 140 2.4 -23720 410
156948 140 2.4 -23940 -2932
158973 140 2.4 -22740 1238
161023 140 2.4 -23852 -1910
163100 140 2.4 -23456 3580
165204 140 2.4 -23760 1898
167334 140 2.4 -24368 2548
169493 140 2.4 -22972 1110
171679 140 2.4 -23208 2156
173893 140 2.4 -23708 -668
176136 140 2.4 -23356 -3886
178408 140 2.4 -23272 -98
180709 140 2.4 -23616 -472
183040 140 2.4 -23844 1532
185400 140 2.4 -24132 4532
187792 140 2.4 -23608 -292
190214 140 2.4 -23972 -20
192667 140 2.4 -23260 -1776
195152 140 2.4 -23548 -1474
197669 140 2.4 -24024 -1432
200219 140 2.4 -23928 -1888
202801 140 2.4 -23368 -2370
205417 140 2.4 -23692 -1346
208066 140 2.4 -23900 1444
210750 140 2.4 -23136 248
213468 140 2.4 -23280 14
216222 140 2.4 -23016 -2252
219010 140 2.4 -24000 270
221835 140 2.4 -23564 -768
224696 140 2.4 -23696 -3290
227595 140 2.4 -23388 484
230530 140 2.4 -23704 3206
233503 140 2.4 -23636 -2610
236515 140 2.4 -23080 870
239566 140 2.4 -23564 740
242656 140 2.4 -23496 2170
245785 140 2.4 -23048 -1298
248956 140 2.4 -23844 66
252167 140 2.4 -23160 -686
255419 140 2.4 -24028 638
258713 140 2.4 -24316 1682
262050 140 2.4 -23484 -1278
265430 140 2.4 -23736 -510
268854 140 2.4 -23452 1876
272321 140 2.4 -23456 1610
275834 140 2.4 -23648 1264
279391 140 2.4 -23180 -214
282995 140 2.4 -23536 -386
286645 140 2.4 -24092 3224
290342 140 2.4 -24196 1762
294087 140 2.4 -23852 624
297880 140 2.4 -24008 -1456
301722 140 2.4 -23512 1912
305614 140 2.4 -24440 -22
309556 140 2.4 -23264 460
313548 140 2.4 -23056 618
317592 140 2.4 -23256 -972
321689 140 2.4 -23836 -310
325838 140 2.4 -23900 -1786
330040 140 2.4 -22740 -1292
334297 140 2.4 -24088 44
338609 140 2.4 -23936 558
342976 140 2.4 -23492 -1408
347400 140 2.4 -23392 1596
351881 140 2.4 -23832 -2178
356419 140 2.4 -24656 1290
361016 140 2.4 -22920 -658
365673 140 2.4 -23504 666
370389 140 2.4 -23568 -2
375167 140 2.4 -23524 4026
380005 140 2.4 -23704 -4394
384907 140 2.4 -24104 2184
389871 140 2.4 -23692 1118
394900 140 2.4 -23604 -1000
399993 140 2.4 -23364 -4344
405152 140 2.4 -23856 1808
410378 140 2.4 -23612 -550
415671 140 2.4 -23704 286
421032 140 2.4 -23600 1456
426463 140 2.4 -23860 -2354
431963 140 2.4 -23860 248
437535 140 2.4 -23068 768
443178 140 2.4 -23240 -136
448894 140 2.4 -23940 -42
454684 140 2.4 -24000 -178
460548 140 2.4 -23704 2668
466489 140 2.4 -24144 -1368
472505 140 2.4 -23756 -2580
478600 140 2.4 -23304 -2888
484773 140 2.4 -24148 376
491025 140 2.4 -23720 826
497358 140 2.4 -23336 774
503773 140 2.4 -23680 2884
510271 140 2.4 -23736 2506
516852 140 2.4 -23460 -1270
523519 140 2.4 -23340 796
530271 140 2.4 -23324 250
537111 140 2.4 -23636 -318
544038 140 2.4 -23112 3360
551055 140 2.4 -23728 248
558163 140 2.4 -24064 -1338
565362 140 2.4 -24008 1642
572654 140 2.4 -23392 704
580040 140 2.4 -23348 -2300
587521 140 2.4 -22860 -1442
595099 140 2.4 -23216 368
602775 140 2.4 -23720 -3438
610549 140 2.4 -24020 2126
618424 140 2.4 -23760 1696
626400 140 2.4 -23772 1900
634480 140 2.4 -23752 -294
642663 140 2.4 -23400 2650
650952 140 2.4 -23612 668
659348 140 2.4 -22788 -2498
667853 140 2.4 -22876 1174
676467 140 2.4 -23412 1066
685192 140 2.4 -23536 442
694029 140 2.4 -23076 -798
702981 140 2.4 -23540 -1228
712048 140 2.4 -23648 4228
721232 140 2.4 -24148 -1450
730534 140 2.4 -23100 -300
739957 140 2.4 -23656 -1168
749500 140 2.4 -23504 4734
759168 140 2.4 -23700 -3010
768959 140 2.4 -23712 -1280
778877 140 2.4 -24100 -356
788923 140 2.4 -23344 2242
799099 140 2.4 -23964 690
809405 140 2.4 -24188 1166
819845 140 2.4 -24048 4546
830419 140 2.4 -23828 -1858
841130 140 2.4 -24296 -796
851979 140 2.4 -23636 -952
862968 140 2.4 -23644 798
874098 140 2.4 -23620 -514
885373 140 2.4 -23368 -2036
896792 140 2.4 -23804 1178
908359 140 2.4 -24228 4490
920075 140 2.4 -23684 -1118
931942 140 2.4 -23736 -1732
943962 140 2.4 -23740 1170
956137 140 2.4 -23524 1740
968470 140 2.4 -23640 -1980
980961 140 2.4 -23600 1434
993613 140 2.4 -23212 442
999999 140 2.4 -23460 3188
