3 140 2.2 -33936 17904
4 140 2.2 -33176 17700
5 140 2.2 -32896 17536
6 140 2.2 -32808 17454
7 140 2.2 -32324 17286
8 140 2.2 -32560 17250
9 140 2.2 -32028 17162
10 140 2.2 -31916 17036
11 140 2.2 -31956 16968
12 140 2.2 -31584 16862
13 140 2.2 -31776 16962
14 140 2.2 -31388 16710
15 140 2.2 -31320 16668
16 140 2.2 -31332 16574
17 140 2.2 -31212 16564
18 140 2.2 -31084 16468
19 140 2.2 -30884 16362
20 140 2.2 -31152 16440
21 140 2.2 -31124 16400
22 140 2.2 -30940 16250
23 140 2.2 -31220 16432
24 140 2.2 -31060 16306
25 140 2.2 -31164 16434
26 140 2.2 -31168 16368
27 140 2.2 -30796 16268
28 140 2.2 -30888 16406
29 140 2.2 -30428 16170
30 140 2.2 -30504 16142
31 140 2.2 -30564 16118
32 140 2.2 -30904 16042
33 140 2.2 -31168 16214
34 140 2.2 -30700 16010
35 140 2.2 -31128 16094
36 140 2.2 -30964 16006
37 140 2.2 -30588 15958
38 140 2.2 -30788 15948
39 140 2.2 -30928 16082
40 140 2.2 -30556 15764
41 140 2.2 -30004 15464
42 140 2.2 -30088 15460
43 140 2.2 -30180 15438
44 140 2.2 -30436 15550
45 140 2.2 -30248 15486
46 140 2.2 -29956 15368
47 140 2.2 -30136 15440
48 140 2.2 -30180 15600
49 140 2.2 -30404 15672
50 140 2.2 -30132 15520
51 140 2.2 -30032 15412
52 140 2.2 -30416 15444
53 140 2.2 -30188 15442
54 140 2.2 -30288 15460
55 140 2.2 -30556 15718
56 140 2.2 -30336 15624
57 140 2.2 -30180 15636
58 140 2.2 -30780 15910
59 140 2.2 -30504 15842
60 140 2.2 -30656 15848
61 140 2.2 -30588 15958
62 140 2.2 -30516 15756
63 140 2.2 -30428 15706
64 140 2.2 -30568 15682
65 140 2.2 -30192 15610
66 140 2.2 -30144 15606
67 140 2.2 -30296 15606
68 140 2.2 -30296 15526
69 140 2.2 -30392 15578
70 140 2.2 -30496 15652
71 140 2.2 -30404 15640
72 140 2.2 -30256 15686
73 140 2.2 -30380 15776
74 140 2.2 -30256 15654
75 140 2.2 -30152 15596
76 140 2.2 -30472 15638
77 140 2.2 -30400 15518
78 140 2.2 -30424 15598
79 140 2.2 -30684 15506
80 140 2.2 -30532 15468
81 140 2.2 -30720 15556
82 140 2.2 -30728 15566
83 140 2.2 -30576 15544
84 140 2.2 -30356 15326
85 140 2.2 -30124 15216
86 140 2.2 -29804 15072
88 140 2.2 -30092 15144
89 140 2.2 -29952 15004
90 140 2.2 -29472 14914
91 140 2.2 -29364 14922
92 140 2.2 -29756 14968
93 140 2.2 -29916 14894
95 140 2.2 -30176 15140
96 140 2.2 -30280 15132
97 140 2.2 -30088 15048
98 140 2.2 -30412 15230
99 140 2.2 -30288 15180
101 140 2.2 -30064 15148
102 140 2.2 -30360 15312
103 140 2.2 -30124 15052
105 140 2.2 -29800 15040
106 140 2.2 -29788 14902
107 140 2.2 -30064 15000
109 140 2.2 -30220 15170
110 140 2.2 -30588 15202
112 140 2.2 -30424 15086
113 140 2.2 -30616 15220
114 140 2.2 -30292 15098
116 140 2.2 -30120 15080
117 140 2.2 -30052 15018
119 140 2.2 -30388 15166
120 140 2.2 -30184 15112
122 140 2.2 -30284 14992
124 140 2.2 -29692 14700
125 140 2.2 -29680 14738
127 140 2.2 -29472 14670
128 140 2.2 -29392 14590
130 140 2.2 -29816 14636
132 140 2.2 -29752 14814
133 140 2.2 -29860 14966
135 140 2.2 -30276 15074
137 140 2.2 -30456 15206
139 140 2.2 -30040 14950
140 140 2.2 -30056 14804
142 140 2.2 -30348 14796
144 140 2.2 -30024 14596
146 140 2.2 -29644 14498
148 140 2.2 -29660 14764
150 140 2.2 -29728 14766
152 140 2.2 -29820 14846
154 140 2.2 -30232 14960
155 140 2.2 -30432 15024
157 140 2.2 -30340 15026
160 140 2.2 -30332 14896
162 140 2.2 -30068 14934
164 140 2.2 -30592 15162
166 140 2.2 -30304 15142
168 140 2.2 -30256 15118
170 140 2.2 -30268 14998
172 140 2.2 -29632 14662
174 140 2.2 -29404 14412
177 140 2.2 -30012 14612
179 140 2.2 -30100 14650
181 140 2.2 -29448 14342
184 140 2.2 -30200 14532
186 140 2.2 -30076 14562
188 140 2.2 -30072 14484
191 140 2.2 -30116 14388
193 140 2.2 -30672 14664
196 140 2.2 -29808 14514
198 140 2.2 -30268 14604
201 140 2.2 -29684 14564
203 140 2.2 -29396 14238
206 140 2.2 -29664 14558
209 140 2.2 -29936 14618
211 140 2.2 -29704 14480
214 140 2.2 -30256 14828
217 140 2.2 -30468 14860
220 140 2.2 -30388 14906
222 140 2.2 -30036 14758
225 140 2.2 -29876 14574
228 140 2.2 -29992 14536
231 140 2.2 -30248 14962
234 140 2.2 -30344 15170
237 140 2.2 -30544 15082
240 140 2.2 -29840 14912
243 140 2.2 -29648 14658
246 140 2.2 -30272 15006
250 140 2.2 -29864 14990
253 140 2.2 -29456 14600
256 140 2.2 -29576 14684
259 140 2.2 -29180 14470
263 140 2.2 -29756 14646
266 140 2.2 -29924 14974
269 140 2.2 -30568 15102
273 140 2.2 -30432 15070
276 140 2.2 -30412 14952
280 140 2.2 -30656 15214
284 140 2.2 -30464 15160
287 140 2.2 -30248 15066
291 140 2.2 -30084 15046
295 140 2.2 -29692 15094
298 140 2.2 -30084 14988
302 140 2.2 -30084 14982
306 140 2.2 -30232 15036
310 140 2.2 -29956 15018
314 140 2.2 -29880 14898
318 140 2.2 -29976 14964
322 140 2.2 -29392 14818
326 140 2.2 -29876 14858
331 140 2.2 -29968 14906
335 140 2.2 -30180 14950
339 140 2.2 -30052 14892
344 140 2.2 -30404 15106
348 140 2.2 -30200 15236
352 140 2.2 -29920 15004
357 140 2.2 -29828 15034
362 140 2.2 -29676 14952
366 140 2.2 -29776 14976
371 140 2.2 -29368 14782
376 140 2.2 -29772 15152
381 140 2.2 -30020 15236
385 140 2.2 -30264 15568
390 140 2.2 -30448 15652
395 140 2.2 -30196 15690
401 140 2.2 -30472 15682
406 140 2.2 -30404 15558
411 140 2.2 -30516 15572
416 140 2.2 -30416 15638
422 140 2.2 -30380 15944
427 140 2.2 -30612 15850
433 140 2.2 -30456 15712
438 140 2.2 -30316 15524
444 140 2.2 -30672 15830
449 140 2.2 -30252 15714
455 140 2.2 -30360 15646
461 140 2.2 -30532 15786
467 140 2.2 -30944 15994
473 140 2.2 -30640 15770
479 140 2.2 -30880 16106
485 140 2.2 -30792 15988
492 140 2.2 -30720 16128
498 140 2.2 -31304 16394
504 140 2.2 -30408 15900
511 140 2.2 -30816 16102
517 140 2.2 -30612 15984
524 140 2.2 -30484 15816
531 140 2.2 -30664 15798
538 140 2.2 -30528 15852
545 140 2.2 -30712 15938
552 140 2.2 -30792 16078
559 140 2.2 -31164 16074
566 140 2.2 -30608 15882
573 140 2.2 -30464 15630
581 140 2.2 -30072 15532
588 140 2.2 -30816 16006
596 140 2.2 -30072 15536
603 140 2.2 -30852 16220
611 140 2.2 -30580 15978
619 140 2.2 -30988 16356
627 140 2.2 -30752 16232
635 140 2.2 -30340 15904
643 140 2.2 -30632 15962
652 140 2.2 -30840 15914
660 140 2.2 -30380 15638
668 140 2.2 -30236 15490
677 140 2.2 -30856 15928
686 140 2.2 -30432 15782
695 140 2.2 -30916 15912
704 140 2.2 -30508 15682
713 140 2.2 -30448 15590
722 140 2.2 -30080 15462
731 140 2.2 -30392 15342
741 140 2.2 -30352 15358
750 140 2.2 -30280 15364
760 140 2.2 -30544 15430
770 140 2.2 -29888 14948
780 140 2.2 -30488 15778
790 140 2.2 -30140 15478
800 140 2.2 -30808 15624
810 140 2.2 -30504 15474
821 140 2.2 -30416 15548
831 140 2.2 -30388 15370
842 140 2.2 -30416 15382
853 140 2.2 -30188 15160
864 140 2.2 -30272 15314
875 140 2.2 -29960 15242
886 140 2.2 -30732 15674
897 140 2.2 -30768 15648
909 140 2.2 -30172 15360
921 140 2.2 -30856 15714
933 140 2.2 -30272 15498
945 140 2.2 -30984 16056
957 140 2.2 -29924 15584
969 140 2.2 -30552 15806
982 140 2.2 -30884 16080
994 140 2.2 -30344 15872
1007 140 2.2 -30660 15840
1020 140 2.2 -30716 15792
1033 140 2.2 -30620 15506
1047 140 2.2 -30532 15756
1060 140 2.2 -29900 15172
1074 140 2.2 -30152 15448
1088 140 2.2 -30732 15740
1102 140 2.2 -30204 15898
1116 140 2.2 -30660 15898
1130 140 2.2 -30300 15438
1145 140 2.2 -30400 15444
1160 140 2.2 -29948 15302
1174 140 2.2 -30356 15516
1190 140 2.2 -30512 15670
1205 140 2.2 -31160 15888
1220 140 2.2 -30360 15556
1236 140 2.2 -31000 15664
1252 140 2.2 -30124 15592
1268 140 2.2 -30884 15956
1285 140 2.2 -30564 15854
1301 140 2.2 -31100 16182
1318 140 2.2 -30804 15940
1335 140 2.2 -30012 15542
1352 140 2.2 -30332 15422
1370 140 2.2 -30372 15406
1387 140 2.2 -29860 15212
1405 140 2.2 -30144 15522
1423 140 2.2 -30164 15588
1442 140 2.2 -30848 16192
1460 140 2.2 -30660 15920
1479 140 2.2 -30408 15400
1498 140 2.2 -29860 14988
1517 140 2.2 -30156 15282
1537 140 2.2 -29624 15416
1557 140 2.2 -30528 15780
1577 140 2.2 -29596 15198
1597 140 2.2 -30012 15344
1618 140 2.2 -30412 15508
1639 140 2.2 -29728 15164
1660 140 2.2 -30216 15414
1681 140 2.2 -29808 14712
1703 140 2.2 -29868 14754
1725 140 2.2 -29844 14890
1747 140 2.2 -30184 15330
1770 140 2.2 -30400 15672
1792 140 2.2 -30224 15454
1816 140 2.2 -29988 15220
1839 140 2.2 -29904 15018
1863 140 2.2 -30432 15108
1887 140 2.2 -30208 15196
1911 140 2.2 -29848 14744
1936 140 2.2 -29940 14638
1961 140 2.2 -29500 14328
1986 140 2.2 -30580 15146
2012 140 2.2 -29944 15064
2037 140 2.2 -30228 15086
2064 140 2.2 -30688 15388
2090 140 2.2 -30556 15462
2117 140 2.2 -29852 15152
2145 140 2.2 -30108 15150
2172 140 2.2 -29980 15170
2200 140 2.2 -29856 15490
2229 140 2.2 -30016 15498
2257 140 2.2 -30892 15890
2286 140 2.2 -30288 15556
2316 140 2.2 -30540 15682
2346 140 2.2 -30388 15844
2376 140 2.2 -30172 15552
2407 140 2.2 -30300 15668
2438 140 2.2 -30184 15340
2469 140 2.2 -30948 15914
2501 140 2.2 -30292 15718
2533 140 2.2 -30608 16006
2566 140 2.2 -29720 15536
2599 140 2.2 -30584 16054
2633 140 2.2 -30712 15868
2667 140 2.2 -29756 14952
2701 140 2.2 -30368 15352
2736 140 2.2 -30316 15668
2771 140 2.2 -30580 15454
2807 140 2.2 -30504 15898
2843 140 2.2 -29956 14950
2880 140 2.2 -30132 14996
2917 140 2.2 -30428 15002
2954 140 2.2 -29996 14878
2992 140 2.2 -30560 15672
3031 140 2.2 -30156 15654
3070 140 2.2 -30196 15568
3110 140 2.2 -30188 15330
3150 140 2.2 -29704 14744
3190 140 2.2 -30032 15028
3232 140 2.2 -30292 15480
3273 140 2.2 -30648 15568
3315 140 2.2 -30172 15292
3358 140 2.2 -29544 14356
3402 140 2.2 -30076 14848
3445 140 2.2 -29804 14444
3490 140 2.2 -29812 14316
3535 140 2.2 -30364 15564
3580 140 2.2 -30388 15542
3627 140 2.2 -30612 15544
3673 140 2.2 -30692 15646
3721 140 2.2 -30536 15702
3769 140 2.2 -30324 15288
3817 140 2.2 -30480 15646
3867 140 2.2 -30136 15394
3916 140 2.2 -30208 15540
3967 140 2.2 -30424 15408
4018 140 2.2 -30124 15092
4070 140 2.2 -30532 15354
4122 140 2.2 -30716 15418
4176 140 2.2 -29976 15168
4229 140 2.2 -30680 15966
4284 140 2.2 -30988 16002
4339 140 2.2 -30240 15354
4395 140 2.2 -30400 15620
4452 140 2.2 -30560 15774
4509 140 2.2 -30192 15510
4567 140 2.2 -30144 15114
4626 140 2.2 -30776 15800
4686 140 2.2 -31016 16184
4746 140 2.2 -30344 15606
4808 140 2.2 -30812 15926
4870 140 2.2 -29924 14982
4932 140 2.2 -30056 15584
4996 140 2.2 -29856 15176
5060 140 2.2 -29744 15140
5126 140 2.2 -30368 15092
5192 140 2.2 -30104 14758
5259 140 2.2 -29676 13816
5327 140 2.2 -30008 15218
5395 140 2.2 -29536 14676
5465 140 2.2 -28956 13924
5535 140 2.2 -30180 14708
5607 140 2.2 -29472 14402
5679 140 2.2 -30212 14762
5752 140 2.2 -30176 15188
5826 140 2.2 -30540 15848
5902 140 2.2 -29884 15406
5978 140 2.2 -30140 15518
6055 140 2.2 -30284 15644
6133 140 2.2 -30256 15326
6212 140 2.2 -30932 16082
6292 140 2.2 -30240 15688
6373 140 2.2 -30040 15504
6455 140 2.2 -30812 15952
6539 140 2.2 -30468 15210
6623 140 2.2 -30512 15614
6708 140 2.2 -30604 15286
6795 140 2.2 -30316 14968
6883 140 2.2 -29792 14808
6971 140 2.2 -30140 15006
7061 140 2.2 -30268 14886
7152 140 2.2 -30624 15694
7245 140 2.2 -30156 15272
7338 140 2.2 -30328 15436
7433 140 2.2 -30376 15424
7529 140 2.2 -30616 15728
7626 140 2.2 -29916 15312
7724 140 2.2 -30316 15752
7824 140 2.2 -30448 15822
7925 140 2.2 -30280 15430
8027 140 2.2 -29748 15292
8130 140 2.2 -30424 15488
8235 140 2.2 -30908 15666
8341 140 2.2 -30264 15416
8449 140 2.2 -30900 15732
8558 140 2.2 -30500 15534
8668 140 2.2 -30164 15488
8780 140 2.2 -30584 15314
8893 140 2.2 -30800 15760
9008 140 2.2 -30528 15582
9124 140 2.2 -30720 15352
9242 140 2.2 -29492 15340
9361 140 2.2 -30100 15302
9482 140 2.2 -30192 14952
9604 140 2.2 -30680 15592
9728 140 2.2 -30344 15388
9853 140 2.2 -29896 15318
9980 140 2.2 -29656 14972
10109 140 2.2 -30316 15332
10240 140 2.2 -30160 15426
10372 140 2.2 -29992 15630
10505 140 2.2 -29844 14980
10641 140 2.2 -30436 15816
10778 140 2.2 -30292 15768
10917 140 2.2 -30184 15408
11058 140 2.2 -29912 15166
11201 140 2.2 -30104 15330
11345 140 2.2 -30304 15306
11491 140 2.2 -29796 14746
11640 140 2.2 -30412 15312
11790 140 2.2 -30160 15524
11942 140 2.2 -30772 15026
12096 140 2.2 -30604 15044
12252 140 2.2 -30564 14964
12410 140 2.2 -30380 15206
12570 140 2.2 -29636 14558
12732 140 2.2 -29988 15080
12896 140 2.2 -30340 15734
13062 140 2.2 -30664 16136
13231 140 2.2 -30156 15336
13402 140 2.2 -30432 15620
13574 140 2.2 -30372 15510
13750 140 2.2 -29920 14944
13927 140 2.2 -30500 15414
14106 140 2.2 -30272 15182
14288 140 2.2 -30620 15526
14473 140 2.2 -30028 15070
14659 140 2.2 -30612 15776
14848 140 2.2 -30128 15082
15040 140 2.2 -29108 14468
15234 140 2.2 -30824 16190
15430 140 2.2 -30072 15056
15629 140 2.2 -29732 15326
15831 140 2.2 -30516 15642
16035 140 2.2 -30344 15344
16242 140 2.2 -30648 15572
16451 140 2.2 -30912 16196
16664 140 2.2 -31084 16316
16879 140 2.2 -30640 15704
17096 140 2.2 -29924 15230
17317 140 2.2 -30212 15140
17540 140 2.2 -30472 15692
17766 140 2.2 -30808 16050
17995 140 2.2 -30416 15676
18228 140 2.2 -30840 16096
18463 140 2.2 -30244 15318
18701 140 2.2 -29788 14400
18942 140 2.2 -30500 15368
19186 140 2.2 -29784 14656
19434 140 2.2 -30484 15532
19684 140 2.2 -30688 15776
19938 140 2.2 -30300 15320
20195 140 2.2 -30280 15250
20456 140 2.2 -30376 15288
20720 140 2.2 -30456 15532
20987 140 2.2 -30096 15326
21258 140 2.2 -30440 15442
21532 140 2.2 -30436 15012
21810 140 2.2 -29776 14412
22091 140 2.2 -30244 15018
22376 140 2.2 -29444 14648
22664 140 2.2 -30452 15592
22957 140 2.2 -30244 15676
23253 140 2.2 -31012 16164
23553 140 2.2 -30548 15548
23856 140 2.2 -30020 15554
24164 140 2.2 -31020 16154
24476 140 2.2 -30592 15814
24791 140 2.2 -30776 15628
25111 140 2.2 -31048 16148
25435 140 2.2 -30304 15604
25763 140 2.2 -30404 15490
26095 140 2.2 -29656 15010
26432 140 2.2 -30112 15262
26773 140 2.2 -29940 15370
27118 140 2.2 -30284 15342
27468 140 2.2 -30140 15360
27822 140 2.2 -30228 15174
28181 140 2.2 -30788 16050
28545 140 2.2 -30676 15730
28913 140 2.2 -29892 14910
29286 140 2.2 -30364 15486
29663 140 2.2 -30436 15792
30046 140 2.2 -30740 16080
30434 140 2.2 -30708 16022
30826 140 2.2 -29952 15008
31224 140 2.2 -29376 14316
31626 140 2.2 -29352 14534
32034 140 2.2 -30744 15888
32447 140 2.2 -30016 14958
32866 140 2.2 -30468 15528
33290 140 2.2 -31108 15676
33719 140 2.2 -30596 15626
34154 140 2.2 -30612 15596
34595 140 2.2 -30356 15758
35041 140 2.2 -30840 15986
35493 140 2.2 -30028 15264
35951 140 2.2 -31364 16492
36414 140 2.2 -30328 15114
36884 140 2.2 -30664 15618
37360 140 2.2 -30456 15526
37841 140 2.2 -30216 14536
38330 140 2.2 -30540 15476
38824 140 2.2 -30236 15458
39325 140 2.2 -30236 15054
39832 140 2.2 -30600 15774
40346 140 2.2 -29908 15138
40866 140 2.2 -29976 15270
41393 140 2.2 -30012 15504
41927 140 2.2 -30136 14900
42468 140 2.2 -29720 15032
43015 140 2.2 -30376 15644
43570 140 2.2 -30096 15574
44132 140 2.2 -30272 15526
44701 140 2.2 -29628 14662
45278 140 2.2 -29868 14974
45862 140 2.2 -30144 15246
46453 140 2.2 -30744 15686
47053 140 2.2 -30408 15642
47660 140 2.2 -29680 15354
48274 140 2.2 -30432 15872
48897 140 2.2 -30196 15326
49528 140 2.2 -30184 15444
50166 140 2.2 -30352 15330
50813 140 2.2 -30580 15684
51469 140 2.2 -30584 15620
52133 140 2.2 -30596 15740
52805 140 2.2 -30596 15616
53486 140 2.2 -30176 15490
54176 140 2.2 -29512 14454
54875 140 2.2 -30368 15700
55582 140 2.2 -30108 14582
56299 140 2.2 -30460 15720
57025 140 2.2 -30804 15726
57761 140 2.2 -30628 15032
58506 140 2.2 -30396 15594
59261 140 2.2 -30008 14884
60025 140 2.2 -30132 15684
60799 140 2.2 -30328 15672
61583 140 2.2 -30516 15970
62378 140 2.2 -29904 15184
63182 140 2.2 -30516 15648
63997 140 2.2 -30652 15886
64822 140 2.2 -30440 15474
65658 140 2.2 -30228 15212
66505 140 2.2 -30356 15156
67363 140 2.2 -30288 15168
68232 140 2.2 -30024 14996
69112 140 2.2 -29692 14804
70003 140 2.2 -30268 14982
70906 140 2.2 -30452 15946
71821 140 2.2 -30652 15708
72747 140 2.2 -30484 15672
73685 140 2.2 -30480 15696
74636 140 2.2 -31060 15894
75599 140 2.2 -30488 15418
76574 140 2.2 -30468 15088
77561 140 2.2 -30128 15706
78562 140 2.2 -30196 15416
79575 140 2.2 -30288 15544
80601 140 2.2 -30912 16168
81641 140 2.2 -29680 14774
82694 140 2.2 -30324 15516
83760 140 2.2 -29816 14526
84841 140 2.2 -30688 15494
85935 140 2.2 -30200 15076
87043 140 2.2 -30056 15468
88166 140 2.2 -30220 15572
89303 140 2.2 -30836 16100
90455 140 2.2 -30724 15804
91622 140 2.2 -29852 14710
92803 140 2.2 -30364 15884
94000 140 2.2 -30012 15030
95213 140 2.2 -29860 15630
96441 140 2.2 -30552 15970
97685 140 2.2 -30972 16068
98945 140 2.2 -30512 15510
100221 140 2.2 -30188 15112
101513 140 2.2 -30892 16076
102823 140 2.2 -29804 14620
104149 140 2.2 -30304 15334
105492 140 2.2 -30512 15560
106853 140 2.2 -30252 15444
108231 140 2.2 -29704 14934
109627 140 2.2 -30760 16098
111041 140 2.2 -29608 14656
112473 140 2.2 -30108 14728
113924 140 2.2 -30524 15322
115393 140 2.2 -30000 15160
116882 140 2.2 -30092 15302
118389 140 2.2 -31256 16194
119916 140 2.2 -30384 15402
121463 140 2.2 -30328 15600
123029 140 2.2 -30040 14734
124616 140 2.2 -30052 15278
126224 140 2.2 -30388 15384
127852 140 2.2 -30400 15852
129501 140 2.2 -30704 15546
131171 140 2.2 -30652 15536
132863 140 2.2 -30452 15496
134576 140 2.2 -31088 15890
136312 140 2.2 -30840 16168
138070 140 2.2 -30812 15722
139851 140 2.2 -30952 15862
141655 140 2.2 -30872 15540
143482 140 2.2 -30188 15312
145333 140 2.2 -29996 15294
147207 140 2.2 -30728 15942
149106 140 2.2 -30864 15372
151029 140 2.2 -30136 15178
152977 140 2.2 -30612 15652
154950 140 2.2 -30220 15304
156948 140 2.2 -29948 15102
158973 140 2.2 -30752 15722
161023 140 2.2 -30516 15764
163100 140 2.2 -30448 15656
165204 140 2.2 -30664 15632
167334 140 2.2 -31024 16250
169493 140 2.2 -30932 15742
171679 140 2.2 -30176 15534
173893 140 2.2 -30292 15100
176136 140 2.2 -31156 16282
178408 140 2.2 -30528 15626
180709 140 2.2 -30784 15866
183040 140 2.2 -29420 14118
185400 140 2.2 -30896 16096
187792 140 2.2 -30604 15652
190214 140 2.2 -29692 14812
192667 140 2.2 -30496 15576
195152 140 2.2 -29736 14750
197669 140 2.2 -30304 15432
200219 140 2.2 -29852 14636
202801 140 2.2 -29552 14888
205417 140 2.2 -30524 15424
208066 140 2.2 -30412 15374
210750 140 2.2 -30216 14816
213468 140 2.2 -30284 15532
216222 140 2.2 -30184 14866
219010 140 2.2 -29920 14390
221835 140 2.2 -30248 15452
224696 140 2.2 -29404 13960
227595 140 2.2 -29792 15202
230530 140 2.2 -30488 15482
233503 140 2.2 -30224 15130
236515 140 2.2 -31000 15838
239566 140 2.2 -29952 15176
242656 140 2.2 -30632 15548
245785 140 2.2 -30080 15346
248956 140 2.2 -30024 14936
252167 140 2.2 -30352 15526
255419 140 2.2 -29692 14952
258713 140 2.2 -30276 15458
262050 140 2.2 -29792 15386
265430 140 2.2 -30168 15060
268854 140 2.2 -30080 15200
272321 140 2.2 -29832 14896
275834 140 2.2 -30120 14812
279391 140 2.2 -30860 15772
282995 140 2.2 -30368 15198
286645 140 2.2 -30228 15148
290342 140 2.2 -30116 15392
294087 140 2.2 -30180 15498
297880 140 2.2 -30212 15280
301722 140 2.2 -29900 15096
305614 140 2.2 -30424 15404
309556 140 2.2 -29920 15298
313548 140 2.2 -30136 15178
317592 140 2.2 -30352 15568
321689 140 2.2 -30200 15612
325838 140 2.2 -30416 14724
330040 140 2.2 -30512 15674
334297 140 2.2 -30628 15316
338609 140 2.2 -30248 15392
342976 140 2.2 -30436 15646
347400 140 2.2 -30080 15506
351881 140 2.2 -30368 15742
356419 140 2.2 -30528 15706
361016 140 2.2 -30804 15796
365673 140 2.2 -29996 14986
370389 140 2.2 -30036 15314
375167 140 2.2 -30420 15632
380005 140 2.2 -30504 15098
384907 140 2.2 -30736 15928
389871 140 2.2 -30164 15402
394900 140 2.2 -30708 15822
399993 140 2.2 -29836 14352
405152 140 2.2 -30524 15818
410378 140 2.2 -30708 15634
415671 140 2.2 -30124 15682
421032 140 2.2 -30612 15086
426463 140 2.2 -29844 15064
431963 140 2.2 -30184 15626
437535 140 2.2 -30932 16006
443178 140 2.2 -30524 15750
448894 140 2.2 -30384 15122
454684 140 2.2 -29924 14672
460548 140 2.2 -30728 16032
466489 140 2.2 -30712 15670
472505 140 2.2 -30004 15556
478600 140 2.2 -30572 15664
484773 140 2.2 -29928 15310
491025 140 2.2 -30276 15118
497358 140 2.2 -30080 15700
503773 140 2.2 -30876 15860
510271 140 2.2 -30404 15618
516852 140 2.2 -30772 16090
523519 140 2.2 -30648 15792
530271 140 2.2 -30656 15692
537111 140 2.2 -30200 15020
544038 140 2.2 -30216 15440
551055 140 2.2 -29848 14748
558163 140 2.2 -29988 15288
565362 140 2.2 -29392 14764
572654 140 2.2 -30912 16158
580040 140 2.2 -30364 15452
587521 140 2.2 -30024 15124
595099 140 2.2 -30260 15578
602775 140 2.2 -30604 15670
610549 140 2.2 -30600 15770
618424 140 2.2 -30564 15776
626400 140 2.2 -30020 14902
634480 140 2.2 -30568 15630
642663 140 2.2 -30308 15548
650952 140 2.2 -29952 15598
659348 140 2.2 -28768 13428
667853 140 2.2 -29696 14638
676467 140 2.2 -30584 15458
685192 140 2.2 -30428 15288
694029 140 2.2 -30344 15702
702981 140 2.2 -30232 15600
712048 140 2.2 -29864 15270
721232 140 2.2 -30020 14820
730534 140 2.2 -30464 15510
739957 140 2.2 -30364 14938
749500 140 2.2 -30620 15248
759168 140 2.2 -30680 15144
768959 140 2.2 -31096 15952
778877 140 2.2 -30280 15308
788923 140 2.2 -30060 14062
799099 140 2.2 -30696 15662
809405 140 2.2 -30244 15656
819845 140 2.2 -29988 15180
830419 140 2.2 -30492 15242
841130 140 2.2 -30788 15930
851979 140 2.2 -29844 15264
862968 140 2.2 -31000 16102
874098 140 2.2 -30196 15536
885373 140 2.2 -30964 16274
896792 140 2.2 -30820 16010
908359 140 2.2 -30536 15568
920075 140 2.2 -30632 15620
931942 140 2.2 -30092 15156
943962 140 2.2 -30324 15276
956137 140 2.2 -30536 15460
968470 140 2.2 -30208 15504
980961 140 2.2 -30560 15726
993613 140 2.2 -30368 15352
999999 140 2.2 -30428 15846
