3 20 2 -696 370
4 20 2 -712 374
5 20 2 -748 386
6 20 2 -736 384
7 20 2 -712 378
8 20 2 -696 370
9 20 2 -700 372
10 20 2 -688 364
11 20 2 -720 376
12 20 2 -756 388
13 20 2 -748 386
14 20 2 -728 380
15 20 2 -704 360
16 20 2 -696 370
17 20 2 -676 360
18 20 2 -700 372
19 20 2 -708 374
20 20 2 -728 380
21 20 2 -728 380
22 20 2 -744 386
23 20 2 -728 380
24 20 2 -748 386
25 20 2 -752 388
26 20 2 -748 384
27 20 2 -732 378
28 20 2 -732 380
29 20 2 -712 378
30 20 2 -676 364
31 20 2 -692 366
32 20 2 -692 368
33 20 2 -676 358
34 20 2 -708 370
35 20 2 -704 370
36 20 2 -676 352
37 20 2 -684 360
38 20 2 -720 378
39 20 2 -728 380
40 20 2 -704 368
41 20 2 -688 364
42 20 2 -700 364
43 20 2 -708 370
44 20 2 -752 386
45 20 2 -756 386
46 20 2 -728 374
47 20 2 -724 378
48 20 2 -728 380
49 20 2 -668 364
50 20 2 -624 348
51 20 2 -688 358
52 20 2 -676 352
53 20 2 -724 366
54 20 2 -676 354
55 20 2 -688 358
56 20 2 -668 354
57 20 2 -676 354
58 20 2 -644 344
59 20 2 -608 320
60 20 2 -644 324
61 20 2 -692 356
62 20 2 -696 364
63 20 2 -704 364
64 20 2 -696 352
65 20 2 -716 374
66 20 2 -712 376
67 20 2 -696 370
68 20 2 -720 376
69 20 2 -704 374
70 20 2 -728 380
71 20 2 -684 370
72 20 2 -684 366
73 20 2 -724 378
74 20 2 -700 372
75 20 2 -716 372
76 20 2 -732 382
77 20 2 -740 384
78 20 2 -696 368
79 20 2 -716 378
80 20 2 -688 370
81 20 2 -688 362
82 20 2 -648 358
83 20 2 -676 364
84 20 2 -732 382
85 20 2 -732 382
86 20 2 -712 374
88 20 2 -720 380
89 20 2 -732 380
90 20 2 -728 376
91 20 2 -740 378
92 20 2 -680 364
93 20 2 -692 366
95 20 2 -724 378
96 20 2 -684 366
97 20 2 -664 364
98 20 2 -688 370
99 20 2 -688 362
101 20 2 -736 382
102 20 2 -704 372
103 20 2 -712 378
105 20 2 -628 344
106 20 2 -644 344
107 20 2 -664 354
109 20 2 -704 368
110 20 2 -680 362
112 20 2 -660 356
113 20 2 -704 368
114 20 2 -720 378
116 20 2 -712 370
117 20 2 -720 374
119 20 2 -724 380
120 20 2 -724 378
122 20 2 -740 384
124 20 2 -712 370
125 20 2 -700 370
127 20 2 -752 386
128 20 2 -724 378
130 20 2 -700 372
132 20 2 -740 384
133 20 2 -712 376
135 20 2 -704 372
137 20 2 -736 380
139 20 2 -708 374
140 20 2 -672 354
142 20 2 -684 362
144 20 2 -688 362
146 20 2 -692 370
148 20 2 -712 376
150 20 2 -724 378
152 20 2 -728 378
154 20 2 -716 376
155 20 2 -700 370
157 20 2 -680 354
160 20 2 -644 342
162 20 2 -676 362
164 20 2 -688 360
166 20 2 -644 352
168 20 2 -692 356
170 20 2 -704 370
172 20 2 -684 366
174 20 2 -696 368
177 20 2 -720 372
179 20 2 -700 366
181 20 2 -704 370
184 20 2 -676 366
186 20 2 -700 354
188 20 2 -740 382
191 20 2 -768 390
193 20 2 -760 390
196 20 2 -744 384
198 20 2 -708 372
201 20 2 -712 368
203 20 2 -628 334
206 20 2 -660 334
209 20 2 -688 370
211 20 2 -688 362
214 20 2 -680 364
217 20 2 -692 344
220 20 2 -680 334
222 20 2 -704 356
225 20 2 -700 354
228 20 2 -632 348
231 20 2 -664 352
234 20 2 -708 372
237 20 2 -704 372
240 20 2 -708 372
243 20 2 -684 360
246 20 2 -648 346
250 20 2 -664 354
253 20 2 -708 364
256 20 2 -684 358
259 20 2 -692 364
263 20 2 -656 354
266 20 2 -700 366
269 20 2 -652 344
273 20 2 -688 364
276 20 2 -688 360
280 20 2 -720 376
284 20 2 -712 376
287 20 2 -712 372
291 20 2 -716 374
295 20 2 -768 392
298 20 2 -748 386
302 20 2 -684 354
306 20 2 -724 374
310 20 2 -704 366
314 20 2 -696 356
318 20 2 -656 342
322 20 2 -660 352
326 20 2 -712 368
331 20 2 -684 360
335 20 2 -712 362
339 20 2 -692 370
344 20 2 -700 362
348 20 2 -704 354
352 20 2 -704 364
357 20 2 -684 358
362 20 2 -720 370
366 20 2 -704 368
371 20 2 -704 354
376 20 2 -656 314
381 20 2 -644 336
385 20 2 -616 330
390 20 2 -708 372
395 20 2 -696 370
401 20 2 -712 368
406 20 2 -704 370
411 20 2 -736 382
416 20 2 -664 352
422 20 2 -708 370
427 20 2 -732 380
433 20 2 -688 362
438 20 2 -700 374
444 20 2 -692 370
449 20 2 -716 374
455 20 2 -680 366
461 20 2 -632 332
467 20 2 -672 356
473 20 2 -732 376
479 20 2 -716 376
485 20 2 -700 370
492 20 2 -688 364
498 20 2 -684 358
504 20 2 -608 330
511 20 2 -688 350
517 20 2 -700 356
524 20 2 -744 380
531 20 2 -696 364
538 20 2 -720 372
545 20 2 -680 362
552 20 2 -732 380
559 20 2 -692 364
566 20 2 -740 380
573 20 2 -708 368
581 20 2 -720 376
588 20 2 -728 378
596 20 2 -728 382
603 20 2 -680 368
611 20 2 -676 350
619 20 2 -728 378
627 20 2 -736 382
635 20 2 -660 344
643 20 2 -700 362
652 20 2 -680 362
660 20 2 -708 374
668 20 2 -716 370
677 20 2 -712 378
686 20 2 -748 380
695 20 2 -664 354
704 20 2 -652 340
713 20 2 -724 378
722 20 2 -728 380
731 20 2 -716 372
741 20 2 -684 362
750 20 2 -688 366
760 20 2 -700 374
770 20 2 -736 366
780 20 2 -708 372
790 20 2 -740 380
800 20 2 -740 382
810 20 2 -728 376
821 20 2 -704 372
831 20 2 -740 384
842 20 2 -724 376
853 20 2 -696 364
864 20 2 -724 370
875 20 2 -700 372
886 20 2 -712 376
897 20 2 -664 358
909 20 2 -724 368
921 20 2 -676 344
933 20 2 -720 380
945 20 2 -700 372
957 20 2 -680 346
969 20 2 -640 338
982 20 2 -740 384
994 20 2 -668 364
1007 20 2 -724 378
1020 20 2 -696 364
1033 20 2 -700 362
1047 20 2 -716 378
1060 20 2 -724 380
1074 20 2 -696 364
1088 20 2 -660 360
1102 20 2 -704 374
1116 20 2 -656 336
1130 20 2 -716 348
1145 20 2 -656 350
1160 20 2 -688 370
1174 20 2 -700 362
1190 20 2 -740 382
1205 20 2 -656 344
1220 20 2 -656 356
1236 20 2 -624 312
1252 20 2 -636 334
1268 20 2 -720 372
1285 20 2 -732 378
1301 20 2 -692 366
1318 20 2 -692 354
1335 20 2 -684 362
1352 20 2 -728 380
1370 20 2 -688 366
1387 20 2 -692 360
1405 20 2 -656 342
1423 20 2 -688 358
1442 20 2 -708 370
1460 20 2 -736 382
1479 20 2 -700 372
1498 20 2 -712 376
1517 20 2 -720 378
1537 20 2 -728 382
1557 20 2 -668 360
1577 20 2 -736 380
1597 20 2 -700 350
1618 20 2 -720 378
1639 20 2 -720 372
1660 20 2 -688 358
1681 20 2 -736 382
1703 20 2 -692 364
1725 20 2 -692 368
1747 20 2 -656 344
1770 20 2 -628 322
1792 20 2 -752 388
1816 20 2 -672 354
1839 20 2 -696 364
1863 20 2 -716 374
1887 20 2 -740 376
1911 20 2 -692 364
1936 20 2 -660 354
1961 20 2 -680 362
1986 20 2 -716 372
2012 20 2 -708 376
2037 20 2 -632 310
2064 20 2 -652 296
2090 20 2 -648 294
2117 20 2 -656 316
2145 20 2 -712 374
2172 20 2 -692 368
2200 20 2 -696 370
2229 20 2 -720 376
2257 20 2 -716 372
2286 20 2 -680 356
2316 20 2 -648 336
2346 20 2 -724 380
2376 20 2 -704 366
2407 20 2 -692 368
2438 20 2 -644 342
2469 20 2 -728 366
2501 20 2 -712 374
2533 20 2 -692 366
2566 20 2 -716 366
2599 20 2 -728 374
2633 20 2 -724 368
2667 20 2 -664 348
2701 20 2 -680 346
2736 20 2 -652 336
2771 20 2 -684 362
2807 20 2 -728 380
2843 20 2 -660 350
2880 20 2 -684 368
2917 20 2 -712 374
2954 20 2 -640 342
2992 20 2 -728 382
3031 20 2 -692 368
3070 20 2 -720 370
3110 20 2 -680 356
3150 20 2 -604 342
3190 20 2 -700 362
3232 20 2 -704 366
3273 20 2 -664 354
3315 20 2 -676 360
3358 20 2 -672 358
3402 20 2 -712 376
3445 20 2 -696 370
3490 20 2 -704 364
3535 20 2 -728 380
3580 20 2 -696 368
3627 20 2 -636 338
3673 20 2 -728 372
3721 20 2 -696 364
3769 20 2 -668 356
3817 20 2 -672 356
3867 20 2 -676 364
3916 20 2 -684 368
3967 20 2 -692 368
4018 20 2 -692 346
4070 20 2 -696 356
4122 20 2 -692 368
4176 20 2 -704 372
4229 20 2 -736 382
4284 20 2 -656 352
4339 20 2 -680 364
4395 20 2 -716 374
4452 20 2 -740 384
4509 20 2 -652 346
4567 20 2 -672 362
4626 20 2 -636 278
4686 20 2 -716 370
4746 20 2 -660 334
4808 20 2 -728 374
4870 20 2 -676 356
4932 20 2 -696 360
4996 20 2 -672 346
5060 20 2 -632 328
5126 20 2 -652 348
5192 20 2 -720 378
5259 20 2 -744 384
5327 20 2 -696 368
5395 20 2 -732 382
5465 20 2 -708 368
5535 20 2 -656 350
5607 20 2 -660 352
5679 20 2 -752 388
5752 20 2 -692 366
5826 20 2 -692 366
5902 20 2 -604 322
5978 20 2 -664 344
6055 20 2 -720 378
6133 20 2 -764 390
6212 20 2 -704 358
6292 20 2 -704 372
6373 20 2 -704 356
6455 20 2 -720 378
6539 20 2 -716 372
6623 20 2 -684 360
6708 20 2 -700 368
6795 20 2 -736 378
6883 20 2 -632 316
6971 20 2 -708 374
7061 20 2 -716 374
7152 20 2 -660 344
7245 20 2 -736 382
7338 20 2 -756 386
7433 20 2 -660 326
7529 20 2 -740 382
7626 20 2 -724 372
7724 20 2 -756 388
7824 20 2 -680 362
7925 20 2 -728 380
8027 20 2 -736 382
8130 20 2 -692 360
8235 20 2 -672 358
8341 20 2 -720 376
8449 20 2 -752 386
8558 20 2 -720 370
8668 20 2 -716 376
8780 20 2 -684 362
8893 20 2 -684 364
9008 20 2 -684 354
9124 20 2 -692 364
9242 20 2 -680 348
9361 20 2 -700 370
9482 20 2 -708 370
9604 20 2 -672 356
9728 20 2 -728 380
9853 20 2 -652 344
9980 20 2 -732 382
10109 20 2 -724 380
10240 20 2 -680 358
10372 20 2 -688 358
10505 20 2 -624 326
10641 20 2 -668 346
10778 20 2 -672 362
10917 20 2 -724 376
11058 20 2 -684 364
11201 20 2 -680 362
11345 20 2 -728 380
11491 20 2 -672 354
11640 20 2 -768 392
11790 20 2 -680 366
11942 20 2 -736 382
12096 20 2 -720 366
12252 20 2 -632 318
12410 20 2 -688 362
12570 20 2 -756 388
12732 20 2 -692 364
12896 20 2 -696 364
13062 20 2 -744 386
13231 20 2 -676 356
13402 20 2 -696 372
13574 20 2 -724 378
13750 20 2 -660 330
13927 20 2 -660 350
14106 20 2 -696 362
14288 20 2 -732 382
14473 20 2 -692 368
14659 20 2 -740 384
14848 20 2 -660 358
15040 20 2 -696 366
15234 20 2 -716 374
15430 20 2 -688 358
15629 20 2 -776 394
15831 20 2 -744 386
16035 20 2 -668 356
16242 20 2 -660 340
16451 20 2 -732 378
16664 20 2 -732 382
16879 20 2 -688 346
17096 20 2 -700 356
17317 20 2 -676 354
17540 20 2 -708 372
17766 20 2 -732 380
17995 20 2 -676 350
18228 20 2 -728 380
18463 20 2 -628 332
18701 20 2 -692 368
18942 20 2 -784 396
19186 20 2 -692 364
19434 20 2 -672 360
19684 20 2 -652 340
19938 20 2 -768 392
20195 20 2 -712 374
20456 20 2 -676 356
20720 20 2 -712 364
20987 20 2 -668 358
21258 20 2 -744 384
21532 20 2 -708 372
21810 20 2 -664 340
22091 20 2 -684 366
22376 20 2 -676 358
22664 20 2 -696 370
22957 20 2 -672 352
23253 20 2 -692 368
23553 20 2 -704 368
23856 20 2 -656 336
24164 20 2 -684 366
24476 20 2 -712 370
24791 20 2 -692 362
25111 20 2 -656 354
25435 20 2 -732 382
25763 20 2 -756 388
26095 20 2 -744 384
26432 20 2 -728 378
26773 20 2 -704 368
27118 20 2 -660 360
27468 20 2 -644 352
27822 20 2 -732 382
28181 20 2 -648 344
28545 20 2 -688 368
28913 20 2 -696 364
29286 20 2 -612 296
29663 20 2 -704 342
30046 20 2 -700 370
30434 20 2 -680 356
30826 20 2 -652 332
31224 20 2 -652 354
31626 20 2 -724 380
32034 20 2 -704 364
32447 20 2 -728 380
32866 20 2 -688 370
33290 20 2 -692 370
33719 20 2 -732 382
34154 20 2 -724 378
34595 20 2 -744 384
35041 20 2 -740 382
35493 20 2 -776 392
35951 20 2 -680 360
36414 20 2 -724 368
36884 20 2 -716 366
37360 20 2 -692 370
37841 20 2 -736 382
38330 20 2 -708 374
38824 20 2 -632 340
39325 20 2 -760 388
39832 20 2 -704 366
40346 20 2 -732 374
40866 20 2 -712 372
41393 20 2 -580 298
41927 20 2 -712 372
42468 20 2 -736 384
43015 20 2 -748 386
43570 20 2 -712 372
44132 20 2 -724 378
44701 20 2 -680 362
45278 20 2 -692 368
45862 20 2 -684 360
46453 20 2 -672 348
47053 20 2 -692 370
47660 20 2 -712 376
48274 20 2 -728 380
48897 20 2 -712 372
49528 20 2 -724 372
50166 20 2 -732 372
50813 20 2 -724 380
51469 20 2 -660 356
52133 20 2 -748 384
52805 20 2 -648 338
53486 20 2 -692 356
54176 20 2 -656 340
54875 20 2 -680 362
55582 20 2 -716 370
56299 20 2 -708 362
57025 20 2 -720 376
57761 20 2 -736 384
58506 20 2 -724 380
59261 20 2 -684 360
60025 20 2 -672 356
60799 20 2 -688 364
61583 20 2 -648 356
62378 20 2 -736 374
63182 20 2 -704 370
63997 20 2 -752 386
64822 20 2 -676 354
65658 20 2 -652 340
66505 20 2 -652 344
67363 20 2 -744 386
68232 20 2 -720 366
69112 20 2 -716 372
70003 20 2 -748 384
70906 20 2 -692 364
71821 20 2 -668 360
72747 20 2 -740 382
73685 20 2 -696 368
74636 20 2 -708 366
75599 20 2 -668 356
76574 20 2 -696 356
77561 20 2 -568 292
78562 20 2 -712 368
79575 20 2 -740 384
80601 20 2 -688 364
81641 20 2 -732 366
82694 20 2 -688 362
83760 20 2 -624 330
84841 20 2 -732 382
85935 20 2 -692 360
87043 20 2 -700 374
88166 20 2 -696 368
89303 20 2 -724 376
90455 20 2 -760 388
91622 20 2 -712 376
92803 20 2 -708 374
94000 20 2 -692 354
95213 20 2 -680 362
96441 20 2 -680 360
97685 20 2 -744 382
98945 20 2 -716 378
100221 20 2 -724 372
101513 20 2 -740 380
102823 20 2 -668 332
104149 20 2 -704 368
105492 20 2 -748 386
106853 20 2 -704 374
108231 20 2 -692 370
109627 20 2 -672 352
111041 20 2 -692 370
112473 20 2 -636 340
113924 20 2 -676 352
115393 20 2 -684 356
116882 20 2 -736 382
118389 20 2 -716 370
119916 20 2 -716 376
121463 20 2 -704 372
123029 20 2 -672 360
124616 20 2 -712 372
126224 20 2 -744 386
127852 20 2 -724 372
129501 20 2 -744 386
131171 20 2 -672 334
132863 20 2 -660 352
134576 20 2 -708 368
136312 20 2 -684 368
138070 20 2 -652 350
139851 20 2 -740 382
141655 20 2 -712 376
143482 20 2 -684 360
145333 20 2 -664 358
147207 20 2 -736 382
149106 20 2 -656 354
151029 20 2 -664 344
152977 20 2 -664 356
154950 20 2 -668 350
156948 20 2 -704 366
158973 20 2 -688 364
161023 20 2 -676 358
163100 20 2 -720 366
165204 20 2 -672 356
167334 20 2 -672 360
169493 20 2 -688 360
171679 20 2 -760 388
173893 20 2 -748 386
176136 20 2 -660 352
178408 20 2 -724 378
180709 20 2 -640 344
183040 20 2 -692 370
185400 20 2 -696 364
187792 20 2 -668 356
190214 20 2 -616 332
192667 20 2 -716 378
195152 20 2 -704 370
197669 20 2 -712 378
200219 20 2 -708 370
202801 20 2 -640 350
205417 20 2 -696 370
208066 20 2 -688 366
210750 20 2 -736 384
213468 20 2 -676 326
216222 20 2 -672 354
219010 20 2 -668 362
221835 20 2 -704 364
224696 20 2 -692 362
227595 20 2 -700 366
230530 20 2 -660 340
233503 20 2 -736 382
236515 20 2 -632 322
239566 20 2 -652 326
242656 20 2 -700 370
245785 20 2 -624 344
248956 20 2 -656 346
252167 20 2 -740 382
255419 20 2 -656 344
258713 20 2 -664 350
262050 20 2 -756 382
265430 20 2 -708 372
268854 20 2 -680 360
272321 20 2 -736 378
275834 20 2 -676 358
279391 20 2 -668 352
282995 20 2 -696 370
286645 20 2 -692 366
290342 20 2 -732 382
294087 20 2 -740 382
297880 20 2 -764 390
301722 20 2 -740 384
305614 20 2 -616 318
309556 20 2 -712 374
313548 20 2 -668 350
317592 20 2 -680 366
321689 20 2 -692 364
325838 20 2 -708 352
330040 20 2 -668 352
334297 20 2 -660 350
338609 20 2 -664 338
342976 20 2 -692 364
347400 20 2 -664 350
351881 20 2 -704 376
356419 20 2 -684 356
361016 20 2 -692 362
365673 20 2 -704 368
370389 20 2 -744 386
375167 20 2 -716 376
380005 20 2 -736 380
384907 20 2 -744 380
389871 20 2 -744 384
394900 20 2 -680 364
399993 20 2 -768 392
405152 20 2 -712 366
410378 20 2 -676 364
415671 20 2 -636 344
421032 20 2 -700 368
426463 20 2 -692 370
431963 20 2 -732 380
437535 20 2 -752 384
443178 20 2 -696 360
448894 20 2 -720 380
454684 20 2 -664 350
460548 20 2 -688 362
466489 20 2 -704 372
472505 20 2 -692 368
478600 20 2 -704 370
484773 20 2 -684 334
491025 20 2 -756 384
497358 20 2 -764 390
503773 20 2 -728 382
510271 20 2 -704 368
516852 20 2 -648 342
523519 20 2 -708 372
530271 20 2 -672 360
537111 20 2 -688 368
544038 20 2 -668 348
551055 20 2 -644 320
558163 20 2 -700 364
565362 20 2 -708 368
572654 20 2 -748 386
580040 20 2 -684 364
587521 20 2 -704 372
595099 20 2 -684 360
602775 20 2 -656 348
610549 20 2 -720 368
618424 20 2 -736 382
626400 20 2 -680 362
634480 20 2 -680 362
642663 20 2 -720 378
650952 20 2 -652 346
659348 20 2 -704 360
667853 20 2 -620 326
676467 20 2 -712 364
685192 20 2 -680 352
694029 20 2 -664 356
702981 20 2 -708 372
712048 20 2 -664 360
721232 20 2 -728 366
730534 20 2 -712 362
739957 20 2 -692 362
749500 20 2 -648 344
759168 20 2 -652 352
768959 20 2 -688 366
778877 20 2 -692 362
788923 20 2 -704 364
799099 20 2 -640 352
809405 20 2 -692 364
819845 20 2 -724 380
830419 20 2 -720 368
841130 20 2 -720 374
851979 20 2 -696 360
862968 20 2 -664 336
874098 20 2 -712 372
885373 20 2 -700 352
896792 20 2 -720 376
908359 20 2 -700 360
920075 20 2 -724 378
931942 20 2 -712 374
943962 20 2 -680 352
956137 20 2 -760 390
968470 20 2 -728 378
980961 20 2 -720 378
993613 20 2 -740 378
999999 20 2 -700 372
