3 100 2.4 -16400 8778
4 100 2.4 -15648 8450
5 100 2.4 -15140 8190
6 100 2.4 -14820 8056
7 100 2.4 -14452 7846
8 100 2.4 -14540 7828
9 100 2.4 -14632 7874
10 100 2.4 -14376 7714
11 100 2.4 -14204 7608
12 100 2.4 -13900 7416
13 100 2.4 -13724 7290
14 100 2.4 -13752 7256
15 100 2.4 -13740 7222
16 100 2.4 -13568 7088
17 100 2.4 -13384 6986
18 100 2.4 -13208 6808
19 100 2.4 -13100 6702
20 100 2.4 -12988 6650
21 100 2.4 -13104 6698
22 100 2.4 -13328 6788
23 100 2.4 -13288 6752
24 100 2.4 -13296 6732
25 100 2.4 -13256 6604
26 100 2.4 -13408 6728
27 100 2.4 -13488 6774
28 100 2.4 -13504 6832
29 100 2.4 -13456 6806
30 100 2.4 -13368 6778
31 100 2.4 -13172 6802
32 100 2.4 -13288 6766
33 100 2.4 -13312 6668
34 100 2.4 -13460 6664
35 100 2.4 -13448 6654
36 100 2.4 -13336 6688
37 100 2.4 -13428 6638
38 100 2.4 -13528 6604
39 100 2.4 -13388 6516
40 100 2.4 -13488 6510
41 100 2.4 -13448 6396
42 100 2.4 -13404 6404
43 100 2.4 -13164 6324
44 100 2.4 -13144 6218
45 100 2.4 -13244 6222
46 100 2.4 -13256 6218
47 100 2.4 -12860 6076
48 100 2.4 -12952 6054
49 100 2.4 -12916 5866
50 100 2.4 -13064 5986
51 100 2.4 -13020 5892
52 100 2.4 -12780 5728
53 100 2.4 -12928 5836
54 100 2.4 -12692 5720
55 100 2.4 -12740 5646
56 100 2.4 -12576 5542
57 100 2.4 -12624 5478
58 100 2.4 -12784 5498
59 100 2.4 -13044 5620
60 100 2.4 -12868 5580
61 100 2.4 -12876 5518
62 100 2.4 -12848 5428
63 100 2.4 -12836 5402
64 100 2.4 -12808 5334
65 100 2.4 -12764 5416
66 100 2.4 -12952 5496
67 100 2.4 -12880 5428
68 100 2.4 -12812 5376
69 100 2.4 -12880 5492
70 100 2.4 -12860 5380
71 100 2.4 -12648 5244
72 100 2.4 -12316 5160
73 100 2.4 -12432 4990
74 100 2.4 -12308 5184
75 100 2.4 -12496 5080
76 100 2.4 -12300 5154
77 100 2.4 -12380 4992
78 100 2.4 -12560 4968
79 100 2.4 -12628 5068
80 100 2.4 -12740 5186
81 100 2.4 -12616 5242
82 100 2.4 -12932 5222
83 100 2.4 -12664 5242
84 100 2.4 -12940 5242
85 100 2.4 -13012 5194
86 100 2.4 -12940 5272
88 100 2.4 -12720 5142
89 100 2.4 -12856 5096
90 100 2.4 -12764 5062
91 100 2.4 -12348 4772
92 100 2.4 -12468 4862
93 100 2.4 -12556 4820
95 100 2.4 -12476 4708
96 100 2.4 -12288 4650
97 100 2.4 -12204 4614
98 100 2.4 -12472 4616
99 100 2.4 -12204 4574
101 100 2.4 -12464 4720
102 100 2.4 -12204 4656
103 100 2.4 -12416 4706
105 100 2.4 -12524 4912
106 100 2.4 -12728 4992
107 100 2.4 -12632 4904
109 100 2.4 -12576 4832
110 100 2.4 -12664 4822
112 100 2.4 -12752 4730
113 100 2.4 -12816 4748
114 100 2.4 -12724 4618
116 100 2.4 -12676 4618
117 100 2.4 -12856 4728
119 100 2.4 -13052 4694
120 100 2.4 -12768 4634
122 100 2.4 -12720 4496
124 100 2.4 -12520 4494
125 100 2.4 -12664 4566
127 100 2.4 -12864 4850
128 100 2.4 -13212 4940
130 100 2.4 -12536 4722
132 100 2.4 -12324 4406
133 100 2.4 -12500 4362
135 100 2.4 -12648 4332
137 100 2.4 -12532 4376
139 100 2.4 -12392 4298
140 100 2.4 -12592 4316
142 100 2.4 -12300 4194
144 100 2.4 -12456 4134
146 100 2.4 -12412 4020
148 100 2.4 -12444 3976
150 100 2.4 -12072 3716
152 100 2.4 -11888 3652
154 100 2.4 -12152 3652
155 100 2.4 -11944 3706
157 100 2.4 -12124 3834
160 100 2.4 -12324 3830
162 100 2.4 -11968 3752
164 100 2.4 -11952 3680
166 100 2.4 -11920 3724
168 100 2.4 -12024 3746
170 100 2.4 -12268 3746
172 100 2.4 -12340 3774
174 100 2.4 -12332 3632
177 100 2.4 -12132 3422
179 100 2.4 -12288 3320
181 100 2.4 -12404 3396
184 100 2.4 -12136 3452
186 100 2.4 -12064 3520
188 100 2.4 -12180 3612
191 100 2.4 -12000 3450
193 100 2.4 -12120 3360
196 100 2.4 -11876 3186
198 100 2.4 -11996 3192
201 100 2.4 -11920 3020
203 100 2.4 -11944 2938
206 100 2.4 -12188 3174
209 100 2.4 -12244 3214
211 100 2.4 -11968 3044
214 100 2.4 -12352 3470
217 100 2.4 -12132 3606
220 100 2.4 -12164 3632
222 100 2.4 -12472 3854
225 100 2.4 -12180 3938
228 100 2.4 -12216 3946
231 100 2.4 -12448 3908
234 100 2.4 -12412 3808
237 100 2.4 -12360 3512
240 100 2.4 -12512 3658
243 100 2.4 -12364 3738
246 100 2.4 -12380 3690
250 100 2.4 -11860 3348
253 100 2.4 -12048 3318
256 100 2.4 -12164 3116
259 100 2.4 -12140 2844
263 100 2.4 -12376 2972
266 100 2.4 -12640 2742
269 100 2.4 -12456 2770
273 100 2.4 -12068 2326
276 100 2.4 -12584 2434
280 100 2.4 -12560 2166
284 100 2.4 -12408 2548
287 100 2.4 -12436 2268
291 100 2.4 -11780 2420
295 100 2.4 -12028 2214
298 100 2.4 -12144 2290
302 100 2.4 -12392 2440
306 100 2.4 -12220 2402
310 100 2.4 -12396 2046
314 100 2.4 -11920 1692
318 100 2.4 -11904 1436
322 100 2.4 -11912 1318
326 100 2.4 -11824 1334
331 100 2.4 -12072 1102
335 100 2.4 -12028 1006
339 100 2.4 -12256 762
344 100 2.4 -12152 686
348 100 2.4 -12220 724
352 100 2.4 -12248 238
357 100 2.4 -11740 24
362 100 2.4 -12308 -76
366 100 2.4 -12260 -14
371 100 2.4 -12208 -292
376 100 2.4 -12088 -68
381 100 2.4 -12092 -54
385 100 2.4 -11996 -106
390 100 2.4 -11720 -300
395 100 2.4 -11708 -12
401 100 2.4 -11884 312
406 100 2.4 -12148 550
411 100 2.4 -12112 802
416 100 2.4 -12056 652
422 100 2.4 -11936 872
427 100 2.4 -12176 1234
433 100 2.4 -12248 1098
438 100 2.4 -11844 758
444 100 2.4 -12104 744
449 100 2.4 -12500 948
455 100 2.4 -12216 648
461 100 2.4 -12384 960
467 100 2.4 -12380 920
473 100 2.4 -12084 920
479 100 2.4 -12016 636
485 100 2.4 -11712 516
492 100 2.4 -11880 352
498 100 2.4 -12256 278
504 100 2.4 -12000 592
511 100 2.4 -11932 516
517 100 2.4 -12140 148
524 100 2.4 -12176 650
531 100 2.4 -11964 648
538 100 2.4 -11992 526
545 100 2.4 -11904 94
552 100 2.4 -11704 302
559 100 2.4 -11844 266
566 100 2.4 -12116 236
573 100 2.4 -11916 222
581 100 2.4 -11940 276
588 100 2.4 -11764 850
596 100 2.4 -11976 758
603 100 2.4 -11644 662
611 100 2.4 -11760 282
619 100 2.4 -11628 94
627 100 2.4 -11720 -146
635 100 2.4 -12220 -484
643 100 2.4 -11840 -990
652 100 2.4 -11508 -850
660 100 2.4 -11616 -1570
668 100 2.4 -11668 -1258
677 100 2.4 -11736 -1008
686 100 2.4 -11948 -832
695 100 2.4 -11652 -1396
704 100 2.4 -12200 -1408
713 100 2.4 -11736 -808
722 100 2.4 -11528 -258
731 100 2.4 -11900 -202
741 100 2.4 -11964 226
750 100 2.4 -12020 252
760 100 2.4 -12188 296
770 100 2.4 -12024 852
780 100 2.4 -12112 594
790 100 2.4 -11904 520
800 100 2.4 -12180 768
810 100 2.4 -12252 540
821 100 2.4 -12756 1088
831 100 2.4 -12352 558
842 100 2.4 -12248 784
853 100 2.4 -12444 1070
864 100 2.4 -12232 1550
875 100 2.4 -12248 1456
886 100 2.4 -12112 1484
897 100 2.4 -11896 1226
909 100 2.4 -11928 1902
921 100 2.4 -12192 1758
933 100 2.4 -12176 1706
945 100 2.4 -12272 2206
957 100 2.4 -12400 2370
969 100 2.4 -12684 2566
982 100 2.4 -12268 2580
994 100 2.4 -12232 2372
1007 100 2.4 -11980 2362
1020 100 2.4 -12228 2308
1033 100 2.4 -12148 2386
1047 100 2.4 -12384 2162
1060 100 2.4 -12100 1428
1074 100 2.4 -12304 1020
1088 100 2.4 -11964 836
1102 100 2.4 -12280 186
1116 100 2.4 -11924 -128
1130 100 2.4 -12104 98
1145 100 2.4 -12304 278
1160 100 2.4 -12548 50
1174 100 2.4 -12412 -6
1190 100 2.4 -12104 -346
1205 100 2.4 -11972 -448
1220 100 2.4 -12168 -474
1236 100 2.4 -11928 -662
1252 100 2.4 -11740 -1038
1268 100 2.4 -12064 -1028
1285 100 2.4 -11884 -830
1301 100 2.4 -11692 -1600
1318 100 2.4 -12016 -1516
1335 100 2.4 -12068 -1578
1352 100 2.4 -12172 -2170
1370 100 2.4 -11756 -1432
1387 100 2.4 -11784 -1618
1405 100 2.4 -11960 -1778
1423 100 2.4 -12180 -2376
1442 100 2.4 -12100 -2224
1460 100 2.4 -11576 -1852
1479 100 2.4 -12244 -2272
1498 100 2.4 -12236 -2642
1517 100 2.4 -12316 -2554
1537 100 2.4 -11904 -2432
1557 100 2.4 -12740 -2248
1577 100 2.4 -12364 -2636
1597 100 2.4 -12572 -2302
1618 100 2.4 -12152 -1964
1639 100 2.4 -12088 -1910
1660 100 2.4 -12032 -2360
1681 100 2.4 -11888 -1334
1703 100 2.4 -12028 -848
1725 100 2.4 -11444 -894
1747 100 2.4 -11524 -1028
1770 100 2.4 -12064 -1650
1792 100 2.4 -11712 -1080
1816 100 2.4 -12020 -1462
1839 100 2.4 -12536 -1930
1863 100 2.4 -12196 -1708
1887 100 2.4 -12028 -1358
1911 100 2.4 -12080 -924
1936 100 2.4 -12340 -1144
1961 100 2.4 -11988 -220
1986 100 2.4 -11780 288
2012 100 2.4 -11920 -414
2037 100 2.4 -12088 -690
2064 100 2.4 -11976 -460
2090 100 2.4 -12428 -148
2117 100 2.4 -11880 -452
2145 100 2.4 -12340 -1144
2172 100 2.4 -12140 -154
2200 100 2.4 -11876 -588
2229 100 2.4 -11888 -472
2257 100 2.4 -11560 -404
2286 100 2.4 -12160 -284
2316 100 2.4 -12352 636
2346 100 2.4 -12464 492
2376 100 2.4 -11576 826
2407 100 2.4 -12344 1474
2438 100 2.4 -12224 1030
2469 100 2.4 -11912 1242
2501 100 2.4 -11648 1556
2533 100 2.4 -12152 1750
2566 100 2.4 -11948 1276
2599 100 2.4 -11872 834
2633 100 2.4 -12404 1134
2667 100 2.4 -11868 1000
2701 100 2.4 -12152 962
2736 100 2.4 -11708 806
2771 100 2.4 -11772 536
2807 100 2.4 -11600 820
2843 100 2.4 -12380 446
2880 100 2.4 -11748 548
2917 100 2.4 -12288 268
2954 100 2.4 -11640 -532
2992 100 2.4 -12036 -980
3031 100 2.4 -11992 -810
3070 100 2.4 -12144 -410
3110 100 2.4 -11824 -268
3150 100 2.4 -12256 -782
3190 100 2.4 -12300 -1236
3232 100 2.4 -12088 -1998
3273 100 2.4 -12008 -1654
3315 100 2.4 -12012 -724
3358 100 2.4 -11904 -1148
3402 100 2.4 -11640 -542
3445 100 2.4 -11956 46
3490 100 2.4 -12152 -384
3535 100 2.4 -11816 -672
3580 100 2.4 -12224 -260
3627 100 2.4 -12204 -1120
3673 100 2.4 -11608 -448
3721 100 2.4 -11412 410
3769 100 2.4 -12020 938
3817 100 2.4 -11932 -244
3867 100 2.4 -12096 -310
3916 100 2.4 -12008 -848
3967 100 2.4 -11720 -116
4018 100 2.4 -12116 316
4070 100 2.4 -11756 -1062
4122 100 2.4 -12060 -566
4176 100 2.4 -11708 -340
4229 100 2.4 -12128 8
4284 100 2.4 -12120 298
4339 100 2.4 -12240 -798
4395 100 2.4 -12160 -944
4452 100 2.4 -12188 -1014
4509 100 2.4 -11864 -82
4567 100 2.4 -12296 -74
4626 100 2.4 -12396 -318
4686 100 2.4 -11732 -706
4746 100 2.4 -12460 -258
4808 100 2.4 -11996 -1608
4870 100 2.4 -11896 -1530
4932 100 2.4 -12020 294
4996 100 2.4 -11768 -540
5060 100 2.4 -11656 -48
5126 100 2.4 -11896 198
5192 100 2.4 -11848 660
5259 100 2.4 -12136 1662
5327 100 2.4 -12120 1424
5395 100 2.4 -12200 444
5465 100 2.4 -11936 536
5535 100 2.4 -11964 264
5607 100 2.4 -11748 -570
5679 100 2.4 -12160 -872
5752 100 2.4 -11660 -462
5826 100 2.4 -12356 -1316
5902 100 2.4 -11780 -1708
5978 100 2.4 -12432 -1390
6055 100 2.4 -11736 -204
6133 100 2.4 -12068 -1938
6212 100 2.4 -12060 -1290
6292 100 2.4 -11936 -1416
6373 100 2.4 -12588 -638
6455 100 2.4 -11740 -1970
6539 100 2.4 -12360 -776
6623 100 2.4 -12180 -1584
6708 100 2.4 -12076 -1128
6795 100 2.4 -11624 310
6883 100 2.4 -11816 460
6971 100 2.4 -12036 746
7061 100 2.4 -11656 756
7152 100 2.4 -12112 1056
7245 100 2.4 -12160 478
7338 100 2.4 -11968 2
7433 100 2.4 -11800 1376
7529 100 2.4 -11924 288
7626 100 2.4 -12140 144
7724 100 2.4 -11868 -64
7824 100 2.4 -11872 -450
7925 100 2.4 -11824 -1078
8027 100 2.4 -11888 216
8130 100 2.4 -11924 394
8235 100 2.4 -11604 870
8341 100 2.4 -12300 1348
8449 100 2.4 -12092 54
8558 100 2.4 -12132 -592
8668 100 2.4 -12164 -1068
8780 100 2.4 -12028 -1234
8893 100 2.4 -12000 -1080
9008 100 2.4 -11668 -262
9124 100 2.4 -12208 -1060
9242 100 2.4 -11816 -1336
9361 100 2.4 -12116 -982
9482 100 2.4 -11636 -1104
9604 100 2.4 -11916 -120
9728 100 2.4 -12516 800
9853 100 2.4 -11708 -44
9980 100 2.4 -12008 360
10109 100 2.4 -11760 -402
10240 100 2.4 -11880 398
10372 100 2.4 -12124 462
10505 100 2.4 -11960 284
10641 100 2.4 -12144 786
10778 100 2.4 -11844 832
10917 100 2.4 -11704 1662
11058 100 2.4 -11768 1492
11201 100 2.4 -12292 44
11345 100 2.4 -12124 654
11491 100 2.4 -12208 -1406
11640 100 2.4 -12368 -562
11790 100 2.4 -12136 26
11942 100 2.4 -12492 -350
12096 100 2.4 -12072 338
12252 100 2.4 -11660 -22
12410 100 2.4 -12304 -216
12570 100 2.4 -12140 -170
12732 100 2.4 -11884 472
12896 100 2.4 -12160 166
13062 100 2.4 -12116 -188
13231 100 2.4 -11884 398
13402 100 2.4 -12100 -832
13574 100 2.4 -11856 -184
13750 100 2.4 -12000 -1582
13927 100 2.4 -11844 -156
14106 100 2.4 -12200 -330
14288 100 2.4 -11888 1102
14473 100 2.4 -12036 -268
14659 100 2.4 -11664 -236
14848 100 2.4 -11868 338
15040 100 2.4 -11868 -182
15234 100 2.4 -12092 674
15430 100 2.4 -12076 196
15629 100 2.4 -11960 98
15831 100 2.4 -11608 -114
16035 100 2.4 -11732 246
16242 100 2.4 -12068 592
16451 100 2.4 -12016 222
16664 100 2.4 -12512 -150
16879 100 2.4 -12208 190
17096 100 2.4 -12072 -280
17317 100 2.4 -12892 -246
17540 100 2.4 -11556 -416
17766 100 2.4 -11892 762
17995 100 2.4 -12108 764
18228 100 2.4 -12460 -528
18463 100 2.4 -11968 -230
18701 100 2.4 -11964 -70
18942 100 2.4 -12096 -208
19186 100 2.4 -12108 -298
19434 100 2.4 -11976 -492
19684 100 2.4 -12304 368
19938 100 2.4 -12468 306
20195 100 2.4 -11856 -1148
20456 100 2.4 -12204 -2580
20720 100 2.4 -12108 334
20987 100 2.4 -12092 472
21258 100 2.4 -12244 24
21532 100 2.4 -11876 -14
21810 100 2.4 -11936 -1128
22091 100 2.4 -11816 -570
22376 100 2.4 -11868 1538
22664 100 2.4 -11916 888
22957 100 2.4 -12032 548
23253 100 2.4 -11864 442
23553 100 2.4 -12188 330
23856 100 2.4 -12312 -1206
24164 100 2.4 -12012 -1592
24476 100 2.4 -12100 -62
24791 100 2.4 -11552 428
25111 100 2.4 -12080 -1332
25435 100 2.4 -12392 -470
25763 100 2.4 -11736 984
26095 100 2.4 -12364 230
26432 100 2.4 -11844 282
26773 100 2.4 -12064 -1814
27118 100 2.4 -12236 2328
27468 100 2.4 -12064 410
27822 100 2.4 -11888 378
28181 100 2.4 -11896 -26
28545 100 2.4 -11976 192
28913 100 2.4 -12084 1280
29286 100 2.4 -12012 -766
29663 100 2.4 -12224 -214
30046 100 2.4 -12088 248
30434 100 2.4 -11936 -2320
30826 100 2.4 -12200 -2356
31224 100 2.4 -12256 -824
31626 100 2.4 -12444 -1876
32034 100 2.4 -11800 -42
32447 100 2.4 -11456 568
32866 100 2.4 -12560 -2184
33290 100 2.4 -12464 200
33719 100 2.4 -12040 422
34154 100 2.4 -12168 34
34595 100 2.4 -12004 208
35041 100 2.4 -12504 -1418
35493 100 2.4 -12264 390
35951 100 2.4 -12056 184
36414 100 2.4 -11828 -636
36884 100 2.4 -12160 -602
37360 100 2.4 -12264 -2172
37841 100 2.4 -12140 458
38330 100 2.4 -12340 496
38824 100 2.4 -12332 34
39325 100 2.4 -12136 -322
39832 100 2.4 -11888 358
40346 100 2.4 -11600 1498
40866 100 2.4 -12388 1480
41393 100 2.4 -11960 -878
41927 100 2.4 -12292 -152
42468 100 2.4 -12020 -1034
43015 100 2.4 -11960 236
43570 100 2.4 -12124 876
44132 100 2.4 -12180 -88
44701 100 2.4 -12044 -880
45278 100 2.4 -11996 244
45862 100 2.4 -12136 -1940
46453 100 2.4 -12264 2676
47053 100 2.4 -12104 -1358
47660 100 2.4 -12020 -582
48274 100 2.4 -12352 -198
48897 100 2.4 -11684 608
49528 100 2.4 -12112 -1340
50166 100 2.4 -12136 1626
50813 100 2.4 -12312 -416
51469 100 2.4 -11712 -714
52133 100 2.4 -12020 1970
52805 100 2.4 -11776 86
53486 100 2.4 -11788 460
54176 100 2.4 -11980 754
54875 100 2.4 -12160 -534
55582 100 2.4 -11752 1768
56299 100 2.4 -12444 2612
57025 100 2.4 -12196 376
57761 100 2.4 -11864 620
58506 100 2.4 -12020 -858
59261 100 2.4 -12140 120
60025 100 2.4 -12312 -912
60799 100 2.4 -12104 826
61583 100 2.4 -12052 -872
62378 100 2.4 -12104 2092
63182 100 2.4 -11436 -148
63997 100 2.4 -11908 -670
64822 100 2.4 -11628 102
65658 100 2.4 -12264 -1312
66505 100 2.4 -11996 252
67363 100 2.4 -11916 6
68232 100 2.4 -11816 -1014
69112 100 2.4 -12100 774
70003 100 2.4 -12504 1266
70906 100 2.4 -12044 1112
71821 100 2.4 -12216 810
72747 100 2.4 -12188 1446
73685 100 2.4 -12136 -3134
74636 100 2.4 -11776 -732
75599 100 2.4 -12224 694
76574 100 2.4 -12144 1958
77561 100 2.4 -12188 -60
78562 100 2.4 -12028 880
79575 100 2.4 -11816 -248
80601 100 2.4 -12208 1434
81641 100 2.4 -12036 -1868
82694 100 2.4 -12232 500
83760 100 2.4 -11928 -598
84841 100 2.4 -11920 -1942
85935 100 2.4 -12168 -1304
87043 100 2.4 -12272 872
88166 100 2.4 -12008 1906
89303 100 2.4 -11968 -1858
90455 100 2.4 -11912 -922
91622 100 2.4 -11712 418
92803 100 2.4 -11900 -58
94000 100 2.4 -11956 460
95213 100 2.4 -12528 1996
96441 100 2.4 -11748 -838
97685 100 2.4 -12272 390
98945 100 2.4 -12212 364
100221 100 2.4 -12192 -876
101513 100 2.4 -11900 1606
102823 100 2.4 -12036 -260
104149 100 2.4 -12288 -358
105492 100 2.4 -11892 1242
106853 100 2.4 -12444 -1132
108231 100 2.4 -12064 -1124
109627 100 2.4 -11916 372
111041 100 2.4 -12092 -1300
112473 100 2.4 -11988 1950
113924 100 2.4 -11912 -634
115393 100 2.4 -12120 -416
116882 100 2.4 -12012 1062
118389 100 2.4 -11752 1636
119916 100 2.4 -12420 -2062
121463 100 2.4 -11732 714
123029 100 2.4 -12108 926
124616 100 2.4 -12336 -1340
126224 100 2.4 -12472 238
127852 100 2.4 -12096 884
129501 100 2.4 -11948 -726
131171 100 2.4 -12012 -372
132863 100 2.4 -12292 -12
134576 100 2.4 -12100 1314
136312 100 2.4 -12340 -484
138070 100 2.4 -12032 770
139851 100 2.4 -12376 230
141655 100 2.4 -11784 606
143482 100 2.4 -12284 2140
145333 100 2.4 -12004 -602
147207 100 2.4 -11904 1698
149106 100 2.4 -11784 1208
151029 100 2.4 -11504 -928
152977 100 2.4 -12244 62
154950 100 2.4 -11676 190
156948 100 2.4 -12104 58
158973 100 2.4 -12020 -1290
161023 100 2.4 -11944 632
163100 100 2.4 -12184 -1800
165204 100 2.4 -11900 2100
167334 100 2.4 -12240 1272
169493 100 2.4 -11748 188
171679 100 2.4 -12104 880
173893 100 2.4 -12160 180
176136 100 2.4 -12372 -1724
178408 100 2.4 -12172 1184
180709 100 2.4 -12320 -1204
183040 100 2.4 -11736 612
185400 100 2.4 -11984 510
187792 100 2.4 -12396 -442
190214 100 2.4 -12140 -2054
192667 100 2.4 -12240 180
195152 100 2.4 -11940 -1102
197669 100 2.4 -12068 -1688
200219 100 2.4 -12344 -834
202801 100 2.4 -12080 -320
205417 100 2.4 -12060 -1964
208066 100 2.4 -12148 -784
210750 100 2.4 -12124 790
213468 100 2.4 -11864 -722
216222 100 2.4 -12116 1838
219010 100 2.4 -12432 2716
221835 100 2.4 -12372 -1514
224696 100 2.4 -12328 1490
227595 100 2.4 -12172 686
230530 100 2.4 -11860 390
233503 100 2.4 -11960 44
236515 100 2.4 -11908 -818
239566 100 2.4 -11756 128
242656 100 2.4 -12304 1056
245785 100 2.4 -12224 440
248956 100 2.4 -11808 618
252167 100 2.4 -12168 -1654
255419 100 2.4 -12468 -2526
258713 100 2.4 -12284 -2000
262050 100 2.4 -12572 -862
265430 100 2.4 -12436 624
268854 100 2.4 -12068 726
272321 100 2.4 -12344 2106
275834 100 2.4 -11548 1190
279391 100 2.4 -12252 338
282995 100 2.4 -12364 1716
286645 100 2.4 -11636 -1778
290342 100 2.4 -12320 -20
294087 100 2.4 -11948 444
297880 100 2.4 -11756 -146
301722 100 2.4 -12064 -782
305614 100 2.4 -12020 -1080
309556 100 2.4 -12208 -234
313548 100 2.4 -12184 -1220
317592 100 2.4 -11684 716
321689 100 2.4 -12048 -806
325838 100 2.4 -11996 -756
330040 100 2.4 -11836 2286
334297 100 2.4 -12168 1332
338609 100 2.4 -11980 -730
342976 100 2.4 -11576 104
347400 100 2.4 -11848 684
351881 100 2.4 -12044 288
356419 100 2.4 -12104 -2138
361016 100 2.4 -12248 1646
365673 100 2.4 -12268 40
370389 100 2.4 -11888 -1270
375167 100 2.4 -11528 594
380005 100 2.4 -12252 1592
384907 100 2.4 -12436 -138
389871 100 2.4 -12068 -606
394900 100 2.4 -12084 -1136
399993 100 2.4 -12052 34
405152 100 2.4 -12140 1026
410378 100 2.4 -12548 3614
415671 100 2.4 -12132 -632
421032 100 2.4 -11652 680
426463 100 2.4 -11608 -1052
431963 100 2.4 -11968 -86
437535 100 2.4 -12044 -858
443178 100 2.4 -12080 -1120
448894 100 2.4 -12364 -1220
454684 100 2.4 -12064 -262
460548 100 2.4 -12020 1040
466489 100 2.4 -12032 -462
472505 100 2.4 -12136 -1900
478600 100 2.4 -12052 554
484773 100 2.4 -12180 -104
491025 100 2.4 -12308 404
497358 100 2.4 -11948 148
503773 100 2.4 -11628 530
510271 100 2.4 -12508 532
516852 100 2.4 -12244 1888
523519 100 2.4 -11656 -486
530271 100 2.4 -12300 2734
537111 100 2.4 -12296 1964
544038 100 2.4 -12364 580
551055 100 2.4 -12180 -198
558163 100 2.4 -12076 -946
565362 100 2.4 -12064 -1974
572654 100 2.4 -11852 -1552
580040 100 2.4 -12224 410
587521 100 2.4 -11796 434
595099 100 2.4 -12184 1294
602775 100 2.4 -11612 322
610549 100 2.4 -12244 622
618424 100 2.4 -11684 1026
626400 100 2.4 -12124 -412
634480 100 2.4 -11800 16
642663 100 2.4 -11724 -480
650952 100 2.4 -11780 402
659348 100 2.4 -12060 958
667853 100 2.4 -12264 188
676467 100 2.4 -12300 2038
685192 100 2.4 -11812 -1476
694029 100 2.4 -12024 724
702981 100 2.4 -11944 -722
712048 100 2.4 -11496 2114
721232 100 2.4 -12048 -166
730534 100 2.4 -11652 -466
739957 100 2.4 -11868 -1230
749500 100 2.4 -11480 1078
759168 100 2.4 -12184 1820
768959 100 2.4 -12064 -106
778877 100 2.4 -12440 -4
788923 100 2.4 -12128 782
799099 100 2.4 -12108 98
809405 100 2.4 -11564 940
819845 100 2.4 -11860 -616
830419 100 2.4 -12348 -1402
841130 100 2.4 -11808 -1346
851979 100 2.4 -11664 740
862968 100 2.4 -12128 -572
874098 100 2.4 -12440 70
885373 100 2.4 -11924 84
896792 100 2.4 -11864 932
908359 100 2.4 -12104 -220
920075 100 2.4 -12132 -492
931942 100 2.4 -12184 272
943962 100 2.4 -12056 -644
956137 100 2.4 -11744 -352
968470 100 2.4 -12092 626
980961 100 2.4 -11728 1216
993613 100 2.4 -12088 254
999999 100 2.4 -11788 -1424
