3 140 2.2 -33656 17804
4 140 2.2 -33000 17564
5 140 2.2 -32724 17424
6 140 2.2 -32284 17228
7 140 2.2 -31952 17016
8 140 2.2 -32036 16908
9 140 2.2 -31980 16942
10 140 2.2 -31764 16728
11 140 2.2 -31416 16698
12 140 2.2 -31680 16892
13 140 2.2 -31700 16770
14 140 2.2 -31500 16702
15 140 2.2 -31364 16614
16 140 2.2 -31296 16592
17 140 2.2 -31188 16482
18 140 2.2 -31152 16458
19 140 2.2 -31244 16542
20 140 2.2 -31296 16606
21 140 2.2 -31164 16488
22 140 2.2 -31200 16400
23 140 2.2 -31500 16470
24 140 2.2 -31148 16326
25 140 2.2 -31088 16278
26 140 2.2 -31108 16272
27 140 2.2 -31212 16278
28 140 2.2 -31172 16248
29 140 2.2 -30796 16228
30 140 2.2 -30884 16186
31 140 2.2 -30980 16140
32 140 2.2 -30800 16068
33 140 2.2 -30932 16230
34 140 2.2 -31064 16170
35 140 2.2 -31072 16072
36 140 2.2 -31000 16056
37 140 2.2 -30684 15934
38 140 2.2 -30828 16016
39 140 2.2 -30980 16018
40 140 2.2 -30952 15968
41 140 2.2 -30716 15770
42 140 2.2 -30912 15884
43 140 2.2 -30696 15764
44 140 2.2 -30512 15740
45 140 2.2 -30600 15782
46 140 2.2 -30552 15820
47 140 2.2 -30748 15968
48 140 2.2 -30340 15818
49 140 2.2 -30016 15624
50 140 2.2 -30244 15724
51 140 2.2 -30204 15658
52 140 2.2 -30192 15632
53 140 2.2 -29932 15600
54 140 2.2 -30240 15786
55 140 2.2 -30692 16046
56 140 2.2 -30608 16114
57 140 2.2 -30924 16216
58 140 2.2 -31032 16288
59 140 2.2 -31200 16362
60 140 2.2 -31444 16634
61 140 2.2 -31212 16478
62 140 2.2 -31096 16396
63 140 2.2 -31012 16320
64 140 2.2 -30696 16188
65 140 2.2 -30796 16226
66 140 2.2 -30660 16122
67 140 2.2 -30712 16168
68 140 2.2 -30852 16196
69 140 2.2 -30792 16178
70 140 2.2 -31204 16400
71 140 2.2 -31384 16466
72 140 2.2 -31040 16256
73 140 2.2 -31168 16292
74 140 2.2 -30828 16188
75 140 2.2 -30816 16140
76 140 2.2 -31224 16240
77 140 2.2 -31080 16098
78 140 2.2 -30724 16158
79 140 2.2 -30724 16156
80 140 2.2 -30912 16114
81 140 2.2 -30868 16156
82 140 2.2 -30832 16158
83 140 2.2 -30796 16058
84 140 2.2 -30724 16094
85 140 2.2 -30780 16116
86 140 2.2 -30992 16140
88 140 2.2 -30612 16098
89 140 2.2 -30648 16070
90 140 2.2 -30880 16166
91 140 2.2 -30592 16190
92 140 2.2 -30716 16190
93 140 2.2 -30832 16154
95 140 2.2 -30176 15930
96 140 2.2 -30360 15878
97 140 2.2 -30684 15970
98 140 2.2 -30552 15984
99 140 2.2 -30536 15976
101 140 2.2 -31000 16038
102 140 2.2 -30964 15906
103 140 2.2 -30708 15792
105 140 2.2 -30656 15882
106 140 2.2 -30744 15988
107 140 2.2 -30684 15964
109 140 2.2 -30156 15770
110 140 2.2 -30112 15654
112 140 2.2 -30312 15544
113 140 2.2 -30568 15602
114 140 2.2 -30500 15544
116 140 2.2 -30424 15454
117 140 2.2 -30300 15554
119 140 2.2 -30232 15614
120 140 2.2 -30060 15548
122 140 2.2 -30408 15650
124 140 2.2 -30128 15524
125 140 2.2 -30272 15604
127 140 2.2 -30392 15640
128 140 2.2 -30360 15710
130 140 2.2 -31016 15966
132 140 2.2 -30768 15820
133 140 2.2 -30968 15912
135 140 2.2 -30556 15722
137 140 2.2 -30508 15856
139 140 2.2 -30572 15766
140 140 2.2 -30484 15706
142 140 2.2 -30200 15476
144 140 2.2 -30276 15674
146 140 2.2 -30964 15864
148 140 2.2 -31032 15852
150 140 2.2 -31024 15958
152 140 2.2 -31308 16134
154 140 2.2 -30616 15818
155 140 2.2 -30388 15722
157 140 2.2 -30568 15592
160 140 2.2 -30616 15630
162 140 2.2 -30512 15562
164 140 2.2 -30488 15502
166 140 2.2 -30528 15502
168 140 2.2 -30620 15610
170 140 2.2 -30452 15350
172 140 2.2 -30252 15242
174 140 2.2 -30020 15266
177 140 2.2 -30252 15562
179 140 2.2 -30552 15588
181 140 2.2 -30280 15634
184 140 2.2 -30152 15422
186 140 2.2 -30240 15582
188 140 2.2 -30236 15348
191 140 2.2 -30308 15496
193 140 2.2 -30404 15608
196 140 2.2 -30760 15706
198 140 2.2 -30704 15602
201 140 2.2 -30224 15298
203 140 2.2 -30020 15166
206 140 2.2 -30432 15322
209 140 2.2 -29920 15086
211 140 2.2 -30208 15264
214 140 2.2 -30204 15244
217 140 2.2 -30060 14996
220 140 2.2 -30168 15138
222 140 2.2 -29384 14888
225 140 2.2 -29872 14904
228 140 2.2 -29972 14988
231 140 2.2 -29716 14988
234 140 2.2 -29768 14866
237 140 2.2 -30068 15052
240 140 2.2 -30140 15066
243 140 2.2 -29260 14692
246 140 2.2 -29500 14920
250 140 2.2 -30268 15358
253 140 2.2 -30344 15398
256 140 2.2 -30536 15416
259 140 2.2 -30184 15506
263 140 2.2 -30928 15652
266 140 2.2 -30548 15608
269 140 2.2 -30340 15508
273 140 2.2 -30208 15312
276 140 2.2 -30144 15170
280 140 2.2 -30024 15216
284 140 2.2 -29904 15012
287 140 2.2 -29948 15160
291 140 2.2 -30308 15298
295 140 2.2 -30092 15096
298 140 2.2 -30224 15082
302 140 2.2 -30260 14938
306 140 2.2 -30276 15146
310 140 2.2 -30628 15492
314 140 2.2 -30948 15602
318 140 2.2 -30540 15530
322 140 2.2 -30400 15426
326 140 2.2 -30620 15360
331 140 2.2 -30184 15428
335 140 2.2 -30724 15810
339 140 2.2 -30252 15704
344 140 2.2 -30176 15452
348 140 2.2 -30344 15594
352 140 2.2 -30336 15544
357 140 2.2 -30716 15874
362 140 2.2 -30580 15690
366 140 2.2 -30644 15638
371 140 2.2 -30792 15908
376 140 2.2 -30264 15626
381 140 2.2 -31032 15934
385 140 2.2 -31200 15916
390 140 2.2 -30872 15704
395 140 2.2 -30600 15474
401 140 2.2 -30624 15288
406 140 2.2 -30644 15236
411 140 2.2 -30472 15176
416 140 2.2 -29968 14650
422 140 2.2 -29992 14516
427 140 2.2 -29748 14456
433 140 2.2 -30164 14712
438 140 2.2 -30016 14604
444 140 2.2 -30496 14670
449 140 2.2 -29976 14544
455 140 2.2 -29912 14560
461 140 2.2 -29400 14038
467 140 2.2 -29308 13796
473 140 2.2 -29268 14036
479 140 2.2 -29948 14260
485 140 2.2 -29932 14164
492 140 2.2 -29792 13724
498 140 2.2 -29664 13974
504 140 2.2 -29720 13806
511 140 2.2 -30304 13776
517 140 2.2 -29804 13432
524 140 2.2 -29936 13608
531 140 2.2 -30028 13456
538 140 2.2 -29424 13232
545 140 2.2 -29632 13052
552 140 2.2 -29308 13014
559 140 2.2 -29580 13356
566 140 2.2 -29800 13652
573 140 2.2 -29600 13492
581 140 2.2 -29844 13758
588 140 2.2 -29984 13738
596 140 2.2 -30200 13706
603 140 2.2 -29636 13466
611 140 2.2 -29788 13880
619 140 2.2 -30196 13890
627 140 2.2 -29492 13428
635 140 2.2 -29604 13754
643 140 2.2 -30532 14324
652 140 2.2 -30260 14156
660 140 2.2 -30240 14178
668 140 2.2 -29388 13946
677 140 2.2 -29976 14120
686 140 2.2 -29844 14458
695 140 2.2 -30552 14776
704 140 2.2 -30052 14782
713 140 2.2 -30284 14946
722 140 2.2 -30612 15294
731 140 2.2 -30160 15172
741 140 2.2 -30344 15328
750 140 2.2 -30196 14826
760 140 2.2 -30056 14598
770 140 2.2 -30344 14654
780 140 2.2 -30488 14868
790 140 2.2 -30172 14762
800 140 2.2 -30416 15016
810 140 2.2 -30340 15000
821 140 2.2 -30516 15014
831 140 2.2 -29640 14650
842 140 2.2 -30440 15128
853 140 2.2 -30256 15200
864 140 2.2 -30172 15008
875 140 2.2 -30172 15146
886 140 2.2 -30308 14988
897 140 2.2 -29756 14956
909 140 2.2 -30428 15252
921 140 2.2 -29992 15056
933 140 2.2 -29808 14926
945 140 2.2 -29788 15026
957 140 2.2 -30052 15046
969 140 2.2 -30108 15086
982 140 2.2 -30076 14960
994 140 2.2 -29696 15082
1007 140 2.2 -29980 15252
1020 140 2.2 -30292 15312
1033 140 2.2 -29928 15242
1047 140 2.2 -30460 15498
1060 140 2.2 -30572 15770
1074 140 2.2 -30460 15604
1088 140 2.2 -30720 15772
1102 140 2.2 -30692 15650
1116 140 2.2 -30164 15340
1130 140 2.2 -30224 15246
1145 140 2.2 -30784 15342
1160 140 2.2 -30344 15254
1174 140 2.2 -30296 15352
1190 140 2.2 -30608 15846
1205 140 2.2 -30396 15812
1220 140 2.2 -30312 15558
1236 140 2.2 -29960 15484
1252 140 2.2 -30296 15280
1268 140 2.2 -30300 15384
1285 140 2.2 -29744 15048
1301 140 2.2 -30528 15506
1318 140 2.2 -30532 15468
1335 140 2.2 -30628 15646
1352 140 2.2 -30364 15554
1370 140 2.2 -30640 15728
1387 140 2.2 -30368 15360
1405 140 2.2 -29884 15110
1423 140 2.2 -30132 15254
1442 140 2.2 -30224 15332
1460 140 2.2 -30308 15022
1479 140 2.2 -30392 15288
1498 140 2.2 -30048 14908
1517 140 2.2 -29948 14734
1537 140 2.2 -30240 14604
1557 140 2.2 -29924 14558
1577 140 2.2 -30252 14758
1597 140 2.2 -29916 14894
1618 140 2.2 -30148 15250
1639 140 2.2 -31012 15690
1660 140 2.2 -31132 16000
1681 140 2.2 -30560 15690
1703 140 2.2 -30716 15394
1725 140 2.2 -30524 15028
1747 140 2.2 -30484 15088
1770 140 2.2 -30608 15316
1792 140 2.2 -30556 15314
1816 140 2.2 -30412 14966
1839 140 2.2 -30400 14766
1863 140 2.2 -29868 14488
1887 140 2.2 -30424 15144
1911 140 2.2 -30508 15282
1936 140 2.2 -29792 14804
1961 140 2.2 -30056 15134
1986 140 2.2 -30232 15444
2012 140 2.2 -30260 15510
2037 140 2.2 -30244 15416
2064 140 2.2 -30356 15742
2090 140 2.2 -30444 15832
2117 140 2.2 -30948 16026
2145 140 2.2 -30868 15886
2172 140 2.2 -31116 16056
2200 140 2.2 -29984 15316
2229 140 2.2 -30608 16140
2257 140 2.2 -30360 15880
2286 140 2.2 -31320 16406
2316 140 2.2 -30772 15950
2346 140 2.2 -29804 15140
2376 140 2.2 -31124 15796
2407 140 2.2 -30120 15394
2438 140 2.2 -30264 15582
2469 140 2.2 -30264 15628
2501 140 2.2 -31020 15966
2533 140 2.2 -31020 15860
2566 140 2.2 -31108 16032
2599 140 2.2 -30884 16178
2633 140 2.2 -30272 15504
2667 140 2.2 -30756 15854
2701 140 2.2 -30116 15720
2736 140 2.2 -30640 15790
2771 140 2.2 -30836 15770
2807 140 2.2 -29704 15174
2843 140 2.2 -30284 15952
2880 140 2.2 -30540 15930
2917 140 2.2 -29796 15070
2954 140 2.2 -29972 14976
2992 140 2.2 -29776 14998
3031 140 2.2 -29784 14848
3070 140 2.2 -30260 15070
3110 140 2.2 -30092 14918
3150 140 2.2 -30244 15442
3190 140 2.2 -30332 15720
3232 140 2.2 -30500 15888
3273 140 2.2 -30968 16088
3315 140 2.2 -30512 15900
3358 140 2.2 -30888 15660
3402 140 2.2 -30872 16038
3445 140 2.2 -30800 15946
3490 140 2.2 -30484 15798
3535 140 2.2 -30380 15714
3580 140 2.2 -30964 16092
3627 140 2.2 -30560 15718
3673 140 2.2 -30868 15758
3721 140 2.2 -30484 15322
3769 140 2.2 -30416 14786
3817 140 2.2 -29948 15054
3867 140 2.2 -30060 14746
3916 140 2.2 -30424 15466
3967 140 2.2 -30696 15660
4018 140 2.2 -30268 15654
4070 140 2.2 -30208 15858
4122 140 2.2 -30196 15700
4176 140 2.2 -30148 15480
4229 140 2.2 -30092 15498
4284 140 2.2 -30640 15696
4339 140 2.2 -30156 15170
4395 140 2.2 -30156 15066
4452 140 2.2 -30064 15534
4509 140 2.2 -29960 14984
4567 140 2.2 -30648 15770
4626 140 2.2 -30176 15494
4686 140 2.2 -30604 15946
4746 140 2.2 -30208 15744
4808 140 2.2 -30412 15282
4870 140 2.2 -30384 15504
4932 140 2.2 -30192 15454
4996 140 2.2 -29836 15276
5060 140 2.2 -30440 16010
5126 140 2.2 -29808 15528
5192 140 2.2 -29656 14678
5259 140 2.2 -30320 15246
5327 140 2.2 -29976 15280
5395 140 2.2 -30824 15908
5465 140 2.2 -30040 15254
5535 140 2.2 -30876 15890
5607 140 2.2 -30504 15568
5679 140 2.2 -30524 15564
5752 140 2.2 -30504 15220
5826 140 2.2 -30592 15544
5902 140 2.2 -30664 15964
5978 140 2.2 -30712 16084
6055 140 2.2 -30272 15630
6133 140 2.2 -31052 16046
6212 140 2.2 -30376 15716
6292 140 2.2 -30100 15494
6373 140 2.2 -30564 15516
6455 140 2.2 -30348 15692
6539 140 2.2 -31692 16402
6623 140 2.2 -30788 16050
6708 140 2.2 -29712 14678
6795 140 2.2 -30124 15254
6883 140 2.2 -30312 15466
6971 140 2.2 -30596 15940
7061 140 2.2 -30824 16094
7152 140 2.2 -30476 15594
7245 140 2.2 -30880 15816
7338 140 2.2 -28980 14274
7433 140 2.2 -30216 15072
7529 140 2.2 -30296 15022
7626 140 2.2 -29992 14716
7724 140 2.2 -30512 15820
7824 140 2.2 -30164 15758
7925 140 2.2 -29828 14896
8027 140 2.2 -30220 15412
8130 140 2.2 -30264 15132
8235 140 2.2 -29768 14894
8341 140 2.2 -30444 15438
8449 140 2.2 -29632 15066
8558 140 2.2 -30600 15290
8668 140 2.2 -30112 15486
8780 140 2.2 -30404 15550
8893 140 2.2 -29940 15202
9008 140 2.2 -30164 15452
9124 140 2.2 -29876 15282
9242 140 2.2 -30648 15170
9361 140 2.2 -31020 15934
9482 140 2.2 -31260 15874
9604 140 2.2 -30824 16164
9728 140 2.2 -30936 16308
9853 140 2.2 -29788 15196
9980 140 2.2 -29788 14994
10109 140 2.2 -30612 15800
10240 140 2.2 -30940 16020
10372 140 2.2 -30524 15498
10505 140 2.2 -30788 15916
10641 140 2.2 -30688 15680
10778 140 2.2 -30288 15600
10917 140 2.2 -30368 15780
11058 140 2.2 -30208 15366
11201 140 2.2 -29784 14488
11345 140 2.2 -29756 15312
11491 140 2.2 -30176 15656
11640 140 2.2 -30612 15892
11790 140 2.2 -29696 14216
11942 140 2.2 -30328 15490
12096 140 2.2 -30492 15466
12252 140 2.2 -30672 15826
12410 140 2.2 -30152 15300
12570 140 2.2 -30172 15282
12732 140 2.2 -30508 15820
12896 140 2.2 -30428 15674
13062 140 2.2 -30228 15590
13231 140 2.2 -30700 15586
13402 140 2.2 -29976 15368
13574 140 2.2 -29560 14848
13750 140 2.2 -30336 15356
13927 140 2.2 -29656 14542
14106 140 2.2 -29980 15226
14288 140 2.2 -30276 15828
14473 140 2.2 -29884 15364
14659 140 2.2 -30676 15732
14848 140 2.2 -29796 15194
15040 140 2.2 -30092 15392
15234 140 2.2 -30488 15682
15430 140 2.2 -30688 15904
15629 140 2.2 -29952 15558
15831 140 2.2 -29900 14918
16035 140 2.2 -30700 15836
16242 140 2.2 -30368 15498
16451 140 2.2 -30336 15558
16664 140 2.2 -30276 15628
16879 140 2.2 -30164 15518
17096 140 2.2 -30628 15826
17317 140 2.2 -30352 15308
17540 140 2.2 -30444 15558
17766 140 2.2 -29936 15358
17995 140 2.2 -29956 15152
18228 140 2.2 -29820 14722
18463 140 2.2 -30104 15336
18701 140 2.2 -30500 15584
18942 140 2.2 -30152 15394
19186 140 2.2 -30560 15850
19434 140 2.2 -30916 15984
19684 140 2.2 -30476 16038
19938 140 2.2 -30376 15706
20195 140 2.2 -30780 15678
20456 140 2.2 -30216 15218
20720 140 2.2 -30072 15410
20987 140 2.2 -30336 15212
21258 140 2.2 -30424 15482
21532 140 2.2 -30364 15512
21810 140 2.2 -30868 16022
22091 140 2.2 -29912 14688
22376 140 2.2 -30684 15826
22664 140 2.2 -30520 15372
22957 140 2.2 -30660 15430
23253 140 2.2 -30484 15700
23553 140 2.2 -30296 15672
23856 140 2.2 -30096 15206
24164 140 2.2 -30596 15912
24476 140 2.2 -30540 15192
24791 140 2.2 -29996 15702
25111 140 2.2 -30264 15016
25435 140 2.2 -30656 15606
25763 140 2.2 -30020 15366
26095 140 2.2 -30232 15328
26432 140 2.2 -30164 14574
26773 140 2.2 -29948 15200
27118 140 2.2 -30116 15582
27468 140 2.2 -30488 15782
27822 140 2.2 -30540 15466
28181 140 2.2 -30124 15510
28545 140 2.2 -30600 15956
28913 140 2.2 -30672 15988
29286 140 2.2 -30380 15626
29663 140 2.2 -30444 15418
30046 140 2.2 -30760 15910
30434 140 2.2 -30112 15288
30826 140 2.2 -29904 15138
31224 140 2.2 -30260 14742
31626 140 2.2 -31288 16444
32034 140 2.2 -30612 15658
32447 140 2.2 -30108 15124
32866 140 2.2 -30856 16046
33290 140 2.2 -30236 15106
33719 140 2.2 -30524 15810
34154 140 2.2 -29712 14914
34595 140 2.2 -30160 15092
35041 140 2.2 -30180 15242
35493 140 2.2 -30348 15534
35951 140 2.2 -30636 15708
36414 140 2.2 -30196 15268
36884 140 2.2 -29756 14234
37360 140 2.2 -30716 15898
37841 140 2.2 -29856 14836
38330 140 2.2 -30944 16008
38824 140 2.2 -30324 15752
39325 140 2.2 -30136 15624
39832 140 2.2 -29828 15434
40346 140 2.2 -30040 15412
40866 140 2.2 -30928 15748
41393 140 2.2 -30732 15604
41927 140 2.2 -30504 15900
42468 140 2.2 -30424 15276
43015 140 2.2 -30728 15698
43570 140 2.2 -30528 15762
44132 140 2.2 -30300 15228
44701 140 2.2 -30744 16104
45278 140 2.2 -30212 15552
45862 140 2.2 -30380 15226
46453 140 2.2 -30820 15812
47053 140 2.2 -30520 15742
47660 140 2.2 -30116 15404
48274 140 2.2 -30304 15460
48897 140 2.2 -30936 16022
49528 140 2.2 -30540 15456
50166 140 2.2 -31028 15962
50813 140 2.2 -30348 15678
51469 140 2.2 -30944 15598
52133 140 2.2 -30744 15660
52805 140 2.2 -31220 16280
53486 140 2.2 -29272 13968
54176 140 2.2 -30576 15606
54875 140 2.2 -30996 16260
55582 140 2.2 -30072 15344
56299 140 2.2 -30564 15504
57025 140 2.2 -30244 15478
57761 140 2.2 -30028 14862
58506 140 2.2 -30732 15786
59261 140 2.2 -30576 15782
60025 140 2.2 -30364 15300
60799 140 2.2 -30220 15516
61583 140 2.2 -30548 15620
62378 140 2.2 -29936 15078
63182 140 2.2 -30048 14796
63997 140 2.2 -30168 15352
64822 140 2.2 -30464 15248
65658 140 2.2 -29628 14860
66505 140 2.2 -29916 15276
67363 140 2.2 -30288 14686
68232 140 2.2 -30648 15322
69112 140 2.2 -30020 15248
70003 140 2.2 -30312 15568
70906 140 2.2 -30364 15734
71821 140 2.2 -30456 15732
72747 140 2.2 -29976 14880
73685 140 2.2 -30164 15014
74636 140 2.2 -30288 15742
75599 140 2.2 -30712 15878
76574 140 2.2 -30516 15690
77561 140 2.2 -29840 15334
78562 140 2.2 -30436 15894
79575 140 2.2 -29956 15020
80601 140 2.2 -30660 15804
81641 140 2.2 -30504 16010
82694 140 2.2 -29816 14844
83760 140 2.2 -30640 15644
84841 140 2.2 -29828 14658
85935 140 2.2 -30376 15276
87043 140 2.2 -30204 15596
88166 140 2.2 -30244 15584
89303 140 2.2 -30612 15766
90455 140 2.2 -30168 15576
91622 140 2.2 -30088 15166
92803 140 2.2 -29768 15020
94000 140 2.2 -30416 15514
95213 140 2.2 -30044 14962
96441 140 2.2 -30020 15604
97685 140 2.2 -30288 15328
98945 140 2.2 -30512 15536
100221 140 2.2 -30236 15504
101513 140 2.2 -30228 15612
102823 140 2.2 -29860 14800
104149 140 2.2 -30256 15552
105492 140 2.2 -30320 15496
106853 140 2.2 -29764 14920
108231 140 2.2 -29380 13870
109627 140 2.2 -30632 15886
111041 140 2.2 -29932 14740
112473 140 2.2 -30628 15726
113924 140 2.2 -30184 14332
115393 140 2.2 -30136 15680
116882 140 2.2 -30276 15116
118389 140 2.2 -30272 15738
119916 140 2.2 -30564 15572
121463 140 2.2 -30736 15902
123029 140 2.2 -30072 15672
124616 140 2.2 -30884 16142
126224 140 2.2 -30508 15030
127852 140 2.2 -29588 14698
129501 140 2.2 -29876 15250
131171 140 2.2 -30744 15670
132863 140 2.2 -30364 15010
134576 140 2.2 -30084 15270
136312 140 2.2 -30660 15482
138070 140 2.2 -30164 15516
139851 140 2.2 -29864 14908
141655 140 2.2 -30040 15178
143482 140 2.2 -29856 14022
145333 140 2.2 -30156 15088
147207 140 2.2 -30220 15324
149106 140 2.2 -30376 15272
151029 140 2.2 -31308 16028
152977 140 2.2 -30608 15940
154950 140 2.2 -30320 15562
156948 140 2.2 -30360 15594
158973 140 2.2 -30352 15668
161023 140 2.2 -30480 15940
163100 140 2.2 -29856 14800
165204 140 2.2 -30188 15292
167334 140 2.2 -29612 14716
169493 140 2.2 -30012 15004
171679 140 2.2 -30848 15276
173893 140 2.2 -29908 15186
176136 140 2.2 -30636 15218
178408 140 2.2 -30432 15698
180709 140 2.2 -30992 15826
183040 140 2.2 -29976 15160
185400 140 2.2 -30364 15578
187792 140 2.2 -30692 15354
190214 140 2.2 -30732 15072
192667 140 2.2 -30132 15492
195152 140 2.2 -30568 15688
197669 140 2.2 -30676 15856
200219 140 2.2 -30744 15700
202801 140 2.2 -30136 15172
205417 140 2.2 -30688 15926
208066 140 2.2 -30316 15180
210750 140 2.2 -30156 15246
213468 140 2.2 -30340 15442
216222 140 2.2 -29576 14836
219010 140 2.2 -31004 15898
221835 140 2.2 -30192 15640
224696 140 2.2 -30652 16076
227595 140 2.2 -30120 15080
230530 140 2.2 -30176 15642
233503 140 2.2 -29976 15100
236515 140 2.2 -30252 15526
239566 140 2.2 -29812 14950
242656 140 2.2 -30248 15058
245785 140 2.2 -30332 15040
248956 140 2.2 -30120 14974
252167 140 2.2 -30944 15932
255419 140 2.2 -30196 15178
258713 140 2.2 -30904 15800
262050 140 2.2 -30640 15764
265430 140 2.2 -30764 15220
268854 140 2.2 -30276 15486
272321 140 2.2 -30240 15472
275834 140 2.2 -30304 15626
279391 140 2.2 -30496 15528
282995 140 2.2 -30536 15516
286645 140 2.2 -30716 16200
290342 140 2.2 -30084 15086
294087 140 2.2 -29580 14466
297880 140 2.2 -29660 14886
301722 140 2.2 -30508 15408
305614 140 2.2 -30600 15762
309556 140 2.2 -30532 15784
313548 140 2.2 -30160 15568
317592 140 2.2 -30208 15256
321689 140 2.2 -30332 14744
325838 140 2.2 -29844 14600
330040 140 2.2 -29580 14384
334297 140 2.2 -30512 15532
338609 140 2.2 -30220 14436
342976 140 2.2 -31084 15944
347400 140 2.2 -30944 15612
351881 140 2.2 -29372 14664
356419 140 2.2 -30228 14850
361016 140 2.2 -30948 16252
365673 140 2.2 -29772 15202
370389 140 2.2 -30748 15878
375167 140 2.2 -30008 15698
380005 140 2.2 -30732 15846
384907 140 2.2 -29972 15336
389871 140 2.2 -30344 14940
394900 140 2.2 -30212 15072
399993 140 2.2 -30420 15358
405152 140 2.2 -30608 15704
410378 140 2.2 -30456 15630
415671 140 2.2 -30876 15876
421032 140 2.2 -30524 15686
426463 140 2.2 -30172 14906
431963 140 2.2 -30308 15492
437535 140 2.2 -30512 15652
443178 140 2.2 -29880 15140
448894 140 2.2 -29920 15130
454684 140 2.2 -30372 15696
460548 140 2.2 -29868 14898
466489 140 2.2 -30136 14332
472505 140 2.2 -29820 14996
478600 140 2.2 -30284 15188
484773 140 2.2 -30200 14732
491025 140 2.2 -29952 15008
497358 140 2.2 -30776 15560
503773 140 2.2 -30572 15802
510271 140 2.2 -30744 15988
516852 140 2.2 -30488 16068
523519 140 2.2 -30072 15352
530271 140 2.2 -30632 15588
537111 140 2.2 -30824 15652
544038 140 2.2 -30496 15766
551055 140 2.2 -29976 15130
558163 140 2.2 -29820 15004
565362 140 2.2 -30316 15592
572654 140 2.2 -30392 15592
580040 140 2.2 -30004 14272
587521 140 2.2 -29944 15216
595099 140 2.2 -30468 15770
602775 140 2.2 -30756 15962
610549 140 2.2 -30192 14556
618424 140 2.2 -30456 15530
626400 140 2.2 -31068 16144
634480 140 2.2 -30316 15300
642663 140 2.2 -30300 15676
650952 140 2.2 -29836 15124
659348 140 2.2 -30160 15232
667853 140 2.2 -30020 14920
676467 140 2.2 -30476 15292
685192 140 2.2 -30548 15634
694029 140 2.2 -30520 16044
702981 140 2.2 -30376 15666
712048 140 2.2 -31040 15856
721232 140 2.2 -30116 15142
730534 140 2.2 -30892 15966
739957 140 2.2 -30332 15462
749500 140 2.2 -29684 15164
759168 140 2.2 -31048 15834
768959 140 2.2 -30608 15404
778877 140 2.2 -29492 14654
788923 140 2.2 -30144 15488
799099 140 2.2 -30840 15578
809405 140 2.2 -29600 14838
819845 140 2.2 -30720 15752
830419 140 2.2 -29824 15014
841130 140 2.2 -30752 16020
851979 140 2.2 -30128 15330
862968 140 2.2 -30836 15720
874098 140 2.2 -30528 15724
885373 140 2.2 -30440 15404
896792 140 2.2 -30688 15756
908359 140 2.2 -30256 15410
920075 140 2.2 -30324 15668
931942 140 2.2 -30296 15576
943962 140 2.2 -30436 14460
956137 140 2.2 -29480 13616
968470 140 2.2 -29880 15400
980961 140 2.2 -30160 15696
993613 140 2.2 -31144 16002
999999 140 2.2 -30696 15362
