3 20 2 -756 388
4 20 2 -744 384
5 20 2 -724 380
6 20 2 -700 370
7 20 2 -676 348
8 20 2 -692 364
9 20 2 -688 356
10 20 2 -716 374
11 20 2 -688 368
12 20 2 -748 386
13 20 2 -768 392
14 20 2 -728 380
15 20 2 -712 372
16 20 2 -748 386
17 20 2 -740 384
18 20 2 -704 374
19 20 2 -740 380
20 20 2 -708 370
21 20 2 -736 382
22 20 2 -704 372
23 20 2 -684 364
24 20 2 -680 360
25 20 2 -728 374
26 20 2 -688 358
27 20 2 -700 364
28 20 2 -724 366
29 20 2 -712 362
30 20 2 -708 368
31 20 2 -692 358
32 20 2 -700 364
33 20 2 -704 362
34 20 2 -736 374
35 20 2 -708 366
36 20 2 -712 374
37 20 2 -656 358
38 20 2 -740 382
39 20 2 -720 378
40 20 2 -724 374
41 20 2 -720 378
42 20 2 -728 374
43 20 2 -732 380
44 20 2 -712 374
45 20 2 -688 366
46 20 2 -688 360
47 20 2 -716 374
48 20 2 -728 376
49 20 2 -752 384
50 20 2 -748 386
51 20 2 -692 372
52 20 2 -712 376
53 20 2 -720 372
54 20 2 -692 366
55 20 2 -720 376
56 20 2 -696 370
57 20 2 -696 368
58 20 2 -736 380
59 20 2 -736 380
60 20 2 -712 370
61 20 2 -684 364
62 20 2 -720 378
63 20 2 -744 386
64 20 2 -732 382
65 20 2 -716 376
66 20 2 -724 376
67 20 2 -720 374
68 20 2 -724 378
69 20 2 -728 380
70 20 2 -732 382
71 20 2 -708 368
72 20 2 -696 368
73 20 2 -720 378
74 20 2 -724 374
75 20 2 -700 366
76 20 2 -728 382
77 20 2 -756 386
78 20 2 -744 384
79 20 2 -752 386
80 20 2 -744 386
81 20 2 -708 372
82 20 2 -720 366
83 20 2 -712 356
84 20 2 -704 360
85 20 2 -688 354
86 20 2 -672 340
88 20 2 -704 366
89 20 2 -688 364
90 20 2 -660 356
91 20 2 -688 356
92 20 2 -696 360
93 20 2 -716 376
95 20 2 -740 384
96 20 2 -724 378
97 20 2 -676 364
98 20 2 -656 350
99 20 2 -644 348
101 20 2 -640 336
102 20 2 -676 360
103 20 2 -700 374
105 20 2 -720 378
106 20 2 -728 376
107 20 2 -720 378
109 20 2 -676 362
110 20 2 -656 354
112 20 2 -672 360
113 20 2 -692 364
114 20 2 -660 356
116 20 2 -736 378
117 20 2 -720 374
119 20 2 -724 376
120 20 2 -736 378
122 20 2 -748 380
124 20 2 -740 382
125 20 2 -724 372
127 20 2 -688 368
128 20 2 -680 358
130 20 2 -748 386
132 20 2 -716 374
133 20 2 -684 368
135 20 2 -720 378
137 20 2 -724 380
139 20 2 -724 376
140 20 2 -700 372
142 20 2 -756 388
144 20 2 -704 372
146 20 2 -700 370
148 20 2 -688 364
150 20 2 -692 366
152 20 2 -672 352
154 20 2 -676 364
155 20 2 -672 356
157 20 2 -704 370
160 20 2 -732 376
162 20 2 -732 378
164 20 2 -704 372
166 20 2 -732 380
168 20 2 -692 368
170 20 2 -680 368
172 20 2 -684 366
174 20 2 -664 352
177 20 2 -700 368
179 20 2 -708 376
181 20 2 -732 382
184 20 2 -744 384
186 20 2 -716 374
188 20 2 -700 362
191 20 2 -688 364
193 20 2 -720 376
196 20 2 -688 362
198 20 2 -704 370
201 20 2 -768 390
203 20 2 -704 370
206 20 2 -624 332
209 20 2 -592 272
211 20 2 -628 308
214 20 2 -612 292
217 20 2 -668 314
220 20 2 -644 312
222 20 2 -664 318
225 20 2 -668 348
228 20 2 -708 366
231 20 2 -700 370
234 20 2 -728 380
237 20 2 -696 356
240 20 2 -692 364
243 20 2 -744 380
246 20 2 -700 366
250 20 2 -716 374
253 20 2 -720 372
256 20 2 -756 382
259 20 2 -696 366
263 20 2 -720 374
266 20 2 -736 368
269 20 2 -672 362
273 20 2 -716 376
276 20 2 -740 382
280 20 2 -664 360
284 20 2 -712 376
287 20 2 -704 370
291 20 2 -696 368
295 20 2 -700 362
298 20 2 -692 354
302 20 2 -692 358
306 20 2 -708 368
310 20 2 -672 358
314 20 2 -612 336
318 20 2 -620 334
322 20 2 -720 370
326 20 2 -732 382
331 20 2 -724 378
335 20 2 -656 354
339 20 2 -672 360
344 20 2 -728 376
348 20 2 -656 348
352 20 2 -708 372
357 20 2 -716 378
362 20 2 -632 346
366 20 2 -712 374
371 20 2 -712 370
376 20 2 -716 376
381 20 2 -696 368
385 20 2 -708 372
390 20 2 -720 378
395 20 2 -680 360
401 20 2 -684 356
406 20 2 -616 320
411 20 2 -716 376
416 20 2 -728 376
422 20 2 -684 360
427 20 2 -660 342
433 20 2 -692 358
438 20 2 -684 366
444 20 2 -700 370
449 20 2 -708 370
455 20 2 -712 370
461 20 2 -680 354
467 20 2 -728 376
473 20 2 -648 344
479 20 2 -720 368
485 20 2 -700 366
492 20 2 -676 356
498 20 2 -692 358
504 20 2 -724 378
511 20 2 -712 360
517 20 2 -680 344
524 20 2 -716 374
531 20 2 -716 378
538 20 2 -712 366
545 20 2 -708 372
552 20 2 -716 370
559 20 2 -752 388
566 20 2 -680 352
573 20 2 -716 370
581 20 2 -724 376
588 20 2 -640 346
596 20 2 -652 346
603 20 2 -720 378
611 20 2 -692 360
619 20 2 -704 370
627 20 2 -660 352
635 20 2 -700 360
643 20 2 -740 384
652 20 2 -688 350
660 20 2 -688 356
668 20 2 -696 360
677 20 2 -692 368
686 20 2 -716 366
695 20 2 -752 388
704 20 2 -708 374
713 20 2 -700 370
722 20 2 -732 376
731 20 2 -672 354
741 20 2 -600 278
750 20 2 -664 334
760 20 2 -700 356
770 20 2 -668 360
780 20 2 -736 382
790 20 2 -688 360
800 20 2 -680 348
810 20 2 -776 392
821 20 2 -712 374
831 20 2 -756 388
842 20 2 -676 362
853 20 2 -676 352
864 20 2 -732 370
875 20 2 -688 360
886 20 2 -688 348
897 20 2 -728 372
909 20 2 -704 368
921 20 2 -740 384
933 20 2 -672 356
945 20 2 -672 352
957 20 2 -720 372
969 20 2 -684 366
982 20 2 -680 360
994 20 2 -700 374
1007 20 2 -712 376
1020 20 2 -600 320
1033 20 2 -692 366
1047 20 2 -656 350
1060 20 2 -684 364
1074 20 2 -668 362
1088 20 2 -660 358
1102 20 2 -684 366
1116 20 2 -640 344
1130 20 2 -696 370
1145 20 2 -708 374
1160 20 2 -700 368
1174 20 2 -660 352
1190 20 2 -644 346
1205 20 2 -668 348
1220 20 2 -676 358
1236 20 2 -704 368
1252 20 2 -720 374
1268 20 2 -688 364
1285 20 2 -668 356
1301 20 2 -696 362
1318 20 2 -692 364
1335 20 2 -728 380
1352 20 2 -656 344
1370 20 2 -652 346
1387 20 2 -724 376
1405 20 2 -740 380
1423 20 2 -688 364
1442 20 2 -668 354
1460 20 2 -740 384
1479 20 2 -720 376
1498 20 2 -756 388
1517 20 2 -704 366
1537 20 2 -748 386
1557 20 2 -724 378
1577 20 2 -720 376
1597 20 2 -624 324
1618 20 2 -660 334
1639 20 2 -704 374
1660 20 2 -664 344
1681 20 2 -620 340
1703 20 2 -708 370
1725 20 2 -740 382
1747 20 2 -736 382
1770 20 2 -768 392
1792 20 2 -652 354
1816 20 2 -732 374
1839 20 2 -692 360
1863 20 2 -712 376
1887 20 2 -696 370
1911 20 2 -748 384
1936 20 2 -660 350
1961 20 2 -692 366
1986 20 2 -708 368
2012 20 2 -692 370
2037 20 2 -704 372
2064 20 2 -664 354
2090 20 2 -736 382
2117 20 2 -696 358
2145 20 2 -676 360
2172 20 2 -616 318
2200 20 2 -732 378
2229 20 2 -704 366
2257 20 2 -616 342
2286 20 2 -676 364
2316 20 2 -720 378
2346 20 2 -696 364
2376 20 2 -696 354
2407 20 2 -740 378
2438 20 2 -636 342
2469 20 2 -664 360
2501 20 2 -736 382
2533 20 2 -716 376
2566 20 2 -692 360
2599 20 2 -748 384
2633 20 2 -660 362
2667 20 2 -708 372
2701 20 2 -684 364
2736 20 2 -696 364
2771 20 2 -704 368
2807 20 2 -668 344
2843 20 2 -612 330
2880 20 2 -752 382
2917 20 2 -664 354
2954 20 2 -688 362
2992 20 2 -740 384
3031 20 2 -656 356
3070 20 2 -720 378
3110 20 2 -740 382
3150 20 2 -720 376
3190 20 2 -660 348
3232 20 2 -732 380
3273 20 2 -696 370
3315 20 2 -732 382
3358 20 2 -700 370
3402 20 2 -624 334
3445 20 2 -700 372
3490 20 2 -700 368
3535 20 2 -688 362
3580 20 2 -648 340
3627 20 2 -736 382
3673 20 2 -724 372
3721 20 2 -720 380
3769 20 2 -696 366
3817 20 2 -684 364
3867 20 2 -672 346
3916 20 2 -708 374
3967 20 2 -708 372
4018 20 2 -752 388
4070 20 2 -736 382
4122 20 2 -720 376
4176 20 2 -744 386
4229 20 2 -712 374
4284 20 2 -704 364
4339 20 2 -716 378
4395 20 2 -720 376
4452 20 2 -676 348
4509 20 2 -724 374
4567 20 2 -756 388
4626 20 2 -700 364
4686 20 2 -588 304
4746 20 2 -660 346
4808 20 2 -672 350
4870 20 2 -688 354
4932 20 2 -644 338
4996 20 2 -744 378
5060 20 2 -692 366
5126 20 2 -656 352
5192 20 2 -712 356
5259 20 2 -716 368
5327 20 2 -728 378
5395 20 2 -732 380
5465 20 2 -652 326
5535 20 2 -664 352
5607 20 2 -640 336
5679 20 2 -704 374
5752 20 2 -676 362
5826 20 2 -664 354
5902 20 2 -728 374
5978 20 2 -700 372
6055 20 2 -720 376
6133 20 2 -728 380
6212 20 2 -692 366
6292 20 2 -760 388
6373 20 2 -724 380
6455 20 2 -684 360
6539 20 2 -664 356
6623 20 2 -664 342
6708 20 2 -712 376
6795 20 2 -764 390
6883 20 2 -696 366
6971 20 2 -712 372
7061 20 2 -740 380
7152 20 2 -724 378
7245 20 2 -720 374
7338 20 2 -724 378
7433 20 2 -704 370
7529 20 2 -692 366
7626 20 2 -688 362
7724 20 2 -688 366
7824 20 2 -736 382
7925 20 2 -744 384
8027 20 2 -692 364
8130 20 2 -688 368
8235 20 2 -736 378
8341 20 2 -652 348
8449 20 2 -712 372
8558 20 2 -740 382
8668 20 2 -708 366
8780 20 2 -708 364
8893 20 2 -732 380
9008 20 2 -680 358
9124 20 2 -700 366
9242 20 2 -692 364
9361 20 2 -708 372
9482 20 2 -660 348
9604 20 2 -728 380
9728 20 2 -696 368
9853 20 2 -704 366
9980 20 2 -604 318
10109 20 2 -668 348
10240 20 2 -728 372
10372 20 2 -632 350
10505 20 2 -764 390
10641 20 2 -748 380
10778 20 2 -640 346
10917 20 2 -712 372
11058 20 2 -684 358
11201 20 2 -672 360
11345 20 2 -712 376
11491 20 2 -656 338
11640 20 2 -688 354
11790 20 2 -620 332
11942 20 2 -676 362
12096 20 2 -696 366
12252 20 2 -760 390
12410 20 2 -708 370
12570 20 2 -688 350
12732 20 2 -600 290
12896 20 2 -712 374
13062 20 2 -780 394
13231 20 2 -676 368
13402 20 2 -640 324
13574 20 2 -716 374
13750 20 2 -724 370
13927 20 2 -748 384
14106 20 2 -732 378
14288 20 2 -652 350
14473 20 2 -672 350
14659 20 2 -720 376
14848 20 2 -716 370
15040 20 2 -776 394
15234 20 2 -680 362
15430 20 2 -684 350
15629 20 2 -772 392
15831 20 2 -752 382
16035 20 2 -632 342
16242 20 2 -744 384
16451 20 2 -672 344
16664 20 2 -696 364
16879 20 2 -680 358
17096 20 2 -644 352
17317 20 2 -620 320
17540 20 2 -668 348
17766 20 2 -668 346
17995 20 2 -712 378
18228 20 2 -704 374
18463 20 2 -644 348
18701 20 2 -708 374
18942 20 2 -716 372
19186 20 2 -660 346
19434 20 2 -704 358
19684 20 2 -732 380
19938 20 2 -676 360
20195 20 2 -704 374
20456 20 2 -732 382
20720 20 2 -740 380
20987 20 2 -688 354
21258 20 2 -700 368
21532 20 2 -680 356
21810 20 2 -700 358
22091 20 2 -728 376
22376 20 2 -704 372
22664 20 2 -588 296
22957 20 2 -676 362
23253 20 2 -748 386
23553 20 2 -728 380
23856 20 2 -732 378
24164 20 2 -676 354
24476 20 2 -676 348
24791 20 2 -744 384
25111 20 2 -660 352
25435 20 2 -636 344
25763 20 2 -696 362
26095 20 2 -632 338
26432 20 2 -720 374
26773 20 2 -748 368
27118 20 2 -684 370
27468 20 2 -664 356
27822 20 2 -672 356
28181 20 2 -664 358
28545 20 2 -708 374
28913 20 2 -696 370
29286 20 2 -692 350
29663 20 2 -756 388
30046 20 2 -744 386
30434 20 2 -672 354
30826 20 2 -700 370
31224 20 2 -660 350
31626 20 2 -720 370
32034 20 2 -716 374
32447 20 2 -736 382
32866 20 2 -676 360
33290 20 2 -700 368
33719 20 2 -716 376
34154 20 2 -700 364
34595 20 2 -676 352
35041 20 2 -620 310
35493 20 2 -720 380
35951 20 2 -712 374
36414 20 2 -680 366
36884 20 2 -752 388
37360 20 2 -728 380
37841 20 2 -740 384
38330 20 2 -644 344
38824 20 2 -688 360
39325 20 2 -676 352
39832 20 2 -688 364
40346 20 2 -652 352
40866 20 2 -652 346
41393 20 2 -716 374
41927 20 2 -688 362
42468 20 2 -728 374
43015 20 2 -736 380
43570 20 2 -672 358
44132 20 2 -676 366
44701 20 2 -688 364
45278 20 2 -672 362
45862 20 2 -712 374
46453 20 2 -720 378
47053 20 2 -700 372
47660 20 2 -612 326
48274 20 2 -724 376
48897 20 2 -688 356
49528 20 2 -644 304
50166 20 2 -728 380
50813 20 2 -712 370
51469 20 2 -712 372
52133 20 2 -660 346
52805 20 2 -680 356
53486 20 2 -684 366
54176 20 2 -704 368
54875 20 2 -724 378
55582 20 2 -656 358
56299 20 2 -668 332
57025 20 2 -664 356
57761 20 2 -736 384
58506 20 2 -740 376
59261 20 2 -644 346
60025 20 2 -728 380
60799 20 2 -684 354
61583 20 2 -636 340
62378 20 2 -668 348
63182 20 2 -660 338
63997 20 2 -620 338
64822 20 2 -684 348
65658 20 2 -744 384
66505 20 2 -664 352
67363 20 2 -712 374
68232 20 2 -700 362
69112 20 2 -688 370
70003 20 2 -672 360
70906 20 2 -656 348
71821 20 2 -688 368
72747 20 2 -724 378
73685 20 2 -640 348
74636 20 2 -708 366
75599 20 2 -752 386
76574 20 2 -704 354
77561 20 2 -672 354
78562 20 2 -628 336
79575 20 2 -672 360
80601 20 2 -724 380
81641 20 2 -692 366
82694 20 2 -676 362
83760 20 2 -640 350
84841 20 2 -736 382
85935 20 2 -700 366
87043 20 2 -696 368
88166 20 2 -708 366
89303 20 2 -684 348
90455 20 2 -684 346
91622 20 2 -752 388
92803 20 2 -680 358
94000 20 2 -732 382
95213 20 2 -688 364
96441 20 2 -684 360
97685 20 2 -736 384
98945 20 2 -684 362
100221 20 2 -704 366
101513 20 2 -716 374
102823 20 2 -724 372
104149 20 2 -728 378
105492 20 2 -716 362
106853 20 2 -696 366
108231 20 2 -716 372
109627 20 2 -712 372
111041 20 2 -720 372
112473 20 2 -676 358
113924 20 2 -692 366
115393 20 2 -692 360
116882 20 2 -668 358
118389 20 2 -684 364
119916 20 2 -740 382
121463 20 2 -688 362
123029 20 2 -664 362
124616 20 2 -720 376
126224 20 2 -712 376
127852 20 2 -600 320
129501 20 2 -712 372
131171 20 2 -692 368
132863 20 2 -744 384
134576 20 2 -732 380
136312 20 2 -744 386
138070 20 2 -720 378
139851 20 2 -700 372
141655 20 2 -616 314
143482 20 2 -708 374
145333 20 2 -688 362
147207 20 2 -728 380
149106 20 2 -676 336
151029 20 2 -716 378
152977 20 2 -700 362
154950 20 2 -676 352
156948 20 2 -748 382
158973 20 2 -612 294
161023 20 2 -712 374
163100 20 2 -712 372
165204 20 2 -712 372
167334 20 2 -676 358
169493 20 2 -728 376
171679 20 2 -736 382
173893 20 2 -684 356
176136 20 2 -728 380
178408 20 2 -708 376
180709 20 2 -736 382
183040 20 2 -716 376
185400 20 2 -708 368
187792 20 2 -736 380
190214 20 2 -672 354
192667 20 2 -688 354
195152 20 2 -708 372
197669 20 2 -664 354
200219 20 2 -748 386
202801 20 2 -700 370
205417 20 2 -680 356
208066 20 2 -732 382
210750 20 2 -724 378
213468 20 2 -672 358
216222 20 2 -756 388
219010 20 2 -580 316
221835 20 2 -736 372
224696 20 2 -632 316
227595 20 2 -704 374
230530 20 2 -708 370
233503 20 2 -692 368
236515 20 2 -724 374
239566 20 2 -684 368
242656 20 2 -700 368
245785 20 2 -740 382
248956 20 2 -716 374
252167 20 2 -656 352
255419 20 2 -720 374
258713 20 2 -708 374
262050 20 2 -752 388
265430 20 2 -680 356
268854 20 2 -680 366
272321 20 2 -672 360
275834 20 2 -724 368
279391 20 2 -660 352
282995 20 2 -720 380
286645 20 2 -656 358
290342 20 2 -632 342
294087 20 2 -656 348
297880 20 2 -708 356
301722 20 2 -696 372
305614 20 2 -756 382
309556 20 2 -704 368
313548 20 2 -596 320
317592 20 2 -704 372
321689 20 2 -664 358
325838 20 2 -732 378
330040 20 2 -668 348
334297 20 2 -732 380
338609 20 2 -636 334
342976 20 2 -736 382
347400 20 2 -676 340
351881 20 2 -732 376
356419 20 2 -716 374
361016 20 2 -680 364
365673 20 2 -672 334
370389 20 2 -712 374
375167 20 2 -756 386
380005 20 2 -728 378
384907 20 2 -568 308
389871 20 2 -728 378
394900 20 2 -724 374
399993 20 2 -744 384
405152 20 2 -700 372
410378 20 2 -660 326
415671 20 2 -760 390
421032 20 2 -652 356
426463 20 2 -732 380
431963 20 2 -756 386
437535 20 2 -680 356
443178 20 2 -680 364
448894 20 2 -648 350
454684 20 2 -656 342
460548 20 2 -700 370
466489 20 2 -688 350
472505 20 2 -636 330
478600 20 2 -736 382
484773 20 2 -724 380
491025 20 2 -676 344
497358 20 2 -720 378
503773 20 2 -672 340
510271 20 2 -720 378
516852 20 2 -692 352
523519 20 2 -684 364
530271 20 2 -704 368
537111 20 2 -652 326
544038 20 2 -740 382
551055 20 2 -716 374
558163 20 2 -724 378
565362 20 2 -720 380
572654 20 2 -764 390
580040 20 2 -660 346
587521 20 2 -700 366
595099 20 2 -708 370
602775 20 2 -660 350
610549 20 2 -716 370
618424 20 2 -712 376
626400 20 2 -684 352
634480 20 2 -720 374
642663 20 2 -652 334
650952 20 2 -616 332
659348 20 2 -664 346
667853 20 2 -728 376
676467 20 2 -728 376
685192 20 2 -716 374
694029 20 2 -704 368
702981 20 2 -676 362
712048 20 2 -732 378
721232 20 2 -732 380
730534 20 2 -724 378
739957 20 2 -680 352
749500 20 2 -680 350
759168 20 2 -752 388
768959 20 2 -748 382
778877 20 2 -732 376
788923 20 2 -716 374
799099 20 2 -652 348
809405 20 2 -644 344
819845 20 2 -696 370
830419 20 2 -688 354
841130 20 2 -720 374
851979 20 2 -720 366
862968 20 2 -684 358
874098 20 2 -672 356
885373 20 2 -660 310
896792 20 2 -708 372
908359 20 2 -660 346
920075 20 2 -652 340
931942 20 2 -720 376
943962 20 2 -692 368
956137 20 2 -720 370
968470 20 2 -712 374
980961 20 2 -716 374
993613 20 2 -728 380
999999 20 2 -700 368
