3 20 2.2 -700 368
4 20 2.2 -696 368
5 20 2.2 -708 376
6 20 2.2 -668 356
7 20 2.2 -624 346
8 20 2.2 -676 358
9 20 2.2 -696 370
10 20 2.2 -712 376
11 20 2.2 -704 374
12 20 2.2 -704 374
13 20 2.2 -732 372
14 20 2.2 -696 362
15 20 2.2 -692 368
16 20 2.2 -680 356
17 20 2.2 -652 354
18 20 2.2 -648 344
19 20 2.2 -620 334
20 20 2.2 -624 326
21 20 2.2 -596 318
22 20 2.2 -600 322
23 20 2.2 -588 322
24 20 2.2 -580 310
25 20 2.2 -624 326
26 20 2.2 -632 326
27 20 2.2 -664 334
28 20 2.2 -600 312
29 20 2.2 -620 320
30 20 2.2 -644 316
31 20 2.2 -612 300
32 20 2.2 -616 318
33 20 2.2 -628 338
34 20 2.2 -628 332
35 20 2.2 -628 340
36 20 2.2 -664 354
37 20 2.2 -640 346
38 20 2.2 -660 342
39 20 2.2 -636 334
40 20 2.2 -644 344
41 20 2.2 -656 354
42 20 2.2 -640 334
43 20 2.2 -620 320
44 20 2.2 -648 352
45 20 2.2 -640 348
46 20 2.2 -656 354
47 20 2.2 -704 372
48 20 2.2 -672 358
49 20 2.2 -656 358
50 20 2.2 -684 358
51 20 2.2 -684 362
52 20 2.2 -684 364
53 20 2.2 -684 360
54 20 2.2 -656 358
55 20 2.2 -684 362
56 20 2.2 -692 366
57 20 2.2 -708 372
58 20 2.2 -668 356
59 20 2.2 -696 372
60 20 2.2 -636 342
61 20 2.2 -688 360
62 20 2.2 -672 358
63 20 2.2 -652 354
64 20 2.2 -608 342
65 20 2.2 -616 340
66 20 2.2 -612 344
67 20 2.2 -604 334
68 20 2.2 -620 336
69 20 2.2 -620 334
70 20 2.2 -632 342
71 20 2.2 -648 346
72 20 2.2 -612 320
73 20 2.2 -596 302
74 20 2.2 -560 292
75 20 2.2 -576 290
76 20 2.2 -588 306
77 20 2.2 -572 312
78 20 2.2 -612 324
79 20 2.2 -640 334
80 20 2.2 -624 342
81 20 2.2 -660 352
82 20 2.2 -640 350
83 20 2.2 -640 346
84 20 2.2 -660 360
85 20 2.2 -664 358
86 20 2.2 -660 356
88 20 2.2 -652 356
89 20 2.2 -680 356
90 20 2.2 -676 350
91 20 2.2 -668 352
92 20 2.2 -692 342
93 20 2.2 -692 342
95 20 2.2 -648 334
96 20 2.2 -640 338
97 20 2.2 -628 332
98 20 2.2 -632 342
99 20 2.2 -636 334
101 20 2.2 -636 336
102 20 2.2 -620 330
103 20 2.2 -684 352
105 20 2.2 -676 356
106 20 2.2 -720 378
107 20 2.2 -652 358
109 20 2.2 -632 350
110 20 2.2 -664 352
112 20 2.2 -608 326
113 20 2.2 -664 352
114 20 2.2 -680 352
116 20 2.2 -636 344
117 20 2.2 -624 338
119 20 2.2 -600 330
120 20 2.2 -588 328
122 20 2.2 -524 296
124 20 2.2 -616 324
125 20 2.2 -648 344
127 20 2.2 -628 328
128 20 2.2 -676 344
130 20 2.2 -648 344
132 20 2.2 -656 348
133 20 2.2 -652 344
135 20 2.2 -628 322
137 20 2.2 -544 276
139 20 2.2 -604 310
140 20 2.2 -584 316
142 20 2.2 -620 330
144 20 2.2 -524 286
146 20 2.2 -548 302
148 20 2.2 -560 302
150 20 2.2 -652 324
152 20 2.2 -604 314
154 20 2.2 -600 320
155 20 2.2 -564 312
157 20 2.2 -652 344
160 20 2.2 -620 318
162 20 2.2 -640 318
164 20 2.2 -628 318
166 20 2.2 -660 362
168 20 2.2 -620 324
170 20 2.2 -592 312
172 20 2.2 -568 298
174 20 2.2 -612 318
177 20 2.2 -612 324
179 20 2.2 -568 286
181 20 2.2 -648 338
184 20 2.2 -600 314
186 20 2.2 -580 302
188 20 2.2 -600 282
191 20 2.2 -576 290
193 20 2.2 -600 284
196 20 2.2 -544 226
198 20 2.2 -588 214
201 20 2.2 -584 220
203 20 2.2 -536 226
206 20 2.2 -560 186
209 20 2.2 -560 176
211 20 2.2 -508 188
214 20 2.2 -568 216
217 20 2.2 -568 194
220 20 2.2 -552 180
222 20 2.2 -544 190
225 20 2.2 -536 134
228 20 2.2 -532 176
231 20 2.2 -488 162
234 20 2.2 -420 162
237 20 2.2 -536 222
240 20 2.2 -548 226
243 20 2.2 -568 240
246 20 2.2 -524 262
250 20 2.2 -604 292
253 20 2.2 -556 256
256 20 2.2 -568 280
259 20 2.2 -572 274
263 20 2.2 -576 272
266 20 2.2 -556 258
269 20 2.2 -596 276
273 20 2.2 -588 262
276 20 2.2 -572 294
280 20 2.2 -552 284
284 20 2.2 -572 294
287 20 2.2 -568 300
291 20 2.2 -588 304
295 20 2.2 -608 330
298 20 2.2 -616 328
302 20 2.2 -628 338
306 20 2.2 -604 316
310 20 2.2 -720 372
314 20 2.2 -612 312
318 20 2.2 -616 326
322 20 2.2 -520 268
326 20 2.2 -572 246
331 20 2.2 -564 192
335 20 2.2 -568 184
339 20 2.2 -572 226
344 20 2.2 -608 316
348 20 2.2 -668 362
352 20 2.2 -628 346
357 20 2.2 -716 370
362 20 2.2 -684 364
366 20 2.2 -696 368
371 20 2.2 -632 338
376 20 2.2 -616 342
381 20 2.2 -692 362
385 20 2.2 -624 324
390 20 2.2 -572 324
395 20 2.2 -720 374
401 20 2.2 -692 366
406 20 2.2 -560 312
411 20 2.2 -640 342
416 20 2.2 -708 372
422 20 2.2 -684 368
427 20 2.2 -608 308
433 20 2.2 -580 300
438 20 2.2 -588 300
444 20 2.2 -620 298
449 20 2.2 -576 232
455 20 2.2 -608 262
461 20 2.2 -540 226
467 20 2.2 -548 238
473 20 2.2 -608 262
479 20 2.2 -584 282
485 20 2.2 -548 248
492 20 2.2 -680 364
498 20 2.2 -652 352
504 20 2.2 -632 334
511 20 2.2 -624 324
517 20 2.2 -612 322
524 20 2.2 -612 290
531 20 2.2 -524 230
538 20 2.2 -500 236
545 20 2.2 -560 224
552 20 2.2 -576 216
559 20 2.2 -540 252
566 20 2.2 -688 352
573 20 2.2 -620 322
581 20 2.2 -636 324
588 20 2.2 -596 320
596 20 2.2 -584 316
603 20 2.2 -632 326
611 20 2.2 -644 354
619 20 2.2 -628 336
627 20 2.2 -676 360
635 20 2.2 -580 302
643 20 2.2 -700 372
652 20 2.2 -640 342
660 20 2.2 -564 308
668 20 2.2 -560 276
677 20 2.2 -588 280
686 20 2.2 -572 248
695 20 2.2 -568 260
704 20 2.2 -700 368
713 20 2.2 -696 370
722 20 2.2 -688 356
731 20 2.2 -604 320
741 20 2.2 -636 338
750 20 2.2 -636 338
760 20 2.2 -620 338
770 20 2.2 -696 368
780 20 2.2 -576 302
790 20 2.2 -496 248
800 20 2.2 -632 234
810 20 2.2 -568 170
821 20 2.2 -516 180
831 20 2.2 -524 204
842 20 2.2 -588 298
853 20 2.2 -576 312
864 20 2.2 -692 360
875 20 2.2 -564 280
886 20 2.2 -612 262
897 20 2.2 -584 304
909 20 2.2 -652 320
921 20 2.2 -644 352
933 20 2.2 -600 324
945 20 2.2 -656 344
957 20 2.2 -684 360
969 20 2.2 -652 354
982 20 2.2 -684 356
994 20 2.2 -596 336
1007 20 2.2 -700 368
1020 20 2.2 -608 332
1033 20 2.2 -724 376
1047 20 2.2 -692 362
1060 20 2.2 -616 334
1074 20 2.2 -648 348
1088 20 2.2 -592 324
1102 20 2.2 -620 312
1116 20 2.2 -556 278
1130 20 2.2 -568 304
1145 20 2.2 -704 372
1160 20 2.2 -676 350
1174 20 2.2 -504 244
1190 20 2.2 -684 362
1205 20 2.2 -616 344
1220 20 2.2 -640 350
1236 20 2.2 -516 250
1252 20 2.2 -548 254
1268 20 2.2 -604 278
1285 20 2.2 -564 252
1301 20 2.2 -624 282
1318 20 2.2 -612 202
1335 20 2.2 -536 204
1352 20 2.2 -584 286
1370 20 2.2 -624 334
1387 20 2.2 -672 350
1405 20 2.2 -548 260
1423 20 2.2 -692 368
1442 20 2.2 -628 328
1460 20 2.2 -608 320
1479 20 2.2 -608 332
1498 20 2.2 -644 350
1517 20 2.2 -620 316
1537 20 2.2 -600 322
1557 20 2.2 -512 246
1577 20 2.2 -528 274
1597 20 2.2 -656 344
1618 20 2.2 -560 284
1639 20 2.2 -668 350
1660 20 2.2 -628 334
1681 20 2.2 -640 344
1703 20 2.2 -704 372
1725 20 2.2 -616 334
1747 20 2.2 -652 340
1770 20 2.2 -592 284
1792 20 2.2 -672 356
1816 20 2.2 -552 308
1839 20 2.2 -672 360
1863 20 2.2 -716 376
1887 20 2.2 -608 326
1911 20 2.2 -664 340
1936 20 2.2 -688 352
1961 20 2.2 -676 362
1986 20 2.2 -612 326
2012 20 2.2 -608 316
2037 20 2.2 -576 260
2064 20 2.2 -544 256
2090 20 2.2 -536 190
2117 20 2.2 -604 292
2145 20 2.2 -652 320
2172 20 2.2 -564 272
2200 20 2.2 -560 272
2229 20 2.2 -588 274
2257 20 2.2 -696 364
2286 20 2.2 -644 352
2316 20 2.2 -640 338
2346 20 2.2 -524 282
2376 20 2.2 -576 292
2407 20 2.2 -592 322
2438 20 2.2 -532 260
2469 20 2.2 -596 316
2501 20 2.2 -612 336
2533 20 2.2 -644 340
2566 20 2.2 -520 198
2599 20 2.2 -600 314
2633 20 2.2 -616 326
2667 20 2.2 -616 332
2701 20 2.2 -640 338
2736 20 2.2 -640 332
2771 20 2.2 -712 374
2807 20 2.2 -620 308
2843 20 2.2 -652 316
2880 20 2.2 -588 300
2917 20 2.2 -632 336
2954 20 2.2 -624 324
2992 20 2.2 -692 370
3031 20 2.2 -624 324
3070 20 2.2 -708 358
3110 20 2.2 -656 336
3150 20 2.2 -636 304
3190 20 2.2 -616 340
3232 20 2.2 -488 280
3273 20 2.2 -640 346
3315 20 2.2 -636 302
3358 20 2.2 -608 326
3402 20 2.2 -568 220
3445 20 2.2 -576 204
3490 20 2.2 -620 340
3535 20 2.2 -624 344
3580 20 2.2 -620 328
3627 20 2.2 -668 352
3673 20 2.2 -608 324
3721 20 2.2 -556 290
3769 20 2.2 -644 348
3817 20 2.2 -704 368
3867 20 2.2 -612 300
3916 20 2.2 -640 328
3967 20 2.2 -588 324
4018 20 2.2 -684 360
4070 20 2.2 -616 340
4122 20 2.2 -676 364
4176 20 2.2 -668 352
4229 20 2.2 -644 302
4284 20 2.2 -608 338
4339 20 2.2 -628 346
4395 20 2.2 -592 306
4452 20 2.2 -548 196
4509 20 2.2 -480 -26
4567 20 2.2 -544 -196
4626 20 2.2 -612 -338
4686 20 2.2 -620 -312
4746 20 2.2 -524 -278
4808 20 2.2 -500 -248
4870 20 2.2 -596 -308
4932 20 2.2 -628 -328
4996 20 2.2 -664 -344
5060 20 2.2 -600 -322
5126 20 2.2 -548 -216
5192 20 2.2 -644 -344
5259 20 2.2 -688 -366
5327 20 2.2 -576 -326
5395 20 2.2 -740 -384
5465 20 2.2 -636 -338
5535 20 2.2 -656 -356
5607 20 2.2 -548 -252
5679 20 2.2 -680 -358
5752 20 2.2 -628 -344
5826 20 2.2 -640 -350
5902 20 2.2 -584 -306
5978 20 2.2 -652 -326
6055 20 2.2 -480 -224
6133 20 2.2 -624 -328
6212 20 2.2 -660 -358
6292 20 2.2 -644 -328
6373 20 2.2 -608 -290
6455 20 2.2 -552 -296
6539 20 2.2 -548 -298
6623 20 2.2 -620 -336
6708 20 2.2 -668 -354
6795 20 2.2 -576 -292
6883 20 2.2 -640 -346
6971 20 2.2 -648 -346
7061 20 2.2 -680 -360
7152 20 2.2 -568 -294
7245 20 2.2 -716 -374
7338 20 2.2 -620 -320
7433 20 2.2 -616 -314
7529 20 2.2 -628 -336
7626 20 2.2 -656 -354
7724 20 2.2 -616 -324
7824 20 2.2 -620 -252
7925 20 2.2 -632 -350
8027 20 2.2 -688 -362
8130 20 2.2 -564 -324
8235 20 2.2 -516 -220
8341 20 2.2 -636 -332
8449 20 2.2 -588 -312
8558 20 2.2 -644 -346
8668 20 2.2 -636 -352
8780 20 2.2 -628 -324
8893 20 2.2 -628 -344
9008 20 2.2 -732 -380
9124 20 2.2 -600 -272
9242 20 2.2 -588 -324
9361 20 2.2 -620 -322
9482 20 2.2 -592 -310
9604 20 2.2 -608 -332
9728 20 2.2 -584 -274
9853 20 2.2 -736 -380
9980 20 2.2 -628 -348
10109 20 2.2 -636 -344
10240 20 2.2 -616 -316
10372 20 2.2 -620 -334
10505 20 2.2 -692 -358
10641 20 2.2 -648 -350
10778 20 2.2 -532 -186
10917 20 2.2 -656 -352
11058 20 2.2 -592 -302
11201 20 2.2 -540 -266
11345 20 2.2 -692 -360
11491 20 2.2 -696 -368
11640 20 2.2 -644 -344
11790 20 2.2 -708 -374
11942 20 2.2 -584 -300
12096 20 2.2 -556 -306
12252 20 2.2 -708 -374
12410 20 2.2 -612 -296
12570 20 2.2 -676 -360
12732 20 2.2 -592 -320
12896 20 2.2 -688 -362
13062 20 2.2 -584 -296
13231 20 2.2 -616 -336
13402 20 2.2 -608 -328
13574 20 2.2 -628 -326
13750 20 2.2 -664 -330
13927 20 2.2 -660 -314
14106 20 2.2 -640 -298
14288 20 2.2 -568 -310
14473 20 2.2 -612 -332
14659 20 2.2 -600 -296
14848 20 2.2 -632 -312
15040 20 2.2 -684 -360
15234 20 2.2 -624 -304
15430 20 2.2 -652 -344
15629 20 2.2 -620 -324
15831 20 2.2 -652 -348
16035 20 2.2 -688 -364
16242 20 2.2 -624 -330
16451 20 2.2 -604 -328
16664 20 2.2 -632 -334
16879 20 2.2 -628 -336
17096 20 2.2 -700 -372
17317 20 2.2 -624 -340
17540 20 2.2 -656 -348
17766 20 2.2 -580 -318
17995 20 2.2 -656 -344
18228 20 2.2 -648 -330
18463 20 2.2 -676 -356
18701 20 2.2 -688 -360
18942 20 2.2 -632 -332
19186 20 2.2 -648 -340
19434 20 2.2 -584 -250
19684 20 2.2 -616 -324
19938 20 2.2 -572 -288
20195 20 2.2 -604 -326
20456 20 2.2 -656 -362
20720 20 2.2 -608 -304
20987 20 2.2 -600 -332
21258 20 2.2 -664 -348
21532 20 2.2 -656 -354
21810 20 2.2 -656 -330
22091 20 2.2 -656 -354
22376 20 2.2 -552 -314
22664 20 2.2 -668 -342
22957 20 2.2 -624 -340
23253 20 2.2 -560 -302
23553 20 2.2 -596 -314
23856 20 2.2 -636 -334
24164 20 2.2 -640 -342
24476 20 2.2 -600 -328
24791 20 2.2 -568 -166
25111 20 2.2 -624 -278
25435 20 2.2 -560 -94
25763 20 2.2 -600 -316
26095 20 2.2 -664 -348
26432 20 2.2 -644 -340
26773 20 2.2 -660 -336
27118 20 2.2 -660 -328
27468 20 2.2 -608 -310
27822 20 2.2 -580 -316
28181 20 2.2 -612 -256
28545 20 2.2 -596 -322
28913 20 2.2 -592 -316
29286 20 2.2 -676 -352
29663 20 2.2 -668 -358
30046 20 2.2 -656 -334
30434 20 2.2 -616 -334
30826 20 2.2 -460 -94
31224 20 2.2 -640 342
31626 20 2.2 -688 366
32034 20 2.2 -572 306
32447 20 2.2 -604 304
32866 20 2.2 -660 350
33290 20 2.2 -608 326
33719 20 2.2 -492 178
34154 20 2.2 -600 298
34595 20 2.2 -616 336
35041 20 2.2 -672 354
35493 20 2.2 -628 338
35951 20 2.2 -636 334
36414 20 2.2 -668 356
36884 20 2.2 -612 318
37360 20 2.2 -604 318
37841 20 2.2 -680 364
38330 20 2.2 -640 346
38824 20 2.2 -584 244
39325 20 2.2 -572 252
39832 20 2.2 -628 282
40346 20 2.2 -544 258
40866 20 2.2 -692 364
41393 20 2.2 -548 260
41927 20 2.2 -592 316
42468 20 2.2 -648 352
43015 20 2.2 -524 212
43570 20 2.2 -692 368
44132 20 2.2 -684 364
44701 20 2.2 -632 338
45278 20 2.2 -572 242
45862 20 2.2 -608 324
46453 20 2.2 -672 362
47053 20 2.2 -616 346
47660 20 2.2 -548 282
48274 20 2.2 -656 344
48897 20 2.2 -720 374
49528 20 2.2 -600 330
50166 20 2.2 -640 330
50813 20 2.2 -700 372
51469 20 2.2 -520 50
52133 20 2.2 -604 336
52805 20 2.2 -544 266
53486 20 2.2 -604 276
54176 20 2.2 -620 294
54875 20 2.2 -620 312
55582 20 2.2 -624 324
56299 20 2.2 -656 334
57025 20 2.2 -708 372
57761 20 2.2 -632 338
58506 20 2.2 -640 344
59261 20 2.2 -584 306
60025 20 2.2 -604 336
60799 20 2.2 -620 342
61583 20 2.2 -632 268
62378 20 2.2 -636 334
63182 20 2.2 -656 350
63997 20 2.2 -604 298
64822 20 2.2 -576 306
65658 20 2.2 -692 370
66505 20 2.2 -608 312
67363 20 2.2 -548 290
68232 20 2.2 -644 348
69112 20 2.2 -648 352
70003 20 2.2 -616 338
70906 20 2.2 -660 350
71821 20 2.2 -632 342
72747 20 2.2 -468 -68
73685 20 2.2 -444 -68
74636 20 2.2 -576 -302
75599 20 2.2 -656 -350
76574 20 2.2 -720 -372
77561 20 2.2 -632 328
78562 20 2.2 -564 286
79575 20 2.2 -620 324
80601 20 2.2 -608 318
81641 20 2.2 -604 292
82694 20 2.2 -664 352
83760 20 2.2 -660 346
84841 20 2.2 -632 336
85935 20 2.2 -520 254
87043 20 2.2 -592 320
88166 20 2.2 -652 348
89303 20 2.2 -688 366
90455 20 2.2 -628 -318
91622 20 2.2 -696 -368
92803 20 2.2 -628 -328
94000 20 2.2 -640 -334
95213 20 2.2 -560 -308
96441 20 2.2 -652 -354
97685 20 2.2 -632 -344
98945 20 2.2 -620 -332
100221 20 2.2 -632 -300
101513 20 2.2 -660 -344
102823 20 2.2 -528 -290
104149 20 2.2 -456 94
105492 20 2.2 -616 346
106853 20 2.2 -568 252
108231 20 2.2 -616 332
109627 20 2.2 -596 264
111041 20 2.2 -608 304
112473 20 2.2 -636 322
113924 20 2.2 -576 296
115393 20 2.2 -620 324
116882 20 2.2 -624 330
118389 20 2.2 -540 240
119916 20 2.2 -584 320
121463 20 2.2 -644 342
123029 20 2.2 -632 338
124616 20 2.2 -608 320
126224 20 2.2 -660 354
127852 20 2.2 -628 -338
129501 20 2.2 -596 -290
131171 20 2.2 -640 -334
132863 20 2.2 -600 -318
134576 20 2.2 -628 322
136312 20 2.2 -648 336
138070 20 2.2 -648 354
139851 20 2.2 -652 360
141655 20 2.2 -616 334
143482 20 2.2 -668 340
145333 20 2.2 -636 -328
147207 20 2.2 -584 -270
149106 20 2.2 -652 -350
151029 20 2.2 -672 -356
152977 20 2.2 -632 -300
154950 20 2.2 -612 -300
156948 20 2.2 -500 -246
158973 20 2.2 -556 -274
161023 20 2.2 -640 -340
163100 20 2.2 -528 -238
165204 20 2.2 -632 -338
167334 20 2.2 -580 -266
169493 20 2.2 -600 -290
171679 20 2.2 -616 -328
173893 20 2.2 -532 -214
176136 20 2.2 -648 -340
178408 20 2.2 -556 308
180709 20 2.2 -556 272
183040 20 2.2 -644 336
185400 20 2.2 -668 362
187792 20 2.2 -660 352
190214 20 2.2 -556 268
192667 20 2.2 -632 326
195152 20 2.2 -576 310
197669 20 2.2 -660 358
200219 20 2.2 -668 356
202801 20 2.2 -492 188
205417 20 2.2 -704 368
208066 20 2.2 -648 306
210750 20 2.2 -544 228
213468 20 2.2 -604 326
216222 20 2.2 -616 -332
219010 20 2.2 -644 -332
221835 20 2.2 -584 -284
224696 20 2.2 -672 -352
227595 20 2.2 -660 -358
230530 20 2.2 -564 -316
233503 20 2.2 -660 -348
236515 20 2.2 -716 -374
239566 20 2.2 -656 -342
242656 20 2.2 -600 -300
245785 20 2.2 -632 -284
248956 20 2.2 -560 -302
252167 20 2.2 -652 -354
255419 20 2.2 -636 -334
258713 20 2.2 -608 -334
262050 20 2.2 -528 72
265430 20 2.2 -664 344
268854 20 2.2 -652 358
272321 20 2.2 -548 286
275834 20 2.2 -652 352
279391 20 2.2 -604 334
282995 20 2.2 -592 280
286645 20 2.2 -684 356
290342 20 2.2 -600 268
294087 20 2.2 -632 -316
297880 20 2.2 -636 -330
301722 20 2.2 -564 -256
305614 20 2.2 -560 256
309556 20 2.2 -680 364
313548 20 2.2 -588 264
317592 20 2.2 -620 322
321689 20 2.2 -552 300
325838 20 2.2 -512 248
330040 20 2.2 -648 346
334297 20 2.2 -584 310
338609 20 2.2 -604 326
342976 20 2.2 -576 312
347400 20 2.2 -676 356
351881 20 2.2 -636 326
356419 20 2.2 -576 -248
361016 20 2.2 -636 -344
365673 20 2.2 -668 -352
370389 20 2.2 -568 -222
375167 20 2.2 -628 -350
380005 20 2.2 -656 -342
384907 20 2.2 -564 -284
389871 20 2.2 -612 -296
394900 20 2.2 -488 -94
399993 20 2.2 -620 -336
405152 20 2.2 -536 -256
410378 20 2.2 -664 -360
415671 20 2.2 -692 -360
421032 20 2.2 -688 -344
426463 20 2.2 -556 -276
431963 20 2.2 -536 -246
437535 20 2.2 -620 -316
443178 20 2.2 -616 338
448894 20 2.2 -548 308
454684 20 2.2 -604 326
460548 20 2.2 -612 338
466489 20 2.2 -596 316
472505 20 2.2 -628 344
478600 20 2.2 -644 344
484773 20 2.2 -676 362
491025 20 2.2 -600 302
497358 20 2.2 -648 346
503773 20 2.2 -652 322
510271 20 2.2 -528 274
516852 20 2.2 -576 274
523519 20 2.2 -624 328
530271 20 2.2 -588 302
537111 20 2.2 -652 -354
544038 20 2.2 -580 -294
551055 20 2.2 -488 4
558163 20 2.2 -608 -320
565362 20 2.2 -580 -266
572654 20 2.2 -596 -312
580040 20 2.2 -580 -328
587521 20 2.2 -628 -338
595099 20 2.2 -660 -350
602775 20 2.2 -648 -338
610549 20 2.2 -592 -330
618424 20 2.2 -452 -30
626400 20 2.2 -448 -234
634480 20 2.2 -628 320
642663 20 2.2 -720 -374
650952 20 2.2 -664 -336
659348 20 2.2 -620 -338
667853 20 2.2 -640 310
676467 20 2.2 -612 320
685192 20 2.2 -580 312
694029 20 2.2 -592 310
702981 20 2.2 -612 344
712048 20 2.2 -644 330
721232 20 2.2 -588 336
730534 20 2.2 -664 356
739957 20 2.2 -628 340
749500 20 2.2 -620 296
759168 20 2.2 -660 -356
768959 20 2.2 -560 262
778877 20 2.2 -640 -332
788923 20 2.2 -616 -300
799099 20 2.2 -576 -304
809405 20 2.2 -588 292
819845 20 2.2 -668 350
830419 20 2.2 -600 282
841130 20 2.2 -636 -306
851979 20 2.2 -560 -168
862968 20 2.2 -648 350
874098 20 2.2 -732 382
885373 20 2.2 -612 -328
896792 20 2.2 -648 338
908359 20 2.2 -568 -318
920075 20 2.2 -616 -342
931942 20 2.2 -600 -312
943962 20 2.2 -552 308
956137 20 2.2 -704 372
968470 20 2.2 -640 -324
980961 20 2.2 -692 362
993613 20 2.2 -584 308
999999 20 2.2 -628 340
