3 140 2.4 -31612 17016
4 140 2.4 -30576 16540
5 140 2.4 -29664 16098
6 140 2.4 -29272 15674
7 140 2.4 -28516 15284
8 140 2.4 -28100 14998
9 140 2.4 -27692 14840
10 140 2.4 -27692 14654
11 140 2.4 -27360 14240
12 140 2.4 -27136 14082
13 140 2.4 -26708 13784
14 140 2.4 -26488 13638
15 140 2.4 -26296 13514
16 140 2.4 -26424 13500
17 140 2.4 -26256 13350
18 140 2.4 -26324 13324
19 140 2.4 -26032 13184
20 140 2.4 -26408 13290
21 140 2.4 -26452 13134
22 140 2.4 -26296 12960
23 140 2.4 -25936 12696
24 140 2.4 -25872 12514
25 140 2.4 -25804 12408
26 140 2.4 -26024 12234
27 140 2.4 -25840 12306
28 140 2.4 -26028 12344
29 140 2.4 -25860 12230
30 140 2.4 -26064 12196
31 140 2.4 -25864 11930
32 140 2.4 -25876 11784
33 140 2.4 -25680 11722
34 140 2.4 -25776 11802
35 140 2.4 -25668 11712
36 140 2.4 -25672 11620
37 140 2.4 -25824 11650
38 140 2.4 -25636 11610
39 140 2.4 -25180 11470
40 140 2.4 -25340 11416
41 140 2.4 -25640 11380
42 140 2.4 -25512 11234
43 140 2.4 -25688 11180
44 140 2.4 -25260 11160
45 140 2.4 -25040 11008
46 140 2.4 -25200 11028
47 140 2.4 -25000 10800
48 140 2.4 -24996 10654
49 140 2.4 -24980 10748
50 140 2.4 -25432 10890
51 140 2.4 -25492 10812
52 140 2.4 -25256 10728
53 140 2.4 -25384 10886
54 140 2.4 -25412 10734
55 140 2.4 -25228 10466
56 140 2.4 -25084 10526
57 140 2.4 -24936 10532
58 140 2.4 -24472 10366
59 140 2.4 -24704 10378
60 140 2.4 -24868 10394
61 140 2.4 -25468 10516
62 140 2.4 -25148 10212
63 140 2.4 -24992 10356
64 140 2.4 -25256 10414
65 140 2.4 -25540 10416
66 140 2.4 -25336 10172
67 140 2.4 -24896 9992
68 140 2.4 -24624 9904
69 140 2.4 -24504 9796
70 140 2.4 -24424 9748
71 140 2.4 -24312 9654
72 140 2.4 -24132 9648
73 140 2.4 -24316 9520
74 140 2.4 -24472 9540
75 140 2.4 -24684 9436
76 140 2.4 -24492 9340
77 140 2.4 -24612 9512
78 140 2.4 -24164 9560
79 140 2.4 -24320 9414
80 140 2.4 -24404 9224
81 140 2.4 -24532 9424
82 140 2.4 -24264 9274
83 140 2.4 -24404 9316
84 140 2.4 -24472 9290
85 140 2.4 -24180 9156
86 140 2.4 -24172 9152
88 140 2.4 -24580 9064
89 140 2.4 -24468 8950
90 140 2.4 -24464 8802
91 140 2.4 -24316 8664
92 140 2.4 -24208 8720
93 140 2.4 -24488 8922
95 140 2.4 -24084 8738
96 140 2.4 -24200 8764
97 140 2.4 -24264 8478
98 140 2.4 -24088 8360
99 140 2.4 -24236 8544
101 140 2.4 -24144 8414
102 140 2.4 -24556 8602
103 140 2.4 -24808 8660
105 140 2.4 -24820 8826
106 140 2.4 -24484 8626
107 140 2.4 -24496 8470
109 140 2.4 -24448 8290
110 140 2.4 -24680 8418
112 140 2.4 -24196 7902
113 140 2.4 -24116 7730
114 140 2.4 -23824 7512
116 140 2.4 -24352 7670
117 140 2.4 -24568 7800
119 140 2.4 -24364 7650
120 140 2.4 -24164 7530
122 140 2.4 -24176 7512
124 140 2.4 -24284 7660
125 140 2.4 -24244 7356
127 140 2.4 -24328 7120
128 140 2.4 -24104 6764
130 140 2.4 -23840 6558
132 140 2.4 -24176 6390
133 140 2.4 -24108 6578
135 140 2.4 -24012 6436
137 140 2.4 -23916 6326
139 140 2.4 -23616 6546
140 140 2.4 -23724 6800
142 140 2.4 -23592 6702
144 140 2.4 -23672 6474
146 140 2.4 -23828 6630
148 140 2.4 -24068 6644
150 140 2.4 -24040 6848
152 140 2.4 -24132 6738
154 140 2.4 -23776 6556
155 140 2.4 -23644 6314
157 140 2.4 -23332 6252
160 140 2.4 -23572 6630
162 140 2.4 -23484 6726
164 140 2.4 -23984 7246
166 140 2.4 -24248 7218
168 140 2.4 -23784 6542
170 140 2.4 -23900 6748
172 140 2.4 -24100 6528
174 140 2.4 -23972 6696
177 140 2.4 -23688 6932
179 140 2.4 -23628 6414
181 140 2.4 -24080 6308
184 140 2.4 -23524 6158
186 140 2.4 -23468 5908
188 140 2.4 -23452 5936
191 140 2.4 -23424 6050
193 140 2.4 -23268 5790
196 140 2.4 -23180 5944
198 140 2.4 -23604 6110
201 140 2.4 -23724 6092
203 140 2.4 -23772 6192
206 140 2.4 -23588 6284
209 140 2.4 -23700 6178
211 140 2.4 -23704 6064
214 140 2.4 -23868 6150
217 140 2.4 -23648 6000
220 140 2.4 -23628 5990
222 140 2.4 -23776 5990
225 140 2.4 -23472 5284
228 140 2.4 -24064 5350
231 140 2.4 -24140 5628
234 140 2.4 -23576 5308
237 140 2.4 -23468 5498
240 140 2.4 -23940 4992
243 140 2.4 -24024 5106
246 140 2.4 -24104 5270
250 140 2.4 -24576 5476
253 140 2.4 -24024 4748
256 140 2.4 -23656 4444
259 140 2.4 -23472 3898
263 140 2.4 -23424 3852
266 140 2.4 -23060 4106
269 140 2.4 -23212 4146
273 140 2.4 -23572 4164
276 140 2.4 -23536 4108
280 140 2.4 -23492 3830
284 140 2.4 -23404 3896
287 140 2.4 -23672 3570
291 140 2.4 -23632 3132
295 140 2.4 -23636 3758
298 140 2.4 -24152 3448
302 140 2.4 -23440 3342
306 140 2.4 -23684 3412
310 140 2.4 -24196 3662
314 140 2.4 -24120 3676
318 140 2.4 -24104 3626
322 140 2.4 -23844 3820
326 140 2.4 -23608 3932
331 140 2.4 -23568 4010
335 140 2.4 -23160 3906
339 140 2.4 -22960 3470
344 140 2.4 -23252 3862
348 140 2.4 -23152 3784
352 140 2.4 -24460 4842
357 140 2.4 -23992 4774
362 140 2.4 -24064 4502
366 140 2.4 -23548 4500
371 140 2.4 -24088 4518
376 140 2.4 -23824 3938
381 140 2.4 -24092 4026
385 140 2.4 -24220 4376
390 140 2.4 -24080 4450
395 140 2.4 -24568 3972
401 140 2.4 -23852 4068
406 140 2.4 -23948 4326
411 140 2.4 -23728 4344
416 140 2.4 -24292 4548
422 140 2.4 -23572 3950
427 140 2.4 -24032 3744
433 140 2.4 -23764 3738
438 140 2.4 -23752 3592
444 140 2.4 -23880 4056
449 140 2.4 -23184 3744
455 140 2.4 -23868 4300
461 140 2.4 -24112 4414
467 140 2.4 -23692 4288
473 140 2.4 -23612 4174
479 140 2.4 -24044 3986
485 140 2.4 -24076 3526
492 140 2.4 -23976 3256
498 140 2.4 -23996 3096
504 140 2.4 -23496 3116
511 140 2.4 -23628 3426
517 140 2.4 -23684 3602
524 140 2.4 -24272 3690
531 140 2.4 -23768 3574
538 140 2.4 -23860 3736
545 140 2.4 -23612 3672
552 140 2.4 -23776 4262
559 140 2.4 -23724 3572
566 140 2.4 -24384 3750
573 140 2.4 -23852 3090
581 140 2.4 -24168 3044
588 140 2.4 -23728 3456
596 140 2.4 -23972 3516
603 140 2.4 -23660 3602
611 140 2.4 -24136 3712
619 140 2.4 -23656 2966
627 140 2.4 -24000 2682
635 140 2.4 -23628 2728
643 140 2.4 -23680 2796
652 140 2.4 -23744 2382
660 140 2.4 -24064 2946
668 140 2.4 -24404 3012
677 140 2.4 -23584 2160
686 140 2.4 -23208 1762
695 140 2.4 -23684 1644
704 140 2.4 -23292 1402
713 140 2.4 -23672 1274
722 140 2.4 -23940 1474
731 140 2.4 -23500 654
741 140 2.4 -23632 1306
750 140 2.4 -23368 1544
760 140 2.4 -22924 1158
770 140 2.4 -22964 1414
780 140 2.4 -23032 1672
790 140 2.4 -23028 1528
800 140 2.4 -23068 1548
810 140 2.4 -24076 1242
821 140 2.4 -24036 1360
831 140 2.4 -24320 1570
842 140 2.4 -23708 56
853 140 2.4 -23736 338
864 140 2.4 -24040 56
875 140 2.4 -23316 -152
886 140 2.4 -23788 102
897 140 2.4 -23380 274
909 140 2.4 -23800 82
921 140 2.4 -23236 -8
933 140 2.4 -23764 -460
945 140 2.4 -24156 -798
957 140 2.4 -23380 -882
969 140 2.4 -23332 -1128
982 140 2.4 -23492 -1588
994 140 2.4 -23748 -1474
1007 140 2.4 -23996 -718
1020 140 2.4 -23572 176
1033 140 2.4 -23964 -910
1047 140 2.4 -23976 -250
1060 140 2.4 -23720 -118
1074 140 2.4 -23336 -676
1088 140 2.4 -23368 -38
1102 140 2.4 -23588 194
1116 140 2.4 -23208 370
1130 140 2.4 -24000 868
1145 140 2.4 -23304 548
1160 140 2.4 -23720 72
1174 140 2.4 -23340 262
1190 140 2.4 -23452 -482
1205 140 2.4 -23508 -804
1220 140 2.4 -22812 -758
1236 140 2.4 -23224 -538
1252 140 2.4 -23072 -1296
1268 140 2.4 -23124 -12
1285 140 2.4 -22912 76
1301 140 2.4 -23556 28
1318 140 2.4 -23324 -724
1335 140 2.4 -23816 -358
1352 140 2.4 -23604 -1062
1370 140 2.4 -24160 -1346
1387 140 2.4 -23520 -1138
1405 140 2.4 -22900 -500
1423 140 2.4 -23948 -752
1442 140 2.4 -22912 -746
1460 140 2.4 -23408 -384
1479 140 2.4 -23368 -1138
1498 140 2.4 -23368 -1310
1517 140 2.4 -24296 -1460
1537 140 2.4 -24040 -1926
1557 140 2.4 -23996 -1302
1577 140 2.4 -23928 -902
1597 140 2.4 -23860 -508
1618 140 2.4 -24032 -972
1639 140 2.4 -23120 100
1660 140 2.4 -23056 -120
1681 140 2.4 -23808 -48
1703 140 2.4 -23892 -360
1725 140 2.4 -23580 362
1747 140 2.4 -24272 374
1770 140 2.4 -23596 826
1792 140 2.4 -23456 1212
1816 140 2.4 -23660 1150
1839 140 2.4 -23372 1648
1863 140 2.4 -23288 892
1887 140 2.4 -23024 166
1911 140 2.4 -24284 282
1936 140 2.4 -23700 -108
1961 140 2.4 -23964 -222
1986 140 2.4 -23452 -402
2012 140 2.4 -23876 10
2037 140 2.4 -23084 -476
2064 140 2.4 -23876 240
2090 140 2.4 -23904 1440
2117 140 2.4 -24416 2354
2145 140 2.4 -24048 1618
2172 140 2.4 -23656 1586
2200 140 2.4 -23788 1608
2229 140 2.4 -23344 862
2257 140 2.4 -23312 644
2286 140 2.4 -23396 104
2316 140 2.4 -23608 546
2346 140 2.4 -24444 848
2376 140 2.4 -24028 1208
2407 140 2.4 -24136 360
2438 140 2.4 -23916 336
2469 140 2.4 -23504 1090
2501 140 2.4 -23676 824
2533 140 2.4 -24116 978
2566 140 2.4 -24584 1348
2599 140 2.4 -23808 2222
2633 140 2.4 -23812 2042
2667 140 2.4 -23988 2812
2701 140 2.4 -24428 2084
2736 140 2.4 -23824 1240
2771 140 2.4 -23700 1522
2807 140 2.4 -23868 2492
2843 140 2.4 -23592 1130
2880 140 2.4 -23528 1148
2917 140 2.4 -24568 1368
2954 140 2.4 -23784 1606
2992 140 2.4 -23312 1852
3031 140 2.4 -23680 1158
3070 140 2.4 -23684 524
3110 140 2.4 -23644 14
3150 140 2.4 -23332 62
3190 140 2.4 -24328 1138
3232 140 2.4 -23356 74
3273 140 2.4 -23780 -1650
3315 140 2.4 -23184 -1442
3358 140 2.4 -23528 -1208
3402 140 2.4 -23628 -66
3445 140 2.4 -23384 -296
3490 140 2.4 -23468 12
3535 140 2.4 -23388 -314
3580 140 2.4 -23980 720
3627 140 2.4 -23316 382
3673 140 2.4 -23088 260
3721 140 2.4 -23460 542
3769 140 2.4 -23560 -740
3817 140 2.4 -23696 -888
3867 140 2.4 -23088 -922
3916 140 2.4 -22876 -1540
3967 140 2.4 -23660 -2774
4018 140 2.4 -23792 -1316
4070 140 2.4 -23920 -2300
4122 140 2.4 -23172 -2442
4176 140 2.4 -23576 -3188
4229 140 2.4 -24264 -3490
4284 140 2.4 -23608 -1736
4339 140 2.4 -23792 -1242
4395 140 2.4 -22572 -1354
4452 140 2.4 -24308 -1452
4509 140 2.4 -23340 -2344
4567 140 2.4 -23700 -1536
4626 140 2.4 -23212 -1304
4686 140 2.4 -23476 -322
4746 140 2.4 -23748 -1304
4808 140 2.4 -23720 -790
4870 140 2.4 -24024 -70
4932 140 2.4 -23456 742
4996 140 2.4 -22932 476
5060 140 2.4 -23808 1638
5126 140 2.4 -23492 756
5192 140 2.4 -23772 392
5259 140 2.4 -23408 244
5327 140 2.4 -23676 -1098
5395 140 2.4 -23576 -1068
5465 140 2.4 -23648 -1390
5535 140 2.4 -24144 -1268
5607 140 2.4 -24308 -1222
5679 140 2.4 -24028 -830
5752 140 2.4 -23080 -1462
5826 140 2.4 -23236 -416
5902 140 2.4 -23540 -1362
5978 140 2.4 -23344 -634
6055 140 2.4 -23480 -1414
6133 140 2.4 -24016 234
6212 140 2.4 -23040 -300
6292 140 2.4 -23800 34
6373 140 2.4 -23156 768
6455 140 2.4 -23440 746
6539 140 2.4 -23420 1096
6623 140 2.4 -23480 1426
6708 140 2.4 -23472 1550
6795 140 2.4 -23376 1300
6883 140 2.4 -23892 1212
6971 140 2.4 -23684 -1674
7061 140 2.4 -23160 -1004
7152 140 2.4 -23580 -1314
7245 140 2.4 -23400 -2538
7338 140 2.4 -22960 -1696
7433 140 2.4 -23692 -258
7529 140 2.4 -23280 -2472
7626 140 2.4 -23684 -4118
7724 140 2.4 -23320 -1448
7824 140 2.4 -24412 -234
7925 140 2.4 -22856 418
8027 140 2.4 -23932 -1098
8130 140 2.4 -22952 56
8235 140 2.4 -23740 296
8341 140 2.4 -23420 1866
8449 140 2.4 -23504 2118
8558 140 2.4 -23372 1052
8668 140 2.4 -23944 2980
8780 140 2.4 -23952 1046
8893 140 2.4 -23132 2136
9008 140 2.4 -23616 2732
9124 140 2.4 -24044 2100
9242 140 2.4 -24052 1984
9361 140 2.4 -23584 2482
9482 140 2.4 -24272 2386
9604 140 2.4 -23616 2062
9728 140 2.4 -23280 -1030
9853 140 2.4 -23320 930
9980 140 2.4 -23332 2054
10109 140 2.4 -23528 2396
10240 140 2.4 -23884 2598
10372 140 2.4 -23756 3358
10505 140 2.4 -24296 3166
10641 140 2.4 -23576 2082
10778 140 2.4 -23564 272
10917 140 2.4 -23776 -1214
11058 140 2.4 -24076 -950
11201 140 2.4 -23460 3108
11345 140 2.4 -23872 1822
11491 140 2.4 -24604 526
11640 140 2.4 -23804 1182
11790 140 2.4 -23828 -2026
11942 140 2.4 -23364 -1988
12096 140 2.4 -23812 -496
12252 140 2.4 -22860 384
12410 140 2.4 -23624 98
12570 140 2.4 -23264 -1606
12732 140 2.4 -23960 -3826
12896 140 2.4 -23740 -2412
13062 140 2.4 -23420 -2040
13231 140 2.4 -23524 -706
13402 140 2.4 -23796 714
13574 140 2.4 -23792 490
13750 140 2.4 -23592 2494
13927 140 2.4 -22952 3908
14106 140 2.4 -23544 2628
14288 140 2.4 -23716 656
14473 140 2.4 -24348 146
14659 140 2.4 -23912 362
14848 140 2.4 -23332 1416
15040 140 2.4 -24624 1952
15234 140 2.4 -23760 2060
15430 140 2.4 -23740 3694
15629 140 2.4 -23956 3156
15831 140 2.4 -22932 922
16035 140 2.4 -23344 2822
16242 140 2.4 -23412 -230
16451 140 2.4 -23540 -484
16664 140 2.4 -23176 -2346
16879 140 2.4 -23792 -1296
17096 140 2.4 -23452 -342
17317 140 2.4 -23208 -358
17540 140 2.4 -23788 -2278
17766 140 2.4 -23756 -1658
17995 140 2.4 -24064 -1088
18228 140 2.4 -23520 -638
18463 140 2.4 -23920 -2964
18701 140 2.4 -23464 -1900
18942 140 2.4 -23484 -112
19186 140 2.4 -23444 -982
19434 140 2.4 -23704 -3032
19684 140 2.4 -23776 -1656
19938 140 2.4 -24256 -1858
20195 140 2.4 -24116 -528
20456 140 2.4 -24264 1152
20720 140 2.4 -23964 -450
20987 140 2.4 -23672 -1300
21258 140 2.4 -23704 670
21532 140 2.4 -23604 -740
21810 140 2.4 -23268 -898
22091 140 2.4 -23228 -692
22376 140 2.4 -23556 -2142
22664 140 2.4 -23416 466
22957 140 2.4 -23436 1620
23253 140 2.4 -23188 666
23553 140 2.4 -23232 84
23856 140 2.4 -23644 -1458
24164 140 2.4 -23968 -2248
24476 140 2.4 -23376 1156
24791 140 2.4 -22456 256
25111 140 2.4 -23916 -90
25435 140 2.4 -23292 -974
25763 140 2.4 -23336 712
26095 140 2.4 -23584 -1742
26432 140 2.4 -23796 -1660
26773 140 2.4 -24164 -984
27118 140 2.4 -23904 -1050
27468 140 2.4 -23360 -814
27822 140 2.4 -23644 -532
28181 140 2.4 -23264 1794
28545 140 2.4 -23768 450
28913 140 2.4 -23192 3114
29286 140 2.4 -23748 1096
29663 140 2.4 -23816 -312
30046 140 2.4 -23168 -1876
30434 140 2.4 -22840 2014
30826 140 2.4 -24264 2500
31224 140 2.4 -23756 280
31626 140 2.4 -23684 74
32034 140 2.4 -23232 1098
32447 140 2.4 -23428 -1270
32866 140 2.4 -23832 -3186
33290 140 2.4 -23796 -3506
33719 140 2.4 -24104 2588
34154 140 2.4 -22768 410
34595 140 2.4 -23800 -2500
35041 140 2.4 -22960 -2152
35493 140 2.4 -23704 -2076
35951 140 2.4 -24244 -3508
36414 140 2.4 -23964 -1178
36884 140 2.4 -23360 -100
37360 140 2.4 -23944 612
37841 140 2.4 -23756 1468
38330 140 2.4 -23620 2872
38824 140 2.4 -23096 1602
39325 140 2.4 -24036 82
39832 140 2.4 -23512 1716
40346 140 2.4 -23572 -2092
40866 140 2.4 -23592 -1820
41393 140 2.4 -23512 -716
41927 140 2.4 -23204 1384
42468 140 2.4 -23160 3246
43015 140 2.4 -24012 2304
43570 140 2.4 -23012 2922
44132 140 2.4 -23304 -668
44701 140 2.4 -23360 4520
45278 140 2.4 -23532 4466
45862 140 2.4 -23104 3948
46453 140 2.4 -23816 1526
47053 140 2.4 -23324 936
47660 140 2.4 -23580 1664
48274 140 2.4 -23424 -948
48897 140 2.4 -23156 -418
49528 140 2.4 -23252 192
50166 140 2.4 -23556 -2848
50813 140 2.4 -23608 -1002
51469 140 2.4 -23140 418
52133 140 2.4 -22996 3560
52805 140 2.4 -23596 2366
53486 140 2.4 -24192 2298
54176 140 2.4 -23224 -3600
54875 140 2.4 -23220 -1700
55582 140 2.4 -23740 -464
56299 140 2.4 -24032 -3680
57025 140 2.4 -23596 88
57761 140 2.4 -24128 714
58506 140 2.4 -23712 -1744
59261 140 2.4 -23188 2434
60025 140 2.4 -23220 326
60799 140 2.4 -23796 -2144
61583 140 2.4 -22988 234
62378 140 2.4 -23264 -548
63182 140 2.4 -22944 482
63997 140 2.4 -24196 2244
64822 140 2.4 -23376 -1632
65658 140 2.4 -23376 818
66505 140 2.4 -23084 -454
67363 140 2.4 -23900 -488
68232 140 2.4 -23760 920
69112 140 2.4 -23788 -1460
70003 140 2.4 -23968 -4606
70906 140 2.4 -23632 474
71821 140 2.4 -23880 2018
72747 140 2.4 -24012 1202
73685 140 2.4 -23832 -742
74636 140 2.4 -23752 -908
75599 140 2.4 -23712 3900
76574 140 2.4 -23360 68
77561 140 2.4 -23216 730
78562 140 2.4 -23820 344
79575 140 2.4 -23524 -20
80601 140 2.4 -23476 2710
81641 140 2.4 -24056 -1656
82694 140 2.4 -24344 -2410
83760 140 2.4 -23728 774
84841 140 2.4 -23560 1544
85935 140 2.4 -23280 1078
87043 140 2.4 -23756 1148
88166 140 2.4 -23800 1496
89303 140 2.4 -23264 -608
90455 140 2.4 -23432 -94
91622 140 2.4 -23632 930
92803 140 2.4 -24056 -2346
94000 140 2.4 -23404 -288
95213 140 2.4 -23304 916
96441 140 2.4 -24080 -1660
97685 140 2.4 -23036 -1614
98945 140 2.4 -23712 1170
100221 140 2.4 -23416 -1802
101513 140 2.4 -23344 874
102823 140 2.4 -22968 3580
104149 140 2.4 -23504 -434
105492 140 2.4 -23812 1866
106853 140 2.4 -23372 -752
108231 140 2.4 -23480 56
109627 140 2.4 -23608 -370
111041 140 2.4 -23716 -270
112473 140 2.4 -23992 -538
113924 140 2.4 -23448 2106
115393 140 2.4 -23304 -652
116882 140 2.4 -23916 5032
118389 140 2.4 -23352 -1028
119916 140 2.4 -23708 460
121463 140 2.4 -23732 -34
123029 140 2.4 -24120 2274
124616 140 2.4 -23680 -2710
126224 140 2.4 -23664 -8
127852 140 2.4 -23088 -1890
129501 140 2.4 -24172 332
131171 140 2.4 -23316 -918
132863 140 2.4 -24196 -508
134576 140 2.4 -23684 -1816
136312 140 2.4 -24108 608
138070 140 2.4 -23668 3470
139851 140 2.4 -23784 2918
141655 140 2.4 -23616 -3430
143482 140 2.4 -24004 296
145333 140 2.4 -23132 -578
147207 140 2.4 -23364 -1762
149106 140 2.4 -22932 -814
151029 140 2.4 -23916 2094
152977 140 2.4 -23224 -3972
154950 140 2.4 -24404 1070
156948 140 2.4 -23152 466
158973 140 2.4 -23152 -96
161023 140 2.4 -24252 -3340
163100 140 2.4 -23936 -1976
165204 140 2.4 -23480 128
167334 140 2.4 -23596 2588
169493 140 2.4 -23116 -3220
171679 140 2.4 -23352 -328
173893 140 2.4 -23216 -1780
176136 140 2.4 -23780 1942
178408 140 2.4 -23480 452
180709 140 2.4 -23584 302
183040 140 2.4 -23200 1292
185400 140 2.4 -23656 -1464
187792 140 2.4 -23660 3948
190214 140 2.4 -23624 498
192667 140 2.4 -23276 120
195152 140 2.4 -24060 2240
197669 140 2.4 -23760 -546
200219 140 2.4 -23648 1998
202801 140 2.4 -23400 1896
205417 140 2.4 -23508 536
208066 140 2.4 -23424 -1112
210750 140 2.4 -23648 2110
213468 140 2.4 -24120 -294
216222 140 2.4 -23328 -1160
219010 140 2.4 -23336 -14
221835 140 2.4 -23324 -424
224696 140 2.4 -23684 72
227595 140 2.4 -24064 840
230530 140 2.4 -24160 -2834
233503 140 2.4 -23580 1658
236515 140 2.4 -23812 584
239566 140 2.4 -23568 1378
242656 140 2.4 -23880 -434
245785 140 2.4 -23268 -1678
248956 140 2.4 -23844 -1736
252167 140 2.4 -23540 748
255419 140 2.4 -23604 -3144
258713 140 2.4 -23232 1082
262050 140 2.4 -23740 438
265430 140 2.4 -23468 324
268854 140 2.4 -23580 738
272321 140 2.4 -23412 2654
275834 140 2.4 -22772 1024
279391 140 2.4 -24432 2444
282995 140 2.4 -24192 964
286645 140 2.4 -23916 -2266
290342 140 2.4 -24212 -936
294087 140 2.4 -23392 600
297880 140 2.4 -22824 1912
301722 140 2.4 -23372 -2830
305614 140 2.4 -24040 -146
309556 140 2.4 -23720 -3032
313548 140 2.4 -23572 -1314
317592 140 2.4 -23764 -3632
321689 140 2.4 -23040 1282
325838 140 2.4 -23340 -550
330040 140 2.4 -23340 -4588
334297 140 2.4 -22976 1660
338609 140 2.4 -23340 2706
342976 140 2.4 -23604 1968
347400 140 2.4 -23544 690
351881 140 2.4 -23788 -1252
356419 140 2.4 -23444 374
361016 140 2.4 -24016 -3644
365673 140 2.4 -23516 1944
370389 140 2.4 -23476 772
375167 140 2.4 -23636 -78
380005 140 2.4 -23400 868
384907 140 2.4 -23296 690
389871 140 2.4 -23176 -1550
394900 140 2.4 -23080 -98
399993 140 2.4 -23468 -1970
405152 140 2.4 -23788 -3180
410378 140 2.4 -23092 4588
415671 140 2.4 -24052 -1252
421032 140 2.4 -22984 1738
426463 140 2.4 -23564 -160
431963 140 2.4 -24004 -334
437535 140 2.4 -23940 -1198
443178 140 2.4 -23136 600
448894 140 2.4 -24164 -820
454684 140 2.4 -23432 -924
460548 140 2.4 -23140 278
466489 140 2.4 -23396 334
472505 140 2.4 -23980 1214
478600 140 2.4 -23412 -1064
484773 140 2.4 -23500 2088
491025 140 2.4 -23224 -1572
497358 140 2.4 -23528 362
503773 140 2.4 -24248 612
510271 140 2.4 -23736 690
516852 140 2.4 -24184 212
523519 140 2.4 -23972 -3036
530271 140 2.4 -23504 456
537111 140 2.4 -23532 -3232
544038 140 2.4 -23768 -32
551055 140 2.4 -23304 176
558163 140 2.4 -23976 48
565362 140 2.4 -23976 754
572654 140 2.4 -23280 -1064
580040 140 2.4 -23732 -260
587521 140 2.4 -23444 2326
595099 140 2.4 -23704 1362
602775 140 2.4 -23928 -1626
610549 140 2.4 -24372 542
618424 140 2.4 -23696 726
626400 140 2.4 -23748 -666
634480 140 2.4 -23624 456
642663 140 2.4 -23828 3306
650952 140 2.4 -24160 1992
659348 140 2.4 -24028 -1304
667853 140 2.4 -23796 -382
676467 140 2.4 -23848 -628
685192 140 2.4 -23720 -162
694029 140 2.4 -23716 870
702981 140 2.4 -23036 -662
712048 140 2.4 -23660 -324
721232 140 2.4 -23712 -702
730534 140 2.4 -23788 204
739957 140 2.4 -24060 -2826
749500 140 2.4 -23760 2508
759168 140 2.4 -23208 -2774
768959 140 2.4 -23632 3322
778877 140 2.4 -24348 -2172
788923 140 2.4 -23760 392
799099 140 2.4 -23468 -388
809405 140 2.4 -23964 -4110
819845 140 2.4 -23668 -2794
830419 140 2.4 -23716 510
841130 140 2.4 -23820 1432
851979 140 2.4 -23576 -2044
862968 140 2.4 -23836 904
874098 140 2.4 -23312 -1128
885373 140 2.4 -23320 1298
896792 140 2.4 -23192 738
908359 140 2.4 -23280 2506
920075 140 2.4 -23420 -860
931942 140 2.4 -23500 2780
943962 140 2.4 -23072 742
956137 140 2.4 -23436 384
968470 140 2.4 -23244 1116
980961 140 2.4 -23392 -308
993613 140 2.4 -23912 3012
999999 140 2.4 -23316 38
