3 20 2.2 -668 356
4 20 2.2 -640 338
5 20 2.2 -632 334
6 20 2.2 -696 362
7 20 2.2 -700 366
8 20 2.2 -652 358
9 20 2.2 -664 350
10 20 2.2 -704 364
11 20 2.2 -664 350
12 20 2.2 -696 374
13 20 2.2 -724 380
14 20 2.2 -724 380
15 20 2.2 -700 372
16 20 2.2 -704 372
17 20 2.2 -724 378
18 20 2.2 -692 366
19 20 2.2 -700 366
20 20 2.2 -676 362
21 20 2.2 -688 370
22 20 2.2 -652 348
23 20 2.2 -688 360
24 20 2.2 -696 368
25 20 2.2 -668 362
26 20 2.2 -644 348
27 20 2.2 -644 324
28 20 2.2 -616 318
29 20 2.2 -576 290
30 20 2.2 -548 292
31 20 2.2 -528 268
32 20 2.2 -568 256
33 20 2.2 -504 252
34 20 2.2 -548 260
35 20 2.2 -548 246
36 20 2.2 -524 248
37 20 2.2 -560 264
38 20 2.2 -568 256
39 20 2.2 -516 206
40 20 2.2 -512 196
41 20 2.2 -548 186
42 20 2.2 -544 186
43 20 2.2 -592 202
44 20 2.2 -504 198
45 20 2.2 -592 218
46 20 2.2 -604 214
47 20 2.2 -612 220
48 20 2.2 -612 244
49 20 2.2 -568 212
50 20 2.2 -560 222
51 20 2.2 -596 216
52 20 2.2 -544 200
53 20 2.2 -524 194
54 20 2.2 -516 170
55 20 2.2 -556 184
56 20 2.2 -556 188
57 20 2.2 -524 178
58 20 2.2 -576 186
59 20 2.2 -556 168
60 20 2.2 -560 194
61 20 2.2 -504 164
62 20 2.2 -484 166
63 20 2.2 -480 132
64 20 2.2 -492 124
65 20 2.2 -488 134
66 20 2.2 -516 120
67 20 2.2 -512 122
68 20 2.2 -548 128
69 20 2.2 -536 136
70 20 2.2 -556 148
71 20 2.2 -532 178
72 20 2.2 -580 176
73 20 2.2 -544 158
74 20 2.2 -516 188
75 20 2.2 -548 210
76 20 2.2 -600 232
77 20 2.2 -608 232
78 20 2.2 -580 232
79 20 2.2 -592 224
80 20 2.2 -524 212
81 20 2.2 -580 220
82 20 2.2 -556 218
83 20 2.2 -540 212
84 20 2.2 -512 212
85 20 2.2 -496 250
86 20 2.2 -528 284
88 20 2.2 -612 330
89 20 2.2 -640 348
90 20 2.2 -604 322
91 20 2.2 -584 314
92 20 2.2 -604 318
93 20 2.2 -580 310
95 20 2.2 -652 316
96 20 2.2 -600 286
97 20 2.2 -592 314
98 20 2.2 -608 306
99 20 2.2 -596 314
101 20 2.2 -584 316
102 20 2.2 -584 314
103 20 2.2 -620 312
105 20 2.2 -600 320
106 20 2.2 -644 330
107 20 2.2 -600 310
109 20 2.2 -628 324
110 20 2.2 -580 324
112 20 2.2 -592 318
113 20 2.2 -628 334
114 20 2.2 -588 324
116 20 2.2 -544 302
117 20 2.2 -592 320
119 20 2.2 -648 344
120 20 2.2 -640 336
122 20 2.2 -612 326
124 20 2.2 -604 328
125 20 2.2 -616 338
127 20 2.2 -620 334
128 20 2.2 -636 328
130 20 2.2 -676 354
132 20 2.2 -652 350
133 20 2.2 -672 350
135 20 2.2 -692 364
137 20 2.2 -692 366
139 20 2.2 -664 362
140 20 2.2 -680 364
142 20 2.2 -696 364
144 20 2.2 -656 348
146 20 2.2 -644 352
148 20 2.2 -628 346
150 20 2.2 -596 328
152 20 2.2 -616 338
154 20 2.2 -592 322
155 20 2.2 -612 290
157 20 2.2 -580 284
160 20 2.2 -520 262
162 20 2.2 -536 270
164 20 2.2 -548 260
166 20 2.2 -564 280
168 20 2.2 -572 292
170 20 2.2 -556 292
172 20 2.2 -612 314
174 20 2.2 -624 322
177 20 2.2 -576 312
179 20 2.2 -656 340
181 20 2.2 -676 354
184 20 2.2 -628 334
186 20 2.2 -548 296
188 20 2.2 -580 300
191 20 2.2 -628 312
193 20 2.2 -584 292
196 20 2.2 -536 262
198 20 2.2 -532 276
201 20 2.2 -628 308
203 20 2.2 -588 296
206 20 2.2 -652 310
209 20 2.2 -588 286
211 20 2.2 -600 302
214 20 2.2 -524 252
217 20 2.2 -536 232
220 20 2.2 -556 276
222 20 2.2 -540 282
225 20 2.2 -644 324
228 20 2.2 -628 312
231 20 2.2 -640 330
234 20 2.2 -656 342
237 20 2.2 -588 318
240 20 2.2 -652 350
243 20 2.2 -660 346
246 20 2.2 -612 322
250 20 2.2 -636 348
253 20 2.2 -700 366
256 20 2.2 -632 336
259 20 2.2 -624 322
263 20 2.2 -616 338
266 20 2.2 -640 338
269 20 2.2 -584 298
273 20 2.2 -560 284
276 20 2.2 -576 318
280 20 2.2 -552 290
284 20 2.2 -608 338
287 20 2.2 -672 328
291 20 2.2 -696 360
295 20 2.2 -632 334
298 20 2.2 -692 344
302 20 2.2 -612 326
306 20 2.2 -628 342
310 20 2.2 -676 358
314 20 2.2 -656 346
318 20 2.2 -696 370
322 20 2.2 -720 368
326 20 2.2 -624 344
331 20 2.2 -640 338
335 20 2.2 -668 354
339 20 2.2 -660 354
344 20 2.2 -580 318
348 20 2.2 -596 326
352 20 2.2 -656 326
357 20 2.2 -632 326
362 20 2.2 -624 318
366 20 2.2 -616 326
371 20 2.2 -636 338
376 20 2.2 -668 344
381 20 2.2 -624 328
385 20 2.2 -628 334
390 20 2.2 -568 312
395 20 2.2 -612 324
401 20 2.2 -640 338
406 20 2.2 -608 340
411 20 2.2 -604 336
416 20 2.2 -656 354
422 20 2.2 -628 344
427 20 2.2 -604 338
433 20 2.2 -672 358
438 20 2.2 -680 360
444 20 2.2 -636 342
449 20 2.2 -564 308
455 20 2.2 -732 380
461 20 2.2 -696 364
467 20 2.2 -696 368
473 20 2.2 -684 360
479 20 2.2 -676 360
485 20 2.2 -628 342
492 20 2.2 -616 330
498 20 2.2 -676 354
504 20 2.2 -656 350
511 20 2.2 -680 362
517 20 2.2 -600 326
524 20 2.2 -680 362
531 20 2.2 -668 358
538 20 2.2 -632 346
545 20 2.2 -664 350
552 20 2.2 -652 348
559 20 2.2 -640 310
566 20 2.2 -616 324
573 20 2.2 -556 300
581 20 2.2 -616 332
588 20 2.2 -612 324
596 20 2.2 -660 344
603 20 2.2 -596 328
611 20 2.2 -664 342
619 20 2.2 -608 324
627 20 2.2 -640 338
635 20 2.2 -632 342
643 20 2.2 -628 346
652 20 2.2 -684 368
660 20 2.2 -640 336
668 20 2.2 -584 306
677 20 2.2 -624 332
686 20 2.2 -600 322
695 20 2.2 -644 318
704 20 2.2 -568 278
713 20 2.2 -656 354
722 20 2.2 -628 320
731 20 2.2 -592 322
741 20 2.2 -648 338
750 20 2.2 -612 276
760 20 2.2 -544 220
770 20 2.2 -572 256
780 20 2.2 -592 266
790 20 2.2 -472 212
800 20 2.2 -512 118
810 20 2.2 -508 14
821 20 2.2 -488 12
831 20 2.2 -440 -22
842 20 2.2 -492 -32
853 20 2.2 -480 -56
864 20 2.2 -560 -168
875 20 2.2 -540 -164
886 20 2.2 -568 -260
897 20 2.2 -548 -286
909 20 2.2 -532 -300
921 20 2.2 -688 -366
933 20 2.2 -528 -264
945 20 2.2 -620 -338
957 20 2.2 -620 -324
969 20 2.2 -680 -368
982 20 2.2 -632 -348
994 20 2.2 -644 -344
1007 20 2.2 -612 -336
1020 20 2.2 -612 -318
1033 20 2.2 -540 -298
1047 20 2.2 -688 -366
1060 20 2.2 -620 -334
1074 20 2.2 -660 -342
1088 20 2.2 -676 -364
1102 20 2.2 -656 -348
1116 20 2.2 -632 -338
1130 20 2.2 -620 -326
1145 20 2.2 -600 -328
1160 20 2.2 -620 -338
1174 20 2.2 -628 -338
1190 20 2.2 -616 -336
1205 20 2.2 -676 -358
1220 20 2.2 -608 -334
1236 20 2.2 -608 -298
1252 20 2.2 -652 -356
1268 20 2.2 -604 -316
1285 20 2.2 -652 -346
1301 20 2.2 -620 -330
1318 20 2.2 -516 -212
1335 20 2.2 -628 -312
1352 20 2.2 -664 -354
1370 20 2.2 -628 -306
1387 20 2.2 -616 -328
1405 20 2.2 -596 -290
1423 20 2.2 -584 -310
1442 20 2.2 -656 -358
1460 20 2.2 -576 -300
1479 20 2.2 -664 -358
1498 20 2.2 -584 -320
1517 20 2.2 -652 -350
1537 20 2.2 -740 -380
1557 20 2.2 -688 -354
1577 20 2.2 -616 -322
1597 20 2.2 -652 -344
1618 20 2.2 -656 -350
1639 20 2.2 -716 -372
1660 20 2.2 -604 -326
1681 20 2.2 -668 -354
1703 20 2.2 -512 -278
1725 20 2.2 -500 -184
1747 20 2.2 -652 -350
1770 20 2.2 -584 -286
1792 20 2.2 -616 -306
1816 20 2.2 -652 -338
1839 20 2.2 -664 -352
1863 20 2.2 -696 -360
1887 20 2.2 -652 -352
1911 20 2.2 -572 -290
1936 20 2.2 -676 -338
1961 20 2.2 -680 -366
1986 20 2.2 -636 -334
2012 20 2.2 -664 -354
2037 20 2.2 -680 -360
2064 20 2.2 -684 -364
2090 20 2.2 -608 -306
2117 20 2.2 -540 -226
2145 20 2.2 -664 -354
2172 20 2.2 -496 -188
2200 20 2.2 -572 -230
2229 20 2.2 -592 -296
2257 20 2.2 -656 -342
2286 20 2.2 -588 -318
2316 20 2.2 -648 -344
2346 20 2.2 -600 -328
2376 20 2.2 -676 -358
2407 20 2.2 -640 -336
2438 20 2.2 -448 -182
2469 20 2.2 -644 -342
2501 20 2.2 -684 -362
2533 20 2.2 -624 -338
2566 20 2.2 -712 -364
2599 20 2.2 -656 -344
2633 20 2.2 -648 -344
2667 20 2.2 -608 -340
2701 20 2.2 -596 -330
2736 20 2.2 -632 -328
2771 20 2.2 -608 -284
2807 20 2.2 -684 -366
2843 20 2.2 -660 -348
2880 20 2.2 -596 -326
2917 20 2.2 -628 -318
2954 20 2.2 -576 -272
2992 20 2.2 -652 -344
3031 20 2.2 -596 -314
3070 20 2.2 -612 -344
3110 20 2.2 -644 -342
3150 20 2.2 -540 -302
3190 20 2.2 -628 -342
3232 20 2.2 -620 -302
3273 20 2.2 -508 -214
3315 20 2.2 -604 -316
3358 20 2.2 -620 -344
3402 20 2.2 -616 -342
3445 20 2.2 -628 -326
3490 20 2.2 -624 -344
3535 20 2.2 -664 -346
3580 20 2.2 -688 -368
3627 20 2.2 -604 -326
3673 20 2.2 -528 -256
3721 20 2.2 -568 -272
3769 20 2.2 -656 -344
3817 20 2.2 -656 -342
3867 20 2.2 -632 -324
3916 20 2.2 -612 -310
3967 20 2.2 -588 -272
4018 20 2.2 -604 -308
4070 20 2.2 -600 -314
4122 20 2.2 -524 -174
4176 20 2.2 -672 -350
4229 20 2.2 -684 -354
4284 20 2.2 -608 -318
4339 20 2.2 -648 -342
4395 20 2.2 -620 -332
4452 20 2.2 -576 -310
4509 20 2.2 -524 -230
4567 20 2.2 -668 -360
4626 20 2.2 -588 -312
4686 20 2.2 -652 -342
4746 20 2.2 -620 -322
4808 20 2.2 -628 -342
4870 20 2.2 -632 -306
4932 20 2.2 -592 -324
4996 20 2.2 -640 -320
5060 20 2.2 -520 -154
5126 20 2.2 -632 -332
5192 20 2.2 -612 -310
5259 20 2.2 -640 -312
5327 20 2.2 -556 -268
5395 20 2.2 -724 -376
5465 20 2.2 -608 -314
5535 20 2.2 -652 -334
5607 20 2.2 -600 -306
5679 20 2.2 -600 -308
5752 20 2.2 -516 -226
5826 20 2.2 -640 -348
5902 20 2.2 -644 -356
5978 20 2.2 -560 -280
6055 20 2.2 -644 -326
6133 20 2.2 -628 -334
6212 20 2.2 -516 -156
6292 20 2.2 -600 -320
6373 20 2.2 -632 -346
6455 20 2.2 -644 -340
6539 20 2.2 -672 -354
6623 20 2.2 -684 -366
6708 20 2.2 -664 -354
6795 20 2.2 -652 -352
6883 20 2.2 -652 -344
6971 20 2.2 -560 -310
7061 20 2.2 -572 -312
7152 20 2.2 -672 -358
7245 20 2.2 -672 -358
7338 20 2.2 -576 -260
7433 20 2.2 -596 -300
7529 20 2.2 -664 -358
7626 20 2.2 -644 -334
7724 20 2.2 -660 -342
7824 20 2.2 -604 -330
7925 20 2.2 -592 -332
8027 20 2.2 -588 -316
8130 20 2.2 -676 -346
8235 20 2.2 -616 -312
8341 20 2.2 -672 -348
8449 20 2.2 -512 -188
8558 20 2.2 -656 -256
8668 20 2.2 -588 -322
8780 20 2.2 -500 -90
8893 20 2.2 -608 -338
9008 20 2.2 -672 -360
9124 20 2.2 -564 -302
9242 20 2.2 -640 -324
9361 20 2.2 -672 -356
9482 20 2.2 -592 -288
9604 20 2.2 -620 -334
9728 20 2.2 -652 -340
9853 20 2.2 -684 -350
9980 20 2.2 -656 -318
10109 20 2.2 -632 -332
10240 20 2.2 -620 -332
10372 20 2.2 -664 -360
10505 20 2.2 -572 -278
10641 20 2.2 -676 -358
10778 20 2.2 -568 -322
10917 20 2.2 -624 -318
11058 20 2.2 -628 -346
11201 20 2.2 -580 -276
11345 20 2.2 -540 -298
11491 20 2.2 -636 -332
11640 20 2.2 -668 -336
11790 20 2.2 -604 -316
11942 20 2.2 -560 -236
12096 20 2.2 -644 -316
12252 20 2.2 -592 310
12410 20 2.2 -688 364
12570 20 2.2 -672 350
12732 20 2.2 -656 354
12896 20 2.2 -672 356
13062 20 2.2 -600 298
13231 20 2.2 -564 276
13402 20 2.2 -616 342
13574 20 2.2 -660 350
13750 20 2.2 -660 310
13927 20 2.2 -712 376
14106 20 2.2 -660 354
14288 20 2.2 -676 342
14473 20 2.2 -572 174
14659 20 2.2 -488 68
14848 20 2.2 -576 -294
15040 20 2.2 -640 -328
15234 20 2.2 -560 -302
15430 20 2.2 -580 -298
15629 20 2.2 -616 -314
15831 20 2.2 -600 -314
16035 20 2.2 -700 -374
16242 20 2.2 -644 -332
16451 20 2.2 -596 -288
16664 20 2.2 -640 -304
16879 20 2.2 -636 -340
17096 20 2.2 -636 -340
17317 20 2.2 -656 -338
17540 20 2.2 -644 -348
17766 20 2.2 -636 -310
17995 20 2.2 -636 -346
18228 20 2.2 -628 -332
18463 20 2.2 -608 -310
18701 20 2.2 -580 -280
18942 20 2.2 -648 -328
19186 20 2.2 -604 -326
19434 20 2.2 -664 -348
19684 20 2.2 -584 -272
19938 20 2.2 -648 -338
20195 20 2.2 -600 -248
20456 20 2.2 -640 -342
20720 20 2.2 -560 -284
20987 20 2.2 -540 -260
21258 20 2.2 -584 -252
21532 20 2.2 -552 -276
21810 20 2.2 -636 -320
22091 20 2.2 -552 -234
22376 20 2.2 -548 248
22664 20 2.2 -636 342
22957 20 2.2 -608 318
23253 20 2.2 -540 302
23553 20 2.2 -680 356
23856 20 2.2 -660 350
24164 20 2.2 -556 280
24476 20 2.2 -524 256
24791 20 2.2 -648 342
25111 20 2.2 -640 330
25435 20 2.2 -704 370
25763 20 2.2 -648 354
26095 20 2.2 -704 372
26432 20 2.2 -692 364
26773 20 2.2 -600 324
27118 20 2.2 -640 306
27468 20 2.2 -668 352
27822 20 2.2 -616 330
28181 20 2.2 -640 336
28545 20 2.2 -648 344
28913 20 2.2 -584 318
29286 20 2.2 -580 324
29663 20 2.2 -620 336
30046 20 2.2 -668 346
30434 20 2.2 -536 274
30826 20 2.2 -580 256
31224 20 2.2 -668 364
31626 20 2.2 -676 356
32034 20 2.2 -568 276
32447 20 2.2 -676 296
32866 20 2.2 -624 322
33290 20 2.2 -608 326
33719 20 2.2 -672 360
34154 20 2.2 -716 378
34595 20 2.2 -668 344
35041 20 2.2 -620 332
35493 20 2.2 -564 286
35951 20 2.2 -740 384
36414 20 2.2 -552 304
36884 20 2.2 -604 330
37360 20 2.2 -696 354
37841 20 2.2 -556 286
38330 20 2.2 -716 374
38824 20 2.2 -588 292
39325 20 2.2 -620 318
39832 20 2.2 -640 344
40346 20 2.2 -652 344
40866 20 2.2 -616 330
41393 20 2.2 -600 292
41927 20 2.2 -644 340
42468 20 2.2 -616 328
43015 20 2.2 -488 250
43570 20 2.2 -692 370
44132 20 2.2 -676 362
44701 20 2.2 -528 206
45278 20 2.2 -596 306
45862 20 2.2 -548 200
46453 20 2.2 -696 362
47053 20 2.2 -668 352
47660 20 2.2 -660 346
48274 20 2.2 -672 362
48897 20 2.2 -572 296
49528 20 2.2 -608 330
50166 20 2.2 -584 254
50813 20 2.2 -632 322
51469 20 2.2 -684 362
52133 20 2.2 -724 378
52805 20 2.2 -664 328
53486 20 2.2 -628 334
54176 20 2.2 -576 -318
54875 20 2.2 -620 -308
55582 20 2.2 -620 -324
56299 20 2.2 -684 -368
57025 20 2.2 -588 -300
57761 20 2.2 -660 -350
58506 20 2.2 -684 -362
59261 20 2.2 -616 -316
60025 20 2.2 -640 -326
60799 20 2.2 -676 -360
61583 20 2.2 -520 -254
62378 20 2.2 -572 -310
63182 20 2.2 -612 -344
63997 20 2.2 -528 -270
64822 20 2.2 -536 -272
65658 20 2.2 -648 -348
66505 20 2.2 -604 -320
67363 20 2.2 -632 -340
68232 20 2.2 -576 -314
69112 20 2.2 -632 -340
70003 20 2.2 -616 -242
70906 20 2.2 -640 -346
71821 20 2.2 -692 -362
72747 20 2.2 -592 -318
73685 20 2.2 -576 -310
74636 20 2.2 -648 -346
75599 20 2.2 -628 -324
76574 20 2.2 -648 -346
77561 20 2.2 -604 -328
78562 20 2.2 -604 -318
79575 20 2.2 -616 -328
80601 20 2.2 -580 -260
81641 20 2.2 -612 -326
82694 20 2.2 -648 -358
83760 20 2.2 -704 -364
84841 20 2.2 -532 -244
85935 20 2.2 -616 -336
87043 20 2.2 -488 -154
88166 20 2.2 -696 -364
89303 20 2.2 -680 -362
90455 20 2.2 -568 -302
91622 20 2.2 -564 -268
92803 20 2.2 -620 -340
94000 20 2.2 -656 -356
95213 20 2.2 -656 -348
96441 20 2.2 -640 -348
97685 20 2.2 -596 -312
98945 20 2.2 -660 -358
100221 20 2.2 -620 -330
101513 20 2.2 -720 -378
102823 20 2.2 -588 278
104149 20 2.2 -600 312
105492 20 2.2 -552 288
106853 20 2.2 -652 350
108231 20 2.2 -628 340
109627 20 2.2 -664 322
111041 20 2.2 -632 318
112473 20 2.2 -648 340
113924 20 2.2 -584 244
115393 20 2.2 -612 318
116882 20 2.2 -616 334
118389 20 2.2 -548 186
119916 20 2.2 -568 262
121463 20 2.2 -672 -358
123029 20 2.2 -568 -242
124616 20 2.2 -712 -372
126224 20 2.2 -620 -294
127852 20 2.2 -652 -336
129501 20 2.2 -632 -336
131171 20 2.2 -596 -312
132863 20 2.2 -660 -356
134576 20 2.2 -640 -338
136312 20 2.2 -684 -344
138070 20 2.2 -532 -238
139851 20 2.2 -580 286
141655 20 2.2 -664 344
143482 20 2.2 -628 324
145333 20 2.2 -564 6
147207 20 2.2 -656 344
149106 20 2.2 -452 -50
151029 20 2.2 -608 -338
152977 20 2.2 -652 -350
154950 20 2.2 -552 -230
156948 20 2.2 -588 -178
158973 20 2.2 -660 -356
161023 20 2.2 -504 -172
163100 20 2.2 -640 -344
165204 20 2.2 -588 -326
167334 20 2.2 -488 -260
169493 20 2.2 -632 -336
171679 20 2.2 -628 346
173893 20 2.2 -604 302
176136 20 2.2 -704 370
178408 20 2.2 -708 366
180709 20 2.2 -536 230
183040 20 2.2 -616 318
185400 20 2.2 -568 -308
187792 20 2.2 -700 -366
190214 20 2.2 -660 -270
192667 20 2.2 -660 -358
195152 20 2.2 -680 -358
197669 20 2.2 -644 -330
200219 20 2.2 -524 -246
202801 20 2.2 -664 -356
205417 20 2.2 -672 -348
208066 20 2.2 -648 -328
210750 20 2.2 -492 -62
213468 20 2.2 -660 -350
216222 20 2.2 -556 -272
219010 20 2.2 -676 -356
221835 20 2.2 -572 -300
224696 20 2.2 -568 -292
227595 20 2.2 -528 -176
230530 20 2.2 -700 -372
233503 20 2.2 -652 358
236515 20 2.2 -712 374
239566 20 2.2 -684 368
242656 20 2.2 -532 -250
245785 20 2.2 -636 -332
248956 20 2.2 -568 -284
252167 20 2.2 -564 -280
255419 20 2.2 -636 -324
258713 20 2.2 -644 -342
262050 20 2.2 -564 -296
265430 20 2.2 -512 -296
268854 20 2.2 -540 -234
272321 20 2.2 -664 -358
275834 20 2.2 -564 -280
279391 20 2.2 -496 38
282995 20 2.2 -648 354
286645 20 2.2 -500 -212
290342 20 2.2 -696 -366
294087 20 2.2 -660 -356
297880 20 2.2 -532 -154
301722 20 2.2 -644 -344
305614 20 2.2 -676 -368
309556 20 2.2 -616 318
313548 20 2.2 -588 310
317592 20 2.2 -664 336
321689 20 2.2 -540 262
325838 20 2.2 -588 320
330040 20 2.2 -620 340
334297 20 2.2 -568 292
338609 20 2.2 -548 272
342976 20 2.2 -600 328
347400 20 2.2 -516 -284
351881 20 2.2 -688 364
356419 20 2.2 -580 306
361016 20 2.2 -640 340
365673 20 2.2 -556 -290
370389 20 2.2 -676 -348
375167 20 2.2 -588 -310
380005 20 2.2 -636 -340
384907 20 2.2 -632 -348
389871 20 2.2 -556 280
394900 20 2.2 -680 364
399993 20 2.2 -668 358
405152 20 2.2 -664 -318
410378 20 2.2 -592 -242
415671 20 2.2 -660 -342
421032 20 2.2 -628 -332
426463 20 2.2 -684 350
431963 20 2.2 -636 326
437535 20 2.2 -540 290
443178 20 2.2 -588 278
448894 20 2.2 -568 308
454684 20 2.2 -648 340
460548 20 2.2 -640 348
466489 20 2.2 -612 326
472505 20 2.2 -548 272
478600 20 2.2 -572 314
484773 20 2.2 -636 318
491025 20 2.2 -664 348
497358 20 2.2 -600 306
503773 20 2.2 -552 206
510271 20 2.2 -608 342
516852 20 2.2 -544 218
523519 20 2.2 -624 316
530271 20 2.2 -612 -326
537111 20 2.2 -664 356
544038 20 2.2 -592 -294
551055 20 2.2 -688 -338
558163 20 2.2 -640 350
565362 20 2.2 -676 364
572654 20 2.2 -612 -308
580040 20 2.2 -656 -336
587521 20 2.2 -572 -306
595099 20 2.2 -672 -358
602775 20 2.2 -544 234
610549 20 2.2 -564 318
618424 20 2.2 -652 346
626400 20 2.2 -580 -320
634480 20 2.2 -532 -272
642663 20 2.2 -620 -310
650952 20 2.2 -588 292
659348 20 2.2 -524 136
667853 20 2.2 -632 -344
676467 20 2.2 -640 334
685192 20 2.2 -692 -360
694029 20 2.2 -568 -302
702981 20 2.2 -648 -350
712048 20 2.2 -608 282
721232 20 2.2 -700 360
730534 20 2.2 -576 256
739957 20 2.2 -660 360
749500 20 2.2 -480 -244
759168 20 2.2 -560 -294
768959 20 2.2 -604 324
778877 20 2.2 -632 -310
788923 20 2.2 -560 -314
799099 20 2.2 -612 314
809405 20 2.2 -560 -266
819845 20 2.2 -612 -288
830419 20 2.2 -644 -344
841130 20 2.2 -652 324
851979 20 2.2 -664 -358
862968 20 2.2 -604 -306
874098 20 2.2 -620 334
885373 20 2.2 -620 -322
896792 20 2.2 -628 -288
908359 20 2.2 -616 310
920075 20 2.2 -548 244
931942 20 2.2 -560 250
943962 20 2.2 -600 324
956137 20 2.2 -652 318
968470 20 2.2 -560 -274
980961 20 2.2 -576 -286
993613 20 2.2 -572 -314
999999 20 2.2 -652 338
