3 100 2.3 -16176 8718
4 100 2.3 -16196 8698
5 100 2.3 -15816 8456
6 100 2.3 -15880 8458
7 100 2.3 -15688 8372
8 100 2.3 -15656 8328
9 100 2.3 -15348 8240
10 100 2.3 -15452 8236
11 100 2.3 -15524 8246
12 100 2.3 -15808 8312
13 100 2.3 -15428 8198
14 100 2.3 -15388 8150
15 100 2.3 -15172 8082
16 100 2.3 -15152 7994
17 100 2.3 -14856 7922
18 100 2.3 -15024 7976
19 100 2.3 -15044 8046
20 100 2.3 -15208 8084
21 100 2.3 -15016 7924
22 100 2.3 -15056 7848
23 100 2.3 -14808 7796
24 100 2.3 -14792 7830
25 100 2.3 -14984 7886
26 100 2.3 -14824 7736
27 100 2.3 -14848 7742
28 100 2.3 -15088 7836
29 100 2.3 -15052 7766
30 100 2.3 -14932 7698
31 100 2.3 -14792 7552
32 100 2.3 -14636 7472
33 100 2.3 -14552 7456
34 100 2.3 -14508 7446
35 100 2.3 -14524 7592
36 100 2.3 -14576 7642
37 100 2.3 -14748 7664
38 100 2.3 -14680 7632
39 100 2.3 -14832 7786
40 100 2.3 -14944 7828
41 100 2.3 -14864 7736
42 100 2.3 -14588 7602
43 100 2.3 -14972 7704
44 100 2.3 -14884 7566
45 100 2.3 -14496 7308
46 100 2.3 -14696 7344
47 100 2.3 -14628 7268
48 100 2.3 -14624 7262
49 100 2.3 -14452 7136
50 100 2.3 -14404 7220
51 100 2.3 -14480 7172
52 100 2.3 -14412 7036
53 100 2.3 -14288 7090
54 100 2.3 -14320 7052
55 100 2.3 -14416 7130
56 100 2.3 -14664 7204
57 100 2.3 -14440 7232
58 100 2.3 -14400 7200
59 100 2.3 -14288 7170
60 100 2.3 -14308 7130
61 100 2.3 -14328 7086
62 100 2.3 -14372 7172
63 100 2.3 -14428 7242
64 100 2.3 -14572 7224
65 100 2.3 -14180 7120
66 100 2.3 -14036 7054
67 100 2.3 -13880 6952
68 100 2.3 -13772 6868
69 100 2.3 -14016 6878
70 100 2.3 -14132 6994
71 100 2.3 -14116 7076
72 100 2.3 -14168 6992
73 100 2.3 -14308 7074
74 100 2.3 -14360 7164
75 100 2.3 -14256 7048
76 100 2.3 -14280 7030
77 100 2.3 -14388 7040
78 100 2.3 -14192 7008
79 100 2.3 -14072 6810
80 100 2.3 -14300 6922
81 100 2.3 -14360 6934
82 100 2.3 -14224 6918
83 100 2.3 -14308 6990
84 100 2.3 -14152 6972
85 100 2.3 -14144 6940
86 100 2.3 -14136 6918
88 100 2.3 -14320 6948
89 100 2.3 -14448 6990
90 100 2.3 -14372 6968
91 100 2.3 -14384 6968
92 100 2.3 -14224 6878
93 100 2.3 -14208 6922
95 100 2.3 -14300 6966
96 100 2.3 -14144 6864
97 100 2.3 -14144 6980
98 100 2.3 -13936 6846
99 100 2.3 -13860 6772
101 100 2.3 -13988 6760
102 100 2.3 -13892 6722
103 100 2.3 -13940 6830
105 100 2.3 -14116 6870
106 100 2.3 -13992 6780
107 100 2.3 -14076 6820
109 100 2.3 -14100 6882
110 100 2.3 -14200 6842
112 100 2.3 -14160 6892
113 100 2.3 -14144 6814
114 100 2.3 -14232 6846
116 100 2.3 -14112 6778
117 100 2.3 -14228 6850
119 100 2.3 -14320 6958
120 100 2.3 -14164 6930
122 100 2.3 -14520 7140
124 100 2.3 -14296 6908
125 100 2.3 -14468 6996
127 100 2.3 -14544 6912
128 100 2.3 -14332 6782
130 100 2.3 -14316 6758
132 100 2.3 -14304 6902
133 100 2.3 -14240 6816
135 100 2.3 -14200 6770
137 100 2.3 -14172 6782
139 100 2.3 -14336 6776
140 100 2.3 -14284 6752
142 100 2.3 -14264 6708
144 100 2.3 -14044 6556
146 100 2.3 -14204 6640
148 100 2.3 -14300 6752
150 100 2.3 -14012 6652
152 100 2.3 -14012 6578
154 100 2.3 -14368 6802
155 100 2.3 -14212 6752
157 100 2.3 -14220 6792
160 100 2.3 -14296 6816
162 100 2.3 -14060 6616
164 100 2.3 -14284 6806
166 100 2.3 -14100 6774
168 100 2.3 -14040 6648
170 100 2.3 -13964 6816
172 100 2.3 -14284 6768
174 100 2.3 -14648 7058
177 100 2.3 -14468 7010
179 100 2.3 -14068 6784
181 100 2.3 -14144 6938
184 100 2.3 -13940 6780
186 100 2.3 -13824 6626
188 100 2.3 -13736 6496
191 100 2.3 -13528 6328
193 100 2.3 -13692 6482
196 100 2.3 -13532 6234
198 100 2.3 -13436 6184
201 100 2.3 -13736 6298
203 100 2.3 -13972 6426
206 100 2.3 -13856 6356
209 100 2.3 -13764 6350
211 100 2.3 -14068 6792
214 100 2.3 -14112 6872
217 100 2.3 -13992 6676
220 100 2.3 -13744 6470
222 100 2.3 -13472 6420
225 100 2.3 -13176 6060
228 100 2.3 -13400 6110
231 100 2.3 -13496 6152
234 100 2.3 -13884 6258
237 100 2.3 -13924 6316
240 100 2.3 -13856 6408
243 100 2.3 -14100 6534
246 100 2.3 -14120 6520
250 100 2.3 -13932 6414
253 100 2.3 -14092 6392
256 100 2.3 -13928 6370
259 100 2.3 -13824 6358
263 100 2.3 -14268 6540
266 100 2.3 -14200 6678
269 100 2.3 -13952 6422
273 100 2.3 -13732 6454
276 100 2.3 -13952 6400
280 100 2.3 -14160 6578
284 100 2.3 -14380 6452
287 100 2.3 -14240 6586
291 100 2.3 -14188 6368
295 100 2.3 -14036 6116
298 100 2.3 -13732 6016
302 100 2.3 -13956 5906
306 100 2.3 -14240 6080
310 100 2.3 -14256 6068
314 100 2.3 -14412 6462
318 100 2.3 -14436 6416
322 100 2.3 -14332 6330
326 100 2.3 -14228 6370
331 100 2.3 -14164 6316
335 100 2.3 -14100 6196
339 100 2.3 -13684 6074
344 100 2.3 -13892 6024
348 100 2.3 -13648 6124
352 100 2.3 -13716 5930
357 100 2.3 -13896 5988
362 100 2.3 -14140 5848
366 100 2.3 -13952 5954
371 100 2.3 -13960 5854
376 100 2.3 -14180 6014
381 100 2.3 -13992 5852
385 100 2.3 -14008 5798
390 100 2.3 -13712 5364
395 100 2.3 -13596 5072
401 100 2.3 -13448 5070
406 100 2.3 -13736 5304
411 100 2.3 -13756 5186
416 100 2.3 -13440 4704
422 100 2.3 -12948 4398
427 100 2.3 -13680 4540
433 100 2.3 -13236 4286
438 100 2.3 -13444 4418
444 100 2.3 -13136 4186
449 100 2.3 -13096 4160
455 100 2.3 -12952 4210
461 100 2.3 -12888 4318
467 100 2.3 -13280 4796
473 100 2.3 -13612 5240
479 100 2.3 -13636 5248
485 100 2.3 -13588 5020
492 100 2.3 -13280 5116
498 100 2.3 -13308 5118
504 100 2.3 -13608 5364
511 100 2.3 -13572 5190
517 100 2.3 -13572 5222
524 100 2.3 -13888 5424
531 100 2.3 -13752 5240
538 100 2.3 -14200 5344
545 100 2.3 -14124 5382
552 100 2.3 -14060 5310
559 100 2.3 -13756 5114
566 100 2.3 -13600 4858
573 100 2.3 -13716 4914
581 100 2.3 -13792 4760
588 100 2.3 -13812 5126
596 100 2.3 -13564 4874
603 100 2.3 -13732 4488
611 100 2.3 -13188 4174
619 100 2.3 -13440 4104
627 100 2.3 -13124 4528
635 100 2.3 -13376 4744
643 100 2.3 -13396 4344
652 100 2.3 -13732 4538
660 100 2.3 -13536 4380
668 100 2.3 -13396 4256
677 100 2.3 -13316 3790
686 100 2.3 -13412 4202
695 100 2.3 -13304 3858
704 100 2.3 -13336 3858
713 100 2.3 -13208 3562
722 100 2.3 -13364 3584
731 100 2.3 -13132 3552
741 100 2.3 -13556 3328
750 100 2.3 -13528 3676
760 100 2.3 -13972 3518
770 100 2.3 -14184 3754
780 100 2.3 -13616 3594
790 100 2.3 -13560 3654
800 100 2.3 -13368 3208
810 100 2.3 -13760 3252
821 100 2.3 -13336 3370
831 100 2.3 -13576 3250
842 100 2.3 -13136 2476
853 100 2.3 -12984 2380
864 100 2.3 -13252 2186
875 100 2.3 -13728 2264
886 100 2.3 -13548 1756
897 100 2.3 -12912 1400
909 100 2.3 -13140 1520
921 100 2.3 -13292 1332
933 100 2.3 -13012 1528
945 100 2.3 -13504 1270
957 100 2.3 -13896 966
969 100 2.3 -13268 844
982 100 2.3 -13324 838
994 100 2.3 -13308 932
1007 100 2.3 -13472 1282
1020 100 2.3 -13184 1402
1033 100 2.3 -13464 1330
1047 100 2.3 -13228 1256
1060 100 2.3 -13368 1214
1074 100 2.3 -13140 1210
1088 100 2.3 -13260 984
1102 100 2.3 -13172 1068
1116 100 2.3 -13716 1016
1130 100 2.3 -13560 816
1145 100 2.3 -13556 288
1160 100 2.3 -13640 394
1174 100 2.3 -13964 466
1190 100 2.3 -13972 608
1205 100 2.3 -13376 566
1220 100 2.3 -13576 112
1236 100 2.3 -13340 298
1252 100 2.3 -13164 132
1268 100 2.3 -13412 150
1285 100 2.3 -13868 -120
1301 100 2.3 -13464 -112
1318 100 2.3 -13340 -272
1335 100 2.3 -13560 92
1352 100 2.3 -13236 -818
1370 100 2.3 -13364 -838
1387 100 2.3 -13432 -484
1405 100 2.3 -13068 -512
1423 100 2.3 -13056 -500
1442 100 2.3 -13160 -744
1460 100 2.3 -12776 -396
1479 100 2.3 -12576 -150
1498 100 2.3 -13064 -452
1517 100 2.3 -13128 -174
1537 100 2.3 -13316 -880
1557 100 2.3 -13204 -168
1577 100 2.3 -13624 -194
1597 100 2.3 -13780 182
1618 100 2.3 -13432 916
1639 100 2.3 -13404 974
1660 100 2.3 -13348 928
1681 100 2.3 -13492 1204
1703 100 2.3 -13368 1446
1725 100 2.3 -13584 1588
1747 100 2.3 -13292 758
1770 100 2.3 -13180 264
1792 100 2.3 -13452 84
1816 100 2.3 -13296 618
1839 100 2.3 -13448 1080
1863 100 2.3 -13460 1060
1887 100 2.3 -13356 1334
1911 100 2.3 -13364 1400
1936 100 2.3 -12960 1142
1961 100 2.3 -13192 1228
1986 100 2.3 -12796 1396
2012 100 2.3 -13408 1266
2037 100 2.3 -13480 1992
2064 100 2.3 -13700 2350
2090 100 2.3 -13480 1842
2117 100 2.3 -13812 1630
2145 100 2.3 -13564 1972
2172 100 2.3 -13768 1560
2200 100 2.3 -13888 2232
2229 100 2.3 -13628 1482
2257 100 2.3 -13828 1524
2286 100 2.3 -13528 1644
2316 100 2.3 -13348 1660
2346 100 2.3 -13452 1526
2376 100 2.3 -13280 2128
2407 100 2.3 -13012 1228
2438 100 2.3 -13420 1638
2469 100 2.3 -12916 642
2501 100 2.3 -13536 2450
2533 100 2.3 -13420 3196
2566 100 2.3 -13388 3628
2599 100 2.3 -13828 3630
2633 100 2.3 -13736 3900
2667 100 2.3 -13556 3834
2701 100 2.3 -13708 3832
2736 100 2.3 -13460 4152
2771 100 2.3 -13628 3698
2807 100 2.3 -13692 4140
2843 100 2.3 -13508 3144
2880 100 2.3 -13532 3780
2917 100 2.3 -13292 4012
2954 100 2.3 -13748 5276
2992 100 2.3 -13600 5172
3031 100 2.3 -13956 5900
3070 100 2.3 -13500 5232
3110 100 2.3 -13972 5438
3150 100 2.3 -13184 4448
3190 100 2.3 -13676 5090
3232 100 2.3 -13468 5106
3273 100 2.3 -13436 4996
3315 100 2.3 -13412 4380
3358 100 2.3 -13408 4226
3402 100 2.3 -13656 4646
3445 100 2.3 -12992 3604
3490 100 2.3 -13748 4568
3535 100 2.3 -13616 4768
3580 100 2.3 -13036 4086
3627 100 2.3 -13168 4004
3673 100 2.3 -13300 3842
3721 100 2.3 -13592 4388
3769 100 2.3 -13408 3374
3817 100 2.3 -13464 3398
3867 100 2.3 -13892 3208
3916 100 2.3 -13052 3056
3967 100 2.3 -13824 3214
4018 100 2.3 -13336 4062
4070 100 2.3 -13616 4504
4122 100 2.3 -13524 4422
4176 100 2.3 -13504 4666
4229 100 2.3 -13420 4816
4284 100 2.3 -13576 4558
4339 100 2.3 -13812 4760
4395 100 2.3 -13440 4392
4452 100 2.3 -13908 5060
4509 100 2.3 -13540 4522
4567 100 2.3 -13660 4490
4626 100 2.3 -13596 3942
4686 100 2.3 -13292 3498
4746 100 2.3 -13192 3872
4808 100 2.3 -13280 3284
4870 100 2.3 -13500 3684
4932 100 2.3 -13176 3328
4996 100 2.3 -13112 1830
5060 100 2.3 -13640 1826
5126 100 2.3 -13456 902
5192 100 2.3 -12936 -504
5259 100 2.3 -13292 350
5327 100 2.3 -13484 1182
5395 100 2.3 -12948 388
5465 100 2.3 -13224 -1106
5535 100 2.3 -13232 -2850
5607 100 2.3 -13404 -2732
5679 100 2.3 -13068 -3380
5752 100 2.3 -13260 -3732
5826 100 2.3 -13304 -4032
5902 100 2.3 -13540 -3020
5978 100 2.3 -13204 -2390
6055 100 2.3 -13084 -1302
6133 100 2.3 -13348 -2094
6212 100 2.3 -13452 -1840
6292 100 2.3 -13376 -1928
6373 100 2.3 -13312 -2710
6455 100 2.3 -13508 -2542
6539 100 2.3 -13620 -2678
6623 100 2.3 -13720 -2648
6708 100 2.3 -13096 -1754
6795 100 2.3 -13712 -1686
6883 100 2.3 -13916 -1126
6971 100 2.3 -13600 -812
7061 100 2.3 -13536 -1388
7152 100 2.3 -13444 -640
7245 100 2.3 -13336 -338
7338 100 2.3 -13188 -660
7433 100 2.3 -13492 232
7529 100 2.3 -13356 656
7626 100 2.3 -13120 896
7724 100 2.3 -13672 464
7824 100 2.3 -13856 914
7925 100 2.3 -13112 1046
8027 100 2.3 -12936 1628
8130 100 2.3 -13004 2802
8235 100 2.3 -13248 2700
8341 100 2.3 -13428 2698
8449 100 2.3 -13672 2220
8558 100 2.3 -13376 2190
8668 100 2.3 -12896 1668
8780 100 2.3 -13440 -396
8893 100 2.3 -13396 -130
9008 100 2.3 -13288 68
9124 100 2.3 -13572 -860
9242 100 2.3 -12992 -970
9361 100 2.3 -12828 78
9482 100 2.3 -12876 -1692
9604 100 2.3 -13240 -578
9728 100 2.3 -12828 -270
9853 100 2.3 -13228 1952
9980 100 2.3 -13492 2442
10109 100 2.3 -13720 296
10240 100 2.3 -13404 1236
10372 100 2.3 -13288 1210
10505 100 2.3 -13340 998
10641 100 2.3 -13188 -12
10778 100 2.3 -13144 -1816
10917 100 2.3 -12884 -1372
11058 100 2.3 -13300 -2280
11201 100 2.3 -13704 -3702
11345 100 2.3 -13384 -3802
11491 100 2.3 -13728 -3650
11640 100 2.3 -13812 -3210
11790 100 2.3 -13592 -3402
11942 100 2.3 -13592 -2490
12096 100 2.3 -12884 -1632
12252 100 2.3 -13544 -1878
12410 100 2.3 -13240 -2274
12570 100 2.3 -12828 -2452
12732 100 2.3 -13376 -954
12896 100 2.3 -14032 -2340
13062 100 2.3 -13208 -2008
13231 100 2.3 -14044 -10
13402 100 2.3 -13660 58
13574 100 2.3 -13720 2206
13750 100 2.3 -13276 842
13927 100 2.3 -13660 418
14106 100 2.3 -13020 874
14288 100 2.3 -13500 1522
14473 100 2.3 -12908 234
14659 100 2.3 -13336 272
14848 100 2.3 -13172 1956
15040 100 2.3 -12856 750
15234 100 2.3 -12992 482
15430 100 2.3 -13524 -878
15629 100 2.3 -13404 -1134
15831 100 2.3 -13252 -1800
16035 100 2.3 -13232 -150
16242 100 2.3 -13492 -42
16451 100 2.3 -13860 -1178
16664 100 2.3 -13196 -1312
16879 100 2.3 -13480 -4274
17096 100 2.3 -13140 -774
17317 100 2.3 -13432 -1014
17540 100 2.3 -13400 -1848
17766 100 2.3 -13556 -5268
17995 100 2.3 -13780 -5074
18228 100 2.3 -13528 -4852
18463 100 2.3 -13512 -4544
18701 100 2.3 -13980 -6066
18942 100 2.3 -13984 -6546
19186 100 2.3 -13172 -4574
19434 100 2.3 -13848 -4574
19684 100 2.3 -13284 -3020
19938 100 2.3 -12964 -3458
20195 100 2.3 -13132 -4418
20456 100 2.3 -13352 -3856
20720 100 2.3 -13792 -4892
20987 100 2.3 -13260 -3996
21258 100 2.3 -13676 -4588
21532 100 2.3 -13412 -4400
21810 100 2.3 -13704 -4658
22091 100 2.3 -13960 -5568
22376 100 2.3 -13476 -4566
22664 100 2.3 -13716 -5114
22957 100 2.3 -13728 -5462
23253 100 2.3 -13696 -5816
23553 100 2.3 -13852 -5490
23856 100 2.3 -13368 -4798
24164 100 2.3 -13416 -5642
24476 100 2.3 -14300 -6526
24791 100 2.3 -14156 -6110
25111 100 2.3 -13932 -6520
25435 100 2.3 -13908 -5380
25763 100 2.3 -13540 -3832
26095 100 2.3 -13312 -1520
26432 100 2.3 -13648 -42
26773 100 2.3 -13200 30
27118 100 2.3 -13368 1440
27468 100 2.3 -14000 3738
27822 100 2.3 -13088 2706
28181 100 2.3 -13736 2462
28545 100 2.3 -13516 3402
28913 100 2.3 -13056 3760
29286 100 2.3 -14212 5502
29663 100 2.3 -13600 4230
30046 100 2.3 -14296 6414
30434 100 2.3 -13796 5724
30826 100 2.3 -13672 5586
31224 100 2.3 -13464 3840
31626 100 2.3 -13448 1936
32034 100 2.3 -13608 3488
32447 100 2.3 -13188 2226
32866 100 2.3 -13200 2478
33290 100 2.3 -13664 2982
33719 100 2.3 -13296 3394
34154 100 2.3 -13492 4072
34595 100 2.3 -14020 4176
35041 100 2.3 -13536 1640
35493 100 2.3 -12940 -844
35951 100 2.3 -13640 -3094
36414 100 2.3 -13476 -3234
36884 100 2.3 -13672 -1108
37360 100 2.3 -13236 -1976
37841 100 2.3 -13396 -4004
38330 100 2.3 -13700 -4484
38824 100 2.3 -13760 -5872
39325 100 2.3 -13824 -5656
39832 100 2.3 -13088 -4164
40346 100 2.3 -13200 -4312
40866 100 2.3 -13364 -5554
41393 100 2.3 -13716 -4166
41927 100 2.3 -13916 -5194
42468 100 2.3 -14108 -6178
43015 100 2.3 -13496 -5802
43570 100 2.3 -13844 -6012
44132 100 2.3 -13180 1046
44701 100 2.3 -13708 4940
45278 100 2.3 -13368 4492
45862 100 2.3 -13584 5364
46453 100 2.3 -13588 4880
47053 100 2.3 -13928 5014
47660 100 2.3 -13848 5054
48274 100 2.3 -13020 3374
48897 100 2.3 -13908 5074
49528 100 2.3 -13764 3328
50166 100 2.3 -13532 1022
50813 100 2.3 -12860 592
51469 100 2.3 -13728 5244
52133 100 2.3 -13904 5948
52805 100 2.3 -13644 4994
53486 100 2.3 -13304 2206
54176 100 2.3 -13348 1406
54875 100 2.3 -13080 2488
55582 100 2.3 -13740 486
56299 100 2.3 -13212 -2744
57025 100 2.3 -13072 390
57761 100 2.3 -13116 1282
58506 100 2.3 -13464 -1154
59261 100 2.3 -13072 -404
60025 100 2.3 -13412 338
60799 100 2.3 -13712 3380
61583 100 2.3 -13112 -228
62378 100 2.3 -13828 -1796
63182 100 2.3 -13260 -1804
63997 100 2.3 -12696 378
64822 100 2.3 -13296 2764
65658 100 2.3 -13484 1886
66505 100 2.3 -13796 2154
67363 100 2.3 -13188 3996
68232 100 2.3 -13836 3144
69112 100 2.3 -13424 2814
70003 100 2.3 -13216 3860
70906 100 2.3 -13132 918
71821 100 2.3 -13120 1846
72747 100 2.3 -12872 2770
73685 100 2.3 -13264 -2288
74636 100 2.3 -14060 -6602
75599 100 2.3 -13128 -154
76574 100 2.3 -13576 -1176
77561 100 2.3 -12960 -2330
78562 100 2.3 -13628 -5824
79575 100 2.3 -13436 -3456
80601 100 2.3 -13680 -4764
81641 100 2.3 -13236 -4104
82694 100 2.3 -13328 -4322
83760 100 2.3 -13664 -5754
84841 100 2.3 -13360 -3516
85935 100 2.3 -14248 -6732
87043 100 2.3 -13236 -2120
88166 100 2.3 -13476 -3444
89303 100 2.3 -13720 -4248
90455 100 2.3 -12876 -2420
91622 100 2.3 -13736 -5762
92803 100 2.3 -14464 -6304
94000 100 2.3 -13660 -5340
95213 100 2.3 -13568 -3052
96441 100 2.3 -13296 -1966
97685 100 2.3 -13488 -3560
98945 100 2.3 -13984 -3860
100221 100 2.3 -13164 -3852
101513 100 2.3 -13868 -5478
102823 100 2.3 -13672 -1454
104149 100 2.3 -13300 850
105492 100 2.3 -13504 -1228
106853 100 2.3 -13368 -830
108231 100 2.3 -13856 -2496
109627 100 2.3 -13768 -2914
111041 100 2.3 -13436 1092
112473 100 2.3 -12740 684
113924 100 2.3 -13792 -3298
115393 100 2.3 -13132 -3882
116882 100 2.3 -13400 -3978
118389 100 2.3 -13640 -3066
119916 100 2.3 -13620 -4626
121463 100 2.3 -13032 -2508
123029 100 2.3 -13368 -456
124616 100 2.3 -13408 -1712
126224 100 2.3 -13596 -1044
127852 100 2.3 -13512 1690
129501 100 2.3 -12856 1458
131171 100 2.3 -13416 2998
132863 100 2.3 -13532 5168
134576 100 2.3 -13592 5210
136312 100 2.3 -13564 4224
138070 100 2.3 -13208 4014
139851 100 2.3 -13840 -4920
141655 100 2.3 -13472 -5758
143482 100 2.3 -13716 -5326
145333 100 2.3 -14252 -5390
147207 100 2.3 -13380 -3376
149106 100 2.3 -12916 1836
151029 100 2.3 -13612 2366
152977 100 2.3 -13112 -1874
154950 100 2.3 -13172 1330
156948 100 2.3 -13504 -1794
158973 100 2.3 -13180 2186
161023 100 2.3 -13764 3246
163100 100 2.3 -13656 5866
165204 100 2.3 -13056 2740
167334 100 2.3 -13300 2012
169493 100 2.3 -13076 598
171679 100 2.3 -13684 1770
173893 100 2.3 -13072 2934
176136 100 2.3 -12964 876
178408 100 2.3 -12860 -916
180709 100 2.3 -13480 3704
183040 100 2.3 -13864 4208
185400 100 2.3 -13332 -394
187792 100 2.3 -13224 -5190
190214 100 2.3 -13724 -3034
192667 100 2.3 -13816 -4286
195152 100 2.3 -13432 -2256
197669 100 2.3 -13492 -2376
200219 100 2.3 -13056 -258
202801 100 2.3 -13524 -4528
205417 100 2.3 -13276 1520
208066 100 2.3 -13576 -3156
210750 100 2.3 -13232 -206
213468 100 2.3 -13376 3682
216222 100 2.3 -13292 4306
219010 100 2.3 -13104 3982
221835 100 2.3 -13240 4748
224696 100 2.3 -13388 5352
227595 100 2.3 -13860 6060
230530 100 2.3 -13196 4908
233503 100 2.3 -13308 3686
236515 100 2.3 -13220 -2384
239566 100 2.3 -13468 -2882
242656 100 2.3 -13244 -3282
245785 100 2.3 -12780 -2016
248956 100 2.3 -13432 2020
252167 100 2.3 -13116 -204
255419 100 2.3 -12656 -1556
258713 100 2.3 -13736 -5080
262050 100 2.3 -13284 -2528
265430 100 2.3 -13964 -5598
268854 100 2.3 -13136 -3430
272321 100 2.3 -13380 -4292
275834 100 2.3 -13424 -1606
279391 100 2.3 -13488 -2302
282995 100 2.3 -13324 -610
286645 100 2.3 -13676 -822
290342 100 2.3 -13528 5364
294087 100 2.3 -13332 310
297880 100 2.3 -13612 5336
301722 100 2.3 -13548 5400
305614 100 2.3 -13188 -2196
309556 100 2.3 -14120 -2840
313548 100 2.3 -13184 -3444
317592 100 2.3 -12936 1998
321689 100 2.3 -13216 1810
325838 100 2.3 -13684 -5584
330040 100 2.3 -14160 -6176
334297 100 2.3 -13348 2866
338609 100 2.3 -13860 4496
342976 100 2.3 -13356 3802
347400 100 2.3 -13344 276
351881 100 2.3 -13036 -248
356419 100 2.3 -12996 766
361016 100 2.3 -13092 -2092
365673 100 2.3 -13516 1602
370389 100 2.3 -13404 5308
375167 100 2.3 -13376 2802
380005 100 2.3 -13316 -5614
384907 100 2.3 -14312 -5596
389871 100 2.3 -12940 -98
394900 100 2.3 -13192 -2474
399993 100 2.3 -13240 -4650
405152 100 2.3 -13608 -712
410378 100 2.3 -13620 2012
415671 100 2.3 -14032 6224
421032 100 2.3 -13216 -284
426463 100 2.3 -13204 2576
431963 100 2.3 -13880 1470
437535 100 2.3 -13672 -2396
443178 100 2.3 -13592 -4764
448894 100 2.3 -12936 -2996
454684 100 2.3 -13308 30
460548 100 2.3 -13764 -4454
466489 100 2.3 -13628 -6290
472505 100 2.3 -13168 -3598
478600 100 2.3 -13204 38
484773 100 2.3 -14244 6226
491025 100 2.3 -13748 4328
497358 100 2.3 -12988 2322
503773 100 2.3 -14432 6170
510271 100 2.3 -13292 -1038
516852 100 2.3 -13680 4708
523519 100 2.3 -13352 2284
530271 100 2.3 -13900 -5210
537111 100 2.3 -13988 -4488
544038 100 2.3 -14004 4604
551055 100 2.3 -13644 4572
558163 100 2.3 -13228 3518
565362 100 2.3 -12740 -2048
572654 100 2.3 -13772 -4952
580040 100 2.3 -14084 -4810
587521 100 2.3 -13264 -3404
595099 100 2.3 -13344 -376
602775 100 2.3 -13760 5568
610549 100 2.3 -13260 4030
618424 100 2.3 -14228 5756
626400 100 2.3 -13896 5432
634480 100 2.3 -12976 3408
642663 100 2.3 -13036 1350
650952 100 2.3 -13416 -1220
659348 100 2.3 -13488 -5090
667853 100 2.3 -13240 -4800
676467 100 2.3 -13632 4880
685192 100 2.3 -13200 292
694029 100 2.3 -13212 2716
702981 100 2.3 -13060 4040
712048 100 2.3 -14036 6510
721232 100 2.3 -13900 5286
730534 100 2.3 -12904 -548
739957 100 2.3 -13900 1840
749500 100 2.3 -13400 -5478
759168 100 2.3 -13724 -1180
768959 100 2.3 -13616 -4362
778877 100 2.3 -13820 4430
788923 100 2.3 -13284 582
799099 100 2.3 -13312 -3012
809405 100 2.3 -13656 -3380
819845 100 2.3 -13424 -3044
830419 100 2.3 -13184 -3896
841130 100 2.3 -13276 -3306
851979 100 2.3 -13784 -3840
862968 100 2.3 -14516 -6188
874098 100 2.3 -12492 -1470
885373 100 2.3 -13828 5236
896792 100 2.3 -13104 -696
908359 100 2.3 -13236 4458
920075 100 2.3 -13472 5060
931942 100 2.3 -12972 -1374
943962 100 2.3 -13824 6150
956137 100 2.3 -14112 -2558
968470 100 2.3 -13360 -1008
980961 100 2.3 -13800 2298
993613 100 2.3 -13508 3924
999999 100 2.3 -13660 5828
