3 60 2.1 -6420 3356
4 60 2.1 -6220 3302
5 60 2.1 -6240 3302
6 60 2.1 -5964 3184
7 60 2.1 -6196 3256
8 60 2.1 -6136 3230
9 60 2.1 -6072 3200
10 60 2.1 -6108 3204
11 60 2.1 -6112 3198
12 60 2.1 -5980 3168
13 60 2.1 -6000 3170
14 60 2.1 -5988 3190
15 60 2.1 -6100 3214
16 60 2.1 -6168 3268
17 60 2.1 -6192 3276
18 60 2.1 -6076 3246
19 60 2.1 -6168 3250
20 60 2.1 -6188 3276
21 60 2.1 -6192 3260
22 60 2.1 -6256 3284
23 60 2.1 -6212 3256
24 60 2.1 -6120 3210
25 60 2.1 -6080 3222
26 60 2.1 -6004 3188
27 60 2.1 -6028 3206
28 60 2.1 -6176 3234
29 60 2.1 -6204 3258
30 60 2.1 -6248 3276
31 60 2.1 -6216 3278
32 60 2.1 -6192 3272
33 60 2.1 -6236 3258
34 60 2.1 -6156 3220
35 60 2.1 -6204 3270
36 60 2.1 -6120 3222
37 60 2.1 -6044 3208
38 60 2.1 -5932 3160
39 60 2.1 -5984 3156
40 60 2.1 -5964 3148
41 60 2.1 -5920 3122
42 60 2.1 -5992 3144
43 60 2.1 -6072 3184
44 60 2.1 -6096 3186
45 60 2.1 -6052 3152
46 60 2.1 -5984 3162
47 60 2.1 -6076 3170
48 60 2.1 -5976 3116
49 60 2.1 -5896 3098
50 60 2.1 -5852 3070
51 60 2.1 -5844 3038
52 60 2.1 -5912 3066
53 60 2.1 -5908 3038
54 60 2.1 -5928 3094
55 60 2.1 -5944 3120
56 60 2.1 -5896 3126
57 60 2.1 -6004 3156
58 60 2.1 -5964 3140
59 60 2.1 -6088 3190
60 60 2.1 -6100 3202
61 60 2.1 -6100 3184
62 60 2.1 -6112 3198
63 60 2.1 -6204 3268
64 60 2.1 -6124 3252
65 60 2.1 -6056 3210
66 60 2.1 -5988 3198
67 60 2.1 -6040 3212
68 60 2.1 -6008 3170
69 60 2.1 -5960 3164
70 60 2.1 -5976 3138
71 60 2.1 -5980 3132
72 60 2.1 -5852 3070
73 60 2.1 -5908 3092
74 60 2.1 -6000 3138
75 60 2.1 -5960 3088
76 60 2.1 -5944 3046
77 60 2.1 -5760 2972
78 60 2.1 -5776 3024
79 60 2.1 -5724 2986
80 60 2.1 -5776 2980
81 60 2.1 -5768 3000
82 60 2.1 -5812 3024
83 60 2.1 -5912 3094
84 60 2.1 -5952 3140
85 60 2.1 -5892 3094
86 60 2.1 -5704 3016
88 60 2.1 -6000 3144
89 60 2.1 -5988 3154
90 60 2.1 -6004 3144
91 60 2.1 -6084 3188
92 60 2.1 -6024 3184
93 60 2.1 -6076 3204
95 60 2.1 -6088 3236
96 60 2.1 -6188 3272
97 60 2.1 -6148 3240
98 60 2.1 -6060 3220
99 60 2.1 -6140 3244
101 60 2.1 -6172 3244
102 60 2.1 -6156 3242
103 60 2.1 -6112 3232
105 60 2.1 -6216 3240
106 60 2.1 -6232 3238
107 60 2.1 -6160 3202
109 60 2.1 -6136 3194
110 60 2.1 -6080 3180
112 60 2.1 -6012 3192
113 60 2.1 -5916 3124
114 60 2.1 -5928 3126
116 60 2.1 -5948 3104
117 60 2.1 -5956 3124
119 60 2.1 -5936 3136
120 60 2.1 -5828 3072
122 60 2.1 -5832 3078
124 60 2.1 -5992 3164
125 60 2.1 -5960 3140
127 60 2.1 -6056 3172
128 60 2.1 -6140 3204
130 60 2.1 -6160 3224
132 60 2.1 -6116 3218
133 60 2.1 -6076 3200
135 60 2.1 -6044 3192
137 60 2.1 -6040 3182
139 60 2.1 -6024 3212
140 60 2.1 -6140 3242
142 60 2.1 -6228 3242
144 60 2.1 -6228 3260
146 60 2.1 -6168 3242
148 60 2.1 -6132 3216
150 60 2.1 -6064 3188
152 60 2.1 -5900 3132
154 60 2.1 -6088 3136
155 60 2.1 -6148 3146
157 60 2.1 -6228 3242
160 60 2.1 -6148 3168
162 60 2.1 -5992 3102
164 60 2.1 -5792 3032
166 60 2.1 -5896 3064
168 60 2.1 -5660 2984
170 60 2.1 -5744 3044
172 60 2.1 -5844 3112
174 60 2.1 -5944 3100
177 60 2.1 -6124 3180
179 60 2.1 -6004 3184
181 60 2.1 -6188 3234
184 60 2.1 -6144 3234
186 60 2.1 -6224 3256
188 60 2.1 -6228 3282
191 60 2.1 -5912 3180
193 60 2.1 -6044 3156
196 60 2.1 -6016 3164
198 60 2.1 -5864 3100
201 60 2.1 -5684 2984
203 60 2.1 -5904 3112
206 60 2.1 -6016 3170
209 60 2.1 -5956 3142
211 60 2.1 -5972 3166
214 60 2.1 -5952 3156
217 60 2.1 -6000 3182
220 60 2.1 -6068 3212
222 60 2.1 -5996 3190
225 60 2.1 -6084 3180
228 60 2.1 -5960 3068
231 60 2.1 -5868 3014
234 60 2.1 -5960 3062
237 60 2.1 -6132 3150
240 60 2.1 -5848 3062
243 60 2.1 -5924 3076
246 60 2.1 -6024 3082
250 60 2.1 -5904 2992
253 60 2.1 -5836 2982
256 60 2.1 -6036 3082
259 60 2.1 -5980 3088
263 60 2.1 -5996 3134
266 60 2.1 -6120 3150
269 60 2.1 -6040 3136
273 60 2.1 -6004 3120
276 60 2.1 -6000 3088
280 60 2.1 -6148 3164
284 60 2.1 -5920 3038
287 60 2.1 -5776 2982
291 60 2.1 -6064 3132
295 60 2.1 -5772 2950
298 60 2.1 -5972 3050
302 60 2.1 -5712 2986
306 60 2.1 -5884 3086
310 60 2.1 -6032 3128
314 60 2.1 -6028 3128
318 60 2.1 -5964 3078
322 60 2.1 -6032 3142
326 60 2.1 -5996 3132
331 60 2.1 -5880 3014
335 60 2.1 -6052 3138
339 60 2.1 -5908 3130
344 60 2.1 -6072 3148
348 60 2.1 -6052 3150
352 60 2.1 -5880 3088
357 60 2.1 -5776 3076
362 60 2.1 -5900 3148
366 60 2.1 -6220 3216
371 60 2.1 -5744 3046
376 60 2.1 -5916 3094
381 60 2.1 -6060 3170
385 60 2.1 -6092 3188
390 60 2.1 -6036 3168
395 60 2.1 -5948 3122
401 60 2.1 -5972 3154
406 60 2.1 -5880 3094
411 60 2.1 -5896 3044
416 60 2.1 -5904 3018
422 60 2.1 -5952 3056
427 60 2.1 -5680 2978
433 60 2.1 -6004 3184
438 60 2.1 -6052 3198
444 60 2.1 -5852 3016
449 60 2.1 -5944 3000
455 60 2.1 -5792 3026
461 60 2.1 -5996 3166
467 60 2.1 -6084 3162
473 60 2.1 -6040 3132
479 60 2.1 -6028 3194
485 60 2.1 -6136 3226
492 60 2.1 -6052 3174
498 60 2.1 -5960 3162
504 60 2.1 -5780 3094
511 60 2.1 -6004 3206
517 60 2.1 -6228 3270
524 60 2.1 -6184 3258
531 60 2.1 -6056 3130
538 60 2.1 -5924 3094
545 60 2.1 -5852 3102
552 60 2.1 -5932 3072
559 60 2.1 -5944 3032
566 60 2.1 -5844 3046
573 60 2.1 -6108 3206
581 60 2.1 -5980 3120
588 60 2.1 -6004 3118
596 60 2.1 -6132 3208
603 60 2.1 -6092 3222
611 60 2.1 -6152 3222
619 60 2.1 -5804 3082
627 60 2.1 -6060 3214
635 60 2.1 -6040 3196
643 60 2.1 -6256 3294
652 60 2.1 -5976 3180
660 60 2.1 -6220 3226
668 60 2.1 -5944 3092
677 60 2.1 -5908 3108
686 60 2.1 -6016 3130
695 60 2.1 -6092 3188
704 60 2.1 -6232 3230
713 60 2.1 -6104 3156
722 60 2.1 -5964 3124
731 60 2.1 -6084 3154
741 60 2.1 -6104 3176
750 60 2.1 -6276 3284
760 60 2.1 -6084 3222
770 60 2.1 -6080 3228
780 60 2.1 -5952 3132
790 60 2.1 -6056 3142
800 60 2.1 -5976 3150
810 60 2.1 -5912 3120
821 60 2.1 -6092 3194
831 60 2.1 -6140 3218
842 60 2.1 -6128 3212
853 60 2.1 -5876 3122
864 60 2.1 -5884 3118
875 60 2.1 -6072 3176
886 60 2.1 -5812 3046
897 60 2.1 -6116 3188
909 60 2.1 -5944 3144
921 60 2.1 -5996 3148
933 60 2.1 -5972 3090
945 60 2.1 -5900 2950
957 60 2.1 -5996 3064
969 60 2.1 -6008 3130
982 60 2.1 -5936 3134
994 60 2.1 -6124 3238
1007 60 2.1 -5920 3084
1020 60 2.1 -6084 3162
1033 60 2.1 -6120 3236
1047 60 2.1 -5948 3154
1060 60 2.1 -6036 3210
1074 60 2.1 -6088 3206
1088 60 2.1 -5796 3032
1102 60 2.1 -5956 3156
1116 60 2.1 -5940 3104
1130 60 2.1 -5924 3120
1145 60 2.1 -6040 3148
1160 60 2.1 -5952 3114
1174 60 2.1 -5972 3122
1190 60 2.1 -6096 3214
1205 60 2.1 -6012 3124
1220 60 2.1 -5788 3024
1236 60 2.1 -6016 3078
1252 60 2.1 -5996 3022
1268 60 2.1 -5948 2926
1285 60 2.1 -5880 2912
1301 60 2.1 -5964 2920
1318 60 2.1 -6048 3146
1335 60 2.1 -5908 3120
1352 60 2.1 -5696 2948
1370 60 2.1 -6128 3206
1387 60 2.1 -6124 3202
1405 60 2.1 -6028 3164
1423 60 2.1 -6152 3266
1442 60 2.1 -6204 3242
1460 60 2.1 -6288 3302
1479 60 2.1 -6192 3216
1498 60 2.1 -5952 3156
1517 60 2.1 -5988 3104
1537 60 2.1 -5996 3186
1557 60 2.1 -6028 3138
1577 60 2.1 -6120 3212
1597 60 2.1 -5940 3138
1618 60 2.1 -5848 3094
1639 60 2.1 -5964 3110
1660 60 2.1 -6148 3222
1681 60 2.1 -6040 3170
1703 60 2.1 -6056 3210
1725 60 2.1 -6004 3180
1747 60 2.1 -5900 3112
1770 60 2.1 -5952 3150
1792 60 2.1 -5976 3172
1816 60 2.1 -5900 3082
1839 60 2.1 -5880 2986
1863 60 2.1 -6336 3280
1887 60 2.1 -5920 3060
1911 60 2.1 -5944 3148
1936 60 2.1 -5912 3132
1961 60 2.1 -6096 3208
1986 60 2.1 -5948 3108
2012 60 2.1 -6180 3224
2037 60 2.1 -5860 3098
2064 60 2.1 -5904 3094
2090 60 2.1 -5940 3090
2117 60 2.1 -5940 3092
2145 60 2.1 -5984 3150
2172 60 2.1 -5992 3206
2200 60 2.1 -5976 3068
2229 60 2.1 -5864 3104
2257 60 2.1 -5980 3082
2286 60 2.1 -6032 3166
2316 60 2.1 -5956 3040
2346 60 2.1 -5744 2852
2376 60 2.1 -5900 3072
2407 60 2.1 -6040 3158
2438 60 2.1 -5972 3004
2469 60 2.1 -5936 3134
2501 60 2.1 -5944 3122
2533 60 2.1 -5784 2992
2566 60 2.1 -5996 3054
2599 60 2.1 -5936 3060
2633 60 2.1 -5940 2954
2667 60 2.1 -5772 2990
2701 60 2.1 -6140 3190
2736 60 2.1 -6028 3174
2771 60 2.1 -6124 3250
2807 60 2.1 -5816 3050
2843 60 2.1 -6044 3124
2880 60 2.1 -5684 3006
2917 60 2.1 -6172 3256
2954 60 2.1 -5752 3014
2992 60 2.1 -5976 3106
3031 60 2.1 -5948 3096
3070 60 2.1 -6016 3204
3110 60 2.1 -6048 3180
3150 60 2.1 -6112 3144
3190 60 2.1 -6120 3264
3232 60 2.1 -5776 3004
3273 60 2.1 -6080 3234
3315 60 2.1 -6040 3202
3358 60 2.1 -5912 3046
3402 60 2.1 -6200 3264
3445 60 2.1 -6048 3172
3490 60 2.1 -5912 3116
3535 60 2.1 -5808 3070
3580 60 2.1 -6020 3054
3627 60 2.1 -5796 3070
3673 60 2.1 -6164 3230
3721 60 2.1 -6112 3220
3769 60 2.1 -6144 3188
3817 60 2.1 -6012 3170
3867 60 2.1 -6004 3176
3916 60 2.1 -6084 3220
3967 60 2.1 -6084 3190
4018 60 2.1 -5960 3054
4070 60 2.1 -5952 3086
4122 60 2.1 -6240 3276
4176 60 2.1 -5880 3124
4229 60 2.1 -5916 3100
4284 60 2.1 -6004 3140
4339 60 2.1 -5876 3092
4395 60 2.1 -6116 3202
4452 60 2.1 -5912 3028
4509 60 2.1 -5932 3136
4567 60 2.1 -6140 3136
4626 60 2.1 -6120 3194
4686 60 2.1 -5992 3194
4746 60 2.1 -5800 3092
4808 60 2.1 -5996 3146
4870 60 2.1 -6092 3170
4932 60 2.1 -5992 3138
4996 60 2.1 -5720 2924
5060 60 2.1 -5968 3068
5126 60 2.1 -6060 3190
5192 60 2.1 -6052 3172
5259 60 2.1 -6004 3186
5327 60 2.1 -6100 3192
5395 60 2.1 -6120 3136
5465 60 2.1 -5840 3064
5535 60 2.1 -5948 3146
5607 60 2.1 -5960 3132
5679 60 2.1 -5928 3148
5752 60 2.1 -5828 3084
5826 60 2.1 -5924 3038
5902 60 2.1 -5864 2986
5978 60 2.1 -5760 2898
6055 60 2.1 -5884 3066
6133 60 2.1 -5920 3042
6212 60 2.1 -5916 3136
6292 60 2.1 -6132 3184
6373 60 2.1 -6068 3174
6455 60 2.1 -6048 3110
6539 60 2.1 -6048 3178
6623 60 2.1 -5876 3120
6708 60 2.1 -5912 3068
6795 60 2.1 -5892 3100
6883 60 2.1 -5996 3150
6971 60 2.1 -6080 3176
7061 60 2.1 -6072 3164
7152 60 2.1 -6120 3206
7245 60 2.1 -5916 3094
7338 60 2.1 -5964 3118
7433 60 2.1 -5876 3090
7529 60 2.1 -6052 3178
7626 60 2.1 -6300 3218
7724 60 2.1 -6056 3192
7824 60 2.1 -6084 3172
7925 60 2.1 -5900 3076
8027 60 2.1 -5920 3126
8130 60 2.1 -5888 3050
8235 60 2.1 -5824 3034
8341 60 2.1 -6112 3218
8449 60 2.1 -6092 3182
8558 60 2.1 -5948 3106
8668 60 2.1 -6024 3180
8780 60 2.1 -6168 3242
8893 60 2.1 -6172 3232
9008 60 2.1 -6180 3214
9124 60 2.1 -6144 3230
9242 60 2.1 -6100 3174
9361 60 2.1 -6016 3168
9482 60 2.1 -5960 3146
9604 60 2.1 -6232 3286
9728 60 2.1 -6108 3126
9853 60 2.1 -6052 3226
9980 60 2.1 -5892 2966
10109 60 2.1 -6180 3214
10240 60 2.1 -5804 3048
10372 60 2.1 -5940 3134
10505 60 2.1 -5988 3176
10641 60 2.1 -6172 3188
10778 60 2.1 -5968 3128
10917 60 2.1 -5904 3042
11058 60 2.1 -6144 3204
11201 60 2.1 -6016 3168
11345 60 2.1 -6160 3246
11491 60 2.1 -6020 3194
11640 60 2.1 -6004 3166
11790 60 2.1 -6264 3272
11942 60 2.1 -6032 3158
12096 60 2.1 -5972 3152
12252 60 2.1 -5884 3084
12410 60 2.1 -5992 3116
12570 60 2.1 -6148 3214
12732 60 2.1 -6000 3034
12896 60 2.1 -6024 3132
13062 60 2.1 -6040 3022
13231 60 2.1 -5920 3088
13402 60 2.1 -6008 3124
13574 60 2.1 -5548 2778
13750 60 2.1 -6180 3238
13927 60 2.1 -6044 3136
14106 60 2.1 -5792 2986
14288 60 2.1 -5748 2972
14473 60 2.1 -5988 3128
14659 60 2.1 -5828 3072
14848 60 2.1 -5768 2990
15040 60 2.1 -6148 3190
15234 60 2.1 -5960 3106
15430 60 2.1 -6048 3198
15629 60 2.1 -6036 3124
15831 60 2.1 -5916 3124
16035 60 2.1 -6048 3206
16242 60 2.1 -5732 2938
16451 60 2.1 -6128 3200
16664 60 2.1 -6144 3166
16879 60 2.1 -6092 3194
17096 60 2.1 -6004 3114
17317 60 2.1 -5864 3118
17540 60 2.1 -5944 2826
17766 60 2.1 -5876 3038
17995 60 2.1 -5872 3080
18228 60 2.1 -5988 3162
18463 60 2.1 -6016 3134
18701 60 2.1 -6124 3244
18942 60 2.1 -6056 3186
19186 60 2.1 -6012 3202
19434 60 2.1 -5900 3112
19684 60 2.1 -6064 3132
19938 60 2.1 -6232 3244
20195 60 2.1 -6128 3250
20456 60 2.1 -6124 3238
20720 60 2.1 -5964 3188
20987 60 2.1 -6080 3170
21258 60 2.1 -5940 3136
21532 60 2.1 -5944 3152
21810 60 2.1 -5772 3094
22091 60 2.1 -6016 3168
22376 60 2.1 -5720 2922
22664 60 2.1 -5972 3096
22957 60 2.1 -6076 3176
23253 60 2.1 -5796 2984
23553 60 2.1 -5932 3174
23856 60 2.1 -5992 3120
24164 60 2.1 -5956 3118
24476 60 2.1 -5896 3158
24791 60 2.1 -6024 3174
25111 60 2.1 -5912 3090
25435 60 2.1 -5952 3180
25763 60 2.1 -6048 3112
26095 60 2.1 -5948 3106
26432 60 2.1 -5960 3082
26773 60 2.1 -6020 3174
27118 60 2.1 -5952 3176
27468 60 2.1 -5996 3130
27822 60 2.1 -5896 3060
28181 60 2.1 -6072 3160
28545 60 2.1 -6188 3246
28913 60 2.1 -6032 3218
29286 60 2.1 -6004 3176
29663 60 2.1 -6088 3192
30046 60 2.1 -6020 3178
30434 60 2.1 -6256 3310
30826 60 2.1 -5988 3072
31224 60 2.1 -5800 2886
31626 60 2.1 -6112 3206
32034 60 2.1 -5792 2976
32447 60 2.1 -5984 3192
32866 60 2.1 -6128 3224
33290 60 2.1 -6060 3168
33719 60 2.1 -5892 2974
34154 60 2.1 -5900 3114
34595 60 2.1 -6064 3024
35041 60 2.1 -5952 3124
35493 60 2.1 -5904 3044
35951 60 2.1 -5980 3140
36414 60 2.1 -6184 3264
36884 60 2.1 -6092 3140
37360 60 2.1 -6008 3160
37841 60 2.1 -6100 3218
38330 60 2.1 -6208 3162
38824 60 2.1 -6044 3126
39325 60 2.1 -6060 3148
39832 60 2.1 -5760 3070
40346 60 2.1 -6088 3202
40866 60 2.1 -5960 3136
41393 60 2.1 -6028 3194
41927 60 2.1 -5824 2908
42468 60 2.1 -6120 3218
43015 60 2.1 -5968 3118
43570 60 2.1 -6072 3228
44132 60 2.1 -6008 3126
44701 60 2.1 -6104 3212
45278 60 2.1 -6108 3200
45862 60 2.1 -5824 3032
46453 60 2.1 -5748 2886
47053 60 2.1 -5744 3030
47660 60 2.1 -6044 3200
48274 60 2.1 -6024 3138
48897 60 2.1 -5984 3118
49528 60 2.1 -6052 3192
50166 60 2.1 -5860 3034
50813 60 2.1 -6040 3166
51469 60 2.1 -6128 3248
52133 60 2.1 -5884 3146
52805 60 2.1 -5868 3086
53486 60 2.1 -5972 3156
54176 60 2.1 -6088 3204
54875 60 2.1 -6056 3176
55582 60 2.1 -6164 3210
56299 60 2.1 -5988 3020
57025 60 2.1 -5920 3040
57761 60 2.1 -6080 3220
58506 60 2.1 -5980 3128
59261 60 2.1 -5772 2930
60025 60 2.1 -5864 3012
60799 60 2.1 -6192 3268
61583 60 2.1 -6152 3186
62378 60 2.1 -6020 3192
63182 60 2.1 -6140 3216
63997 60 2.1 -5912 2998
64822 60 2.1 -6048 3226
65658 60 2.1 -5968 3160
66505 60 2.1 -5944 3002
67363 60 2.1 -6172 3212
68232 60 2.1 -6204 3250
69112 60 2.1 -5896 3128
70003 60 2.1 -6076 3204
70906 60 2.1 -6044 3216
71821 60 2.1 -6016 3164
72747 60 2.1 -5964 3088
73685 60 2.1 -6024 3126
74636 60 2.1 -5864 3092
75599 60 2.1 -6024 3158
76574 60 2.1 -6024 3170
77561 60 2.1 -6024 3164
78562 60 2.1 -6088 3200
79575 60 2.1 -5928 2966
80601 60 2.1 -5764 3044
81641 60 2.1 -6180 3222
82694 60 2.1 -5832 3026
83760 60 2.1 -6028 3138
84841 60 2.1 -6064 3202
85935 60 2.1 -5964 3146
87043 60 2.1 -6028 3162
88166 60 2.1 -5860 3086
89303 60 2.1 -5944 3130
90455 60 2.1 -6116 3146
91622 60 2.1 -5988 3160
92803 60 2.1 -5908 3110
94000 60 2.1 -6060 3204
95213 60 2.1 -5904 3136
96441 60 2.1 -6088 3200
97685 60 2.1 -5876 3068
98945 60 2.1 -5916 3072
100221 60 2.1 -5992 3164
101513 60 2.1 -5880 2934
102823 60 2.1 -6224 3282
104149 60 2.1 -6084 3216
105492 60 2.1 -6088 3150
106853 60 2.1 -6080 3220
108231 60 2.1 -6212 3254
109627 60 2.1 -6048 3126
111041 60 2.1 -5872 3066
112473 60 2.1 -5924 3068
113924 60 2.1 -6016 3118
115393 60 2.1 -5864 3114
116882 60 2.1 -6020 3106
118389 60 2.1 -6076 3188
119916 60 2.1 -6068 3154
121463 60 2.1 -6220 3274
123029 60 2.1 -5756 3030
124616 60 2.1 -5984 3112
126224 60 2.1 -5788 3082
127852 60 2.1 -6104 3186
129501 60 2.1 -5836 3088
131171 60 2.1 -6020 3178
132863 60 2.1 -5756 2930
134576 60 2.1 -6092 3176
136312 60 2.1 -6180 3240
138070 60 2.1 -6196 3258
139851 60 2.1 -6080 3226
141655 60 2.1 -6060 3160
143482 60 2.1 -6268 3286
145333 60 2.1 -6256 3300
147207 60 2.1 -6084 3210
149106 60 2.1 -5944 3084
151029 60 2.1 -6184 3258
152977 60 2.1 -5648 2924
154950 60 2.1 -5968 3188
156948 60 2.1 -5844 3098
158973 60 2.1 -6140 3230
161023 60 2.1 -5696 3004
163100 60 2.1 -6064 3196
165204 60 2.1 -5976 3106
167334 60 2.1 -5944 3158
169493 60 2.1 -5936 3118
171679 60 2.1 -5988 3192
173893 60 2.1 -6016 3160
176136 60 2.1 -5976 3132
178408 60 2.1 -5944 3138
180709 60 2.1 -5960 3132
183040 60 2.1 -6032 3132
185400 60 2.1 -6140 3198
187792 60 2.1 -5876 3054
190214 60 2.1 -5916 3120
192667 60 2.1 -6008 3188
195152 60 2.1 -6164 3254
197669 60 2.1 -5952 3054
200219 60 2.1 -6012 3096
202801 60 2.1 -5960 3124
205417 60 2.1 -5884 3118
208066 60 2.1 -5932 3062
210750 60 2.1 -5876 3154
213468 60 2.1 -5912 3080
216222 60 2.1 -5784 3038
219010 60 2.1 -6124 3212
221835 60 2.1 -5888 3112
224696 60 2.1 -6076 3210
227595 60 2.1 -5868 3088
230530 60 2.1 -6172 3254
233503 60 2.1 -5888 3112
236515 60 2.1 -5856 3050
239566 60 2.1 -6024 3140
242656 60 2.1 -6116 3256
245785 60 2.1 -5644 2958
248956 60 2.1 -5868 3108
252167 60 2.1 -5820 3050
255419 60 2.1 -6008 3148
258713 60 2.1 -6004 3112
262050 60 2.1 -5792 3088
265430 60 2.1 -6016 3164
268854 60 2.1 -6008 3140
272321 60 2.1 -6076 3182
275834 60 2.1 -6128 3168
279391 60 2.1 -5968 3118
282995 60 2.1 -5864 3096
286645 60 2.1 -5956 3044
290342 60 2.1 -6136 3156
294087 60 2.1 -5880 3076
297880 60 2.1 -5752 2964
301722 60 2.1 -5908 3122
305614 60 2.1 -5952 3152
309556 60 2.1 -5760 3008
313548 60 2.1 -6080 3148
317592 60 2.1 -5956 3130
321689 60 2.1 -6020 3152
325838 60 2.1 -5940 3110
330040 60 2.1 -6300 3308
334297 60 2.1 -5908 3090
338609 60 2.1 -5876 3100
342976 60 2.1 -6040 3136
347400 60 2.1 -6160 3176
351881 60 2.1 -5976 3186
356419 60 2.1 -6028 3190
361016 60 2.1 -6036 3210
365673 60 2.1 -6056 3182
370389 60 2.1 -5944 3128
375167 60 2.1 -5856 3118
380005 60 2.1 -5880 3122
384907 60 2.1 -5832 3116
389871 60 2.1 -6016 3202
394900 60 2.1 -5972 2952
399993 60 2.1 -5992 3134
405152 60 2.1 -5956 3042
410378 60 2.1 -5944 3114
415671 60 2.1 -6056 3148
421032 60 2.1 -5900 3074
426463 60 2.1 -6060 3208
431963 60 2.1 -5964 3180
437535 60 2.1 -6216 3252
443178 60 2.1 -6072 3216
448894 60 2.1 -5960 3174
454684 60 2.1 -5960 3114
460548 60 2.1 -5904 3106
466489 60 2.1 -6140 3250
472505 60 2.1 -5940 3116
478600 60 2.1 -6048 3208
484773 60 2.1 -5944 3114
491025 60 2.1 -6092 3174
497358 60 2.1 -5872 3036
503773 60 2.1 -5956 3158
510271 60 2.1 -5844 3098
516852 60 2.1 -6008 3138
523519 60 2.1 -6000 3162
530271 60 2.1 -5976 3160
537111 60 2.1 -6208 3248
544038 60 2.1 -5976 3130
551055 60 2.1 -5912 3034
558163 60 2.1 -5940 3102
565362 60 2.1 -6116 3144
572654 60 2.1 -6044 3196
580040 60 2.1 -5948 3066
587521 60 2.1 -5892 3104
595099 60 2.1 -5924 3066
602775 60 2.1 -5964 3146
610549 60 2.1 -5896 3056
618424 60 2.1 -5912 3110
626400 60 2.1 -5928 3102
634480 60 2.1 -5796 2952
642663 60 2.1 -6180 3246
650952 60 2.1 -5960 3166
659348 60 2.1 -5800 2998
667853 60 2.1 -5804 3050
676467 60 2.1 -6152 3182
685192 60 2.1 -5940 3002
694029 60 2.1 -6056 3172
702981 60 2.1 -5708 3012
712048 60 2.1 -5920 3136
721232 60 2.1 -5956 3160
730534 60 2.1 -6084 3162
739957 60 2.1 -6112 3252
749500 60 2.1 -5912 3118
759168 60 2.1 -6084 3064
768959 60 2.1 -5784 2884
778877 60 2.1 -5964 3104
788923 60 2.1 -5812 3016
799099 60 2.1 -5892 3124
809405 60 2.1 -6032 3198
819845 60 2.1 -5768 2994
830419 60 2.1 -5896 3076
841130 60 2.1 -6136 3232
851979 60 2.1 -5948 3104
862968 60 2.1 -5824 3008
874098 60 2.1 -5968 3164
885373 60 2.1 -6132 3102
896792 60 2.1 -5972 3124
908359 60 2.1 -5916 3028
920075 60 2.1 -5836 3060
931942 60 2.1 -6128 3168
943962 60 2.1 -5744 3052
956137 60 2.1 -6084 3218
968470 60 2.1 -6004 3128
980961 60 2.1 -5816 3018
993613 60 2.1 -6028 3182
999999 60 2.1 -6036 3180
