3 140 2.1 -34720 18210
4 140 2.1 -34208 18030
5 140 2.1 -33704 17786
6 140 2.1 -33724 17742
7 140 2.1 -33492 17652
8 140 2.1 -33508 17664
9 140 2.1 -33020 17470
10 140 2.1 -32868 17396
11 140 2.1 -32644 17336
12 140 2.1 -32964 17398
13 140 2.1 -32948 17326
14 140 2.1 -32964 17384
15 140 2.1 -32792 17282
16 140 2.1 -32704 17234
17 140 2.1 -32952 17288
18 140 2.1 -32720 17242
19 140 2.1 -32636 17220
20 140 2.1 -32868 17314
21 140 2.1 -32764 17278
22 140 2.1 -32728 17238
23 140 2.1 -32948 17242
24 140 2.1 -32808 17202
25 140 2.1 -32656 17130
26 140 2.1 -32712 17114
27 140 2.1 -32960 17176
28 140 2.1 -32712 17104
29 140 2.1 -32796 17178
30 140 2.1 -33048 17198
31 140 2.1 -32792 17226
32 140 2.1 -32820 17164
33 140 2.1 -32704 17230
34 140 2.1 -32740 17242
35 140 2.1 -32724 17198
36 140 2.1 -33016 17328
37 140 2.1 -32908 17264
38 140 2.1 -32424 17094
39 140 2.1 -32440 17126
40 140 2.1 -32648 17186
41 140 2.1 -32792 17198
42 140 2.1 -32636 17154
43 140 2.1 -32712 17226
44 140 2.1 -32756 17182
45 140 2.1 -32372 17004
46 140 2.1 -32660 17070
47 140 2.1 -32572 17094
48 140 2.1 -32420 17100
49 140 2.1 -32544 17164
50 140 2.1 -32756 17210
51 140 2.1 -33036 17372
52 140 2.1 -33020 17388
53 140 2.1 -32872 17256
54 140 2.1 -32548 17098
55 140 2.1 -32340 17126
56 140 2.1 -32560 17136
57 140 2.1 -32748 17156
58 140 2.1 -32632 17098
59 140 2.1 -32284 16986
60 140 2.1 -32668 17188
61 140 2.1 -32324 16992
62 140 2.1 -32640 17092
63 140 2.1 -32608 17112
64 140 2.1 -33004 17226
65 140 2.1 -32656 17146
66 140 2.1 -32712 17062
67 140 2.1 -32208 16844
68 140 2.1 -32272 16840
69 140 2.1 -32408 16920
70 140 2.1 -32356 16880
71 140 2.1 -32436 16896
72 140 2.1 -32684 17116
73 140 2.1 -32684 17088
74 140 2.1 -32748 17164
75 140 2.1 -33016 17240
76 140 2.1 -32692 17088
77 140 2.1 -32620 17060
78 140 2.1 -32500 17054
79 140 2.1 -32624 17046
80 140 2.1 -32492 17050
81 140 2.1 -32932 17138
82 140 2.1 -32892 17152
83 140 2.1 -32912 17052
84 140 2.1 -32848 17178
85 140 2.1 -32688 17150
86 140 2.1 -32592 17134
88 140 2.1 -32512 17042
89 140 2.1 -32892 17154
90 140 2.1 -32752 17124
91 140 2.1 -32692 17018
92 140 2.1 -32496 16996
93 140 2.1 -32472 16940
95 140 2.1 -32452 16918
96 140 2.1 -32224 16870
97 140 2.1 -32432 16942
98 140 2.1 -32112 16846
99 140 2.1 -32744 16964
101 140 2.1 -32768 17090
102 140 2.1 -33056 17204
103 140 2.1 -32996 17156
105 140 2.1 -33088 17120
106 140 2.1 -33052 17076
107 140 2.1 -32876 17130
109 140 2.1 -32688 17070
110 140 2.1 -32524 17098
112 140 2.1 -32680 16962
113 140 2.1 -32552 16962
114 140 2.1 -32544 16870
116 140 2.1 -33004 16970
117 140 2.1 -32944 16990
119 140 2.1 -32468 16936
120 140 2.1 -32292 16838
122 140 2.1 -32796 16826
124 140 2.1 -32516 16686
125 140 2.1 -32304 16650
127 140 2.1 -32528 16764
128 140 2.1 -32648 16842
130 140 2.1 -32192 16806
132 140 2.1 -32836 16964
133 140 2.1 -32520 16968
135 140 2.1 -32472 16994
137 140 2.1 -32612 16896
139 140 2.1 -32588 16906
140 140 2.1 -32404 16860
142 140 2.1 -32228 16708
144 140 2.1 -32364 16886
146 140 2.1 -32568 16982
148 140 2.1 -32236 16676
150 140 2.1 -32144 16662
152 140 2.1 -32496 16758
154 140 2.1 -32500 16842
155 140 2.1 -32632 16946
157 140 2.1 -32084 16824
160 140 2.1 -32324 16858
162 140 2.1 -32420 16832
164 140 2.1 -32596 16866
166 140 2.1 -32516 16848
168 140 2.1 -32772 16852
170 140 2.1 -32564 16830
172 140 2.1 -32680 16870
174 140 2.1 -32384 16832
177 140 2.1 -32116 16584
179 140 2.1 -32264 16642
181 140 2.1 -32512 16744
184 140 2.1 -32492 16746
186 140 2.1 -32828 16836
188 140 2.1 -32804 16806
191 140 2.1 -32264 16458
193 140 2.1 -32172 16534
196 140 2.1 -32352 16658
198 140 2.1 -32476 16708
201 140 2.1 -32296 16670
203 140 2.1 -32304 16704
206 140 2.1 -32064 16650
209 140 2.1 -31896 16544
211 140 2.1 -32204 16744
214 140 2.1 -32788 16990
217 140 2.1 -32872 17032
220 140 2.1 -32552 16824
222 140 2.1 -32428 16696
225 140 2.1 -32348 16752
228 140 2.1 -32444 16734
231 140 2.1 -31936 16558
234 140 2.1 -32396 16688
237 140 2.1 -32612 16796
240 140 2.1 -32156 16666
243 140 2.1 -31752 16554
246 140 2.1 -32200 16694
250 140 2.1 -31868 16494
253 140 2.1 -31988 16612
256 140 2.1 -32436 16796
259 140 2.1 -32520 16860
263 140 2.1 -32788 17046
266 140 2.1 -33388 17426
269 140 2.1 -33048 17294
273 140 2.1 -32784 17230
276 140 2.1 -32172 16948
280 140 2.1 -32600 17002
284 140 2.1 -32460 16886
287 140 2.1 -32612 17010
291 140 2.1 -32640 17118
295 140 2.1 -32620 17064
298 140 2.1 -33000 17214
302 140 2.1 -33008 17312
306 140 2.1 -33096 17346
310 140 2.1 -32972 17274
314 140 2.1 -33004 17346
318 140 2.1 -32564 17150
322 140 2.1 -32836 17186
326 140 2.1 -32488 17026
331 140 2.1 -32480 17090
335 140 2.1 -32676 16906
339 140 2.1 -32548 16894
344 140 2.1 -32564 16774
348 140 2.1 -32116 16468
352 140 2.1 -32092 16542
357 140 2.1 -32364 16796
362 140 2.1 -32216 16680
366 140 2.1 -32564 16688
371 140 2.1 -32388 16740
376 140 2.1 -32188 16504
381 140 2.1 -32460 16684
385 140 2.1 -32228 16642
390 140 2.1 -32148 16586
395 140 2.1 -32352 16718
401 140 2.1 -32656 16900
406 140 2.1 -32696 16916
411 140 2.1 -32676 16972
416 140 2.1 -32900 17006
422 140 2.1 -32312 16992
427 140 2.1 -32764 17160
433 140 2.1 -32704 16994
438 140 2.1 -32532 16902
444 140 2.1 -32396 16858
449 140 2.1 -32400 16800
455 140 2.1 -32108 16848
461 140 2.1 -32528 17052
467 140 2.1 -32584 17080
473 140 2.1 -32396 16910
479 140 2.1 -32204 16946
485 140 2.1 -32580 16980
492 140 2.1 -32580 17096
498 140 2.1 -32776 17228
504 140 2.1 -32440 17118
511 140 2.1 -32212 16982
517 140 2.1 -32560 17022
524 140 2.1 -32628 17156
531 140 2.1 -33028 17314
538 140 2.1 -32676 17252
545 140 2.1 -32676 17208
552 140 2.1 -32668 17210
559 140 2.1 -32592 17122
566 140 2.1 -32804 17268
573 140 2.1 -32660 17080
581 140 2.1 -32376 17034
588 140 2.1 -32272 16926
596 140 2.1 -32712 17062
603 140 2.1 -32636 16918
611 140 2.1 -32232 16886
619 140 2.1 -32584 17022
627 140 2.1 -32496 17034
635 140 2.1 -32212 16840
643 140 2.1 -32364 16916
652 140 2.1 -32316 16964
660 140 2.1 -32640 17102
668 140 2.1 -32088 16888
677 140 2.1 -32408 16870
686 140 2.1 -32592 17032
695 140 2.1 -32716 17156
704 140 2.1 -32112 16868
713 140 2.1 -32464 16952
722 140 2.1 -32604 17160
731 140 2.1 -32568 17032
741 140 2.1 -32164 16918
750 140 2.1 -32716 17124
760 140 2.1 -32608 17178
770 140 2.1 -32832 17218
780 140 2.1 -31996 16720
790 140 2.1 -31740 16690
800 140 2.1 -32440 16904
810 140 2.1 -32036 16692
821 140 2.1 -32204 16772
831 140 2.1 -32468 16830
842 140 2.1 -32888 17260
853 140 2.1 -32380 16898
864 140 2.1 -33152 17330
875 140 2.1 -31848 16698
886 140 2.1 -32568 17082
897 140 2.1 -32812 17258
909 140 2.1 -32452 17126
921 140 2.1 -32564 17122
933 140 2.1 -32844 17142
945 140 2.1 -32576 17058
957 140 2.1 -32748 17040
969 140 2.1 -32604 17058
982 140 2.1 -32572 16826
994 140 2.1 -32324 16664
1007 140 2.1 -32652 16844
1020 140 2.1 -32160 16548
1033 140 2.1 -32348 16680
1047 140 2.1 -32664 17076
1060 140 2.1 -32692 17050
1074 140 2.1 -32744 17134
1088 140 2.1 -32520 17074
1102 140 2.1 -32192 16884
1116 140 2.1 -32884 17152
1130 140 2.1 -32660 17076
1145 140 2.1 -32740 17224
1160 140 2.1 -32556 17134
1174 140 2.1 -32692 17072
1190 140 2.1 -32592 17218
1205 140 2.1 -32808 17154
1220 140 2.1 -32416 16986
1236 140 2.1 -32232 16866
1252 140 2.1 -32308 16888
1268 140 2.1 -32300 16904
1285 140 2.1 -32624 17094
1301 140 2.1 -32492 16974
1318 140 2.1 -32568 17112
1335 140 2.1 -32196 16878
1352 140 2.1 -32740 16952
1370 140 2.1 -32960 16984
1387 140 2.1 -32812 17080
1405 140 2.1 -32644 17066
1423 140 2.1 -32400 17026
1442 140 2.1 -32692 17112
1460 140 2.1 -32264 16714
1479 140 2.1 -32156 16616
1498 140 2.1 -32132 16520
1517 140 2.1 -32452 16706
1537 140 2.1 -32480 16750
1557 140 2.1 -31856 16450
1577 140 2.1 -32280 16822
1597 140 2.1 -32684 17084
1618 140 2.1 -32432 16882
1639 140 2.1 -32432 16946
1660 140 2.1 -32348 16962
1681 140 2.1 -32760 17254
1703 140 2.1 -32828 17216
1725 140 2.1 -32600 17120
1747 140 2.1 -32600 17044
1770 140 2.1 -32316 16858
1792 140 2.1 -32624 17076
1816 140 2.1 -32392 16880
1839 140 2.1 -31932 16768
1863 140 2.1 -32064 16712
1887 140 2.1 -32156 16764
1911 140 2.1 -32572 17022
1936 140 2.1 -32496 16994
1961 140 2.1 -32480 16826
1986 140 2.1 -32528 17096
2012 140 2.1 -32736 17144
2037 140 2.1 -32464 16980
2064 140 2.1 -32772 17280
2090 140 2.1 -32568 17168
2117 140 2.1 -32684 17136
2145 140 2.1 -31956 16704
2172 140 2.1 -32536 17096
2200 140 2.1 -32120 16862
2229 140 2.1 -32504 16854
2257 140 2.1 -33056 17296
2286 140 2.1 -32616 17156
2316 140 2.1 -32168 16774
2346 140 2.1 -32244 16964
2376 140 2.1 -32176 16774
2407 140 2.1 -32860 17158
2438 140 2.1 -32688 17248
2469 140 2.1 -32152 16830
2501 140 2.1 -33040 17180
2533 140 2.1 -32764 17068
2566 140 2.1 -32708 17014
2599 140 2.1 -32912 17232
2633 140 2.1 -32680 17192
2667 140 2.1 -32772 17248
2701 140 2.1 -32644 17104
2736 140 2.1 -32832 17238
2771 140 2.1 -32388 16830
2807 140 2.1 -32928 17258
2843 140 2.1 -32632 17020
2880 140 2.1 -33104 17384
2917 140 2.1 -32756 17094
2954 140 2.1 -32704 17046
2992 140 2.1 -32456 16880
3031 140 2.1 -32308 16888
3070 140 2.1 -32584 17082
3110 140 2.1 -32988 17366
3150 140 2.1 -32496 17196
3190 140 2.1 -33016 17402
3232 140 2.1 -32464 17084
3273 140 2.1 -32744 17010
3315 140 2.1 -32972 17310
3358 140 2.1 -32148 16624
3402 140 2.1 -32244 16624
3445 140 2.1 -32648 16966
3490 140 2.1 -32296 16730
3535 140 2.1 -32800 17118
3580 140 2.1 -32096 16880
3627 140 2.1 -32308 16948
3673 140 2.1 -32580 17082
3721 140 2.1 -32296 16936
3769 140 2.1 -32872 17216
3817 140 2.1 -32128 16790
3867 140 2.1 -32620 17068
3916 140 2.1 -32924 17230
3967 140 2.1 -32632 17012
4018 140 2.1 -32468 16998
4070 140 2.1 -33092 17158
4122 140 2.1 -32288 16910
4176 140 2.1 -32828 17214
4229 140 2.1 -32272 16888
4284 140 2.1 -32724 17144
4339 140 2.1 -32984 17250
4395 140 2.1 -32704 17164
4452 140 2.1 -32740 17012
4509 140 2.1 -32572 16874
4567 140 2.1 -31992 16776
4626 140 2.1 -32584 17114
4686 140 2.1 -32892 17158
4746 140 2.1 -32676 17154
4808 140 2.1 -32460 17002
4870 140 2.1 -32592 17086
4932 140 2.1 -32396 16922
4996 140 2.1 -33048 17376
5060 140 2.1 -32160 16802
5126 140 2.1 -32116 16724
5192 140 2.1 -32820 17316
5259 140 2.1 -32272 16850
5327 140 2.1 -32560 16932
5395 140 2.1 -32756 17050
5465 140 2.1 -32792 17140
5535 140 2.1 -32392 16844
5607 140 2.1 -32028 16742
5679 140 2.1 -32804 17186
5752 140 2.1 -32752 17190
5826 140 2.1 -32544 17136
5902 140 2.1 -32448 17082
5978 140 2.1 -32300 16862
6055 140 2.1 -32848 17102
6133 140 2.1 -32512 16846
6212 140 2.1 -32524 16964
6292 140 2.1 -32240 16856
6373 140 2.1 -32712 17240
6455 140 2.1 -32476 16876
6539 140 2.1 -32720 17102
6623 140 2.1 -32024 16456
6708 140 2.1 -32476 17020
6795 140 2.1 -32960 17284
6883 140 2.1 -32852 17182
6971 140 2.1 -32404 16880
7061 140 2.1 -32188 16696
7152 140 2.1 -32692 17206
7245 140 2.1 -32348 16796
7338 140 2.1 -32576 16970
7433 140 2.1 -32712 17188
7529 140 2.1 -32932 17250
7626 140 2.1 -32096 16938
7724 140 2.1 -32996 17136
7824 140 2.1 -32860 17228
7925 140 2.1 -33108 17336
8027 140 2.1 -33128 17368
8130 140 2.1 -32540 16982
8235 140 2.1 -32224 16838
8341 140 2.1 -31884 16718
8449 140 2.1 -32752 17040
8558 140 2.1 -32300 16968
8668 140 2.1 -32720 17204
8780 140 2.1 -32388 17004
8893 140 2.1 -32376 16946
9008 140 2.1 -32788 17210
9124 140 2.1 -32864 17294
9242 140 2.1 -32648 16944
9361 140 2.1 -32856 17204
9482 140 2.1 -32120 16524
9604 140 2.1 -32356 16882
9728 140 2.1 -32192 16718
9853 140 2.1 -33048 17298
9980 140 2.1 -32468 16996
10109 140 2.1 -32644 17120
10240 140 2.1 -32652 17134
10372 140 2.1 -31912 16622
10505 140 2.1 -32580 17028
10641 140 2.1 -32772 17010
10778 140 2.1 -32448 17064
10917 140 2.1 -32904 17216
11058 140 2.1 -32680 17086
11201 140 2.1 -32308 16812
11345 140 2.1 -32752 17134
11491 140 2.1 -32792 16950
11640 140 2.1 -32700 17160
11790 140 2.1 -32908 17188
11942 140 2.1 -31832 16570
12096 140 2.1 -32696 17144
12252 140 2.1 -32812 17250
12410 140 2.1 -31952 16636
12570 140 2.1 -32740 17014
12732 140 2.1 -32628 17220
12896 140 2.1 -32368 16948
13062 140 2.1 -32404 16836
13231 140 2.1 -32556 16626
13402 140 2.1 -32432 16606
13574 140 2.1 -32732 17224
13750 140 2.1 -32292 17016
13927 140 2.1 -32388 16836
14106 140 2.1 -32128 16766
14288 140 2.1 -33032 17348
14473 140 2.1 -32920 17138
14659 140 2.1 -32552 17114
14848 140 2.1 -32680 17100
15040 140 2.1 -32900 17208
15234 140 2.1 -33196 17470
15430 140 2.1 -32792 17288
15629 140 2.1 -32224 16964
15831 140 2.1 -32644 17024
16035 140 2.1 -33040 17344
16242 140 2.1 -32332 16908
16451 140 2.1 -32872 17158
16664 140 2.1 -32152 16952
16879 140 2.1 -32404 17072
17096 140 2.1 -32676 17062
17317 140 2.1 -32096 16662
17540 140 2.1 -32968 17376
17766 140 2.1 -32488 17020
17995 140 2.1 -32300 16840
18228 140 2.1 -32640 17104
18463 140 2.1 -32904 17218
18701 140 2.1 -32996 17106
18942 140 2.1 -32808 17144
19186 140 2.1 -32312 17028
19434 140 2.1 -32948 17378
19684 140 2.1 -32588 16786
19938 140 2.1 -32496 17000
20195 140 2.1 -32568 16860
20456 140 2.1 -32624 16982
20720 140 2.1 -31732 16468
20987 140 2.1 -32960 17176
21258 140 2.1 -32040 16772
21532 140 2.1 -32716 17094
21810 140 2.1 -32248 16898
22091 140 2.1 -32888 17216
22376 140 2.1 -32448 16998
22664 140 2.1 -32144 16556
22957 140 2.1 -31996 15764
23253 140 2.1 -32528 17008
23553 140 2.1 -32932 17130
23856 140 2.1 -32476 17132
24164 140 2.1 -32724 17006
24476 140 2.1 -32180 16650
24791 140 2.1 -32744 17252
25111 140 2.1 -32576 16966
25435 140 2.1 -32212 16834
25763 140 2.1 -31716 16460
26095 140 2.1 -32700 17092
26432 140 2.1 -32352 17054
26773 140 2.1 -32680 17148
27118 140 2.1 -31764 16554
27468 140 2.1 -32508 16958
27822 140 2.1 -32788 17110
28181 140 2.1 -32720 17066
28545 140 2.1 -32156 16904
28913 140 2.1 -32780 16914
29286 140 2.1 -32456 17024
29663 140 2.1 -32292 16650
30046 140 2.1 -32700 17098
30434 140 2.1 -32000 16776
30826 140 2.1 -33056 17454
31224 140 2.1 -32892 17208
31626 140 2.1 -32376 16928
32034 140 2.1 -32072 16746
32447 140 2.1 -32276 16872
32866 140 2.1 -32636 16894
33290 140 2.1 -32848 17172
33719 140 2.1 -32692 17250
34154 140 2.1 -32864 17040
34595 140 2.1 -32232 16268
35041 140 2.1 -32460 17034
35493 140 2.1 -32684 16960
35951 140 2.1 -32580 17102
36414 140 2.1 -32744 17258
36884 140 2.1 -32172 16796
37360 140 2.1 -32684 17250
37841 140 2.1 -32624 17014
38330 140 2.1 -32268 16724
38824 140 2.1 -32620 16854
39325 140 2.1 -32632 17108
39832 140 2.1 -32360 16970
40346 140 2.1 -32076 16702
40866 140 2.1 -32872 17194
41393 140 2.1 -32520 17016
41927 140 2.1 -32528 17114
42468 140 2.1 -32372 16840
43015 140 2.1 -32608 16858
43570 140 2.1 -32768 17222
44132 140 2.1 -32372 16926
44701 140 2.1 -32112 16888
45278 140 2.1 -32056 16846
45862 140 2.1 -31900 16356
46453 140 2.1 -33056 17342
47053 140 2.1 -32672 17170
47660 140 2.1 -32824 17260
48274 140 2.1 -32304 16574
48897 140 2.1 -32020 16576
49528 140 2.1 -32760 17044
50166 140 2.1 -32400 16872
50813 140 2.1 -32736 17262
51469 140 2.1 -32288 16674
52133 140 2.1 -32512 17016
52805 140 2.1 -32276 16848
53486 140 2.1 -32852 17256
54176 140 2.1 -32688 17222
54875 140 2.1 -32732 17070
55582 140 2.1 -32532 17000
56299 140 2.1 -32448 17026
57025 140 2.1 -32728 17208
57761 140 2.1 -32568 16976
58506 140 2.1 -32860 17218
59261 140 2.1 -32560 17160
60025 140 2.1 -33016 17216
60799 140 2.1 -32872 17118
61583 140 2.1 -32240 16896
62378 140 2.1 -32496 17080
63182 140 2.1 -32716 17142
63997 140 2.1 -32612 16920
64822 140 2.1 -32688 17042
65658 140 2.1 -32752 17212
66505 140 2.1 -32356 16984
67363 140 2.1 -32820 17220
68232 140 2.1 -32688 17104
69112 140 2.1 -32292 16922
70003 140 2.1 -32684 17070
70906 140 2.1 -32992 17290
71821 140 2.1 -32392 16956
72747 140 2.1 -32716 16880
73685 140 2.1 -32848 17296
74636 140 2.1 -32472 17110
75599 140 2.1 -32836 17344
76574 140 2.1 -32192 17030
77561 140 2.1 -32416 16498
78562 140 2.1 -32308 16968
79575 140 2.1 -32528 16778
80601 140 2.1 -32268 16838
81641 140 2.1 -32612 17192
82694 140 2.1 -32532 17072
83760 140 2.1 -32888 17198
84841 140 2.1 -33100 17206
85935 140 2.1 -32224 16912
87043 140 2.1 -31976 16600
88166 140 2.1 -32304 16748
89303 140 2.1 -32632 17162
90455 140 2.1 -32644 17162
91622 140 2.1 -32624 17106
92803 140 2.1 -32616 17138
94000 140 2.1 -32624 17030
95213 140 2.1 -32632 17162
96441 140 2.1 -32780 17184
97685 140 2.1 -32708 17134
98945 140 2.1 -32616 17152
100221 140 2.1 -32608 17266
101513 140 2.1 -32664 17054
102823 140 2.1 -32680 17014
104149 140 2.1 -32132 16940
105492 140 2.1 -33356 17496
106853 140 2.1 -32724 17150
108231 140 2.1 -32780 17210
109627 140 2.1 -32856 17186
111041 140 2.1 -32700 17216
112473 140 2.1 -32992 17206
113924 140 2.1 -32748 17214
115393 140 2.1 -32668 16940
116882 140 2.1 -32360 17024
118389 140 2.1 -32604 17020
119916 140 2.1 -32300 16892
121463 140 2.1 -32748 17238
123029 140 2.1 -32308 16900
124616 140 2.1 -32520 17050
126224 140 2.1 -32560 16978
127852 140 2.1 -32624 17068
129501 140 2.1 -32468 16902
131171 140 2.1 -32704 17118
132863 140 2.1 -32480 17136
134576 140 2.1 -32424 16934
136312 140 2.1 -32296 17010
138070 140 2.1 -32684 17142
139851 140 2.1 -32252 16722
141655 140 2.1 -32560 16886
143482 140 2.1 -32016 16628
145333 140 2.1 -32852 17066
147207 140 2.1 -32628 17066
149106 140 2.1 -32728 17122
151029 140 2.1 -32420 17086
152977 140 2.1 -32284 16726
154950 140 2.1 -32364 16868
156948 140 2.1 -32984 17060
158973 140 2.1 -32460 17004
161023 140 2.1 -32552 17134
163100 140 2.1 -32996 17066
165204 140 2.1 -32752 17198
167334 140 2.1 -32384 16694
169493 140 2.1 -32436 16940
171679 140 2.1 -33132 17406
173893 140 2.1 -32396 16708
176136 140 2.1 -32808 17168
178408 140 2.1 -32588 17076
180709 140 2.1 -32496 16980
183040 140 2.1 -32800 17252
185400 140 2.1 -32908 17346
187792 140 2.1 -32564 16970
190214 140 2.1 -32420 17070
192667 140 2.1 -32120 16894
195152 140 2.1 -32208 16610
197669 140 2.1 -32228 16856
200219 140 2.1 -32560 16978
202801 140 2.1 -33144 17324
205417 140 2.1 -32836 17172
208066 140 2.1 -32820 17084
210750 140 2.1 -32632 17236
213468 140 2.1 -32252 16966
216222 140 2.1 -32724 16934
219010 140 2.1 -32928 17280
221835 140 2.1 -32724 17132
224696 140 2.1 -32792 17062
227595 140 2.1 -32636 16954
230530 140 2.1 -32732 17162
233503 140 2.1 -32736 17102
236515 140 2.1 -32760 17184
239566 140 2.1 -33400 17538
242656 140 2.1 -32472 17004
245785 140 2.1 -32656 17134
248956 140 2.1 -32348 16868
252167 140 2.1 -32408 17080
255419 140 2.1 -33084 17408
258713 140 2.1 -32564 16898
262050 140 2.1 -33144 17472
265430 140 2.1 -32428 16734
268854 140 2.1 -32260 16870
272321 140 2.1 -33032 17414
275834 140 2.1 -32764 16814
279391 140 2.1 -32240 16876
282995 140 2.1 -32048 16496
286645 140 2.1 -32176 16940
290342 140 2.1 -32408 17110
294087 140 2.1 -32676 17098
297880 140 2.1 -32724 17138
301722 140 2.1 -31840 16850
305614 140 2.1 -32992 17214
309556 140 2.1 -33144 17372
313548 140 2.1 -32280 16888
317592 140 2.1 -32552 16920
321689 140 2.1 -32732 17094
325838 140 2.1 -31724 16348
330040 140 2.1 -32540 17026
334297 140 2.1 -32932 17260
338609 140 2.1 -32692 17028
342976 140 2.1 -33040 17414
347400 140 2.1 -32948 17128
351881 140 2.1 -32368 16738
356419 140 2.1 -32676 16994
361016 140 2.1 -32956 17174
365673 140 2.1 -32200 16860
370389 140 2.1 -32488 16884
375167 140 2.1 -32664 17088
380005 140 2.1 -32140 16856
384907 140 2.1 -32424 16586
389871 140 2.1 -32692 17058
394900 140 2.1 -32480 17022
399993 140 2.1 -32784 17254
405152 140 2.1 -32360 16930
410378 140 2.1 -32812 17230
415671 140 2.1 -32460 16814
421032 140 2.1 -32580 17130
426463 140 2.1 -32464 17138
431963 140 2.1 -32760 17160
437535 140 2.1 -32732 17108
443178 140 2.1 -33000 17232
448894 140 2.1 -32788 17228
454684 140 2.1 -32680 17130
460548 140 2.1 -32804 17210
466489 140 2.1 -32580 17122
472505 140 2.1 -32636 17104
478600 140 2.1 -32476 16942
484773 140 2.1 -32508 17006
491025 140 2.1 -32788 17052
497358 140 2.1 -32620 17076
503773 140 2.1 -32556 17050
510271 140 2.1 -31972 16772
516852 140 2.1 -32472 16770
523519 140 2.1 -32364 16934
530271 140 2.1 -32708 17182
537111 140 2.1 -32964 17180
544038 140 2.1 -32412 17018
551055 140 2.1 -32468 16864
558163 140 2.1 -32540 16960
565362 140 2.1 -33036 17352
572654 140 2.1 -32860 16890
580040 140 2.1 -32524 17070
587521 140 2.1 -32364 17012
595099 140 2.1 -32684 17022
602775 140 2.1 -32604 17008
610549 140 2.1 -32696 17164
618424 140 2.1 -32412 16978
626400 140 2.1 -32452 16936
634480 140 2.1 -33004 17342
642663 140 2.1 -32140 16856
650952 140 2.1 -32784 17056
659348 140 2.1 -32056 16894
667853 140 2.1 -32732 17194
676467 140 2.1 -32708 17168
685192 140 2.1 -32956 17342
694029 140 2.1 -32512 17110
702981 140 2.1 -32288 17010
712048 140 2.1 -32404 16902
721232 140 2.1 -32560 17062
730534 140 2.1 -32596 17016
739957 140 2.1 -32224 16738
749500 140 2.1 -32516 17168
759168 140 2.1 -32664 17228
768959 140 2.1 -32868 17026
778877 140 2.1 -32396 17044
788923 140 2.1 -32876 17346
799099 140 2.1 -32932 16934
809405 140 2.1 -32364 16980
819845 140 2.1 -32736 17018
830419 140 2.1 -33092 17276
841130 140 2.1 -32916 17060
851979 140 2.1 -32508 17138
862968 140 2.1 -33072 17306
874098 140 2.1 -32508 16932
885373 140 2.1 -32748 16998
896792 140 2.1 -32400 16762
908359 140 2.1 -32472 16888
920075 140 2.1 -31880 16616
931942 140 2.1 -32592 17142
943962 140 2.1 -32260 16842
956137 140 2.1 -32284 16820
968470 140 2.1 -32088 16676
980961 140 2.1 -32680 17260
993613 140 2.1 -32368 16962
999999 140 2.1 -32528 16802
