3 20 2.1 -676 362
4 20 2.1 -676 360
5 20 2.1 -700 356
6 20 2.1 -676 354
7 20 2.1 -624 332
8 20 2.1 -688 364
9 20 2.1 -700 372
10 20 2.1 -696 370
11 20 2.1 -716 372
12 20 2.1 -720 376
13 20 2.1 -696 370
14 20 2.1 -688 368
15 20 2.1 -748 382
16 20 2.1 -708 370
17 20 2.1 -708 362
18 20 2.1 -700 362
19 20 2.1 -680 356
20 20 2.1 -712 370
21 20 2.1 -664 348
22 20 2.1 -664 358
23 20 2.1 -688 368
24 20 2.1 -692 368
25 20 2.1 -708 372
26 20 2.1 -752 386
27 20 2.1 -728 376
28 20 2.1 -720 372
29 20 2.1 -712 372
30 20 2.1 -716 374
31 20 2.1 -700 366
32 20 2.1 -720 374
33 20 2.1 -688 364
34 20 2.1 -688 366
35 20 2.1 -696 366
36 20 2.1 -644 352
37 20 2.1 -636 348
38 20 2.1 -676 366
39 20 2.1 -700 370
40 20 2.1 -688 360
41 20 2.1 -680 342
42 20 2.1 -660 338
43 20 2.1 -672 336
44 20 2.1 -640 326
45 20 2.1 -616 330
46 20 2.1 -656 354
47 20 2.1 -640 346
48 20 2.1 -672 358
49 20 2.1 -684 358
50 20 2.1 -628 338
51 20 2.1 -624 338
52 20 2.1 -672 366
53 20 2.1 -660 362
54 20 2.1 -648 354
55 20 2.1 -664 354
56 20 2.1 -668 356
57 20 2.1 -668 356
58 20 2.1 -644 352
59 20 2.1 -632 348
60 20 2.1 -656 338
61 20 2.1 -648 344
62 20 2.1 -604 332
63 20 2.1 -592 338
64 20 2.1 -616 324
65 20 2.1 -592 310
66 20 2.1 -588 310
67 20 2.1 -576 312
68 20 2.1 -564 316
69 20 2.1 -564 308
70 20 2.1 -632 330
71 20 2.1 -628 334
72 20 2.1 -640 332
73 20 2.1 -648 330
74 20 2.1 -652 320
75 20 2.1 -664 324
76 20 2.1 -664 318
77 20 2.1 -672 330
78 20 2.1 -620 318
79 20 2.1 -640 322
80 20 2.1 -644 320
81 20 2.1 -632 326
82 20 2.1 -644 344
83 20 2.1 -628 346
84 20 2.1 -604 334
85 20 2.1 -664 362
86 20 2.1 -656 354
88 20 2.1 -684 364
89 20 2.1 -640 342
90 20 2.1 -664 362
91 20 2.1 -680 366
92 20 2.1 -700 372
93 20 2.1 -680 362
95 20 2.1 -644 340
96 20 2.1 -684 360
97 20 2.1 -644 338
98 20 2.1 -652 340
99 20 2.1 -644 336
101 20 2.1 -648 346
102 20 2.1 -580 326
103 20 2.1 -580 324
105 20 2.1 -620 332
106 20 2.1 -648 354
107 20 2.1 -652 350
109 20 2.1 -684 348
110 20 2.1 -680 362
112 20 2.1 -704 370
113 20 2.1 -724 376
114 20 2.1 -680 368
116 20 2.1 -704 372
117 20 2.1 -724 380
119 20 2.1 -700 362
120 20 2.1 -676 354
122 20 2.1 -656 326
124 20 2.1 -616 330
125 20 2.1 -664 350
127 20 2.1 -652 348
128 20 2.1 -672 344
130 20 2.1 -700 368
132 20 2.1 -684 364
133 20 2.1 -640 348
135 20 2.1 -668 360
137 20 2.1 -696 370
139 20 2.1 -644 346
140 20 2.1 -640 340
142 20 2.1 -668 352
144 20 2.1 -672 348
146 20 2.1 -632 338
148 20 2.1 -688 358
150 20 2.1 -704 366
152 20 2.1 -712 366
154 20 2.1 -668 344
155 20 2.1 -668 344
157 20 2.1 -668 352
160 20 2.1 -656 348
162 20 2.1 -636 338
164 20 2.1 -660 350
166 20 2.1 -664 350
168 20 2.1 -608 338
170 20 2.1 -620 338
172 20 2.1 -672 348
174 20 2.1 -720 368
177 20 2.1 -696 360
179 20 2.1 -648 354
181 20 2.1 -644 348
184 20 2.1 -676 362
186 20 2.1 -728 378
188 20 2.1 -704 376
191 20 2.1 -688 368
193 20 2.1 -656 358
196 20 2.1 -672 360
198 20 2.1 -712 372
201 20 2.1 -676 358
203 20 2.1 -704 368
206 20 2.1 -680 346
209 20 2.1 -652 342
211 20 2.1 -636 344
214 20 2.1 -624 328
217 20 2.1 -596 318
220 20 2.1 -612 328
222 20 2.1 -572 304
225 20 2.1 -648 336
228 20 2.1 -648 334
231 20 2.1 -684 364
234 20 2.1 -696 360
237 20 2.1 -664 358
240 20 2.1 -680 364
243 20 2.1 -640 352
246 20 2.1 -712 366
250 20 2.1 -728 376
253 20 2.1 -692 360
256 20 2.1 -684 344
259 20 2.1 -664 352
263 20 2.1 -684 366
266 20 2.1 -688 366
269 20 2.1 -736 382
273 20 2.1 -676 362
276 20 2.1 -644 346
280 20 2.1 -656 344
284 20 2.1 -696 364
287 20 2.1 -728 378
291 20 2.1 -580 308
295 20 2.1 -624 320
298 20 2.1 -564 314
302 20 2.1 -640 314
306 20 2.1 -684 360
310 20 2.1 -700 368
314 20 2.1 -696 366
318 20 2.1 -716 370
322 20 2.1 -716 376
326 20 2.1 -700 368
331 20 2.1 -700 372
335 20 2.1 -704 370
339 20 2.1 -660 344
344 20 2.1 -628 310
348 20 2.1 -668 342
352 20 2.1 -672 328
357 20 2.1 -616 306
362 20 2.1 -632 306
366 20 2.1 -612 316
371 20 2.1 -620 310
376 20 2.1 -640 348
381 20 2.1 -676 344
385 20 2.1 -652 348
390 20 2.1 -644 338
395 20 2.1 -724 380
401 20 2.1 -724 380
406 20 2.1 -704 374
411 20 2.1 -688 370
416 20 2.1 -580 320
422 20 2.1 -560 322
427 20 2.1 -692 362
433 20 2.1 -712 374
438 20 2.1 -640 340
444 20 2.1 -700 368
449 20 2.1 -620 334
455 20 2.1 -712 370
461 20 2.1 -728 378
467 20 2.1 -664 360
473 20 2.1 -660 354
479 20 2.1 -680 362
485 20 2.1 -724 378
492 20 2.1 -696 372
498 20 2.1 -604 334
504 20 2.1 -656 352
511 20 2.1 -628 342
517 20 2.1 -616 334
524 20 2.1 -572 272
531 20 2.1 -736 362
538 20 2.1 -720 378
545 20 2.1 -652 342
552 20 2.1 -644 344
559 20 2.1 -708 376
566 20 2.1 -676 356
573 20 2.1 -720 374
581 20 2.1 -708 366
588 20 2.1 -644 336
596 20 2.1 -668 344
603 20 2.1 -612 330
611 20 2.1 -640 350
619 20 2.1 -628 330
627 20 2.1 -712 372
635 20 2.1 -644 346
643 20 2.1 -640 344
652 20 2.1 -612 326
660 20 2.1 -656 350
668 20 2.1 -636 336
677 20 2.1 -616 340
686 20 2.1 -680 352
695 20 2.1 -692 368
704 20 2.1 -684 366
713 20 2.1 -692 368
722 20 2.1 -660 356
731 20 2.1 -720 376
741 20 2.1 -616 316
750 20 2.1 -596 336
760 20 2.1 -696 370
770 20 2.1 -700 368
780 20 2.1 -612 342
790 20 2.1 -644 348
800 20 2.1 -692 366
810 20 2.1 -672 346
821 20 2.1 -700 366
831 20 2.1 -668 360
842 20 2.1 -704 374
853 20 2.1 -692 368
864 20 2.1 -684 360
875 20 2.1 -688 370
886 20 2.1 -672 358
897 20 2.1 -624 342
909 20 2.1 -684 358
921 20 2.1 -684 354
933 20 2.1 -772 392
945 20 2.1 -728 382
957 20 2.1 -704 368
969 20 2.1 -680 366
982 20 2.1 -596 328
994 20 2.1 -632 340
1007 20 2.1 -692 366
1020 20 2.1 -668 360
1033 20 2.1 -612 328
1047 20 2.1 -632 348
1060 20 2.1 -728 376
1074 20 2.1 -656 308
1088 20 2.1 -624 276
1102 20 2.1 -668 334
1116 20 2.1 -696 362
1130 20 2.1 -580 288
1145 20 2.1 -680 362
1160 20 2.1 -608 310
1174 20 2.1 -600 302
1190 20 2.1 -652 356
1205 20 2.1 -680 362
1220 20 2.1 -612 320
1236 20 2.1 -672 364
1252 20 2.1 -644 334
1268 20 2.1 -692 368
1285 20 2.1 -684 366
1301 20 2.1 -752 388
1318 20 2.1 -652 356
1335 20 2.1 -604 322
1352 20 2.1 -636 320
1370 20 2.1 -608 272
1387 20 2.1 -648 334
1405 20 2.1 -624 338
1423 20 2.1 -676 366
1442 20 2.1 -704 358
1460 20 2.1 -632 334
1479 20 2.1 -672 358
1498 20 2.1 -720 374
1517 20 2.1 -668 350
1537 20 2.1 -644 340
1557 20 2.1 -736 384
1577 20 2.1 -704 372
1597 20 2.1 -704 372
1618 20 2.1 -720 376
1639 20 2.1 -636 332
1660 20 2.1 -720 374
1681 20 2.1 -700 370
1703 20 2.1 -620 334
1725 20 2.1 -640 324
1747 20 2.1 -708 360
1770 20 2.1 -628 322
1792 20 2.1 -716 376
1816 20 2.1 -576 318
1839 20 2.1 -692 362
1863 20 2.1 -676 364
1887 20 2.1 -580 310
1911 20 2.1 -692 368
1936 20 2.1 -656 356
1961 20 2.1 -688 362
1986 20 2.1 -672 358
2012 20 2.1 -616 340
2037 20 2.1 -732 378
2064 20 2.1 -680 364
2090 20 2.1 -700 366
2117 20 2.1 -652 350
2145 20 2.1 -680 348
2172 20 2.1 -624 294
2200 20 2.1 -552 248
2229 20 2.1 -676 360
2257 20 2.1 -652 344
2286 20 2.1 -584 302
2316 20 2.1 -624 344
2346 20 2.1 -692 356
2376 20 2.1 -712 376
2407 20 2.1 -680 356
2438 20 2.1 -632 344
2469 20 2.1 -640 352
2501 20 2.1 -576 302
2533 20 2.1 -720 378
2566 20 2.1 -644 348
2599 20 2.1 -672 344
2633 20 2.1 -600 312
2667 20 2.1 -696 360
2701 20 2.1 -664 358
2736 20 2.1 -768 390
2771 20 2.1 -688 364
2807 20 2.1 -644 346
2843 20 2.1 -616 330
2880 20 2.1 -712 356
2917 20 2.1 -668 356
2954 20 2.1 -688 370
2992 20 2.1 -632 328
3031 20 2.1 -728 378
3070 20 2.1 -604 322
3110 20 2.1 -648 348
3150 20 2.1 -640 318
3190 20 2.1 -672 364
3232 20 2.1 -676 356
3273 20 2.1 -748 384
3315 20 2.1 -700 372
3358 20 2.1 -608 326
3402 20 2.1 -672 366
3445 20 2.1 -688 358
3490 20 2.1 -652 346
3535 20 2.1 -660 354
3580 20 2.1 -688 364
3627 20 2.1 -684 366
3673 20 2.1 -700 360
3721 20 2.1 -560 244
3769 20 2.1 -504 210
3817 20 2.1 -724 376
3867 20 2.1 -716 378
3916 20 2.1 -636 338
3967 20 2.1 -600 328
4018 20 2.1 -676 354
4070 20 2.1 -728 376
4122 20 2.1 -712 376
4176 20 2.1 -656 344
4229 20 2.1 -656 348
4284 20 2.1 -652 318
4339 20 2.1 -656 352
4395 20 2.1 -692 358
4452 20 2.1 -712 366
4509 20 2.1 -736 368
4567 20 2.1 -648 348
4626 20 2.1 -604 284
4686 20 2.1 -656 356
4746 20 2.1 -628 328
4808 20 2.1 -600 322
4870 20 2.1 -700 368
4932 20 2.1 -672 352
4996 20 2.1 -636 348
5060 20 2.1 -668 358
5126 20 2.1 -708 374
5192 20 2.1 -632 332
5259 20 2.1 -636 338
5327 20 2.1 -588 306
5395 20 2.1 -628 342
5465 20 2.1 -652 352
5535 20 2.1 -696 368
5607 20 2.1 -612 342
5679 20 2.1 -564 208
5752 20 2.1 -628 344
5826 20 2.1 -640 330
5902 20 2.1 -684 354
5978 20 2.1 -664 358
6055 20 2.1 -596 328
6133 20 2.1 -640 340
6212 20 2.1 -688 368
6292 20 2.1 -624 318
6373 20 2.1 -700 372
6455 20 2.1 -696 332
6539 20 2.1 -704 374
6623 20 2.1 -668 352
6708 20 2.1 -628 342
6795 20 2.1 -720 370
6883 20 2.1 -640 282
6971 20 2.1 -704 368
7061 20 2.1 -600 320
7152 20 2.1 -696 366
7245 20 2.1 -744 386
7338 20 2.1 -660 344
7433 20 2.1 -688 368
7529 20 2.1 -708 368
7626 20 2.1 -684 362
7724 20 2.1 -608 324
7824 20 2.1 -660 350
7925 20 2.1 -684 368
8027 20 2.1 -636 348
8130 20 2.1 -748 386
8235 20 2.1 -624 336
8341 20 2.1 -664 354
8449 20 2.1 -632 338
8558 20 2.1 -668 362
8668 20 2.1 -648 344
8780 20 2.1 -644 340
8893 20 2.1 -688 362
9008 20 2.1 -664 334
9124 20 2.1 -648 334
9242 20 2.1 -704 364
9361 20 2.1 -688 366
9482 20 2.1 -680 362
9604 20 2.1 -716 370
9728 20 2.1 -676 360
9853 20 2.1 -704 368
9980 20 2.1 -712 364
10109 20 2.1 -696 368
10240 20 2.1 -680 362
10372 20 2.1 -652 346
10505 20 2.1 -624 336
10641 20 2.1 -660 354
10778 20 2.1 -680 362
10917 20 2.1 -712 374
11058 20 2.1 -756 388
11201 20 2.1 -704 372
11345 20 2.1 -732 376
11491 20 2.1 -676 366
11640 20 2.1 -656 352
11790 20 2.1 -640 348
11942 20 2.1 -524 170
12096 20 2.1 -696 366
12252 20 2.1 -676 354
12410 20 2.1 -648 354
12570 20 2.1 -712 376
12732 20 2.1 -636 338
12896 20 2.1 -592 312
13062 20 2.1 -724 376
13231 20 2.1 -736 382
13402 20 2.1 -608 298
13574 20 2.1 -680 354
13750 20 2.1 -608 300
13927 20 2.1 -660 348
14106 20 2.1 -652 340
14288 20 2.1 -696 360
14473 20 2.1 -564 312
14659 20 2.1 -664 348
14848 20 2.1 -680 362
15040 20 2.1 -656 346
15234 20 2.1 -572 288
15430 20 2.1 -640 334
15629 20 2.1 -608 326
15831 20 2.1 -712 374
16035 20 2.1 -652 354
16242 20 2.1 -600 316
16451 20 2.1 -640 346
16664 20 2.1 -660 340
16879 20 2.1 -700 368
17096 20 2.1 -628 326
17317 20 2.1 -672 358
17540 20 2.1 -728 378
17766 20 2.1 -724 366
17995 20 2.1 -656 358
18228 20 2.1 -668 358
18463 20 2.1 -644 312
18701 20 2.1 -592 210
18942 20 2.1 -684 368
19186 20 2.1 -720 378
19434 20 2.1 -600 292
19684 20 2.1 -672 362
19938 20 2.1 -624 332
20195 20 2.1 -720 378
20456 20 2.1 -596 318
20720 20 2.1 -668 358
20987 20 2.1 -668 362
21258 20 2.1 -728 376
21532 20 2.1 -640 332
21810 20 2.1 -704 372
22091 20 2.1 -724 376
22376 20 2.1 -656 348
22664 20 2.1 -628 340
22957 20 2.1 -644 302
23253 20 2.1 -728 380
23553 20 2.1 -672 360
23856 20 2.1 -680 354
24164 20 2.1 -620 328
24476 20 2.1 -652 302
24791 20 2.1 -668 346
25111 20 2.1 -712 374
25435 20 2.1 -600 312
25763 20 2.1 -680 356
26095 20 2.1 -684 364
26432 20 2.1 -600 300
26773 20 2.1 -660 348
27118 20 2.1 -704 370
27468 20 2.1 -592 262
27822 20 2.1 -660 348
28181 20 2.1 -676 362
28545 20 2.1 -648 348
28913 20 2.1 -648 340
29286 20 2.1 -676 360
29663 20 2.1 -720 362
30046 20 2.1 -624 312
30434 20 2.1 -680 354
30826 20 2.1 -632 346
31224 20 2.1 -684 366
31626 20 2.1 -672 316
32034 20 2.1 -672 362
32447 20 2.1 -628 296
32866 20 2.1 -656 336
33290 20 2.1 -640 338
33719 20 2.1 -624 330
34154 20 2.1 -684 360
34595 20 2.1 -644 348
35041 20 2.1 -604 306
35493 20 2.1 -708 376
35951 20 2.1 -696 352
36414 20 2.1 -572 196
36884 20 2.1 -660 338
37360 20 2.1 -736 378
37841 20 2.1 -676 346
38330 20 2.1 -544 286
38824 20 2.1 -648 350
39325 20 2.1 -592 314
39832 20 2.1 -708 366
40346 20 2.1 -564 258
40866 20 2.1 -676 364
41393 20 2.1 -680 356
41927 20 2.1 -692 358
42468 20 2.1 -704 368
43015 20 2.1 -672 354
43570 20 2.1 -612 336
44132 20 2.1 -716 372
44701 20 2.1 -644 350
45278 20 2.1 -724 368
45862 20 2.1 -668 354
46453 20 2.1 -676 358
47053 20 2.1 -668 360
47660 20 2.1 -700 364
48274 20 2.1 -672 334
48897 20 2.1 -648 346
49528 20 2.1 -624 350
50166 20 2.1 -652 342
50813 20 2.1 -688 368
51469 20 2.1 -676 342
52133 20 2.1 -652 354
52805 20 2.1 -688 366
53486 20 2.1 -656 344
54176 20 2.1 -688 354
54875 20 2.1 -664 352
55582 20 2.1 -656 354
56299 20 2.1 -700 366
57025 20 2.1 -676 358
57761 20 2.1 -712 370
58506 20 2.1 -676 336
59261 20 2.1 -712 372
60025 20 2.1 -564 292
60799 20 2.1 -680 366
61583 20 2.1 -616 324
62378 20 2.1 -596 326
63182 20 2.1 -736 384
63997 20 2.1 -608 338
64822 20 2.1 -692 358
65658 20 2.1 -700 374
66505 20 2.1 -708 364
67363 20 2.1 -680 358
68232 20 2.1 -672 364
69112 20 2.1 -648 348
70003 20 2.1 -652 338
70906 20 2.1 -668 360
71821 20 2.1 -676 366
72747 20 2.1 -712 374
73685 20 2.1 -732 380
74636 20 2.1 -608 336
75599 20 2.1 -608 296
76574 20 2.1 -688 368
77561 20 2.1 -712 372
78562 20 2.1 -660 352
79575 20 2.1 -692 356
80601 20 2.1 -668 358
81641 20 2.1 -644 344
82694 20 2.1 -680 362
83760 20 2.1 -744 384
84841 20 2.1 -688 352
85935 20 2.1 -692 364
87043 20 2.1 -724 370
88166 20 2.1 -716 370
89303 20 2.1 -680 362
90455 20 2.1 -696 366
91622 20 2.1 -692 366
92803 20 2.1 -732 380
94000 20 2.1 -644 346
95213 20 2.1 -640 350
96441 20 2.1 -740 384
97685 20 2.1 -656 342
98945 20 2.1 -728 378
100221 20 2.1 -728 380
101513 20 2.1 -596 294
102823 20 2.1 -680 360
104149 20 2.1 -656 322
105492 20 2.1 -700 370
106853 20 2.1 -640 344
108231 20 2.1 -648 352
109627 20 2.1 -688 366
111041 20 2.1 -672 358
112473 20 2.1 -676 362
113924 20 2.1 -636 342
115393 20 2.1 -692 366
116882 20 2.1 -672 350
118389 20 2.1 -680 362
119916 20 2.1 -668 344
121463 20 2.1 -692 366
123029 20 2.1 -712 378
124616 20 2.1 -664 360
126224 20 2.1 -708 374
127852 20 2.1 -676 346
129501 20 2.1 -652 348
131171 20 2.1 -696 368
132863 20 2.1 -728 370
134576 20 2.1 -664 350
136312 20 2.1 -628 338
138070 20 2.1 -572 296
139851 20 2.1 -716 372
141655 20 2.1 -652 344
143482 20 2.1 -580 284
145333 20 2.1 -620 332
147207 20 2.1 -684 356
149106 20 2.1 -708 374
151029 20 2.1 -680 354
152977 20 2.1 -720 378
154950 20 2.1 -648 332
156948 20 2.1 -700 370
158973 20 2.1 -668 350
161023 20 2.1 -616 312
163100 20 2.1 -704 364
165204 20 2.1 -648 334
167334 20 2.1 -724 378
169493 20 2.1 -756 384
171679 20 2.1 -668 352
173893 20 2.1 -640 342
176136 20 2.1 -616 322
178408 20 2.1 -636 344
180709 20 2.1 -648 344
183040 20 2.1 -664 352
185400 20 2.1 -616 300
187792 20 2.1 -640 314
190214 20 2.1 -712 372
192667 20 2.1 -636 338
195152 20 2.1 -676 358
197669 20 2.1 -668 360
200219 20 2.1 -636 318
202801 20 2.1 -668 352
205417 20 2.1 -624 330
208066 20 2.1 -648 346
210750 20 2.1 -728 380
213468 20 2.1 -600 322
216222 20 2.1 -708 374
219010 20 2.1 -656 360
221835 20 2.1 -616 338
224696 20 2.1 -696 360
227595 20 2.1 -656 356
230530 20 2.1 -560 250
233503 20 2.1 -668 344
236515 20 2.1 -664 350
239566 20 2.1 -692 368
242656 20 2.1 -664 358
245785 20 2.1 -712 368
248956 20 2.1 -688 366
252167 20 2.1 -624 346
255419 20 2.1 -620 332
258713 20 2.1 -652 328
262050 20 2.1 -720 374
265430 20 2.1 -676 360
268854 20 2.1 -664 352
272321 20 2.1 -680 364
275834 20 2.1 -736 382
279391 20 2.1 -744 382
282995 20 2.1 -748 386
286645 20 2.1 -572 314
290342 20 2.1 -568 264
294087 20 2.1 -656 342
297880 20 2.1 -584 302
301722 20 2.1 -696 370
305614 20 2.1 -680 342
309556 20 2.1 -612 326
313548 20 2.1 -708 370
317592 20 2.1 -600 316
321689 20 2.1 -732 380
325838 20 2.1 -648 352
330040 20 2.1 -552 310
334297 20 2.1 -640 346
338609 20 2.1 -608 274
342976 20 2.1 -704 370
347400 20 2.1 -656 346
351881 20 2.1 -736 378
356419 20 2.1 -624 326
361016 20 2.1 -716 376
365673 20 2.1 -664 356
370389 20 2.1 -600 334
375167 20 2.1 -648 322
380005 20 2.1 -660 358
384907 20 2.1 -696 366
389871 20 2.1 -580 304
394900 20 2.1 -668 360
399993 20 2.1 -600 336
405152 20 2.1 -680 348
410378 20 2.1 -704 374
415671 20 2.1 -696 368
421032 20 2.1 -720 368
426463 20 2.1 -688 346
431963 20 2.1 -684 364
437535 20 2.1 -664 350
443178 20 2.1 -608 336
448894 20 2.1 -728 380
454684 20 2.1 -708 370
460548 20 2.1 -712 376
466489 20 2.1 -708 376
472505 20 2.1 -664 360
478600 20 2.1 -604 312
484773 20 2.1 -708 366
491025 20 2.1 -636 338
497358 20 2.1 -608 328
503773 20 2.1 -676 364
510271 20 2.1 -696 348
516852 20 2.1 -620 314
523519 20 2.1 -664 348
530271 20 2.1 -696 368
537111 20 2.1 -724 368
544038 20 2.1 -660 356
551055 20 2.1 -676 358
558163 20 2.1 -656 348
565362 20 2.1 -636 324
572654 20 2.1 -700 362
580040 20 2.1 -680 354
587521 20 2.1 -700 366
595099 20 2.1 -772 392
602775 20 2.1 -676 364
610549 20 2.1 -668 364
618424 20 2.1 -672 356
626400 20 2.1 -688 362
634480 20 2.1 -656 354
642663 20 2.1 -668 350
650952 20 2.1 -700 372
659348 20 2.1 -712 374
667853 20 2.1 -668 354
676467 20 2.1 -644 342
685192 20 2.1 -592 304
694029 20 2.1 -628 344
702981 20 2.1 -668 354
712048 20 2.1 -692 362
721232 20 2.1 -688 360
730534 20 2.1 -716 368
739957 20 2.1 -640 348
749500 20 2.1 -688 360
759168 20 2.1 -696 362
768959 20 2.1 -712 374
778877 20 2.1 -676 358
788923 20 2.1 -648 328
799099 20 2.1 -620 -326
809405 20 2.1 -636 -328
819845 20 2.1 -732 -382
830419 20 2.1 -624 -350
841130 20 2.1 -668 -360
851979 20 2.1 -708 -372
862968 20 2.1 -692 -358
874098 20 2.1 -616 -270
885373 20 2.1 -644 356
896792 20 2.1 -680 -360
908359 20 2.1 -640 -338
920075 20 2.1 -692 -370
931942 20 2.1 -636 -330
943962 20 2.1 -720 -376
956137 20 2.1 -684 -360
968470 20 2.1 -596 -328
980961 20 2.1 -632 -348
993613 20 2.1 -644 -356
999999 20 2.1 -556 -286
