3 140 2.2 -33900 17880
4 140 2.2 -33092 17536
5 140 2.2 -32720 17410
6 140 2.2 -32152 17196
7 140 2.2 -31648 16944
8 140 2.2 -31884 16960
9 140 2.2 -31732 16844
10 140 2.2 -31536 16640
11 140 2.2 -31300 16544
12 140 2.2 -31308 16580
13 140 2.2 -31208 16556
14 140 2.2 -31320 16548
15 140 2.2 -31416 16574
16 140 2.2 -31116 16328
17 140 2.2 -30736 16206
18 140 2.2 -30896 16246
19 140 2.2 -30700 16050
20 140 2.2 -30572 15992
21 140 2.2 -30588 16032
22 140 2.2 -30508 15926
23 140 2.2 -30732 15988
24 140 2.2 -30568 15914
25 140 2.2 -30828 16010
26 140 2.2 -30796 16016
27 140 2.2 -30804 15902
28 140 2.2 -30640 15760
29 140 2.2 -30500 15680
30 140 2.2 -30720 15826
31 140 2.2 -30536 15764
32 140 2.2 -30484 15744
33 140 2.2 -30240 15682
34 140 2.2 -29940 15596
35 140 2.2 -30420 15794
36 140 2.2 -30668 15914
37 140 2.2 -30988 16008
38 140 2.2 -30472 15794
39 140 2.2 -30564 15906
40 140 2.2 -30552 15852
41 140 2.2 -30368 15864
42 140 2.2 -30100 15658
43 140 2.2 -30176 15794
44 140 2.2 -30296 15824
45 140 2.2 -29988 15692
46 140 2.2 -30440 15760
47 140 2.2 -30908 15942
48 140 2.2 -30816 16018
49 140 2.2 -31068 16014
50 140 2.2 -31056 16042
51 140 2.2 -30936 15994
52 140 2.2 -30928 15994
53 140 2.2 -30780 15872
54 140 2.2 -30680 15820
55 140 2.2 -30652 15832
56 140 2.2 -30864 15992
57 140 2.2 -31028 16004
58 140 2.2 -30704 15878
59 140 2.2 -30476 15680
60 140 2.2 -30488 15768
61 140 2.2 -30556 15902
62 140 2.2 -30888 15960
63 140 2.2 -30956 16048
64 140 2.2 -30784 16016
65 140 2.2 -30492 15866
66 140 2.2 -30720 15926
67 140 2.2 -31040 16112
68 140 2.2 -30712 15854
69 140 2.2 -30568 15820
70 140 2.2 -30692 15854
71 140 2.2 -30880 15960
72 140 2.2 -30804 15916
73 140 2.2 -30588 15884
74 140 2.2 -30300 15766
75 140 2.2 -30532 15852
76 140 2.2 -30404 15816
77 140 2.2 -30412 15786
78 140 2.2 -30588 15766
79 140 2.2 -30152 15636
80 140 2.2 -30320 15706
81 140 2.2 -30728 15890
82 140 2.2 -30504 15792
83 140 2.2 -30604 15856
84 140 2.2 -30752 15826
85 140 2.2 -30328 15668
86 140 2.2 -30484 15678
88 140 2.2 -30508 15554
89 140 2.2 -30416 15514
90 140 2.2 -30336 15558
91 140 2.2 -30396 15684
92 140 2.2 -30400 15706
93 140 2.2 -30204 15492
95 140 2.2 -30580 15636
96 140 2.2 -30724 15810
97 140 2.2 -30436 15676
98 140 2.2 -30520 15672
99 140 2.2 -30460 15564
101 140 2.2 -30008 15504
102 140 2.2 -29928 15540
103 140 2.2 -30124 15760
105 140 2.2 -30856 15766
106 140 2.2 -30952 15838
107 140 2.2 -30720 15770
109 140 2.2 -30528 15572
110 140 2.2 -30824 15638
112 140 2.2 -30644 15514
113 140 2.2 -30676 15584
114 140 2.2 -30824 15662
116 140 2.2 -30504 15568
117 140 2.2 -30656 15642
119 140 2.2 -30352 15554
120 140 2.2 -30456 15532
122 140 2.2 -30844 15722
124 140 2.2 -30604 15420
125 140 2.2 -30488 15416
127 140 2.2 -30648 15480
128 140 2.2 -30260 15348
130 140 2.2 -30476 15358
132 140 2.2 -30512 15286
133 140 2.2 -30372 15188
135 140 2.2 -30508 15272
137 140 2.2 -30228 15362
139 140 2.2 -30004 15182
140 140 2.2 -30184 15316
142 140 2.2 -29980 15086
144 140 2.2 -30180 15238
146 140 2.2 -29924 15084
148 140 2.2 -29588 14978
150 140 2.2 -29420 14932
152 140 2.2 -29624 15048
154 140 2.2 -29364 15080
155 140 2.2 -29716 15204
157 140 2.2 -29788 15202
160 140 2.2 -30376 15542
162 140 2.2 -30336 15510
164 140 2.2 -30240 15560
166 140 2.2 -30152 15578
168 140 2.2 -30464 15602
170 140 2.2 -30532 15626
172 140 2.2 -29924 15296
174 140 2.2 -30072 15422
177 140 2.2 -30116 15496
179 140 2.2 -30068 15400
181 140 2.2 -30072 15302
184 140 2.2 -29576 15088
186 140 2.2 -29760 15104
188 140 2.2 -29944 15202
191 140 2.2 -29956 15300
193 140 2.2 -30404 15454
196 140 2.2 -29812 15224
198 140 2.2 -29972 15168
201 140 2.2 -30184 15088
203 140 2.2 -30156 15152
206 140 2.2 -29780 15024
209 140 2.2 -29928 15066
211 140 2.2 -29804 14976
214 140 2.2 -29960 15192
217 140 2.2 -30024 15364
220 140 2.2 -30224 15412
222 140 2.2 -30152 15442
225 140 2.2 -30388 15534
228 140 2.2 -30228 15326
231 140 2.2 -30260 15440
234 140 2.2 -30564 15536
237 140 2.2 -29920 15440
240 140 2.2 -30552 15436
243 140 2.2 -30388 15380
246 140 2.2 -30456 15436
250 140 2.2 -30048 15250
253 140 2.2 -30188 15260
256 140 2.2 -29680 15146
259 140 2.2 -29668 15282
263 140 2.2 -30420 15300
266 140 2.2 -29996 15310
269 140 2.2 -29996 15244
273 140 2.2 -30108 15202
276 140 2.2 -29980 15100
280 140 2.2 -30028 15316
284 140 2.2 -30088 15324
287 140 2.2 -30184 15268
291 140 2.2 -30248 15360
295 140 2.2 -30272 15318
298 140 2.2 -30244 15344
302 140 2.2 -29948 15306
306 140 2.2 -30532 15634
310 140 2.2 -30252 15464
314 140 2.2 -30512 15724
318 140 2.2 -30072 15486
322 140 2.2 -30172 15614
326 140 2.2 -30300 15484
331 140 2.2 -30548 15472
335 140 2.2 -29944 15172
339 140 2.2 -30632 15344
344 140 2.2 -30292 15110
348 140 2.2 -30404 15468
352 140 2.2 -30404 15432
357 140 2.2 -29936 15294
362 140 2.2 -30020 15140
366 140 2.2 -30228 15272
371 140 2.2 -30628 15532
376 140 2.2 -30108 15470
381 140 2.2 -30464 15738
385 140 2.2 -30784 15808
390 140 2.2 -30596 15720
395 140 2.2 -30468 15430
401 140 2.2 -30704 15362
406 140 2.2 -30696 15568
411 140 2.2 -30408 15352
416 140 2.2 -30220 15404
422 140 2.2 -30160 15458
427 140 2.2 -30384 15556
433 140 2.2 -30180 15448
438 140 2.2 -30084 15330
444 140 2.2 -29972 15306
449 140 2.2 -30444 15830
455 140 2.2 -30340 15672
461 140 2.2 -29936 15358
467 140 2.2 -29984 15408
473 140 2.2 -29560 14934
479 140 2.2 -29748 15026
485 140 2.2 -30024 15206
492 140 2.2 -30156 15136
498 140 2.2 -30736 15408
504 140 2.2 -30288 15046
511 140 2.2 -29764 14940
517 140 2.2 -30288 15176
524 140 2.2 -30084 15080
531 140 2.2 -30112 15240
538 140 2.2 -30168 15458
545 140 2.2 -30360 15680
552 140 2.2 -30228 15450
559 140 2.2 -30400 15646
566 140 2.2 -30572 15486
573 140 2.2 -30044 15280
581 140 2.2 -30308 15526
588 140 2.2 -30324 15644
596 140 2.2 -30688 15878
603 140 2.2 -31120 16274
611 140 2.2 -30700 15886
619 140 2.2 -30480 15820
627 140 2.2 -30732 15930
635 140 2.2 -30188 15716
643 140 2.2 -30816 15970
652 140 2.2 -30080 15494
660 140 2.2 -30640 15854
668 140 2.2 -30188 15620
677 140 2.2 -30588 15806
686 140 2.2 -29924 15278
695 140 2.2 -29944 15468
704 140 2.2 -30096 15362
713 140 2.2 -30068 15118
722 140 2.2 -29904 15252
731 140 2.2 -30556 15898
741 140 2.2 -30976 16166
750 140 2.2 -31068 16100
760 140 2.2 -30728 15726
770 140 2.2 -30432 15708
780 140 2.2 -30648 15816
790 140 2.2 -30416 15718
800 140 2.2 -30344 15514
810 140 2.2 -29880 15370
821 140 2.2 -30176 15416
831 140 2.2 -30412 15866
842 140 2.2 -30112 15508
853 140 2.2 -30092 15476
864 140 2.2 -29564 15128
875 140 2.2 -30092 15398
886 140 2.2 -30708 15716
897 140 2.2 -30500 15788
909 140 2.2 -30592 15942
921 140 2.2 -30484 15740
933 140 2.2 -30744 15974
945 140 2.2 -30748 16002
957 140 2.2 -30420 15594
969 140 2.2 -30316 15650
982 140 2.2 -31248 16266
994 140 2.2 -30292 15664
1007 140 2.2 -30776 16190
1020 140 2.2 -30588 16148
1033 140 2.2 -30308 15812
1047 140 2.2 -30160 15694
1060 140 2.2 -30328 15768
1074 140 2.2 -30896 16062
1088 140 2.2 -30460 15968
1102 140 2.2 -30120 15656
1116 140 2.2 -30724 16170
1130 140 2.2 -30620 15748
1145 140 2.2 -30392 15676
1160 140 2.2 -30012 15484
1174 140 2.2 -30272 15310
1190 140 2.2 -30460 15562
1205 140 2.2 -30548 15310
1220 140 2.2 -30076 15126
1236 140 2.2 -30152 15128
1252 140 2.2 -29984 15020
1268 140 2.2 -29896 15060
1285 140 2.2 -30288 15306
1301 140 2.2 -29888 15056
1318 140 2.2 -29888 14892
1335 140 2.2 -29676 14682
1352 140 2.2 -29604 14888
1370 140 2.2 -30164 14638
1387 140 2.2 -30484 14600
1405 140 2.2 -30452 14804
1423 140 2.2 -30012 14740
1442 140 2.2 -29840 14660
1460 140 2.2 -30484 15196
1479 140 2.2 -30108 14792
1498 140 2.2 -29820 14626
1517 140 2.2 -29840 13916
1537 140 2.2 -30164 14328
1557 140 2.2 -29776 13798
1577 140 2.2 -29896 13596
1597 140 2.2 -30024 13770
1618 140 2.2 -30008 14082
1639 140 2.2 -29948 13898
1660 140 2.2 -30416 14474
1681 140 2.2 -30088 14540
1703 140 2.2 -30032 14488
1725 140 2.2 -30376 14636
1747 140 2.2 -30032 14588
1770 140 2.2 -29976 14750
1792 140 2.2 -30876 15126
1816 140 2.2 -30488 14652
1839 140 2.2 -30424 15016
1863 140 2.2 -30460 14806
1887 140 2.2 -29620 14870
1911 140 2.2 -29708 14894
1936 140 2.2 -30124 15044
1961 140 2.2 -30192 15106
1986 140 2.2 -29916 15008
2012 140 2.2 -30348 15514
2037 140 2.2 -30544 15240
2064 140 2.2 -30336 15492
2090 140 2.2 -30540 15662
2117 140 2.2 -29876 15294
2145 140 2.2 -29456 14576
2172 140 2.2 -29684 14856
2200 140 2.2 -30444 15290
2229 140 2.2 -30356 15418
2257 140 2.2 -29984 15134
2286 140 2.2 -29864 15092
2316 140 2.2 -29796 15126
2346 140 2.2 -30504 15382
2376 140 2.2 -29584 14298
2407 140 2.2 -30080 14786
2438 140 2.2 -29904 14808
2469 140 2.2 -30544 15090
2501 140 2.2 -29708 14788
2533 140 2.2 -30388 14880
2566 140 2.2 -30236 14520
2599 140 2.2 -30324 14412
2633 140 2.2 -30072 14042
2667 140 2.2 -29904 13538
2701 140 2.2 -30244 14240
2736 140 2.2 -29544 14014
2771 140 2.2 -29616 13986
2807 140 2.2 -30188 14428
2843 140 2.2 -30304 14438
2880 140 2.2 -30056 14410
2917 140 2.2 -30712 15394
2954 140 2.2 -29724 14882
2992 140 2.2 -30156 15024
3031 140 2.2 -30532 14760
3070 140 2.2 -30428 15032
3110 140 2.2 -30688 15746
3150 140 2.2 -30248 15314
3190 140 2.2 -30728 15934
3232 140 2.2 -30772 15834
3273 140 2.2 -30400 15750
3315 140 2.2 -30388 15332
3358 140 2.2 -29880 14948
3402 140 2.2 -30000 15004
3445 140 2.2 -29756 14662
3490 140 2.2 -29868 15004
3535 140 2.2 -30580 15660
3580 140 2.2 -30052 14972
3627 140 2.2 -30184 14842
3673 140 2.2 -30484 15324
3721 140 2.2 -30032 15040
3769 140 2.2 -30092 15058
3817 140 2.2 -30312 15358
3867 140 2.2 -30448 15628
3916 140 2.2 -29644 14740
3967 140 2.2 -29880 14662
4018 140 2.2 -30268 15412
4070 140 2.2 -30604 15742
4122 140 2.2 -30160 15446
4176 140 2.2 -30468 15594
4229 140 2.2 -30640 15696
4284 140 2.2 -29524 14652
4339 140 2.2 -30392 15738
4395 140 2.2 -30596 15290
4452 140 2.2 -30536 15808
4509 140 2.2 -29968 15516
4567 140 2.2 -30324 15826
4626 140 2.2 -30520 15868
4686 140 2.2 -30716 15714
4746 140 2.2 -31120 16044
4808 140 2.2 -29928 15232
4870 140 2.2 -30440 15724
4932 140 2.2 -30088 15528
4996 140 2.2 -30624 15764
5060 140 2.2 -30160 15262
5126 140 2.2 -29948 15206
5192 140 2.2 -29920 14874
5259 140 2.2 -30188 14938
5327 140 2.2 -30372 15450
5395 140 2.2 -29980 15108
5465 140 2.2 -30544 15322
5535 140 2.2 -30316 15740
5607 140 2.2 -30256 15222
5679 140 2.2 -29884 15064
5752 140 2.2 -30116 14762
5826 140 2.2 -29756 14798
5902 140 2.2 -29872 14992
5978 140 2.2 -30740 15292
6055 140 2.2 -29988 14946
6133 140 2.2 -29732 14350
6212 140 2.2 -29904 14148
6292 140 2.2 -30544 14936
6373 140 2.2 -30284 15282
6455 140 2.2 -30268 14652
6539 140 2.2 -30764 15530
6623 140 2.2 -30344 15038
6708 140 2.2 -30740 15268
6795 140 2.2 -30360 15328
6883 140 2.2 -30260 15358
6971 140 2.2 -30224 15578
7061 140 2.2 -29748 14778
7152 140 2.2 -30924 15290
7245 140 2.2 -30176 14976
7338 140 2.2 -30204 15560
7433 140 2.2 -29580 14786
7529 140 2.2 -30212 15302
7626 140 2.2 -29692 14776
7724 140 2.2 -30224 15498
7824 140 2.2 -30348 15476
7925 140 2.2 -30160 15462
8027 140 2.2 -30068 15646
8130 140 2.2 -30412 15376
8235 140 2.2 -30052 14898
8341 140 2.2 -30408 15470
8449 140 2.2 -29876 14986
8558 140 2.2 -30236 15152
8668 140 2.2 -29888 15088
8780 140 2.2 -30800 15740
8893 140 2.2 -29788 15194
9008 140 2.2 -30184 15686
9124 140 2.2 -30260 15332
9242 140 2.2 -30516 15598
9361 140 2.2 -30612 15558
9482 140 2.2 -30152 15432
9604 140 2.2 -30524 15690
9728 140 2.2 -30260 15578
9853 140 2.2 -29896 14820
9980 140 2.2 -30256 15406
10109 140 2.2 -29708 14874
10240 140 2.2 -30260 15050
10372 140 2.2 -29988 15038
10505 140 2.2 -31112 15956
10641 140 2.2 -30488 15688
10778 140 2.2 -30812 16040
10917 140 2.2 -30324 15090
11058 140 2.2 -30724 15972
11201 140 2.2 -30940 15722
11345 140 2.2 -29836 14974
11491 140 2.2 -29776 15386
11640 140 2.2 -30392 15388
11790 140 2.2 -30412 15500
11942 140 2.2 -30284 15460
12096 140 2.2 -30744 15786
12252 140 2.2 -30720 15948
12410 140 2.2 -30308 15612
12570 140 2.2 -30644 15934
12732 140 2.2 -30276 15492
12896 140 2.2 -30804 15918
13062 140 2.2 -30476 15660
13231 140 2.2 -31068 15928
13402 140 2.2 -30224 15284
13574 140 2.2 -30196 15172
13750 140 2.2 -30240 15292
13927 140 2.2 -30692 15678
14106 140 2.2 -30916 16194
14288 140 2.2 -30172 14854
14473 140 2.2 -30032 15568
14659 140 2.2 -30316 15636
14848 140 2.2 -30796 15654
15040 140 2.2 -30056 15026
15234 140 2.2 -29704 14988
15430 140 2.2 -30004 14916
15629 140 2.2 -30068 15122
15831 140 2.2 -30412 15610
16035 140 2.2 -30348 15454
16242 140 2.2 -30644 15748
16451 140 2.2 -30184 15176
16664 140 2.2 -30184 15084
16879 140 2.2 -30360 15592
17096 140 2.2 -29824 14608
17317 140 2.2 -29736 14582
17540 140 2.2 -30724 15906
17766 140 2.2 -30628 15824
17995 140 2.2 -29916 15376
18228 140 2.2 -31580 16482
18463 140 2.2 -30652 15986
18701 140 2.2 -30580 15746
18942 140 2.2 -29316 14254
19186 140 2.2 -29884 14954
19434 140 2.2 -29808 14444
19684 140 2.2 -30320 15708
19938 140 2.2 -29980 14824
20195 140 2.2 -30120 15336
20456 140 2.2 -30032 14828
20720 140 2.2 -31224 16068
20987 140 2.2 -30644 16068
21258 140 2.2 -30040 15684
21532 140 2.2 -30728 16020
21810 140 2.2 -30952 16080
22091 140 2.2 -30568 16060
22376 140 2.2 -30716 15702
22664 140 2.2 -31132 16210
22957 140 2.2 -29876 15366
23253 140 2.2 -30740 15830
23553 140 2.2 -29456 14960
23856 140 2.2 -30516 15926
24164 140 2.2 -30448 15098
24476 140 2.2 -30620 15728
24791 140 2.2 -29980 14962
25111 140 2.2 -30968 15844
25435 140 2.2 -30012 15150
25763 140 2.2 -29564 13374
26095 140 2.2 -30888 15328
26432 140 2.2 -30148 15346
26773 140 2.2 -30244 15220
27118 140 2.2 -29864 15124
27468 140 2.2 -30216 15550
27822 140 2.2 -30572 16012
28181 140 2.2 -29828 14744
28545 140 2.2 -30584 15472
28913 140 2.2 -30908 15524
29286 140 2.2 -30004 15472
29663 140 2.2 -30372 15754
30046 140 2.2 -30148 15298
30434 140 2.2 -30348 15604
30826 140 2.2 -30484 15410
31224 140 2.2 -30044 14554
31626 140 2.2 -29872 14040
32034 140 2.2 -30340 15494
32447 140 2.2 -30456 15872
32866 140 2.2 -30060 14946
33290 140 2.2 -30684 15732
33719 140 2.2 -29768 15058
34154 140 2.2 -30360 15912
34595 140 2.2 -30348 15592
35041 140 2.2 -30532 15624
35493 140 2.2 -30148 14676
35951 140 2.2 -30060 15546
36414 140 2.2 -30296 15426
36884 140 2.2 -29908 15184
37360 140 2.2 -30412 15694
37841 140 2.2 -30816 16120
38330 140 2.2 -30676 16010
38824 140 2.2 -30124 15434
39325 140 2.2 -29928 14938
39832 140 2.2 -29416 14724
40346 140 2.2 -30092 14908
40866 140 2.2 -29956 15350
41393 140 2.2 -30712 15928
41927 140 2.2 -29960 14930
42468 140 2.2 -30692 15648
43015 140 2.2 -31024 16206
43570 140 2.2 -30192 15570
44132 140 2.2 -30240 15526
44701 140 2.2 -30836 15968
45278 140 2.2 -30768 15588
45862 140 2.2 -30040 14664
46453 140 2.2 -29500 14496
47053 140 2.2 -30224 15540
47660 140 2.2 -30812 16038
48274 140 2.2 -30052 15490
48897 140 2.2 -29864 15258
49528 140 2.2 -30240 15046
50166 140 2.2 -31116 15950
50813 140 2.2 -29812 14674
51469 140 2.2 -30264 15452
52133 140 2.2 -30804 16068
52805 140 2.2 -30680 15594
53486 140 2.2 -30008 15314
54176 140 2.2 -30976 15230
54875 140 2.2 -30296 15400
55582 140 2.2 -30352 15016
56299 140 2.2 -30248 15500
57025 140 2.2 -29760 14272
57761 140 2.2 -30248 15398
58506 140 2.2 -30064 15184
59261 140 2.2 -31120 16228
60025 140 2.2 -30636 15030
60799 140 2.2 -30368 15570
61583 140 2.2 -29804 15244
62378 140 2.2 -30280 14834
63182 140 2.2 -30448 15308
63997 140 2.2 -30772 15870
64822 140 2.2 -30016 14748
65658 140 2.2 -30932 16148
66505 140 2.2 -30732 15986
67363 140 2.2 -30364 15364
68232 140 2.2 -30984 15784
69112 140 2.2 -30136 15370
70003 140 2.2 -30108 15004
70906 140 2.2 -30844 15948
71821 140 2.2 -29932 14966
72747 140 2.2 -29812 14598
73685 140 2.2 -30032 14986
74636 140 2.2 -30124 15304
75599 140 2.2 -30544 15786
76574 140 2.2 -30240 15124
77561 140 2.2 -30916 15944
78562 140 2.2 -29860 14730
79575 140 2.2 -30212 15098
80601 140 2.2 -30852 16116
81641 140 2.2 -30732 15932
82694 140 2.2 -30368 15640
83760 140 2.2 -30132 15450
84841 140 2.2 -30496 15772
85935 140 2.2 -30520 15366
87043 140 2.2 -30884 15930
88166 140 2.2 -30552 15486
89303 140 2.2 -30460 15402
90455 140 2.2 -30056 14990
91622 140 2.2 -30304 15222
92803 140 2.2 -29968 15044
94000 140 2.2 -30080 15486
95213 140 2.2 -30132 15636
96441 140 2.2 -29956 15064
97685 140 2.2 -30300 15252
98945 140 2.2 -30352 15726
100221 140 2.2 -30000 15258
101513 140 2.2 -30592 15972
102823 140 2.2 -30436 15670
104149 140 2.2 -30068 15444
105492 140 2.2 -30136 15356
106853 140 2.2 -31244 16262
108231 140 2.2 -30456 15756
109627 140 2.2 -30192 15198
111041 140 2.2 -30948 15960
112473 140 2.2 -30300 15678
113924 140 2.2 -30272 15164
115393 140 2.2 -30104 15594
116882 140 2.2 -30536 15510
118389 140 2.2 -29920 15110
119916 140 2.2 -30476 15264
121463 140 2.2 -30084 15008
123029 140 2.2 -30324 14706
124616 140 2.2 -30740 16020
126224 140 2.2 -29504 13776
127852 140 2.2 -30848 15632
129501 140 2.2 -29932 14930
131171 140 2.2 -31100 16326
132863 140 2.2 -29764 15160
134576 140 2.2 -30076 13778
136312 140 2.2 -30252 15416
138070 140 2.2 -30228 15292
139851 140 2.2 -29928 14948
141655 140 2.2 -28836 13826
143482 140 2.2 -30856 15684
145333 140 2.2 -30304 15412
147207 140 2.2 -30248 14874
149106 140 2.2 -30204 15652
151029 140 2.2 -30676 15848
152977 140 2.2 -29924 15278
154950 140 2.2 -30536 15868
156948 140 2.2 -30172 15282
158973 140 2.2 -30528 15898
161023 140 2.2 -30232 15426
163100 140 2.2 -30464 14770
165204 140 2.2 -29756 14964
167334 140 2.2 -30308 15574
169493 140 2.2 -30676 15590
171679 140 2.2 -30056 15368
173893 140 2.2 -29728 14772
176136 140 2.2 -30596 15494
178408 140 2.2 -29836 14096
180709 140 2.2 -30384 15608
183040 140 2.2 -30056 15150
185400 140 2.2 -30564 16010
187792 140 2.2 -29920 14232
190214 140 2.2 -29928 15050
192667 140 2.2 -30472 15378
195152 140 2.2 -29880 15216
197669 140 2.2 -30192 14768
200219 140 2.2 -31192 16274
202801 140 2.2 -29380 14652
205417 140 2.2 -30792 15928
208066 140 2.2 -30660 15484
210750 140 2.2 -30324 15358
213468 140 2.2 -30256 15554
216222 140 2.2 -30380 15948
219010 140 2.2 -29944 14772
221835 140 2.2 -30092 15434
224696 140 2.2 -29676 15268
227595 140 2.2 -30032 14942
230530 140 2.2 -30144 15422
233503 140 2.2 -30492 15568
236515 140 2.2 -29960 14636
239566 140 2.2 -30684 15542
242656 140 2.2 -30168 15476
245785 140 2.2 -30512 15624
248956 140 2.2 -29968 15234
252167 140 2.2 -30728 15640
255419 140 2.2 -30164 15050
258713 140 2.2 -31216 16370
262050 140 2.2 -30264 15550
265430 140 2.2 -31236 16028
268854 140 2.2 -30404 15608
272321 140 2.2 -30004 14862
275834 140 2.2 -30124 15076
279391 140 2.2 -30636 15490
282995 140 2.2 -29980 15290
286645 140 2.2 -29876 14698
290342 140 2.2 -31168 16044
294087 140 2.2 -30064 15552
297880 140 2.2 -30548 15130
301722 140 2.2 -30284 15818
305614 140 2.2 -29420 14686
309556 140 2.2 -30420 15414
313548 140 2.2 -30608 15946
317592 140 2.2 -30040 15090
321689 140 2.2 -30428 15640
325838 140 2.2 -29700 14314
330040 140 2.2 -30400 15384
334297 140 2.2 -30496 15686
338609 140 2.2 -30488 15470
342976 140 2.2 -30532 15760
347400 140 2.2 -30240 15314
351881 140 2.2 -30788 16120
356419 140 2.2 -30104 15450
361016 140 2.2 -29352 14522
365673 140 2.2 -30348 15652
370389 140 2.2 -30184 15422
375167 140 2.2 -30676 15934
380005 140 2.2 -30480 15654
384907 140 2.2 -29956 14938
389871 140 2.2 -30480 15038
394900 140 2.2 -30132 15234
399993 140 2.2 -29996 15440
405152 140 2.2 -30220 15250
410378 140 2.2 -30088 15270
415671 140 2.2 -30140 15154
421032 140 2.2 -30380 15520
426463 140 2.2 -29828 14602
431963 140 2.2 -30660 15622
437535 140 2.2 -30472 13330
443178 140 2.2 -30580 15856
448894 140 2.2 -30108 14674
454684 140 2.2 -30584 15742
460548 140 2.2 -30516 15896
466489 140 2.2 -30680 15820
472505 140 2.2 -30472 15710
478600 140 2.2 -30640 15954
484773 140 2.2 -30404 15668
491025 140 2.2 -30808 15692
497358 140 2.2 -30192 15772
503773 140 2.2 -29844 14580
510271 140 2.2 -30388 15264
516852 140 2.2 -30292 15062
523519 140 2.2 -30064 14394
530271 140 2.2 -30356 15190
537111 140 2.2 -30452 15428
544038 140 2.2 -30464 15304
551055 140 2.2 -30356 14626
558163 140 2.2 -30560 15898
565362 140 2.2 -30708 15436
572654 140 2.2 -30328 15456
580040 140 2.2 -30300 15578
587521 140 2.2 -30812 15780
595099 140 2.2 -29744 15122
602775 140 2.2 -29844 15488
610549 140 2.2 -29444 14860
618424 140 2.2 -30412 15508
626400 140 2.2 -31020 16142
634480 140 2.2 -30936 16318
642663 140 2.2 -30192 15236
650952 140 2.2 -29980 15368
659348 140 2.2 -29808 14596
667853 140 2.2 -30800 15938
676467 140 2.2 -30696 15818
685192 140 2.2 -30588 15852
694029 140 2.2 -29972 15050
702981 140 2.2 -30600 15610
712048 140 2.2 -30048 14992
721232 140 2.2 -30132 15036
730534 140 2.2 -30188 15620
739957 140 2.2 -30624 15566
749500 140 2.2 -30744 15984
759168 140 2.2 -29928 14438
768959 140 2.2 -30440 15384
778877 140 2.2 -29692 14152
788923 140 2.2 -29700 14546
799099 140 2.2 -30020 15316
809405 140 2.2 -30860 15874
819845 140 2.2 -29776 14808
830419 140 2.2 -30036 15296
841130 140 2.2 -30208 15206
851979 140 2.2 -30400 15412
862968 140 2.2 -30132 15356
874098 140 2.2 -30616 15896
885373 140 2.2 -30720 15984
896792 140 2.2 -29884 14834
908359 140 2.2 -30488 15694
920075 140 2.2 -30148 15390
931942 140 2.2 -30708 15790
943962 140 2.2 -30472 15466
956137 140 2.2 -30188 15466
968470 140 2.2 -30456 15996
980961 140 2.2 -30944 16158
993613 140 2.2 -29844 14964
999999 140 2.2 -30264 15512
