3 60 2.1 -6268 3314
4 60 2.1 -6252 3308
5 60 2.1 -6144 3266
6 60 2.1 -6112 3238
7 60 2.1 -6196 3276
8 60 2.1 -6124 3240
9 60 2.1 -6056 3186
10 60 2.1 -6172 3220
11 60 2.1 -6092 3212
12 60 2.1 -6104 3208
13 60 2.1 -5964 3158
14 60 2.1 -6076 3198
15 60 2.1 -6096 3184
16 60 2.1 -5912 3122
17 60 2.1 -6056 3154
18 60 2.1 -6080 3156
19 60 2.1 -6076 3150
20 60 2.1 -6028 3138
21 60 2.1 -5988 3142
22 60 2.1 -5984 3144
23 60 2.1 -6072 3188
24 60 2.1 -6144 3166
25 60 2.1 -6032 3134
26 60 2.1 -5916 3102
27 60 2.1 -5804 3068
28 60 2.1 -5976 3140
29 60 2.1 -6044 3164
30 60 2.1 -6112 3182
31 60 2.1 -6184 3212
32 60 2.1 -6124 3190
33 60 2.1 -6060 3164
34 60 2.1 -5944 3128
35 60 2.1 -5824 3064
36 60 2.1 -5820 3060
37 60 2.1 -5824 3094
38 60 2.1 -5904 3114
39 60 2.1 -5860 3076
40 60 2.1 -5964 3124
41 60 2.1 -5780 3056
42 60 2.1 -5880 3064
43 60 2.1 -5932 3112
44 60 2.1 -5940 3076
45 60 2.1 -5936 3088
46 60 2.1 -5884 3088
47 60 2.1 -6032 3154
48 60 2.1 -5880 3082
49 60 2.1 -5772 3056
50 60 2.1 -6044 3160
51 60 2.1 -5956 3142
52 60 2.1 -6048 3194
53 60 2.1 -6016 3140
54 60 2.1 -5880 3080
55 60 2.1 -5812 3052
56 60 2.1 -5920 3094
57 60 2.1 -5984 3118
58 60 2.1 -5872 3032
59 60 2.1 -5860 3008
60 60 2.1 -5728 2986
61 60 2.1 -5900 3082
62 60 2.1 -5892 3098
63 60 2.1 -5864 3110
64 60 2.1 -5948 3142
65 60 2.1 -5916 3108
66 60 2.1 -6016 3176
67 60 2.1 -6000 3172
68 60 2.1 -6188 3218
69 60 2.1 -6136 3188
70 60 2.1 -5952 3156
71 60 2.1 -5944 3106
72 60 2.1 -5892 3076
73 60 2.1 -6056 3156
74 60 2.1 -5920 3106
75 60 2.1 -5920 3120
76 60 2.1 -5996 3150
77 60 2.1 -5908 3106
78 60 2.1 -5780 3068
79 60 2.1 -5800 3118
80 60 2.1 -5900 3142
81 60 2.1 -5940 3154
82 60 2.1 -5880 3140
83 60 2.1 -6096 3204
84 60 2.1 -6048 3178
85 60 2.1 -6140 3206
86 60 2.1 -6192 3226
88 60 2.1 -6084 3226
89 60 2.1 -5988 3162
90 60 2.1 -6044 3138
91 60 2.1 -5976 3114
92 60 2.1 -5932 3090
93 60 2.1 -6032 3146
95 60 2.1 -6148 3218
96 60 2.1 -6220 3232
97 60 2.1 -6156 3218
98 60 2.1 -6084 3190
99 60 2.1 -5916 3122
101 60 2.1 -5912 3160
102 60 2.1 -5864 3148
103 60 2.1 -6076 3244
105 60 2.1 -6152 3258
106 60 2.1 -6156 3240
107 60 2.1 -6176 3232
109 60 2.1 -6136 3236
110 60 2.1 -6072 3214
112 60 2.1 -6036 3188
113 60 2.1 -6000 3172
114 60 2.1 -5872 3110
116 60 2.1 -5996 3136
117 60 2.1 -6016 3160
119 60 2.1 -5948 3160
120 60 2.1 -5936 3182
122 60 2.1 -5932 3138
124 60 2.1 -6008 3150
125 60 2.1 -6032 3202
127 60 2.1 -5876 3150
128 60 2.1 -6008 3204
130 60 2.1 -5896 3152
132 60 2.1 -5932 3148
133 60 2.1 -5996 3206
135 60 2.1 -6096 3226
137 60 2.1 -6044 3198
139 60 2.1 -6112 3186
140 60 2.1 -6056 3196
142 60 2.1 -6036 3160
144 60 2.1 -5932 3072
146 60 2.1 -5940 3132
148 60 2.1 -6092 3198
150 60 2.1 -6020 3202
152 60 2.1 -5980 3202
154 60 2.1 -6024 3194
155 60 2.1 -5980 3178
157 60 2.1 -5872 3110
160 60 2.1 -5904 3130
162 60 2.1 -5820 3102
164 60 2.1 -5876 3118
166 60 2.1 -5760 3052
168 60 2.1 -5940 3116
170 60 2.1 -5936 3118
172 60 2.1 -5960 3100
174 60 2.1 -5736 3016
177 60 2.1 -5952 3138
179 60 2.1 -5904 3108
181 60 2.1 -5880 3046
184 60 2.1 -5860 3068
186 60 2.1 -5900 3050
188 60 2.1 -5984 3102
191 60 2.1 -5740 2984
193 60 2.1 -5668 2914
196 60 2.1 -5724 2922
198 60 2.1 -5656 2870
201 60 2.1 -5968 2950
203 60 2.1 -6000 3020
206 60 2.1 -5876 2996
209 60 2.1 -5876 2994
211 60 2.1 -5980 2978
214 60 2.1 -5912 3020
217 60 2.1 -5896 3018
220 60 2.1 -5832 2952
222 60 2.1 -5892 2972
225 60 2.1 -5956 2966
228 60 2.1 -5728 3004
231 60 2.1 -5892 3064
234 60 2.1 -5912 3076
237 60 2.1 -5928 3110
240 60 2.1 -5812 3066
243 60 2.1 -5752 3064
246 60 2.1 -5816 3066
250 60 2.1 -5996 3138
253 60 2.1 -5796 3026
256 60 2.1 -5936 3138
259 60 2.1 -5924 3090
263 60 2.1 -6036 3146
266 60 2.1 -5904 3072
269 60 2.1 -5960 3102
273 60 2.1 -6040 3160
276 60 2.1 -6048 3150
280 60 2.1 -6040 3162
284 60 2.1 -6016 3180
287 60 2.1 -6144 3194
291 60 2.1 -5860 3102
295 60 2.1 -6024 3152
298 60 2.1 -6096 3110
302 60 2.1 -6040 3178
306 60 2.1 -6084 3130
310 60 2.1 -5996 3146
314 60 2.1 -6068 3154
318 60 2.1 -6136 3236
322 60 2.1 -6036 3168
326 60 2.1 -6080 3144
331 60 2.1 -5960 3176
335 60 2.1 -5984 3144
339 60 2.1 -6036 3126
344 60 2.1 -5964 3072
348 60 2.1 -5980 3066
352 60 2.1 -6056 3192
357 60 2.1 -6092 3194
362 60 2.1 -5892 3054
366 60 2.1 -5752 3046
371 60 2.1 -6020 3130
376 60 2.1 -6016 3180
381 60 2.1 -6012 3148
385 60 2.1 -6156 3234
390 60 2.1 -6148 3236
395 60 2.1 -5948 3144
401 60 2.1 -5992 3178
406 60 2.1 -5988 3158
411 60 2.1 -5988 3132
416 60 2.1 -5984 3186
422 60 2.1 -5960 3154
427 60 2.1 -5928 3198
433 60 2.1 -6068 3180
438 60 2.1 -6124 3206
444 60 2.1 -5880 3032
449 60 2.1 -5832 3042
455 60 2.1 -6144 3228
461 60 2.1 -5972 3192
467 60 2.1 -6140 3206
473 60 2.1 -6028 3230
479 60 2.1 -6136 3226
485 60 2.1 -5904 3140
492 60 2.1 -5700 3002
498 60 2.1 -6044 3162
504 60 2.1 -5980 3164
511 60 2.1 -5904 3142
517 60 2.1 -6212 3278
524 60 2.1 -6120 3234
531 60 2.1 -5880 3060
538 60 2.1 -6116 3184
545 60 2.1 -5928 3130
552 60 2.1 -5840 3016
559 60 2.1 -5780 3044
566 60 2.1 -6024 3134
573 60 2.1 -5872 3072
581 60 2.1 -6120 3168
588 60 2.1 -5916 3050
596 60 2.1 -5896 3048
603 60 2.1 -6040 3190
611 60 2.1 -6044 3214
619 60 2.1 -6052 3140
627 60 2.1 -5984 3142
635 60 2.1 -6028 3180
643 60 2.1 -6156 3220
652 60 2.1 -5900 3130
660 60 2.1 -6112 3172
668 60 2.1 -6004 3120
677 60 2.1 -5964 3114
686 60 2.1 -6084 3160
695 60 2.1 -5812 2998
704 60 2.1 -5808 3014
713 60 2.1 -5992 3116
722 60 2.1 -5856 3072
731 60 2.1 -5948 3114
741 60 2.1 -5936 3126
750 60 2.1 -6004 3128
760 60 2.1 -5968 3148
770 60 2.1 -5964 3132
780 60 2.1 -6016 3212
790 60 2.1 -6064 3196
800 60 2.1 -6000 3160
810 60 2.1 -6108 3236
821 60 2.1 -6072 3240
831 60 2.1 -6160 3258
842 60 2.1 -5952 3152
853 60 2.1 -6116 3222
864 60 2.1 -6180 3248
875 60 2.1 -6060 3194
886 60 2.1 -5892 3044
897 60 2.1 -6020 3168
909 60 2.1 -6116 3198
921 60 2.1 -5904 3114
933 60 2.1 -5972 3134
945 60 2.1 -6036 3184
957 60 2.1 -6112 3180
969 60 2.1 -6104 3202
982 60 2.1 -6000 3166
994 60 2.1 -6220 3242
1007 60 2.1 -5848 3070
1020 60 2.1 -5772 3032
1033 60 2.1 -6104 3168
1047 60 2.1 -5792 2930
1060 60 2.1 -5952 3098
1074 60 2.1 -5844 3086
1088 60 2.1 -5944 3106
1102 60 2.1 -5892 3088
1116 60 2.1 -5936 3070
1130 60 2.1 -5976 3096
1145 60 2.1 -5980 3110
1160 60 2.1 -6132 3194
1174 60 2.1 -6056 3196
1190 60 2.1 -5940 3112
1205 60 2.1 -5960 3146
1220 60 2.1 -6064 3208
1236 60 2.1 -5928 3112
1252 60 2.1 -5972 3118
1268 60 2.1 -5796 3068
1285 60 2.1 -5864 3008
1301 60 2.1 -5772 2982
1318 60 2.1 -5960 2974
1335 60 2.1 -5872 3026
1352 60 2.1 -6128 3150
1370 60 2.1 -6200 3212
1387 60 2.1 -5940 3084
1405 60 2.1 -5968 3150
1423 60 2.1 -6004 3212
1442 60 2.1 -5956 3062
1460 60 2.1 -6056 3148
1479 60 2.1 -5680 2922
1498 60 2.1 -5956 3018
1517 60 2.1 -5852 2930
1537 60 2.1 -6040 3118
1557 60 2.1 -5908 3020
1577 60 2.1 -6024 3152
1597 60 2.1 -5880 3134
1618 60 2.1 -5984 3136
1639 60 2.1 -5976 3126
1660 60 2.1 -6016 3178
1681 60 2.1 -5904 3102
1703 60 2.1 -5988 3140
1725 60 2.1 -6224 3282
1747 60 2.1 -5948 3106
1770 60 2.1 -6092 3174
1792 60 2.1 -5992 3152
1816 60 2.1 -5912 3112
1839 60 2.1 -5944 3138
1863 60 2.1 -6080 3144
1887 60 2.1 -6044 3158
1911 60 2.1 -6120 3208
1936 60 2.1 -6184 3228
1961 60 2.1 -5928 3168
1986 60 2.1 -6024 3184
2012 60 2.1 -5852 3082
2037 60 2.1 -6024 3090
2064 60 2.1 -6008 3152
2090 60 2.1 -6008 3174
2117 60 2.1 -6064 3194
2145 60 2.1 -6036 3196
2172 60 2.1 -6028 3186
2200 60 2.1 -6076 3208
2229 60 2.1 -5904 3144
2257 60 2.1 -5880 3110
2286 60 2.1 -6028 3108
2316 60 2.1 -5968 3062
2346 60 2.1 -6192 3222
2376 60 2.1 -5964 3162
2407 60 2.1 -5936 3092
2438 60 2.1 -6184 3194
2469 60 2.1 -6152 3204
2501 60 2.1 -6004 3168
2533 60 2.1 -5884 3062
2566 60 2.1 -6084 3198
2599 60 2.1 -5848 3054
2633 60 2.1 -6076 3218
2667 60 2.1 -5968 3184
2701 60 2.1 -6020 3180
2736 60 2.1 -5792 3042
2771 60 2.1 -6012 3134
2807 60 2.1 -6216 3202
2843 60 2.1 -6020 3054
2880 60 2.1 -5924 3124
2917 60 2.1 -5864 3080
2954 60 2.1 -5996 3114
2992 60 2.1 -6120 3198
3031 60 2.1 -5872 3042
3070 60 2.1 -5864 3084
3110 60 2.1 -6172 3156
3150 60 2.1 -5880 3108
3190 60 2.1 -5980 3120
3232 60 2.1 -5956 3126
3273 60 2.1 -5988 3062
3315 60 2.1 -5960 3132
3358 60 2.1 -5832 3044
3402 60 2.1 -5996 3082
3445 60 2.1 -6144 3158
3490 60 2.1 -5856 3056
3535 60 2.1 -6068 3200
3580 60 2.1 -5944 3100
3627 60 2.1 -6012 3148
3673 60 2.1 -5940 3082
3721 60 2.1 -5980 3142
3769 60 2.1 -5908 3026
3817 60 2.1 -6076 3208
3867 60 2.1 -5868 3064
3916 60 2.1 -5940 3174
3967 60 2.1 -6040 3146
4018 60 2.1 -6000 3172
4070 60 2.1 -5892 3074
4122 60 2.1 -5952 3052
4176 60 2.1 -6008 3204
4229 60 2.1 -5872 3032
4284 60 2.1 -5852 3062
4339 60 2.1 -5912 3098
4395 60 2.1 -5880 3074
4452 60 2.1 -6164 3198
4509 60 2.1 -5832 3094
4567 60 2.1 -6064 3206
4626 60 2.1 -6072 3212
4686 60 2.1 -5992 3124
4746 60 2.1 -5804 3032
4808 60 2.1 -5724 3058
4870 60 2.1 -6044 3076
4932 60 2.1 -6084 3188
4996 60 2.1 -6004 3182
5060 60 2.1 -6016 3072
5126 60 2.1 -6084 3222
5192 60 2.1 -6004 3148
5259 60 2.1 -6156 3178
5327 60 2.1 -6056 3138
5395 60 2.1 -6248 3294
5465 60 2.1 -5880 3006
5535 60 2.1 -5884 3052
5607 60 2.1 -5864 3022
5679 60 2.1 -5980 3194
5752 60 2.1 -6316 3304
5826 60 2.1 -5976 3112
5902 60 2.1 -5952 3144
5978 60 2.1 -6016 3138
6055 60 2.1 -5848 3014
6133 60 2.1 -5912 3126
6212 60 2.1 -6068 3214
6292 60 2.1 -6044 3146
6373 60 2.1 -6020 3120
6455 60 2.1 -5864 3010
6539 60 2.1 -6024 3096
6623 60 2.1 -6040 3072
6708 60 2.1 -6052 3174
6795 60 2.1 -6172 3256
6883 60 2.1 -6140 3216
6971 60 2.1 -6116 3224
7061 60 2.1 -5820 3064
7152 60 2.1 -6080 3160
7245 60 2.1 -5784 2904
7338 60 2.1 -6132 3206
7433 60 2.1 -5836 3112
7529 60 2.1 -5980 3142
7626 60 2.1 -5896 3082
7724 60 2.1 -6044 3218
7824 60 2.1 -5932 3132
7925 60 2.1 -6056 3180
8027 60 2.1 -5848 3052
8130 60 2.1 -5964 3150
8235 60 2.1 -5896 3056
8341 60 2.1 -5980 2998
8449 60 2.1 -6024 3138
8558 60 2.1 -6012 3158
8668 60 2.1 -5972 3146
8780 60 2.1 -6016 3118
8893 60 2.1 -5780 3004
9008 60 2.1 -6184 3218
9124 60 2.1 -5964 3082
9242 60 2.1 -5984 3142
9361 60 2.1 -5948 3196
9482 60 2.1 -5952 3080
9604 60 2.1 -6092 3118
9728 60 2.1 -6052 3150
9853 60 2.1 -6176 3242
9980 60 2.1 -6068 3190
10109 60 2.1 -5728 3064
10240 60 2.1 -5968 3030
10372 60 2.1 -5920 3082
10505 60 2.1 -5944 3094
10641 60 2.1 -6124 3240
10778 60 2.1 -5920 3136
10917 60 2.1 -6240 3216
11058 60 2.1 -6024 3214
11201 60 2.1 -5720 2936
11345 60 2.1 -5944 3050
11491 60 2.1 -5968 3106
11640 60 2.1 -5972 3178
11790 60 2.1 -6024 3202
11942 60 2.1 -6108 3240
12096 60 2.1 -6184 3194
12252 60 2.1 -6036 3094
12410 60 2.1 -6068 3200
12570 60 2.1 -6040 3172
12732 60 2.1 -6048 3210
12896 60 2.1 -5960 3134
13062 60 2.1 -6036 3152
13231 60 2.1 -6144 3214
13402 60 2.1 -6116 3208
13574 60 2.1 -6040 3222
13750 60 2.1 -5984 3144
13927 60 2.1 -5932 3070
14106 60 2.1 -5864 2880
14288 60 2.1 -6088 3220
14473 60 2.1 -5784 2926
14659 60 2.1 -6088 3214
14848 60 2.1 -6036 3160
15040 60 2.1 -5988 3168
15234 60 2.1 -6084 3202
15430 60 2.1 -5916 3076
15629 60 2.1 -5820 2938
15831 60 2.1 -5980 3110
16035 60 2.1 -6252 3294
16242 60 2.1 -6028 3146
16451 60 2.1 -6012 3108
16664 60 2.1 -6116 3206
16879 60 2.1 -5956 3118
17096 60 2.1 -6208 3250
17317 60 2.1 -5860 3100
17540 60 2.1 -5928 3140
17766 60 2.1 -6032 3184
17995 60 2.1 -6180 3268
18228 60 2.1 -5956 3170
18463 60 2.1 -6168 3222
18701 60 2.1 -5980 3192
18942 60 2.1 -6036 3214
19186 60 2.1 -5840 3116
19434 60 2.1 -5676 2888
19684 60 2.1 -6012 3140
19938 60 2.1 -5988 3138
20195 60 2.1 -6228 3274
20456 60 2.1 -6228 3210
20720 60 2.1 -5864 3030
20987 60 2.1 -5868 3084
21258 60 2.1 -6144 3230
21532 60 2.1 -5916 3088
21810 60 2.1 -6020 3144
22091 60 2.1 -5916 3132
22376 60 2.1 -5888 2948
22664 60 2.1 -6068 3182
22957 60 2.1 -5828 3082
23253 60 2.1 -6004 3204
23553 60 2.1 -6000 3068
23856 60 2.1 -6060 3178
24164 60 2.1 -5928 2976
24476 60 2.1 -6036 3186
24791 60 2.1 -5996 3162
25111 60 2.1 -5900 3076
25435 60 2.1 -6112 3228
25763 60 2.1 -6084 3150
26095 60 2.1 -5948 3102
26432 60 2.1 -6084 3186
26773 60 2.1 -5920 3062
27118 60 2.1 -6028 3116
27468 60 2.1 -6100 3196
27822 60 2.1 -6128 3198
28181 60 2.1 -6096 3164
28545 60 2.1 -6228 3266
28913 60 2.1 -5916 3144
29286 60 2.1 -6040 3084
29663 60 2.1 -6072 3184
30046 60 2.1 -5852 3024
30434 60 2.1 -5948 3096
30826 60 2.1 -6036 3174
31224 60 2.1 -6136 3102
31626 60 2.1 -5880 3088
32034 60 2.1 -5828 3012
32447 60 2.1 -6104 3236
32866 60 2.1 -5976 3158
33290 60 2.1 -6040 3190
33719 60 2.1 -6008 3140
34154 60 2.1 -5988 3126
34595 60 2.1 -5864 2812
35041 60 2.1 -6044 3174
35493 60 2.1 -6196 3274
35951 60 2.1 -5904 3098
36414 60 2.1 -5972 3152
36884 60 2.1 -5848 3076
37360 60 2.1 -6020 3164
37841 60 2.1 -6128 3208
38330 60 2.1 -6120 3180
38824 60 2.1 -6072 3184
39325 60 2.1 -6108 3196
39832 60 2.1 -5936 3132
40346 60 2.1 -6000 3068
40866 60 2.1 -5824 3050
41393 60 2.1 -6188 3230
41927 60 2.1 -5880 3016
42468 60 2.1 -5956 3096
43015 60 2.1 -5976 3104
43570 60 2.1 -6044 3174
44132 60 2.1 -5892 3154
44701 60 2.1 -5948 3082
45278 60 2.1 -5932 3098
45862 60 2.1 -5960 3136
46453 60 2.1 -5700 2914
47053 60 2.1 -6108 3212
47660 60 2.1 -5980 3114
48274 60 2.1 -6112 3224
48897 60 2.1 -6136 3220
49528 60 2.1 -6064 3174
50166 60 2.1 -5816 3006
50813 60 2.1 -6120 3222
51469 60 2.1 -6076 3186
52133 60 2.1 -5812 3006
52805 60 2.1 -6128 3148
53486 60 2.1 -6084 3212
54176 60 2.1 -6180 3238
54875 60 2.1 -5972 3136
55582 60 2.1 -6124 3178
56299 60 2.1 -5968 3136
57025 60 2.1 -6084 3200
57761 60 2.1 -5972 3152
58506 60 2.1 -5904 3090
59261 60 2.1 -5736 2922
60025 60 2.1 -5856 3088
60799 60 2.1 -6008 3200
61583 60 2.1 -5824 3078
62378 60 2.1 -5952 3160
63182 60 2.1 -6200 3254
63997 60 2.1 -6160 3190
64822 60 2.1 -6008 3150
65658 60 2.1 -5976 3102
66505 60 2.1 -5988 3092
67363 60 2.1 -6124 3222
68232 60 2.1 -5948 3114
69112 60 2.1 -5904 3052
70003 60 2.1 -5960 3144
70906 60 2.1 -6028 3116
71821 60 2.1 -5892 3018
72747 60 2.1 -6108 3170
73685 60 2.1 -5864 3056
74636 60 2.1 -5964 3124
75599 60 2.1 -6276 3320
76574 60 2.1 -5992 3144
77561 60 2.1 -5952 3044
78562 60 2.1 -5976 3156
79575 60 2.1 -6100 3224
80601 60 2.1 -5884 3066
81641 60 2.1 -5948 3056
82694 60 2.1 -5868 3110
83760 60 2.1 -6056 3184
84841 60 2.1 -5812 3094
85935 60 2.1 -6216 3278
87043 60 2.1 -6092 3162
88166 60 2.1 -5992 3104
89303 60 2.1 -6124 3220
90455 60 2.1 -5948 3110
91622 60 2.1 -5964 3184
92803 60 2.1 -5912 3158
94000 60 2.1 -5916 3094
95213 60 2.1 -6088 3136
96441 60 2.1 -5900 3102
97685 60 2.1 -6100 3222
98945 60 2.1 -5880 3076
100221 60 2.1 -6104 3234
101513 60 2.1 -5928 3104
102823 60 2.1 -5924 3080
104149 60 2.1 -6032 3108
105492 60 2.1 -5872 3126
106853 60 2.1 -5964 3138
108231 60 2.1 -6152 3142
109627 60 2.1 -6036 3184
111041 60 2.1 -5956 3128
112473 60 2.1 -6168 3194
113924 60 2.1 -5832 3034
115393 60 2.1 -6060 3178
116882 60 2.1 -5908 3108
118389 60 2.1 -6020 3208
119916 60 2.1 -5920 3110
121463 60 2.1 -6196 3218
123029 60 2.1 -6084 3232
124616 60 2.1 -5676 3006
126224 60 2.1 -5980 3088
127852 60 2.1 -5852 3076
129501 60 2.1 -6040 3208
131171 60 2.1 -6280 3266
132863 60 2.1 -5952 3110
134576 60 2.1 -6216 3244
136312 60 2.1 -6084 3160
138070 60 2.1 -5972 3170
139851 60 2.1 -5960 3142
141655 60 2.1 -5964 3188
143482 60 2.1 -6036 3178
145333 60 2.1 -5892 3072
147207 60 2.1 -5888 3006
149106 60 2.1 -5944 3090
151029 60 2.1 -6028 3172
152977 60 2.1 -5980 3140
154950 60 2.1 -6112 3224
156948 60 2.1 -5676 2934
158973 60 2.1 -6044 3206
161023 60 2.1 -5996 3170
163100 60 2.1 -5948 3074
165204 60 2.1 -6076 3170
167334 60 2.1 -6052 3166
169493 60 2.1 -5936 3108
171679 60 2.1 -6108 3184
173893 60 2.1 -5964 3196
176136 60 2.1 -6004 3138
178408 60 2.1 -6000 3152
180709 60 2.1 -5964 3158
183040 60 2.1 -5888 3112
185400 60 2.1 -5752 2926
187792 60 2.1 -5948 3094
190214 60 2.1 -5908 3096
192667 60 2.1 -6076 3214
195152 60 2.1 -6128 3234
197669 60 2.1 -5936 3078
200219 60 2.1 -5872 3030
202801 60 2.1 -5664 2948
205417 60 2.1 -5964 3062
208066 60 2.1 -5980 3186
210750 60 2.1 -6084 3180
213468 60 2.1 -5872 3094
216222 60 2.1 -6028 3174
219010 60 2.1 -5888 3118
221835 60 2.1 -6196 3264
224696 60 2.1 -6028 3182
227595 60 2.1 -5780 2874
230530 60 2.1 -6020 3160
233503 60 2.1 -5988 3124
236515 60 2.1 -5828 2980
239566 60 2.1 -6076 3244
242656 60 2.1 -6012 3168
245785 60 2.1 -6108 3234
248956 60 2.1 -6088 3194
252167 60 2.1 -6036 3136
255419 60 2.1 -5864 3106
258713 60 2.1 -6128 3214
262050 60 2.1 -6188 3266
265430 60 2.1 -6064 3158
268854 60 2.1 -6180 3276
272321 60 2.1 -5908 3128
275834 60 2.1 -6068 3166
279391 60 2.1 -5860 3040
282995 60 2.1 -6068 3192
286645 60 2.1 -5996 2972
290342 60 2.1 -6028 3196
294087 60 2.1 -6300 3262
297880 60 2.1 -5876 3098
301722 60 2.1 -5864 2998
305614 60 2.1 -6172 3242
309556 60 2.1 -5856 2944
313548 60 2.1 -6040 3182
317592 60 2.1 -6224 3234
321689 60 2.1 -5984 3132
325838 60 2.1 -5924 3066
330040 60 2.1 -5812 3036
334297 60 2.1 -6028 3074
338609 60 2.1 -6024 3156
342976 60 2.1 -5792 3066
347400 60 2.1 -6076 3188
351881 60 2.1 -5912 3118
356419 60 2.1 -6004 3104
361016 60 2.1 -5916 3020
365673 60 2.1 -5968 3152
370389 60 2.1 -6172 3238
375167 60 2.1 -5896 2952
380005 60 2.1 -5740 2978
384907 60 2.1 -5940 3082
389871 60 2.1 -5896 3016
394900 60 2.1 -5736 2690
399993 60 2.1 -6068 3178
405152 60 2.1 -6068 3192
410378 60 2.1 -5920 3150
415671 60 2.1 -6120 3246
421032 60 2.1 -5980 3124
426463 60 2.1 -6020 3180
431963 60 2.1 -5808 3016
437535 60 2.1 -5868 3008
443178 60 2.1 -6024 3148
448894 60 2.1 -6076 3166
454684 60 2.1 -6032 3078
460548 60 2.1 -5908 3122
466489 60 2.1 -6104 3188
472505 60 2.1 -6176 3256
478600 60 2.1 -6012 3170
484773 60 2.1 -6012 3158
491025 60 2.1 -6240 3286
497358 60 2.1 -6104 3188
503773 60 2.1 -6084 3240
510271 60 2.1 -5948 3116
516852 60 2.1 -5776 2958
523519 60 2.1 -6072 3190
530271 60 2.1 -5864 3078
537111 60 2.1 -5924 3056
544038 60 2.1 -5860 3000
551055 60 2.1 -5840 3006
558163 60 2.1 -6012 3158
565362 60 2.1 -5840 3054
572654 60 2.1 -5800 2986
580040 60 2.1 -6064 3212
587521 60 2.1 -5896 3036
595099 60 2.1 -6060 3168
602775 60 2.1 -5792 2996
610549 60 2.1 -5872 3122
618424 60 2.1 -6144 3238
626400 60 2.1 -6068 3184
634480 60 2.1 -5916 3156
642663 60 2.1 -6040 3222
650952 60 2.1 -6056 3152
659348 60 2.1 -5880 3048
667853 60 2.1 -6048 3196
676467 60 2.1 -5700 2936
685192 60 2.1 -5904 3090
694029 60 2.1 -6072 3206
702981 60 2.1 -6040 3168
712048 60 2.1 -6020 3140
721232 60 2.1 -5960 3094
730534 60 2.1 -6180 3262
739957 60 2.1 -5972 3168
749500 60 2.1 -6120 3154
759168 60 2.1 -6000 3152
768959 60 2.1 -6104 3110
778877 60 2.1 -6080 3090
788923 60 2.1 -5988 3020
799099 60 2.1 -5964 3156
809405 60 2.1 -6056 3116
819845 60 2.1 -6056 3182
830419 60 2.1 -5872 3050
841130 60 2.1 -5952 3164
851979 60 2.1 -5884 3124
862968 60 2.1 -6148 3230
874098 60 2.1 -6004 3158
885373 60 2.1 -5904 3072
896792 60 2.1 -6004 3078
908359 60 2.1 -6080 3092
920075 60 2.1 -6088 3260
931942 60 2.1 -5880 3090
943962 60 2.1 -5772 3018
956137 60 2.1 -5992 3124
968470 60 2.1 -5888 3042
980961 60 2.1 -5964 3116
993613 60 2.1 -5900 3076
999999 60 2.1 -6008 3094
