3 60 2.4 -5816 3132
4 60 2.4 -5648 3096
5 60 2.4 -5428 2964
6 60 2.4 -5368 2894
7 60 2.4 -5420 2870
8 60 2.4 -5304 2842
9 60 2.4 -5236 2750
10 60 2.4 -5076 2708
11 60 2.4 -4852 2598
12 60 2.4 -4776 2494
13 60 2.4 -4868 2494
14 60 2.4 -4708 2428
15 60 2.4 -4916 2456
16 60 2.4 -4848 2386
17 60 2.4 -4800 2334
18 60 2.4 -4836 2372
19 60 2.4 -4816 2456
20 60 2.4 -4772 2422
21 60 2.4 -4824 2448
22 60 2.4 -4904 2500
23 60 2.4 -4828 2394
24 60 2.4 -4788 2374
25 60 2.4 -4792 2318
26 60 2.4 -4940 2380
27 60 2.4 -4768 2262
28 60 2.4 -4596 2160
29 60 2.4 -4744 2208
30 60 2.4 -4820 2156
31 60 2.4 -4664 2100
32 60 2.4 -4552 2060
33 60 2.4 -4552 2028
34 60 2.4 -4600 2022
35 60 2.4 -4536 1964
36 60 2.4 -4504 1918
37 60 2.4 -4592 1878
38 60 2.4 -4660 1900
39 60 2.4 -4712 1802
40 60 2.4 -4552 1792
41 60 2.4 -4456 1722
42 60 2.4 -4440 1680
43 60 2.4 -4492 1754
44 60 2.4 -4324 1650
45 60 2.4 -4324 1656
46 60 2.4 -4332 1544
47 60 2.4 -4276 1522
48 60 2.4 -4384 1564
49 60 2.4 -4512 1566
50 60 2.4 -4540 1586
51 60 2.4 -4548 1542
52 60 2.4 -4460 1444
53 60 2.4 -4268 1382
54 60 2.4 -4280 1332
55 60 2.4 -4260 1258
56 60 2.4 -4376 1242
57 60 2.4 -4256 1124
58 60 2.4 -4324 1158
59 60 2.4 -4200 1190
60 60 2.4 -4104 1070
61 60 2.4 -4104 1046
62 60 2.4 -4176 1118
63 60 2.4 -4396 1156
64 60 2.4 -4236 1128
65 60 2.4 -4244 1142
66 60 2.4 -4276 1120
67 60 2.4 -4220 1104
68 60 2.4 -4324 1106
69 60 2.4 -4212 1042
70 60 2.4 -4264 1052
71 60 2.4 -4276 1104
72 60 2.4 -4252 1004
73 60 2.4 -4184 1026
74 60 2.4 -4140 1014
75 60 2.4 -4152 948
76 60 2.4 -4208 924
77 60 2.4 -4268 974
78 60 2.4 -4228 1012
79 60 2.4 -4304 1172
80 60 2.4 -4220 1156
81 60 2.4 -4376 1188
82 60 2.4 -4412 1242
83 60 2.4 -4364 1220
84 60 2.4 -4372 1216
85 60 2.4 -4272 1222
86 60 2.4 -4328 1226
88 60 2.4 -4492 1306
89 60 2.4 -4668 1402
90 60 2.4 -4584 1436
91 60 2.4 -4516 1378
92 60 2.4 -4432 1390
93 60 2.4 -4464 1278
95 60 2.4 -4496 1390
96 60 2.4 -4524 1320
97 60 2.4 -4580 1298
98 60 2.4 -4596 1192
99 60 2.4 -4684 1220
101 60 2.4 -4528 1162
102 60 2.4 -4492 1182
103 60 2.4 -4504 1146
105 60 2.4 -4676 1134
106 60 2.4 -4584 1184
107 60 2.4 -4700 1224
109 60 2.4 -4716 1278
110 60 2.4 -4712 1218
112 60 2.4 -4632 1214
113 60 2.4 -4540 1126
114 60 2.4 -4520 1094
116 60 2.4 -4688 1092
117 60 2.4 -4564 1016
119 60 2.4 -4504 970
120 60 2.4 -4264 846
122 60 2.4 -4204 924
124 60 2.4 -4312 826
125 60 2.4 -4280 870
127 60 2.4 -4404 744
128 60 2.4 -4340 600
130 60 2.4 -4204 470
132 60 2.4 -4136 382
133 60 2.4 -4160 438
135 60 2.4 -4040 370
137 60 2.4 -4056 284
139 60 2.4 -4152 332
140 60 2.4 -4200 290
142 60 2.4 -4264 290
144 60 2.4 -4240 226
146 60 2.4 -4148 290
148 60 2.4 -4304 272
150 60 2.4 -4460 356
152 60 2.4 -4332 242
154 60 2.4 -4320 334
155 60 2.4 -4412 290
157 60 2.4 -4212 366
160 60 2.4 -4252 386
162 60 2.4 -4292 302
164 60 2.4 -4148 230
166 60 2.4 -4264 264
168 60 2.4 -4324 240
170 60 2.4 -4244 206
172 60 2.4 -4356 438
174 60 2.4 -4316 510
177 60 2.4 -4152 594
179 60 2.4 -4148 508
181 60 2.4 -4212 498
184 60 2.4 -4264 442
186 60 2.4 -4132 480
188 60 2.4 -4196 356
191 60 2.4 -4304 276
193 60 2.4 -4340 198
196 60 2.4 -4468 216
198 60 2.4 -4564 160
201 60 2.4 -4432 178
203 60 2.4 -4280 366
206 60 2.4 -4460 236
209 60 2.4 -4476 -70
211 60 2.4 -4500 -72
214 60 2.4 -4408 -62
217 60 2.4 -4492 16
220 60 2.4 -4248 -70
222 60 2.4 -4192 -190
225 60 2.4 -4376 -158
228 60 2.4 -4180 -164
231 60 2.4 -4064 6
234 60 2.4 -4364 -112
237 60 2.4 -4188 -186
240 60 2.4 -4348 4
243 60 2.4 -4144 -38
246 60 2.4 -4168 -158
250 60 2.4 -4176 40
253 60 2.4 -4188 -46
256 60 2.4 -4072 16
259 60 2.4 -4248 46
263 60 2.4 -4256 2
266 60 2.4 -4276 58
269 60 2.4 -4356 -38
273 60 2.4 -4332 -176
276 60 2.4 -4376 86
280 60 2.4 -4216 -232
284 60 2.4 -4396 -300
287 60 2.4 -4328 -316
291 60 2.4 -4168 -334
295 60 2.4 -4488 -476
298 60 2.4 -4256 -326
302 60 2.4 -4180 -140
306 60 2.4 -4292 -238
310 60 2.4 -4340 -218
314 60 2.4 -4432 -328
318 60 2.4 -4600 -168
322 60 2.4 -4472 -362
326 60 2.4 -4492 -256
331 60 2.4 -4460 -432
335 60 2.4 -4244 -372
339 60 2.4 -4412 -228
344 60 2.4 -4372 -264
348 60 2.4 -4348 -330
352 60 2.4 -4592 -484
357 60 2.4 -4352 -556
362 60 2.4 -4384 -584
366 60 2.4 -4444 -774
371 60 2.4 -4604 -804
376 60 2.4 -4488 -846
381 60 2.4 -4488 -762
385 60 2.4 -4704 -888
390 60 2.4 -4444 -932
395 60 2.4 -4624 -1000
401 60 2.4 -4596 -966
406 60 2.4 -4460 -1008
411 60 2.4 -4404 -936
416 60 2.4 -4128 -910
422 60 2.4 -4320 -952
427 60 2.4 -4272 -964
433 60 2.4 -4516 -742
438 60 2.4 -4504 -650
444 60 2.4 -4356 -614
449 60 2.4 -4448 -542
455 60 2.4 -4344 -548
461 60 2.4 -4312 -474
467 60 2.4 -4548 -246
473 60 2.4 -4224 -70
479 60 2.4 -4444 92
485 60 2.4 -4284 -124
492 60 2.4 -4032 -312
498 60 2.4 -4380 -400
504 60 2.4 -4540 -300
511 60 2.4 -4480 -258
517 60 2.4 -4424 -152
524 60 2.4 -4568 -322
531 60 2.4 -4616 -426
538 60 2.4 -4352 -336
545 60 2.4 -4456 -236
552 60 2.4 -4400 -176
559 60 2.4 -4456 -30
566 60 2.4 -4336 -32
573 60 2.4 -4260 20
581 60 2.4 -4172 218
588 60 2.4 -4316 378
596 60 2.4 -4124 106
603 60 2.4 -4252 240
611 60 2.4 -4184 282
619 60 2.4 -4192 284
627 60 2.4 -4260 -58
635 60 2.4 -4352 -464
643 60 2.4 -4392 -400
652 60 2.4 -4288 -408
660 60 2.4 -4368 -238
668 60 2.4 -4292 -60
677 60 2.4 -4332 2
686 60 2.4 -4204 262
695 60 2.4 -4348 142
704 60 2.4 -4184 -80
713 60 2.4 -4304 42
722 60 2.4 -4632 -76
731 60 2.4 -4320 136
741 60 2.4 -4392 170
750 60 2.4 -4252 -54
760 60 2.4 -4396 -224
770 60 2.4 -4344 -456
780 60 2.4 -4348 -616
790 60 2.4 -4640 -680
800 60 2.4 -4616 -444
810 60 2.4 -4528 -244
821 60 2.4 -4560 -294
831 60 2.4 -4240 -438
842 60 2.4 -4412 -606
853 60 2.4 -4408 -648
864 60 2.4 -4276 -862
875 60 2.4 -4196 -892
886 60 2.4 -4096 -714
897 60 2.4 -4048 -876
909 60 2.4 -4176 -960
921 60 2.4 -4304 -932
933 60 2.4 -4304 -1022
945 60 2.4 -4588 -1292
957 60 2.4 -4416 -1212
969 60 2.4 -4416 -678
982 60 2.4 -4444 -446
994 60 2.4 -4388 -70
1007 60 2.4 -4432 -226
1020 60 2.4 -4372 -312
1033 60 2.4 -4436 -666
1047 60 2.4 -4272 -876
1060 60 2.4 -4500 -1040
1074 60 2.4 -4180 -838
1088 60 2.4 -4400 -686
1102 60 2.4 -4244 -550
1116 60 2.4 -4308 -738
1130 60 2.4 -4072 -844
1145 60 2.4 -4056 -750
1160 60 2.4 -4304 -1046
1174 60 2.4 -4168 -1200
1190 60 2.4 -4232 -1074
1205 60 2.4 -4384 -1082
1220 60 2.4 -4300 -894
1236 60 2.4 -4280 40
1252 60 2.4 -4224 254
1268 60 2.4 -4068 180
1285 60 2.4 -4376 -138
1301 60 2.4 -4264 -410
1318 60 2.4 -4196 -144
1335 60 2.4 -4288 -70
1352 60 2.4 -4324 2
1370 60 2.4 -4236 94
1387 60 2.4 -4128 194
1405 60 2.4 -4344 248
1423 60 2.4 -4056 198
1442 60 2.4 -4204 -20
1460 60 2.4 -4344 148
1479 60 2.4 -4160 -644
1498 60 2.4 -4208 -932
1517 60 2.4 -4464 -388
1537 60 2.4 -4312 -92
1557 60 2.4 -4376 -240
1577 60 2.4 -4416 -164
1597 60 2.4 -4416 -16
1618 60 2.4 -4340 46
1639 60 2.4 -4100 -206
1660 60 2.4 -4140 228
1681 60 2.4 -4312 406
1703 60 2.4 -4264 94
1725 60 2.4 -4244 380
1747 60 2.4 -4304 262
1770 60 2.4 -4292 270
1792 60 2.4 -4324 522
1816 60 2.4 -4588 1020
1839 60 2.4 -4324 1104
1863 60 2.4 -4276 1158
1887 60 2.4 -4528 1076
1911 60 2.4 -4360 1002
1936 60 2.4 -4336 978
1961 60 2.4 -4544 1082
1986 60 2.4 -4280 1108
2012 60 2.4 -4424 874
2037 60 2.4 -4304 172
2064 60 2.4 -4408 470
2090 60 2.4 -4064 -244
2117 60 2.4 -4516 -8
2145 60 2.4 -4160 -56
2172 60 2.4 -4276 -194
2200 60 2.4 -4400 -242
2229 60 2.4 -4324 -76
2257 60 2.4 -4244 -68
2286 60 2.4 -4120 -158
2316 60 2.4 -4112 -768
2346 60 2.4 -4552 -1158
2376 60 2.4 -4340 -1178
2407 60 2.4 -4224 -890
2438 60 2.4 -4152 -1162
2469 60 2.4 -4332 -1150
2501 60 2.4 -4432 -896
2533 60 2.4 -4040 -752
2566 60 2.4 -4332 -360
2599 60 2.4 -4140 482
2633 60 2.4 -4636 666
2667 60 2.4 -4452 -102
2701 60 2.4 -4096 -322
2736 60 2.4 -4412 -206
2771 60 2.4 -4168 -536
2807 60 2.4 -4104 -156
2843 60 2.4 -4156 530
2880 60 2.4 -4540 648
2917 60 2.4 -4460 510
2954 60 2.4 -4532 778
2992 60 2.4 -4400 500
3031 60 2.4 -4284 -32
3070 60 2.4 -4492 -78
3110 60 2.4 -4316 -12
3150 60 2.4 -4116 -204
3190 60 2.4 -4520 -694
3232 60 2.4 -4564 -476
3273 60 2.4 -4332 -358
3315 60 2.4 -4372 -610
3358 60 2.4 -4328 -12
3402 60 2.4 -4284 -428
3445 60 2.4 -4224 -798
3490 60 2.4 -4588 -1072
3535 60 2.4 -4280 -1048
3580 60 2.4 -4512 -1228
3627 60 2.4 -4380 -1654
3673 60 2.4 -4344 -1512
3721 60 2.4 -4540 -1488
3769 60 2.4 -4396 -550
3817 60 2.4 -4140 -306
3867 60 2.4 -4636 -276
3916 60 2.4 -4232 104
3967 60 2.4 -4192 48
4018 60 2.4 -3984 372
4070 60 2.4 -4416 60
4122 60 2.4 -4096 982
4176 60 2.4 -4332 950
4229 60 2.4 -4472 1018
4284 60 2.4 -4168 234
4339 60 2.4 -4052 138
4395 60 2.4 -4060 916
4452 60 2.4 -4108 -24
4509 60 2.4 -4436 -288
4567 60 2.4 -4448 566
4626 60 2.4 -4352 244
4686 60 2.4 -4196 288
4746 60 2.4 -4280 164
4808 60 2.4 -4488 -34
4870 60 2.4 -4356 256
4932 60 2.4 -4392 504
4996 60 2.4 -4056 -76
5060 60 2.4 -4276 -508
5126 60 2.4 -4584 -358
5192 60 2.4 -4276 -504
5259 60 2.4 -4320 -626
5327 60 2.4 -4196 -688
5395 60 2.4 -4260 -950
5465 60 2.4 -4500 -1626
5535 60 2.4 -4180 -1338
5607 60 2.4 -4236 -438
5679 60 2.4 -4160 -472
5752 60 2.4 -4304 518
5826 60 2.4 -4364 526
5902 60 2.4 -4380 886
5978 60 2.4 -4232 464
6055 60 2.4 -4272 540
6133 60 2.4 -4380 -970
6212 60 2.4 -4344 -930
6292 60 2.4 -4408 -638
6373 60 2.4 -4344 -538
6455 60 2.4 -4304 -130
6539 60 2.4 -4100 -282
6623 60 2.4 -4308 -684
6708 60 2.4 -4472 -1638
6795 60 2.4 -4680 -2028
6883 60 2.4 -4524 -1864
6971 60 2.4 -4468 -1632
7061 60 2.4 -4228 -772
7152 60 2.4 -4460 -672
7245 60 2.4 -4368 -626
7338 60 2.4 -4340 -678
7433 60 2.4 -4212 -272
7529 60 2.4 -4468 110
7626 60 2.4 -4404 -960
7724 60 2.4 -4516 -1258
7824 60 2.4 -4448 -82
7925 60 2.4 -4324 130
8027 60 2.4 -4392 -338
8130 60 2.4 -4212 -868
8235 60 2.4 -3992 -196
8341 60 2.4 -4336 -892
8449 60 2.4 -4432 -1926
8558 60 2.4 -4776 -2130
8668 60 2.4 -4144 -1252
8780 60 2.4 -4448 142
8893 60 2.4 -4288 1196
9008 60 2.4 -4392 1650
9124 60 2.4 -4532 1426
9242 60 2.4 -4252 572
9361 60 2.4 -4424 1140
9482 60 2.4 -4344 510
9604 60 2.4 -4384 350
9728 60 2.4 -4144 50
9853 60 2.4 -4464 770
9980 60 2.4 -4068 1026
10109 60 2.4 -4316 274
10240 60 2.4 -4560 -1356
10372 60 2.4 -4168 -908
10505 60 2.4 -4312 -954
10641 60 2.4 -4268 -606
10778 60 2.4 -4372 -634
10917 60 2.4 -4412 -844
11058 60 2.4 -4020 -112
11201 60 2.4 -4484 -210
11345 60 2.4 -4228 -108
11491 60 2.4 -4300 194
11640 60 2.4 -4204 -436
11790 60 2.4 -4396 -490
11942 60 2.4 -4188 4
12096 60 2.4 -4312 -144
12252 60 2.4 -4300 404
12410 60 2.4 -4408 478
12570 60 2.4 -4216 346
12732 60 2.4 -4372 -554
12896 60 2.4 -4252 -118
13062 60 2.4 -4260 1110
13231 60 2.4 -4280 666
13402 60 2.4 -4500 830
13574 60 2.4 -4392 -730
13750 60 2.4 -4344 -576
13927 60 2.4 -4508 -364
14106 60 2.4 -4048 -944
14288 60 2.4 -4388 564
14473 60 2.4 -4456 564
14659 60 2.4 -4152 -248
14848 60 2.4 -4244 -994
15040 60 2.4 -4428 810
15234 60 2.4 -4476 -22
15430 60 2.4 -4348 -62
15629 60 2.4 -4140 -382
15831 60 2.4 -4596 320
16035 60 2.4 -4200 -256
16242 60 2.4 -4248 -96
16451 60 2.4 -4364 252
16664 60 2.4 -4008 -518
16879 60 2.4 -4324 -800
17096 60 2.4 -4456 -1628
17317 60 2.4 -4420 -536
17540 60 2.4 -4316 52
17766 60 2.4 -3984 -380
17995 60 2.4 -4412 -196
18228 60 2.4 -4328 636
18463 60 2.4 -4296 724
18701 60 2.4 -4076 936
18942 60 2.4 -4496 1928
19186 60 2.4 -4164 1142
19434 60 2.4 -4044 -312
19684 60 2.4 -4420 -1060
19938 60 2.4 -4356 -854
20195 60 2.4 -4192 -176
20456 60 2.4 -4160 648
20720 60 2.4 -4644 1494
20987 60 2.4 -4372 1156
21258 60 2.4 -4124 462
21532 60 2.4 -4160 -672
21810 60 2.4 -4384 -284
22091 60 2.4 -4472 126
22376 60 2.4 -4292 462
22664 60 2.4 -4436 328
22957 60 2.4 -4504 144
23253 60 2.4 -4276 698
23553 60 2.4 -4168 -66
23856 60 2.4 -4440 1286
24164 60 2.4 -4448 312
24476 60 2.4 -4544 248
24791 60 2.4 -4376 -984
25111 60 2.4 -4312 -368
25435 60 2.4 -4324 778
25763 60 2.4 -4300 -690
26095 60 2.4 -4236 548
26432 60 2.4 -4368 904
26773 60 2.4 -4120 -590
27118 60 2.4 -4256 846
27468 60 2.4 -4184 -392
27822 60 2.4 -4392 -396
28181 60 2.4 -4132 -426
28545 60 2.4 -4164 136
28913 60 2.4 -4372 426
29286 60 2.4 -4080 24
29663 60 2.4 -4452 1064
30046 60 2.4 -4540 268
30434 60 2.4 -4352 302
30826 60 2.4 -4588 -300
31224 60 2.4 -4036 20
31626 60 2.4 -4280 204
32034 60 2.4 -4508 -832
32447 60 2.4 -4196 618
32866 60 2.4 -4460 476
33290 60 2.4 -4356 342
33719 60 2.4 -4272 368
34154 60 2.4 -4556 1102
34595 60 2.4 -4144 -446
35041 60 2.4 -4108 -724
35493 60 2.4 -4452 -1096
35951 60 2.4 -4068 -444
36414 60 2.4 -4232 -270
36884 60 2.4 -4240 448
37360 60 2.4 -4328 876
37841 60 2.4 -4068 400
38330 60 2.4 -3924 124
38824 60 2.4 -4184 582
39325 60 2.4 -4364 -882
39832 60 2.4 -4132 64
40346 60 2.4 -4272 46
40866 60 2.4 -4208 606
41393 60 2.4 -4484 -974
41927 60 2.4 -4092 -674
42468 60 2.4 -4332 -834
43015 60 2.4 -4296 500
43570 60 2.4 -4260 728
44132 60 2.4 -4528 -448
44701 60 2.4 -4328 942
45278 60 2.4 -4240 84
45862 60 2.4 -4356 -412
46453 60 2.4 -4108 -734
47053 60 2.4 -4512 374
47660 60 2.4 -4424 1262
48274 60 2.4 -4140 -566
48897 60 2.4 -4432 -134
49528 60 2.4 -4128 672
50166 60 2.4 -4448 796
50813 60 2.4 -4204 722
51469 60 2.4 -4304 62
52133 60 2.4 -4512 528
52805 60 2.4 -4268 -804
53486 60 2.4 -4168 -480
54176 60 2.4 -4100 -582
54875 60 2.4 -4148 584
55582 60 2.4 -4460 -1532
56299 60 2.4 -4668 -1636
57025 60 2.4 -4148 234
57761 60 2.4 -4080 314
58506 60 2.4 -4272 96
59261 60 2.4 -4372 266
60025 60 2.4 -4172 862
60799 60 2.4 -4544 -992
61583 60 2.4 -4552 1766
62378 60 2.4 -4268 344
63182 60 2.4 -4340 998
63997 60 2.4 -4316 -796
64822 60 2.4 -4376 56
65658 60 2.4 -4296 556
66505 60 2.4 -4276 -472
67363 60 2.4 -4452 -992
68232 60 2.4 -4608 1442
69112 60 2.4 -4200 180
70003 60 2.4 -4488 -1344
70906 60 2.4 -4032 -916
71821 60 2.4 -4452 954
72747 60 2.4 -4180 -314
73685 60 2.4 -4200 -960
74636 60 2.4 -4516 1248
75599 60 2.4 -4472 -856
76574 60 2.4 -4500 8
77561 60 2.4 -4312 -684
78562 60 2.4 -4376 910
79575 60 2.4 -4244 88
80601 60 2.4 -4392 114
81641 60 2.4 -4428 540
82694 60 2.4 -4600 1688
83760 60 2.4 -4296 -648
84841 60 2.4 -4404 1050
85935 60 2.4 -4452 762
87043 60 2.4 -4240 -448
88166 60 2.4 -4520 -82
89303 60 2.4 -4440 -940
90455 60 2.4 -4264 652
91622 60 2.4 -4824 -1062
92803 60 2.4 -4332 156
94000 60 2.4 -4248 48
95213 60 2.4 -4336 -1104
96441 60 2.4 -4608 638
97685 60 2.4 -4072 522
98945 60 2.4 -4320 -270
100221 60 2.4 -4208 554
101513 60 2.4 -4412 -194
102823 60 2.4 -4432 -450
104149 60 2.4 -4316 -476
105492 60 2.4 -4132 -36
106853 60 2.4 -4312 -614
108231 60 2.4 -4196 308
109627 60 2.4 -4544 652
111041 60 2.4 -4044 -40
112473 60 2.4 -4348 -400
113924 60 2.4 -4340 408
115393 60 2.4 -4340 -592
116882 60 2.4 -4500 734
118389 60 2.4 -4140 -350
119916 60 2.4 -4568 1430
121463 60 2.4 -4512 -964
123029 60 2.4 -4316 484
124616 60 2.4 -4316 998
126224 60 2.4 -4196 -1074
127852 60 2.4 -4256 -134
129501 60 2.4 -4440 -90
131171 60 2.4 -4300 -822
132863 60 2.4 -4256 622
134576 60 2.4 -4636 840
136312 60 2.4 -4428 1460
138070 60 2.4 -4496 -1018
139851 60 2.4 -4112 -994
141655 60 2.4 -4400 354
143482 60 2.4 -4196 -1350
145333 60 2.4 -4132 142
147207 60 2.4 -4276 -66
149106 60 2.4 -4412 656
151029 60 2.4 -4200 394
152977 60 2.4 -4388 796
154950 60 2.4 -4580 1240
156948 60 2.4 -4276 -658
158973 60 2.4 -4272 614
161023 60 2.4 -4364 -626
163100 60 2.4 -4092 8
165204 60 2.4 -4368 1048
167334 60 2.4 -4360 892
169493 60 2.4 -4340 -418
171679 60 2.4 -4148 -386
173893 60 2.4 -4460 850
176136 60 2.4 -4492 1118
178408 60 2.4 -4364 -500
180709 60 2.4 -4276 -346
183040 60 2.4 -4144 1496
185400 60 2.4 -4320 228
187792 60 2.4 -4256 -158
190214 60 2.4 -4176 524
192667 60 2.4 -4280 -220
195152 60 2.4 -4172 -268
197669 60 2.4 -4400 442
200219 60 2.4 -4752 -80
202801 60 2.4 -4260 100
205417 60 2.4 -4280 908
208066 60 2.4 -4376 -766
210750 60 2.4 -4456 914
213468 60 2.4 -4328 298
216222 60 2.4 -4324 -1538
219010 60 2.4 -4212 320
221835 60 2.4 -4388 -1032
224696 60 2.4 -4296 948
227595 60 2.4 -4236 -264
230530 60 2.4 -4296 -700
233503 60 2.4 -4096 -1130
236515 60 2.4 -4168 336
239566 60 2.4 -4136 224
242656 60 2.4 -4040 -176
245785 60 2.4 -4532 -1110
248956 60 2.4 -4044 -678
252167 60 2.4 -4316 -420
255419 60 2.4 -4136 1362
258713 60 2.4 -4420 740
262050 60 2.4 -4204 -60
265430 60 2.4 -4232 -2
268854 60 2.4 -4444 -144
272321 60 2.4 -4352 -826
275834 60 2.4 -4356 440
279391 60 2.4 -4384 978
282995 60 2.4 -4408 -966
286645 60 2.4 -4316 712
290342 60 2.4 -4288 1096
294087 60 2.4 -4376 -1070
297880 60 2.4 -4288 416
301722 60 2.4 -4308 368
305614 60 2.4 -4164 272
309556 60 2.4 -3936 -2
313548 60 2.4 -4444 -588
317592 60 2.4 -4468 -580
321689 60 2.4 -4232 176
325838 60 2.4 -4408 1402
330040 60 2.4 -4432 -322
334297 60 2.4 -4352 -690
338609 60 2.4 -4512 -210
342976 60 2.4 -4272 -816
347400 60 2.4 -4348 -590
351881 60 2.4 -4160 -54
356419 60 2.4 -4284 -1072
361016 60 2.4 -4160 26
365673 60 2.4 -4392 -1270
370389 60 2.4 -4184 392
375167 60 2.4 -4580 -1382
380005 60 2.4 -4584 384
384907 60 2.4 -4396 -684
389871 60 2.4 -4136 -548
394900 60 2.4 -4296 482
399993 60 2.4 -4268 100
405152 60 2.4 -4300 -340
410378 60 2.4 -4324 762
415671 60 2.4 -4120 92
421032 60 2.4 -4312 226
426463 60 2.4 -4208 -586
431963 60 2.4 -4032 -224
437535 60 2.4 -4820 -1292
443178 60 2.4 -4808 610
448894 60 2.4 -4376 980
454684 60 2.4 -4524 214
460548 60 2.4 -4460 -672
466489 60 2.4 -4384 806
472505 60 2.4 -4416 -506
478600 60 2.4 -4240 66
484773 60 2.4 -4540 1656
491025 60 2.4 -4200 -876
497358 60 2.4 -4432 294
503773 60 2.4 -4256 580
510271 60 2.4 -4436 1032
516852 60 2.4 -4380 -2
523519 60 2.4 -4404 -212
530271 60 2.4 -4408 684
537111 60 2.4 -4192 -290
544038 60 2.4 -4644 -2040
551055 60 2.4 -4332 -838
558163 60 2.4 -4280 -22
565362 60 2.4 -4208 -140
572654 60 2.4 -4404 -488
580040 60 2.4 -4340 560
587521 60 2.4 -4436 456
595099 60 2.4 -4532 -1308
602775 60 2.4 -4652 1926
610549 60 2.4 -4468 -470
618424 60 2.4 -4336 810
626400 60 2.4 -4716 -524
634480 60 2.4 -3936 552
642663 60 2.4 -4408 590
650952 60 2.4 -4344 -200
659348 60 2.4 -4072 1200
667853 60 2.4 -4568 500
676467 60 2.4 -4340 260
685192 60 2.4 -4284 -1056
694029 60 2.4 -4468 -466
702981 60 2.4 -4452 1142
712048 60 2.4 -4284 306
721232 60 2.4 -4392 768
730534 60 2.4 -4396 40
739957 60 2.4 -4372 -582
749500 60 2.4 -4368 -1134
759168 60 2.4 -4392 1136
768959 60 2.4 -4252 276
778877 60 2.4 -4364 202
788923 60 2.4 -4080 682
799099 60 2.4 -4448 888
809405 60 2.4 -4412 562
819845 60 2.4 -4636 -380
830419 60 2.4 -4336 -850
841130 60 2.4 -4312 1400
851979 60 2.4 -4208 -638
862968 60 2.4 -4108 -842
874098 60 2.4 -4296 -928
885373 60 2.4 -4628 1238
896792 60 2.4 -3908 -332
908359 60 2.4 -4408 -1326
920075 60 2.4 -4136 -50
931942 60 2.4 -4404 -950
943962 60 2.4 -4504 -784
956137 60 2.4 -4224 356
968470 60 2.4 -4436 154
980961 60 2.4 -3980 -82
993613 60 2.4 -4516 -1512
999999 60 2.4 -4320 526
