3 20 2 -720 376
4 20 2 -688 364
5 20 2 -756 386
6 20 2 -720 380
7 20 2 -748 386
8 20 2 -760 390
9 20 2 -728 380
10 20 2 -736 378
11 20 2 -708 364
12 20 2 -720 366
13 20 2 -708 370
14 20 2 -684 362
15 20 2 -688 364
16 20 2 -712 376
17 20 2 -700 368
18 20 2 -708 374
19 20 2 -728 378
20 20 2 -724 376
21 20 2 -704 366
22 20 2 -708 376
23 20 2 -724 376
24 20 2 -724 374
25 20 2 -688 360
26 20 2 -704 366
27 20 2 -704 364
28 20 2 -672 352
29 20 2 -696 362
30 20 2 -676 346
31 20 2 -656 332
32 20 2 -600 330
33 20 2 -628 330
34 20 2 -664 346
35 20 2 -664 342
36 20 2 -656 350
37 20 2 -656 348
38 20 2 -704 356
39 20 2 -728 376
40 20 2 -700 364
41 20 2 -684 360
42 20 2 -744 382
43 20 2 -752 388
44 20 2 -776 394
45 20 2 -772 392
46 20 2 -764 390
47 20 2 -776 394
48 20 2 -784 396
49 20 2 -752 388
50 20 2 -744 384
51 20 2 -744 382
52 20 2 -720 370
53 20 2 -712 368
54 20 2 -688 360
55 20 2 -712 372
56 20 2 -680 368
57 20 2 -740 378
58 20 2 -688 358
59 20 2 -736 380
60 20 2 -720 376
61 20 2 -716 374
62 20 2 -676 356
63 20 2 -712 370
64 20 2 -660 360
65 20 2 -628 344
66 20 2 -684 360
67 20 2 -716 376
68 20 2 -728 370
69 20 2 -652 352
70 20 2 -712 370
71 20 2 -712 370
72 20 2 -720 374
73 20 2 -720 376
74 20 2 -700 372
75 20 2 -692 370
76 20 2 -708 374
77 20 2 -680 364
78 20 2 -688 364
79 20 2 -684 356
80 20 2 -620 318
81 20 2 -636 338
82 20 2 -628 332
83 20 2 -648 338
84 20 2 -636 340
85 20 2 -636 344
86 20 2 -656 340
88 20 2 -676 360
89 20 2 -688 364
90 20 2 -716 372
91 20 2 -684 364
92 20 2 -724 374
93 20 2 -740 380
95 20 2 -652 354
96 20 2 -708 370
97 20 2 -696 360
98 20 2 -660 348
99 20 2 -672 356
101 20 2 -648 346
102 20 2 -636 344
103 20 2 -684 368
105 20 2 -676 366
106 20 2 -692 368
107 20 2 -740 382
109 20 2 -740 382
110 20 2 -712 374
112 20 2 -656 352
113 20 2 -688 366
114 20 2 -712 376
116 20 2 -704 372
117 20 2 -692 370
119 20 2 -720 380
120 20 2 -728 380
122 20 2 -708 370
124 20 2 -676 358
125 20 2 -684 366
127 20 2 -704 374
128 20 2 -732 380
130 20 2 -724 380
132 20 2 -740 384
133 20 2 -692 370
135 20 2 -728 382
137 20 2 -684 364
139 20 2 -704 374
140 20 2 -752 388
142 20 2 -704 376
144 20 2 -744 384
146 20 2 -744 384
148 20 2 -748 386
150 20 2 -696 362
152 20 2 -668 360
154 20 2 -656 346
155 20 2 -656 344
157 20 2 -672 348
160 20 2 -688 366
162 20 2 -696 366
164 20 2 -664 346
166 20 2 -636 340
168 20 2 -688 348
170 20 2 -704 342
172 20 2 -684 340
174 20 2 -672 346
177 20 2 -696 358
179 20 2 -704 346
181 20 2 -700 362
184 20 2 -740 382
186 20 2 -724 378
188 20 2 -728 378
191 20 2 -712 374
193 20 2 -676 352
196 20 2 -752 386
198 20 2 -672 354
201 20 2 -692 352
203 20 2 -672 360
206 20 2 -684 362
209 20 2 -712 374
211 20 2 -720 376
214 20 2 -716 376
217 20 2 -696 366
220 20 2 -708 368
222 20 2 -688 368
225 20 2 -652 352
228 20 2 -740 382
231 20 2 -732 380
234 20 2 -728 378
237 20 2 -744 386
240 20 2 -744 380
243 20 2 -748 386
246 20 2 -768 392
250 20 2 -716 376
253 20 2 -716 378
256 20 2 -696 370
259 20 2 -708 368
263 20 2 -736 376
266 20 2 -680 360
269 20 2 -696 370
273 20 2 -704 368
276 20 2 -680 360
280 20 2 -724 376
284 20 2 -652 348
287 20 2 -652 348
291 20 2 -612 326
295 20 2 -668 346
298 20 2 -712 372
302 20 2 -696 366
306 20 2 -696 360
310 20 2 -660 350
314 20 2 -672 336
318 20 2 -692 368
322 20 2 -728 380
326 20 2 -712 376
331 20 2 -740 384
335 20 2 -696 370
339 20 2 -708 374
344 20 2 -692 358
348 20 2 -716 376
352 20 2 -728 380
357 20 2 -676 354
362 20 2 -680 352
366 20 2 -676 344
371 20 2 -664 358
376 20 2 -668 352
381 20 2 -684 366
385 20 2 -664 358
390 20 2 -708 372
395 20 2 -700 368
401 20 2 -692 370
406 20 2 -772 390
411 20 2 -696 362
416 20 2 -592 324
422 20 2 -684 368
427 20 2 -692 366
433 20 2 -716 362
438 20 2 -720 378
444 20 2 -708 376
449 20 2 -720 374
455 20 2 -712 376
461 20 2 -740 382
467 20 2 -704 372
473 20 2 -724 374
479 20 2 -736 382
485 20 2 -712 366
492 20 2 -668 344
498 20 2 -704 358
504 20 2 -736 382
511 20 2 -712 376
517 20 2 -704 370
524 20 2 -736 378
531 20 2 -696 368
538 20 2 -656 356
545 20 2 -716 376
552 20 2 -720 376
559 20 2 -716 370
566 20 2 -728 380
573 20 2 -716 370
581 20 2 -752 386
588 20 2 -708 368
596 20 2 -724 380
603 20 2 -680 364
611 20 2 -760 390
619 20 2 -744 386
627 20 2 -768 392
635 20 2 -688 362
643 20 2 -632 316
652 20 2 -716 370
660 20 2 -684 324
668 20 2 -696 368
677 20 2 -692 366
686 20 2 -700 368
695 20 2 -696 368
704 20 2 -708 374
713 20 2 -712 374
722 20 2 -748 386
731 20 2 -676 356
741 20 2 -692 336
750 20 2 -672 340
760 20 2 -628 338
770 20 2 -688 368
780 20 2 -700 370
790 20 2 -716 372
800 20 2 -680 354
810 20 2 -720 374
821 20 2 -708 374
831 20 2 -732 382
842 20 2 -684 368
853 20 2 -708 372
864 20 2 -748 386
875 20 2 -712 368
886 20 2 -660 354
897 20 2 -744 386
909 20 2 -604 328
921 20 2 -696 334
933 20 2 -628 316
945 20 2 -676 356
957 20 2 -664 360
969 20 2 -712 378
982 20 2 -732 382
994 20 2 -676 364
1007 20 2 -672 344
1020 20 2 -660 352
1033 20 2 -668 360
1047 20 2 -676 348
1060 20 2 -700 366
1074 20 2 -740 384
1088 20 2 -708 372
1102 20 2 -704 368
1116 20 2 -728 378
1130 20 2 -696 370
1145 20 2 -620 334
1160 20 2 -696 358
1174 20 2 -708 374
1190 20 2 -660 342
1205 20 2 -720 374
1220 20 2 -736 384
1236 20 2 -700 372
1252 20 2 -684 360
1268 20 2 -672 354
1285 20 2 -676 360
1301 20 2 -688 364
1318 20 2 -720 378
1335 20 2 -604 324
1352 20 2 -664 356
1370 20 2 -636 338
1387 20 2 -656 342
1405 20 2 -720 372
1423 20 2 -632 338
1442 20 2 -716 378
1460 20 2 -708 364
1479 20 2 -648 336
1498 20 2 -736 380
1517 20 2 -704 368
1537 20 2 -704 370
1557 20 2 -724 370
1577 20 2 -728 380
1597 20 2 -716 374
1618 20 2 -704 358
1639 20 2 -740 384
1660 20 2 -708 372
1681 20 2 -664 350
1703 20 2 -656 354
1725 20 2 -728 370
1747 20 2 -708 376
1770 20 2 -624 328
1792 20 2 -628 330
1816 20 2 -640 326
1839 20 2 -700 368
1863 20 2 -736 382
1887 20 2 -656 328
1911 20 2 -680 362
1936 20 2 -720 372
1961 20 2 -688 368
1986 20 2 -660 344
2012 20 2 -692 366
2037 20 2 -700 366
2064 20 2 -764 390
2090 20 2 -656 336
2117 20 2 -688 368
2145 20 2 -696 362
2172 20 2 -720 374
2200 20 2 -700 360
2229 20 2 -736 382
2257 20 2 -612 328
2286 20 2 -696 360
2316 20 2 -668 356
2346 20 2 -740 382
2376 20 2 -712 372
2407 20 2 -680 360
2438 20 2 -720 376
2469 20 2 -684 356
2501 20 2 -716 374
2533 20 2 -748 380
2566 20 2 -724 376
2599 20 2 -668 336
2633 20 2 -656 342
2667 20 2 -696 364
2701 20 2 -652 338
2736 20 2 -680 348
2771 20 2 -752 388
2807 20 2 -740 384
2843 20 2 -724 344
2880 20 2 -680 356
2917 20 2 -724 376
2954 20 2 -672 346
2992 20 2 -716 376
3031 20 2 -688 368
3070 20 2 -624 330
3110 20 2 -684 362
3150 20 2 -664 362
3190 20 2 -740 382
3232 20 2 -716 372
3273 20 2 -688 364
3315 20 2 -744 386
3358 20 2 -692 334
3402 20 2 -700 368
3445 20 2 -692 356
3490 20 2 -636 344
3535 20 2 -724 374
3580 20 2 -732 378
3627 20 2 -616 342
3673 20 2 -744 384
3721 20 2 -740 384
3769 20 2 -728 380
3817 20 2 -672 362
3867 20 2 -728 378
3916 20 2 -632 344
3967 20 2 -732 382
4018 20 2 -704 372
4070 20 2 -628 320
4122 20 2 -712 372
4176 20 2 -700 370
4229 20 2 -740 384
4284 20 2 -684 366
4339 20 2 -712 374
4395 20 2 -708 374
4452 20 2 -668 364
4509 20 2 -696 370
4567 20 2 -724 376
4626 20 2 -712 376
4686 20 2 -632 348
4746 20 2 -656 348
4808 20 2 -624 318
4870 20 2 -680 360
4932 20 2 -668 342
4996 20 2 -676 340
5060 20 2 -732 382
5126 20 2 -700 368
5192 20 2 -756 388
5259 20 2 -640 342
5327 20 2 -672 358
5395 20 2 -700 370
5465 20 2 -720 370
5535 20 2 -700 368
5607 20 2 -720 372
5679 20 2 -676 348
5752 20 2 -692 352
5826 20 2 -712 372
5902 20 2 -712 368
5978 20 2 -756 386
6055 20 2 -724 374
6133 20 2 -700 362
6212 20 2 -740 384
6292 20 2 -704 372
6373 20 2 -652 346
6455 20 2 -700 360
6539 20 2 -716 374
6623 20 2 -760 388
6708 20 2 -744 384
6795 20 2 -664 346
6883 20 2 -700 364
6971 20 2 -696 362
7061 20 2 -744 386
7152 20 2 -692 362
7245 20 2 -732 380
7338 20 2 -744 382
7433 20 2 -736 382
7529 20 2 -708 364
7626 20 2 -648 356
7724 20 2 -680 358
7824 20 2 -692 356
7925 20 2 -732 382
8027 20 2 -700 360
8130 20 2 -744 384
8235 20 2 -672 356
8341 20 2 -640 288
8449 20 2 -724 370
8558 20 2 -736 376
8668 20 2 -660 360
8780 20 2 -704 370
8893 20 2 -724 378
9008 20 2 -696 370
9124 20 2 -736 380
9242 20 2 -644 342
9361 20 2 -720 378
9482 20 2 -732 374
9604 20 2 -660 358
9728 20 2 -684 340
9853 20 2 -724 378
9980 20 2 -724 380
10109 20 2 -716 374
10240 20 2 -688 364
10372 20 2 -708 376
10505 20 2 -740 382
10641 20 2 -672 362
10778 20 2 -640 276
10917 20 2 -712 372
11058 20 2 -740 380
11201 20 2 -696 368
11345 20 2 -648 352
11491 20 2 -748 380
11640 20 2 -724 380
11790 20 2 -716 368
11942 20 2 -732 382
12096 20 2 -700 374
12252 20 2 -664 338
12410 20 2 -712 370
12570 20 2 -680 344
12732 20 2 -756 388
12896 20 2 -668 356
13062 20 2 -740 382
13231 20 2 -624 334
13402 20 2 -744 382
13574 20 2 -684 366
13750 20 2 -696 368
13927 20 2 -712 376
14106 20 2 -700 370
14288 20 2 -676 354
14473 20 2 -716 376
14659 20 2 -708 374
14848 20 2 -728 376
15040 20 2 -696 366
15234 20 2 -736 374
15430 20 2 -728 380
15629 20 2 -748 384
15831 20 2 -664 346
16035 20 2 -700 362
16242 20 2 -728 378
16451 20 2 -732 378
16664 20 2 -688 362
16879 20 2 -680 358
17096 20 2 -724 378
17317 20 2 -664 348
17540 20 2 -728 380
17766 20 2 -676 354
17995 20 2 -736 382
18228 20 2 -696 362
18463 20 2 -676 364
18701 20 2 -676 354
18942 20 2 -668 332
19186 20 2 -684 366
19434 20 2 -704 372
19684 20 2 -712 376
19938 20 2 -592 312
20195 20 2 -732 382
20456 20 2 -684 354
20720 20 2 -688 360
20987 20 2 -776 394
21258 20 2 -720 380
21532 20 2 -728 376
21810 20 2 -724 374
22091 20 2 -744 386
22376 20 2 -700 364
22664 20 2 -712 374
22957 20 2 -704 372
23253 20 2 -708 372
23553 20 2 -632 338
23856 20 2 -740 384
24164 20 2 -688 368
24476 20 2 -712 374
24791 20 2 -676 362
25111 20 2 -704 370
25435 20 2 -696 370
25763 20 2 -688 362
26095 20 2 -680 366
26432 20 2 -704 370
26773 20 2 -720 370
27118 20 2 -672 360
27468 20 2 -624 332
27822 20 2 -744 384
28181 20 2 -752 386
28545 20 2 -676 354
28913 20 2 -720 374
29286 20 2 -696 370
29663 20 2 -664 354
30046 20 2 -704 372
30434 20 2 -748 386
30826 20 2 -724 380
31224 20 2 -708 374
31626 20 2 -712 372
32034 20 2 -736 382
32447 20 2 -692 356
32866 20 2 -724 370
33290 20 2 -656 356
33719 20 2 -736 376
34154 20 2 -676 352
34595 20 2 -640 322
35041 20 2 -672 348
35493 20 2 -696 366
35951 20 2 -736 382
36414 20 2 -692 368
36884 20 2 -732 382
37360 20 2 -684 360
37841 20 2 -760 390
38330 20 2 -688 366
38824 20 2 -680 364
39325 20 2 -740 380
39832 20 2 -724 378
40346 20 2 -724 380
40866 20 2 -684 350
41393 20 2 -668 354
41927 20 2 -680 364
42468 20 2 -728 378
43015 20 2 -572 254
43570 20 2 -688 364
44132 20 2 -756 388
44701 20 2 -712 356
45278 20 2 -720 376
45862 20 2 -656 344
46453 20 2 -716 376
47053 20 2 -696 346
47660 20 2 -696 368
48274 20 2 -716 374
48897 20 2 -740 384
49528 20 2 -692 360
50166 20 2 -732 382
50813 20 2 -712 370
51469 20 2 -680 362
52133 20 2 -688 364
52805 20 2 -680 362
53486 20 2 -680 364
54176 20 2 -680 354
54875 20 2 -652 334
55582 20 2 -704 370
56299 20 2 -712 372
57025 20 2 -748 384
57761 20 2 -680 364
58506 20 2 -740 382
59261 20 2 -700 372
60025 20 2 -708 362
60799 20 2 -692 370
61583 20 2 -708 372
62378 20 2 -704 372
63182 20 2 -748 386
63997 20 2 -672 364
64822 20 2 -680 352
65658 20 2 -696 368
66505 20 2 -676 360
67363 20 2 -712 368
68232 20 2 -660 348
69112 20 2 -708 364
70003 20 2 -724 376
70906 20 2 -728 380
71821 20 2 -684 366
72747 20 2 -724 376
73685 20 2 -644 322
74636 20 2 -688 364
75599 20 2 -704 366
76574 20 2 -688 370
77561 20 2 -716 356
78562 20 2 -708 368
79575 20 2 -708 370
80601 20 2 -696 368
81641 20 2 -716 378
82694 20 2 -720 372
83760 20 2 -708 374
84841 20 2 -704 370
85935 20 2 -712 376
87043 20 2 -664 356
88166 20 2 -652 334
89303 20 2 -720 374
90455 20 2 -704 366
91622 20 2 -628 340
92803 20 2 -720 370
94000 20 2 -712 374
95213 20 2 -716 370
96441 20 2 -640 346
97685 20 2 -768 392
98945 20 2 -720 378
100221 20 2 -648 320
101513 20 2 -704 370
102823 20 2 -712 374
104149 20 2 -724 376
105492 20 2 -644 328
106853 20 2 -732 374
108231 20 2 -712 376
109627 20 2 -712 364
111041 20 2 -708 374
112473 20 2 -688 366
113924 20 2 -744 384
115393 20 2 -684 364
116882 20 2 -736 380
118389 20 2 -744 386
119916 20 2 -692 358
121463 20 2 -712 372
123029 20 2 -652 350
124616 20 2 -720 376
126224 20 2 -704 368
127852 20 2 -624 348
129501 20 2 -668 354
131171 20 2 -700 366
132863 20 2 -684 348
134576 20 2 -756 388
136312 20 2 -740 378
138070 20 2 -720 376
139851 20 2 -712 378
141655 20 2 -656 354
143482 20 2 -756 388
145333 20 2 -748 382
147207 20 2 -716 370
149106 20 2 -720 366
151029 20 2 -728 382
152977 20 2 -648 332
154950 20 2 -708 374
156948 20 2 -640 342
158973 20 2 -732 368
161023 20 2 -644 352
163100 20 2 -740 382
165204 20 2 -708 362
167334 20 2 -700 370
169493 20 2 -692 364
171679 20 2 -680 362
173893 20 2 -668 356
176136 20 2 -660 348
178408 20 2 -660 344
180709 20 2 -720 376
183040 20 2 -648 322
185400 20 2 -728 376
187792 20 2 -660 344
190214 20 2 -680 348
192667 20 2 -712 372
195152 20 2 -724 372
197669 20 2 -680 346
200219 20 2 -668 352
202801 20 2 -652 348
205417 20 2 -748 382
208066 20 2 -656 350
210750 20 2 -680 346
213468 20 2 -692 344
216222 20 2 -688 364
219010 20 2 -624 328
221835 20 2 -640 338
224696 20 2 -720 376
227595 20 2 -728 376
230530 20 2 -676 364
233503 20 2 -656 354
236515 20 2 -760 388
239566 20 2 -708 374
242656 20 2 -748 384
245785 20 2 -692 354
248956 20 2 -684 360
252167 20 2 -700 374
255419 20 2 -648 340
258713 20 2 -716 376
262050 20 2 -688 364
265430 20 2 -640 352
268854 20 2 -680 362
272321 20 2 -712 370
275834 20 2 -672 348
279391 20 2 -700 366
282995 20 2 -748 386
286645 20 2 -560 304
290342 20 2 -656 356
294087 20 2 -680 356
297880 20 2 -704 374
301722 20 2 -680 352
305614 20 2 -644 324
309556 20 2 -720 380
313548 20 2 -696 368
317592 20 2 -680 354
321689 20 2 -700 350
325838 20 2 -740 384
330040 20 2 -700 370
334297 20 2 -704 344
338609 20 2 -740 382
342976 20 2 -716 376
347400 20 2 -680 362
351881 20 2 -692 358
356419 20 2 -700 358
361016 20 2 -692 364
365673 20 2 -664 348
370389 20 2 -644 320
375167 20 2 -704 370
380005 20 2 -708 372
384907 20 2 -696 370
389871 20 2 -700 368
394900 20 2 -728 378
399993 20 2 -696 368
405152 20 2 -588 258
410378 20 2 -664 352
415671 20 2 -668 332
421032 20 2 -752 386
426463 20 2 -704 370
431963 20 2 -752 382
437535 20 2 -716 372
443178 20 2 -664 352
448894 20 2 -736 382
454684 20 2 -704 352
460548 20 2 -608 342
466489 20 2 -700 368
472505 20 2 -724 370
478600 20 2 -684 348
484773 20 2 -752 388
491025 20 2 -728 380
497358 20 2 -736 380
503773 20 2 -664 344
510271 20 2 -692 370
516852 20 2 -716 378
523519 20 2 -712 374
530271 20 2 -728 380
537111 20 2 -728 380
544038 20 2 -736 384
551055 20 2 -732 382
558163 20 2 -776 392
565362 20 2 -716 372
572654 20 2 -728 374
580040 20 2 -736 382
587521 20 2 -756 384
595099 20 2 -760 390
602775 20 2 -708 376
610549 20 2 -688 368
618424 20 2 -760 390
626400 20 2 -648 354
634480 20 2 -696 356
642663 20 2 -720 374
650952 20 2 -644 338
659348 20 2 -696 366
667853 20 2 -744 382
676467 20 2 -716 370
685192 20 2 -724 368
694029 20 2 -716 378
702981 20 2 -712 372
712048 20 2 -732 374
721232 20 2 -716 370
730534 20 2 -660 336
739957 20 2 -708 368
749500 20 2 -740 382
759168 20 2 -652 350
768959 20 2 -732 382
778877 20 2 -688 362
788923 20 2 -732 380
799099 20 2 -708 372
809405 20 2 -736 378
819845 20 2 -716 370
830419 20 2 -752 386
841130 20 2 -720 378
851979 20 2 -672 360
862968 20 2 -740 382
874098 20 2 -704 350
885373 20 2 -736 380
896792 20 2 -692 358
908359 20 2 -672 364
920075 20 2 -736 382
931942 20 2 -672 360
943962 20 2 -704 370
956137 20 2 -652 344
968470 20 2 -704 370
980961 20 2 -700 362
993613 20 2 -712 366
999999 20 2 -644 348
