3 60 2 -6280 3304
4 60 2 -6428 3356
5 60 2 -6424 3348
6 60 2 -6464 3360
7 60 2 -6256 3296
8 60 2 -6268 3282
9 60 2 -6264 3290
10 60 2 -6240 3270
11 60 2 -6272 3294
12 60 2 -6228 3230
13 60 2 -6180 3188
14 60 2 -6216 3206
15 60 2 -6268 3278
16 60 2 -6304 3300
17 60 2 -6336 3320
18 60 2 -6292 3278
19 60 2 -6208 3234
20 60 2 -6220 3266
21 60 2 -6168 3274
22 60 2 -6224 3304
23 60 2 -6192 3278
24 60 2 -6280 3292
25 60 2 -6280 3282
26 60 2 -6200 3256
27 60 2 -6304 3288
28 60 2 -6264 3280
29 60 2 -6304 3322
30 60 2 -6288 3300
31 60 2 -6428 3348
32 60 2 -6392 3338
33 60 2 -6364 3344
34 60 2 -6348 3328
35 60 2 -6336 3322
36 60 2 -6256 3270
37 60 2 -6244 3284
38 60 2 -6304 3306
39 60 2 -6300 3278
40 60 2 -6328 3296
41 60 2 -6324 3286
42 60 2 -6240 3266
43 60 2 -6204 3248
44 60 2 -6296 3280
45 60 2 -6356 3304
46 60 2 -6312 3284
47 60 2 -6280 3296
48 60 2 -6200 3252
49 60 2 -6148 3282
50 60 2 -6312 3306
51 60 2 -6332 3340
52 60 2 -6268 3306
53 60 2 -6232 3274
54 60 2 -6360 3328
55 60 2 -6352 3302
56 60 2 -6204 3250
57 60 2 -6280 3282
58 60 2 -6280 3276
59 60 2 -6440 3340
60 60 2 -6460 3336
61 60 2 -6380 3320
62 60 2 -6368 3304
63 60 2 -6344 3292
64 60 2 -6300 3264
65 60 2 -6248 3254
66 60 2 -6200 3232
67 60 2 -6216 3278
68 60 2 -6368 3326
69 60 2 -6324 3318
70 60 2 -6392 3336
71 60 2 -6328 3312
72 60 2 -6356 3320
73 60 2 -6340 3312
74 60 2 -6280 3296
75 60 2 -6216 3262
76 60 2 -6276 3280
77 60 2 -6220 3260
78 60 2 -6320 3302
79 60 2 -6284 3290
80 60 2 -6328 3284
81 60 2 -6276 3260
82 60 2 -6272 3280
83 60 2 -6328 3318
84 60 2 -6248 3288
85 60 2 -6260 3284
86 60 2 -6376 3316
88 60 2 -6272 3252
89 60 2 -6236 3248
90 60 2 -6100 3224
91 60 2 -6168 3252
92 60 2 -6232 3278
93 60 2 -6192 3262
95 60 2 -6340 3306
96 60 2 -6396 3338
97 60 2 -6432 3354
98 60 2 -6444 3356
99 60 2 -6284 3298
101 60 2 -6200 3294
102 60 2 -6420 3334
103 60 2 -6316 3302
105 60 2 -6300 3290
106 60 2 -6316 3306
107 60 2 -6316 3304
109 60 2 -6472 3358
110 60 2 -6436 3340
112 60 2 -6108 3234
113 60 2 -6180 3232
114 60 2 -6120 3216
116 60 2 -6284 3280
117 60 2 -6268 3284
119 60 2 -6232 3274
120 60 2 -6224 3258
122 60 2 -6244 3262
124 60 2 -6120 3214
125 60 2 -6124 3256
127 60 2 -6360 3338
128 60 2 -6376 3332
130 60 2 -6380 3336
132 60 2 -6344 3302
133 60 2 -6404 3306
135 60 2 -6416 3322
137 60 2 -6440 3358
139 60 2 -6460 3354
140 60 2 -6480 3370
142 60 2 -6544 3400
144 60 2 -6352 3310
146 60 2 -6356 3320
148 60 2 -6304 3304
150 60 2 -6384 3340
152 60 2 -6340 3304
154 60 2 -6248 3266
155 60 2 -6180 3238
157 60 2 -6232 3250
160 60 2 -6168 3214
162 60 2 -6140 3214
164 60 2 -6288 3304
166 60 2 -6440 3336
168 60 2 -6328 3268
170 60 2 -6384 3328
172 60 2 -6060 3212
174 60 2 -6244 3290
177 60 2 -6212 3252
179 60 2 -6268 3272
181 60 2 -6096 3194
184 60 2 -6372 3330
186 60 2 -6260 3278
188 60 2 -6316 3290
191 60 2 -6272 3278
193 60 2 -6236 3254
196 60 2 -6300 3250
198 60 2 -6204 3228
201 60 2 -6248 3274
203 60 2 -6196 3252
206 60 2 -6384 3328
209 60 2 -6444 3346
211 60 2 -6316 3286
214 60 2 -6264 3282
217 60 2 -6372 3324
220 60 2 -6160 3244
222 60 2 -6120 3250
225 60 2 -6412 3352
228 60 2 -6360 3318
231 60 2 -6316 3322
234 60 2 -6344 3314
237 60 2 -6292 3314
240 60 2 -6368 3336
243 60 2 -6384 3302
246 60 2 -6524 3380
250 60 2 -6316 3312
253 60 2 -6308 3272
256 60 2 -6240 3208
259 60 2 -6228 3270
263 60 2 -6220 3260
266 60 2 -6336 3264
269 60 2 -6256 3272
273 60 2 -6196 3230
276 60 2 -6144 3242
280 60 2 -6196 3284
284 60 2 -6388 3350
287 60 2 -6404 3356
291 60 2 -6424 3340
295 60 2 -6460 3350
298 60 2 -6284 3306
302 60 2 -6292 3256
306 60 2 -6120 3254
310 60 2 -6492 3396
314 60 2 -6324 3320
318 60 2 -6380 3348
322 60 2 -6168 3252
326 60 2 -6420 3318
331 60 2 -6408 3348
335 60 2 -6288 3294
339 60 2 -6516 3352
344 60 2 -6408 3336
348 60 2 -6308 3288
352 60 2 -6260 3242
357 60 2 -6212 3170
362 60 2 -6220 3226
366 60 2 -6272 3292
371 60 2 -6200 3228
376 60 2 -6384 3316
381 60 2 -6316 3300
385 60 2 -6316 3312
390 60 2 -6408 3332
395 60 2 -6184 3274
401 60 2 -6176 3196
406 60 2 -6204 3224
411 60 2 -6328 3278
416 60 2 -6404 3346
422 60 2 -6524 3386
427 60 2 -6364 3340
433 60 2 -6156 3250
438 60 2 -6200 3236
444 60 2 -6268 3256
449 60 2 -6068 3188
455 60 2 -6508 3340
461 60 2 -6216 3258
467 60 2 -6268 3274
473 60 2 -6212 3214
479 60 2 -6084 3162
485 60 2 -6264 3230
492 60 2 -6352 3298
498 60 2 -6312 3246
504 60 2 -6096 3208
511 60 2 -6332 3298
517 60 2 -6088 3190
524 60 2 -6340 3298
531 60 2 -6296 3280
538 60 2 -6380 3322
545 60 2 -6320 3290
552 60 2 -6260 3284
559 60 2 -6228 3250
566 60 2 -6420 3358
573 60 2 -6240 3248
581 60 2 -6420 3344
588 60 2 -6500 3372
596 60 2 -6180 3248
603 60 2 -6184 3284
611 60 2 -6236 3274
619 60 2 -6400 3342
627 60 2 -6444 3362
635 60 2 -6492 3372
643 60 2 -6272 3282
652 60 2 -6244 3216
660 60 2 -6360 3294
668 60 2 -6476 3358
677 60 2 -6296 3308
686 60 2 -6272 3274
695 60 2 -6456 3364
704 60 2 -6216 3270
713 60 2 -6240 3284
722 60 2 -6296 3304
731 60 2 -6124 3206
741 60 2 -6220 3272
750 60 2 -6388 3346
760 60 2 -6324 3314
770 60 2 -6236 3236
780 60 2 -6092 3190
790 60 2 -6148 3230
800 60 2 -6372 3342
810 60 2 -6292 3292
821 60 2 -6296 3270
831 60 2 -6308 3304
842 60 2 -6364 3322
853 60 2 -6124 3250
864 60 2 -6144 3182
875 60 2 -6316 3314
886 60 2 -6416 3340
897 60 2 -6352 3310
909 60 2 -6364 3324
921 60 2 -6200 3238
933 60 2 -6360 3314
945 60 2 -6476 3354
957 60 2 -6304 3314
969 60 2 -6272 3286
982 60 2 -6392 3304
994 60 2 -6344 3322
1007 60 2 -6156 3264
1020 60 2 -6136 3236
1033 60 2 -6336 3306
1047 60 2 -6264 3282
1060 60 2 -6036 3198
1074 60 2 -6292 3312
1088 60 2 -6256 3284
1102 60 2 -6288 3242
1116 60 2 -6360 3326
1130 60 2 -6260 3220
1145 60 2 -6500 3348
1160 60 2 -6328 3306
1174 60 2 -6176 3196
1190 60 2 -6276 3324
1205 60 2 -6408 3328
1220 60 2 -6184 3230
1236 60 2 -6264 3226
1252 60 2 -6252 3288
1268 60 2 -6388 3330
1285 60 2 -6232 3262
1301 60 2 -6340 3304
1318 60 2 -6328 3322
1335 60 2 -6452 3354
1352 60 2 -6536 3382
1370 60 2 -6360 3290
1387 60 2 -6224 3254
1405 60 2 -6248 3244
1423 60 2 -6296 3322
1442 60 2 -6260 3292
1460 60 2 -6348 3318
1479 60 2 -6148 3240
1498 60 2 -6196 3254
1517 60 2 -6360 3336
1537 60 2 -6408 3336
1557 60 2 -6364 3308
1577 60 2 -6208 3232
1597 60 2 -6280 3328
1618 60 2 -6304 3314
1639 60 2 -6336 3344
1660 60 2 -6208 3210
1681 60 2 -6384 3326
1703 60 2 -6304 3268
1725 60 2 -6208 3216
1747 60 2 -6184 3158
1770 60 2 -6256 3202
1792 60 2 -6196 3254
1816 60 2 -6248 3260
1839 60 2 -6416 3342
1863 60 2 -6040 3208
1887 60 2 -6312 3288
1911 60 2 -6276 3264
1936 60 2 -6304 3314
1961 60 2 -6192 3254
1986 60 2 -6184 3250
2012 60 2 -6200 3248
2037 60 2 -6376 3306
2064 60 2 -6160 3198
2090 60 2 -6416 3308
2117 60 2 -6172 3244
2145 60 2 -6372 3304
2172 60 2 -6264 3282
2200 60 2 -6372 3306
2229 60 2 -6316 3250
2257 60 2 -6216 3270
2286 60 2 -6296 3244
2316 60 2 -6324 3322
2346 60 2 -6280 3254
2376 60 2 -6288 3294
2407 60 2 -6280 3308
2438 60 2 -6432 3352
2469 60 2 -6172 3232
2501 60 2 -6336 3330
2533 60 2 -6220 3260
2566 60 2 -6524 3392
2599 60 2 -6324 3322
2633 60 2 -6456 3366
2667 60 2 -6252 3276
2701 60 2 -6160 3120
2736 60 2 -6280 3290
2771 60 2 -6160 3238
2807 60 2 -6096 3154
2843 60 2 -6376 3346
2880 60 2 -6276 3282
2917 60 2 -6352 3322
2954 60 2 -6192 3264
2992 60 2 -6176 3236
3031 60 2 -6380 3328
3070 60 2 -6220 3258
3110 60 2 -6364 3332
3150 60 2 -6360 3318
3190 60 2 -6388 3346
3232 60 2 -6144 3158
3273 60 2 -6328 3334
3315 60 2 -6124 3208
3358 60 2 -6388 3322
3402 60 2 -6176 3260
3445 60 2 -6264 3256
3490 60 2 -6308 3268
3535 60 2 -6232 3256
3580 60 2 -6188 3214
3627 60 2 -6256 3282
3673 60 2 -6220 3278
3721 60 2 -6096 3226
3769 60 2 -6324 3316
3817 60 2 -6212 3248
3867 60 2 -6236 3234
3916 60 2 -6244 3282
3967 60 2 -6260 3286
4018 60 2 -6352 3340
4070 60 2 -6248 3306
4122 60 2 -6144 3224
4176 60 2 -6220 3226
4229 60 2 -6304 3308
4284 60 2 -6520 3396
4339 60 2 -6300 3280
4395 60 2 -6240 3212
4452 60 2 -6248 3252
4509 60 2 -6228 3264
4567 60 2 -6364 3298
4626 60 2 -6304 3290
4686 60 2 -6212 3234
4746 60 2 -6216 3256
4808 60 2 -6380 3322
4870 60 2 -6092 3156
4932 60 2 -6468 3334
4996 60 2 -6364 3288
5060 60 2 -6428 3344
5126 60 2 -6128 3198
5192 60 2 -6324 3316
5259 60 2 -6288 3288
5327 60 2 -6324 3318
5395 60 2 -6304 3232
5465 60 2 -6292 3276
5535 60 2 -6132 3228
5607 60 2 -6140 3204
5679 60 2 -6360 3288
5752 60 2 -6244 3270
5826 60 2 -6188 3254
5902 60 2 -6392 3308
5978 60 2 -6324 3306
6055 60 2 -6132 3184
6133 60 2 -6132 3234
6212 60 2 -6408 3330
6292 60 2 -6344 3308
6373 60 2 -6412 3344
6455 60 2 -6188 3212
6539 60 2 -6292 3314
6623 60 2 -6236 3290
6708 60 2 -6308 3278
6795 60 2 -6272 3180
6883 60 2 -6168 3216
6971 60 2 -6264 3264
7061 60 2 -6260 3310
7152 60 2 -6468 3368
7245 60 2 -6180 3158
7338 60 2 -6216 3262
7433 60 2 -6396 3338
7529 60 2 -6380 3338
7626 60 2 -6316 3298
7724 60 2 -6212 3248
7824 60 2 -6148 3216
7925 60 2 -6236 3280
8027 60 2 -6380 3308
8130 60 2 -6392 3302
8235 60 2 -6388 3316
8341 60 2 -6276 3280
8449 60 2 -6268 3260
8558 60 2 -6344 3316
8668 60 2 -6088 3180
8780 60 2 -6380 3340
8893 60 2 -6292 3280
9008 60 2 -6152 3218
9124 60 2 -6316 3296
9242 60 2 -6248 3258
9361 60 2 -6136 3218
9482 60 2 -6468 3360
9604 60 2 -6072 3148
9728 60 2 -6156 3210
9853 60 2 -6252 3282
9980 60 2 -6352 3344
10109 60 2 -6444 3348
10240 60 2 -6204 3220
10372 60 2 -6188 3252
10505 60 2 -6480 3354
10641 60 2 -6332 3326
10778 60 2 -6432 3286
10917 60 2 -6312 3292
11058 60 2 -6044 3170
11201 60 2 -6140 3204
11345 60 2 -6348 3324
11491 60 2 -6344 3320
11640 60 2 -6332 3308
11790 60 2 -6376 3312
11942 60 2 -6256 3282
12096 60 2 -6240 3270
12252 60 2 -6272 3256
12410 60 2 -6156 3204
12570 60 2 -6288 3290
12732 60 2 -6204 3218
12896 60 2 -6296 3274
13062 60 2 -6292 3302
13231 60 2 -6248 3278
13402 60 2 -6232 3248
13574 60 2 -6296 3314
13750 60 2 -6248 3280
13927 60 2 -6336 3302
14106 60 2 -6224 3260
14288 60 2 -6092 3164
14473 60 2 -6136 3234
14659 60 2 -6200 3272
14848 60 2 -6440 3362
15040 60 2 -6248 3278
15234 60 2 -6320 3288
15430 60 2 -6224 3282
15629 60 2 -6516 3372
15831 60 2 -6044 3130
16035 60 2 -6228 3294
16242 60 2 -6224 3264
16451 60 2 -6212 3254
16664 60 2 -6300 3310
16879 60 2 -6416 3352
17096 60 2 -6220 3218
17317 60 2 -6388 3318
17540 60 2 -6400 3336
17766 60 2 -6056 3180
17995 60 2 -6320 3296
18228 60 2 -6212 3218
18463 60 2 -6304 3278
18701 60 2 -6108 3218
18942 60 2 -6288 3314
19186 60 2 -6280 3302
19434 60 2 -6176 3248
19684 60 2 -6244 3256
19938 60 2 -6372 3332
20195 60 2 -6344 3322
20456 60 2 -6344 3318
20720 60 2 -6252 3254
20987 60 2 -6172 3254
21258 60 2 -6340 3308
21532 60 2 -6364 3318
21810 60 2 -6288 3306
22091 60 2 -6364 3336
22376 60 2 -6372 3338
22664 60 2 -6236 3276
22957 60 2 -6200 3252
23253 60 2 -6256 3312
23553 60 2 -6440 3330
23856 60 2 -6420 3362
24164 60 2 -6356 3294
24476 60 2 -6200 3258
24791 60 2 -6180 3226
25111 60 2 -6368 3340
25435 60 2 -6336 3294
25763 60 2 -6384 3330
26095 60 2 -6184 3202
26432 60 2 -6408 3368
26773 60 2 -6256 3224
27118 60 2 -6188 3260
27468 60 2 -6196 3254
27822 60 2 -6192 3222
28181 60 2 -6476 3308
28545 60 2 -6260 3270
28913 60 2 -6216 3242
29286 60 2 -6220 3262
29663 60 2 -6384 3326
30046 60 2 -6348 3328
30434 60 2 -6368 3272
30826 60 2 -6376 3320
31224 60 2 -6200 3228
31626 60 2 -6288 3294
32034 60 2 -6164 3208
32447 60 2 -6228 3240
32866 60 2 -6288 3268
33290 60 2 -6280 3312
33719 60 2 -6384 3350
34154 60 2 -6400 3342
34595 60 2 -6328 3312
35041 60 2 -6236 3308
35493 60 2 -6500 3368
35951 60 2 -6380 3344
36414 60 2 -6348 3334
36884 60 2 -6292 3290
37360 60 2 -6160 3236
37841 60 2 -6148 3178
38330 60 2 -6332 3288
38824 60 2 -6412 3320
39325 60 2 -6284 3290
39832 60 2 -6304 3296
40346 60 2 -6400 3358
40866 60 2 -6216 3270
41393 60 2 -6208 3254
41927 60 2 -6172 3258
42468 60 2 -6220 3284
43015 60 2 -6208 3256
43570 60 2 -6204 3260
44132 60 2 -6212 3260
44701 60 2 -6236 3260
45278 60 2 -6112 3148
45862 60 2 -6360 3326
46453 60 2 -6332 3324
47053 60 2 -6396 3322
47660 60 2 -6280 3300
48274 60 2 -6364 3324
48897 60 2 -6288 3296
49528 60 2 -6316 3298
50166 60 2 -6496 3384
50813 60 2 -6452 3338
51469 60 2 -6380 3332
52133 60 2 -6280 3274
52805 60 2 -6252 3292
53486 60 2 -6476 3384
54176 60 2 -6372 3318
54875 60 2 -6304 3276
55582 60 2 -6132 3226
56299 60 2 -6468 3368
57025 60 2 -6392 3330
57761 60 2 -6360 3340
58506 60 2 -6192 3246
59261 60 2 -6212 3260
60025 60 2 -6268 3280
60799 60 2 -6180 3214
61583 60 2 -6420 3352
62378 60 2 -6336 3288
63182 60 2 -6144 3162
63997 60 2 -6212 3212
64822 60 2 -6228 3286
65658 60 2 -6260 3278
66505 60 2 -6296 3318
67363 60 2 -6236 3236
68232 60 2 -6200 3234
69112 60 2 -6192 3272
70003 60 2 -6152 3194
70906 60 2 -6136 3190
71821 60 2 -6296 3308
72747 60 2 -6356 3292
73685 60 2 -6336 3324
74636 60 2 -6384 3332
75599 60 2 -6172 3240
76574 60 2 -6332 3296
77561 60 2 -6188 3242
78562 60 2 -6228 3226
79575 60 2 -6204 3280
80601 60 2 -6156 3230
81641 60 2 -6092 3084
82694 60 2 -6300 3300
83760 60 2 -6276 3296
84841 60 2 -6324 3324
85935 60 2 -6224 3296
87043 60 2 -6152 3208
88166 60 2 -6428 3336
89303 60 2 -6276 3258
90455 60 2 -6360 3330
91622 60 2 -6300 3316
92803 60 2 -6352 3310
94000 60 2 -6328 3296
95213 60 2 -6200 3256
96441 60 2 -6500 3368
97685 60 2 -6420 3372
98945 60 2 -6132 3196
100221 60 2 -6416 3364
101513 60 2 -6328 3294
102823 60 2 -6428 3358
104149 60 2 -6336 3330
105492 60 2 -6332 3294
106853 60 2 -6140 3252
108231 60 2 -6304 3252
109627 60 2 -6156 3264
111041 60 2 -6132 3204
112473 60 2 -6188 3232
113924 60 2 -6212 3254
115393 60 2 -6244 3288
116882 60 2 -6448 3326
118389 60 2 -6300 3308
119916 60 2 -6252 3282
121463 60 2 -6348 3320
123029 60 2 -6284 3234
124616 60 2 -6160 3226
126224 60 2 -6396 3352
127852 60 2 -6348 3318
129501 60 2 -6364 3318
131171 60 2 -6364 3318
132863 60 2 -6356 3294
134576 60 2 -6280 3312
136312 60 2 -6268 3296
138070 60 2 -6416 3310
139851 60 2 -6280 3304
141655 60 2 -6324 3328
143482 60 2 -6384 3338
145333 60 2 -6340 3336
147207 60 2 -5996 3162
149106 60 2 -6420 3368
151029 60 2 -6284 3294
152977 60 2 -6200 3270
154950 60 2 -6432 3338
156948 60 2 -6436 3338
158973 60 2 -6428 3362
161023 60 2 -6168 3232
163100 60 2 -6348 3316
165204 60 2 -6148 3192
167334 60 2 -6372 3344
169493 60 2 -6220 3234
171679 60 2 -6216 3288
173893 60 2 -6352 3286
176136 60 2 -6348 3336
178408 60 2 -6320 3316
180709 60 2 -6348 3306
183040 60 2 -6392 3310
185400 60 2 -6128 3226
187792 60 2 -6296 3316
190214 60 2 -6204 3274
192667 60 2 -6264 3254
195152 60 2 -6244 3294
197669 60 2 -6476 3370
200219 60 2 -6148 3202
202801 60 2 -6236 3256
205417 60 2 -6296 3274
208066 60 2 -6084 3210
210750 60 2 -6188 3262
213468 60 2 -6192 3258
216222 60 2 -6180 3180
219010 60 2 -6344 3228
221835 60 2 -6404 3352
224696 60 2 -6316 3316
227595 60 2 -6212 3282
230530 60 2 -6356 3306
233503 60 2 -6248 3206
236515 60 2 -6308 3308
239566 60 2 -6304 3300
242656 60 2 -6340 3326
245785 60 2 -6360 3330
248956 60 2 -6084 3220
252167 60 2 -6172 3194
255419 60 2 -6412 3334
258713 60 2 -6192 3232
262050 60 2 -6264 3224
265430 60 2 -6404 3358
268854 60 2 -6140 3208
272321 60 2 -6292 3290
275834 60 2 -6276 3288
279391 60 2 -6400 3336
282995 60 2 -6156 3176
286645 60 2 -5960 3140
290342 60 2 -6480 3334
294087 60 2 -6172 3198
297880 60 2 -6236 3250
301722 60 2 -6168 3222
305614 60 2 -6408 3342
309556 60 2 -6200 3256
313548 60 2 -6328 3322
317592 60 2 -6376 3328
321689 60 2 -6232 3248
325838 60 2 -6292 3262
330040 60 2 -6312 3262
334297 60 2 -6140 3194
338609 60 2 -6220 3240
342976 60 2 -6200 3284
347400 60 2 -6116 3178
351881 60 2 -6428 3358
356419 60 2 -6356 3332
361016 60 2 -6444 3352
365673 60 2 -6268 3272
370389 60 2 -6192 3224
375167 60 2 -6324 3296
380005 60 2 -6276 3288
384907 60 2 -6216 3264
389871 60 2 -6312 3238
394900 60 2 -6180 3238
399993 60 2 -6448 3380
405152 60 2 -6340 3316
410378 60 2 -6244 3250
415671 60 2 -6336 3336
421032 60 2 -6172 3186
426463 60 2 -6376 3314
431963 60 2 -6372 3328
437535 60 2 -6296 3288
443178 60 2 -6364 3326
448894 60 2 -6356 3284
454684 60 2 -6268 3292
460548 60 2 -6168 3244
466489 60 2 -6136 3260
472505 60 2 -6300 3296
478600 60 2 -6260 3278
484773 60 2 -6320 3306
491025 60 2 -6100 3208
497358 60 2 -6272 3240
503773 60 2 -6108 3228
510271 60 2 -6064 3140
516852 60 2 -6252 3286
523519 60 2 -6240 3274
530271 60 2 -6436 3358
537111 60 2 -6188 3212
544038 60 2 -6124 3214
551055 60 2 -6508 3358
558163 60 2 -6352 3292
565362 60 2 -6188 3198
572654 60 2 -6128 3252
580040 60 2 -6228 3222
587521 60 2 -6428 3356
595099 60 2 -6140 3206
602775 60 2 -6364 3322
610549 60 2 -6244 3284
618424 60 2 -6316 3300
626400 60 2 -6416 3302
634480 60 2 -6196 3026
642663 60 2 -6368 3318
650952 60 2 -6156 3240
659348 60 2 -5976 3152
667853 60 2 -6316 3282
676467 60 2 -6008 3128
685192 60 2 -6324 3304
694029 60 2 -6232 3264
702981 60 2 -6480 3370
712048 60 2 -6564 3410
721232 60 2 -6468 3354
730534 60 2 -6104 3210
739957 60 2 -6208 3272
749500 60 2 -6224 3246
759168 60 2 -6184 3260
768959 60 2 -6336 3298
778877 60 2 -6304 3272
788923 60 2 -6288 3298
799099 60 2 -6248 3284
809405 60 2 -6272 3298
819845 60 2 -6140 3212
830419 60 2 -6184 3232
841130 60 2 -6352 3340
851979 60 2 -6176 3206
862968 60 2 -6440 3350
874098 60 2 -6200 3276
885373 60 2 -6356 3320
896792 60 2 -6292 3298
908359 60 2 -6272 3266
920075 60 2 -6256 3306
931942 60 2 -6308 3298
943962 60 2 -6412 3342
956137 60 2 -6264 3288
968470 60 2 -6236 3230
980961 60 2 -6244 3224
993613 60 2 -6128 3186
999999 60 2 -6336 3322
