3 140 2.3 -33040 17642
4 140 2.3 -32028 17228
5 140 2.3 -31796 17016
6 140 2.3 -31376 16858
7 140 2.3 -31156 16702
8 140 2.3 -30924 16566
9 140 2.3 -30588 16368
10 140 2.3 -30380 16174
11 140 2.3 -30336 16126
12 140 2.3 -29864 15968
13 140 2.3 -30184 15926
14 140 2.3 -29992 15920
15 140 2.3 -29876 15752
16 140 2.3 -29456 15662
17 140 2.3 -29468 15538
18 140 2.3 -29808 15648
19 140 2.3 -29128 15276
20 140 2.3 -28952 15304
21 140 2.3 -29156 15240
22 140 2.3 -29052 15190
23 140 2.3 -28768 15142
24 140 2.3 -28688 15022
25 140 2.3 -28544 14810
26 140 2.3 -28352 14714
27 140 2.3 -28524 14706
28 140 2.3 -28428 14594
29 140 2.3 -28268 14382
30 140 2.3 -28360 14528
31 140 2.3 -28284 14652
32 140 2.3 -28416 14664
33 140 2.3 -28348 14536
34 140 2.3 -28636 14566
35 140 2.3 -28660 14600
36 140 2.3 -28684 14694
37 140 2.3 -28500 14726
38 140 2.3 -28528 14636
39 140 2.3 -28524 14652
40 140 2.3 -28796 14678
41 140 2.3 -28712 14542
42 140 2.3 -28480 14560
43 140 2.3 -28464 14580
44 140 2.3 -28424 14550
45 140 2.3 -28636 14532
46 140 2.3 -28468 14574
47 140 2.3 -28624 14580
48 140 2.3 -28672 14774
49 140 2.3 -28908 14890
50 140 2.3 -28540 14660
51 140 2.3 -28564 14682
52 140 2.3 -28516 14680
53 140 2.3 -28384 14630
54 140 2.3 -28520 14662
55 140 2.3 -28660 14634
56 140 2.3 -28680 14716
57 140 2.3 -29176 14878
58 140 2.3 -28824 14770
59 140 2.3 -28956 14800
60 140 2.3 -28612 14676
61 140 2.3 -28412 14708
62 140 2.3 -27920 14428
63 140 2.3 -28072 14388
64 140 2.3 -28152 14386
65 140 2.3 -28272 14266
66 140 2.3 -28348 14414
67 140 2.3 -28828 14638
68 140 2.3 -28800 14576
69 140 2.3 -28692 14652
70 140 2.3 -28624 14542
71 140 2.3 -28760 14658
72 140 2.3 -28304 14394
73 140 2.3 -28524 14522
74 140 2.3 -28504 14624
75 140 2.3 -28208 14418
76 140 2.3 -28256 14358
77 140 2.3 -28316 14224
78 140 2.3 -28324 14186
79 140 2.3 -28236 14176
80 140 2.3 -28128 13958
81 140 2.3 -28532 14108
82 140 2.3 -28572 14058
83 140 2.3 -28392 14068
84 140 2.3 -27832 14018
85 140 2.3 -27720 14044
86 140 2.3 -28428 14394
88 140 2.3 -28464 14522
89 140 2.3 -28492 14506
90 140 2.3 -28292 14384
91 140 2.3 -28468 14368
92 140 2.3 -28380 14266
93 140 2.3 -27896 14162
95 140 2.3 -28220 14264
96 140 2.3 -28100 14084
97 140 2.3 -27840 13926
98 140 2.3 -27844 13842
99 140 2.3 -27888 13710
101 140 2.3 -28252 13776
102 140 2.3 -28240 13840
103 140 2.3 -28528 13964
105 140 2.3 -28300 13784
106 140 2.3 -28380 13598
107 140 2.3 -28320 13552
109 140 2.3 -27544 13216
110 140 2.3 -27300 13180
112 140 2.3 -27912 13374
113 140 2.3 -27616 13340
114 140 2.3 -27460 13206
116 140 2.3 -27708 13178
117 140 2.3 -27464 13160
119 140 2.3 -26760 12712
120 140 2.3 -27168 12868
122 140 2.3 -27464 13000
124 140 2.3 -27628 13114
125 140 2.3 -27508 12918
127 140 2.3 -27400 12888
128 140 2.3 -27216 12676
130 140 2.3 -27448 12880
132 140 2.3 -27588 12794
133 140 2.3 -27428 12748
135 140 2.3 -27740 12476
137 140 2.3 -27432 12438
139 140 2.3 -27608 12666
140 140 2.3 -27372 12512
142 140 2.3 -27708 12754
144 140 2.3 -27692 12904
146 140 2.3 -27548 12870
148 140 2.3 -27640 12878
150 140 2.3 -27496 12820
152 140 2.3 -27784 12954
154 140 2.3 -27524 12862
155 140 2.3 -27400 12722
157 140 2.3 -26984 12420
160 140 2.3 -27160 12438
162 140 2.3 -27044 12512
164 140 2.3 -27416 12704
166 140 2.3 -27544 12714
168 140 2.3 -27152 12496
170 140 2.3 -27284 12692
172 140 2.3 -27548 12460
174 140 2.3 -27524 12504
177 140 2.3 -27508 12574
179 140 2.3 -27548 12438
181 140 2.3 -27336 12174
184 140 2.3 -27864 12692
186 140 2.3 -28044 12754
188 140 2.3 -27636 12724
191 140 2.3 -27412 12600
193 140 2.3 -27468 12434
196 140 2.3 -27404 12372
198 140 2.3 -27300 12350
201 140 2.3 -27052 12010
203 140 2.3 -27092 12126
206 140 2.3 -27412 12152
209 140 2.3 -27260 12374
211 140 2.3 -27536 12622
214 140 2.3 -27180 12200
217 140 2.3 -26916 12132
220 140 2.3 -27088 12116
222 140 2.3 -27320 12092
225 140 2.3 -27240 12004
228 140 2.3 -27008 11706
231 140 2.3 -26712 11820
234 140 2.3 -26508 11602
237 140 2.3 -26316 11620
240 140 2.3 -27060 12076
243 140 2.3 -27224 11910
246 140 2.3 -27628 11944
250 140 2.3 -26924 11578
253 140 2.3 -27232 11962
256 140 2.3 -27288 12026
259 140 2.3 -27244 11912
263 140 2.3 -27524 12118
266 140 2.3 -27440 11990
269 140 2.3 -27216 11912
273 140 2.3 -26852 11622
276 140 2.3 -27100 11498
280 140 2.3 -27188 11450
284 140 2.3 -27220 11508
287 140 2.3 -27252 11616
291 140 2.3 -26760 11614
295 140 2.3 -26344 10876
298 140 2.3 -26376 10812
302 140 2.3 -26540 11124
306 140 2.3 -26916 11488
310 140 2.3 -26608 11280
314 140 2.3 -27184 11460
318 140 2.3 -26644 11290
322 140 2.3 -27032 11542
326 140 2.3 -27112 11354
331 140 2.3 -26672 11292
335 140 2.3 -26948 10978
339 140 2.3 -27112 11044
344 140 2.3 -27132 11398
348 140 2.3 -26960 11650
352 140 2.3 -27336 11458
357 140 2.3 -26728 11256
362 140 2.3 -27404 11268
366 140 2.3 -27328 11350
371 140 2.3 -26808 11510
376 140 2.3 -26688 11190
381 140 2.3 -26788 11238
385 140 2.3 -27092 11142
390 140 2.3 -27000 11592
395 140 2.3 -27124 11770
401 140 2.3 -27300 11824
406 140 2.3 -27108 11720
411 140 2.3 -27692 11676
416 140 2.3 -27324 11186
422 140 2.3 -26932 10832
427 140 2.3 -27080 10828
433 140 2.3 -27288 10966
438 140 2.3 -26796 10894
444 140 2.3 -26532 10512
449 140 2.3 -26660 10728
455 140 2.3 -26496 10672
461 140 2.3 -26248 10586
467 140 2.3 -26740 10678
473 140 2.3 -26488 10554
479 140 2.3 -26420 10636
485 140 2.3 -26568 10338
492 140 2.3 -26784 11052
498 140 2.3 -27040 10602
504 140 2.3 -26540 10088
511 140 2.3 -26700 10536
517 140 2.3 -26940 10264
524 140 2.3 -27160 9936
531 140 2.3 -26868 10144
538 140 2.3 -26340 10056
545 140 2.3 -26492 9826
552 140 2.3 -26268 10372
559 140 2.3 -27092 10502
566 140 2.3 -26828 10316
573 140 2.3 -26480 9800
581 140 2.3 -26944 10682
588 140 2.3 -26860 10332
596 140 2.3 -26764 10184
603 140 2.3 -26816 9948
611 140 2.3 -26772 10100
619 140 2.3 -27036 10358
627 140 2.3 -27132 10182
635 140 2.3 -27096 9696
643 140 2.3 -26736 9558
652 140 2.3 -26616 9540
660 140 2.3 -26500 9698
668 140 2.3 -26720 9976
677 140 2.3 -26956 9446
686 140 2.3 -26608 9410
695 140 2.3 -27176 9584
704 140 2.3 -26964 9182
713 140 2.3 -26800 8884
722 140 2.3 -27012 9358
731 140 2.3 -27080 9802
741 140 2.3 -26796 9500
750 140 2.3 -26504 9326
760 140 2.3 -26696 9972
770 140 2.3 -27012 10306
780 140 2.3 -27168 10954
790 140 2.3 -27300 11044
800 140 2.3 -27780 11414
810 140 2.3 -27428 11226
821 140 2.3 -27076 10932
831 140 2.3 -26524 10520
842 140 2.3 -26572 9886
853 140 2.3 -26668 10300
864 140 2.3 -26416 10250
875 140 2.3 -26740 10280
886 140 2.3 -27144 10234
897 140 2.3 -26996 10318
909 140 2.3 -26852 9916
921 140 2.3 -26848 9888
933 140 2.3 -27116 10220
945 140 2.3 -27144 10586
957 140 2.3 -26564 10410
969 140 2.3 -26712 10060
982 140 2.3 -27152 10472
994 140 2.3 -26644 9884
1007 140 2.3 -26104 9070
1020 140 2.3 -26548 8640
1033 140 2.3 -26248 8782
1047 140 2.3 -26676 9010
1060 140 2.3 -26884 9512
1074 140 2.3 -26568 9458
1088 140 2.3 -26428 9404
1102 140 2.3 -26784 9524
1116 140 2.3 -26840 9130
1130 140 2.3 -26728 9106
1145 140 2.3 -26764 9006
1160 140 2.3 -27068 9440
1174 140 2.3 -27104 9056
1190 140 2.3 -26892 8508
1205 140 2.3 -26380 8320
1220 140 2.3 -26844 8612
1236 140 2.3 -26932 8606
1252 140 2.3 -26892 8936
1268 140 2.3 -27788 9402
1285 140 2.3 -26324 8350
1301 140 2.3 -26872 8226
1318 140 2.3 -27192 8476
1335 140 2.3 -27444 8884
1352 140 2.3 -25844 8882
1370 140 2.3 -26780 9300
1387 140 2.3 -26912 9266
1405 140 2.3 -26740 9016
1423 140 2.3 -26464 9104
1442 140 2.3 -27040 9026
1460 140 2.3 -27088 8696
1479 140 2.3 -26120 8614
1498 140 2.3 -26288 8454
1517 140 2.3 -26764 8388
1537 140 2.3 -26524 8690
1557 140 2.3 -27128 8390
1577 140 2.3 -27112 8494
1597 140 2.3 -26812 8302
1618 140 2.3 -26956 8724
1639 140 2.3 -26440 8822
1660 140 2.3 -27232 9392
1681 140 2.3 -26700 8430
1703 140 2.3 -26308 7688
1725 140 2.3 -26340 7586
1747 140 2.3 -26768 7858
1770 140 2.3 -26228 7840
1792 140 2.3 -26464 7088
1816 140 2.3 -25396 6712
1839 140 2.3 -26008 6880
1863 140 2.3 -26084 7930
1887 140 2.3 -25880 7606
1911 140 2.3 -25976 8310
1936 140 2.3 -26028 8942
1961 140 2.3 -26664 8334
1986 140 2.3 -26480 8740
2012 140 2.3 -27100 8944
2037 140 2.3 -26980 8476
2064 140 2.3 -26488 8528
2090 140 2.3 -26760 9064
2117 140 2.3 -26152 8578
2145 140 2.3 -26444 8952
2172 140 2.3 -26980 9480
2200 140 2.3 -26652 10184
2229 140 2.3 -26816 10188
2257 140 2.3 -26860 10022
2286 140 2.3 -27132 10752
2316 140 2.3 -27380 11160
2346 140 2.3 -26264 9458
2376 140 2.3 -26812 9998
2407 140 2.3 -26968 10146
2438 140 2.3 -26648 9478
2469 140 2.3 -27044 9906
2501 140 2.3 -27056 8728
2533 140 2.3 -25888 7566
2566 140 2.3 -26316 8080
2599 140 2.3 -26540 8258
2633 140 2.3 -26844 8758
2667 140 2.3 -26716 8514
2701 140 2.3 -26404 8512
2736 140 2.3 -26848 8906
2771 140 2.3 -26812 7870
2807 140 2.3 -26316 7244
2843 140 2.3 -26280 6906
2880 140 2.3 -27036 7020
2917 140 2.3 -26316 7100
2954 140 2.3 -25880 6434
2992 140 2.3 -26768 7554
3031 140 2.3 -26216 7278
3070 140 2.3 -26364 8014
3110 140 2.3 -26184 7644
3150 140 2.3 -26096 6470
3190 140 2.3 -26772 7286
3232 140 2.3 -26708 8000
3273 140 2.3 -26904 7788
3315 140 2.3 -26432 7728
3358 140 2.3 -26448 7624
3402 140 2.3 -26428 6738
3445 140 2.3 -26752 6976
3490 140 2.3 -26636 7360
3535 140 2.3 -25336 6814
3580 140 2.3 -26824 8000
3627 140 2.3 -26396 7636
3673 140 2.3 -27044 7348
3721 140 2.3 -26764 8182
3769 140 2.3 -26352 8350
3817 140 2.3 -26384 8080
3867 140 2.3 -26596 8556
3916 140 2.3 -27220 9346
3967 140 2.3 -26780 9830
4018 140 2.3 -26180 9032
4070 140 2.3 -26920 9548
4122 140 2.3 -27056 10344
4176 140 2.3 -26580 9952
4229 140 2.3 -27012 10090
4284 140 2.3 -27004 10572
4339 140 2.3 -26864 9686
4395 140 2.3 -26648 9548
4452 140 2.3 -26696 9810
4509 140 2.3 -27600 11410
4567 140 2.3 -26996 10432
4626 140 2.3 -27036 10224
4686 140 2.3 -26056 8874
4746 140 2.3 -26480 9046
4808 140 2.3 -26828 7908
4870 140 2.3 -26816 7058
4932 140 2.3 -27156 8342
4996 140 2.3 -26396 8764
5060 140 2.3 -26468 8532
5126 140 2.3 -26508 6658
5192 140 2.3 -26252 7016
5259 140 2.3 -26388 7948
5327 140 2.3 -27164 8348
5395 140 2.3 -26816 7830
5465 140 2.3 -26796 8790
5535 140 2.3 -26644 8282
5607 140 2.3 -26276 8470
5679 140 2.3 -26360 8434
5752 140 2.3 -26340 8682
5826 140 2.3 -27528 10192
5902 140 2.3 -26672 9498
5978 140 2.3 -26776 9372
6055 140 2.3 -27220 8602
6133 140 2.3 -26136 8356
6212 140 2.3 -26320 8566
6292 140 2.3 -26296 7358
6373 140 2.3 -26520 6972
6455 140 2.3 -25936 6014
6539 140 2.3 -25288 5748
6623 140 2.3 -25620 6636
6708 140 2.3 -26616 7634
6795 140 2.3 -26336 7422
6883 140 2.3 -26016 6876
6971 140 2.3 -25856 6764
7061 140 2.3 -27040 8632
7152 140 2.3 -26668 9518
7245 140 2.3 -26804 9754
7338 140 2.3 -26928 9166
7433 140 2.3 -26116 10188
7529 140 2.3 -27228 10302
7626 140 2.3 -26376 9346
7724 140 2.3 -26544 9692
7824 140 2.3 -27032 10602
7925 140 2.3 -26660 9608
8027 140 2.3 -26664 9214
8130 140 2.3 -26772 8802
8235 140 2.3 -26260 8834
8341 140 2.3 -26672 10620
8449 140 2.3 -26328 8578
8558 140 2.3 -26860 8880
8668 140 2.3 -25992 5946
8780 140 2.3 -26188 5956
8893 140 2.3 -26256 5416
9008 140 2.3 -26484 7472
9124 140 2.3 -26452 6102
9242 140 2.3 -26872 4896
9361 140 2.3 -26196 1976
9482 140 2.3 -26172 72
9604 140 2.3 -26204 -1108
9728 140 2.3 -26488 -726
9853 140 2.3 -26320 1030
9980 140 2.3 -26236 -34
10109 140 2.3 -26532 -1690
10240 140 2.3 -27056 -2888
10372 140 2.3 -26676 -1106
10505 140 2.3 -26412 -46
10641 140 2.3 -25820 780
10778 140 2.3 -26136 3842
10917 140 2.3 -25404 3798
11058 140 2.3 -25828 3288
11201 140 2.3 -26032 3304
11345 140 2.3 -26484 4538
11491 140 2.3 -26624 4338
11640 140 2.3 -26432 5420
11790 140 2.3 -26344 4914
11942 140 2.3 -25872 4304
12096 140 2.3 -25340 4196
12252 140 2.3 -26056 4918
12410 140 2.3 -26256 4712
12570 140 2.3 -26796 5108
12732 140 2.3 -27228 6900
12896 140 2.3 -26612 8218
13062 140 2.3 -26816 8106
13231 140 2.3 -26884 7270
13402 140 2.3 -26428 6686
13574 140 2.3 -26504 6428
13750 140 2.3 -26596 6126
13927 140 2.3 -26588 5808
14106 140 2.3 -25920 2766
14288 140 2.3 -25720 2494
14473 140 2.3 -26144 5110
14659 140 2.3 -26240 5386
14848 140 2.3 -26532 4440
15040 140 2.3 -25600 2706
15234 140 2.3 -26444 2048
15430 140 2.3 -25696 1322
15629 140 2.3 -26348 3682
15831 140 2.3 -26828 4400
16035 140 2.3 -26200 5218
16242 140 2.3 -26404 3170
16451 140 2.3 -25828 3296
16664 140 2.3 -26748 1312
16879 140 2.3 -26532 1840
17096 140 2.3 -26200 2580
17317 140 2.3 -25812 2672
17540 140 2.3 -26124 1714
17766 140 2.3 -25632 3906
17995 140 2.3 -26960 2528
18228 140 2.3 -26280 1592
18463 140 2.3 -26240 3184
18701 140 2.3 -25784 4078
18942 140 2.3 -26020 2332
19186 140 2.3 -26964 3496
19434 140 2.3 -26556 2272
19684 140 2.3 -26804 4528
19938 140 2.3 -26820 6378
20195 140 2.3 -26208 1764
20456 140 2.3 -25696 2400
20720 140 2.3 -26184 2202
20987 140 2.3 -25488 2744
21258 140 2.3 -26032 4116
21532 140 2.3 -24924 3204
21810 140 2.3 -26600 4370
22091 140 2.3 -26028 4648
22376 140 2.3 -25728 2964
22664 140 2.3 -26132 3286
22957 140 2.3 -26640 5512
23253 140 2.3 -25688 5560
23553 140 2.3 -25844 7216
23856 140 2.3 -26732 7380
24164 140 2.3 -26060 7990
24476 140 2.3 -26600 6276
24791 140 2.3 -26136 8084
25111 140 2.3 -26036 7768
25435 140 2.3 -26128 8936
25763 140 2.3 -25948 7348
26095 140 2.3 -26164 4088
26432 140 2.3 -27396 8154
26773 140 2.3 -25764 6950
27118 140 2.3 -26404 7200
27468 140 2.3 -26964 4558
27822 140 2.3 -26532 5528
28181 140 2.3 -26280 4228
28545 140 2.3 -26168 4266
28913 140 2.3 -25360 1916
29286 140 2.3 -25816 3434
29663 140 2.3 -26180 -2256
30046 140 2.3 -26572 -1280
30434 140 2.3 -26172 2084
30826 140 2.3 -25628 -158
31224 140 2.3 -26408 1802
31626 140 2.3 -26244 2534
32034 140 2.3 -25800 2724
32447 140 2.3 -25800 2262
32866 140 2.3 -26216 656
33290 140 2.3 -25860 3252
33719 140 2.3 -25664 1768
34154 140 2.3 -27072 2148
34595 140 2.3 -26048 652
35041 140 2.3 -25824 1380
35493 140 2.3 -26376 -586
35951 140 2.3 -26756 -2054
36414 140 2.3 -26884 -1626
36884 140 2.3 -26856 -3304
37360 140 2.3 -26648 -3370
37841 140 2.3 -26156 -4256
38330 140 2.3 -25856 -5404
38824 140 2.3 -25908 -5650
39325 140 2.3 -26396 -5792
39832 140 2.3 -26364 -4526
40346 140 2.3 -26260 -7764
40866 140 2.3 -26944 -9450
41393 140 2.3 -26744 -8642
41927 140 2.3 -26320 -3840
42468 140 2.3 -26616 -4340
43015 140 2.3 -25740 -2374
43570 140 2.3 -26648 794
44132 140 2.3 -25980 1996
44701 140 2.3 -26028 1552
45278 140 2.3 -26056 4340
45862 140 2.3 -26136 6408
46453 140 2.3 -25704 2874
47053 140 2.3 -26668 5330
47660 140 2.3 -25900 2918
48274 140 2.3 -26168 2516
48897 140 2.3 -26304 4520
49528 140 2.3 -26332 7320
50166 140 2.3 -26308 6306
50813 140 2.3 -26568 8088
51469 140 2.3 -25344 6832
52133 140 2.3 -26548 8604
52805 140 2.3 -27388 10040
53486 140 2.3 -26416 8248
54176 140 2.3 -25824 4476
54875 140 2.3 -26540 3716
55582 140 2.3 -26336 1928
56299 140 2.3 -26184 1340
57025 140 2.3 -26448 4016
57761 140 2.3 -26588 1398
58506 140 2.3 -26324 -478
59261 140 2.3 -26204 5568
60025 140 2.3 -26332 7446
60799 140 2.3 -25588 4050
61583 140 2.3 -26152 5400
62378 140 2.3 -27356 4772
63182 140 2.3 -25748 6224
63997 140 2.3 -26240 6938
64822 140 2.3 -26840 9290
65658 140 2.3 -26380 8044
66505 140 2.3 -26008 7378
67363 140 2.3 -25556 1870
68232 140 2.3 -26368 -628
69112 140 2.3 -26028 5316
70003 140 2.3 -26124 6490
70906 140 2.3 -26404 4638
71821 140 2.3 -25944 4526
72747 140 2.3 -26404 6900
73685 140 2.3 -25480 4870
74636 140 2.3 -26180 1532
75599 140 2.3 -25624 -2090
76574 140 2.3 -26232 -2746
77561 140 2.3 -25624 -3776
78562 140 2.3 -26688 -8066
79575 140 2.3 -26236 -2676
80601 140 2.3 -26352 -4374
81641 140 2.3 -27268 -8218
82694 140 2.3 -26336 -8584
83760 140 2.3 -27388 -9930
84841 140 2.3 -26292 -6724
85935 140 2.3 -26720 -6148
87043 140 2.3 -26864 -1676
88166 140 2.3 -25476 -3414
89303 140 2.3 -26404 -3274
90455 140 2.3 -26212 -754
91622 140 2.3 -25320 3676
92803 140 2.3 -26316 4560
94000 140 2.3 -26192 -466
95213 140 2.3 -26952 -2798
96441 140 2.3 -26620 -4104
97685 140 2.3 -26656 -1556
98945 140 2.3 -26324 4954
100221 140 2.3 -26180 5642
101513 140 2.3 -27088 6300
102823 140 2.3 -25596 2292
104149 140 2.3 -25940 -714
105492 140 2.3 -26716 -4872
106853 140 2.3 -26556 -4180
108231 140 2.3 -26892 1614
109627 140 2.3 -26416 -918
111041 140 2.3 -26748 -1290
112473 140 2.3 -26644 -2868
113924 140 2.3 -25932 732
115393 140 2.3 -26368 1556
116882 140 2.3 -25752 1480
118389 140 2.3 -25856 -1896
119916 140 2.3 -26548 -6618
121463 140 2.3 -26440 -7758
123029 140 2.3 -25904 -6980
124616 140 2.3 -26000 -6558
126224 140 2.3 -26036 -1300
127852 140 2.3 -26428 2638
129501 140 2.3 -26320 4944
131171 140 2.3 -26484 2032
132863 140 2.3 -26344 3824
134576 140 2.3 -26896 5084
136312 140 2.3 -27496 9044
138070 140 2.3 -27028 9138
139851 140 2.3 -25020 1426
141655 140 2.3 -26308 -1126
143482 140 2.3 -26764 -3212
145333 140 2.3 -26168 740
147207 140 2.3 -26280 -4502
149106 140 2.3 -25288 1704
151029 140 2.3 -26300 -6016
152977 140 2.3 -26212 -6262
154950 140 2.3 -25988 -1230
156948 140 2.3 -25892 -3546
158973 140 2.3 -26724 -7456
161023 140 2.3 -26652 -9540
163100 140 2.3 -25548 4752
165204 140 2.3 -26232 -1462
167334 140 2.3 -26580 -6504
169493 140 2.3 -26620 -1440
171679 140 2.3 -25868 -1272
173893 140 2.3 -25660 -3294
176136 140 2.3 -26852 -1268
178408 140 2.3 -26808 -862
180709 140 2.3 -26688 2586
183040 140 2.3 -26112 -3424
185400 140 2.3 -26768 262
187792 140 2.3 -26536 1216
190214 140 2.3 -27128 11300
192667 140 2.3 -27048 9184
195152 140 2.3 -26576 8724
197669 140 2.3 -26504 -118
200219 140 2.3 -26572 3108
202801 140 2.3 -26616 7274
205417 140 2.3 -26620 6912
208066 140 2.3 -25984 9300
210750 140 2.3 -26384 5278
213468 140 2.3 -27000 10062
216222 140 2.3 -26416 2190
219010 140 2.3 -26188 1916
221835 140 2.3 -26284 516
224696 140 2.3 -25852 2914
227595 140 2.3 -25492 3654
230530 140 2.3 -27280 3586
233503 140 2.3 -25924 5844
236515 140 2.3 -26344 -2682
239566 140 2.3 -27680 -9634
242656 140 2.3 -26856 -2020
245785 140 2.3 -25656 1898
248956 140 2.3 -25996 -2572
252167 140 2.3 -26288 1270
255419 140 2.3 -26992 8200
258713 140 2.3 -26204 3360
262050 140 2.3 -26564 -6382
265430 140 2.3 -26488 -11702
268854 140 2.3 -26252 -5238
272321 140 2.3 -26564 -5958
275834 140 2.3 -27224 -196
279391 140 2.3 -24908 2088
282995 140 2.3 -26092 1664
286645 140 2.3 -26176 -1042
290342 140 2.3 -26020 -832
294087 140 2.3 -26064 1672
297880 140 2.3 -26584 -4912
301722 140 2.3 -27332 -6088
305614 140 2.3 -25744 -4484
309556 140 2.3 -26544 -4472
313548 140 2.3 -25996 484
317592 140 2.3 -25956 -500
321689 140 2.3 -26256 -7838
325838 140 2.3 -26464 -5412
330040 140 2.3 -27324 -12188
334297 140 2.3 -26752 54
338609 140 2.3 -26192 -7754
342976 140 2.3 -25872 -3150
347400 140 2.3 -26980 -2868
351881 140 2.3 -27140 -4190
356419 140 2.3 -26128 1614
361016 140 2.3 -26596 -3064
365673 140 2.3 -26268 6992
370389 140 2.3 -26116 6826
375167 140 2.3 -26448 5764
380005 140 2.3 -25972 2434
384907 140 2.3 -25796 -242
389871 140 2.3 -26312 -1094
394900 140 2.3 -26096 3714
399993 140 2.3 -26508 -4836
405152 140 2.3 -26288 2044
410378 140 2.3 -25900 -2446
415671 140 2.3 -26004 -8616
421032 140 2.3 -26040 -2330
426463 140 2.3 -26184 -7662
431963 140 2.3 -26640 -7582
437535 140 2.3 -25972 -8848
443178 140 2.3 -26064 -4916
448894 140 2.3 -26732 -8838
454684 140 2.3 -27512 -10132
460548 140 2.3 -26256 -3160
466489 140 2.3 -26200 5548
472505 140 2.3 -26288 6656
478600 140 2.3 -26484 8298
484773 140 2.3 -26680 -7040
491025 140 2.3 -26728 -7778
497358 140 2.3 -26032 1932
503773 140 2.3 -26424 528
510271 140 2.3 -25212 -708
516852 140 2.3 -26356 5202
523519 140 2.3 -25400 3934
530271 140 2.3 -26356 -5458
537111 140 2.3 -26992 -9366
544038 140 2.3 -26252 3142
551055 140 2.3 -26848 11190
558163 140 2.3 -26900 -2762
565362 140 2.3 -26384 -2636
572654 140 2.3 -26636 820
580040 140 2.3 -26364 9798
587521 140 2.3 -26420 902
595099 140 2.3 -26152 -4614
602775 140 2.3 -25912 8196
610549 140 2.3 -26636 8442
618424 140 2.3 -26268 4728
626400 140 2.3 -26488 8358
634480 140 2.3 -25728 472
642663 140 2.3 -26628 -7236
650952 140 2.3 -26140 -6718
659348 140 2.3 -26712 -9002
667853 140 2.3 -26192 -6972
676467 140 2.3 -26192 -6978
685192 140 2.3 -26816 -6556
694029 140 2.3 -26768 9680
702981 140 2.3 -26300 6714
712048 140 2.3 -26812 -8772
721232 140 2.3 -26132 -6176
730534 140 2.3 -25696 3114
739957 140 2.3 -26052 6658
749500 140 2.3 -26464 10002
759168 140 2.3 -26448 7408
768959 140 2.3 -27208 7892
778877 140 2.3 -26292 -3266
788923 140 2.3 -25912 1354
799099 140 2.3 -27112 -4964
809405 140 2.3 -25772 1184
819845 140 2.3 -26384 -3772
830419 140 2.3 -26336 8424
841130 140 2.3 -25880 -288
851979 140 2.3 -26124 -3276
862968 140 2.3 -25564 -414
874098 140 2.3 -26060 5516
885373 140 2.3 -26652 -7774
896792 140 2.3 -25944 -2922
908359 140 2.3 -26272 -3964
920075 140 2.3 -26692 5660
931942 140 2.3 -25868 7286
943962 140 2.3 -26800 -86
956137 140 2.3 -25880 5542
968470 140 2.3 -26072 -3290
980961 140 2.3 -27388 -2074
993613 140 2.3 -26224 -1872
999999 140 2.3 -26020 -2320
