3 60 2.1 -6440 3368
4 60 2.1 -6448 3370
5 60 2.1 -6160 3288
6 60 2.1 -6044 3246
7 60 2.1 -5992 3204
8 60 2.1 -6008 3176
9 60 2.1 -6148 3252
10 60 2.1 -6032 3208
11 60 2.1 -5976 3152
12 60 2.1 -5900 3100
13 60 2.1 -6100 3228
14 60 2.1 -6032 3196
15 60 2.1 -6064 3204
16 60 2.1 -5916 3152
17 60 2.1 -6072 3194
18 60 2.1 -5976 3140
19 60 2.1 -5936 3118
20 60 2.1 -5904 3118
21 60 2.1 -5840 3076
22 60 2.1 -5976 3134
23 60 2.1 -6036 3184
24 60 2.1 -6064 3216
25 60 2.1 -6124 3262
26 60 2.1 -6124 3238
27 60 2.1 -6104 3228
28 60 2.1 -6080 3214
29 60 2.1 -6168 3228
30 60 2.1 -5980 3176
31 60 2.1 -5924 3132
32 60 2.1 -6036 3160
33 60 2.1 -6004 3142
34 60 2.1 -5996 3134
35 60 2.1 -6012 3150
36 60 2.1 -5988 3132
37 60 2.1 -6044 3156
38 60 2.1 -5920 3068
39 60 2.1 -6072 3094
40 60 2.1 -6084 3122
41 60 2.1 -6112 3172
42 60 2.1 -6100 3142
43 60 2.1 -6068 3154
44 60 2.1 -6132 3210
45 60 2.1 -5980 3166
46 60 2.1 -6128 3230
47 60 2.1 -6104 3236
48 60 2.1 -6116 3242
49 60 2.1 -6064 3198
50 60 2.1 -6108 3198
51 60 2.1 -6128 3210
52 60 2.1 -5928 3120
53 60 2.1 -5988 3140
54 60 2.1 -5864 3036
55 60 2.1 -5784 3004
56 60 2.1 -5860 3036
57 60 2.1 -5740 2982
58 60 2.1 -5784 2980
59 60 2.1 -5836 3058
60 60 2.1 -5820 3034
61 60 2.1 -5768 3048
62 60 2.1 -5728 3014
63 60 2.1 -5916 3128
64 60 2.1 -5972 3106
65 60 2.1 -6008 3094
66 60 2.1 -6020 3130
67 60 2.1 -5924 3120
68 60 2.1 -6032 3150
69 60 2.1 -6068 3162
70 60 2.1 -6076 3188
71 60 2.1 -6060 3176
72 60 2.1 -6016 3162
73 60 2.1 -5964 3156
74 60 2.1 -6136 3196
75 60 2.1 -6036 3152
76 60 2.1 -6056 3164
77 60 2.1 -6092 3180
78 60 2.1 -6164 3200
79 60 2.1 -6028 3138
80 60 2.1 -5820 3068
81 60 2.1 -5912 3070
82 60 2.1 -5692 3004
83 60 2.1 -5612 2930
84 60 2.1 -5632 2930
85 60 2.1 -5776 2986
86 60 2.1 -5800 3014
88 60 2.1 -5852 3056
89 60 2.1 -5860 3044
90 60 2.1 -5872 3050
91 60 2.1 -5780 2998
92 60 2.1 -5800 3014
93 60 2.1 -5876 3050
95 60 2.1 -6060 3140
96 60 2.1 -5912 3086
97 60 2.1 -5856 3082
98 60 2.1 -5816 3086
99 60 2.1 -5892 3098
101 60 2.1 -5876 3042
102 60 2.1 -5940 3086
103 60 2.1 -5936 3146
105 60 2.1 -5892 3144
106 60 2.1 -5948 3140
107 60 2.1 -5936 3082
109 60 2.1 -5844 3040
110 60 2.1 -5828 3028
112 60 2.1 -5888 3086
113 60 2.1 -5960 3154
114 60 2.1 -6132 3218
116 60 2.1 -6164 3242
117 60 2.1 -6204 3254
119 60 2.1 -6340 3318
120 60 2.1 -6340 3322
122 60 2.1 -6120 3250
124 60 2.1 -6096 3220
125 60 2.1 -6180 3258
127 60 2.1 -6200 3260
128 60 2.1 -6064 3214
130 60 2.1 -6108 3238
132 60 2.1 -6116 3234
133 60 2.1 -6040 3208
135 60 2.1 -6072 3192
137 60 2.1 -6028 3188
139 60 2.1 -6188 3260
140 60 2.1 -6132 3248
142 60 2.1 -6060 3226
144 60 2.1 -6120 3198
146 60 2.1 -6104 3148
148 60 2.1 -6116 3156
150 60 2.1 -6056 3128
152 60 2.1 -6048 3108
154 60 2.1 -6100 3142
155 60 2.1 -6108 3144
157 60 2.1 -6044 3108
160 60 2.1 -5812 2958
162 60 2.1 -5820 2960
164 60 2.1 -5848 2972
166 60 2.1 -5732 2950
168 60 2.1 -5912 3046
170 60 2.1 -6032 3094
172 60 2.1 -6048 3126
174 60 2.1 -6072 3158
177 60 2.1 -6008 3144
179 60 2.1 -5896 3078
181 60 2.1 -5932 3090
184 60 2.1 -5872 3070
186 60 2.1 -5760 3048
188 60 2.1 -5868 3072
191 60 2.1 -6024 3152
193 60 2.1 -6048 3194
196 60 2.1 -6060 3194
198 60 2.1 -6064 3170
201 60 2.1 -6028 3172
203 60 2.1 -6020 3148
206 60 2.1 -5916 3132
209 60 2.1 -6128 3196
211 60 2.1 -6156 3250
214 60 2.1 -5988 3164
217 60 2.1 -6072 3172
220 60 2.1 -5956 3074
222 60 2.1 -5928 3144
225 60 2.1 -5956 3160
228 60 2.1 -6064 3162
231 60 2.1 -6160 3212
234 60 2.1 -6160 3176
237 60 2.1 -6164 3158
240 60 2.1 -6056 3194
243 60 2.1 -6156 3232
246 60 2.1 -6008 3186
250 60 2.1 -6004 3140
253 60 2.1 -6124 3204
256 60 2.1 -6028 3158
259 60 2.1 -5956 3144
263 60 2.1 -5936 3144
266 60 2.1 -6064 3180
269 60 2.1 -6084 3164
273 60 2.1 -5920 3094
276 60 2.1 -6116 3220
280 60 2.1 -6296 3294
284 60 2.1 -6112 3218
287 60 2.1 -6136 3210
291 60 2.1 -5904 3104
295 60 2.1 -5776 2996
298 60 2.1 -5820 2976
302 60 2.1 -5896 3092
306 60 2.1 -5908 3054
310 60 2.1 -5840 3058
314 60 2.1 -5996 3136
318 60 2.1 -5964 3110
322 60 2.1 -6052 3176
326 60 2.1 -6172 3154
331 60 2.1 -6104 3214
335 60 2.1 -5888 3084
339 60 2.1 -6008 3156
344 60 2.1 -6072 3170
348 60 2.1 -6000 3162
352 60 2.1 -5872 3096
357 60 2.1 -6024 3206
362 60 2.1 -6148 3230
366 60 2.1 -6012 3194
371 60 2.1 -6116 3236
376 60 2.1 -5964 3172
381 60 2.1 -5968 3102
385 60 2.1 -5912 3122
390 60 2.1 -5976 3080
395 60 2.1 -5968 3094
401 60 2.1 -5960 3100
406 60 2.1 -6068 3092
411 60 2.1 -6068 3084
416 60 2.1 -5908 2976
422 60 2.1 -5924 3022
427 60 2.1 -5756 2964
433 60 2.1 -5888 3024
438 60 2.1 -5996 3090
444 60 2.1 -6052 3146
449 60 2.1 -5936 3160
455 60 2.1 -5864 3086
461 60 2.1 -6136 3186
467 60 2.1 -6052 3128
473 60 2.1 -5976 3080
479 60 2.1 -6008 3066
485 60 2.1 -6056 3136
492 60 2.1 -5828 3072
498 60 2.1 -6168 3224
504 60 2.1 -6156 3230
511 60 2.1 -6028 3140
517 60 2.1 -6176 3240
524 60 2.1 -6272 3300
531 60 2.1 -5964 3188
538 60 2.1 -6072 3210
545 60 2.1 -5912 3142
552 60 2.1 -5984 3146
559 60 2.1 -5952 3146
566 60 2.1 -6024 3146
573 60 2.1 -6136 3166
581 60 2.1 -6000 3126
588 60 2.1 -5892 3072
596 60 2.1 -5836 3056
603 60 2.1 -5940 3088
611 60 2.1 -5972 3064
619 60 2.1 -5936 3040
627 60 2.1 -5836 3074
635 60 2.1 -5980 3132
643 60 2.1 -5896 3060
652 60 2.1 -5992 3154
660 60 2.1 -6044 3202
668 60 2.1 -5824 3126
677 60 2.1 -6144 3212
686 60 2.1 -6160 3212
695 60 2.1 -6164 3266
704 60 2.1 -6088 3210
713 60 2.1 -6152 3224
722 60 2.1 -6036 3200
731 60 2.1 -5996 3112
741 60 2.1 -5896 3038
750 60 2.1 -5968 3106
760 60 2.1 -6088 3162
770 60 2.1 -5952 3164
780 60 2.1 -6032 3162
790 60 2.1 -5832 3098
800 60 2.1 -6020 3126
810 60 2.1 -6000 3160
821 60 2.1 -5940 3140
831 60 2.1 -5980 3164
842 60 2.1 -6096 3194
853 60 2.1 -5972 3182
864 60 2.1 -5808 3058
875 60 2.1 -6036 3166
886 60 2.1 -6108 3216
897 60 2.1 -6052 3170
909 60 2.1 -6160 3202
921 60 2.1 -5968 3156
933 60 2.1 -5920 3098
945 60 2.1 -5816 3054
957 60 2.1 -6028 3150
969 60 2.1 -6008 3202
982 60 2.1 -5952 3128
994 60 2.1 -6056 3234
1007 60 2.1 -6044 3138
1020 60 2.1 -6052 3076
1033 60 2.1 -5972 3062
1047 60 2.1 -5812 3006
1060 60 2.1 -6160 3202
1074 60 2.1 -6080 3146
1088 60 2.1 -5960 3134
1102 60 2.1 -6032 3158
1116 60 2.1 -6096 3180
1130 60 2.1 -6112 3222
1145 60 2.1 -6004 3162
1160 60 2.1 -6104 3174
1174 60 2.1 -6180 3200
1190 60 2.1 -6068 3062
1205 60 2.1 -6008 3044
1220 60 2.1 -5856 2986
1236 60 2.1 -5828 2890
1252 60 2.1 -5904 3134
1268 60 2.1 -6048 3170
1285 60 2.1 -5760 3000
1301 60 2.1 -6160 3238
1318 60 2.1 -6032 3066
1335 60 2.1 -5920 3092
1352 60 2.1 -6012 3192
1370 60 2.1 -5924 3116
1387 60 2.1 -5980 3144
1405 60 2.1 -6160 3174
1423 60 2.1 -6132 3238
1442 60 2.1 -6136 3204
1460 60 2.1 -6240 3270
1479 60 2.1 -5968 3210
1498 60 2.1 -6068 3168
1517 60 2.1 -6040 3162
1537 60 2.1 -5836 2996
1557 60 2.1 -6104 3160
1577 60 2.1 -6180 3288
1597 60 2.1 -6088 3170
1618 60 2.1 -5920 3066
1639 60 2.1 -6052 3168
1660 60 2.1 -5900 3064
1681 60 2.1 -5996 3118
1703 60 2.1 -6000 3172
1725 60 2.1 -6264 3282
1747 60 2.1 -6000 3164
1770 60 2.1 -5924 3156
1792 60 2.1 -5868 3096
1816 60 2.1 -5916 3142
1839 60 2.1 -6024 3180
1863 60 2.1 -6148 3234
1887 60 2.1 -6048 3198
1911 60 2.1 -6092 3220
1936 60 2.1 -6108 3194
1961 60 2.1 -5944 3124
1986 60 2.1 -6116 3194
2012 60 2.1 -5856 3088
2037 60 2.1 -6064 3140
2064 60 2.1 -5968 3186
2090 60 2.1 -6092 3188
2117 60 2.1 -5948 3082
2145 60 2.1 -5968 3118
2172 60 2.1 -5912 3158
2200 60 2.1 -6012 3106
2229 60 2.1 -6072 3188
2257 60 2.1 -6012 3206
2286 60 2.1 -5964 3054
2316 60 2.1 -6244 3268
2346 60 2.1 -5676 2972
2376 60 2.1 -6028 3152
2407 60 2.1 -5840 3130
2438 60 2.1 -6164 3138
2469 60 2.1 -6084 3188
2501 60 2.1 -5916 3070
2533 60 2.1 -5880 3114
2566 60 2.1 -6048 3148
2599 60 2.1 -5812 3088
2633 60 2.1 -5960 3084
2667 60 2.1 -6092 3230
2701 60 2.1 -5768 2982
2736 60 2.1 -6084 3186
2771 60 2.1 -6280 3252
2807 60 2.1 -5808 3098
2843 60 2.1 -6204 3188
2880 60 2.1 -6164 3254
2917 60 2.1 -5844 3044
2954 60 2.1 -5940 3080
2992 60 2.1 -5984 3172
3031 60 2.1 -6044 3158
3070 60 2.1 -5960 3080
3110 60 2.1 -6064 3156
3150 60 2.1 -5860 3144
3190 60 2.1 -6072 3198
3232 60 2.1 -5896 3042
3273 60 2.1 -5856 3036
3315 60 2.1 -5872 3106
3358 60 2.1 -5728 2938
3402 60 2.1 -6080 3168
3445 60 2.1 -5820 3000
3490 60 2.1 -5956 3182
3535 60 2.1 -5908 3106
3580 60 2.1 -5988 3170
3627 60 2.1 -6036 3070
3673 60 2.1 -6044 3210
3721 60 2.1 -6072 3196
3769 60 2.1 -6012 3156
3817 60 2.1 -6120 3160
3867 60 2.1 -6008 3108
3916 60 2.1 -5948 3140
3967 60 2.1 -5976 3078
4018 60 2.1 -5916 3082
4070 60 2.1 -5988 3068
4122 60 2.1 -5872 3030
4176 60 2.1 -6108 3230
4229 60 2.1 -6084 3134
4284 60 2.1 -5912 3126
4339 60 2.1 -5904 3074
4395 60 2.1 -5964 3168
4452 60 2.1 -5916 3106
4509 60 2.1 -5844 3080
4567 60 2.1 -5980 3172
4626 60 2.1 -5844 3036
4686 60 2.1 -6124 3236
4746 60 2.1 -6048 3058
4808 60 2.1 -5812 3010
4870 60 2.1 -5788 3022
4932 60 2.1 -6152 3250
4996 60 2.1 -6080 3224
5060 60 2.1 -6088 3202
5126 60 2.1 -5960 3114
5192 60 2.1 -5972 3146
5259 60 2.1 -6140 3194
5327 60 2.1 -5988 3178
5395 60 2.1 -6088 3174
5465 60 2.1 -5924 3118
5535 60 2.1 -6020 3084
5607 60 2.1 -5900 3082
5679 60 2.1 -6060 3128
5752 60 2.1 -6104 3204
5826 60 2.1 -6080 3202
5902 60 2.1 -5852 3012
5978 60 2.1 -5976 3122
6055 60 2.1 -6012 3162
6133 60 2.1 -6096 3146
6212 60 2.1 -6076 3168
6292 60 2.1 -5884 3120
6373 60 2.1 -5916 3044
6455 60 2.1 -5904 3084
6539 60 2.1 -6052 3118
6623 60 2.1 -5860 3056
6708 60 2.1 -5968 3204
6795 60 2.1 -6008 3088
6883 60 2.1 -6156 3224
6971 60 2.1 -6036 3220
7061 60 2.1 -6076 3140
7152 60 2.1 -5708 2980
7245 60 2.1 -5852 3056
7338 60 2.1 -5852 3092
7433 60 2.1 -6068 3190
7529 60 2.1 -5828 3006
7626 60 2.1 -5940 3160
7724 60 2.1 -5996 3188
7824 60 2.1 -5924 3080
7925 60 2.1 -5788 2938
8027 60 2.1 -5948 3138
8130 60 2.1 -6248 3264
8235 60 2.1 -6140 3238
8341 60 2.1 -6368 3308
8449 60 2.1 -6096 3194
8558 60 2.1 -6028 3148
8668 60 2.1 -5972 3160
8780 60 2.1 -6012 3156
8893 60 2.1 -5896 3096
9008 60 2.1 -6044 3196
9124 60 2.1 -5912 3086
9242 60 2.1 -6048 3196
9361 60 2.1 -6104 3168
9482 60 2.1 -6116 3228
9604 60 2.1 -6064 3116
9728 60 2.1 -5940 3142
9853 60 2.1 -6148 3228
9980 60 2.1 -5784 3012
10109 60 2.1 -5912 3100
10240 60 2.1 -6180 3216
10372 60 2.1 -6008 3194
10505 60 2.1 -6040 3060
10641 60 2.1 -5956 3126
10778 60 2.1 -5964 3130
10917 60 2.1 -6152 3248
11058 60 2.1 -5804 2990
11201 60 2.1 -5940 3126
11345 60 2.1 -5884 3066
11491 60 2.1 -6156 3198
11640 60 2.1 -6228 3254
11790 60 2.1 -5736 2904
11942 60 2.1 -5996 3144
12096 60 2.1 -6200 3244
12252 60 2.1 -6104 3240
12410 60 2.1 -5972 3180
12570 60 2.1 -6004 3178
12732 60 2.1 -6044 3210
12896 60 2.1 -6132 3200
13062 60 2.1 -6008 3166
13231 60 2.1 -5920 3114
13402 60 2.1 -6032 3100
13574 60 2.1 -6064 3134
13750 60 2.1 -6044 3184
13927 60 2.1 -6012 3048
14106 60 2.1 -5968 3158
14288 60 2.1 -5868 3122
14473 60 2.1 -6108 3176
14659 60 2.1 -5716 3000
14848 60 2.1 -5944 3134
15040 60 2.1 -5940 3048
15234 60 2.1 -6256 3280
15430 60 2.1 -5880 2962
15629 60 2.1 -6232 3286
15831 60 2.1 -6148 3198
16035 60 2.1 -6220 3274
16242 60 2.1 -6156 3238
16451 60 2.1 -5812 2958
16664 60 2.1 -5960 3170
16879 60 2.1 -5952 3112
17096 60 2.1 -5904 2972
17317 60 2.1 -5976 3162
17540 60 2.1 -5808 3036
17766 60 2.1 -5940 3108
17995 60 2.1 -6200 3236
18228 60 2.1 -5832 2970
18463 60 2.1 -5860 3076
18701 60 2.1 -5880 3150
18942 60 2.1 -5676 2968
19186 60 2.1 -6160 3210
19434 60 2.1 -6016 3164
19684 60 2.1 -5900 3038
19938 60 2.1 -6168 3240
20195 60 2.1 -5976 3000
20456 60 2.1 -6248 3270
20720 60 2.1 -6068 3168
20987 60 2.1 -5964 3148
21258 60 2.1 -5896 3084
21532 60 2.1 -5912 3088
21810 60 2.1 -5900 3042
22091 60 2.1 -5952 3144
22376 60 2.1 -6072 3150
22664 60 2.1 -6176 3256
22957 60 2.1 -6008 3170
23253 60 2.1 -6176 3184
23553 60 2.1 -5940 3134
23856 60 2.1 -5884 3046
24164 60 2.1 -5868 3094
24476 60 2.1 -6000 3126
24791 60 2.1 -6144 3246
25111 60 2.1 -5888 3122
25435 60 2.1 -5972 3168
25763 60 2.1 -6000 3078
26095 60 2.1 -6032 3160
26432 60 2.1 -6016 3162
26773 60 2.1 -6020 3174
27118 60 2.1 -6016 3152
27468 60 2.1 -5904 3098
27822 60 2.1 -6180 3264
28181 60 2.1 -5896 3020
28545 60 2.1 -6088 3172
28913 60 2.1 -6116 3190
29286 60 2.1 -5928 3102
29663 60 2.1 -6052 3182
30046 60 2.1 -6124 3218
30434 60 2.1 -5904 3152
30826 60 2.1 -6076 3154
31224 60 2.1 -6204 3234
31626 60 2.1 -6080 3228
32034 60 2.1 -5740 3008
32447 60 2.1 -6012 3164
32866 60 2.1 -5968 3134
33290 60 2.1 -5852 3098
33719 60 2.1 -5968 3002
34154 60 2.1 -5988 3124
34595 60 2.1 -6032 3168
35041 60 2.1 -5848 2998
35493 60 2.1 -5916 3100
35951 60 2.1 -5948 3158
36414 60 2.1 -6032 3166
36884 60 2.1 -5908 3120
37360 60 2.1 -6068 3164
37841 60 2.1 -5840 3088
38330 60 2.1 -6028 3160
38824 60 2.1 -6036 3068
39325 60 2.1 -5912 3128
39832 60 2.1 -5864 3096
40346 60 2.1 -6168 3238
40866 60 2.1 -6120 3270
41393 60 2.1 -5824 3080
41927 60 2.1 -5944 3114
42468 60 2.1 -6044 3160
43015 60 2.1 -5844 3064
43570 60 2.1 -6196 3250
44132 60 2.1 -5872 3066
44701 60 2.1 -5984 3096
45278 60 2.1 -6140 3110
45862 60 2.1 -6048 3168
46453 60 2.1 -5876 3040
47053 60 2.1 -6052 3182
47660 60 2.1 -5756 2994
48274 60 2.1 -6048 3116
48897 60 2.1 -5948 3136
49528 60 2.1 -6152 3212
50166 60 2.1 -5980 3152
50813 60 2.1 -6056 3186
51469 60 2.1 -6052 3188
52133 60 2.1 -6044 3172
52805 60 2.1 -6004 3152
53486 60 2.1 -6052 3132
54176 60 2.1 -5940 3066
54875 60 2.1 -5920 3144
55582 60 2.1 -5724 2880
56299 60 2.1 -5652 2902
57025 60 2.1 -5868 2946
57761 60 2.1 -6064 3184
58506 60 2.1 -5632 2760
59261 60 2.1 -5860 3048
60025 60 2.1 -6160 3262
60799 60 2.1 -5752 3054
61583 60 2.1 -5940 3134
62378 60 2.1 -5872 3086
63182 60 2.1 -6036 3184
63997 60 2.1 -5932 3128
64822 60 2.1 -5944 3116
65658 60 2.1 -6104 3214
66505 60 2.1 -5948 3114
67363 60 2.1 -6036 3166
68232 60 2.1 -5912 3154
69112 60 2.1 -5912 3050
70003 60 2.1 -6156 3244
70906 60 2.1 -5984 3172
71821 60 2.1 -6020 3150
72747 60 2.1 -5956 3104
73685 60 2.1 -5964 3136
74636 60 2.1 -6096 3258
75599 60 2.1 -5836 3056
76574 60 2.1 -6116 3234
77561 60 2.1 -5904 3090
78562 60 2.1 -6064 3144
79575 60 2.1 -6060 3174
80601 60 2.1 -6060 3148
81641 60 2.1 -5964 3096
82694 60 2.1 -6252 3254
83760 60 2.1 -5764 2862
84841 60 2.1 -5756 3060
85935 60 2.1 -6072 3206
87043 60 2.1 -5912 3084
88166 60 2.1 -5888 3136
89303 60 2.1 -5932 3146
90455 60 2.1 -5944 3142
91622 60 2.1 -5704 2974
92803 60 2.1 -6004 3164
94000 60 2.1 -6076 3208
95213 60 2.1 -6020 3150
96441 60 2.1 -6132 3252
97685 60 2.1 -6028 3174
98945 60 2.1 -5816 3048
100221 60 2.1 -5864 3086
101513 60 2.1 -5880 3062
102823 60 2.1 -6044 3132
104149 60 2.1 -5772 3068
105492 60 2.1 -5800 2982
106853 60 2.1 -5900 3124
108231 60 2.1 -5748 2992
109627 60 2.1 -5920 3140
111041 60 2.1 -6172 3228
112473 60 2.1 -6140 3224
113924 60 2.1 -5956 3066
115393 60 2.1 -5984 3086
116882 60 2.1 -5976 3114
118389 60 2.1 -5996 3134
119916 60 2.1 -5944 3116
121463 60 2.1 -6116 3208
123029 60 2.1 -5868 2966
124616 60 2.1 -6048 3110
126224 60 2.1 -5996 3092
127852 60 2.1 -5956 3184
129501 60 2.1 -5844 3072
131171 60 2.1 -6112 3220
132863 60 2.1 -5924 3098
134576 60 2.1 -6104 3170
136312 60 2.1 -5872 3090
138070 60 2.1 -5948 3150
139851 60 2.1 -5844 3080
141655 60 2.1 -5820 3028
143482 60 2.1 -6036 3178
145333 60 2.1 -6076 3198
147207 60 2.1 -6120 3210
149106 60 2.1 -6052 3156
151029 60 2.1 -6204 3246
152977 60 2.1 -6016 3114
154950 60 2.1 -5824 3040
156948 60 2.1 -6148 3250
158973 60 2.1 -6048 3170
161023 60 2.1 -6216 3234
163100 60 2.1 -5932 3130
165204 60 2.1 -6028 3170
167334 60 2.1 -5812 3142
169493 60 2.1 -6060 3152
171679 60 2.1 -5824 3072
173893 60 2.1 -6220 3260
176136 60 2.1 -6100 3146
178408 60 2.1 -6180 3256
180709 60 2.1 -6028 3154
183040 60 2.1 -5836 3026
185400 60 2.1 -5840 3028
187792 60 2.1 -6004 3172
190214 60 2.1 -6132 3210
192667 60 2.1 -5948 3142
195152 60 2.1 -5928 3136
197669 60 2.1 -6260 3226
200219 60 2.1 -5968 3102
202801 60 2.1 -6060 3196
205417 60 2.1 -5704 2990
208066 60 2.1 -5792 2968
210750 60 2.1 -5792 3050
213468 60 2.1 -6048 3236
216222 60 2.1 -6052 3154
219010 60 2.1 -6020 3140
221835 60 2.1 -5932 3026
224696 60 2.1 -5952 3126
227595 60 2.1 -5828 3060
230530 60 2.1 -5732 2922
233503 60 2.1 -6028 3108
236515 60 2.1 -6104 3100
239566 60 2.1 -5856 3100
242656 60 2.1 -6168 3216
245785 60 2.1 -6028 3074
248956 60 2.1 -5832 2972
252167 60 2.1 -5904 3068
255419 60 2.1 -5832 3054
258713 60 2.1 -5912 3116
262050 60 2.1 -5876 3098
265430 60 2.1 -6076 3258
268854 60 2.1 -5832 3040
272321 60 2.1 -6020 3186
275834 60 2.1 -6068 3104
279391 60 2.1 -5996 3152
282995 60 2.1 -5908 3098
286645 60 2.1 -5800 2800
290342 60 2.1 -5976 3110
294087 60 2.1 -5692 2886
297880 60 2.1 -6088 3194
301722 60 2.1 -5972 3158
305614 60 2.1 -5952 3090
309556 60 2.1 -5992 3148
313548 60 2.1 -5740 2966
317592 60 2.1 -5992 3184
321689 60 2.1 -6024 3158
325838 60 2.1 -6000 3144
330040 60 2.1 -5916 3162
334297 60 2.1 -5988 3180
338609 60 2.1 -5884 3130
342976 60 2.1 -5984 3126
347400 60 2.1 -5964 3156
351881 60 2.1 -6116 3202
356419 60 2.1 -5924 3116
361016 60 2.1 -5988 3170
365673 60 2.1 -6004 3158
370389 60 2.1 -5968 3126
375167 60 2.1 -5980 3096
380005 60 2.1 -5884 3096
384907 60 2.1 -6088 3086
389871 60 2.1 -6176 3184
394900 60 2.1 -6100 3210
399993 60 2.1 -6136 3180
405152 60 2.1 -6068 3162
410378 60 2.1 -6076 3180
415671 60 2.1 -6104 3194
421032 60 2.1 -5884 3134
426463 60 2.1 -5996 3120
431963 60 2.1 -6192 3242
437535 60 2.1 -6008 3194
443178 60 2.1 -5900 3080
448894 60 2.1 -6000 3074
454684 60 2.1 -6104 3212
460548 60 2.1 -5924 2956
466489 60 2.1 -6244 3278
472505 60 2.1 -6076 3226
478600 60 2.1 -6028 3134
484773 60 2.1 -6048 3196
491025 60 2.1 -5772 3076
497358 60 2.1 -5944 3120
503773 60 2.1 -6092 3204
510271 60 2.1 -5956 3160
516852 60 2.1 -6116 3178
523519 60 2.1 -6004 3042
530271 60 2.1 -5960 3174
537111 60 2.1 -6052 3102
544038 60 2.1 -5784 2956
551055 60 2.1 -5852 3092
558163 60 2.1 -5932 3142
565362 60 2.1 -5868 3092
572654 60 2.1 -6024 3144
580040 60 2.1 -5988 3138
587521 60 2.1 -5976 3128
595099 60 2.1 -5896 3160
602775 60 2.1 -5924 3136
610549 60 2.1 -5920 3136
618424 60 2.1 -6052 3196
626400 60 2.1 -6044 3188
634480 60 2.1 -5596 2908
642663 60 2.1 -5920 3120
650952 60 2.1 -5976 3164
659348 60 2.1 -6000 3152
667853 60 2.1 -6080 3194
676467 60 2.1 -5648 2938
685192 60 2.1 -6080 3216
694029 60 2.1 -5988 3166
702981 60 2.1 -5960 3036
712048 60 2.1 -6108 3220
721232 60 2.1 -5952 3076
730534 60 2.1 -5968 3050
739957 60 2.1 -5868 3092
749500 60 2.1 -5992 3118
759168 60 2.1 -5836 3122
768959 60 2.1 -6132 3232
778877 60 2.1 -6200 3262
788923 60 2.1 -5952 3146
799099 60 2.1 -6032 3152
809405 60 2.1 -5904 3096
819845 60 2.1 -6064 3186
830419 60 2.1 -6084 3168
841130 60 2.1 -5976 3134
851979 60 2.1 -5832 3044
862968 60 2.1 -5836 3006
874098 60 2.1 -6212 3242
885373 60 2.1 -6236 3212
896792 60 2.1 -6084 3162
908359 60 2.1 -5976 3154
920075 60 2.1 -6028 3172
931942 60 2.1 -5740 2996
943962 60 2.1 -6236 3246
956137 60 2.1 -5940 3104
968470 60 2.1 -5992 3160
980961 60 2.1 -5912 3096
993613 60 2.1 -6140 3192
999999 60 2.1 -5980 3098
