3 140 2 -35652 18496
4 140 2 -35248 18344
5 140 2 -34712 18162
6 140 2 -34996 18274
7 140 2 -34644 18184
8 140 2 -34632 18144
9 140 2 -34792 18186
10 140 2 -34696 18138
11 140 2 -34548 18058
12 140 2 -34256 17920
13 140 2 -34052 17852
14 140 2 -34320 17898
15 140 2 -34424 17922
16 140 2 -34104 17828
17 140 2 -34588 17976
18 140 2 -34560 17978
19 140 2 -34408 17874
20 140 2 -34040 17698
21 140 2 -33996 17734
22 140 2 -34096 17746
23 140 2 -34192 17770
24 140 2 -34320 17856
25 140 2 -34520 17976
26 140 2 -34232 17866
27 140 2 -33936 17730
28 140 2 -34028 17758
29 140 2 -33948 17782
30 140 2 -33984 17780
31 140 2 -34212 17804
32 140 2 -34252 17858
33 140 2 -33724 17642
34 140 2 -33540 17556
35 140 2 -33996 17716
36 140 2 -33904 17682
37 140 2 -33712 17576
38 140 2 -33980 17706
39 140 2 -34004 17704
40 140 2 -34276 17784
41 140 2 -33904 17684
42 140 2 -34048 17692
43 140 2 -34156 17806
44 140 2 -34112 17796
45 140 2 -34216 17820
46 140 2 -34048 17740
47 140 2 -34136 17728
48 140 2 -34388 17810
49 140 2 -34092 17762
50 140 2 -33760 17642
51 140 2 -33832 17706
52 140 2 -33916 17750
53 140 2 -34168 17898
54 140 2 -34396 17946
55 140 2 -34464 18000
56 140 2 -34304 17894
57 140 2 -34164 17850
58 140 2 -34324 17836
59 140 2 -34424 17880
60 140 2 -34248 17816
61 140 2 -34336 17900
62 140 2 -34384 17904
63 140 2 -34144 17838
64 140 2 -34168 17862
65 140 2 -34500 17978
66 140 2 -34588 18056
67 140 2 -34492 18046
68 140 2 -34256 17980
69 140 2 -34220 18010
70 140 2 -34344 18020
71 140 2 -34616 18056
72 140 2 -34524 18064
73 140 2 -34660 18088
74 140 2 -34512 18052
75 140 2 -34268 17954
76 140 2 -34324 17950
77 140 2 -34360 17984
78 140 2 -34192 17866
79 140 2 -34336 17990
80 140 2 -34260 17816
81 140 2 -34128 17872
82 140 2 -34156 17874
83 140 2 -34036 17812
84 140 2 -33940 17772
85 140 2 -34272 17886
86 140 2 -34512 17986
88 140 2 -34524 18082
89 140 2 -34340 17938
90 140 2 -34236 17940
91 140 2 -33960 17792
92 140 2 -33776 17726
93 140 2 -33696 17736
95 140 2 -33936 17756
96 140 2 -33912 17788
97 140 2 -33852 17728
98 140 2 -34100 17800
99 140 2 -34052 17742
101 140 2 -34284 17916
102 140 2 -34040 17838
103 140 2 -34028 17842
105 140 2 -34560 18032
106 140 2 -34616 18046
107 140 2 -34640 18128
109 140 2 -34460 18012
110 140 2 -34164 17922
112 140 2 -34460 17980
113 140 2 -34560 18074
114 140 2 -34252 17970
116 140 2 -34356 17908
117 140 2 -34348 17906
119 140 2 -34536 18070
120 140 2 -34820 18152
122 140 2 -34608 18062
124 140 2 -34500 18028
125 140 2 -34244 17924
127 140 2 -34520 18028
128 140 2 -34488 18036
130 140 2 -34272 17960
132 140 2 -33928 17750
133 140 2 -34160 17908
135 140 2 -33984 17776
137 140 2 -34128 17858
139 140 2 -34868 18164
140 140 2 -34420 18010
142 140 2 -34432 17988
144 140 2 -34136 17854
146 140 2 -33896 17806
148 140 2 -34000 17866
150 140 2 -34088 17800
152 140 2 -33892 17740
154 140 2 -33844 17660
155 140 2 -33892 17596
157 140 2 -33788 17688
160 140 2 -33764 17604
162 140 2 -34268 17744
164 140 2 -33800 17610
166 140 2 -33720 17654
168 140 2 -34108 17794
170 140 2 -34268 17864
172 140 2 -34296 17956
174 140 2 -34384 17906
177 140 2 -34488 17928
179 140 2 -34180 17802
181 140 2 -34104 17816
184 140 2 -33940 17784
186 140 2 -34156 17850
188 140 2 -34212 17952
191 140 2 -34472 18002
193 140 2 -34416 17988
196 140 2 -34292 17930
198 140 2 -34368 17922
201 140 2 -34212 17930
203 140 2 -33992 17812
206 140 2 -34060 17860
209 140 2 -33644 17660
211 140 2 -33800 17720
214 140 2 -34168 17858
217 140 2 -34120 17938
220 140 2 -34468 18018
222 140 2 -34304 17944
225 140 2 -34048 17822
228 140 2 -34376 17960
231 140 2 -34436 18032
234 140 2 -34260 17914
237 140 2 -34284 17886
240 140 2 -34132 17860
243 140 2 -34192 17872
246 140 2 -34224 17902
250 140 2 -34892 18228
253 140 2 -34452 18056
256 140 2 -34456 17994
259 140 2 -34044 17802
263 140 2 -33920 17712
266 140 2 -34292 17888
269 140 2 -34180 17876
273 140 2 -34616 18016
276 140 2 -34736 18082
280 140 2 -34200 17932
284 140 2 -34212 17870
287 140 2 -34104 17838
291 140 2 -34496 17988
295 140 2 -34264 17864
298 140 2 -34036 17730
302 140 2 -33656 17592
306 140 2 -34212 17850
310 140 2 -34092 17914
314 140 2 -34328 17952
318 140 2 -34004 17766
322 140 2 -34240 17926
326 140 2 -34108 17828
331 140 2 -34144 17772
335 140 2 -34272 17934
339 140 2 -34456 17976
344 140 2 -34604 18036
348 140 2 -34424 17988
352 140 2 -34664 18118
357 140 2 -34708 18102
362 140 2 -34392 17930
366 140 2 -34176 17916
371 140 2 -34152 17896
376 140 2 -34388 17934
381 140 2 -33956 17818
385 140 2 -33880 17772
390 140 2 -34280 17880
395 140 2 -34448 17886
401 140 2 -34208 17754
406 140 2 -34220 17770
411 140 2 -34220 17816
416 140 2 -33880 17704
422 140 2 -34408 17958
427 140 2 -34536 17992
433 140 2 -34092 17788
438 140 2 -33992 17828
444 140 2 -34288 17890
449 140 2 -34432 17980
455 140 2 -33936 17720
461 140 2 -34116 17876
467 140 2 -34332 17986
473 140 2 -34204 17904
479 140 2 -34500 17998
485 140 2 -34292 17882
492 140 2 -34056 17824
498 140 2 -34508 18076
504 140 2 -34800 18150
511 140 2 -34492 18012
517 140 2 -34076 17826
524 140 2 -33896 17802
531 140 2 -34196 17862
538 140 2 -34396 17802
545 140 2 -34328 17872
552 140 2 -34144 17862
559 140 2 -33912 17726
566 140 2 -34128 17770
573 140 2 -34280 17936
581 140 2 -34356 18026
588 140 2 -34168 17854
596 140 2 -34152 17782
603 140 2 -34448 17964
611 140 2 -34076 17762
619 140 2 -33948 17766
627 140 2 -34220 17904
635 140 2 -34300 17906
643 140 2 -34056 17860
652 140 2 -34304 17958
660 140 2 -34372 18016
668 140 2 -34276 17886
677 140 2 -34412 17952
686 140 2 -34088 17692
695 140 2 -34284 17904
704 140 2 -34144 17852
713 140 2 -34028 17662
722 140 2 -34076 17766
731 140 2 -34160 17742
741 140 2 -33896 17638
750 140 2 -34316 17838
760 140 2 -34136 17792
770 140 2 -34216 17830
780 140 2 -34232 17712
790 140 2 -34176 17736
800 140 2 -34488 18006
810 140 2 -34404 18012
821 140 2 -34008 17806
831 140 2 -33984 17666
842 140 2 -34280 17956
853 140 2 -34492 18010
864 140 2 -34184 17926
875 140 2 -34056 17764
886 140 2 -34020 17802
897 140 2 -34036 17748
909 140 2 -34812 18106
921 140 2 -34492 17990
933 140 2 -34136 17684
945 140 2 -33824 17752
957 140 2 -33976 17730
969 140 2 -34044 17754
982 140 2 -34284 17886
994 140 2 -34740 18084
1007 140 2 -34128 17792
1020 140 2 -34012 17834
1033 140 2 -33800 17702
1047 140 2 -33980 17826
1060 140 2 -34336 17908
1074 140 2 -34308 17950
1088 140 2 -34352 17904
1102 140 2 -34340 17954
1116 140 2 -34332 17994
1130 140 2 -34236 17866
1145 140 2 -34708 18088
1160 140 2 -34332 17982
1174 140 2 -34368 18004
1190 140 2 -34184 17872
1205 140 2 -34292 17910
1220 140 2 -34024 17812
1236 140 2 -34440 17998
1252 140 2 -34404 17974
1268 140 2 -34088 17842
1285 140 2 -34080 17852
1301 140 2 -33912 17652
1318 140 2 -33956 17738
1335 140 2 -34260 17856
1352 140 2 -34144 17910
1370 140 2 -34196 17900
1387 140 2 -33808 17656
1405 140 2 -34092 17814
1423 140 2 -34252 17880
1442 140 2 -34500 17962
1460 140 2 -33964 17758
1479 140 2 -34040 17772
1498 140 2 -34476 17988
1517 140 2 -33768 17662
1537 140 2 -33872 17530
1557 140 2 -34444 18052
1577 140 2 -34488 18040
1597 140 2 -33956 17764
1618 140 2 -34280 17872
1639 140 2 -33964 17836
1660 140 2 -34200 17894
1681 140 2 -34368 17926
1703 140 2 -34504 17984
1725 140 2 -34260 17902
1747 140 2 -34012 17814
1770 140 2 -34060 17862
1792 140 2 -34324 17906
1816 140 2 -34180 17848
1839 140 2 -34200 17898
1863 140 2 -34180 17794
1887 140 2 -34840 18172
1911 140 2 -34176 18000
1936 140 2 -34336 18002
1961 140 2 -34080 17834
1986 140 2 -34052 17852
2012 140 2 -34224 17828
2037 140 2 -34340 17886
2064 140 2 -34492 17996
2090 140 2 -34404 17886
2117 140 2 -33836 17618
2145 140 2 -34076 17670
2172 140 2 -34184 17852
2200 140 2 -34064 17794
2229 140 2 -33800 17660
2257 140 2 -34216 17734
2286 140 2 -34804 18104
2316 140 2 -33932 17838
2346 140 2 -34244 17846
2376 140 2 -34392 17976
2407 140 2 -34128 17736
2438 140 2 -34376 17964
2469 140 2 -33860 17646
2501 140 2 -34540 18042
2533 140 2 -34272 17856
2566 140 2 -34248 17872
2599 140 2 -34528 18072
2633 140 2 -34348 17922
2667 140 2 -34152 17860
2701 140 2 -34696 18098
2736 140 2 -34296 17896
2771 140 2 -34164 17864
2807 140 2 -34092 17808
2843 140 2 -34352 17920
2880 140 2 -34428 17818
2917 140 2 -34320 17944
2954 140 2 -34256 17910
2992 140 2 -34540 17998
3031 140 2 -34188 17858
3070 140 2 -34532 18020
3110 140 2 -34240 17852
3150 140 2 -34220 17820
3190 140 2 -34556 18066
3232 140 2 -34284 17880
3273 140 2 -34380 17946
3315 140 2 -34456 17970
3358 140 2 -34044 17684
3402 140 2 -34264 17960
3445 140 2 -34316 17902
3490 140 2 -34380 17944
3535 140 2 -34440 17968
3580 140 2 -33872 17722
3627 140 2 -34052 17678
3673 140 2 -34624 18122
3721 140 2 -34156 17806
3769 140 2 -34244 17842
3817 140 2 -33872 17662
3867 140 2 -34012 17740
3916 140 2 -33904 17616
3967 140 2 -34228 17878
4018 140 2 -34532 18024
4070 140 2 -34360 17896
4122 140 2 -33924 17706
4176 140 2 -33936 17692
4229 140 2 -33960 17730
4284 140 2 -34088 17722
4339 140 2 -34176 17838
4395 140 2 -34228 17968
4452 140 2 -34096 17920
4509 140 2 -33876 17720
4567 140 2 -34216 17890
4626 140 2 -33844 17542
4686 140 2 -34156 17824
4746 140 2 -33980 17732
4808 140 2 -34312 17926
4870 140 2 -34124 17724
4932 140 2 -34140 17834
4996 140 2 -34320 17998
5060 140 2 -34012 17704
5126 140 2 -33872 17658
5192 140 2 -34616 18066
5259 140 2 -34364 17870
5327 140 2 -34532 17944
5395 140 2 -34356 17898
5465 140 2 -34072 17642
5535 140 2 -34188 17836
5607 140 2 -34104 17786
5679 140 2 -34220 17930
5752 140 2 -34468 17980
5826 140 2 -34248 17930
5902 140 2 -34384 18030
5978 140 2 -34380 17992
6055 140 2 -34288 17908
6133 140 2 -34036 17726
6212 140 2 -34136 17834
6292 140 2 -34052 17916
6373 140 2 -34276 17854
6455 140 2 -34036 17616
6539 140 2 -33964 17756
6623 140 2 -34000 17698
6708 140 2 -34020 17566
6795 140 2 -34096 17846
6883 140 2 -34576 18062
6971 140 2 -34320 17968
7061 140 2 -33824 17634
7152 140 2 -33888 17662
7245 140 2 -34416 17938
7338 140 2 -34192 17936
7433 140 2 -34484 17956
7529 140 2 -33968 17760
7626 140 2 -34204 17898
7724 140 2 -34060 17790
7824 140 2 -33864 17754
7925 140 2 -34180 17758
8027 140 2 -34252 17872
8130 140 2 -34472 18040
8235 140 2 -33776 17600
8341 140 2 -34256 17842
8449 140 2 -34120 17794
8558 140 2 -34004 17802
8668 140 2 -34560 17990
8780 140 2 -34424 17882
8893 140 2 -34440 18020
9008 140 2 -33936 17678
9124 140 2 -33636 17574
9242 140 2 -34332 17948
9361 140 2 -34668 18070
9482 140 2 -33880 17754
9604 140 2 -34036 17838
9728 140 2 -33692 17668
9853 140 2 -34124 17680
9980 140 2 -34068 17834
10109 140 2 -34288 17876
10240 140 2 -34268 17960
10372 140 2 -33844 17666
10505 140 2 -34144 17856
10641 140 2 -34516 18004
10778 140 2 -34228 17792
10917 140 2 -34264 17858
11058 140 2 -34348 17960
11201 140 2 -34380 17928
11345 140 2 -34204 17880
11491 140 2 -34656 18034
11640 140 2 -34184 17880
11790 140 2 -34444 17948
11942 140 2 -33976 17780
12096 140 2 -34092 17810
12252 140 2 -33912 17888
12410 140 2 -33912 17770
12570 140 2 -34344 18018
12732 140 2 -34272 17852
12896 140 2 -34508 18050
13062 140 2 -33912 17702
13231 140 2 -34024 17714
13402 140 2 -34012 17814
13574 140 2 -34532 17978
13750 140 2 -34060 17830
13927 140 2 -34428 17906
14106 140 2 -34064 17858
14288 140 2 -33988 17704
14473 140 2 -34408 17994
14659 140 2 -34184 17862
14848 140 2 -34956 18208
15040 140 2 -33784 17656
15234 140 2 -34060 17822
15430 140 2 -34152 17802
15629 140 2 -34116 17906
15831 140 2 -34136 17880
16035 140 2 -34148 17890
16242 140 2 -34460 17958
16451 140 2 -34268 17904
16664 140 2 -34256 17852
16879 140 2 -33972 17742
17096 140 2 -34060 17770
17317 140 2 -34216 17892
17540 140 2 -34028 17826
17766 140 2 -34396 17960
17995 140 2 -34328 17916
18228 140 2 -34540 18030
18463 140 2 -34028 17760
18701 140 2 -33804 17566
18942 140 2 -34068 17824
19186 140 2 -33956 17694
19434 140 2 -34560 18126
19684 140 2 -34036 17728
19938 140 2 -33872 17768
20195 140 2 -34108 17742
20456 140 2 -34252 17944
20720 140 2 -34568 17984
20987 140 2 -34560 18086
21258 140 2 -34568 18042
21532 140 2 -33928 17734
21810 140 2 -33984 17614
22091 140 2 -33780 17500
22376 140 2 -34196 17886
22664 140 2 -33908 17724
22957 140 2 -33736 17740
23253 140 2 -34148 17842
23553 140 2 -34104 17826
23856 140 2 -34384 17932
24164 140 2 -34200 17840
24476 140 2 -34264 17894
24791 140 2 -34288 17828
25111 140 2 -33660 17564
25435 140 2 -34356 17862
25763 140 2 -34528 17910
26095 140 2 -34368 17880
26432 140 2 -34228 17946
26773 140 2 -33860 17640
27118 140 2 -34380 17990
27468 140 2 -34424 17848
27822 140 2 -34376 17914
28181 140 2 -34216 17928
28545 140 2 -34520 17996
28913 140 2 -34624 18098
29286 140 2 -34292 17904
29663 140 2 -34200 17898
30046 140 2 -34108 17868
30434 140 2 -34212 18002
30826 140 2 -34072 17882
31224 140 2 -34344 17830
31626 140 2 -34148 17746
32034 140 2 -34068 17670
32447 140 2 -34316 17922
32866 140 2 -34056 17926
33290 140 2 -34384 17928
33719 140 2 -34112 17870
34154 140 2 -34324 17956
34595 140 2 -33908 17734
35041 140 2 -34216 17808
35493 140 2 -34484 17990
35951 140 2 -34020 17842
36414 140 2 -34520 17942
36884 140 2 -34392 17918
37360 140 2 -33912 17708
37841 140 2 -33956 17694
38330 140 2 -34336 17908
38824 140 2 -34060 17778
39325 140 2 -34176 17838
39832 140 2 -33984 17830
40346 140 2 -34408 17954
40866 140 2 -34428 17856
41393 140 2 -34260 17804
41927 140 2 -34216 17846
42468 140 2 -34368 17922
43015 140 2 -34504 18058
43570 140 2 -34064 17792
44132 140 2 -34384 17948
44701 140 2 -34200 17782
45278 140 2 -34572 18028
45862 140 2 -34320 18020
46453 140 2 -34096 17822
47053 140 2 -34124 17812
47660 140 2 -34676 18068
48274 140 2 -34280 17908
48897 140 2 -34328 17980
49528 140 2 -34128 17772
50166 140 2 -33896 17688
50813 140 2 -34128 17884
51469 140 2 -33864 17798
52133 140 2 -34364 17906
52805 140 2 -34460 18004
53486 140 2 -34616 18086
54176 140 2 -33828 17668
54875 140 2 -34660 18072
55582 140 2 -34300 17910
56299 140 2 -33852 17828
57025 140 2 -34368 17992
57761 140 2 -34200 17854
58506 140 2 -34212 17866
59261 140 2 -34216 17912
60025 140 2 -34644 18068
60799 140 2 -34024 17818
61583 140 2 -34384 18000
62378 140 2 -34432 17936
63182 140 2 -34256 17838
63997 140 2 -34384 17988
64822 140 2 -34184 17816
65658 140 2 -34460 17924
66505 140 2 -34476 17956
67363 140 2 -34264 17964
68232 140 2 -34312 17884
69112 140 2 -34208 17838
70003 140 2 -34288 17956
70906 140 2 -34400 18028
71821 140 2 -34124 17832
72747 140 2 -34528 17962
73685 140 2 -34404 17980
74636 140 2 -34244 17938
75599 140 2 -34188 17842
76574 140 2 -33924 17808
77561 140 2 -33640 17634
78562 140 2 -34680 18098
79575 140 2 -34304 18038
80601 140 2 -34184 17802
81641 140 2 -34012 17842
82694 140 2 -34068 17674
83760 140 2 -34416 17916
84841 140 2 -34308 17896
85935 140 2 -34196 17866
87043 140 2 -34076 17798
88166 140 2 -34272 17888
89303 140 2 -34196 17858
90455 140 2 -34228 17908
91622 140 2 -34228 17782
92803 140 2 -34236 17886
94000 140 2 -34496 17940
95213 140 2 -33964 17820
96441 140 2 -34100 17780
97685 140 2 -34176 17856
98945 140 2 -34264 17880
100221 140 2 -34264 17856
101513 140 2 -34276 17924
102823 140 2 -34240 17944
104149 140 2 -34092 17704
105492 140 2 -34512 17996
106853 140 2 -34096 17772
108231 140 2 -34164 17818
109627 140 2 -34284 17962
111041 140 2 -34588 18052
112473 140 2 -34124 17842
113924 140 2 -34184 17796
115393 140 2 -34348 17918
116882 140 2 -33752 17704
118389 140 2 -34204 17784
119916 140 2 -34268 17858
121463 140 2 -34164 17898
123029 140 2 -34656 18038
124616 140 2 -34292 17984
126224 140 2 -34532 18070
127852 140 2 -34368 17852
129501 140 2 -34192 17814
131171 140 2 -33892 17692
132863 140 2 -34520 18042
134576 140 2 -34252 17816
136312 140 2 -33884 17632
138070 140 2 -34200 17904
139851 140 2 -34032 17758
141655 140 2 -34252 17940
143482 140 2 -34268 17952
145333 140 2 -34056 17792
147207 140 2 -34696 18022
149106 140 2 -34136 17842
151029 140 2 -34392 17960
152977 140 2 -34596 17918
154950 140 2 -34292 17946
156948 140 2 -33984 17752
158973 140 2 -34068 17634
161023 140 2 -34696 18144
163100 140 2 -33996 17776
165204 140 2 -34400 17948
167334 140 2 -33848 17780
169493 140 2 -33600 17658
171679 140 2 -33792 17728
173893 140 2 -34008 17786
176136 140 2 -34556 18006
178408 140 2 -33956 17808
180709 140 2 -34348 17998
183040 140 2 -34492 18020
185400 140 2 -34048 17758
187792 140 2 -33952 17802
190214 140 2 -34324 17962
192667 140 2 -34532 18064
195152 140 2 -34340 17948
197669 140 2 -34012 17822
200219 140 2 -33868 17558
202801 140 2 -34660 18142
205417 140 2 -33984 17806
208066 140 2 -34008 17790
210750 140 2 -34376 17936
213468 140 2 -33872 17602
216222 140 2 -34020 17738
219010 140 2 -34340 17868
221835 140 2 -34020 17864
224696 140 2 -34240 17862
227595 140 2 -34500 17994
230530 140 2 -34284 17786
233503 140 2 -34096 17890
236515 140 2 -34020 17866
239566 140 2 -34380 18002
242656 140 2 -34180 17842
245785 140 2 -34000 17796
248956 140 2 -33668 17618
252167 140 2 -33848 17592
255419 140 2 -34076 17864
258713 140 2 -33848 17588
262050 140 2 -33792 17460
265430 140 2 -34200 17852
268854 140 2 -34316 17914
272321 140 2 -34176 17862
275834 140 2 -34276 17830
279391 140 2 -34504 17994
282995 140 2 -34068 17882
286645 140 2 -34156 17864
290342 140 2 -34152 17832
294087 140 2 -34292 17846
297880 140 2 -34148 17924
301722 140 2 -34064 17740
305614 140 2 -33988 17746
309556 140 2 -34132 17856
313548 140 2 -34540 17980
317592 140 2 -34600 17986
321689 140 2 -33960 17706
325838 140 2 -34192 17820
330040 140 2 -34232 17876
334297 140 2 -34668 18068
338609 140 2 -33872 17748
342976 140 2 -34328 17948
347400 140 2 -34172 17820
351881 140 2 -33776 17728
356419 140 2 -33956 17804
361016 140 2 -34024 17720
365673 140 2 -34236 17840
370389 140 2 -34104 17840
375167 140 2 -34424 18020
380005 140 2 -34116 17848
384907 140 2 -33908 17748
389871 140 2 -34260 17708
394900 140 2 -33880 17736
399993 140 2 -34192 17800
405152 140 2 -34144 17866
410378 140 2 -34288 17888
415671 140 2 -34212 17904
421032 140 2 -34244 17852
426463 140 2 -34456 18006
431963 140 2 -34736 18074
437535 140 2 -34148 17816
443178 140 2 -33856 17748
448894 140 2 -34308 17896
454684 140 2 -34416 17962
460548 140 2 -34588 18042
466489 140 2 -34212 17816
472505 140 2 -34288 17882
478600 140 2 -34508 17926
484773 140 2 -33988 17732
491025 140 2 -34016 17746
497358 140 2 -34292 17850
503773 140 2 -34128 17864
510271 140 2 -33996 17676
516852 140 2 -34240 17966
523519 140 2 -33896 17714
530271 140 2 -34476 17886
537111 140 2 -33996 17838
544038 140 2 -34004 17792
551055 140 2 -34236 17882
558163 140 2 -33904 17682
565362 140 2 -33920 17828
572654 140 2 -34176 17838
580040 140 2 -34900 18174
587521 140 2 -33808 17502
595099 140 2 -33496 17494
602775 140 2 -34012 17838
610549 140 2 -34428 17964
618424 140 2 -34572 18044
626400 140 2 -34648 18122
634480 140 2 -34432 17988
642663 140 2 -34148 17808
650952 140 2 -34308 17906
659348 140 2 -34016 17826
667853 140 2 -34520 18038
676467 140 2 -33740 17782
685192 140 2 -34044 17728
694029 140 2 -34104 17818
702981 140 2 -34092 17696
712048 140 2 -34224 17934
721232 140 2 -34328 17936
730534 140 2 -34236 17796
739957 140 2 -34200 17912
749500 140 2 -33984 17672
759168 140 2 -34256 18008
768959 140 2 -34308 17966
778877 140 2 -34588 18030
788923 140 2 -34096 17776
799099 140 2 -33872 17554
809405 140 2 -34132 17880
819845 140 2 -34132 17750
830419 140 2 -33844 17818
841130 140 2 -34736 18160
851979 140 2 -34344 17886
862968 140 2 -34264 17940
874098 140 2 -34580 18034
885373 140 2 -34036 17806
896792 140 2 -34404 17994
908359 140 2 -33932 17706
920075 140 2 -34120 17908
931942 140 2 -34076 17758
943962 140 2 -34160 17814
956137 140 2 -34048 17868
968470 140 2 -34208 17940
980961 140 2 -34156 17866
993613 140 2 -33900 17762
999999 140 2 -34088 17752
