3 140 2.3 -18056 44
4 140 2.3 -19120 170
5 140 2.3 -19900 370
6 140 2.3 -20716 316
7 140 2.3 -21000 218
8 140 2.3 -21372 92
9 140 2.3 -21364 96
10 140 2.3 -21636 338
11 140 2.3 -22004 430
12 140 2.3 -22532 400
13 140 2.3 -22580 522
14 140 2.3 -22468 462
15 140 2.3 -22760 568
16 140 2.3 -22960 654
17 140 2.3 -23116 520
18 140 2.3 -23316 700
19 140 2.3 -23496 680
20 140 2.3 -23396 600
21 140 2.3 -23684 540
22 140 2.3 -23424 682
23 140 2.3 -23892 892
24 140 2.3 -23988 1288
25 140 2.3 -23800 1122
26 140 2.3 -23640 1006
27 140 2.3 -23980 1432
28 140 2.3 -23864 1226
29 140 2.3 -24196 1250
30 140 2.3 -24372 1008
31 140 2.3 -24200 786
32 140 2.3 -24132 784
33 140 2.3 -24036 766
34 140 2.3 -24344 846
35 140 2.3 -24112 652
36 140 2.3 -24328 580
37 140 2.3 -24204 648
38 140 2.3 -24336 852
39 140 2.3 -24396 908
40 140 2.3 -24648 1032
41 140 2.3 -25100 996
42 140 2.3 -24684 984
43 140 2.3 -24692 996
44 140 2.3 -25124 890
45 140 2.3 -24540 728
46 140 2.3 -24344 1108
47 140 2.3 -24480 922
48 140 2.3 -24608 766
49 140 2.3 -24564 956
50 140 2.3 -24420 1086
51 140 2.3 -24708 1148
52 140 2.3 -24796 1132
53 140 2.3 -24524 1128
54 140 2.3 -24928 1404
55 140 2.3 -25024 1160
56 140 2.3 -24996 960
57 140 2.3 -25208 1216
58 140 2.3 -25308 1168
59 140 2.3 -25040 1198
60 140 2.3 -24720 1228
61 140 2.3 -25024 1326
62 140 2.3 -25512 1440
63 140 2.3 -25472 1362
64 140 2.3 -25576 1502
65 140 2.3 -25472 1536
66 140 2.3 -25284 1352
67 140 2.3 -25344 1074
68 140 2.3 -25420 1030
69 140 2.3 -25496 1210
70 140 2.3 -25412 1268
71 140 2.3 -25600 1118
72 140 2.3 -25520 1326
73 140 2.3 -25532 1324
74 140 2.3 -25784 1148
75 140 2.3 -25888 1160
76 140 2.3 -25512 964
77 140 2.3 -25508 780
78 140 2.3 -25456 516
79 140 2.3 -25452 554
80 140 2.3 -25420 558
81 140 2.3 -25324 296
82 140 2.3 -25468 340
83 140 2.3 -24924 338
84 140 2.3 -25376 440
85 140 2.3 -25356 480
86 140 2.3 -25604 358
88 140 2.3 -25804 98
89 140 2.3 -25660 74
90 140 2.3 -25548 94
91 140 2.3 -25160 146
92 140 2.3 -25304 -18
93 140 2.3 -25352 -46
95 140 2.3 -25096 54
96 140 2.3 -24928 48
97 140 2.3 -24840 64
98 140 2.3 -24860 22
99 140 2.3 -25380 128
101 140 2.3 -25228 362
102 140 2.3 -25192 226
103 140 2.3 -25296 240
105 140 2.3 -25828 186
106 140 2.3 -25464 316
107 140 2.3 -25524 472
109 140 2.3 -25216 664
110 140 2.3 -25184 520
112 140 2.3 -25144 102
113 140 2.3 -25132 -6
114 140 2.3 -24856 296
116 140 2.3 -24564 302
117 140 2.3 -24984 82
119 140 2.3 -24772 164
120 140 2.3 -24840 134
122 140 2.3 -25004 370
124 140 2.3 -24812 468
125 140 2.3 -25132 390
127 140 2.3 -25192 478
128 140 2.3 -25312 438
130 140 2.3 -25220 32
132 140 2.3 -25208 -274
133 140 2.3 -24948 -286
135 140 2.3 -24920 -222
137 140 2.3 -25036 -4
139 140 2.3 -25276 -152
140 140 2.3 -25316 -324
142 140 2.3 -25348 -452
144 140 2.3 -25268 -462
146 140 2.3 -25256 -796
148 140 2.3 -25096 -558
150 140 2.3 -25500 -728
152 140 2.3 -25664 -820
154 140 2.3 -25280 -562
155 140 2.3 -25764 -586
157 140 2.3 -25764 -606
160 140 2.3 -25316 94
162 140 2.3 -24880 210
164 140 2.3 -24868 616
166 140 2.3 -25004 556
168 140 2.3 -25268 664
170 140 2.3 -25172 772
172 140 2.3 -25248 540
174 140 2.3 -26032 526
177 140 2.3 -25988 734
179 140 2.3 -25752 570
181 140 2.3 -25504 268
184 140 2.3 -25408 -382
186 140 2.3 -25248 -262
188 140 2.3 -25004 -166
191 140 2.3 -25208 -264
193 140 2.3 -25568 -224
196 140 2.3 -25476 -298
198 140 2.3 -25380 -376
201 140 2.3 -25360 -238
203 140 2.3 -25648 -374
206 140 2.3 -25940 -268
209 140 2.3 -25836 -194
211 140 2.3 -26112 -218
214 140 2.3 -25244 -362
217 140 2.3 -25432 -444
220 140 2.3 -25728 -538
222 140 2.3 -25736 -520
225 140 2.3 -25552 -380
228 140 2.3 -25204 -616
231 140 2.3 -25092 -564
234 140 2.3 -25376 -618
237 140 2.3 -25412 -1062
240 140 2.3 -25832 -968
243 140 2.3 -25412 -1262
246 140 2.3 -25968 -1238
250 140 2.3 -25704 -1252
253 140 2.3 -25564 -1220
256 140 2.3 -25488 -1572
259 140 2.3 -25444 -1784
263 140 2.3 -26144 -1602
266 140 2.3 -25924 -1576
269 140 2.3 -25876 -1658
273 140 2.3 -26276 -1418
276 140 2.3 -25376 -1202
280 140 2.3 -25852 -832
284 140 2.3 -25284 -1076
287 140 2.3 -25540 -1224
291 140 2.3 -25184 -1108
295 140 2.3 -25520 -482
298 140 2.3 -25796 -388
302 140 2.3 -25540 -116
306 140 2.3 -25560 390
310 140 2.3 -25584 -76
314 140 2.3 -25556 96
318 140 2.3 -25440 116
322 140 2.3 -26012 -380
326 140 2.3 -25364 -190
331 140 2.3 -25624 -444
335 140 2.3 -25028 -326
339 140 2.3 -25112 -664
344 140 2.3 -25744 -654
348 140 2.3 -25660 -826
352 140 2.3 -25480 -976
357 140 2.3 -25276 -1318
362 140 2.3 -25732 -1436
366 140 2.3 -25692 -1624
371 140 2.3 -25780 -2116
376 140 2.3 -25712 -2536
381 140 2.3 -25292 -2392
385 140 2.3 -25388 -2210
390 140 2.3 -25320 -2410
395 140 2.3 -26104 -2748
401 140 2.3 -25260 -2856
406 140 2.3 -25176 -2810
411 140 2.3 -25508 -2832
416 140 2.3 -25816 -2744
422 140 2.3 -25596 -2734
427 140 2.3 -25772 -2694
433 140 2.3 -25560 -2612
438 140 2.3 -25372 -2064
444 140 2.3 -25568 -2158
449 140 2.3 -25516 -2374
455 140 2.3 -25364 -2410
461 140 2.3 -25552 -3406
467 140 2.3 -26108 -3388
473 140 2.3 -25952 -3350
479 140 2.3 -26128 -3038
485 140 2.3 -25668 -2928
492 140 2.3 -25820 -2844
498 140 2.3 -26180 -2846
504 140 2.3 -26076 -3014
511 140 2.3 -25660 -2908
517 140 2.3 -25512 -2766
524 140 2.3 -25244 -3508
531 140 2.3 -25728 -3902
538 140 2.3 -25968 -3986
545 140 2.3 -25844 -3988
552 140 2.3 -26092 -3624
559 140 2.3 -25940 -3918
566 140 2.3 -26020 -3650
573 140 2.3 -25156 -3044
581 140 2.3 -26076 -2874
588 140 2.3 -26312 -3100
596 140 2.3 -25488 -3462
603 140 2.3 -25980 -3878
611 140 2.3 -25700 -3434
619 140 2.3 -25700 -3592
627 140 2.3 -26488 -3758
635 140 2.3 -25736 -3968
643 140 2.3 -26136 -3920
652 140 2.3 -26184 -3206
660 140 2.3 -26328 -3402
668 140 2.3 -26068 -3482
677 140 2.3 -26716 -3190
686 140 2.3 -26220 -2842
695 140 2.3 -25908 -2354
704 140 2.3 -26300 -2466
713 140 2.3 -26064 -2700
722 140 2.3 -25468 -2544
731 140 2.3 -25828 -2688
741 140 2.3 -25936 -3142
750 140 2.3 -25428 -3074
760 140 2.3 -25512 -3210
770 140 2.3 -26164 -3290
780 140 2.3 -25604 -3254
790 140 2.3 -26344 -3258
800 140 2.3 -25828 -2892
810 140 2.3 -25796 -3148
821 140 2.3 -26836 -3456
831 140 2.3 -26504 -3884
842 140 2.3 -26500 -4162
853 140 2.3 -26416 -3986
864 140 2.3 -26092 -3472
875 140 2.3 -26532 -3354
886 140 2.3 -26328 -2684
897 140 2.3 -25952 -1890
909 140 2.3 -26044 -2694
921 140 2.3 -26312 -3066
933 140 2.3 -26252 -2626
945 140 2.3 -26292 -2486
957 140 2.3 -26340 -2560
969 140 2.3 -26224 -2258
982 140 2.3 -25860 -2352
994 140 2.3 -25608 -2766
1007 140 2.3 -25696 -2596
1020 140 2.3 -26592 -2444
1033 140 2.3 -26064 -2908
1047 140 2.3 -26888 -3104
1060 140 2.3 -26488 -3046
1074 140 2.3 -26668 -2476
1088 140 2.3 -26700 -1906
1102 140 2.3 -26176 -2250
1116 140 2.3 -25628 -1638
1130 140 2.3 -25368 -1540
1145 140 2.3 -25908 -2130
1160 140 2.3 -26112 -2454
1174 140 2.3 -25876 -1670
1190 140 2.3 -26560 -1518
1205 140 2.3 -25512 -894
1220 140 2.3 -25808 -698
1236 140 2.3 -25476 -390
1252 140 2.3 -26032 -186
1268 140 2.3 -26496 248
1285 140 2.3 -26188 -388
1301 140 2.3 -26696 -738
1318 140 2.3 -26556 98
1335 140 2.3 -25776 504
1352 140 2.3 -26620 962
1370 140 2.3 -26248 1314
1387 140 2.3 -26644 1582
1405 140 2.3 -26868 2102
1423 140 2.3 -26460 1170
1442 140 2.3 -25908 1722
1460 140 2.3 -26572 2018
1479 140 2.3 -26628 1564
1498 140 2.3 -25992 1104
1517 140 2.3 -26176 996
1537 140 2.3 -26056 188
1557 140 2.3 -26060 -172
1577 140 2.3 -25904 160
1597 140 2.3 -25984 768
1618 140 2.3 -25484 1308
1639 140 2.3 -26096 1426
1660 140 2.3 -26416 2640
1681 140 2.3 -26132 2112
1703 140 2.3 -26584 2248
1725 140 2.3 -26420 3106
1747 140 2.3 -26548 2458
1770 140 2.3 -26336 3380
1792 140 2.3 -26244 3126
1816 140 2.3 -26092 3290
1839 140 2.3 -26148 3718
1863 140 2.3 -26264 4436
1887 140 2.3 -25476 4640
1911 140 2.3 -25888 4918
1936 140 2.3 -25608 4644
1961 140 2.3 -26244 4716
1986 140 2.3 -26320 4422
2012 140 2.3 -26020 4478
2037 140 2.3 -25872 4272
2064 140 2.3 -25856 4270
2090 140 2.3 -26700 4386
2117 140 2.3 -26260 4916
2145 140 2.3 -25704 5174
2172 140 2.3 -26212 4414
2200 140 2.3 -26392 4476
2229 140 2.3 -26184 4050
2257 140 2.3 -26532 3536
2286 140 2.3 -26416 2916
2316 140 2.3 -25764 1632
2346 140 2.3 -26476 2866
2376 140 2.3 -26392 1400
2407 140 2.3 -26744 1742
2438 140 2.3 -26324 1288
2469 140 2.3 -25580 1336
2501 140 2.3 -25684 970
2533 140 2.3 -25748 416
2566 140 2.3 -25820 90
2599 140 2.3 -26308 -544
2633 140 2.3 -26044 874
2667 140 2.3 -26076 -134
2701 140 2.3 -26532 -452
2736 140 2.3 -26752 -128
2771 140 2.3 -26236 128
2807 140 2.3 -26040 1300
2843 140 2.3 -26340 260
2880 140 2.3 -25696 -62
2917 140 2.3 -26676 -668
2954 140 2.3 -26500 -1140
2992 140 2.3 -26632 -320
3031 140 2.3 -26256 -140
3070 140 2.3 -25760 -118
3110 140 2.3 -26388 260
3150 140 2.3 -26628 54
3190 140 2.3 -26668 -162
3232 140 2.3 -26036 230
3273 140 2.3 -26028 526
3315 140 2.3 -26432 56
3358 140 2.3 -26360 100
3402 140 2.3 -25960 -964
3445 140 2.3 -25868 -398
3490 140 2.3 -26652 -584
3535 140 2.3 -26444 -290
3580 140 2.3 -25760 402
3627 140 2.3 -26280 878
3673 140 2.3 -26016 448
3721 140 2.3 -26880 -1298
3769 140 2.3 -25360 -1996
3817 140 2.3 -26736 -1586
3867 140 2.3 -26732 -222
3916 140 2.3 -26376 -1380
3967 140 2.3 -26432 -2870
4018 140 2.3 -26328 -1840
4070 140 2.3 -26756 -882
4122 140 2.3 -26864 -340
4176 140 2.3 -26924 -362
4229 140 2.3 -26256 536
4284 140 2.3 -26584 -916
4339 140 2.3 -26708 -266
4395 140 2.3 -26004 -1004
4452 140 2.3 -26996 -1942
4509 140 2.3 -26724 -1798
4567 140 2.3 -26376 -2814
4626 140 2.3 -26804 -3678
4686 140 2.3 -26156 -4274
4746 140 2.3 -26364 -4338
4808 140 2.3 -26148 -5124
4870 140 2.3 -26400 -4516
4932 140 2.3 -26680 -5438
4996 140 2.3 -27076 -4928
5060 140 2.3 -27020 -4534
5126 140 2.3 -27132 -4562
5192 140 2.3 -26316 -3990
5259 140 2.3 -26364 -4396
5327 140 2.3 -26252 -5684
5395 140 2.3 -26036 -5994
5465 140 2.3 -26260 -5798
5535 140 2.3 -26400 -7158
5607 140 2.3 -25852 -6758
5679 140 2.3 -26668 -7148
5752 140 2.3 -25904 -6922
5826 140 2.3 -26320 -8068
5902 140 2.3 -27224 -9696
5978 140 2.3 -26860 -9426
6055 140 2.3 -27648 -9710
6133 140 2.3 -27088 -10718
6212 140 2.3 -27184 -9744
6292 140 2.3 -27104 -9788
6373 140 2.3 -26644 -9114
6455 140 2.3 -26620 -9242
6539 140 2.3 -27016 -10768
6623 140 2.3 -26152 -9890
6708 140 2.3 -27020 -9906
6795 140 2.3 -25720 -7018
6883 140 2.3 -25996 -6302
6971 140 2.3 -26412 -6056
7061 140 2.3 -26532 -6546
7152 140 2.3 -26432 -6686
7245 140 2.3 -26244 -8342
7338 140 2.3 -26852 -9542
7433 140 2.3 -27568 -10454
7529 140 2.3 -25976 -8696
7626 140 2.3 -26400 -9362
7724 140 2.3 -25984 -8962
7824 140 2.3 -26284 -6690
7925 140 2.3 -26388 -5554
8027 140 2.3 -26904 -6630
8130 140 2.3 -26784 -7792
8235 140 2.3 -26416 -7260
8341 140 2.3 -26804 -6872
8449 140 2.3 -26768 -6326
8558 140 2.3 -25940 -5254
8668 140 2.3 -26664 -3834
8780 140 2.3 -26140 -1582
8893 140 2.3 -26868 518
9008 140 2.3 -25796 744
9124 140 2.3 -25872 1646
9242 140 2.3 -25692 1262
9361 140 2.3 -26044 1132
9482 140 2.3 -25872 -1328
9604 140 2.3 -26396 -1628
9728 140 2.3 -25656 -1086
9853 140 2.3 -26508 -680
9980 140 2.3 -25784 -1482
10109 140 2.3 -26604 -2016
10240 140 2.3 -25976 -2040
10372 140 2.3 -26396 -2342
10505 140 2.3 -26400 -2444
10641 140 2.3 -25580 -518
10778 140 2.3 -26300 -1190
10917 140 2.3 -26632 -398
11058 140 2.3 -26032 -1294
11201 140 2.3 -26356 -1880
11345 140 2.3 -26052 -1556
11491 140 2.3 -26076 -2994
11640 140 2.3 -26084 -598
11790 140 2.3 -25608 -372
11942 140 2.3 -26512 -1746
12096 140 2.3 -25804 -2080
12252 140 2.3 -25508 48
12410 140 2.3 -26360 1040
12570 140 2.3 -26580 -700
12732 140 2.3 -26580 -68
12896 140 2.3 -26752 1308
13062 140 2.3 -26040 1562
13231 140 2.3 -26420 2006
13402 140 2.3 -26400 1696
13574 140 2.3 -26928 2004
13750 140 2.3 -26484 2120
13927 140 2.3 -26540 2332
14106 140 2.3 -26488 2294
14288 140 2.3 -26144 4814
14473 140 2.3 -27068 6484
14659 140 2.3 -27160 7874
14848 140 2.3 -26872 9916
15040 140 2.3 -27064 9372
15234 140 2.3 -26156 7596
15430 140 2.3 -26608 6364
15629 140 2.3 -26144 4066
15831 140 2.3 -25496 3938
16035 140 2.3 -26468 4448
16242 140 2.3 -27188 3792
16451 140 2.3 -26196 218
16664 140 2.3 -26532 688
16879 140 2.3 -27376 254
17096 140 2.3 -26052 866
17317 140 2.3 -26632 404
17540 140 2.3 -26084 180
17766 140 2.3 -26116 -594
17995 140 2.3 -25968 346
18228 140 2.3 -26080 -2354
18463 140 2.3 -25608 -2268
18701 140 2.3 -26028 -3602
18942 140 2.3 -26940 -4314
19186 140 2.3 -25508 -4200
19434 140 2.3 -27412 -3642
19684 140 2.3 -25644 -2268
19938 140 2.3 -26128 -3448
20195 140 2.3 -27012 -6164
20456 140 2.3 -26248 -4794
20720 140 2.3 -26768 -6246
20987 140 2.3 -26812 -5020
21258 140 2.3 -26644 -5748
21532 140 2.3 -25728 -5008
21810 140 2.3 -26472 -7620
22091 140 2.3 -25664 -9124
22376 140 2.3 -26468 -9352
22664 140 2.3 -27324 -11246
22957 140 2.3 -26060 -9712
23253 140 2.3 -26088 -7176
23553 140 2.3 -26888 -9814
23856 140 2.3 -27112 -8954
24164 140 2.3 -25808 -5736
24476 140 2.3 -26216 -2416
24791 140 2.3 -26452 -5544
25111 140 2.3 -26084 -5840
25435 140 2.3 -25784 -5442
25763 140 2.3 -25924 -2298
26095 140 2.3 -26244 -3674
26432 140 2.3 -26240 -2132
26773 140 2.3 -26456 -1230
27118 140 2.3 -26176 -834
27468 140 2.3 -26416 -1850
27822 140 2.3 -26444 -1492
28181 140 2.3 -25512 268
28545 140 2.3 -26324 -4020
28913 140 2.3 -26572 -3996
29286 140 2.3 -26264 -1702
29663 140 2.3 -25636 990
30046 140 2.3 -26240 1512
30434 140 2.3 -26408 5580
30826 140 2.3 -26200 9450
31224 140 2.3 -26868 10230
31626 140 2.3 -26468 10544
32034 140 2.3 -27040 11056
32447 140 2.3 -26312 9732
32866 140 2.3 -27884 11706
33290 140 2.3 -25420 8076
33719 140 2.3 -25668 6564
34154 140 2.3 -26412 5610
34595 140 2.3 -25092 3030
35041 140 2.3 -26000 3832
35493 140 2.3 -26584 6522
35951 140 2.3 -26584 7946
36414 140 2.3 -26920 5948
36884 140 2.3 -26648 9568
37360 140 2.3 -26376 8114
37841 140 2.3 -27016 8556
38330 140 2.3 -25932 2046
38824 140 2.3 -25884 1944
39325 140 2.3 -25528 2164
39832 140 2.3 -26240 2262
40346 140 2.3 -25788 846
40866 140 2.3 -25764 254
41393 140 2.3 -25948 934
41927 140 2.3 -25864 936
42468 140 2.3 -26300 -5234
43015 140 2.3 -26488 -8600
43570 140 2.3 -26160 -4500
44132 140 2.3 -26320 -6700
44701 140 2.3 -26392 -4658
45278 140 2.3 -26540 -3356
45862 140 2.3 -26152 -1382
46453 140 2.3 -25844 -1690
47053 140 2.3 -26208 406
47660 140 2.3 -27048 -4056
48274 140 2.3 -26124 -2422
48897 140 2.3 -26308 -1702
49528 140 2.3 -26568 -1528
50166 140 2.3 -26460 716
50813 140 2.3 -26344 -1790
51469 140 2.3 -26804 -3168
52133 140 2.3 -26060 4316
52805 140 2.3 -26308 6978
53486 140 2.3 -26616 6364
54176 140 2.3 -26680 9108
54875 140 2.3 -26080 7376
55582 140 2.3 -27452 8856
56299 140 2.3 -26896 10038
57025 140 2.3 -26892 9674
57761 140 2.3 -26196 8010
58506 140 2.3 -26100 3056
59261 140 2.3 -26408 3550
60025 140 2.3 -26208 1310
60799 140 2.3 -26084 40
61583 140 2.3 -26024 5018
62378 140 2.3 -26572 -704
63182 140 2.3 -26704 -5598
63997 140 2.3 -26304 -4842
64822 140 2.3 -26672 158
65658 140 2.3 -25828 1758
66505 140 2.3 -26212 -1608
67363 140 2.3 -26316 -328
68232 140 2.3 -26492 -7522
69112 140 2.3 -25824 -5766
70003 140 2.3 -26416 -1888
70906 140 2.3 -26516 -1378
71821 140 2.3 -26256 -1812
72747 140 2.3 -25916 -2580
73685 140 2.3 -26460 -6114
74636 140 2.3 -26784 -11568
75599 140 2.3 -27496 -10136
76574 140 2.3 -26476 -7270
77561 140 2.3 -27740 -11962
78562 140 2.3 -26732 -8006
79575 140 2.3 -26464 -7478
80601 140 2.3 -26272 -4620
81641 140 2.3 -26112 -5078
82694 140 2.3 -25740 -5602
83760 140 2.3 -27060 -5732
84841 140 2.3 -26972 -6676
85935 140 2.3 -25452 1368
87043 140 2.3 -26044 3486
88166 140 2.3 -26536 3200
89303 140 2.3 -26628 10034
90455 140 2.3 -27096 10952
91622 140 2.3 -25928 5942
92803 140 2.3 -25696 1790
94000 140 2.3 -25752 4486
95213 140 2.3 -25960 3622
96441 140 2.3 -25300 -5252
97685 140 2.3 -26236 -9550
98945 140 2.3 -27280 -6900
100221 140 2.3 -26288 -3888
101513 140 2.3 -25720 -3862
102823 140 2.3 -26384 -1618
104149 140 2.3 -26780 -8362
105492 140 2.3 -27148 -9808
106853 140 2.3 -26808 -8042
108231 140 2.3 -25812 -1566
109627 140 2.3 -25976 2310
111041 140 2.3 -26088 -2520
112473 140 2.3 -26388 1588
113924 140 2.3 -26552 -548
115393 140 2.3 -25744 728
116882 140 2.3 -26368 -2190
118389 140 2.3 -26604 8106
119916 140 2.3 -26684 4148
121463 140 2.3 -26648 6494
123029 140 2.3 -26476 -3034
124616 140 2.3 -26112 -4052
126224 140 2.3 -25972 -2080
127852 140 2.3 -27112 -7896
129501 140 2.3 -26300 -4598
131171 140 2.3 -26528 -7422
132863 140 2.3 -26472 -8380
134576 140 2.3 -26288 -5442
136312 140 2.3 -26500 -6
138070 140 2.3 -26092 1718
139851 140 2.3 -26448 1528
141655 140 2.3 -26784 124
143482 140 2.3 -26024 -6774
145333 140 2.3 -27304 -8126
147207 140 2.3 -26808 -8578
149106 140 2.3 -26496 -6122
151029 140 2.3 -26508 -5958
152977 140 2.3 -26724 1150
154950 140 2.3 -25868 2626
156948 140 2.3 -27540 11032
158973 140 2.3 -26108 6566
161023 140 2.3 -25688 4000
163100 140 2.3 -26148 1692
165204 140 2.3 -26096 -192
167334 140 2.3 -26400 -648
169493 140 2.3 -26224 7976
171679 140 2.3 -26592 9990
173893 140 2.3 -25236 2316
176136 140 2.3 -26528 3562
178408 140 2.3 -25692 1922
180709 140 2.3 -26632 -9264
183040 140 2.3 -26340 -7680
185400 140 2.3 -27216 -12194
187792 140 2.3 -27072 -8920
190214 140 2.3 -26292 -4550
192667 140 2.3 -26716 3322
195152 140 2.3 -26208 -608
197669 140 2.3 -26512 -7088
200219 140 2.3 -26976 -8910
202801 140 2.3 -26500 -4918
205417 140 2.3 -26136 -6716
208066 140 2.3 -27044 -6008
210750 140 2.3 -26776 -7128
213468 140 2.3 -26440 -1034
216222 140 2.3 -26532 1898
219010 140 2.3 -25776 -1178
221835 140 2.3 -25612 -3732
224696 140 2.3 -26936 -5642
227595 140 2.3 -26288 1104
230530 140 2.3 -26604 7254
233503 140 2.3 -26552 8808
236515 140 2.3 -26348 2520
239566 140 2.3 -26356 5036
242656 140 2.3 -26228 7830
245785 140 2.3 -25872 7438
248956 140 2.3 -26612 7582
252167 140 2.3 -25692 -2698
255419 140 2.3 -26012 -1414
258713 140 2.3 -25900 -4298
262050 140 2.3 -25840 -6612
265430 140 2.3 -26900 -6812
268854 140 2.3 -26372 -1318
272321 140 2.3 -26656 7364
275834 140 2.3 -27320 8476
279391 140 2.3 -26396 -3272
282995 140 2.3 -27508 6528
286645 140 2.3 -26748 8148
290342 140 2.3 -26140 6906
294087 140 2.3 -27020 4932
297880 140 2.3 -26040 1280
301722 140 2.3 -25988 5648
305614 140 2.3 -26076 6028
309556 140 2.3 -25632 68
313548 140 2.3 -25664 -1588
317592 140 2.3 -26376 -930
321689 140 2.3 -26668 3168
325838 140 2.3 -26164 7888
330040 140 2.3 -26124 2008
334297 140 2.3 -27100 -9000
338609 140 2.3 -25908 416
342976 140 2.3 -26088 -4422
347400 140 2.3 -26372 4974
351881 140 2.3 -27076 8152
356419 140 2.3 -26816 8844
361016 140 2.3 -26780 9492
365673 140 2.3 -26016 7480
370389 140 2.3 -26132 6688
375167 140 2.3 -25336 1388
380005 140 2.3 -26204 2166
384907 140 2.3 -26436 6304
389871 140 2.3 -26316 5140
394900 140 2.3 -26276 -4646
399993 140 2.3 -26700 -8374
405152 140 2.3 -25956 -1450
410378 140 2.3 -26276 -2274
415671 140 2.3 -26424 6558
421032 140 2.3 -26656 5546
426463 140 2.3 -26048 4008
431963 140 2.3 -27668 12412
437535 140 2.3 -26284 7454
443178 140 2.3 -26600 7348
448894 140 2.3 -27652 11132
454684 140 2.3 -25764 406
460548 140 2.3 -25996 -5854
466489 140 2.3 -26548 -8346
472505 140 2.3 -27000 -9326
478600 140 2.3 -26912 -6544
484773 140 2.3 -25652 -6162
491025 140 2.3 -25920 -4022
497358 140 2.3 -26412 4432
503773 140 2.3 -25628 -7340
510271 140 2.3 -26392 -408
516852 140 2.3 -25832 1190
523519 140 2.3 -25968 8786
530271 140 2.3 -26188 1830
537111 140 2.3 -26284 -1034
544038 140 2.3 -26276 8658
551055 140 2.3 -26240 7338
558163 140 2.3 -25424 5842
565362 140 2.3 -27072 -9322
572654 140 2.3 -26536 3044
580040 140 2.3 -26376 2794
587521 140 2.3 -26608 2270
595099 140 2.3 -26100 -2060
602775 140 2.3 -26064 7342
610549 140 2.3 -26344 2862
618424 140 2.3 -25704 3378
626400 140 2.3 -26060 -5774
634480 140 2.3 -26492 -5230
642663 140 2.3 -26564 -3618
650952 140 2.3 -25812 5884
659348 140 2.3 -26432 5610
667853 140 2.3 -26596 8692
676467 140 2.3 -26276 -1030
685192 140 2.3 -27332 9776
694029 140 2.3 -25724 2904
702981 140 2.3 -27316 10646
712048 140 2.3 -26880 -5482
721232 140 2.3 -26772 -6604
730534 140 2.3 -26844 -7614
739957 140 2.3 -26224 -5126
749500 140 2.3 -26352 2590
759168 140 2.3 -26928 6350
768959 140 2.3 -26404 7636
778877 140 2.3 -25972 6496
788923 140 2.3 -25932 -3442
799099 140 2.3 -26824 1542
809405 140 2.3 -26236 -1952
819845 140 2.3 -26968 -11812
830419 140 2.3 -26820 -4894
841130 140 2.3 -26364 1660
851979 140 2.3 -26576 6480
862968 140 2.3 -26548 8256
874098 140 2.3 -26548 1150
885373 140 2.3 -25736 -1716
896792 140 2.3 -26620 -4394
908359 140 2.3 -27196 -8744
920075 140 2.3 -26820 -984
931942 140 2.3 -26344 8586
943962 140 2.3 -26844 10638
956137 140 2.3 -26540 9022
968470 140 2.3 -26368 10182
980961 140 2.3 -26672 1766
993613 140 2.3 -26648 7462
999999 140 2.3 -26372 2298
