3 60 2.4 -3236 56
4 60 2.4 -3384 -34
5 60 2.4 -3472 -2
6 60 2.4 -3416 -30
7 60 2.4 -3628 -84
8 60 2.4 -3844 -132
9 60 2.4 -3720 -160
10 60 2.4 -3752 -248
11 60 2.4 -3844 -212
12 60 2.4 -3780 -376
13 60 2.4 -3788 -488
14 60 2.4 -3832 -418
15 60 2.4 -3896 -372
16 60 2.4 -3976 -500
17 60 2.4 -4000 -484
18 60 2.4 -4064 -492
19 60 2.4 -3904 -364
20 60 2.4 -3960 -454
21 60 2.4 -4308 -480
22 60 2.4 -4188 -448
23 60 2.4 -4140 -376
24 60 2.4 -4112 -434
25 60 2.4 -4144 -416
26 60 2.4 -4268 -420
27 60 2.4 -4244 -400
28 60 2.4 -4164 -400
29 60 2.4 -4276 -374
30 60 2.4 -4060 -314
31 60 2.4 -4084 -274
32 60 2.4 -4192 -208
33 60 2.4 -4204 -164
34 60 2.4 -4080 -172
35 60 2.4 -4100 -198
36 60 2.4 -4132 -216
37 60 2.4 -4084 -228
38 60 2.4 -3936 -248
39 60 2.4 -3972 -296
40 60 2.4 -4012 -352
41 60 2.4 -4084 -382
42 60 2.4 -4012 -422
43 60 2.4 -4116 -404
44 60 2.4 -4068 -474
45 60 2.4 -3956 -470
46 60 2.4 -4004 -402
47 60 2.4 -3976 -596
48 60 2.4 -3996 -626
49 60 2.4 -3904 -664
50 60 2.4 -3964 -612
51 60 2.4 -3964 -540
52 60 2.4 -3944 -472
53 60 2.4 -4048 -476
54 60 2.4 -3980 -468
55 60 2.4 -4100 -350
56 60 2.4 -3996 -364
57 60 2.4 -3932 -296
58 60 2.4 -3960 -316
59 60 2.4 -4016 -362
60 60 2.4 -3980 -424
61 60 2.4 -4064 -556
62 60 2.4 -4152 -496
63 60 2.4 -4200 -520
64 60 2.4 -4156 -478
65 60 2.4 -4144 -392
66 60 2.4 -4136 -434
67 60 2.4 -4176 -452
68 60 2.4 -4136 -314
69 60 2.4 -4164 -326
70 60 2.4 -4108 -250
71 60 2.4 -4096 -216
72 60 2.4 -4044 -276
73 60 2.4 -4080 -246
74 60 2.4 -4016 -254
75 60 2.4 -4020 -326
76 60 2.4 -4080 -422
77 60 2.4 -4072 -428
78 60 2.4 -3984 -410
79 60 2.4 -4080 -446
80 60 2.4 -4200 -476
81 60 2.4 -4332 -486
82 60 2.4 -4212 -484
83 60 2.4 -4396 -338
84 60 2.4 -4260 -292
85 60 2.4 -4348 -320
86 60 2.4 -4180 -330
88 60 2.4 -4392 -408
89 60 2.4 -4232 -382
90 60 2.4 -4232 -392
91 60 2.4 -4160 -314
92 60 2.4 -4196 -294
93 60 2.4 -4308 -236
95 60 2.4 -4348 -302
96 60 2.4 -4308 -330
97 60 2.4 -4144 -382
98 60 2.4 -4312 -442
99 60 2.4 -4316 -376
101 60 2.4 -4344 -290
102 60 2.4 -4288 -296
103 60 2.4 -4232 -362
105 60 2.4 -4388 -238
106 60 2.4 -4448 -246
107 60 2.4 -4444 -214
109 60 2.4 -4712 -218
110 60 2.4 -4580 -232
112 60 2.4 -4660 -288
113 60 2.4 -4496 -316
114 60 2.4 -4592 -224
116 60 2.4 -4288 -230
117 60 2.4 -4504 -216
119 60 2.4 -4488 -168
120 60 2.4 -4428 -276
122 60 2.4 -4444 -300
124 60 2.4 -4496 -342
125 60 2.4 -4536 -370
127 60 2.4 -4556 -364
128 60 2.4 -4544 -386
130 60 2.4 -4448 -426
132 60 2.4 -4476 -488
133 60 2.4 -4492 -516
135 60 2.4 -4504 -536
137 60 2.4 -4488 -628
139 60 2.4 -4284 -520
140 60 2.4 -4316 -528
142 60 2.4 -4464 -476
144 60 2.4 -4332 -476
146 60 2.4 -4432 -366
148 60 2.4 -4428 -330
150 60 2.4 -4496 -404
152 60 2.4 -4712 -256
154 60 2.4 -4544 -404
155 60 2.4 -4656 -388
157 60 2.4 -4436 -514
160 60 2.4 -4364 -338
162 60 2.4 -4472 -158
164 60 2.4 -4488 -14
166 60 2.4 -4400 -28
168 60 2.4 -4392 44
170 60 2.4 -4380 -40
172 60 2.4 -4344 32
174 60 2.4 -4292 150
177 60 2.4 -4420 78
179 60 2.4 -4140 190
181 60 2.4 -4284 246
184 60 2.4 -4424 192
186 60 2.4 -4312 190
188 60 2.4 -4336 180
191 60 2.4 -4600 98
193 60 2.4 -4640 142
196 60 2.4 -4608 72
198 60 2.4 -4148 16
201 60 2.4 -4316 -104
203 60 2.4 -4120 -250
206 60 2.4 -4388 -86
209 60 2.4 -4336 36
211 60 2.4 -4336 162
214 60 2.4 -4288 -38
217 60 2.4 -4276 -148
220 60 2.4 -4304 -80
222 60 2.4 -4368 -60
225 60 2.4 -4540 14
228 60 2.4 -4376 -100
231 60 2.4 -4180 -184
234 60 2.4 -4208 -176
237 60 2.4 -4540 -416
240 60 2.4 -4260 -352
243 60 2.4 -4272 -406
246 60 2.4 -4200 -416
250 60 2.4 -4448 -490
253 60 2.4 -4356 -494
256 60 2.4 -4336 -452
259 60 2.4 -4296 -330
263 60 2.4 -4228 -170
266 60 2.4 -4424 80
269 60 2.4 -4396 160
273 60 2.4 -4512 -108
276 60 2.4 -4400 -136
280 60 2.4 -4416 -158
284 60 2.4 -4156 208
287 60 2.4 -4236 212
291 60 2.4 -4144 320
295 60 2.4 -4080 556
298 60 2.4 -4264 524
302 60 2.4 -4268 528
306 60 2.4 -4316 660
310 60 2.4 -4268 430
314 60 2.4 -4304 378
318 60 2.4 -4156 284
322 60 2.4 -4272 418
326 60 2.4 -4312 418
331 60 2.4 -4312 408
335 60 2.4 -4396 384
339 60 2.4 -4288 320
344 60 2.4 -4304 268
348 60 2.4 -4492 470
352 60 2.4 -4436 462
357 60 2.4 -4408 480
362 60 2.4 -4232 364
366 60 2.4 -4500 348
371 60 2.4 -4392 424
376 60 2.4 -4276 316
381 60 2.4 -4232 68
385 60 2.4 -4244 -148
390 60 2.4 -4176 -140
395 60 2.4 -4300 -34
401 60 2.4 -4184 -116
406 60 2.4 -4316 14
411 60 2.4 -4376 56
416 60 2.4 -4204 -24
422 60 2.4 -4472 -64
427 60 2.4 -4240 -62
433 60 2.4 -4196 -90
438 60 2.4 -4396 -254
444 60 2.4 -4320 -234
449 60 2.4 -4196 -220
455 60 2.4 -4324 -34
461 60 2.4 -4200 -44
467 60 2.4 -4068 14
473 60 2.4 -4248 188
479 60 2.4 -4216 362
485 60 2.4 -4292 340
492 60 2.4 -4684 612
498 60 2.4 -4340 472
504 60 2.4 -4532 664
511 60 2.4 -4180 492
517 60 2.4 -4216 474
524 60 2.4 -4292 472
531 60 2.4 -4396 462
538 60 2.4 -4384 384
545 60 2.4 -4524 550
552 60 2.4 -4132 532
559 60 2.4 -4324 226
566 60 2.4 -4244 -60
573 60 2.4 -4088 -42
581 60 2.4 -4316 -316
588 60 2.4 -4116 -286
596 60 2.4 -4260 -298
603 60 2.4 -4064 -202
611 60 2.4 -4376 -256
619 60 2.4 -4268 -196
627 60 2.4 -4344 -198
635 60 2.4 -4316 -6
643 60 2.4 -4420 -36
652 60 2.4 -4364 54
660 60 2.4 -4368 578
668 60 2.4 -4460 782
677 60 2.4 -4368 754
686 60 2.4 -4376 596
695 60 2.4 -4368 492
704 60 2.4 -4316 362
713 60 2.4 -4376 414
722 60 2.4 -4456 498
731 60 2.4 -4328 454
741 60 2.4 -4580 570
750 60 2.4 -4264 820
760 60 2.4 -4356 938
770 60 2.4 -4540 926
780 60 2.4 -4328 944
790 60 2.4 -4400 964
800 60 2.4 -4656 926
810 60 2.4 -4488 846
821 60 2.4 -4472 990
831 60 2.4 -4600 1150
842 60 2.4 -4256 850
853 60 2.4 -4244 920
864 60 2.4 -4280 1074
875 60 2.4 -4228 1084
886 60 2.4 -4108 1152
897 60 2.4 -4464 1350
909 60 2.4 -4528 1454
921 60 2.4 -4340 1576
933 60 2.4 -4288 1280
945 60 2.4 -4300 1434
957 60 2.4 -4556 1736
969 60 2.4 -4532 1810
982 60 2.4 -4912 1958
994 60 2.4 -4568 1876
1007 60 2.4 -4624 1922
1020 60 2.4 -4672 2174
1033 60 2.4 -4796 2074
1047 60 2.4 -4748 1864
1060 60 2.4 -4488 1732
1074 60 2.4 -4600 1558
1088 60 2.4 -4456 1240
1102 60 2.4 -4252 1192
1116 60 2.4 -4268 1050
1130 60 2.4 -4372 1030
1145 60 2.4 -4160 958
1160 60 2.4 -4180 802
1174 60 2.4 -4228 1248
1190 60 2.4 -4244 1252
1205 60 2.4 -4352 1406
1220 60 2.4 -4476 1470
1236 60 2.4 -4092 1026
1252 60 2.4 -4376 1138
1268 60 2.4 -4364 1526
1285 60 2.4 -4440 1712
1301 60 2.4 -4252 1304
1318 60 2.4 -4316 1390
1335 60 2.4 -4540 1746
1352 60 2.4 -4616 1784
1370 60 2.4 -4236 1454
1387 60 2.4 -4536 1732
1405 60 2.4 -4656 1876
1423 60 2.4 -4692 1852
1442 60 2.4 -4748 1672
1460 60 2.4 -4768 1710
1479 60 2.4 -4428 1436
1498 60 2.4 -4212 1350
1517 60 2.4 -4304 1384
1537 60 2.4 -4452 1422
1557 60 2.4 -4468 1610
1577 60 2.4 -4280 1284
1597 60 2.4 -4300 1214
1618 60 2.4 -4468 1642
1639 60 2.4 -4308 1634
1660 60 2.4 -4492 1296
1681 60 2.4 -4572 1464
1703 60 2.4 -4128 1034
1725 60 2.4 -4164 616
1747 60 2.4 -4392 566
1770 60 2.4 -4164 254
1792 60 2.4 -4364 380
1816 60 2.4 -4224 746
1839 60 2.4 -4636 1044
1863 60 2.4 -4260 1052
1887 60 2.4 -4236 726
1911 60 2.4 -4276 840
1936 60 2.4 -4556 1046
1961 60 2.4 -4264 702
1986 60 2.4 -4332 304
2012 60 2.4 -4156 152
2037 60 2.4 -4284 336
2064 60 2.4 -4480 -216
2090 60 2.4 -4392 -40
2117 60 2.4 -4328 -610
2145 60 2.4 -4528 -586
2172 60 2.4 -4224 -1104
2200 60 2.4 -4328 -626
2229 60 2.4 -4428 130
2257 60 2.4 -4180 92
2286 60 2.4 -4060 358
2316 60 2.4 -4196 -82
2346 60 2.4 -3964 208
2376 60 2.4 -4100 16
2407 60 2.4 -4376 252
2438 60 2.4 -4272 344
2469 60 2.4 -4556 404
2501 60 2.4 -4512 328
2533 60 2.4 -4600 -206
2566 60 2.4 -4328 -236
2599 60 2.4 -4348 -156
2633 60 2.4 -4256 -172
2667 60 2.4 -4252 -128
2701 60 2.4 -4248 -252
2736 60 2.4 -4256 -114
2771 60 2.4 -4184 -188
2807 60 2.4 -4444 358
2843 60 2.4 -4212 748
2880 60 2.4 -4384 912
2917 60 2.4 -4388 798
2954 60 2.4 -4376 1130
2992 60 2.4 -4600 1034
3031 60 2.4 -4580 1194
3070 60 2.4 -4152 1108
3110 60 2.4 -4388 584
3150 60 2.4 -4460 634
3190 60 2.4 -4344 1324
3232 60 2.4 -4300 1248
3273 60 2.4 -4248 1670
3315 60 2.4 -4428 1436
3358 60 2.4 -4236 1214
3402 60 2.4 -4500 1298
3445 60 2.4 -4528 1048
3490 60 2.4 -4580 746
3535 60 2.4 -4128 34
3580 60 2.4 -4408 354
3627 60 2.4 -4404 -164
3673 60 2.4 -4588 -442
3721 60 2.4 -4312 152
3769 60 2.4 -4200 636
3817 60 2.4 -4600 898
3867 60 2.4 -4416 958
3916 60 2.4 -4512 734
3967 60 2.4 -4424 1020
4018 60 2.4 -4284 890
4070 60 2.4 -4228 808
4122 60 2.4 -4564 -40
4176 60 2.4 -4460 -242
4229 60 2.4 -4392 646
4284 60 2.4 -4300 1004
4339 60 2.4 -4372 934
4395 60 2.4 -4172 816
4452 60 2.4 -4512 608
4509 60 2.4 -4400 544
4567 60 2.4 -4156 974
4626 60 2.4 -4436 676
4686 60 2.4 -4428 840
4746 60 2.4 -4192 452
4808 60 2.4 -4244 658
4870 60 2.4 -4472 706
4932 60 2.4 -4352 716
4996 60 2.4 -4448 86
5060 60 2.4 -4276 -526
5126 60 2.4 -4488 -218
5192 60 2.4 -4288 -868
5259 60 2.4 -4632 -1072
5327 60 2.4 -4248 -1232
5395 60 2.4 -4460 -1400
5465 60 2.4 -3896 -1038
5535 60 2.4 -4604 -396
5607 60 2.4 -4144 -532
5679 60 2.4 -4668 -1542
5752 60 2.4 -4416 -894
5826 60 2.4 -4372 -542
5902 60 2.4 -4208 -150
5978 60 2.4 -4164 -312
6055 60 2.4 -4336 700
6133 60 2.4 -4484 450
6212 60 2.4 -4360 628
6292 60 2.4 -4384 1390
6373 60 2.4 -4672 1398
6455 60 2.4 -4428 1718
6539 60 2.4 -4512 1452
6623 60 2.4 -4612 1532
6708 60 2.4 -4292 1004
6795 60 2.4 -4404 1530
6883 60 2.4 -4524 1694
6971 60 2.4 -4624 1356
7061 60 2.4 -3988 440
7152 60 2.4 -4328 1294
7245 60 2.4 -4504 1532
7338 60 2.4 -4468 956
7433 60 2.4 -4248 190
7529 60 2.4 -4248 144
7626 60 2.4 -4356 372
7724 60 2.4 -4148 188
7824 60 2.4 -4164 502
7925 60 2.4 -4480 816
8027 60 2.4 -4644 588
8130 60 2.4 -4200 510
8235 60 2.4 -4420 790
8341 60 2.4 -4716 1450
8449 60 2.4 -4320 580
8558 60 2.4 -4464 1668
8668 60 2.4 -4108 742
8780 60 2.4 -4368 734
8893 60 2.4 -4380 812
9008 60 2.4 -4260 826
9124 60 2.4 -4248 598
9242 60 2.4 -4268 206
9361 60 2.4 -4560 -688
9482 60 2.4 -4420 -850
9604 60 2.4 -4492 -988
9728 60 2.4 -4528 -24
9853 60 2.4 -4288 394
9980 60 2.4 -4404 -30
10109 60 2.4 -4224 -402
10240 60 2.4 -4100 -794
10372 60 2.4 -4296 -958
10505 60 2.4 -4648 -1722
10641 60 2.4 -4212 -798
10778 60 2.4 -4100 -210
10917 60 2.4 -4444 140
11058 60 2.4 -4420 -124
11201 60 2.4 -4192 630
11345 60 2.4 -4208 38
11491 60 2.4 -4148 -62
11640 60 2.4 -4260 600
11790 60 2.4 -4372 1114
11942 60 2.4 -4384 466
12096 60 2.4 -4276 374
12252 60 2.4 -4456 420
12410 60 2.4 -4400 -1148
12570 60 2.4 -4400 -358
12732 60 2.4 -4216 -404
12896 60 2.4 -4520 -252
13062 60 2.4 -4568 102
13231 60 2.4 -4252 82
13402 60 2.4 -4152 -126
13574 60 2.4 -4192 438
13750 60 2.4 -4244 -38
13927 60 2.4 -4464 2
14106 60 2.4 -4452 174
14288 60 2.4 -4372 6
14473 60 2.4 -4572 -210
14659 60 2.4 -4464 1086
14848 60 2.4 -4392 1106
15040 60 2.4 -4300 1016
15234 60 2.4 -4268 822
15430 60 2.4 -4588 -478
15629 60 2.4 -4236 1048
15831 60 2.4 -4400 326
16035 60 2.4 -4672 2202
16242 60 2.4 -4520 1338
16451 60 2.4 -4184 282
16664 60 2.4 -4420 -220
16879 60 2.4 -4364 -852
17096 60 2.4 -4264 -346
17317 60 2.4 -4572 944
17540 60 2.4 -4316 274
17766 60 2.4 -4076 14
17995 60 2.4 -4392 -692
18228 60 2.4 -4312 -514
18463 60 2.4 -4192 -648
18701 60 2.4 -4412 -106
18942 60 2.4 -4236 238
19186 60 2.4 -4512 478
19434 60 2.4 -4348 650
19684 60 2.4 -4208 646
19938 60 2.4 -4088 872
20195 60 2.4 -4460 1242
20456 60 2.4 -4444 -286
20720 60 2.4 -4476 8
20987 60 2.4 -4368 518
21258 60 2.4 -4448 808
21532 60 2.4 -4260 710
21810 60 2.4 -4504 206
22091 60 2.4 -4248 702
22376 60 2.4 -4400 1144
22664 60 2.4 -4372 1068
22957 60 2.4 -4624 962
23253 60 2.4 -4516 140
23553 60 2.4 -4340 -58
23856 60 2.4 -4092 104
24164 60 2.4 -4468 -1162
24476 60 2.4 -4376 -1204
24791 60 2.4 -4228 -830
25111 60 2.4 -4520 -1372
25435 60 2.4 -4284 -1130
25763 60 2.4 -4312 -444
26095 60 2.4 -4280 -814
26432 60 2.4 -4388 -1310
26773 60 2.4 -4180 -254
27118 60 2.4 -4204 -306
27468 60 2.4 -4012 -292
27822 60 2.4 -4096 380
28181 60 2.4 -4496 908
28545 60 2.4 -4208 -376
28913 60 2.4 -4240 -560
29286 60 2.4 -4420 1684
29663 60 2.4 -4252 -40
30046 60 2.4 -4188 864
30434 60 2.4 -4156 536
30826 60 2.4 -4348 604
31224 60 2.4 -4156 806
31626 60 2.4 -4528 1078
32034 60 2.4 -4468 1838
32447 60 2.4 -4416 168
32866 60 2.4 -4392 180
33290 60 2.4 -4500 -22
33719 60 2.4 -4292 -212
34154 60 2.4 -4216 630
34595 60 2.4 -4240 -382
35041 60 2.4 -4296 400
35493 60 2.4 -4456 1476
35951 60 2.4 -4460 246
36414 60 2.4 -4240 20
36884 60 2.4 -4076 288
37360 60 2.4 -4280 -1068
37841 60 2.4 -4372 -960
38330 60 2.4 -4324 394
38824 60 2.4 -4240 -262
39325 60 2.4 -4596 -1018
39832 60 2.4 -4440 750
40346 60 2.4 -4492 1236
40866 60 2.4 -4388 28
41393 60 2.4 -4192 -332
41927 60 2.4 -4400 -574
42468 60 2.4 -4128 -936
43015 60 2.4 -4232 534
43570 60 2.4 -4464 -344
44132 60 2.4 -4372 -944
44701 60 2.4 -4588 1608
45278 60 2.4 -4012 -4
45862 60 2.4 -4572 296
46453 60 2.4 -4324 100
47053 60 2.4 -4256 398
47660 60 2.4 -4384 538
48274 60 2.4 -4148 216
48897 60 2.4 -4444 -626
49528 60 2.4 -4228 910
50166 60 2.4 -4512 232
50813 60 2.4 -4276 -58
51469 60 2.4 -4344 416
52133 60 2.4 -3940 2
52805 60 2.4 -4404 424
53486 60 2.4 -4408 1648
54176 60 2.4 -4432 174
54875 60 2.4 -4196 246
55582 60 2.4 -4140 6
56299 60 2.4 -4336 -818
57025 60 2.4 -4548 994
57761 60 2.4 -4400 -1828
58506 60 2.4 -4476 996
59261 60 2.4 -4304 -306
60025 60 2.4 -4140 -1200
60799 60 2.4 -4252 -270
61583 60 2.4 -4372 -454
62378 60 2.4 -4112 -1172
63182 60 2.4 -4356 574
63997 60 2.4 -4104 8
64822 60 2.4 -4196 -1150
65658 60 2.4 -4204 224
66505 60 2.4 -4304 -266
67363 60 2.4 -4396 -44
68232 60 2.4 -4184 128
69112 60 2.4 -3900 -68
70003 60 2.4 -4096 -122
70906 60 2.4 -4516 62
71821 60 2.4 -4152 -968
72747 60 2.4 -4280 410
73685 60 2.4 -4416 -414
74636 60 2.4 -4232 806
75599 60 2.4 -4408 1322
76574 60 2.4 -4328 -226
77561 60 2.4 -4252 930
78562 60 2.4 -4416 -790
79575 60 2.4 -4208 -202
80601 60 2.4 -4296 528
81641 60 2.4 -4188 294
82694 60 2.4 -4264 -30
83760 60 2.4 -4416 -232
84841 60 2.4 -4052 -106
85935 60 2.4 -4472 -216
87043 60 2.4 -4732 -154
88166 60 2.4 -4208 -74
89303 60 2.4 -4160 -814
90455 60 2.4 -4308 48
91622 60 2.4 -4476 146
92803 60 2.4 -4072 218
94000 60 2.4 -4340 -952
95213 60 2.4 -4304 448
96441 60 2.4 -4540 660
97685 60 2.4 -4036 -64
98945 60 2.4 -4180 -118
100221 60 2.4 -4452 786
101513 60 2.4 -4472 -20
102823 60 2.4 -4312 1878
104149 60 2.4 -4416 514
105492 60 2.4 -4464 -780
106853 60 2.4 -4436 -950
108231 60 2.4 -4468 -1202
109627 60 2.4 -4176 740
111041 60 2.4 -4188 592
112473 60 2.4 -4132 214
113924 60 2.4 -4236 -790
115393 60 2.4 -4348 364
116882 60 2.4 -4088 148
118389 60 2.4 -4152 250
119916 60 2.4 -4176 954
121463 60 2.4 -4552 384
123029 60 2.4 -4360 -890
124616 60 2.4 -4392 -774
126224 60 2.4 -4596 -1020
127852 60 2.4 -4448 724
129501 60 2.4 -4584 302
131171 60 2.4 -4396 -1250
132863 60 2.4 -4280 -938
134576 60 2.4 -4384 -624
136312 60 2.4 -4428 948
138070 60 2.4 -4388 -366
139851 60 2.4 -4472 -814
141655 60 2.4 -4436 -196
143482 60 2.4 -4516 -584
145333 60 2.4 -4220 -326
147207 60 2.4 -4196 780
149106 60 2.4 -4284 -332
151029 60 2.4 -4356 -504
152977 60 2.4 -4248 782
154950 60 2.4 -4308 44
156948 60 2.4 -4284 -724
158973 60 2.4 -4352 -222
161023 60 2.4 -4268 790
163100 60 2.4 -4336 392
165204 60 2.4 -4164 478
167334 60 2.4 -4280 554
169493 60 2.4 -4056 274
171679 60 2.4 -4360 -1360
173893 60 2.4 -4460 -1092
176136 60 2.4 -4268 1128
178408 60 2.4 -4480 -768
180709 60 2.4 -4664 1796
183040 60 2.4 -4444 -902
185400 60 2.4 -4304 -382
187792 60 2.4 -4436 -1336
190214 60 2.4 -4640 -1430
192667 60 2.4 -4168 264
195152 60 2.4 -4224 -48
197669 60 2.4 -4188 -296
200219 60 2.4 -4248 -542
202801 60 2.4 -4436 1300
205417 60 2.4 -4216 -226
208066 60 2.4 -3960 -662
210750 60 2.4 -4264 292
213468 60 2.4 -4148 -1130
216222 60 2.4 -4340 -370
219010 60 2.4 -4164 -44
221835 60 2.4 -4316 954
224696 60 2.4 -4364 382
227595 60 2.4 -4136 80
230530 60 2.4 -4492 -1228
233503 60 2.4 -4540 1246
236515 60 2.4 -4360 226
239566 60 2.4 -4288 1380
242656 60 2.4 -4356 1100
245785 60 2.4 -4204 472
248956 60 2.4 -4520 -1286
252167 60 2.4 -4296 -186
255419 60 2.4 -4484 1070
258713 60 2.4 -4240 -296
262050 60 2.4 -4328 452
265430 60 2.4 -4112 -1216
268854 60 2.4 -4384 656
272321 60 2.4 -4256 -798
275834 60 2.4 -4340 340
279391 60 2.4 -4400 -142
282995 60 2.4 -4284 556
286645 60 2.4 -4436 -1476
290342 60 2.4 -4104 98
294087 60 2.4 -4628 -182
297880 60 2.4 -4516 -550
301722 60 2.4 -4400 -896
305614 60 2.4 -4464 176
309556 60 2.4 -4236 998
313548 60 2.4 -4264 148
317592 60 2.4 -4244 -244
321689 60 2.4 -4120 712
325838 60 2.4 -4208 786
330040 60 2.4 -4276 -386
334297 60 2.4 -4328 1268
338609 60 2.4 -4212 14
342976 60 2.4 -4312 -72
347400 60 2.4 -4272 -1026
351881 60 2.4 -4392 526
356419 60 2.4 -4272 182
361016 60 2.4 -4564 -414
365673 60 2.4 -4216 390
370389 60 2.4 -4528 298
375167 60 2.4 -4416 72
380005 60 2.4 -4320 -758
384907 60 2.4 -4652 -1738
389871 60 2.4 -4372 136
394900 60 2.4 -4188 -318
399993 60 2.4 -4356 66
405152 60 2.4 -4560 612
410378 60 2.4 -4348 226
415671 60 2.4 -4276 -578
421032 60 2.4 -4164 -696
426463 60 2.4 -4248 206
431963 60 2.4 -4332 -310
437535 60 2.4 -4072 168
443178 60 2.4 -4360 -80
448894 60 2.4 -4604 -1834
454684 60 2.4 -4448 1624
460548 60 2.4 -4316 1198
466489 60 2.4 -4228 496
472505 60 2.4 -4180 -300
478600 60 2.4 -4024 230
484773 60 2.4 -4212 502
491025 60 2.4 -4424 -122
497358 60 2.4 -4312 86
503773 60 2.4 -4356 1216
510271 60 2.4 -4324 276
516852 60 2.4 -4496 -742
523519 60 2.4 -4252 778
530271 60 2.4 -4156 20
537111 60 2.4 -4424 138
544038 60 2.4 -4428 -112
551055 60 2.4 -4060 832
558163 60 2.4 -4356 0
565362 60 2.4 -4360 550
572654 60 2.4 -4428 -406
580040 60 2.4 -4536 -714
587521 60 2.4 -4240 -650
595099 60 2.4 -4108 318
602775 60 2.4 -4272 -418
610549 60 2.4 -4368 240
618424 60 2.4 -4176 1252
626400 60 2.4 -4308 388
634480 60 2.4 -4184 -816
642663 60 2.4 -4464 494
650952 60 2.4 -4360 -1040
659348 60 2.4 -4552 1244
667853 60 2.4 -4348 226
676467 60 2.4 -4060 996
685192 60 2.4 -4548 718
694029 60 2.4 -4200 -214
702981 60 2.4 -4348 -364
712048 60 2.4 -4120 430
721232 60 2.4 -4252 -1378
730534 60 2.4 -4276 142
739957 60 2.4 -4368 -154
749500 60 2.4 -4112 180
759168 60 2.4 -4496 920
768959 60 2.4 -4392 -180
778877 60 2.4 -4616 948
788923 60 2.4 -4608 74
799099 60 2.4 -4540 -948
809405 60 2.4 -4640 -1564
819845 60 2.4 -4288 360
830419 60 2.4 -4332 992
841130 60 2.4 -4176 594
851979 60 2.4 -4496 200
862968 60 2.4 -4280 -138
874098 60 2.4 -4308 238
885373 60 2.4 -4460 -294
896792 60 2.4 -4228 84
908359 60 2.4 -4276 1122
920075 60 2.4 -4320 1274
931942 60 2.4 -4384 -892
943962 60 2.4 -4320 -606
956137 60 2.4 -4352 862
968470 60 2.4 -4264 96
980961 60 2.4 -4324 -1000
993613 60 2.4 -4180 -84
999999 60 2.4 -4656 -598
