3 140 2.4 -17328 -16
4 140 2.4 -18860 -336
5 140 2.4 -19504 -174
6 140 2.4 -20152 -114
7 140 2.4 -20600 -178
8 140 2.4 -20876 -114
9 140 2.4 -21284 -152
10 140 2.4 -21748 -130
11 140 2.4 -21568 -136
12 140 2.4 -22264 -182
13 140 2.4 -22068 -194
14 140 2.4 -21988 -10
15 140 2.4 -21796 -298
16 140 2.4 -21888 -366
17 140 2.4 -22060 -548
18 140 2.4 -22112 -514
19 140 2.4 -22504 -544
20 140 2.4 -22140 -772
21 140 2.4 -22164 -846
22 140 2.4 -22276 -608
23 140 2.4 -22428 -730
24 140 2.4 -22472 -804
25 140 2.4 -22572 -850
26 140 2.4 -22736 -638
27 140 2.4 -22940 -664
28 140 2.4 -23016 -680
29 140 2.4 -23016 -608
30 140 2.4 -23260 -422
31 140 2.4 -23108 -486
32 140 2.4 -23144 -328
33 140 2.4 -22812 -334
34 140 2.4 -22996 -474
35 140 2.4 -23332 -394
36 140 2.4 -23228 -502
37 140 2.4 -22820 -518
38 140 2.4 -22712 -824
39 140 2.4 -22700 -660
40 140 2.4 -22616 -1012
41 140 2.4 -22944 -1134
42 140 2.4 -23176 -1304
43 140 2.4 -23324 -1200
44 140 2.4 -23144 -1052
45 140 2.4 -23220 -986
46 140 2.4 -23080 -1094
47 140 2.4 -23056 -1082
48 140 2.4 -23176 -832
49 140 2.4 -23392 -864
50 140 2.4 -23236 -892
51 140 2.4 -23280 -870
52 140 2.4 -23068 -898
53 140 2.4 -23304 -1016
54 140 2.4 -22776 -1214
55 140 2.4 -23284 -1232
56 140 2.4 -23164 -1196
57 140 2.4 -23564 -1232
58 140 2.4 -23196 -1166
59 140 2.4 -23232 -1102
60 140 2.4 -23168 -944
61 140 2.4 -22992 -858
62 140 2.4 -22896 -810
63 140 2.4 -23016 -772
64 140 2.4 -22996 -836
65 140 2.4 -23252 -818
66 140 2.4 -23220 -652
67 140 2.4 -23020 -446
68 140 2.4 -23232 -474
69 140 2.4 -23272 -348
70 140 2.4 -23132 -226
71 140 2.4 -23528 -264
72 140 2.4 -23716 -206
73 140 2.4 -23484 -450
74 140 2.4 -23640 -540
75 140 2.4 -23432 -398
76 140 2.4 -23312 -236
77 140 2.4 -23488 -84
78 140 2.4 -23672 -20
79 140 2.4 -23632 -40
80 140 2.4 -23420 132
81 140 2.4 -23476 232
82 140 2.4 -23172 242
83 140 2.4 -23084 248
84 140 2.4 -23436 314
85 140 2.4 -23828 86
86 140 2.4 -23964 136
88 140 2.4 -23488 -304
89 140 2.4 -23376 -382
90 140 2.4 -23020 -334
91 140 2.4 -23168 -380
92 140 2.4 -23376 -352
93 140 2.4 -23668 -172
95 140 2.4 -23464 -190
96 140 2.4 -23852 -494
97 140 2.4 -23744 -360
98 140 2.4 -23664 -340
99 140 2.4 -23500 -456
101 140 2.4 -23080 -378
102 140 2.4 -23684 -380
103 140 2.4 -23820 -482
105 140 2.4 -24012 -816
106 140 2.4 -23888 -966
107 140 2.4 -24220 -872
109 140 2.4 -23796 -966
110 140 2.4 -24236 -912
112 140 2.4 -24024 -930
113 140 2.4 -24232 -1242
114 140 2.4 -24196 -1156
116 140 2.4 -23840 -1362
117 140 2.4 -24048 -1446
119 140 2.4 -23716 -1786
120 140 2.4 -23532 -1956
122 140 2.4 -23692 -2020
124 140 2.4 -24004 -2018
125 140 2.4 -23988 -2098
127 140 2.4 -23956 -2318
128 140 2.4 -24056 -2134
130 140 2.4 -24488 -1770
132 140 2.4 -24072 -1044
133 140 2.4 -24056 -1144
135 140 2.4 -24232 -882
137 140 2.4 -23956 -1256
139 140 2.4 -23808 -938
140 140 2.4 -23992 -934
142 140 2.4 -24428 -1032
144 140 2.4 -24240 -820
146 140 2.4 -24340 -772
148 140 2.4 -24520 -890
150 140 2.4 -24160 -580
152 140 2.4 -24104 -568
154 140 2.4 -24052 -162
155 140 2.4 -23892 -240
157 140 2.4 -23860 -226
160 140 2.4 -24188 -434
162 140 2.4 -23816 -346
164 140 2.4 -23948 10
166 140 2.4 -24380 60
168 140 2.4 -23696 180
170 140 2.4 -24392 46
172 140 2.4 -24296 8
174 140 2.4 -24028 20
177 140 2.4 -23952 -184
179 140 2.4 -23668 -258
181 140 2.4 -23368 -386
184 140 2.4 -23692 -472
186 140 2.4 -23424 -680
188 140 2.4 -23136 -510
191 140 2.4 -23168 -1016
193 140 2.4 -23776 -1192
196 140 2.4 -23456 -1326
198 140 2.4 -23608 -1494
201 140 2.4 -23196 -1576
203 140 2.4 -23044 -1346
206 140 2.4 -23444 -1010
209 140 2.4 -23592 -1128
211 140 2.4 -23724 -1312
214 140 2.4 -23488 -1018
217 140 2.4 -23564 -984
220 140 2.4 -23848 -880
222 140 2.4 -23812 -1318
225 140 2.4 -23748 -1192
228 140 2.4 -23412 -1084
231 140 2.4 -23724 -1012
234 140 2.4 -23440 -1024
237 140 2.4 -23456 -1350
240 140 2.4 -23408 -1282
243 140 2.4 -23396 -1714
246 140 2.4 -23492 -1972
250 140 2.4 -23400 -1982
253 140 2.4 -23496 -1892
256 140 2.4 -23428 -1726
259 140 2.4 -23592 -1954
263 140 2.4 -23180 -1848
266 140 2.4 -23716 -1922
269 140 2.4 -23940 -1910
273 140 2.4 -23704 -1454
276 140 2.4 -22980 -1346
280 140 2.4 -23336 -1752
284 140 2.4 -23572 -1352
287 140 2.4 -23336 -1146
291 140 2.4 -23588 -1494
295 140 2.4 -23512 -1348
298 140 2.4 -23764 -1298
302 140 2.4 -23656 -1284
306 140 2.4 -23372 -1184
310 140 2.4 -23768 -1364
314 140 2.4 -23664 -1078
318 140 2.4 -24036 -936
322 140 2.4 -23332 -928
326 140 2.4 -23312 -1626
331 140 2.4 -23492 -1952
335 140 2.4 -23596 -1260
339 140 2.4 -23988 -1456
344 140 2.4 -23724 -1054
348 140 2.4 -23808 -1166
352 140 2.4 -23892 -1324
357 140 2.4 -23712 -1462
362 140 2.4 -23584 -1466
366 140 2.4 -23852 -2092
371 140 2.4 -23840 -1760
376 140 2.4 -23724 -2610
381 140 2.4 -23472 -2494
385 140 2.4 -23252 -2390
390 140 2.4 -23192 -2866
395 140 2.4 -23124 -2918
401 140 2.4 -22656 -2650
406 140 2.4 -23268 -2632
411 140 2.4 -23220 -2754
416 140 2.4 -23020 -2834
422 140 2.4 -23624 -3176
427 140 2.4 -22864 -3030
433 140 2.4 -23408 -3398
438 140 2.4 -22944 -3858
444 140 2.4 -23632 -3844
449 140 2.4 -23804 -4238
455 140 2.4 -23948 -4178
461 140 2.4 -23484 -3938
467 140 2.4 -23540 -4156
473 140 2.4 -23692 -3806
479 140 2.4 -23764 -3796
485 140 2.4 -23444 -3660
492 140 2.4 -23588 -3112
498 140 2.4 -23520 -2884
504 140 2.4 -23348 -3008
511 140 2.4 -23860 -2636
517 140 2.4 -23720 -2788
524 140 2.4 -23712 -2956
531 140 2.4 -23764 -2906
538 140 2.4 -24224 -2952
545 140 2.4 -23916 -3398
552 140 2.4 -23264 -3408
559 140 2.4 -23440 -3428
566 140 2.4 -24000 -4052
573 140 2.4 -24060 -3626
581 140 2.4 -23448 -3336
588 140 2.4 -23256 -3164
596 140 2.4 -23664 -3162
603 140 2.4 -23516 -3268
611 140 2.4 -23812 -3502
619 140 2.4 -23976 -2952
627 140 2.4 -23304 -3040
635 140 2.4 -22888 -2844
643 140 2.4 -22932 -2602
652 140 2.4 -23572 -2744
660 140 2.4 -23224 -3116
668 140 2.4 -23520 -3202
677 140 2.4 -23424 -3206
686 140 2.4 -23940 -3084
695 140 2.4 -24248 -3250
704 140 2.4 -23776 -3586
713 140 2.4 -23244 -2924
722 140 2.4 -24264 -2286
731 140 2.4 -23640 -2070
741 140 2.4 -23044 -2204
750 140 2.4 -23344 -2092
760 140 2.4 -23700 -1976
770 140 2.4 -22740 -1950
780 140 2.4 -23436 -1502
790 140 2.4 -23656 -1116
800 140 2.4 -23832 -2070
810 140 2.4 -23164 -2226
821 140 2.4 -23252 -1654
831 140 2.4 -23712 -1968
842 140 2.4 -24260 -2314
853 140 2.4 -22724 -1094
864 140 2.4 -23428 -1362
875 140 2.4 -23508 -1340
886 140 2.4 -23964 -1132
897 140 2.4 -23664 -1308
909 140 2.4 -23640 -750
921 140 2.4 -23620 112
933 140 2.4 -24020 4
945 140 2.4 -23900 756
957 140 2.4 -23972 454
969 140 2.4 -23384 -362
982 140 2.4 -23592 -190
994 140 2.4 -23276 228
1007 140 2.4 -24036 226
1020 140 2.4 -23596 102
1033 140 2.4 -23616 8
1047 140 2.4 -23496 90
1060 140 2.4 -23364 160
1074 140 2.4 -23244 -356
1088 140 2.4 -23388 -434
1102 140 2.4 -23128 -128
1116 140 2.4 -23340 356
1130 140 2.4 -24096 472
1145 140 2.4 -23484 -400
1160 140 2.4 -23816 442
1174 140 2.4 -23668 1076
1190 140 2.4 -23544 1792
1205 140 2.4 -23232 2012
1220 140 2.4 -23340 1912
1236 140 2.4 -23772 1552
1252 140 2.4 -23360 1574
1268 140 2.4 -23084 1238
1285 140 2.4 -23080 2050
1301 140 2.4 -23940 2072
1318 140 2.4 -23700 1084
1335 140 2.4 -23488 -64
1352 140 2.4 -22720 198
1370 140 2.4 -23592 728
1387 140 2.4 -23540 0
1405 140 2.4 -23916 584
1423 140 2.4 -23600 1518
1442 140 2.4 -23404 1626
1460 140 2.4 -23484 1496
1479 140 2.4 -23832 1822
1498 140 2.4 -23408 1762
1517 140 2.4 -23848 950
1537 140 2.4 -24068 944
1557 140 2.4 -24140 130
1577 140 2.4 -24296 -900
1597 140 2.4 -23460 -1142
1618 140 2.4 -24640 -1284
1639 140 2.4 -23400 -976
1660 140 2.4 -23236 -762
1681 140 2.4 -23872 -766
1703 140 2.4 -24612 -1138
1725 140 2.4 -23536 -1448
1747 140 2.4 -23636 -2754
1770 140 2.4 -23484 -2540
1792 140 2.4 -23260 -2066
1816 140 2.4 -23652 -1434
1839 140 2.4 -23436 -526
1863 140 2.4 -24204 788
1887 140 2.4 -23312 1302
1911 140 2.4 -22968 1948
1936 140 2.4 -23452 1550
1961 140 2.4 -23332 1646
1986 140 2.4 -23668 1496
2012 140 2.4 -23992 1584
2037 140 2.4 -22840 1894
2064 140 2.4 -23844 1778
2090 140 2.4 -23704 2828
2117 140 2.4 -23448 2180
2145 140 2.4 -23556 2278
2172 140 2.4 -23320 2226
2200 140 2.4 -23308 3216
2229 140 2.4 -23508 2770
2257 140 2.4 -23892 4480
2286 140 2.4 -23820 4412
2316 140 2.4 -24108 5310
2346 140 2.4 -23920 4620
2376 140 2.4 -23628 4956
2407 140 2.4 -23356 4240
2438 140 2.4 -23788 3358
2469 140 2.4 -23616 2770
2501 140 2.4 -22784 1840
2533 140 2.4 -23828 2254
2566 140 2.4 -23148 1896
2599 140 2.4 -23708 1974
2633 140 2.4 -23692 2628
2667 140 2.4 -23768 2610
2701 140 2.4 -23060 1990
2736 140 2.4 -23348 2574
2771 140 2.4 -23892 2382
2807 140 2.4 -23932 1404
2843 140 2.4 -23732 1702
2880 140 2.4 -23684 1146
2917 140 2.4 -23668 946
2954 140 2.4 -23612 444
2992 140 2.4 -23356 496
3031 140 2.4 -23536 -1356
3070 140 2.4 -24012 -1864
3110 140 2.4 -23144 -882
3150 140 2.4 -24084 -840
3190 140 2.4 -23836 -948
3232 140 2.4 -23780 406
3273 140 2.4 -23700 -830
3315 140 2.4 -23848 -606
3358 140 2.4 -23856 -1118
3402 140 2.4 -24068 -870
3445 140 2.4 -24064 -202
3490 140 2.4 -23932 1010
3535 140 2.4 -23656 728
3580 140 2.4 -24004 120
3627 140 2.4 -23652 -254
3673 140 2.4 -24620 1592
3721 140 2.4 -24400 596
3769 140 2.4 -23060 -126
3817 140 2.4 -23732 612
3867 140 2.4 -23664 736
3916 140 2.4 -23276 -382
3967 140 2.4 -23844 -442
4018 140 2.4 -23312 4
4070 140 2.4 -22852 -488
4122 140 2.4 -23868 1156
4176 140 2.4 -23616 42
4229 140 2.4 -23768 1724
4284 140 2.4 -23008 896
4339 140 2.4 -23356 420
4395 140 2.4 -23468 -1162
4452 140 2.4 -23612 -2030
4509 140 2.4 -23276 -1736
4567 140 2.4 -23612 -646
4626 140 2.4 -22760 -1242
4686 140 2.4 -23400 -550
4746 140 2.4 -23164 -236
4808 140 2.4 -23272 392
4870 140 2.4 -23508 -638
4932 140 2.4 -23132 414
4996 140 2.4 -23752 1636
5060 140 2.4 -24156 3050
5126 140 2.4 -23852 610
5192 140 2.4 -23508 812
5259 140 2.4 -22768 -136
5327 140 2.4 -23732 -694
5395 140 2.4 -23436 -1810
5465 140 2.4 -23008 -2718
5535 140 2.4 -23636 -3372
5607 140 2.4 -24432 -3078
5679 140 2.4 -23140 -2266
5752 140 2.4 -23552 -1016
5826 140 2.4 -23780 -744
5902 140 2.4 -23100 -1242
5978 140 2.4 -23524 -722
6055 140 2.4 -23472 -1136
6133 140 2.4 -23172 -2758
6212 140 2.4 -23356 -1802
6292 140 2.4 -24380 -1746
6373 140 2.4 -23348 -520
6455 140 2.4 -23264 -330
6539 140 2.4 -24104 -478
6623 140 2.4 -23256 -1060
6708 140 2.4 -23448 -1116
6795 140 2.4 -24268 -1612
6883 140 2.4 -23828 -1512
6971 140 2.4 -22892 -2754
7061 140 2.4 -23884 -3098
7152 140 2.4 -22808 -946
7245 140 2.4 -23376 -552
7338 140 2.4 -23744 -108
7433 140 2.4 -23760 -1002
7529 140 2.4 -23372 1422
7626 140 2.4 -23272 1872
7724 140 2.4 -23744 1400
7824 140 2.4 -22892 1954
7925 140 2.4 -23304 1888
8027 140 2.4 -23436 1906
8130 140 2.4 -23020 -238
8235 140 2.4 -23824 -350
8341 140 2.4 -23040 -134
8449 140 2.4 -24032 388
8558 140 2.4 -23436 -838
8668 140 2.4 -23668 -1204
8780 140 2.4 -23604 -2450
8893 140 2.4 -23872 -2308
9008 140 2.4 -23960 -4170
9124 140 2.4 -23888 -4534
9242 140 2.4 -23328 -4724
9361 140 2.4 -22756 -1958
9482 140 2.4 -23292 -486
9604 140 2.4 -23176 -500
9728 140 2.4 -22804 -798
9853 140 2.4 -23572 -1446
9980 140 2.4 -23596 -3518
10109 140 2.4 -23432 -94
10240 140 2.4 -23056 -292
10372 140 2.4 -23156 -32
10505 140 2.4 -23088 -960
10641 140 2.4 -23584 -1382
10778 140 2.4 -23736 -316
10917 140 2.4 -23656 492
11058 140 2.4 -23752 -254
11201 140 2.4 -23692 -452
11345 140 2.4 -23720 -1166
11491 140 2.4 -23412 -1234
11640 140 2.4 -23796 -2280
11790 140 2.4 -23304 -168
11942 140 2.4 -23136 842
12096 140 2.4 -23588 -864
12252 140 2.4 -23524 168
12410 140 2.4 -23436 798
12570 140 2.4 -23716 -280
12732 140 2.4 -23864 582
12896 140 2.4 -24312 -2088
13062 140 2.4 -23736 -2412
13231 140 2.4 -23848 -1820
13402 140 2.4 -23148 -824
13574 140 2.4 -23600 -1320
13750 140 2.4 -23592 -548
13927 140 2.4 -23136 -1756
14106 140 2.4 -23360 -1608
14288 140 2.4 -23348 -356
14473 140 2.4 -23228 1194
14659 140 2.4 -23832 486
14848 140 2.4 -23020 -2380
15040 140 2.4 -23664 -3396
15234 140 2.4 -24424 -3198
15430 140 2.4 -23392 -2232
15629 140 2.4 -23436 1822
15831 140 2.4 -23932 -1756
16035 140 2.4 -23784 218
16242 140 2.4 -24032 1496
16451 140 2.4 -23700 2060
16664 140 2.4 -23488 -418
16879 140 2.4 -23384 1770
17096 140 2.4 -23412 -1502
17317 140 2.4 -23824 -1060
17540 140 2.4 -23864 -408
17766 140 2.4 -24004 -246
17995 140 2.4 -24156 3616
18228 140 2.4 -23488 268
18463 140 2.4 -23960 650
18701 140 2.4 -23500 1206
18942 140 2.4 -23500 106
19186 140 2.4 -23444 -874
19434 140 2.4 -23912 -234
19684 140 2.4 -23724 -2002
19938 140 2.4 -23464 -1412
20195 140 2.4 -23064 -520
20456 140 2.4 -23624 -1350
20720 140 2.4 -23392 -26
20987 140 2.4 -24068 -310
21258 140 2.4 -23672 -1402
21532 140 2.4 -23108 -932
21810 140 2.4 -23260 -1588
22091 140 2.4 -23644 1116
22376 140 2.4 -23688 -940
22664 140 2.4 -23712 632
22957 140 2.4 -23764 -668
23253 140 2.4 -23596 900
23553 140 2.4 -23620 1308
23856 140 2.4 -24440 2046
24164 140 2.4 -23504 1960
24476 140 2.4 -23008 354
24791 140 2.4 -23348 1744
25111 140 2.4 -23648 -16
25435 140 2.4 -23728 -192
25763 140 2.4 -23820 746
26095 140 2.4 -22624 -1432
26432 140 2.4 -23752 -370
26773 140 2.4 -23956 -1952
27118 140 2.4 -23404 156
27468 140 2.4 -23252 1800
27822 140 2.4 -23936 552
28181 140 2.4 -23920 -36
28545 140 2.4 -22928 -408
28913 140 2.4 -23416 804
29286 140 2.4 -22964 2164
29663 140 2.4 -24140 -1806
30046 140 2.4 -23872 -1714
30434 140 2.4 -23852 -226
30826 140 2.4 -24056 2706
31224 140 2.4 -23588 1194
31626 140 2.4 -24060 1002
32034 140 2.4 -23404 294
32447 140 2.4 -23708 436
32866 140 2.4 -23264 1952
33290 140 2.4 -23664 408
33719 140 2.4 -22896 2200
34154 140 2.4 -23536 1132
34595 140 2.4 -23212 -632
35041 140 2.4 -24036 1486
35493 140 2.4 -23760 -734
35951 140 2.4 -23596 -2716
36414 140 2.4 -23800 -884
36884 140 2.4 -23956 266
37360 140 2.4 -24188 534
37841 140 2.4 -23208 1512
38330 140 2.4 -23652 -766
38824 140 2.4 -23196 410
39325 140 2.4 -23848 2256
39832 140 2.4 -23204 1266
40346 140 2.4 -23628 970
40866 140 2.4 -23572 -2936
41393 140 2.4 -24096 -610
41927 140 2.4 -23496 1430
42468 140 2.4 -23848 286
43015 140 2.4 -23968 578
43570 140 2.4 -24464 -2578
44132 140 2.4 -23392 -3038
44701 140 2.4 -23488 -3704
45278 140 2.4 -23448 -3190
45862 140 2.4 -23080 -910
46453 140 2.4 -23124 -2296
47053 140 2.4 -23332 158
47660 140 2.4 -23732 -620
48274 140 2.4 -23400 -768
48897 140 2.4 -23412 1156
49528 140 2.4 -23376 1310
50166 140 2.4 -23492 930
50813 140 2.4 -24192 -1714
51469 140 2.4 -24028 -3746
52133 140 2.4 -23672 -1050
52805 140 2.4 -24104 1612
53486 140 2.4 -23392 1566
54176 140 2.4 -23516 1984
54875 140 2.4 -22628 902
55582 140 2.4 -24032 892
56299 140 2.4 -23620 -2348
57025 140 2.4 -23888 1646
57761 140 2.4 -23256 12
58506 140 2.4 -23652 374
59261 140 2.4 -23412 -382
60025 140 2.4 -23728 -4
60799 140 2.4 -23460 -1416
61583 140 2.4 -22900 338
62378 140 2.4 -23328 -526
63182 140 2.4 -23460 356
63997 140 2.4 -23352 3934
64822 140 2.4 -23632 1556
65658 140 2.4 -24528 -490
66505 140 2.4 -23592 498
67363 140 2.4 -23816 -4160
68232 140 2.4 -22692 -2222
69112 140 2.4 -23808 -1428
70003 140 2.4 -23524 238
70906 140 2.4 -23348 -236
71821 140 2.4 -23456 276
72747 140 2.4 -23068 56
73685 140 2.4 -22972 802
74636 140 2.4 -23776 -2386
75599 140 2.4 -23480 188
76574 140 2.4 -23464 708
77561 140 2.4 -23652 1014
78562 140 2.4 -23856 -512
79575 140 2.4 -23420 1572
80601 140 2.4 -23464 -126
81641 140 2.4 -23960 -934
82694 140 2.4 -24644 2906
83760 140 2.4 -23420 2264
84841 140 2.4 -23832 -452
85935 140 2.4 -23660 1488
87043 140 2.4 -23396 1530
88166 140 2.4 -23568 -1212
89303 140 2.4 -23020 -1640
90455 140 2.4 -24052 -1038
91622 140 2.4 -23512 -1288
92803 140 2.4 -23804 282
94000 140 2.4 -23236 1086
95213 140 2.4 -23412 -20
96441 140 2.4 -23188 130
97685 140 2.4 -23200 428
98945 140 2.4 -23320 1666
100221 140 2.4 -23824 -812
101513 140 2.4 -23148 -1240
102823 140 2.4 -24532 2402
104149 140 2.4 -23344 1828
105492 140 2.4 -23016 -2192
106853 140 2.4 -23912 1680
108231 140 2.4 -23492 2116
109627 140 2.4 -22976 1434
111041 140 2.4 -22844 1338
112473 140 2.4 -23500 3678
113924 140 2.4 -23144 34
115393 140 2.4 -23480 -2070
116882 140 2.4 -23640 1484
118389 140 2.4 -23388 -1106
119916 140 2.4 -23916 -830
121463 140 2.4 -24044 -2090
123029 140 2.4 -23472 962
124616 140 2.4 -23600 -470
126224 140 2.4 -23428 212
127852 140 2.4 -23200 -942
129501 140 2.4 -23868 954
131171 140 2.4 -23340 -3328
132863 140 2.4 -23348 440
134576 140 2.4 -23844 -400
136312 140 2.4 -24188 1402
138070 140 2.4 -23772 -680
139851 140 2.4 -24208 1648
141655 140 2.4 -23908 -2740
143482 140 2.4 -24120 1460
145333 140 2.4 -23556 868
147207 140 2.4 -22928 728
149106 140 2.4 -24380 2564
151029 140 2.4 -23188 -116
152977 140 2.4 -23524 -2408
154950 140 2.4 -23924 -304
156948 140 2.4 -23364 -1322
158973 140 2.4 -22572 -1132
161023 140 2.4 -24216 610
163100 140 2.4 -23788 966
165204 140 2.4 -23212 -3200
167334 140 2.4 -23536 2718
169493 140 2.4 -23676 -788
171679 140 2.4 -23452 912
173893 140 2.4 -23528 -554
176136 140 2.4 -23632 3094
178408 140 2.4 -23824 2192
180709 140 2.4 -23348 1558
183040 140 2.4 -23768 -1292
185400 140 2.4 -23192 -392
187792 140 2.4 -23748 1402
190214 140 2.4 -23172 1130
192667 140 2.4 -23884 698
195152 140 2.4 -23796 2930
197669 140 2.4 -23972 1942
200219 140 2.4 -23828 152
202801 140 2.4 -23188 -770
205417 140 2.4 -23592 -576
208066 140 2.4 -23772 -1626
210750 140 2.4 -23924 368
213468 140 2.4 -23452 716
216222 140 2.4 -24272 -240
219010 140 2.4 -23444 -1576
221835 140 2.4 -23856 -1430
224696 140 2.4 -23544 1608
227595 140 2.4 -23216 -276
230530 140 2.4 -23568 -232
233503 140 2.4 -23868 -1634
236515 140 2.4 -23204 -2656
239566 140 2.4 -22968 -672
242656 140 2.4 -23224 814
245785 140 2.4 -23376 -30
248956 140 2.4 -23924 2812
252167 140 2.4 -23860 -250
255419 140 2.4 -23716 500
258713 140 2.4 -24160 -2122
262050 140 2.4 -23784 -1410
265430 140 2.4 -23584 -2620
268854 140 2.4 -23212 -1744
272321 140 2.4 -23368 1366
275834 140 2.4 -23208 1202
279391 140 2.4 -23176 1044
282995 140 2.4 -23912 -618
286645 140 2.4 -23148 292
290342 140 2.4 -23256 -1366
294087 140 2.4 -23516 1958
297880 140 2.4 -24392 1786
301722 140 2.4 -23872 2108
305614 140 2.4 -23472 1528
309556 140 2.4 -23748 -472
313548 140 2.4 -23272 -1372
317592 140 2.4 -22808 -814
321689 140 2.4 -23568 1430
325838 140 2.4 -23280 144
330040 140 2.4 -23336 -2714
334297 140 2.4 -23600 2698
338609 140 2.4 -24148 5124
342976 140 2.4 -23552 -2348
347400 140 2.4 -23420 -1690
351881 140 2.4 -23916 1090
356419 140 2.4 -23884 1300
361016 140 2.4 -24164 -1888
365673 140 2.4 -24592 2310
370389 140 2.4 -22916 1756
375167 140 2.4 -23572 -1002
380005 140 2.4 -23892 -1322
384907 140 2.4 -23276 -1292
389871 140 2.4 -23932 98
394900 140 2.4 -23996 -954
399993 140 2.4 -23692 -790
405152 140 2.4 -23312 -232
410378 140 2.4 -23544 -222
415671 140 2.4 -23760 -2718
421032 140 2.4 -23600 -2248
426463 140 2.4 -23160 -516
431963 140 2.4 -23480 -1008
437535 140 2.4 -24008 2034
443178 140 2.4 -23492 -394
448894 140 2.4 -23504 58
454684 140 2.4 -23360 -688
460548 140 2.4 -23392 -482
466489 140 2.4 -23036 3240
472505 140 2.4 -23412 -3416
478600 140 2.4 -23792 -986
484773 140 2.4 -23312 1024
491025 140 2.4 -23552 584
497358 140 2.4 -23512 510
503773 140 2.4 -23344 436
510271 140 2.4 -23920 -780
516852 140 2.4 -23512 708
523519 140 2.4 -23224 1448
530271 140 2.4 -22960 -1654
537111 140 2.4 -23656 690
544038 140 2.4 -23312 -1104
551055 140 2.4 -22660 732
558163 140 2.4 -23748 2482
565362 140 2.4 -23420 -788
572654 140 2.4 -23056 2516
580040 140 2.4 -23276 -420
587521 140 2.4 -23224 1116
595099 140 2.4 -23684 -2938
602775 140 2.4 -24088 186
610549 140 2.4 -24188 -1140
618424 140 2.4 -23808 1656
626400 140 2.4 -23512 -1022
634480 140 2.4 -23204 1002
642663 140 2.4 -23780 712
650952 140 2.4 -23752 2186
659348 140 2.4 -24144 2446
667853 140 2.4 -23060 -1212
676467 140 2.4 -23612 -32
685192 140 2.4 -23376 1624
694029 140 2.4 -23072 -68
702981 140 2.4 -23892 1774
712048 140 2.4 -23512 -3232
721232 140 2.4 -23680 -662
730534 140 2.4 -23740 2642
739957 140 2.4 -24056 3772
749500 140 2.4 -23248 698
759168 140 2.4 -23740 -1802
768959 140 2.4 -23140 432
778877 140 2.4 -24012 -144
788923 140 2.4 -23460 3500
799099 140 2.4 -23284 1088
809405 140 2.4 -23096 -702
819845 140 2.4 -23604 -534
830419 140 2.4 -24288 -2204
841130 140 2.4 -22476 120
851979 140 2.4 -23364 1000
862968 140 2.4 -23744 3436
874098 140 2.4 -23432 -2870
885373 140 2.4 -23584 -900
896792 140 2.4 -23956 -1798
908359 140 2.4 -23324 1986
920075 140 2.4 -23288 -1712
931942 140 2.4 -24276 -4304
943962 140 2.4 -23632 -2542
956137 140 2.4 -23544 214
968470 140 2.4 -23396 -274
980961 140 2.4 -23396 -382
993613 140 2.4 -24344 2578
999999 140 2.4 -23468 224
