3 60 2.1 -3372 -52
4 60 2.1 -3748 8
5 60 2.1 -3912 -32
6 60 2.1 -3908 -50
7 60 2.1 -4104 -36
8 60 2.1 -4220 -34
9 60 2.1 -4300 30
10 60 2.1 -4408 132
11 60 2.1 -4492 118
12 60 2.1 -4740 10
13 60 2.1 -4724 -4
14 60 2.1 -4776 64
15 60 2.1 -4836 160
16 60 2.1 -4840 56
17 60 2.1 -4952 44
18 60 2.1 -4836 116
19 60 2.1 -4888 178
20 60 2.1 -4904 202
21 60 2.1 -4904 240
22 60 2.1 -4992 228
23 60 2.1 -4900 200
24 60 2.1 -4912 246
25 60 2.1 -4860 216
26 60 2.1 -4948 130
27 60 2.1 -5000 94
28 60 2.1 -5060 82
29 60 2.1 -5068 128
30 60 2.1 -4992 26
31 60 2.1 -4912 24
32 60 2.1 -4916 16
33 60 2.1 -4924 90
34 60 2.1 -5032 70
35 60 2.1 -4872 94
36 60 2.1 -4988 74
37 60 2.1 -4988 122
38 60 2.1 -4924 108
39 60 2.1 -4748 24
40 60 2.1 -4800 -6
41 60 2.1 -4760 -4
42 60 2.1 -4860 80
43 60 2.1 -4968 36
44 60 2.1 -4960 -50
45 60 2.1 -4992 -78
46 60 2.1 -5036 -102
47 60 2.1 -5004 -124
48 60 2.1 -5184 -114
49 60 2.1 -5092 -126
50 60 2.1 -4960 8
51 60 2.1 -5008 8
52 60 2.1 -5076 -14
53 60 2.1 -5104 -108
54 60 2.1 -5052 -174
55 60 2.1 -5108 -180
56 60 2.1 -5020 -166
57 60 2.1 -5016 -98
58 60 2.1 -5028 -106
59 60 2.1 -5084 -80
60 60 2.1 -5076 -104
61 60 2.1 -5132 -48
62 60 2.1 -5284 -54
63 60 2.1 -5248 -12
64 60 2.1 -5172 36
65 60 2.1 -5160 -44
66 60 2.1 -5140 -78
67 60 2.1 -5040 -30
68 60 2.1 -5140 -70
69 60 2.1 -5164 -88
70 60 2.1 -5296 -142
71 60 2.1 -5204 -292
72 60 2.1 -5280 -350
73 60 2.1 -5288 -198
74 60 2.1 -5396 -224
75 60 2.1 -5376 -262
76 60 2.1 -5356 -272
77 60 2.1 -5388 -346
78 60 2.1 -5412 -330
79 60 2.1 -5360 -284
80 60 2.1 -5352 -280
81 60 2.1 -5396 -290
82 60 2.1 -5372 -234
83 60 2.1 -5392 -228
84 60 2.1 -5492 -308
85 60 2.1 -5536 -312
86 60 2.1 -5452 -316
88 60 2.1 -5192 -344
89 60 2.1 -5292 -316
90 60 2.1 -5248 -272
91 60 2.1 -5272 -366
92 60 2.1 -5196 -322
93 60 2.1 -5260 -302
95 60 2.1 -5304 -244
96 60 2.1 -5300 -106
97 60 2.1 -5280 -124
98 60 2.1 -5412 -212
99 60 2.1 -5352 -206
101 60 2.1 -5424 -160
102 60 2.1 -5448 -230
103 60 2.1 -5548 -260
105 60 2.1 -5416 -282
106 60 2.1 -5624 -318
107 60 2.1 -5464 -356
109 60 2.1 -5424 -334
110 60 2.1 -5404 -286
112 60 2.1 -5312 -318
113 60 2.1 -5296 -212
114 60 2.1 -5312 -280
116 60 2.1 -5288 -300
117 60 2.1 -5316 -278
119 60 2.1 -5332 -236
120 60 2.1 -5380 -258
122 60 2.1 -5432 -284
124 60 2.1 -5388 -252
125 60 2.1 -5620 -282
127 60 2.1 -5548 -296
128 60 2.1 -5608 -300
130 60 2.1 -5392 -316
132 60 2.1 -5420 -218
133 60 2.1 -5536 -302
135 60 2.1 -5532 -208
137 60 2.1 -5308 -170
139 60 2.1 -5368 -322
140 60 2.1 -5412 -290
142 60 2.1 -5400 -350
144 60 2.1 -5372 -342
146 60 2.1 -5212 -336
148 60 2.1 -5464 -314
150 60 2.1 -5260 -256
152 60 2.1 -5360 -292
154 60 2.1 -5292 -240
155 60 2.1 -5468 -204
157 60 2.1 -5468 -200
160 60 2.1 -5276 -104
162 60 2.1 -5412 -74
164 60 2.1 -5380 -242
166 60 2.1 -5292 -272
168 60 2.1 -5232 -244
170 60 2.1 -5232 -254
172 60 2.1 -5348 -168
174 60 2.1 -5388 -250
177 60 2.1 -5412 -354
179 60 2.1 -5392 -248
181 60 2.1 -5464 -314
184 60 2.1 -5488 -450
186 60 2.1 -5468 -554
188 60 2.1 -5340 -608
191 60 2.1 -5296 -596
193 60 2.1 -5208 -642
196 60 2.1 -5268 -804
198 60 2.1 -5256 -802
201 60 2.1 -5328 -802
203 60 2.1 -5308 -834
206 60 2.1 -5156 -772
209 60 2.1 -5216 -712
211 60 2.1 -5152 -696
214 60 2.1 -5336 -710
217 60 2.1 -5388 -644
220 60 2.1 -5524 -670
222 60 2.1 -5464 -662
225 60 2.1 -5468 -744
228 60 2.1 -5416 -770
231 60 2.1 -5388 -744
234 60 2.1 -5552 -836
237 60 2.1 -5464 -842
240 60 2.1 -5628 -740
243 60 2.1 -5640 -780
246 60 2.1 -5640 -778
250 60 2.1 -5556 -768
253 60 2.1 -5680 -772
256 60 2.1 -5528 -768
259 60 2.1 -5632 -888
263 60 2.1 -5492 -730
266 60 2.1 -5568 -742
269 60 2.1 -5588 -790
273 60 2.1 -5460 -690
276 60 2.1 -5432 -858
280 60 2.1 -5552 -906
284 60 2.1 -5324 -938
287 60 2.1 -5612 -996
291 60 2.1 -5676 -960
295 60 2.1 -5448 -1052
298 60 2.1 -5508 -1178
302 60 2.1 -5520 -1030
306 60 2.1 -5456 -910
310 60 2.1 -5384 -1032
314 60 2.1 -5516 -1028
318 60 2.1 -5580 -1020
322 60 2.1 -5396 -928
326 60 2.1 -5524 -808
331 60 2.1 -5436 -882
335 60 2.1 -5504 -894
339 60 2.1 -5536 -772
344 60 2.1 -5520 -730
348 60 2.1 -5384 -576
352 60 2.1 -5352 -502
357 60 2.1 -5320 -410
362 60 2.1 -5468 -404
366 60 2.1 -5420 -400
371 60 2.1 -5440 -504
376 60 2.1 -5364 -506
381 60 2.1 -5500 -666
385 60 2.1 -5528 -710
390 60 2.1 -5640 -726
395 60 2.1 -5552 -808
401 60 2.1 -5808 -790
406 60 2.1 -5764 -792
411 60 2.1 -5544 -794
416 60 2.1 -5444 -862
422 60 2.1 -5428 -918
427 60 2.1 -5612 -930
433 60 2.1 -5508 -892
438 60 2.1 -5548 -832
444 60 2.1 -5492 -758
449 60 2.1 -5596 -920
455 60 2.1 -5328 -728
461 60 2.1 -5360 -468
467 60 2.1 -5524 -474
473 60 2.1 -5440 -580
479 60 2.1 -5528 -618
485 60 2.1 -5580 -648
492 60 2.1 -5588 -568
498 60 2.1 -5528 -582
504 60 2.1 -5640 -574
511 60 2.1 -5608 -684
517 60 2.1 -5624 -728
524 60 2.1 -5604 -642
531 60 2.1 -5568 -610
538 60 2.1 -5600 -866
545 60 2.1 -5716 -818
552 60 2.1 -5732 -754
559 60 2.1 -5676 -744
566 60 2.1 -5552 -754
573 60 2.1 -5648 -630
581 60 2.1 -5496 -550
588 60 2.1 -5580 -842
596 60 2.1 -5636 -818
603 60 2.1 -5520 -894
611 60 2.1 -5588 -862
619 60 2.1 -5568 -728
627 60 2.1 -5392 -692
635 60 2.1 -5476 -724
643 60 2.1 -5708 -818
652 60 2.1 -5776 -866
660 60 2.1 -5500 -822
668 60 2.1 -5696 -878
677 60 2.1 -5596 -880
686 60 2.1 -5592 -830
695 60 2.1 -5640 -916
704 60 2.1 -5808 -1000
713 60 2.1 -5512 -726
722 60 2.1 -5588 -878
731 60 2.1 -5292 -574
741 60 2.1 -5532 -514
750 60 2.1 -5464 -480
760 60 2.1 -5412 -480
770 60 2.1 -5652 -474
780 60 2.1 -5744 -400
790 60 2.1 -5520 -340
800 60 2.1 -5644 -306
810 60 2.1 -5576 -448
821 60 2.1 -5648 -520
831 60 2.1 -5416 -632
842 60 2.1 -5696 -780
853 60 2.1 -5388 -718
864 60 2.1 -5552 -550
875 60 2.1 -5504 -742
886 60 2.1 -5660 -750
897 60 2.1 -5456 -634
909 60 2.1 -5824 -650
921 60 2.1 -5704 -736
933 60 2.1 -5688 -686
945 60 2.1 -5352 -794
957 60 2.1 -5596 -792
969 60 2.1 -5492 -852
982 60 2.1 -5540 -1004
994 60 2.1 -5664 -810
1007 60 2.1 -5588 -1080
1020 60 2.1 -5548 -1220
1033 60 2.1 -5540 -1310
1047 60 2.1 -5492 -1504
1060 60 2.1 -5664 -1638
1074 60 2.1 -5600 -1728
1088 60 2.1 -5700 -1840
1102 60 2.1 -5684 -1868
1116 60 2.1 -5840 -1970
1130 60 2.1 -5748 -1970
1145 60 2.1 -5588 -1972
1160 60 2.1 -5648 -1964
1174 60 2.1 -5800 -2206
1190 60 2.1 -5760 -2176
1205 60 2.1 -5704 -2128
1220 60 2.1 -5532 -1952
1236 60 2.1 -5732 -2182
1252 60 2.1 -5788 -2366
1268 60 2.1 -5800 -2588
1285 60 2.1 -5940 -2576
1301 60 2.1 -5508 -2278
1318 60 2.1 -5764 -2588
1335 60 2.1 -5628 -2660
1352 60 2.1 -5824 -2664
1370 60 2.1 -5832 -2716
1387 60 2.1 -5972 -2956
1405 60 2.1 -5724 -2994
1423 60 2.1 -6132 -3104
1442 60 2.1 -6044 -3172
1460 60 2.1 -5948 -3138
1479 60 2.1 -5980 -3114
1498 60 2.1 -5980 -3158
1517 60 2.1 -6076 -3188
1537 60 2.1 -6152 -3266
1557 60 2.1 -5892 -3018
1577 60 2.1 -5904 -3110
1597 60 2.1 -6180 -3216
1618 60 2.1 -6088 -3182
1639 60 2.1 -6152 -3186
1660 60 2.1 -6052 -3228
1681 60 2.1 -6172 -3184
1703 60 2.1 -6080 -3230
1725 60 2.1 -5944 -3136
1747 60 2.1 -6096 -3210
1770 60 2.1 -6128 -3202
1792 60 2.1 -5884 -3122
1816 60 2.1 -5820 -3004
1839 60 2.1 -5940 -3116
1863 60 2.1 -6184 -3232
1887 60 2.1 -6232 -3270
1911 60 2.1 -6160 -3246
1936 60 2.1 -5920 -3106
1961 60 2.1 -5840 -3122
1986 60 2.1 -6064 -3190
2012 60 2.1 -5912 -3098
2037 60 2.1 -5988 -3140
2064 60 2.1 -6120 -3210
2090 60 2.1 -5992 -3142
2117 60 2.1 -6000 -3078
2145 60 2.1 -5856 -3040
2172 60 2.1 -6104 -3242
2200 60 2.1 -5776 -3014
2229 60 2.1 -5920 -3094
2257 60 2.1 -5976 -3096
2286 60 2.1 -5748 -2970
2316 60 2.1 -5928 -3168
2346 60 2.1 -6024 -3174
2376 60 2.1 -5980 -3178
2407 60 2.1 -5976 -3108
2438 60 2.1 -5820 -2998
2469 60 2.1 -6112 -3222
2501 60 2.1 -5992 -3108
2533 60 2.1 -5944 -3034
2566 60 2.1 -5848 -3060
2599 60 2.1 -6060 -3208
2633 60 2.1 -5924 -3130
2667 60 2.1 -6052 -3186
2701 60 2.1 -5760 -2954
2736 60 2.1 -5908 -3078
2771 60 2.1 -5960 -3124
2807 60 2.1 -6112 -3198
2843 60 2.1 -5844 -3078
2880 60 2.1 -6132 -3160
2917 60 2.1 -6008 -3064
2954 60 2.1 -5800 -2874
2992 60 2.1 -5928 -3120
3031 60 2.1 -6088 -3110
3070 60 2.1 -5952 -3112
3110 60 2.1 -6032 -3186
3150 60 2.1 -5916 -3118
3190 60 2.1 -5796 -3084
3232 60 2.1 -6024 -3174
3273 60 2.1 -6100 -3224
3315 60 2.1 -6040 -3188
3358 60 2.1 -5828 -3100
3402 60 2.1 -6104 -3156
3445 60 2.1 -6032 -3204
3490 60 2.1 -6160 -3190
3535 60 2.1 -5868 -3064
3580 60 2.1 -6076 -3210
3627 60 2.1 -6020 -3138
3673 60 2.1 -5928 -3074
3721 60 2.1 -5860 -3048
3769 60 2.1 -5980 -3182
3817 60 2.1 -6144 -3234
3867 60 2.1 -5868 -3030
3916 60 2.1 -6000 -3016
3967 60 2.1 -6048 -3086
4018 60 2.1 -6056 -3178
4070 60 2.1 -5816 -3024
4122 60 2.1 -6112 -3168
4176 60 2.1 -5988 -3164
4229 60 2.1 -5972 -3038
4284 60 2.1 -5996 -3164
4339 60 2.1 -6024 -3160
4395 60 2.1 -5872 -3052
4452 60 2.1 -6184 -3254
4509 60 2.1 -5952 -3172
4567 60 2.1 -5876 -3086
4626 60 2.1 -6032 -3148
4686 60 2.1 -5932 -3112
4746 60 2.1 -5824 -3036
4808 60 2.1 -5956 -3128
4870 60 2.1 -6024 -3160
4932 60 2.1 -6084 -3136
4996 60 2.1 -6100 -3210
5060 60 2.1 -5864 -3058
5126 60 2.1 -5868 -3006
5192 60 2.1 -5908 -3146
5259 60 2.1 -5988 -3120
5327 60 2.1 -5988 -3154
5395 60 2.1 -5800 -3072
5465 60 2.1 -6104 -3206
5535 60 2.1 -6000 -3186
5607 60 2.1 -6084 -3194
5679 60 2.1 -5756 -2890
5752 60 2.1 -5884 -3012
5826 60 2.1 -5944 -3108
5902 60 2.1 -6012 -3146
5978 60 2.1 -5924 -3066
6055 60 2.1 -5964 -3168
6133 60 2.1 -6152 -3182
6212 60 2.1 -6056 -3212
6292 60 2.1 -6016 -3200
6373 60 2.1 -6060 -3128
6455 60 2.1 -6168 -3216
6539 60 2.1 -6164 -3224
6623 60 2.1 -5984 -3142
6708 60 2.1 -5860 -3098
6795 60 2.1 -6076 -3212
6883 60 2.1 -6224 -3214
6971 60 2.1 -6004 -3156
7061 60 2.1 -5980 -3084
7152 60 2.1 -5876 -3130
7245 60 2.1 -6228 -3258
7338 60 2.1 -6024 -3168
7433 60 2.1 -5888 -3050
7529 60 2.1 -5968 -3104
7626 60 2.1 -5776 -2904
7724 60 2.1 -5944 -3122
7824 60 2.1 -5808 -3082
7925 60 2.1 -5748 -2974
8027 60 2.1 -6184 -3268
8130 60 2.1 -5968 -3112
8235 60 2.1 -6008 -3174
8341 60 2.1 -5920 -2888
8449 60 2.1 -5932 -3048
8558 60 2.1 -5928 -3052
8668 60 2.1 -6068 -3188
8780 60 2.1 -6020 -3178
8893 60 2.1 -5720 -3012
9008 60 2.1 -5888 -3040
9124 60 2.1 -5960 -3128
9242 60 2.1 -6192 -3250
9361 60 2.1 -5848 -3020
9482 60 2.1 -5956 -3166
9604 60 2.1 -6016 -3108
9728 60 2.1 -6340 -3332
9853 60 2.1 -6108 -3236
9980 60 2.1 -5912 -3106
10109 60 2.1 -5792 -3038
10240 60 2.1 -5928 -3174
10372 60 2.1 -5884 -3024
10505 60 2.1 -6068 -3174
10641 60 2.1 -5884 -2974
10778 60 2.1 -5824 -2992
10917 60 2.1 -5908 -3152
11058 60 2.1 -6088 -3122
11201 60 2.1 -5932 -3108
11345 60 2.1 -6032 -3096
11491 60 2.1 -6056 -3180
11640 60 2.1 -5864 -3108
11790 60 2.1 -5944 -3006
11942 60 2.1 -5964 -3110
12096 60 2.1 -5980 -3114
12252 60 2.1 -6168 -3250
12410 60 2.1 -5876 -3070
12570 60 2.1 -5876 -3054
12732 60 2.1 -5756 -3006
12896 60 2.1 -6184 -3232
13062 60 2.1 -6060 -3102
13231 60 2.1 -6212 -3282
13402 60 2.1 -5968 -3096
13574 60 2.1 -5992 -3112
13750 60 2.1 -6060 -3204
13927 60 2.1 -5848 -3118
14106 60 2.1 -5896 -3118
14288 60 2.1 -5976 -3154
14473 60 2.1 -6004 -3120
14659 60 2.1 -6036 -3194
14848 60 2.1 -5828 -3096
15040 60 2.1 -6080 -3182
15234 60 2.1 -6052 -3160
15430 60 2.1 -5708 -2992
15629 60 2.1 -5848 -3056
15831 60 2.1 -6072 -3212
16035 60 2.1 -6136 -3246
16242 60 2.1 -6084 -3168
16451 60 2.1 -5824 -3082
16664 60 2.1 -6096 -3200
16879 60 2.1 -5728 -2968
17096 60 2.1 -5924 -2928
17317 60 2.1 -6004 -3166
17540 60 2.1 -6120 -3212
17766 60 2.1 -6084 -3164
17995 60 2.1 -6004 -3108
18228 60 2.1 -5944 -3180
18463 60 2.1 -6008 -3148
18701 60 2.1 -6092 -3156
18942 60 2.1 -6240 -3282
19186 60 2.1 -5900 -3100
19434 60 2.1 -5964 -3164
19684 60 2.1 -5984 -3112
19938 60 2.1 -6192 -3248
20195 60 2.1 -6196 -3226
20456 60 2.1 -5968 -3164
20720 60 2.1 -5844 -3094
20987 60 2.1 -5980 -3116
21258 60 2.1 -5972 -3122
21532 60 2.1 -6096 -3172
21810 60 2.1 -6080 -3192
22091 60 2.1 -5852 -3100
22376 60 2.1 -6064 -3048
22664 60 2.1 -6176 -3254
22957 60 2.1 -5972 -3078
23253 60 2.1 -6240 -3244
23553 60 2.1 -6052 -3092
23856 60 2.1 -6000 -3106
24164 60 2.1 -5980 -3198
24476 60 2.1 -5920 -3054
24791 60 2.1 -5800 -3096
25111 60 2.1 -6152 -3150
25435 60 2.1 -5580 -2872
25763 60 2.1 -5952 -3106
26095 60 2.1 -5940 -3112
26432 60 2.1 -6024 -3154
26773 60 2.1 -5860 -3100
27118 60 2.1 -5988 -3172
27468 60 2.1 -5976 -3208
27822 60 2.1 -6056 -3126
28181 60 2.1 -5996 -3128
28545 60 2.1 -6108 -3210
28913 60 2.1 -6188 -3232
29286 60 2.1 -6216 -3250
29663 60 2.1 -5980 -3132
30046 60 2.1 -6144 -3202
30434 60 2.1 -5960 -3152
30826 60 2.1 -6080 -3156
31224 60 2.1 -5904 -3106
31626 60 2.1 -5860 -3054
32034 60 2.1 -6156 -3158
32447 60 2.1 -5872 -3034
32866 60 2.1 -5984 -3106
33290 60 2.1 -6012 -3162
33719 60 2.1 -5944 -3114
34154 60 2.1 -5984 -3142
34595 60 2.1 -6060 -3170
35041 60 2.1 -5784 -3090
35493 60 2.1 -5856 -3060
35951 60 2.1 -5844 -2984
36414 60 2.1 -6084 -3176
36884 60 2.1 -5820 -2958
37360 60 2.1 -5944 -3124
37841 60 2.1 -5984 -3158
38330 60 2.1 -5744 -3074
38824 60 2.1 -6044 -3170
39325 60 2.1 -5804 -2902
39832 60 2.1 -6196 -3218
40346 60 2.1 -5724 -2966
40866 60 2.1 -5908 -3138
41393 60 2.1 -5952 -3132
41927 60 2.1 -6056 -3116
42468 60 2.1 -6284 -3290
43015 60 2.1 -5960 -3140
43570 60 2.1 -5964 -3136
44132 60 2.1 -5752 -2834
44701 60 2.1 -6168 -3270
45278 60 2.1 -5948 -3176
45862 60 2.1 -5868 -3046
46453 60 2.1 -6064 -3168
47053 60 2.1 -6012 -3158
47660 60 2.1 -6044 -3142
48274 60 2.1 -5948 -3142
48897 60 2.1 -5992 -3166
49528 60 2.1 -5944 -3038
50166 60 2.1 -5768 -2960
50813 60 2.1 -5924 -2964
51469 60 2.1 -6024 -3160
52133 60 2.1 -6140 -3202
52805 60 2.1 -6036 -3062
53486 60 2.1 -6204 -3250
54176 60 2.1 -6048 -3182
54875 60 2.1 -6128 -3214
55582 60 2.1 -5904 -3094
56299 60 2.1 -6040 -3216
57025 60 2.1 -5744 -2984
57761 60 2.1 -5984 -3172
58506 60 2.1 -6024 -3138
59261 60 2.1 -6072 -3196
60025 60 2.1 -5748 -2790
60799 60 2.1 -5968 -3130
61583 60 2.1 -5660 -2994
62378 60 2.1 -6056 -3218
63182 60 2.1 -6016 -3124
63997 60 2.1 -5856 -3086
64822 60 2.1 -6020 -3174
65658 60 2.1 -5984 -3168
66505 60 2.1 -5800 -3076
67363 60 2.1 -5752 -3008
68232 60 2.1 -5884 -3112
69112 60 2.1 -6116 -3184
70003 60 2.1 -6208 -3234
70906 60 2.1 -5908 -3108
71821 60 2.1 -5872 -3102
72747 60 2.1 -5968 -3092
73685 60 2.1 -5816 -2966
74636 60 2.1 -6064 -3172
75599 60 2.1 -5916 -3096
76574 60 2.1 -5840 -3058
77561 60 2.1 -5856 -3008
78562 60 2.1 -6016 -3166
79575 60 2.1 -5884 -3044
80601 60 2.1 -5964 -3176
81641 60 2.1 -5936 -3048
82694 60 2.1 -5924 -3030
83760 60 2.1 -5880 -3118
84841 60 2.1 -5864 -3100
85935 60 2.1 -6008 -3132
87043 60 2.1 -5968 -3152
88166 60 2.1 -5956 -3130
89303 60 2.1 -5956 -3116
90455 60 2.1 -5944 -3032
91622 60 2.1 -5956 -3170
92803 60 2.1 -5860 -3078
94000 60 2.1 -5832 -3004
95213 60 2.1 -5884 -3116
96441 60 2.1 -5956 -3068
97685 60 2.1 -6012 -3176
98945 60 2.1 -6080 -3214
100221 60 2.1 -6132 -3230
101513 60 2.1 -6008 -3176
102823 60 2.1 -5872 -3064
104149 60 2.1 -5980 -3116
105492 60 2.1 -6024 -3196
106853 60 2.1 -5964 -3168
108231 60 2.1 -6016 -3186
109627 60 2.1 -5844 -3062
111041 60 2.1 -5900 -3092
112473 60 2.1 -5944 -3106
113924 60 2.1 -6140 -3230
115393 60 2.1 -6060 -3026
116882 60 2.1 -5912 -3094
118389 60 2.1 -6200 -3252
119916 60 2.1 -5864 -3064
121463 60 2.1 -5880 -3056
123029 60 2.1 -6032 -3160
124616 60 2.1 -5932 -3086
126224 60 2.1 -5864 -3138
127852 60 2.1 -6080 -3222
129501 60 2.1 -5892 -3108
131171 60 2.1 -6232 -3246
132863 60 2.1 -6004 -3212
134576 60 2.1 -5832 -3020
136312 60 2.1 -5948 -3056
138070 60 2.1 -6100 -3202
139851 60 2.1 -6004 -3168
141655 60 2.1 -6020 -3200
143482 60 2.1 -6012 -3104
145333 60 2.1 -6024 -3160
147207 60 2.1 -5924 -3090
149106 60 2.1 -6044 -3084
151029 60 2.1 -5908 -3068
152977 60 2.1 -6072 -3230
154950 60 2.1 -5732 -2976
156948 60 2.1 -6012 -3098
158973 60 2.1 -5996 -3166
161023 60 2.1 -5912 -3088
163100 60 2.1 -6236 -3176
165204 60 2.1 -6072 -3156
167334 60 2.1 -6064 -3160
169493 60 2.1 -6012 -3178
171679 60 2.1 -6084 -3198
173893 60 2.1 -5920 -3128
176136 60 2.1 -5960 -3042
178408 60 2.1 -5732 -2770
180709 60 2.1 -6044 -3198
183040 60 2.1 -5628 -2910
185400 60 2.1 -6088 -3212
187792 60 2.1 -5904 -3068
190214 60 2.1 -6056 -3174
192667 60 2.1 -6012 -3164
195152 60 2.1 -6064 -3180
197669 60 2.1 -6076 -3156
200219 60 2.1 -5832 -3036
202801 60 2.1 -5864 -3090
205417 60 2.1 -6000 -3196
208066 60 2.1 -6208 -3242
210750 60 2.1 -6152 -3232
213468 60 2.1 -6128 -3174
216222 60 2.1 -5912 -3058
219010 60 2.1 -6112 -3224
221835 60 2.1 -5916 -3064
224696 60 2.1 -6096 -3174
227595 60 2.1 -5908 -3064
230530 60 2.1 -6016 -3090
233503 60 2.1 -6064 -3194
236515 60 2.1 -6064 -3188
239566 60 2.1 -6160 -3204
242656 60 2.1 -6172 -3238
245785 60 2.1 -5876 -3100
248956 60 2.1 -5776 -3074
252167 60 2.1 -6032 -3188
255419 60 2.1 -6012 -3170
258713 60 2.1 -5964 -3130
262050 60 2.1 -6084 -3180
265430 60 2.1 -6268 -3294
268854 60 2.1 -5900 -3118
272321 60 2.1 -5880 -3126
275834 60 2.1 -6196 -3264
279391 60 2.1 -6156 -3214
282995 60 2.1 -6148 -3224
286645 60 2.1 -5808 -2962
290342 60 2.1 -5960 -3080
294087 60 2.1 -5936 -3166
297880 60 2.1 -5932 -3152
301722 60 2.1 -6120 -3230
305614 60 2.1 -5780 -3048
309556 60 2.1 -5748 -3084
313548 60 2.1 -6072 -3182
317592 60 2.1 -5972 -3168
321689 60 2.1 -6204 -3216
325838 60 2.1 -6092 -3240
330040 60 2.1 -5864 -3110
334297 60 2.1 -6028 -3176
338609 60 2.1 -5836 -3060
342976 60 2.1 -5848 -3076
347400 60 2.1 -6124 -3184
351881 60 2.1 -5900 -3140
356419 60 2.1 -6100 -3200
361016 60 2.1 -6116 -3194
365673 60 2.1 -6008 -3202
370389 60 2.1 -6016 -3142
375167 60 2.1 -6368 -3288
380005 60 2.1 -5976 -3120
384907 60 2.1 -5940 -3156
389871 60 2.1 -6196 -3268
394900 60 2.1 -6220 -3290
399993 60 2.1 -5752 -3028
405152 60 2.1 -5788 -3024
410378 60 2.1 -6144 -3238
415671 60 2.1 -5816 -3100
421032 60 2.1 -6012 -3132
426463 60 2.1 -6004 -3086
431963 60 2.1 -5864 -3090
437535 60 2.1 -5984 -3120
443178 60 2.1 -5892 -3138
448894 60 2.1 -5852 -3112
454684 60 2.1 -6248 -3258
460548 60 2.1 -5808 -3056
466489 60 2.1 -6128 -3222
472505 60 2.1 -5844 -3046
478600 60 2.1 -6008 -3118
484773 60 2.1 -6004 -3184
491025 60 2.1 -6064 -3194
497358 60 2.1 -5916 -2964
503773 60 2.1 -6180 -3216
510271 60 2.1 -6136 -3198
516852 60 2.1 -5972 -3094
523519 60 2.1 -5984 -3106
530271 60 2.1 -5896 -3148
537111 60 2.1 -5968 -3094
544038 60 2.1 -6048 -3200
551055 60 2.1 -6260 -3286
558163 60 2.1 -6192 -3240
565362 60 2.1 -6016 -3126
572654 60 2.1 -5820 -3080
580040 60 2.1 -6116 -3196
587521 60 2.1 -6004 -3176
595099 60 2.1 -5996 -3146
602775 60 2.1 -5580 -2836
610549 60 2.1 -5936 -2990
618424 60 2.1 -5948 -3140
626400 60 2.1 -5944 -3068
634480 60 2.1 -5960 -3156
642663 60 2.1 -6116 -3198
650952 60 2.1 -6016 -3168
659348 60 2.1 -6120 -3248
667853 60 2.1 -6092 -3184
676467 60 2.1 -5952 -3094
685192 60 2.1 -6108 -3202
694029 60 2.1 -5748 -3048
702981 60 2.1 -5832 -3128
712048 60 2.1 -6056 -3250
721232 60 2.1 -6180 -3252
730534 60 2.1 -5760 -3052
739957 60 2.1 -6116 -3182
749500 60 2.1 -6304 -3288
759168 60 2.1 -5888 -3106
768959 60 2.1 -6048 -3180
778877 60 2.1 -5820 -3076
788923 60 2.1 -5848 -3056
799099 60 2.1 -5996 -3156
809405 60 2.1 -6104 -3224
819845 60 2.1 -5580 -2788
830419 60 2.1 -5996 -3204
841130 60 2.1 -5992 -3138
851979 60 2.1 -6024 -3144
862968 60 2.1 -5920 -3096
874098 60 2.1 -5672 -3040
885373 60 2.1 -5912 -3126
896792 60 2.1 -5896 -3034
908359 60 2.1 -5940 -3094
920075 60 2.1 -5936 -3104
931942 60 2.1 -6028 -3142
943962 60 2.1 -5764 -2764
956137 60 2.1 -6272 -3272
968470 60 2.1 -5996 -3112
980961 60 2.1 -6052 -3206
993613 60 2.1 -5960 -3042
999999 60 2.1 -6088 -3248
