3 100 2 -10072 344
4 100 2 -10892 474
5 100 2 -11560 378
6 100 2 -12024 202
7 100 2 -12288 -28
8 100 2 -12884 38
9 100 2 -13068 6
10 100 2 -13212 92
11 100 2 -13428 130
12 100 2 -13488 46
13 100 2 -13732 44
14 100 2 -13792 22
15 100 2 -13852 -134
16 100 2 -13912 -190
17 100 2 -13780 -194
18 100 2 -13732 -60
19 100 2 -13736 50
20 100 2 -13740 46
21 100 2 -13828 -2
22 100 2 -14028 -12
23 100 2 -13920 98
24 100 2 -14064 -72
25 100 2 -14128 -80
26 100 2 -14224 -88
27 100 2 -14340 12
28 100 2 -14476 38
29 100 2 -14496 36
30 100 2 -14452 -38
31 100 2 -14528 230
32 100 2 -14384 260
33 100 2 -14528 328
34 100 2 -14676 492
35 100 2 -14676 416
36 100 2 -14492 456
37 100 2 -14320 442
38 100 2 -14400 324
39 100 2 -14360 466
40 100 2 -14360 510
41 100 2 -14444 474
42 100 2 -14656 534
43 100 2 -14628 532
44 100 2 -14448 408
45 100 2 -14532 490
46 100 2 -14516 542
47 100 2 -14680 560
48 100 2 -14616 432
49 100 2 -14712 354
50 100 2 -14888 436
51 100 2 -14824 420
52 100 2 -14860 418
53 100 2 -15076 408
54 100 2 -14956 460
55 100 2 -14996 438
56 100 2 -15016 566
57 100 2 -14964 598
58 100 2 -15044 522
59 100 2 -15068 654
60 100 2 -15080 780
61 100 2 -15208 704
62 100 2 -15256 740
63 100 2 -15292 794
64 100 2 -15308 774
65 100 2 -15340 846
66 100 2 -15432 984
67 100 2 -15440 788
68 100 2 -15484 828
69 100 2 -15472 724
70 100 2 -15424 632
71 100 2 -15416 760
72 100 2 -15372 770
73 100 2 -15520 738
74 100 2 -15640 784
75 100 2 -15584 840
76 100 2 -15784 898
77 100 2 -15620 1014
78 100 2 -15640 1074
79 100 2 -15520 1068
80 100 2 -15636 1092
81 100 2 -15768 1158
82 100 2 -15648 1140
83 100 2 -15548 1038
84 100 2 -15588 1072
85 100 2 -15608 948
86 100 2 -15464 1020
88 100 2 -15308 988
89 100 2 -15260 894
90 100 2 -15188 848
91 100 2 -15208 948
92 100 2 -15356 802
93 100 2 -15792 868
95 100 2 -15492 848
96 100 2 -15500 768
97 100 2 -15548 774
98 100 2 -15568 676
99 100 2 -15644 774
101 100 2 -15592 866
102 100 2 -15636 980
103 100 2 -15888 932
105 100 2 -15684 1030
106 100 2 -15608 1124
107 100 2 -15640 1144
109 100 2 -15968 1114
110 100 2 -15948 1132
112 100 2 -16024 1226
113 100 2 -15940 1254
114 100 2 -15756 1274
116 100 2 -15796 1176
117 100 2 -15724 1150
119 100 2 -15728 1066
120 100 2 -15924 1136
122 100 2 -15976 1122
124 100 2 -16044 1172
125 100 2 -16060 1056
127 100 2 -16036 1164
128 100 2 -16020 1236
130 100 2 -15912 1176
132 100 2 -15640 1146
133 100 2 -15780 1110
135 100 2 -15716 1158
137 100 2 -15640 1024
139 100 2 -15796 1074
140 100 2 -15740 1008
142 100 2 -15860 1078
144 100 2 -15872 1016
146 100 2 -15728 1220
148 100 2 -15760 1208
150 100 2 -16124 1240
152 100 2 -15892 1294
154 100 2 -16056 1252
155 100 2 -15920 1252
157 100 2 -15880 1458
160 100 2 -15952 1562
162 100 2 -15980 1430
164 100 2 -15788 1540
166 100 2 -15808 1574
168 100 2 -16108 1620
170 100 2 -16020 1536
172 100 2 -15780 1442
174 100 2 -15952 1506
177 100 2 -15844 1714
179 100 2 -16152 1738
181 100 2 -16240 1942
184 100 2 -16240 1744
186 100 2 -16056 1894
188 100 2 -16176 1802
191 100 2 -16160 1804
193 100 2 -16148 1802
196 100 2 -16228 1690
198 100 2 -16324 1552
201 100 2 -16440 1460
203 100 2 -16272 1524
206 100 2 -16372 1648
209 100 2 -16520 1704
211 100 2 -16120 1754
214 100 2 -16288 1584
217 100 2 -16112 1642
220 100 2 -15936 1516
222 100 2 -16096 1380
225 100 2 -16048 1314
228 100 2 -16048 1296
231 100 2 -16196 1390
234 100 2 -16204 1380
237 100 2 -16340 1314
240 100 2 -16084 1210
243 100 2 -16452 1186
246 100 2 -16488 1162
250 100 2 -16200 1078
253 100 2 -16268 1220
256 100 2 -16360 1440
259 100 2 -16388 1220
263 100 2 -16176 1144
266 100 2 -16540 1242
269 100 2 -16568 1150
273 100 2 -16448 1270
276 100 2 -16664 1276
280 100 2 -16428 1146
284 100 2 -16184 1326
287 100 2 -16176 1388
291 100 2 -15896 1486
295 100 2 -15744 1678
298 100 2 -15916 1786
302 100 2 -16044 1972
306 100 2 -16140 1870
310 100 2 -16348 1756
314 100 2 -16500 1722
318 100 2 -16624 1746
322 100 2 -16272 1726
326 100 2 -16128 1692
331 100 2 -16252 1744
335 100 2 -16392 1850
339 100 2 -16260 1950
344 100 2 -16576 2170
348 100 2 -16092 2196
352 100 2 -16336 2164
357 100 2 -16264 2164
362 100 2 -16596 2290
366 100 2 -16576 2206
371 100 2 -16456 2300
376 100 2 -16428 2318
381 100 2 -16272 2420
385 100 2 -16328 2478
390 100 2 -16468 2246
395 100 2 -16356 2234
401 100 2 -16336 2248
406 100 2 -16396 2386
411 100 2 -16476 2316
416 100 2 -16248 2258
422 100 2 -16080 2136
427 100 2 -16508 2076
433 100 2 -16600 2262
438 100 2 -16488 2396
444 100 2 -16464 2346
449 100 2 -16392 2516
455 100 2 -16172 2432
461 100 2 -16532 2418
467 100 2 -16532 2418
473 100 2 -16488 2446
479 100 2 -16288 2416
485 100 2 -16116 2450
492 100 2 -16216 2402
498 100 2 -16400 2380
504 100 2 -16300 2340
511 100 2 -16500 2722
517 100 2 -16216 2462
524 100 2 -16484 2632
531 100 2 -16604 2674
538 100 2 -16224 2672
545 100 2 -16344 2572
552 100 2 -16500 2676
559 100 2 -16576 2336
566 100 2 -16752 1956
573 100 2 -16712 1878
581 100 2 -16372 1778
588 100 2 -16492 1754
596 100 2 -16560 1522
603 100 2 -16656 1626
611 100 2 -16536 1576
619 100 2 -16876 1622
627 100 2 -16800 1888
635 100 2 -16496 1710
643 100 2 -16576 1610
652 100 2 -16596 1714
660 100 2 -16656 1728
668 100 2 -16712 1766
677 100 2 -16720 1520
686 100 2 -16488 1440
695 100 2 -16356 1712
704 100 2 -16740 1762
713 100 2 -16592 1736
722 100 2 -16480 1656
731 100 2 -16920 1568
741 100 2 -16752 1560
750 100 2 -16832 1438
760 100 2 -16572 1696
770 100 2 -16888 1680
780 100 2 -16916 1468
790 100 2 -16556 1156
800 100 2 -16532 1182
810 100 2 -16908 1334
821 100 2 -16820 1276
831 100 2 -16584 1370
842 100 2 -16408 1348
853 100 2 -16888 1240
864 100 2 -16640 1264
875 100 2 -16652 1052
886 100 2 -16832 1034
897 100 2 -16548 876
909 100 2 -16400 994
921 100 2 -16740 910
933 100 2 -16892 758
945 100 2 -16744 978
957 100 2 -16352 862
969 100 2 -16652 896
982 100 2 -16732 778
994 100 2 -16424 630
1007 100 2 -16972 486
1020 100 2 -16704 764
1033 100 2 -16604 870
1047 100 2 -16536 760
1060 100 2 -16708 594
1074 100 2 -16576 698
1088 100 2 -16652 640
1102 100 2 -16860 840
1116 100 2 -16536 914
1130 100 2 -17032 686
1145 100 2 -16316 536
1160 100 2 -16708 816
1174 100 2 -16676 1040
1190 100 2 -16696 1418
1205 100 2 -16916 1348
1220 100 2 -16736 1468
1236 100 2 -16536 1680
1252 100 2 -16648 1504
1268 100 2 -16928 1746
1285 100 2 -17096 1752
1301 100 2 -16812 1574
1318 100 2 -16708 1278
1335 100 2 -16788 1160
1352 100 2 -16716 1458
1370 100 2 -16908 1624
1387 100 2 -16772 1496
1405 100 2 -16696 1234
1423 100 2 -16916 1438
1442 100 2 -16596 1558
1460 100 2 -16756 1214
1479 100 2 -16832 1048
1498 100 2 -16776 1000
1517 100 2 -16772 886
1537 100 2 -16420 736
1557 100 2 -16620 780
1577 100 2 -16600 1126
1597 100 2 -16912 820
1618 100 2 -16680 1042
1639 100 2 -16768 758
1660 100 2 -16612 1012
1681 100 2 -16660 666
1703 100 2 -16724 798
1725 100 2 -16684 942
1747 100 2 -16628 834
1770 100 2 -16524 890
1792 100 2 -16752 936
1816 100 2 -16824 726
1839 100 2 -17036 622
1863 100 2 -16820 1006
1887 100 2 -16536 1090
1911 100 2 -16664 1134
1936 100 2 -16732 1056
1961 100 2 -16440 1178
1986 100 2 -16840 1016
2012 100 2 -16892 866
2037 100 2 -16636 1106
2064 100 2 -16848 1150
2090 100 2 -16556 1180
2117 100 2 -16760 1242
2145 100 2 -16696 1194
2172 100 2 -16964 1390
2200 100 2 -16672 1162
2229 100 2 -16840 920
2257 100 2 -16712 1316
2286 100 2 -16648 1268
2316 100 2 -16652 1296
2346 100 2 -16680 530
2376 100 2 -16684 658
2407 100 2 -16984 826
2438 100 2 -16492 660
2469 100 2 -16344 632
2501 100 2 -16516 784
2533 100 2 -16620 776
2566 100 2 -16880 628
2599 100 2 -16628 718
2633 100 2 -16660 866
2667 100 2 -16772 624
2701 100 2 -16852 1012
2736 100 2 -17020 858
2771 100 2 -16472 594
2807 100 2 -16900 544
2843 100 2 -16712 660
2880 100 2 -16736 596
2917 100 2 -16600 366
2954 100 2 -16900 346
2992 100 2 -16732 342
3031 100 2 -16468 512
3070 100 2 -16520 574
3110 100 2 -16864 690
3150 100 2 -17084 874
3190 100 2 -16812 936
3232 100 2 -16356 982
3273 100 2 -16724 548
3315 100 2 -16448 326
3358 100 2 -16840 78
3402 100 2 -16532 368
3445 100 2 -16864 -68
3490 100 2 -16844 58
3535 100 2 -16616 -56
3580 100 2 -17000 80
3627 100 2 -16668 550
3673 100 2 -16908 212
3721 100 2 -17084 142
3769 100 2 -16924 398
3817 100 2 -16592 -58
3867 100 2 -16668 298
3916 100 2 -17036 148
3967 100 2 -16628 594
4018 100 2 -16888 300
4070 100 2 -16716 510
4122 100 2 -16828 20
4176 100 2 -16804 -18
4229 100 2 -16592 690
4284 100 2 -16624 732
4339 100 2 -16816 658
4395 100 2 -16784 666
4452 100 2 -16896 542
4509 100 2 -16884 350
4567 100 2 -16972 342
4626 100 2 -16828 198
4686 100 2 -16724 420
4746 100 2 -16832 372
4808 100 2 -16704 266
4870 100 2 -16644 -94
4932 100 2 -16688 280
4996 100 2 -16868 272
5060 100 2 -16384 220
5126 100 2 -16724 -194
5192 100 2 -17068 -704
5259 100 2 -16736 -360
5327 100 2 -16780 -312
5395 100 2 -16720 152
5465 100 2 -16848 -252
5535 100 2 -16808 278
5607 100 2 -17108 394
5679 100 2 -16888 390
5752 100 2 -16824 -188
5826 100 2 -16640 414
5902 100 2 -16580 390
5978 100 2 -17084 354
6055 100 2 -16704 -58
6133 100 2 -16664 6
6212 100 2 -16820 -134
6292 100 2 -16784 -632
6373 100 2 -16672 -262
6455 100 2 -16948 -580
6539 100 2 -16856 -464
6623 100 2 -16676 -422
6708 100 2 -16836 -182
6795 100 2 -16660 396
6883 100 2 -16608 312
6971 100 2 -16652 888
7061 100 2 -16856 414
7152 100 2 -17140 158
7245 100 2 -16512 40
7338 100 2 -16660 354
7433 100 2 -16720 444
7529 100 2 -16844 100
7626 100 2 -16912 634
7724 100 2 -16640 668
7824 100 2 -16544 756
7925 100 2 -16184 990
8027 100 2 -16704 738
8130 100 2 -16776 928
8235 100 2 -16396 1434
8341 100 2 -16536 2204
8449 100 2 -16792 3138
8558 100 2 -16944 3752
8668 100 2 -16932 4616
8780 100 2 -17012 5286
8893 100 2 -16920 5124
9008 100 2 -16904 5544
9124 100 2 -16580 5852
9242 100 2 -17060 7280
9361 100 2 -16956 8046
9482 100 2 -16952 8596
9604 100 2 -17264 8988
9728 100 2 -17532 9116
9853 100 2 -17412 9108
9980 100 2 -17252 9030
10109 100 2 -17288 9088
10240 100 2 -17728 9216
10372 100 2 -17624 9216
10505 100 2 -17400 9046
10641 100 2 -17764 9216
10778 100 2 -17512 9120
10917 100 2 -17620 9210
11058 100 2 -17428 9112
11201 100 2 -17432 9028
11345 100 2 -17488 9190
11491 100 2 -17468 9078
11640 100 2 -17344 9006
11790 100 2 -17556 9180
11942 100 2 -17600 9194
12096 100 2 -17204 8988
12252 100 2 -17512 9068
12410 100 2 -17596 9142
12570 100 2 -17212 8998
12732 100 2 -17376 9046
12896 100 2 -17652 9206
13062 100 2 -17304 9030
13231 100 2 -17356 9108
13402 100 2 -17600 9206
13574 100 2 -17244 9024
13750 100 2 -17372 9028
13927 100 2 -17224 9080
14106 100 2 -17476 9134
14288 100 2 -17308 9098
14473 100 2 -17480 9104
14659 100 2 -17260 9074
14848 100 2 -17444 9082
15040 100 2 -17580 9212
15234 100 2 -17456 9088
15430 100 2 -17348 9058
15629 100 2 -17000 8852
15831 100 2 -17476 9166
16035 100 2 -17476 9076
16242 100 2 -17416 9088
16451 100 2 -17424 9152
16664 100 2 -17544 9146
16879 100 2 -17268 9024
17096 100 2 -17476 9148
17317 100 2 -17760 9266
17540 100 2 -17064 8960
17766 100 2 -17408 9166
17995 100 2 -17576 9200
18228 100 2 -17564 9210
18463 100 2 -17080 9010
18701 100 2 -17760 9230
18942 100 2 -17532 9192
19186 100 2 -17496 9140
19434 100 2 -17400 9064
19684 100 2 -17132 8978
19938 100 2 -17652 9154
20195 100 2 -17468 9130
20456 100 2 -17680 9212
20720 100 2 -17520 9072
20987 100 2 -17632 9192
21258 100 2 -17636 9246
21532 100 2 -17688 9214
21810 100 2 -17340 9046
22091 100 2 -17676 9148
22376 100 2 -17592 9170
22664 100 2 -17268 9036
22957 100 2 -17388 9142
23253 100 2 -17376 9146
23553 100 2 -17600 9114
23856 100 2 -17512 9142
24164 100 2 -17564 9168
24476 100 2 -17268 9010
24791 100 2 -17408 9092
25111 100 2 -17468 9140
25435 100 2 -17184 9026
25763 100 2 -17200 9034
26095 100 2 -17772 9182
26432 100 2 -17352 9084
26773 100 2 -17512 9142
27118 100 2 -17468 9100
27468 100 2 -17212 9042
27822 100 2 -17724 9250
28181 100 2 -17416 9140
28545 100 2 -17532 9126
28913 100 2 -17376 9122
29286 100 2 -17680 9200
29663 100 2 -17440 9118
30046 100 2 -17168 8948
30434 100 2 -17896 9316
30826 100 2 -17640 9170
31224 100 2 -17656 9244
31626 100 2 -17188 9060
32034 100 2 -17740 9234
32447 100 2 -17432 9140
32866 100 2 -17440 9130
33290 100 2 -17264 9084
33719 100 2 -17780 9246
34154 100 2 -17400 9112
34595 100 2 -17460 9164
35041 100 2 -17368 9056
35493 100 2 -17596 9138
35951 100 2 -17300 9096
36414 100 2 -17488 9162
36884 100 2 -17684 9208
37360 100 2 -17544 9184
37841 100 2 -17500 9060
38330 100 2 -17416 9102
38824 100 2 -17512 9152
39325 100 2 -17488 9134
39832 100 2 -17360 8970
40346 100 2 -17572 9222
40866 100 2 -17292 8974
41393 100 2 -17292 9040
41927 100 2 -17396 9070
42468 100 2 -17480 9050
43015 100 2 -17784 9310
43570 100 2 -17272 8984
44132 100 2 -17604 9142
44701 100 2 -17504 9182
45278 100 2 -17468 9140
45862 100 2 -17436 9170
46453 100 2 -17448 9054
47053 100 2 -17356 9014
47660 100 2 -17472 9120
48274 100 2 -17484 9170
48897 100 2 -17204 9054
49528 100 2 -17436 9062
50166 100 2 -17476 9138
50813 100 2 -17260 9008
51469 100 2 -17776 9258
52133 100 2 -17612 9210
52805 100 2 -17204 9036
53486 100 2 -17264 9020
54176 100 2 -17216 9050
54875 100 2 -17500 9178
55582 100 2 -17444 9086
56299 100 2 -17440 9116
57025 100 2 -17476 9142
57761 100 2 -17288 9036
58506 100 2 -17640 9244
59261 100 2 -17628 9168
60025 100 2 -17808 9250
60799 100 2 -17452 9146
61583 100 2 -17204 9048
62378 100 2 -17508 9110
63182 100 2 -17508 9194
63997 100 2 -17344 9024
64822 100 2 -17604 9188
65658 100 2 -17364 9094
66505 100 2 -17412 9106
67363 100 2 -17424 9198
68232 100 2 -17688 9212
69112 100 2 -17424 9078
70003 100 2 -17620 9204
70906 100 2 -17504 9144
71821 100 2 -17476 9152
72747 100 2 -17572 9188
73685 100 2 -17660 9202
74636 100 2 -17388 9112
75599 100 2 -17516 9162
76574 100 2 -17504 9096
77561 100 2 -17816 9288
78562 100 2 -17784 9214
79575 100 2 -17552 9134
80601 100 2 -17656 9208
81641 100 2 -17464 9142
82694 100 2 -17316 9036
83760 100 2 -17308 9080
84841 100 2 -17544 9122
85935 100 2 -17384 9114
87043 100 2 -17424 9112
88166 100 2 -17436 9160
89303 100 2 -17456 9118
90455 100 2 -17260 9116
91622 100 2 -17524 9104
92803 100 2 -16988 8886
94000 100 2 -17012 8928
95213 100 2 -17684 9232
96441 100 2 -17216 9092
97685 100 2 -17232 8866
98945 100 2 -17396 9092
100221 100 2 -17612 9188
101513 100 2 -17604 9130
102823 100 2 -17396 9114
104149 100 2 -17716 9242
105492 100 2 -17364 9106
106853 100 2 -17504 9148
108231 100 2 -17652 9196
109627 100 2 -17640 9210
111041 100 2 -17784 9266
112473 100 2 -17156 8994
113924 100 2 -17548 9150
115393 100 2 -17424 9096
116882 100 2 -17688 9180
118389 100 2 -17176 9036
119916 100 2 -17476 9076
121463 100 2 -17700 9240
123029 100 2 -17668 9182
124616 100 2 -17492 9158
126224 100 2 -17404 9094
127852 100 2 -17560 9178
129501 100 2 -17288 8972
131171 100 2 -17388 9090
132863 100 2 -17644 9102
134576 100 2 -17528 9078
136312 100 2 -17208 8944
138070 100 2 -17548 9114
139851 100 2 -17696 9282
141655 100 2 -17244 9000
143482 100 2 -17440 9110
145333 100 2 -17548 9152
147207 100 2 -17608 9230
149106 100 2 -17380 9116
151029 100 2 -17632 9192
152977 100 2 -17756 9268
154950 100 2 -17656 9170
156948 100 2 -17428 9080
158973 100 2 -17396 9098
161023 100 2 -17564 9134
163100 100 2 -17500 9118
165204 100 2 -17304 9018
167334 100 2 -17508 9182
169493 100 2 -17620 9200
171679 100 2 -17304 9086
173893 100 2 -17384 9108
176136 100 2 -17388 9110
178408 100 2 -17652 9246
180709 100 2 -17336 9058
183040 100 2 -17660 9226
185400 100 2 -17636 9220
187792 100 2 -17084 8916
190214 100 2 -17544 9188
192667 100 2 -17360 9124
195152 100 2 -17308 8908
197669 100 2 -17680 9206
200219 100 2 -17448 9184
202801 100 2 -17544 9160
205417 100 2 -17352 9032
208066 100 2 -17396 9120
210750 100 2 -17132 8916
213468 100 2 -17368 9056
216222 100 2 -17448 9152
219010 100 2 -17368 9070
221835 100 2 -17396 9054
224696 100 2 -17144 8976
227595 100 2 -17352 9122
230530 100 2 -17492 9184
233503 100 2 -17300 9108
236515 100 2 -17572 9150
239566 100 2 -17500 9168
242656 100 2 -17392 9110
245785 100 2 -17400 9078
248956 100 2 -17472 9076
252167 100 2 -17404 9106
255419 100 2 -17540 9168
258713 100 2 -17400 9020
262050 100 2 -17280 9084
265430 100 2 -17304 9054
268854 100 2 -17448 9154
272321 100 2 -17576 9164
275834 100 2 -17592 9142
279391 100 2 -17164 8924
282995 100 2 -17840 9320
286645 100 2 -17556 9192
290342 100 2 -17144 8924
294087 100 2 -17552 9206
297880 100 2 -16968 8904
301722 100 2 -17212 8950
305614 100 2 -17312 9060
309556 100 2 -17548 9154
313548 100 2 -17760 9268
317592 100 2 -17580 9198
321689 100 2 -17776 9250
325838 100 2 -17484 9216
330040 100 2 -17432 9140
334297 100 2 -17796 9288
338609 100 2 -17420 9120
342976 100 2 -17528 9140
347400 100 2 -17604 9210
351881 100 2 -17708 9202
356419 100 2 -17372 9062
361016 100 2 -17548 9240
365673 100 2 -17192 9028
370389 100 2 -17624 9212
375167 100 2 -17268 9080
380005 100 2 -17584 9130
384907 100 2 -17424 9110
389871 100 2 -17388 8986
394900 100 2 -17292 9018
399993 100 2 -17204 8836
405152 100 2 -17340 8994
410378 100 2 -17388 9124
415671 100 2 -17652 9258
421032 100 2 -17660 9172
426463 100 2 -17808 9306
431963 100 2 -17324 9042
437535 100 2 -17420 9156
443178 100 2 -17208 8984
448894 100 2 -17668 9218
454684 100 2 -17256 9042
460548 100 2 -17336 9110
466489 100 2 -17124 8960
472505 100 2 -17428 9096
478600 100 2 -17536 9164
484773 100 2 -17672 9228
491025 100 2 -17196 9008
497358 100 2 -17320 9022
503773 100 2 -17372 9036
510271 100 2 -17356 9064
516852 100 2 -17156 8884
523519 100 2 -17556 9174
530271 100 2 -17580 9204
537111 100 2 -17420 9054
544038 100 2 -17416 9086
551055 100 2 -17096 9008
558163 100 2 -17500 9152
565362 100 2 -17572 9156
572654 100 2 -17216 8966
580040 100 2 -17352 9082
587521 100 2 -17296 9044
595099 100 2 -17700 9166
602775 100 2 -17364 9012
610549 100 2 -17432 9066
618424 100 2 -17360 8956
626400 100 2 -17504 9144
634480 100 2 -17356 9058
642663 100 2 -17580 9214
650952 100 2 -17208 8972
659348 100 2 -17432 9112
667853 100 2 -17776 9290
676467 100 2 -17484 9144
685192 100 2 -17640 9194
694029 100 2 -17608 9214
702981 100 2 -17816 9284
712048 100 2 -17388 9088
721232 100 2 -17464 9126
730534 100 2 -17228 9072
739957 100 2 -17608 9210
749500 100 2 -17380 9072
759168 100 2 -17488 9124
768959 100 2 -17492 9186
778877 100 2 -17588 9154
788923 100 2 -17544 9122
799099 100 2 -17804 9238
809405 100 2 -17316 9052
819845 100 2 -17480 9068
830419 100 2 -17512 9170
841130 100 2 -17556 9158
851979 100 2 -17624 9142
862968 100 2 -17276 9142
874098 100 2 -17196 9030
885373 100 2 -17192 8970
896792 100 2 -17424 9130
908359 100 2 -17496 9118
920075 100 2 -17684 9224
931942 100 2 -17524 9126
943962 100 2 -17712 9246
956137 100 2 -17452 8966
968470 100 2 -17516 9178
980961 100 2 -17512 9132
993613 100 2 -17492 9088
999999 100 2 -17864 9298
