3 140 2.3 -17736 152
4 140 2.3 -18872 -48
5 140 2.3 -20164 -154
6 140 2.3 -20912 -142
7 140 2.3 -21508 -32
8 140 2.3 -21660 188
9 140 2.3 -22096 142
10 140 2.3 -22324 282
11 140 2.3 -22348 288
12 140 2.3 -22548 296
13 140 2.3 -22816 170
14 140 2.3 -22748 198
15 140 2.3 -22948 16
16 140 2.3 -23324 -58
17 140 2.3 -23164 32
18 140 2.3 -24008 300
19 140 2.3 -24108 4
20 140 2.3 -24308 -100
21 140 2.3 -24424 -248
22 140 2.3 -24356 -226
23 140 2.3 -24624 -290
24 140 2.3 -24216 -14
25 140 2.3 -24480 -64
26 140 2.3 -24752 -8
27 140 2.3 -24656 148
28 140 2.3 -24636 104
29 140 2.3 -24448 68
30 140 2.3 -24528 232
31 140 2.3 -24596 376
32 140 2.3 -24832 600
33 140 2.3 -25204 690
34 140 2.3 -24800 612
35 140 2.3 -24728 644
36 140 2.3 -24772 730
37 140 2.3 -24728 840
38 140 2.3 -24852 832
39 140 2.3 -24940 976
40 140 2.3 -24892 658
41 140 2.3 -25332 592
42 140 2.3 -25336 596
43 140 2.3 -24900 634
44 140 2.3 -24896 384
45 140 2.3 -25240 274
46 140 2.3 -25324 512
47 140 2.3 -25224 394
48 140 2.3 -25500 370
49 140 2.3 -25328 226
50 140 2.3 -25204 490
51 140 2.3 -25204 578
52 140 2.3 -25096 580
53 140 2.3 -25460 706
54 140 2.3 -25252 976
55 140 2.3 -25488 842
56 140 2.3 -25552 916
57 140 2.3 -25812 970
58 140 2.3 -25244 842
59 140 2.3 -25244 810
60 140 2.3 -25100 720
61 140 2.3 -24904 542
62 140 2.3 -25544 590
63 140 2.3 -25316 752
64 140 2.3 -25276 842
65 140 2.3 -25400 772
66 140 2.3 -25264 622
67 140 2.3 -25292 594
68 140 2.3 -25056 864
69 140 2.3 -25600 880
70 140 2.3 -25580 974
71 140 2.3 -25704 934
72 140 2.3 -25696 946
73 140 2.3 -25800 794
74 140 2.3 -25520 770
75 140 2.3 -25660 826
76 140 2.3 -25416 580
77 140 2.3 -25504 454
78 140 2.3 -25240 402
79 140 2.3 -25620 232
80 140 2.3 -26032 246
81 140 2.3 -25848 470
82 140 2.3 -25980 554
83 140 2.3 -25864 710
84 140 2.3 -25808 584
85 140 2.3 -25720 616
86 140 2.3 -25484 704
88 140 2.3 -25796 592
89 140 2.3 -25808 604
90 140 2.3 -25820 656
91 140 2.3 -25788 790
92 140 2.3 -25572 884
93 140 2.3 -25504 678
95 140 2.3 -25304 696
96 140 2.3 -25224 822
97 140 2.3 -25240 796
98 140 2.3 -25380 758
99 140 2.3 -25816 1036
101 140 2.3 -25876 1146
102 140 2.3 -25780 1308
103 140 2.3 -25620 1198
105 140 2.3 -25884 1406
106 140 2.3 -25868 1380
107 140 2.3 -25956 1564
109 140 2.3 -26008 1690
110 140 2.3 -26140 1578
112 140 2.3 -25876 1606
113 140 2.3 -25728 1802
114 140 2.3 -25584 1892
116 140 2.3 -25436 1750
117 140 2.3 -25460 1644
119 140 2.3 -25372 1542
120 140 2.3 -25308 1626
122 140 2.3 -25404 1764
124 140 2.3 -25608 1790
125 140 2.3 -25532 1868
127 140 2.3 -25116 2070
128 140 2.3 -24996 2148
130 140 2.3 -24992 2220
132 140 2.3 -25588 2032
133 140 2.3 -25980 2126
135 140 2.3 -25884 2084
137 140 2.3 -25740 2194
139 140 2.3 -25744 2294
140 140 2.3 -25868 2292
142 140 2.3 -25888 2326
144 140 2.3 -25760 2322
146 140 2.3 -25708 2280
148 140 2.3 -25688 2158
150 140 2.3 -25608 2388
152 140 2.3 -25608 2480
154 140 2.3 -25916 2490
155 140 2.3 -25592 2394
157 140 2.3 -25752 2512
160 140 2.3 -25508 2508
162 140 2.3 -25548 2506
164 140 2.3 -25504 2282
166 140 2.3 -25912 2472
168 140 2.3 -25496 2056
170 140 2.3 -25420 1974
172 140 2.3 -25432 2176
174 140 2.3 -25124 1878
177 140 2.3 -25556 2020
179 140 2.3 -25864 2116
181 140 2.3 -25532 2114
184 140 2.3 -25788 2178
186 140 2.3 -25488 2090
188 140 2.3 -25032 1642
191 140 2.3 -25596 1848
193 140 2.3 -25872 1982
196 140 2.3 -25956 1970
198 140 2.3 -25776 2126
201 140 2.3 -25560 1780
203 140 2.3 -25708 1616
206 140 2.3 -25516 1614
209 140 2.3 -25588 1576
211 140 2.3 -25360 1558
214 140 2.3 -25408 1346
217 140 2.3 -25728 1354
220 140 2.3 -25932 1374
222 140 2.3 -25484 1290
225 140 2.3 -26064 1100
228 140 2.3 -26192 802
231 140 2.3 -26224 706
234 140 2.3 -26112 330
237 140 2.3 -25896 744
240 140 2.3 -25788 842
243 140 2.3 -26352 588
246 140 2.3 -26100 544
250 140 2.3 -26224 640
253 140 2.3 -25656 176
256 140 2.3 -26032 50
259 140 2.3 -26156 356
263 140 2.3 -26068 266
266 140 2.3 -26256 72
269 140 2.3 -25924 -54
273 140 2.3 -25756 -272
276 140 2.3 -25804 -260
280 140 2.3 -25964 -474
284 140 2.3 -26416 -82
287 140 2.3 -26392 -136
291 140 2.3 -25960 74
295 140 2.3 -25584 482
298 140 2.3 -26052 740
302 140 2.3 -25664 726
306 140 2.3 -25432 1052
310 140 2.3 -26080 1006
314 140 2.3 -26076 668
318 140 2.3 -26240 650
322 140 2.3 -26256 1134
326 140 2.3 -26220 1132
331 140 2.3 -26352 978
335 140 2.3 -25736 1018
339 140 2.3 -25848 726
344 140 2.3 -26096 972
348 140 2.3 -26528 662
352 140 2.3 -26552 920
357 140 2.3 -26388 840
362 140 2.3 -26412 232
366 140 2.3 -25824 446
371 140 2.3 -25892 676
376 140 2.3 -25964 688
381 140 2.3 -26132 384
385 140 2.3 -25972 274
390 140 2.3 -25912 478
395 140 2.3 -25756 572
401 140 2.3 -26052 696
406 140 2.3 -25604 920
411 140 2.3 -26264 758
416 140 2.3 -26612 622
422 140 2.3 -26672 500
427 140 2.3 -26940 568
433 140 2.3 -26588 650
438 140 2.3 -26468 244
444 140 2.3 -26656 -208
449 140 2.3 -26628 -292
455 140 2.3 -26216 -26
461 140 2.3 -26040 -66
467 140 2.3 -26184 -64
473 140 2.3 -26064 -258
479 140 2.3 -26028 -502
485 140 2.3 -26360 -694
492 140 2.3 -26052 -628
498 140 2.3 -25700 -460
504 140 2.3 -26264 -552
511 140 2.3 -26124 -790
517 140 2.3 -26428 -934
524 140 2.3 -26304 -668
531 140 2.3 -26224 -644
538 140 2.3 -25912 -1216
545 140 2.3 -25892 -1546
552 140 2.3 -25404 -2062
559 140 2.3 -25396 -2248
566 140 2.3 -25948 -2200
573 140 2.3 -25784 -2126
581 140 2.3 -26288 -2612
588 140 2.3 -25864 -2238
596 140 2.3 -25728 -2762
603 140 2.3 -26024 -2860
611 140 2.3 -26260 -3242
619 140 2.3 -25912 -3428
627 140 2.3 -26288 -3740
635 140 2.3 -26172 -4140
643 140 2.3 -26632 -4540
652 140 2.3 -26728 -4766
660 140 2.3 -26572 -4860
668 140 2.3 -26148 -4762
677 140 2.3 -26588 -5586
686 140 2.3 -26916 -5542
695 140 2.3 -26368 -5214
704 140 2.3 -26256 -5362
713 140 2.3 -26476 -5190
722 140 2.3 -26120 -5074
731 140 2.3 -26360 -5148
741 140 2.3 -26572 -5170
750 140 2.3 -26340 -5244
760 140 2.3 -26136 -5334
770 140 2.3 -26580 -5904
780 140 2.3 -26108 -5720
790 140 2.3 -26880 -5870
800 140 2.3 -26472 -6284
810 140 2.3 -26360 -6380
821 140 2.3 -25720 -5568
831 140 2.3 -25976 -5384
842 140 2.3 -26736 -5754
853 140 2.3 -27036 -5422
864 140 2.3 -26496 -5524
875 140 2.3 -25712 -5378
886 140 2.3 -25948 -5384
897 140 2.3 -25800 -5028
909 140 2.3 -26272 -5578
921 140 2.3 -26840 -5956
933 140 2.3 -26292 -5560
945 140 2.3 -26068 -6466
957 140 2.3 -26272 -7038
969 140 2.3 -27040 -7436
982 140 2.3 -27020 -7906
994 140 2.3 -26428 -7700
1007 140 2.3 -26496 -7740
1020 140 2.3 -26544 -7846
1033 140 2.3 -26060 -7808
1047 140 2.3 -26744 -7386
1060 140 2.3 -27032 -7514
1074 140 2.3 -26460 -7068
1088 140 2.3 -26392 -6726
1102 140 2.3 -26472 -7150
1116 140 2.3 -26388 -6586
1130 140 2.3 -26160 -6426
1145 140 2.3 -26504 -6614
1160 140 2.3 -25828 -6534
1174 140 2.3 -25516 -5926
1190 140 2.3 -25656 -6408
1205 140 2.3 -25664 -6266
1220 140 2.3 -26012 -6324
1236 140 2.3 -26252 -6380
1252 140 2.3 -26556 -6326
1268 140 2.3 -26636 -5722
1285 140 2.3 -26116 -6024
1301 140 2.3 -26132 -5626
1318 140 2.3 -25772 -5350
1335 140 2.3 -25612 -4906
1352 140 2.3 -25788 -5152
1370 140 2.3 -25812 -4364
1387 140 2.3 -26444 -4788
1405 140 2.3 -25832 -5012
1423 140 2.3 -26148 -4830
1442 140 2.3 -26216 -5014
1460 140 2.3 -25916 -5242
1479 140 2.3 -26456 -5416
1498 140 2.3 -26192 -4934
1517 140 2.3 -26452 -5468
1537 140 2.3 -25544 -4640
1557 140 2.3 -26204 -5614
1577 140 2.3 -26184 -5930
1597 140 2.3 -26272 -5188
1618 140 2.3 -26064 -4748
1639 140 2.3 -25992 -4918
1660 140 2.3 -26216 -4088
1681 140 2.3 -25740 -4122
1703 140 2.3 -26336 -4310
1725 140 2.3 -25652 -3818
1747 140 2.3 -25644 -2782
1770 140 2.3 -25712 -3246
1792 140 2.3 -26032 -4462
1816 140 2.3 -26720 -4868
1839 140 2.3 -26000 -5138
1863 140 2.3 -26296 -4956
1887 140 2.3 -26284 -5486
1911 140 2.3 -26292 -4190
1936 140 2.3 -26512 -4224
1961 140 2.3 -26508 -4314
1986 140 2.3 -26532 -3932
2012 140 2.3 -26440 -4030
2037 140 2.3 -26132 -3420
2064 140 2.3 -26344 -3186
2090 140 2.3 -26604 -3644
2117 140 2.3 -26192 -2886
2145 140 2.3 -25692 -2270
2172 140 2.3 -26852 -2752
2200 140 2.3 -26036 -3448
2229 140 2.3 -26464 -3904
2257 140 2.3 -26296 -3944
2286 140 2.3 -26268 -3930
2316 140 2.3 -26800 -3270
2346 140 2.3 -26556 -4506
2376 140 2.3 -26696 -5368
2407 140 2.3 -25836 -5104
2438 140 2.3 -25784 -5198
2469 140 2.3 -26296 -4500
2501 140 2.3 -26692 -3674
2533 140 2.3 -26796 -2742
2566 140 2.3 -26304 -3240
2599 140 2.3 -25956 -2124
2633 140 2.3 -25180 -618
2667 140 2.3 -25700 180
2701 140 2.3 -25736 -450
2736 140 2.3 -26076 -1270
2771 140 2.3 -26112 -450
2807 140 2.3 -25492 -1240
2843 140 2.3 -26144 -1012
2880 140 2.3 -25220 -434
2917 140 2.3 -25320 -232
2954 140 2.3 -26096 -400
2992 140 2.3 -26204 -346
3031 140 2.3 -26164 954
3070 140 2.3 -25952 1468
3110 140 2.3 -25936 1714
3150 140 2.3 -26648 822
3190 140 2.3 -25600 1240
3232 140 2.3 -25880 1720
3273 140 2.3 -26200 1734
3315 140 2.3 -26044 2860
3358 140 2.3 -26008 1926
3402 140 2.3 -25788 1672
3445 140 2.3 -26144 3610
3490 140 2.3 -26548 3782
3535 140 2.3 -26488 3710
3580 140 2.3 -26496 3578
3627 140 2.3 -26376 3784
3673 140 2.3 -26232 2766
3721 140 2.3 -25808 2718
3769 140 2.3 -26000 2150
3817 140 2.3 -26104 2176
3867 140 2.3 -25540 1320
3916 140 2.3 -25996 1362
3967 140 2.3 -25480 2696
4018 140 2.3 -25884 2550
4070 140 2.3 -25884 2572
4122 140 2.3 -25864 3144
4176 140 2.3 -26460 4226
4229 140 2.3 -26552 5642
4284 140 2.3 -25840 4470
4339 140 2.3 -26056 3732
4395 140 2.3 -26436 4364
4452 140 2.3 -27000 4006
4509 140 2.3 -25828 3856
4567 140 2.3 -26288 2562
4626 140 2.3 -26268 2102
4686 140 2.3 -26196 2320
4746 140 2.3 -26264 3118
4808 140 2.3 -26632 3296
4870 140 2.3 -26564 3010
4932 140 2.3 -27224 3506
4996 140 2.3 -25716 4136
5060 140 2.3 -26160 3064
5126 140 2.3 -26612 3348
5192 140 2.3 -26308 3432
5259 140 2.3 -26332 3462
5327 140 2.3 -26244 1682
5395 140 2.3 -25876 -786
5465 140 2.3 -25544 252
5535 140 2.3 -26144 192
5607 140 2.3 -25708 632
5679 140 2.3 -26164 -856
5752 140 2.3 -26404 26
5826 140 2.3 -26516 372
5902 140 2.3 -26612 -602
5978 140 2.3 -26252 1144
6055 140 2.3 -26436 2644
6133 140 2.3 -26112 2538
6212 140 2.3 -26476 696
6292 140 2.3 -25960 692
6373 140 2.3 -25912 -1732
6455 140 2.3 -26964 -1004
6539 140 2.3 -26108 -1724
6623 140 2.3 -25800 -468
6708 140 2.3 -26068 -494
6795 140 2.3 -26004 -1388
6883 140 2.3 -26628 -2712
6971 140 2.3 -26856 -3782
7061 140 2.3 -26460 -2066
7152 140 2.3 -25552 -852
7245 140 2.3 -25336 -2596
7338 140 2.3 -26476 -5500
7433 140 2.3 -26588 -5950
7529 140 2.3 -26804 -4956
7626 140 2.3 -27208 -6516
7724 140 2.3 -26408 -5314
7824 140 2.3 -26156 -2682
7925 140 2.3 -26432 -4046
8027 140 2.3 -26172 -3796
8130 140 2.3 -25996 -3678
8235 140 2.3 -26196 -4772
8341 140 2.3 -26036 -4958
8449 140 2.3 -26660 -6026
8558 140 2.3 -26124 -5704
8668 140 2.3 -26300 -5230
8780 140 2.3 -26880 -3516
8893 140 2.3 -27048 -3930
9008 140 2.3 -26888 -3288
9124 140 2.3 -26328 -2260
9242 140 2.3 -26136 -4286
9361 140 2.3 -26196 -4534
9482 140 2.3 -26284 -5320
9604 140 2.3 -26464 -4314
9728 140 2.3 -26836 -6374
9853 140 2.3 -26632 -6126
9980 140 2.3 -26036 -5574
10109 140 2.3 -26092 -3526
10240 140 2.3 -26288 -4998
10372 140 2.3 -26584 -4452
10505 140 2.3 -26188 -5812
10641 140 2.3 -26560 -5630
10778 140 2.3 -26336 -3276
10917 140 2.3 -26004 -2446
11058 140 2.3 -25312 -1320
11201 140 2.3 -26792 -3688
11345 140 2.3 -27240 -5162
11491 140 2.3 -26636 -6892
11640 140 2.3 -27256 -9388
11790 140 2.3 -26900 -7986
11942 140 2.3 -26484 -6164
12096 140 2.3 -25996 -4962
12252 140 2.3 -26780 -1884
12410 140 2.3 -25972 392
12570 140 2.3 -25988 -142
12732 140 2.3 -25976 2110
12896 140 2.3 -25836 3430
13062 140 2.3 -26080 4014
13231 140 2.3 -26428 3328
13402 140 2.3 -25968 2650
13574 140 2.3 -26264 4488
13750 140 2.3 -26336 4388
13927 140 2.3 -26292 5322
14106 140 2.3 -26364 6748
14288 140 2.3 -26416 6348
14473 140 2.3 -26316 6624
14659 140 2.3 -25756 4148
14848 140 2.3 -26360 2678
15040 140 2.3 -25908 3422
15234 140 2.3 -26556 4918
15430 140 2.3 -26476 6684
15629 140 2.3 -26736 8862
15831 140 2.3 -26176 9186
16035 140 2.3 -26300 9114
16242 140 2.3 -26972 9240
16451 140 2.3 -26284 9046
16664 140 2.3 -26100 8856
16879 140 2.3 -27072 9508
17096 140 2.3 -26144 8494
17317 140 2.3 -26576 8278
17540 140 2.3 -26888 7656
17766 140 2.3 -26536 6174
17995 140 2.3 -26704 3702
18228 140 2.3 -26644 4356
18463 140 2.3 -26472 5146
18701 140 2.3 -26320 5016
18942 140 2.3 -26760 7474
19186 140 2.3 -26344 5462
19434 140 2.3 -26528 3354
19684 140 2.3 -26252 3046
19938 140 2.3 -25600 654
20195 140 2.3 -26244 -964
20456 140 2.3 -26108 -1484
20720 140 2.3 -25764 -2160
20987 140 2.3 -26444 -3318
21258 140 2.3 -25952 -3822
21532 140 2.3 -26388 -1002
21810 140 2.3 -26212 348
22091 140 2.3 -26036 830
22376 140 2.3 -25720 -148
22664 140 2.3 -26124 -332
22957 140 2.3 -26456 -1036
23253 140 2.3 -25624 316
23553 140 2.3 -25872 466
23856 140 2.3 -25984 -1260
24164 140 2.3 -26060 -3414
24476 140 2.3 -26176 -4120
24791 140 2.3 -26412 -3966
25111 140 2.3 -26332 -2674
25435 140 2.3 -26684 -2022
25763 140 2.3 -26348 -2106
26095 140 2.3 -26608 1368
26432 140 2.3 -27176 3062
26773 140 2.3 -26820 2684
27118 140 2.3 -26144 1846
27468 140 2.3 -27256 5598
27822 140 2.3 -26176 5848
28181 140 2.3 -25988 4148
28545 140 2.3 -26368 2248
28913 140 2.3 -26028 1010
29286 140 2.3 -26136 1788
29663 140 2.3 -25756 662
30046 140 2.3 -25784 1186
30434 140 2.3 -25808 1056
30826 140 2.3 -25916 3528
31224 140 2.3 -25596 324
31626 140 2.3 -25516 1666
32034 140 2.3 -26604 4116
32447 140 2.3 -26740 2762
32866 140 2.3 -26236 -356
33290 140 2.3 -26724 2818
33719 140 2.3 -26392 3550
34154 140 2.3 -26484 5522
34595 140 2.3 -26228 7894
35041 140 2.3 -26540 7340
35493 140 2.3 -25944 4484
35951 140 2.3 -26016 7564
36414 140 2.3 -27240 10498
36884 140 2.3 -27016 8836
37360 140 2.3 -26828 10762
37841 140 2.3 -27240 9480
38330 140 2.3 -26152 6942
38824 140 2.3 -26552 9064
39325 140 2.3 -26772 10128
39832 140 2.3 -26428 9348
40346 140 2.3 -26092 4714
40866 140 2.3 -26184 3054
41393 140 2.3 -26580 1366
41927 140 2.3 -25920 -1402
42468 140 2.3 -26488 2234
43015 140 2.3 -26204 -1482
43570 140 2.3 -25760 -170
44132 140 2.3 -26084 890
44701 140 2.3 -26988 -440
45278 140 2.3 -25812 -4344
45862 140 2.3 -26044 -4526
46453 140 2.3 -26400 -3970
47053 140 2.3 -26248 -3890
47660 140 2.3 -27432 -6214
48274 140 2.3 -26192 -7720
48897 140 2.3 -26392 -2306
49528 140 2.3 -26980 -7500
50166 140 2.3 -25952 -9114
50813 140 2.3 -26340 -5626
51469 140 2.3 -26072 -6660
52133 140 2.3 -26992 -7610
52805 140 2.3 -26452 -6210
53486 140 2.3 -26044 -1274
54176 140 2.3 -26680 -3490
54875 140 2.3 -26188 -1716
55582 140 2.3 -26532 -4106
56299 140 2.3 -26052 -3990
57025 140 2.3 -25700 -3706
57761 140 2.3 -25352 -110
58506 140 2.3 -26040 1218
59261 140 2.3 -26448 2812
60025 140 2.3 -26400 2366
60799 140 2.3 -25752 6048
61583 140 2.3 -25712 5568
62378 140 2.3 -26380 5802
63182 140 2.3 -26476 5308
63997 140 2.3 -26780 4868
64822 140 2.3 -27512 8362
65658 140 2.3 -26676 4506
66505 140 2.3 -25920 1822
67363 140 2.3 -26256 2086
68232 140 2.3 -26232 2722
69112 140 2.3 -26464 3510
70003 140 2.3 -26028 436
70906 140 2.3 -25988 -2932
71821 140 2.3 -26808 5660
72747 140 2.3 -26096 3270
73685 140 2.3 -26232 7228
74636 140 2.3 -25716 4994
75599 140 2.3 -25664 6100
76574 140 2.3 -26328 3944
77561 140 2.3 -26348 1890
78562 140 2.3 -26064 -3268
79575 140 2.3 -26284 82
80601 140 2.3 -26684 2238
81641 140 2.3 -25900 3456
82694 140 2.3 -25888 2730
83760 140 2.3 -25768 5744
84841 140 2.3 -26048 -1410
85935 140 2.3 -26088 376
87043 140 2.3 -26336 3566
88166 140 2.3 -26084 3024
89303 140 2.3 -26340 7946
90455 140 2.3 -25356 162
91622 140 2.3 -26912 -3276
92803 140 2.3 -25756 -2984
94000 140 2.3 -26404 3242
95213 140 2.3 -26352 -186
96441 140 2.3 -26364 600
97685 140 2.3 -26104 5522
98945 140 2.3 -26276 1814
100221 140 2.3 -26164 1662
101513 140 2.3 -25456 -30
102823 140 2.3 -26548 848
104149 140 2.3 -25956 1114
105492 140 2.3 -26128 3430
106853 140 2.3 -26752 7894
108231 140 2.3 -27640 11760
109627 140 2.3 -26820 8890
111041 140 2.3 -26312 7454
112473 140 2.3 -26536 7254
113924 140 2.3 -26248 -1778
115393 140 2.3 -26636 2138
116882 140 2.3 -26348 -2590
118389 140 2.3 -27472 -13094
119916 140 2.3 -27276 -9364
121463 140 2.3 -26060 -8262
123029 140 2.3 -26240 -8658
124616 140 2.3 -26516 -4056
126224 140 2.3 -25660 1468
127852 140 2.3 -25892 1940
129501 140 2.3 -26432 -1966
131171 140 2.3 -26108 1224
132863 140 2.3 -26912 2090
134576 140 2.3 -26280 -5588
136312 140 2.3 -26568 -7200
138070 140 2.3 -25836 -2648
139851 140 2.3 -26612 -9970
141655 140 2.3 -26864 -10866
143482 140 2.3 -26476 -9110
145333 140 2.3 -26272 -5762
147207 140 2.3 -25848 -6102
149106 140 2.3 -27208 -4720
151029 140 2.3 -26740 -3754
152977 140 2.3 -27996 5990
154950 140 2.3 -25924 1738
156948 140 2.3 -25984 80
158973 140 2.3 -25628 564
161023 140 2.3 -25924 -1242
163100 140 2.3 -26360 -4038
165204 140 2.3 -26340 -5210
167334 140 2.3 -25724 468
169493 140 2.3 -26416 -1532
171679 140 2.3 -26364 -4710
173893 140 2.3 -25568 -2462
176136 140 2.3 -26816 -3066
178408 140 2.3 -26172 -6790
180709 140 2.3 -25604 -4024
183040 140 2.3 -26476 -1684
185400 140 2.3 -27356 -10596
187792 140 2.3 -26740 -3818
190214 140 2.3 -26348 2062
192667 140 2.3 -26608 7280
195152 140 2.3 -26300 1624
197669 140 2.3 -25952 4512
200219 140 2.3 -25700 1094
202801 140 2.3 -26388 5416
205417 140 2.3 -26664 8578
208066 140 2.3 -26656 278
210750 140 2.3 -26568 530
213468 140 2.3 -26196 5562
216222 140 2.3 -26156 1244
219010 140 2.3 -26336 1538
221835 140 2.3 -26580 2834
224696 140 2.3 -26180 960
227595 140 2.3 -26232 5150
230530 140 2.3 -26820 -6082
233503 140 2.3 -26596 -5158
236515 140 2.3 -26768 -10954
239566 140 2.3 -26392 -8200
242656 140 2.3 -26356 -8444
245785 140 2.3 -26816 -7744
248956 140 2.3 -26616 -10648
252167 140 2.3 -25744 -2466
255419 140 2.3 -26048 2478
258713 140 2.3 -25688 2704
262050 140 2.3 -26556 -2486
265430 140 2.3 -25288 -3474
268854 140 2.3 -26868 -7522
272321 140 2.3 -26212 -7380
275834 140 2.3 -26496 4722
279391 140 2.3 -26228 2908
282995 140 2.3 -26508 5620
286645 140 2.3 -25804 -1094
290342 140 2.3 -26496 -8150
294087 140 2.3 -26564 -10268
297880 140 2.3 -26540 -7642
301722 140 2.3 -26300 -3134
305614 140 2.3 -26232 -3818
309556 140 2.3 -27156 -12236
313548 140 2.3 -27448 -10634
317592 140 2.3 -26792 -5140
321689 140 2.3 -26324 -5610
325838 140 2.3 -26540 -1998
330040 140 2.3 -26036 1346
334297 140 2.3 -25868 -2068
338609 140 2.3 -26712 -8742
342976 140 2.3 -25416 -1946
347400 140 2.3 -26368 -7176
351881 140 2.3 -26408 892
356419 140 2.3 -26080 -2312
361016 140 2.3 -25416 -808
365673 140 2.3 -26176 -5976
370389 140 2.3 -26908 -9512
375167 140 2.3 -26824 -9848
380005 140 2.3 -26832 -4654
384907 140 2.3 -27472 -9972
389871 140 2.3 -25780 -5644
394900 140 2.3 -26648 734
399993 140 2.3 -25740 -2936
405152 140 2.3 -26728 -1394
410378 140 2.3 -26948 -9838
415671 140 2.3 -26304 -5972
421032 140 2.3 -26380 -9236
426463 140 2.3 -26456 -7440
431963 140 2.3 -26932 -11746
437535 140 2.3 -27048 -10246
443178 140 2.3 -26244 -9328
448894 140 2.3 -25272 -4858
454684 140 2.3 -26960 -5264
460548 140 2.3 -26512 2430
466489 140 2.3 -26248 -1798
472505 140 2.3 -27212 -86
478600 140 2.3 -26252 262
484773 140 2.3 -26820 -6670
491025 140 2.3 -27652 -11054
497358 140 2.3 -26544 -4386
503773 140 2.3 -27040 -2284
510271 140 2.3 -26376 -4936
516852 140 2.3 -26292 2656
523519 140 2.3 -26000 454
530271 140 2.3 -26268 -2072
537111 140 2.3 -25868 1194
544038 140 2.3 -26848 10972
551055 140 2.3 -26316 -992
558163 140 2.3 -26972 5034
565362 140 2.3 -26300 -6246
572654 140 2.3 -26408 -8998
580040 140 2.3 -27260 6346
587521 140 2.3 -25916 -2560
595099 140 2.3 -25880 1382
602775 140 2.3 -26464 950
610549 140 2.3 -26080 2668
618424 140 2.3 -26408 -5442
626400 140 2.3 -26580 2962
634480 140 2.3 -26424 2964
642663 140 2.3 -26044 7246
650952 140 2.3 -27164 5134
659348 140 2.3 -26728 398
667853 140 2.3 -25864 978
676467 140 2.3 -26608 -2456
685192 140 2.3 -25580 -3252
694029 140 2.3 -25692 -2872
702981 140 2.3 -26680 -7946
712048 140 2.3 -26464 -2468
721232 140 2.3 -26928 -1358
730534 140 2.3 -27132 -10912
739957 140 2.3 -26732 -1544
749500 140 2.3 -26696 -1786
759168 140 2.3 -26800 5484
768959 140 2.3 -26528 -2784
778877 140 2.3 -27476 -6704
788923 140 2.3 -26272 -3072
799099 140 2.3 -26132 -2568
809405 140 2.3 -26264 9368
819845 140 2.3 -26756 4730
830419 140 2.3 -26404 -222
841130 140 2.3 -26716 -2980
851979 140 2.3 -26108 -344
862968 140 2.3 -26192 2912
874098 140 2.3 -27412 4102
885373 140 2.3 -25864 -3580
896792 140 2.3 -26516 -2332
908359 140 2.3 -26720 3176
920075 140 2.3 -25488 -4996
931942 140 2.3 -26084 474
943962 140 2.3 -26292 132
956137 140 2.3 -26928 4950
968470 140 2.3 -26052 8604
980961 140 2.3 -27388 -2302
993613 140 2.3 -26692 -9322
999999 140 2.3 -26868 -7908
