3 20 2.4 -368 -46
4 20 2.4 -400 -58
5 20 2.4 -412 -68
6 20 2.4 -392 -52
7 20 2.4 -444 -62
8 20 2.4 -416 -64
9 20 2.4 -400 -66
10 20 2.4 -380 -64
11 20 2.4 -488 -54
12 20 2.4 -456 -36
13 20 2.4 -436 -62
14 20 2.4 -436 -68
15 20 2.4 -416 -74
16 20 2.4 -420 -62
17 20 2.4 -380 -38
18 20 2.4 -332 -58
19 20 2.4 -320 -62
20 20 2.4 -336 -66
21 20 2.4 -372 -66
22 20 2.4 -396 -68
23 20 2.4 -420 -64
24 20 2.4 -412 -86
25 20 2.4 -480 -62
26 20 2.4 -460 -46
27 20 2.4 -444 -48
28 20 2.4 -384 -12
29 20 2.4 -412 -42
30 20 2.4 -408 42
31 20 2.4 -440 76
32 20 2.4 -388 70
33 20 2.4 -360 106
34 20 2.4 -384 100
35 20 2.4 -404 134
36 20 2.4 -484 176
37 20 2.4 -488 124
38 20 2.4 -464 130
39 20 2.4 -448 92
40 20 2.4 -436 86
41 20 2.4 -440 80
42 20 2.4 -460 82
43 20 2.4 -428 38
44 20 2.4 -384 56
45 20 2.4 -348 64
46 20 2.4 -396 72
47 20 2.4 -396 86
48 20 2.4 -392 52
49 20 2.4 -400 72
50 20 2.4 -436 104
51 20 2.4 -380 88
52 20 2.4 -404 114
53 20 2.4 -444 122
54 20 2.4 -428 160
55 20 2.4 -476 146
56 20 2.4 -416 132
57 20 2.4 -488 152
58 20 2.4 -472 124
59 20 2.4 -436 132
60 20 2.4 -436 96
61 20 2.4 -448 90
62 20 2.4 -392 102
63 20 2.4 -428 118
64 20 2.4 -428 134
65 20 2.4 -408 116
66 20 2.4 -392 96
67 20 2.4 -400 90
68 20 2.4 -404 92
69 20 2.4 -420 108
70 20 2.4 -436 96
71 20 2.4 -408 122
72 20 2.4 -392 132
73 20 2.4 -444 162
74 20 2.4 -488 202
75 20 2.4 -456 202
76 20 2.4 -464 180
77 20 2.4 -468 192
78 20 2.4 -428 206
79 20 2.4 -448 208
80 20 2.4 -452 230
81 20 2.4 -432 206
82 20 2.4 -444 208
83 20 2.4 -496 218
84 20 2.4 -528 228
85 20 2.4 -516 252
86 20 2.4 -512 242
88 20 2.4 -504 208
89 20 2.4 -500 190
90 20 2.4 -464 178
91 20 2.4 -456 156
92 20 2.4 -472 158
93 20 2.4 -508 154
95 20 2.4 -452 160
96 20 2.4 -472 118
97 20 2.4 -476 124
98 20 2.4 -456 124
99 20 2.4 -448 108
101 20 2.4 -432 160
102 20 2.4 -468 164
103 20 2.4 -444 140
105 20 2.4 -424 126
106 20 2.4 -452 132
107 20 2.4 -472 154
109 20 2.4 -448 144
110 20 2.4 -432 98
112 20 2.4 -436 148
113 20 2.4 -424 144
114 20 2.4 -464 174
116 20 2.4 -444 150
117 20 2.4 -452 158
119 20 2.4 -472 206
120 20 2.4 -460 204
122 20 2.4 -420 190
124 20 2.4 -440 188
125 20 2.4 -456 178
127 20 2.4 -440 182
128 20 2.4 -456 170
130 20 2.4 -448 174
132 20 2.4 -388 114
133 20 2.4 -380 108
135 20 2.4 -416 134
137 20 2.4 -476 110
139 20 2.4 -432 110
140 20 2.4 -400 74
142 20 2.4 -496 70
144 20 2.4 -424 74
146 20 2.4 -388 30
148 20 2.4 -392 12
150 20 2.4 -320 34
152 20 2.4 -348 -52
154 20 2.4 -388 -84
155 20 2.4 -376 -60
157 20 2.4 -376 -22
160 20 2.4 -444 -24
162 20 2.4 -476 -16
164 20 2.4 -460 -32
166 20 2.4 -412 -78
168 20 2.4 -464 -140
170 20 2.4 -488 -196
172 20 2.4 -552 -238
174 20 2.4 -552 -250
177 20 2.4 -512 -246
179 20 2.4 -484 -236
181 20 2.4 -500 -260
184 20 2.4 -608 -300
186 20 2.4 -568 -274
188 20 2.4 -568 -266
191 20 2.4 -580 -322
193 20 2.4 -576 -322
196 20 2.4 -620 -322
198 20 2.4 -624 -344
201 20 2.4 -644 -342
203 20 2.4 -592 -322
206 20 2.4 -548 -288
209 20 2.4 -472 -240
211 20 2.4 -460 -226
214 20 2.4 -492 -228
217 20 2.4 -556 -230
220 20 2.4 -564 -208
222 20 2.4 -500 -186
225 20 2.4 -464 -198
228 20 2.4 -456 -212
231 20 2.4 -504 -202
234 20 2.4 -480 -230
237 20 2.4 -496 -210
240 20 2.4 -528 -186
243 20 2.4 -512 -192
246 20 2.4 -496 -226
250 20 2.4 -476 -192
253 20 2.4 -476 -192
256 20 2.4 -532 -208
259 20 2.4 -536 -218
263 20 2.4 -500 -208
266 20 2.4 -568 -264
269 20 2.4 -548 -230
273 20 2.4 -512 -214
276 20 2.4 -532 -280
280 20 2.4 -472 -200
284 20 2.4 -492 -162
287 20 2.4 -504 -176
291 20 2.4 -468 -174
295 20 2.4 -460 -194
298 20 2.4 -444 -142
302 20 2.4 -440 -150
306 20 2.4 -432 -224
310 20 2.4 -456 -242
314 20 2.4 -516 -268
318 20 2.4 -536 -292
322 20 2.4 -580 -324
326 20 2.4 -564 -282
331 20 2.4 -528 -292
335 20 2.4 -604 -326
339 20 2.4 -604 -330
344 20 2.4 -556 -292
348 20 2.4 -384 -208
352 20 2.4 -440 -196
357 20 2.4 -440 -200
362 20 2.4 -492 -214
366 20 2.4 -456 -176
371 20 2.4 -532 -226
376 20 2.4 -512 -236
381 20 2.4 -508 -248
385 20 2.4 -568 -268
390 20 2.4 -624 -314
395 20 2.4 -580 -310
401 20 2.4 -616 -310
406 20 2.4 -492 -266
411 20 2.4 -464 -196
416 20 2.4 -440 -166
422 20 2.4 -496 -162
427 20 2.4 -488 -160
433 20 2.4 -536 -204
438 20 2.4 -548 -224
444 20 2.4 -460 -232
449 20 2.4 -520 -222
455 20 2.4 -544 -268
461 20 2.4 -540 -234
467 20 2.4 -524 -238
473 20 2.4 -508 -196
479 20 2.4 -508 -208
485 20 2.4 -496 -188
492 20 2.4 -480 -90
498 20 2.4 -500 -30
504 20 2.4 -408 4
511 20 2.4 -440 -32
517 20 2.4 -464 42
524 20 2.4 -444 100
531 20 2.4 -420 126
538 20 2.4 -396 124
545 20 2.4 -468 174
552 20 2.4 -432 158
559 20 2.4 -480 142
566 20 2.4 -444 152
573 20 2.4 -456 154
581 20 2.4 -536 158
588 20 2.4 -436 150
596 20 2.4 -480 146
603 20 2.4 -476 148
611 20 2.4 -480 182
619 20 2.4 -484 196
627 20 2.4 -540 142
635 20 2.4 -452 164
643 20 2.4 -520 220
652 20 2.4 -500 252
660 20 2.4 -632 336
668 20 2.4 -508 278
677 20 2.4 -480 232
686 20 2.4 -472 220
695 20 2.4 -532 272
704 20 2.4 -596 322
713 20 2.4 -568 322
722 20 2.4 -592 320
731 20 2.4 -552 314
741 20 2.4 -576 314
750 20 2.4 -488 190
760 20 2.4 -504 240
770 20 2.4 -452 158
780 20 2.4 -488 184
790 20 2.4 -460 130
800 20 2.4 -432 158
810 20 2.4 -464 132
821 20 2.4 -476 96
831 20 2.4 -468 36
842 20 2.4 -440 68
853 20 2.4 -480 142
864 20 2.4 -504 156
875 20 2.4 -500 142
886 20 2.4 -496 210
897 20 2.4 -524 266
909 20 2.4 -500 240
921 20 2.4 -532 292
933 20 2.4 -544 272
945 20 2.4 -476 222
957 20 2.4 -556 288
969 20 2.4 -516 266
982 20 2.4 -532 278
994 20 2.4 -508 258
1007 20 2.4 -584 270
1020 20 2.4 -516 258
1033 20 2.4 -564 298
1047 20 2.4 -504 296
1060 20 2.4 -668 358
1074 20 2.4 -500 284
1088 20 2.4 -536 290
1102 20 2.4 -532 258
1116 20 2.4 -536 290
1130 20 2.4 -508 260
1145 20 2.4 -464 206
1160 20 2.4 -504 268
1174 20 2.4 -540 248
1190 20 2.4 -584 260
1205 20 2.4 -504 122
1220 20 2.4 -524 178
1236 20 2.4 -488 190
1252 20 2.4 -580 312
1268 20 2.4 -436 228
1285 20 2.4 -528 264
1301 20 2.4 -540 276
1318 20 2.4 -504 256
1335 20 2.4 -488 236
1352 20 2.4 -584 290
1370 20 2.4 -496 252
1387 20 2.4 -532 292
1405 20 2.4 -624 336
1423 20 2.4 -520 236
1442 20 2.4 -476 190
1460 20 2.4 -404 150
1479 20 2.4 -496 206
1498 20 2.4 -524 258
1517 20 2.4 -564 296
1537 20 2.4 -544 240
1557 20 2.4 -600 310
1577 20 2.4 -620 308
1597 20 2.4 -588 296
1618 20 2.4 -572 308
1639 20 2.4 -608 318
1660 20 2.4 -572 294
1681 20 2.4 -568 292
1703 20 2.4 -380 90
1725 20 2.4 -544 238
1747 20 2.4 -524 250
1770 20 2.4 -488 184
1792 20 2.4 -456 164
1816 20 2.4 -472 212
1839 20 2.4 -476 110
1863 20 2.4 -428 36
1887 20 2.4 -440 94
1911 20 2.4 -396 -68
1936 20 2.4 -468 -162
1961 20 2.4 -524 -248
1986 20 2.4 -492 -252
2012 20 2.4 -500 -242
2037 20 2.4 -504 -236
2064 20 2.4 -456 -160
2090 20 2.4 -436 -126
2117 20 2.4 -564 -232
2145 20 2.4 -476 -208
2172 20 2.4 -512 -248
2200 20 2.4 -508 -278
2229 20 2.4 -580 -280
2257 20 2.4 -548 -270
2286 20 2.4 -572 -292
2316 20 2.4 -552 -236
2346 20 2.4 -492 -222
2376 20 2.4 -516 -240
2407 20 2.4 -588 -330
2438 20 2.4 -500 -224
2469 20 2.4 -536 -168
2501 20 2.4 -496 -186
2533 20 2.4 -452 -118
2566 20 2.4 -484 -12
2599 20 2.4 -464 -116
2633 20 2.4 -432 -122
2667 20 2.4 -476 18
2701 20 2.4 -512 60
2736 20 2.4 -436 6
2771 20 2.4 -464 130
2807 20 2.4 -412 126
2843 20 2.4 -476 146
2880 20 2.4 -420 -4
2917 20 2.4 -600 294
2954 20 2.4 -488 280
2992 20 2.4 -532 196
3031 20 2.4 -520 178
3070 20 2.4 -460 172
3110 20 2.4 -440 72
3150 20 2.4 -428 -108
3190 20 2.4 -576 -298
3232 20 2.4 -564 -304
3273 20 2.4 -436 -216
3315 20 2.4 -464 18
3358 20 2.4 -544 204
3402 20 2.4 -448 94
3445 20 2.4 -456 188
3490 20 2.4 -392 0
3535 20 2.4 -516 -88
3580 20 2.4 -448 28
3627 20 2.4 -496 180
3673 20 2.4 -412 162
3721 20 2.4 -504 118
3769 20 2.4 -468 18
3817 20 2.4 -484 116
3867 20 2.4 -516 196
3916 20 2.4 -436 194
3967 20 2.4 -476 18
4018 20 2.4 -480 130
4070 20 2.4 -500 -208
4122 20 2.4 -564 132
4176 20 2.4 -444 80
4229 20 2.4 -420 -122
4284 20 2.4 -512 -154
4339 20 2.4 -464 -42
4395 20 2.4 -436 8
4452 20 2.4 -488 90
4509 20 2.4 -456 142
4567 20 2.4 -504 228
4626 20 2.4 -492 182
4686 20 2.4 -496 196
4746 20 2.4 -404 70
4808 20 2.4 -512 158
4870 20 2.4 -440 6
4932 20 2.4 -392 94
4996 20 2.4 -488 214
5060 20 2.4 -440 200
5126 20 2.4 -564 306
5192 20 2.4 -596 316
5259 20 2.4 -556 270
5327 20 2.4 -624 334
5395 20 2.4 -596 316
5465 20 2.4 -564 308
5535 20 2.4 -440 182
5607 20 2.4 -500 192
5679 20 2.4 -504 252
5752 20 2.4 -472 242
5826 20 2.4 -528 136
5902 20 2.4 -444 26
5978 20 2.4 -576 -302
6055 20 2.4 -540 -296
6133 20 2.4 -500 196
6212 20 2.4 -344 18
6292 20 2.4 -460 62
6373 20 2.4 -592 278
6455 20 2.4 -436 110
6539 20 2.4 -428 128
6623 20 2.4 -528 238
6708 20 2.4 -496 204
6795 20 2.4 -420 -34
6883 20 2.4 -484 -128
6971 20 2.4 -548 -248
7061 20 2.4 -552 -276
7152 20 2.4 -504 -166
7245 20 2.4 -512 -250
7338 20 2.4 -468 -186
7433 20 2.4 -568 -236
7529 20 2.4 -504 -238
7626 20 2.4 -488 -240
7724 20 2.4 -504 -186
7824 20 2.4 -476 -84
7925 20 2.4 -540 -290
8027 20 2.4 -500 -198
8130 20 2.4 -592 -314
8235 20 2.4 -560 -288
8341 20 2.4 -400 -140
8449 20 2.4 -464 216
8558 20 2.4 -508 280
8668 20 2.4 -508 248
8780 20 2.4 -596 290
8893 20 2.4 -512 286
9008 20 2.4 -512 268
9124 20 2.4 -536 274
9242 20 2.4 -504 238
9361 20 2.4 -548 280
9482 20 2.4 -456 216
9604 20 2.4 -548 300
9728 20 2.4 -552 242
9853 20 2.4 -532 -214
9980 20 2.4 -516 -288
10109 20 2.4 -564 164
10240 20 2.4 -572 248
10372 20 2.4 -472 144
10505 20 2.4 -484 258
10641 20 2.4 -484 146
10778 20 2.4 -452 188
10917 20 2.4 -464 34
11058 20 2.4 -496 128
11201 20 2.4 -464 240
11345 20 2.4 -488 248
11491 20 2.4 -480 34
11640 20 2.4 -428 50
11790 20 2.4 -404 134
11942 20 2.4 -428 -68
12096 20 2.4 -448 -108
12252 20 2.4 -420 -130
12410 20 2.4 -508 -250
12570 20 2.4 -544 -216
12732 20 2.4 -456 -186
12896 20 2.4 -516 -88
13062 20 2.4 -488 -238
13231 20 2.4 -408 -124
13402 20 2.4 -496 196
13574 20 2.4 -436 -30
13750 20 2.4 -620 -334
13927 20 2.4 -456 -78
14106 20 2.4 -484 -146
14288 20 2.4 -556 322
14473 20 2.4 -456 -82
14659 20 2.4 -396 -86
14848 20 2.4 -396 -180
15040 20 2.4 -564 240
15234 20 2.4 -484 184
15430 20 2.4 -524 88
15629 20 2.4 -480 -186
15831 20 2.4 -560 -262
16035 20 2.4 -468 4
16242 20 2.4 -508 208
16451 20 2.4 -596 318
16664 20 2.4 -456 188
16879 20 2.4 -388 94
17096 20 2.4 -476 236
17317 20 2.4 -508 -104
17540 20 2.4 -524 -256
17766 20 2.4 -472 -164
17995 20 2.4 -460 164
18228 20 2.4 -544 286
18463 20 2.4 -488 -126
18701 20 2.4 -588 -254
18942 20 2.4 -352 60
19186 20 2.4 -408 -128
19434 20 2.4 -464 -152
19684 20 2.4 -472 -122
19938 20 2.4 -488 -196
20195 20 2.4 -432 -98
20456 20 2.4 -492 -178
20720 20 2.4 -464 -204
20987 20 2.4 -452 -194
21258 20 2.4 -444 204
21532 20 2.4 -484 158
21810 20 2.4 -472 52
22091 20 2.4 -464 270
22376 20 2.4 -576 310
22664 20 2.4 -436 120
22957 20 2.4 -464 10
23253 20 2.4 -596 324
23553 20 2.4 -488 276
23856 20 2.4 -516 -268
24164 20 2.4 -584 -234
24476 20 2.4 -552 258
24791 20 2.4 -492 64
25111 20 2.4 -536 244
25435 20 2.4 -452 -18
25763 20 2.4 -452 58
26095 20 2.4 -496 8
26432 20 2.4 -416 -24
26773 20 2.4 -412 -94
27118 20 2.4 -568 -304
27468 20 2.4 -528 -166
27822 20 2.4 -540 -192
28181 20 2.4 -552 -258
28545 20 2.4 -416 -186
28913 20 2.4 -600 320
29286 20 2.4 -580 310
29663 20 2.4 -424 -184
30046 20 2.4 -436 -76
30434 20 2.4 -472 112
30826 20 2.4 -516 266
31224 20 2.4 -452 184
31626 20 2.4 -528 16
32034 20 2.4 -572 238
32447 20 2.4 -480 218
32866 20 2.4 -500 -6
33290 20 2.4 -488 -256
33719 20 2.4 -524 -226
34154 20 2.4 -456 154
34595 20 2.4 -504 260
35041 20 2.4 -588 -318
35493 20 2.4 -556 -276
35951 20 2.4 -456 -106
36414 20 2.4 -420 114
36884 20 2.4 -520 222
37360 20 2.4 -556 290
37841 20 2.4 -428 22
38330 20 2.4 -532 170
38824 20 2.4 -552 194
39325 20 2.4 -544 98
39832 20 2.4 -560 288
40346 20 2.4 -504 -184
40866 20 2.4 -460 216
41393 20 2.4 -404 68
41927 20 2.4 -644 344
42468 20 2.4 -576 18
43015 20 2.4 -476 -212
43570 20 2.4 -524 192
44132 20 2.4 -492 -258
44701 20 2.4 -488 92
45278 20 2.4 -352 -82
45862 20 2.4 -380 -104
46453 20 2.4 -516 -148
47053 20 2.4 -524 286
47660 20 2.4 -372 52
48274 20 2.4 -376 56
48897 20 2.4 -436 -104
49528 20 2.4 -512 74
50166 20 2.4 -532 -204
50813 20 2.4 -592 -308
51469 20 2.4 -468 264
52133 20 2.4 -556 -244
52805 20 2.4 -508 184
53486 20 2.4 -540 -270
54176 20 2.4 -520 -224
54875 20 2.4 -528 -280
55582 20 2.4 -576 298
56299 20 2.4 -524 296
57025 20 2.4 -480 218
57761 20 2.4 -572 290
58506 20 2.4 -528 -290
59261 20 2.4 -488 230
60025 20 2.4 -460 188
60799 20 2.4 -464 -62
61583 20 2.4 -428 72
62378 20 2.4 -440 10
63182 20 2.4 -460 192
63997 20 2.4 -460 232
64822 20 2.4 -548 -236
65658 20 2.4 -420 110
66505 20 2.4 -504 -116
67363 20 2.4 -488 -100
68232 20 2.4 -568 -320
69112 20 2.4 -460 92
70003 20 2.4 -532 -172
70906 20 2.4 -456 -164
71821 20 2.4 -416 12
72747 20 2.4 -436 44
73685 20 2.4 -496 -210
74636 20 2.4 -492 166
75599 20 2.4 -436 180
76574 20 2.4 -468 -188
77561 20 2.4 -488 -218
78562 20 2.4 -548 298
79575 20 2.4 -440 132
80601 20 2.4 -540 -274
81641 20 2.4 -464 60
82694 20 2.4 -432 -118
83760 20 2.4 -488 -150
84841 20 2.4 -440 -138
85935 20 2.4 -400 118
87043 20 2.4 -556 -250
88166 20 2.4 -556 -302
89303 20 2.4 -404 104
90455 20 2.4 -500 110
91622 20 2.4 -544 -268
92803 20 2.4 -476 -78
94000 20 2.4 -476 158
95213 20 2.4 -460 210
96441 20 2.4 -432 168
97685 20 2.4 -456 194
98945 20 2.4 -560 -286
100221 20 2.4 -580 -234
101513 20 2.4 -632 328
102823 20 2.4 -452 -130
104149 20 2.4 -396 92
105492 20 2.4 -528 -70
106853 20 2.4 -472 -230
108231 20 2.4 -452 190
109627 20 2.4 -492 -6
111041 20 2.4 -472 74
112473 20 2.4 -392 74
113924 20 2.4 -492 256
115393 20 2.4 -468 -186
116882 20 2.4 -464 -106
118389 20 2.4 -512 266
119916 20 2.4 -440 42
121463 20 2.4 -520 -268
123029 20 2.4 -472 -188
124616 20 2.4 -556 -298
126224 20 2.4 -632 348
127852 20 2.4 -484 -256
129501 20 2.4 -448 148
131171 20 2.4 -480 160
132863 20 2.4 -528 248
134576 20 2.4 -380 -12
136312 20 2.4 -456 184
138070 20 2.4 -516 222
139851 20 2.4 -564 -296
141655 20 2.4 -448 -100
143482 20 2.4 -484 -284
145333 20 2.4 -456 154
147207 20 2.4 -520 62
149106 20 2.4 -496 128
151029 20 2.4 -476 -38
152977 20 2.4 -472 -100
154950 20 2.4 -652 352
156948 20 2.4 -492 34
158973 20 2.4 -576 -304
161023 20 2.4 -504 254
163100 20 2.4 -600 -282
165204 20 2.4 -444 -148
167334 20 2.4 -556 -296
169493 20 2.4 -504 8
171679 20 2.4 -504 -234
173893 20 2.4 -528 -270
176136 20 2.4 -412 118
178408 20 2.4 -500 88
180709 20 2.4 -660 -350
183040 20 2.4 -452 28
185400 20 2.4 -424 144
187792 20 2.4 -448 216
190214 20 2.4 -600 334
192667 20 2.4 -456 168
195152 20 2.4 -472 -268
197669 20 2.4 -560 302
200219 20 2.4 -488 148
202801 20 2.4 -584 266
205417 20 2.4 -408 174
208066 20 2.4 -528 180
210750 20 2.4 -560 232
213468 20 2.4 -468 -88
216222 20 2.4 -516 254
219010 20 2.4 -420 232
221835 20 2.4 -536 228
224696 20 2.4 -492 -264
227595 20 2.4 -476 -178
230530 20 2.4 -556 -300
233503 20 2.4 -392 -6
236515 20 2.4 -464 164
239566 20 2.4 -504 222
242656 20 2.4 -480 -220
245785 20 2.4 -488 240
248956 20 2.4 -500 226
252167 20 2.4 -464 -218
255419 20 2.4 -520 272
258713 20 2.4 -424 -72
262050 20 2.4 -528 -224
265430 20 2.4 -540 -304
268854 20 2.4 -532 280
272321 20 2.4 -336 -32
275834 20 2.4 -416 134
279391 20 2.4 -568 294
282995 20 2.4 -420 -106
286645 20 2.4 -444 -6
290342 20 2.4 -480 230
294087 20 2.4 -572 -304
297880 20 2.4 -440 78
301722 20 2.4 -504 182
305614 20 2.4 -544 -248
309556 20 2.4 -476 210
313548 20 2.4 -564 -296
317592 20 2.4 -456 172
321689 20 2.4 -428 -104
325838 20 2.4 -500 254
330040 20 2.4 -464 -150
334297 20 2.4 -408 -10
338609 20 2.4 -528 260
342976 20 2.4 -496 -186
347400 20 2.4 -492 32
351881 20 2.4 -476 152
356419 20 2.4 -496 144
361016 20 2.4 -532 -246
365673 20 2.4 -408 76
370389 20 2.4 -568 312
375167 20 2.4 -504 -256
380005 20 2.4 -508 -56
384907 20 2.4 -416 -10
389871 20 2.4 -472 140
394900 20 2.4 -484 60
399993 20 2.4 -584 -314
405152 20 2.4 -540 -260
410378 20 2.4 -476 96
415671 20 2.4 -532 -124
421032 20 2.4 -512 -272
426463 20 2.4 -432 148
431963 20 2.4 -492 146
437535 20 2.4 -472 62
443178 20 2.4 -652 -342
448894 20 2.4 -504 -252
454684 20 2.4 -460 -126
460548 20 2.4 -420 26
466489 20 2.4 -528 -266
472505 20 2.4 -532 -236
478600 20 2.4 -524 -156
484773 20 2.4 -436 -72
491025 20 2.4 -444 208
497358 20 2.4 -568 -316
503773 20 2.4 -596 320
510271 20 2.4 -424 -42
516852 20 2.4 -460 86
523519 20 2.4 -580 236
530271 20 2.4 -452 136
537111 20 2.4 -568 310
544038 20 2.4 -484 -250
551055 20 2.4 -448 126
558163 20 2.4 -460 114
565362 20 2.4 -428 50
572654 20 2.4 -508 256
580040 20 2.4 -496 248
587521 20 2.4 -484 -196
595099 20 2.4 -432 34
602775 20 2.4 -412 -134
610549 20 2.4 -484 -260
618424 20 2.4 -500 188
626400 20 2.4 -396 150
634480 20 2.4 -508 -94
642663 20 2.4 -508 290
650952 20 2.4 -504 154
659348 20 2.4 -500 32
667853 20 2.4 -548 -256
676467 20 2.4 -516 -224
685192 20 2.4 -412 -112
694029 20 2.4 -468 -8
702981 20 2.4 -636 302
712048 20 2.4 -536 -196
721232 20 2.4 -504 228
730534 20 2.4 -612 324
739957 20 2.4 -436 66
749500 20 2.4 -512 214
759168 20 2.4 -636 324
768959 20 2.4 -480 -150
778877 20 2.4 -540 -310
788923 20 2.4 -452 258
799099 20 2.4 -468 -174
809405 20 2.4 -512 214
819845 20 2.4 -400 -52
830419 20 2.4 -540 -228
841130 20 2.4 -524 228
851979 20 2.4 -576 296
862968 20 2.4 -556 -296
874098 20 2.4 -500 -56
885373 20 2.4 -536 124
896792 20 2.4 -504 116
908359 20 2.4 -520 224
920075 20 2.4 -528 198
931942 20 2.4 -500 226
943962 20 2.4 -540 -224
956137 20 2.4 -428 26
968470 20 2.4 -536 222
980961 20 2.4 -444 194
993613 20 2.4 -488 232
999999 20 2.4 -472 202
