3 140 2.2 -19032 540
4 140 2.2 -20396 320
5 140 2.2 -21352 176
6 140 2.2 -21684 206
7 140 2.2 -22036 336
8 140 2.2 -22852 86
9 140 2.2 -23112 266
10 140 2.2 -23540 318
11 140 2.2 -23956 430
12 140 2.2 -24072 386
13 140 2.2 -24148 402
14 140 2.2 -24436 268
15 140 2.2 -24320 -92
16 140 2.2 -24372 -230
17 140 2.2 -24296 -148
18 140 2.2 -24676 -236
19 140 2.2 -24676 -306
20 140 2.2 -25104 -234
21 140 2.2 -25112 -334
22 140 2.2 -24800 -696
23 140 2.2 -24784 -642
24 140 2.2 -24960 -724
25 140 2.2 -25176 -888
26 140 2.2 -25356 -968
27 140 2.2 -25184 -1020
28 140 2.2 -25284 -1164
29 140 2.2 -25684 -1218
30 140 2.2 -25792 -1190
31 140 2.2 -25484 -1350
32 140 2.2 -25780 -1358
33 140 2.2 -26228 -1148
34 140 2.2 -26268 -1012
35 140 2.2 -26108 -958
36 140 2.2 -26072 -942
37 140 2.2 -26336 -1022
38 140 2.2 -26096 -1004
39 140 2.2 -26100 -1048
40 140 2.2 -26156 -1266
41 140 2.2 -26180 -1550
42 140 2.2 -25936 -1344
43 140 2.2 -25936 -1404
44 140 2.2 -26216 -1456
45 140 2.2 -25968 -1420
46 140 2.2 -26136 -1360
47 140 2.2 -26532 -1544
48 140 2.2 -26412 -1450
49 140 2.2 -26164 -1370
50 140 2.2 -26620 -1494
51 140 2.2 -26692 -1528
52 140 2.2 -26616 -1644
53 140 2.2 -26520 -1628
54 140 2.2 -26660 -1538
55 140 2.2 -26712 -1606
56 140 2.2 -26724 -1688
57 140 2.2 -26308 -1622
58 140 2.2 -26396 -1840
59 140 2.2 -25948 -1832
60 140 2.2 -26544 -1984
61 140 2.2 -26596 -1880
62 140 2.2 -26448 -1792
63 140 2.2 -26428 -1920
64 140 2.2 -26288 -2206
65 140 2.2 -26468 -2172
66 140 2.2 -26464 -2028
67 140 2.2 -26228 -1950
68 140 2.2 -26416 -2028
69 140 2.2 -26240 -2184
70 140 2.2 -26644 -2230
71 140 2.2 -26632 -2264
72 140 2.2 -26512 -2042
73 140 2.2 -26480 -1958
74 140 2.2 -26796 -1722
75 140 2.2 -26692 -1648
76 140 2.2 -26600 -1802
77 140 2.2 -26532 -2156
78 140 2.2 -26316 -2004
79 140 2.2 -26176 -2024
80 140 2.2 -25888 -1612
81 140 2.2 -26136 -1752
82 140 2.2 -26400 -1862
83 140 2.2 -26432 -1798
84 140 2.2 -26432 -1852
85 140 2.2 -26324 -1718
86 140 2.2 -26672 -1934
88 140 2.2 -26880 -1802
89 140 2.2 -26960 -1564
90 140 2.2 -26488 -1594
91 140 2.2 -26236 -1790
92 140 2.2 -26672 -1660
93 140 2.2 -26668 -1712
95 140 2.2 -26600 -1652
96 140 2.2 -26880 -1674
97 140 2.2 -26904 -1694
98 140 2.2 -27108 -1918
99 140 2.2 -27064 -2044
101 140 2.2 -26668 -2344
102 140 2.2 -26764 -2508
103 140 2.2 -27128 -2660
105 140 2.2 -26864 -2564
106 140 2.2 -27192 -2796
107 140 2.2 -27168 -2862
109 140 2.2 -27388 -3148
110 140 2.2 -27384 -3064
112 140 2.2 -27668 -3168
113 140 2.2 -27404 -2840
114 140 2.2 -27372 -3142
116 140 2.2 -27248 -2866
117 140 2.2 -27060 -2984
119 140 2.2 -27536 -3166
120 140 2.2 -27596 -3216
122 140 2.2 -27872 -3202
124 140 2.2 -28076 -3110
125 140 2.2 -27680 -3280
127 140 2.2 -27624 -3160
128 140 2.2 -27720 -3248
130 140 2.2 -27876 -3402
132 140 2.2 -27612 -3572
133 140 2.2 -27188 -3546
135 140 2.2 -27284 -3666
137 140 2.2 -27604 -3656
139 140 2.2 -27140 -3492
140 140 2.2 -27196 -3368
142 140 2.2 -27444 -3536
144 140 2.2 -27460 -3540
146 140 2.2 -27468 -3290
148 140 2.2 -27720 -3214
150 140 2.2 -27860 -3308
152 140 2.2 -27684 -3062
154 140 2.2 -27788 -3106
155 140 2.2 -27504 -3106
157 140 2.2 -27316 -3018
160 140 2.2 -28188 -3196
162 140 2.2 -28292 -2878
164 140 2.2 -27916 -2936
166 140 2.2 -27924 -2736
168 140 2.2 -27772 -2926
170 140 2.2 -27388 -2796
172 140 2.2 -27528 -2692
174 140 2.2 -27408 -2452
177 140 2.2 -27096 -2514
179 140 2.2 -27424 -2780
181 140 2.2 -27364 -3044
184 140 2.2 -27440 -2842
186 140 2.2 -27816 -2792
188 140 2.2 -27780 -2694
191 140 2.2 -27856 -2922
193 140 2.2 -27684 -2856
196 140 2.2 -27276 -2854
198 140 2.2 -27472 -2724
201 140 2.2 -28028 -2670
203 140 2.2 -28068 -2594
206 140 2.2 -28312 -2762
209 140 2.2 -28120 -2762
211 140 2.2 -28428 -2922
214 140 2.2 -28268 -2864
217 140 2.2 -28028 -2816
220 140 2.2 -28008 -3008
222 140 2.2 -28196 -2950
225 140 2.2 -28616 -3012
228 140 2.2 -28596 -3348
231 140 2.2 -28488 -3474
234 140 2.2 -27796 -3184
237 140 2.2 -27992 -3252
240 140 2.2 -28020 -3296
243 140 2.2 -28196 -3606
246 140 2.2 -28328 -3536
250 140 2.2 -28232 -3154
253 140 2.2 -28500 -3120
256 140 2.2 -28408 -3026
259 140 2.2 -28100 -3082
263 140 2.2 -28692 -3432
266 140 2.2 -28656 -2930
269 140 2.2 -28780 -3166
273 140 2.2 -28472 -3084
276 140 2.2 -28104 -3366
280 140 2.2 -27904 -3758
284 140 2.2 -28428 -3678
287 140 2.2 -28356 -3832
291 140 2.2 -28528 -4180
295 140 2.2 -28512 -4038
298 140 2.2 -28824 -3892
302 140 2.2 -28592 -3762
306 140 2.2 -28632 -3700
310 140 2.2 -28100 -3610
314 140 2.2 -28416 -4356
318 140 2.2 -28508 -4200
322 140 2.2 -28336 -4138
326 140 2.2 -28196 -4116
331 140 2.2 -28212 -4006
335 140 2.2 -27988 -3834
339 140 2.2 -28164 -3774
344 140 2.2 -27976 -3730
348 140 2.2 -28412 -3960
352 140 2.2 -27760 -3956
357 140 2.2 -27900 -3988
362 140 2.2 -28668 -3752
366 140 2.2 -28408 -3956
371 140 2.2 -28624 -3942
376 140 2.2 -28444 -4008
381 140 2.2 -28476 -3534
385 140 2.2 -28628 -3568
390 140 2.2 -28888 -3812
395 140 2.2 -28212 -4022
401 140 2.2 -28352 -4134
406 140 2.2 -28080 -3730
411 140 2.2 -28188 -4046
416 140 2.2 -27800 -4258
422 140 2.2 -28868 -4384
427 140 2.2 -28640 -4224
433 140 2.2 -28336 -4170
438 140 2.2 -28020 -4250
444 140 2.2 -27920 -4242
449 140 2.2 -27976 -4254
455 140 2.2 -28980 -4666
461 140 2.2 -28612 -4396
467 140 2.2 -28524 -4778
473 140 2.2 -28868 -4872
479 140 2.2 -29428 -5316
485 140 2.2 -28608 -4830
492 140 2.2 -28848 -4878
498 140 2.2 -28800 -5102
504 140 2.2 -28600 -5096
511 140 2.2 -29028 -4824
517 140 2.2 -28796 -5014
524 140 2.2 -28680 -5010
531 140 2.2 -28680 -5150
538 140 2.2 -28832 -4940
545 140 2.2 -28696 -4620
552 140 2.2 -29060 -3930
559 140 2.2 -29684 -4216
566 140 2.2 -29100 -4548
573 140 2.2 -28852 -4476
581 140 2.2 -28544 -4270
588 140 2.2 -28988 -4584
596 140 2.2 -28320 -4096
603 140 2.2 -28480 -4360
611 140 2.2 -28428 -4770
619 140 2.2 -28732 -4564
627 140 2.2 -28784 -4478
635 140 2.2 -28752 -4780
643 140 2.2 -29056 -4788
652 140 2.2 -28920 -4544
660 140 2.2 -29108 -4324
668 140 2.2 -28932 -4128
677 140 2.2 -29068 -4314
686 140 2.2 -28808 -4374
695 140 2.2 -28752 -4346
704 140 2.2 -28692 -4450
713 140 2.2 -28740 -4264
722 140 2.2 -28868 -4270
731 140 2.2 -28908 -4136
741 140 2.2 -29048 -4542
750 140 2.2 -29228 -4552
760 140 2.2 -28868 -5216
770 140 2.2 -28964 -5448
780 140 2.2 -29024 -5192
790 140 2.2 -29028 -5504
800 140 2.2 -29212 -5234
810 140 2.2 -29100 -5050
821 140 2.2 -29416 -4980
831 140 2.2 -29176 -4864
842 140 2.2 -28864 -4942
853 140 2.2 -28372 -4488
864 140 2.2 -28856 -4242
875 140 2.2 -29780 -4640
886 140 2.2 -29416 -4404
897 140 2.2 -29256 -4098
909 140 2.2 -29644 -3984
921 140 2.2 -29456 -3834
933 140 2.2 -28788 -3368
945 140 2.2 -28800 -3526
957 140 2.2 -28960 -3374
969 140 2.2 -29160 -3164
982 140 2.2 -29440 -3676
994 140 2.2 -29412 -3692
1007 140 2.2 -28776 -3556
1020 140 2.2 -28524 -3826
1033 140 2.2 -28740 -3916
1047 140 2.2 -29012 -4330
1060 140 2.2 -28648 -4042
1074 140 2.2 -28828 -3962
1088 140 2.2 -28944 -4258
1102 140 2.2 -28900 -4300
1116 140 2.2 -29036 -3970
1130 140 2.2 -28560 -4172
1145 140 2.2 -29404 -4408
1160 140 2.2 -28760 -3960
1174 140 2.2 -28864 -4278
1190 140 2.2 -29776 -4654
1205 140 2.2 -29592 -4684
1220 140 2.2 -28856 -4230
1236 140 2.2 -28960 -4134
1252 140 2.2 -28800 -4436
1268 140 2.2 -28568 -4014
1285 140 2.2 -29040 -4728
1301 140 2.2 -29424 -5028
1318 140 2.2 -29456 -5230
1335 140 2.2 -29588 -5072
1352 140 2.2 -29136 -5090
1370 140 2.2 -29176 -5504
1387 140 2.2 -29104 -5726
1405 140 2.2 -29340 -5486
1423 140 2.2 -29276 -5244
1442 140 2.2 -29380 -5448
1460 140 2.2 -29372 -4842
1479 140 2.2 -29556 -4584
1498 140 2.2 -29656 -4486
1517 140 2.2 -29404 -4878
1537 140 2.2 -29380 -4542
1557 140 2.2 -29212 -4096
1577 140 2.2 -29124 -4044
1597 140 2.2 -29856 -4474
1618 140 2.2 -29520 -4640
1639 140 2.2 -29464 -4672
1660 140 2.2 -29312 -4590
1681 140 2.2 -29344 -4766
1703 140 2.2 -29484 -5180
1725 140 2.2 -29044 -5296
1747 140 2.2 -29556 -6052
1770 140 2.2 -29072 -5776
1792 140 2.2 -29560 -5552
1816 140 2.2 -29472 -5598
1839 140 2.2 -29808 -6430
1863 140 2.2 -29428 -6560
1887 140 2.2 -29292 -6550
1911 140 2.2 -29112 -6574
1936 140 2.2 -29096 -6758
1961 140 2.2 -29168 -6576
1986 140 2.2 -29436 -6722
2012 140 2.2 -29956 -7022
2037 140 2.2 -28920 -6694
2064 140 2.2 -30164 -7240
2090 140 2.2 -29016 -6994
2117 140 2.2 -29260 -7586
2145 140 2.2 -29504 -7982
2172 140 2.2 -29656 -7474
2200 140 2.2 -29168 -6982
2229 140 2.2 -29092 -7098
2257 140 2.2 -29216 -6874
2286 140 2.2 -29128 -6844
2316 140 2.2 -29340 -6478
2346 140 2.2 -29156 -6710
2376 140 2.2 -29812 -6576
2407 140 2.2 -29180 -6296
2438 140 2.2 -29680 -6392
2469 140 2.2 -29680 -7468
2501 140 2.2 -29368 -7376
2533 140 2.2 -30020 -7376
2566 140 2.2 -29724 -6948
2599 140 2.2 -29092 -6984
2633 140 2.2 -29424 -6830
2667 140 2.2 -28568 -6464
2701 140 2.2 -29484 -7444
2736 140 2.2 -29184 -7626
2771 140 2.2 -29692 -7442
2807 140 2.2 -29300 -7534
2843 140 2.2 -29576 -7166
2880 140 2.2 -28900 -6492
2917 140 2.2 -29236 -6490
2954 140 2.2 -28796 -6098
2992 140 2.2 -29476 -6004
3031 140 2.2 -28504 -5806
3070 140 2.2 -28512 -6598
3110 140 2.2 -29068 -6250
3150 140 2.2 -28992 -7306
3190 140 2.2 -28832 -7940
3232 140 2.2 -29440 -9480
3273 140 2.2 -29204 -9930
3315 140 2.2 -30384 -10188
3358 140 2.2 -29608 -9776
3402 140 2.2 -29240 -9802
3445 140 2.2 -29652 -10582
3490 140 2.2 -29316 -11064
3535 140 2.2 -28960 -11074
3580 140 2.2 -29464 -11642
3627 140 2.2 -29436 -11314
3673 140 2.2 -29116 -10332
3721 140 2.2 -29564 -10928
3769 140 2.2 -30156 -11142
3817 140 2.2 -30016 -11060
3867 140 2.2 -29944 -10824
3916 140 2.2 -29684 -10430
3967 140 2.2 -29588 -10668
4018 140 2.2 -29740 -10590
4070 140 2.2 -29764 -11306
4122 140 2.2 -29392 -11104
4176 140 2.2 -29728 -12284
4229 140 2.2 -30112 -12438
4284 140 2.2 -29656 -12108
4339 140 2.2 -29928 -12442
4395 140 2.2 -29732 -12664
4452 140 2.2 -29504 -13230
4509 140 2.2 -29948 -13346
4567 140 2.2 -30284 -13814
4626 140 2.2 -29756 -13752
4686 140 2.2 -29968 -14182
4746 140 2.2 -29840 -14088
4808 140 2.2 -29924 -14620
4870 140 2.2 -29752 -14800
4932 140 2.2 -29960 -14778
4996 140 2.2 -30144 -15008
5060 140 2.2 -29864 -14932
5126 140 2.2 -30228 -15072
5192 140 2.2 -29896 -14660
5259 140 2.2 -30036 -14936
5327 140 2.2 -29488 -14902
5395 140 2.2 -29864 -15048
5465 140 2.2 -30260 -15202
5535 140 2.2 -30540 -15742
5607 140 2.2 -30932 -16082
5679 140 2.2 -30144 -15002
5752 140 2.2 -30444 -15296
5826 140 2.2 -30100 -15260
5902 140 2.2 -30040 -15198
5978 140 2.2 -29876 -14832
6055 140 2.2 -30352 -14624
6133 140 2.2 -29956 -14396
6212 140 2.2 -30248 -14588
6292 140 2.2 -30356 -14612
6373 140 2.2 -29544 -13566
6455 140 2.2 -29896 -14422
6539 140 2.2 -30640 -15306
6623 140 2.2 -30216 -14864
6708 140 2.2 -30780 -15608
6795 140 2.2 -30688 -15568
6883 140 2.2 -30208 -14934
6971 140 2.2 -30348 -15314
7061 140 2.2 -30164 -15626
7152 140 2.2 -30136 -15404
7245 140 2.2 -30948 -16118
7338 140 2.2 -30732 -15850
7433 140 2.2 -30236 -15484
7529 140 2.2 -30168 -15460
7626 140 2.2 -29876 -15334
7724 140 2.2 -29876 -15308
7824 140 2.2 -30776 -15564
7925 140 2.2 -30464 -15666
8027 140 2.2 -30448 -15188
8130 140 2.2 -30080 -15082
8235 140 2.2 -30356 -15276
8341 140 2.2 -30420 -15448
8449 140 2.2 -30104 -14978
8558 140 2.2 -30496 -15214
8668 140 2.2 -30164 -15264
8780 140 2.2 -30024 -15366
8893 140 2.2 -30116 -15356
9008 140 2.2 -30504 -15518
9124 140 2.2 -31108 -16344
9242 140 2.2 -30972 -15906
9361 140 2.2 -30296 -15138
9482 140 2.2 -30496 -15928
9604 140 2.2 -30148 -15396
9728 140 2.2 -30868 -16022
9853 140 2.2 -30204 -15382
9980 140 2.2 -30372 -15446
10109 140 2.2 -30580 -15686
10240 140 2.2 -30392 -15650
10372 140 2.2 -30844 -16094
10505 140 2.2 -30580 -15734
10641 140 2.2 -30236 -15790
10778 140 2.2 -29876 -14692
10917 140 2.2 -30520 -15620
11058 140 2.2 -30468 -15660
11201 140 2.2 -30236 -15448
11345 140 2.2 -29552 -15120
11491 140 2.2 -30740 -15562
11640 140 2.2 -30304 -15270
11790 140 2.2 -29964 -14732
11942 140 2.2 -30608 -15466
12096 140 2.2 -30208 -15038
12252 140 2.2 -30104 -15238
12410 140 2.2 -30200 -15084
12570 140 2.2 -30900 -15982
12732 140 2.2 -30252 -15370
12896 140 2.2 -30244 -15332
13062 140 2.2 -30512 -15446
13231 140 2.2 -30080 -15154
13402 140 2.2 -30224 -15136
13574 140 2.2 -30496 -15022
13750 140 2.2 -30192 -14736
13927 140 2.2 -29944 -14548
14106 140 2.2 -30616 -15248
14288 140 2.2 -30108 -15690
14473 140 2.2 -30080 -15080
14659 140 2.2 -30488 -15394
14848 140 2.2 -30396 -15548
15040 140 2.2 -30144 -15296
15234 140 2.2 -29948 -15332
15430 140 2.2 -30304 -15556
15629 140 2.2 -30316 -15770
15831 140 2.2 -30424 -14680
16035 140 2.2 -30648 -16120
16242 140 2.2 -30788 -15816
16451 140 2.2 -30112 -15132
16664 140 2.2 -31212 -16196
16879 140 2.2 -29412 -14224
17096 140 2.2 -29544 -13976
17317 140 2.2 -30036 -14832
17540 140 2.2 -30072 -15128
17766 140 2.2 -30512 -15752
17995 140 2.2 -30592 -15782
18228 140 2.2 -30864 -16090
18463 140 2.2 -30468 -15582
18701 140 2.2 -30372 -15864
18942 140 2.2 -30536 -15738
19186 140 2.2 -31272 -16320
19434 140 2.2 -30404 -15710
19684 140 2.2 -30744 -15826
19938 140 2.2 -30236 -14948
20195 140 2.2 -29788 -13750
20456 140 2.2 -30156 -14962
20720 140 2.2 -30048 -15400
20987 140 2.2 -30672 -15694
21258 140 2.2 -30804 -15882
21532 140 2.2 -30140 -15274
21810 140 2.2 -30484 -15146
22091 140 2.2 -30600 -15750
22376 140 2.2 -30392 -15846
22664 140 2.2 -30248 -15402
22957 140 2.2 -29940 -15238
23253 140 2.2 -30660 -15648
23553 140 2.2 -30144 -15286
23856 140 2.2 -30040 -14702
24164 140 2.2 -29964 -15232
24476 140 2.2 -29780 -14996
24791 140 2.2 -29876 -15232
25111 140 2.2 -30380 -15502
25435 140 2.2 -30336 -15548
25763 140 2.2 -30092 -15662
26095 140 2.2 -30176 -15418
26432 140 2.2 -30296 -15346
26773 140 2.2 -30016 -15476
27118 140 2.2 -30688 -15632
27468 140 2.2 -30132 -15470
27822 140 2.2 -29596 -14788
28181 140 2.2 -29516 -15224
28545 140 2.2 -30716 -15430
28913 140 2.2 -29960 -14398
29286 140 2.2 -30444 -15358
29663 140 2.2 -30496 -15668
30046 140 2.2 -30252 -15348
30434 140 2.2 -30452 -15788
30826 140 2.2 -30084 -15342
31224 140 2.2 -29960 -14714
31626 140 2.2 -30624 -15896
32034 140 2.2 -30636 -15424
32447 140 2.2 -30508 -15476
32866 140 2.2 -29856 -14192
33290 140 2.2 -30596 -15556
33719 140 2.2 -29992 -15322
34154 140 2.2 -30620 -15864
34595 140 2.2 -30460 -16032
35041 140 2.2 -30296 -15198
35493 140 2.2 -29916 -15042
35951 140 2.2 -30224 -15196
36414 140 2.2 -30112 -15002
36884 140 2.2 -30340 -15796
37360 140 2.2 -30080 -15438
37841 140 2.2 -30252 -15304
38330 140 2.2 -30824 -15940
38824 140 2.2 -30744 -15224
39325 140 2.2 -30396 -14522
39832 140 2.2 -29996 -14912
40346 140 2.2 -30564 -15412
40866 140 2.2 -30164 -15408
41393 140 2.2 -30672 -15424
41927 140 2.2 -30576 -15606
42468 140 2.2 -31060 -16104
43015 140 2.2 -29244 -13274
43570 140 2.2 -30684 -15800
44132 140 2.2 -30068 -14998
44701 140 2.2 -30780 -16094
45278 140 2.2 -30164 -15314
45862 140 2.2 -30360 -15758
46453 140 2.2 -30876 -16122
47053 140 2.2 -30456 -15572
47660 140 2.2 -30184 -15498
48274 140 2.2 -30208 -15326
48897 140 2.2 -30876 -15306
49528 140 2.2 -30204 -14984
50166 140 2.2 -29788 -14872
50813 140 2.2 -30268 -15484
51469 140 2.2 -30140 -15412
52133 140 2.2 -30356 -15392
52805 140 2.2 -31028 -16114
53486 140 2.2 -31072 -16178
54176 140 2.2 -30032 -14646
54875 140 2.2 -29540 -14872
55582 140 2.2 -30064 -15214
56299 140 2.2 -30580 -15492
57025 140 2.2 -30236 -15254
57761 140 2.2 -29684 -15194
58506 140 2.2 -30568 -15832
59261 140 2.2 -29684 -14974
60025 140 2.2 -30572 -15652
60799 140 2.2 -29904 -15022
61583 140 2.2 -29740 -15056
62378 140 2.2 -30832 -15746
63182 140 2.2 -30172 -15390
63997 140 2.2 -29656 -14758
64822 140 2.2 -30544 -15792
65658 140 2.2 -30364 -15286
66505 140 2.2 -30316 -15528
67363 140 2.2 -30292 -15392
68232 140 2.2 -30268 -15694
69112 140 2.2 -30704 -15970
70003 140 2.2 -30596 -15858
70906 140 2.2 -30204 -15470
71821 140 2.2 -29968 -15216
72747 140 2.2 -30516 -15768
73685 140 2.2 -29744 -15162
74636 140 2.2 -30592 -15810
75599 140 2.2 -30924 -15980
76574 140 2.2 -30020 -15304
77561 140 2.2 -29636 -14618
78562 140 2.2 -30332 -15670
79575 140 2.2 -30176 -15106
80601 140 2.2 -30876 -16156
81641 140 2.2 -30008 -14768
82694 140 2.2 -30240 -15816
83760 140 2.2 -30392 -15444
84841 140 2.2 -29976 -14964
85935 140 2.2 -30004 -15342
87043 140 2.2 -30520 -15570
88166 140 2.2 -30636 -15922
89303 140 2.2 -29512 -14156
90455 140 2.2 -30344 -15080
91622 140 2.2 -30488 -15792
92803 140 2.2 -30288 -15260
94000 140 2.2 -30908 -16040
95213 140 2.2 -30224 -15476
96441 140 2.2 -30052 -14904
97685 140 2.2 -30076 -15264
98945 140 2.2 -30240 -14688
100221 140 2.2 -30288 -15386
101513 140 2.2 -30664 -14938
102823 140 2.2 -30208 -15292
104149 140 2.2 -29748 -14556
105492 140 2.2 -29784 -14698
106853 140 2.2 -30136 -15208
108231 140 2.2 -30204 -14882
109627 140 2.2 -30088 -15364
111041 140 2.2 -30596 -15690
112473 140 2.2 -30328 -15464
113924 140 2.2 -30424 -15630
115393 140 2.2 -30280 -15604
116882 140 2.2 -30328 -15348
118389 140 2.2 -30664 -15738
119916 140 2.2 -30328 -15522
121463 140 2.2 -30576 -15748
123029 140 2.2 -30728 -15720
124616 140 2.2 -30548 -15642
126224 140 2.2 -30184 -15264
127852 140 2.2 -29996 -15184
129501 140 2.2 -29952 -15152
131171 140 2.2 -30740 -15852
132863 140 2.2 -30168 -14358
134576 140 2.2 -29908 -14858
136312 140 2.2 -30756 -15626
138070 140 2.2 -30440 -15094
139851 140 2.2 -30728 -16140
141655 140 2.2 -30912 -16152
143482 140 2.2 -30088 -14972
145333 140 2.2 -29844 -14590
147207 140 2.2 -30176 -15526
149106 140 2.2 -30744 -16100
151029 140 2.2 -29944 -15006
152977 140 2.2 -30292 -15488
154950 140 2.2 -30180 -15280
156948 140 2.2 -30492 -15562
158973 140 2.2 -30644 -15554
161023 140 2.2 -30488 -14720
163100 140 2.2 -29456 -14688
165204 140 2.2 -30072 -15586
167334 140 2.2 -30284 -15116
169493 140 2.2 -30744 -15670
171679 140 2.2 -30932 -15898
173893 140 2.2 -30560 -15680
176136 140 2.2 -30080 -15310
178408 140 2.2 -30236 -15490
180709 140 2.2 -29740 -14532
183040 140 2.2 -29652 -13498
185400 140 2.2 -29920 -14702
187792 140 2.2 -30400 -15218
190214 140 2.2 -29944 -15194
192667 140 2.2 -30020 -15080
195152 140 2.2 -30616 -15826
197669 140 2.2 -29896 -14952
200219 140 2.2 -31212 -16240
202801 140 2.2 -30892 -15612
205417 140 2.2 -30352 -15780
208066 140 2.2 -30740 -15682
210750 140 2.2 -31128 -16050
213468 140 2.2 -30592 -15888
216222 140 2.2 -30740 -15860
219010 140 2.2 -30404 -15584
221835 140 2.2 -30652 -15752
224696 140 2.2 -30708 -15836
227595 140 2.2 -30852 -15956
230530 140 2.2 -30128 -15272
233503 140 2.2 -31040 -15940
236515 140 2.2 -29688 -14672
239566 140 2.2 -30356 -15308
242656 140 2.2 -30764 -15792
245785 140 2.2 -30280 -15482
248956 140 2.2 -30280 -15338
252167 140 2.2 -29780 -15046
255419 140 2.2 -30560 -15744
258713 140 2.2 -30308 -15474
262050 140 2.2 -30264 -15564
265430 140 2.2 -30516 -15530
268854 140 2.2 -29916 -15102
272321 140 2.2 -30200 -15374
275834 140 2.2 -29356 -14330
279391 140 2.2 -29884 -14820
282995 140 2.2 -29904 -14710
286645 140 2.2 -30392 -15254
290342 140 2.2 -30228 -14936
294087 140 2.2 -29936 -15164
297880 140 2.2 -29804 -15058
301722 140 2.2 -30000 -15234
305614 140 2.2 -29968 -15476
309556 140 2.2 -30460 -15922
313548 140 2.2 -30356 -15830
317592 140 2.2 -30500 -15884
321689 140 2.2 -30268 -15122
325838 140 2.2 -30704 -16062
330040 140 2.2 -30440 -15730
334297 140 2.2 -30108 -15104
338609 140 2.2 -30388 -15386
342976 140 2.2 -30620 -15656
347400 140 2.2 -30212 -15510
351881 140 2.2 -30324 -15238
356419 140 2.2 -30480 -15684
361016 140 2.2 -30872 -15850
365673 140 2.2 -30636 -15820
370389 140 2.2 -30744 -15802
375167 140 2.2 -30424 -15826
380005 140 2.2 -30816 -15442
384907 140 2.2 -30752 -15908
389871 140 2.2 -30712 -16092
394900 140 2.2 -30312 -15592
399993 140 2.2 -30812 -15856
405152 140 2.2 -30380 -14912
410378 140 2.2 -29720 -15280
415671 140 2.2 -30160 -15368
421032 140 2.2 -30448 -15864
426463 140 2.2 -30504 -15866
431963 140 2.2 -30724 -15988
437535 140 2.2 -30168 -15598
443178 140 2.2 -30604 -15986
448894 140 2.2 -31096 -16138
454684 140 2.2 -29664 -15108
460548 140 2.2 -29904 -15078
466489 140 2.2 -30260 -15000
472505 140 2.2 -30720 -15812
478600 140 2.2 -29664 -14840
484773 140 2.2 -30560 -15010
491025 140 2.2 -30200 -14480
497358 140 2.2 -30516 -15522
503773 140 2.2 -29788 -13812
510271 140 2.2 -30336 -15498
516852 140 2.2 -30164 -15658
523519 140 2.2 -30784 -15784
530271 140 2.2 -29744 -14862
537111 140 2.2 -30472 -15242
544038 140 2.2 -30516 -15234
551055 140 2.2 -30400 -15636
558163 140 2.2 -30156 -15556
565362 140 2.2 -29928 -15096
572654 140 2.2 -30112 -14996
580040 140 2.2 -30212 -15016
587521 140 2.2 -30672 -15514
595099 140 2.2 -30632 -15784
602775 140 2.2 -30080 -15428
610549 140 2.2 -30316 -15244
618424 140 2.2 -30180 -15354
626400 140 2.2 -30312 -15092
634480 140 2.2 -30256 -14906
642663 140 2.2 -30332 -15116
650952 140 2.2 -30748 -15970
659348 140 2.2 -29764 -14716
667853 140 2.2 -30288 -15342
676467 140 2.2 -30316 -15694
685192 140 2.2 -30392 -15616
694029 140 2.2 -29688 -15132
702981 140 2.2 -30640 -15862
712048 140 2.2 -30496 -15538
721232 140 2.2 -30072 -15418
730534 140 2.2 -30380 -15804
739957 140 2.2 -30840 -15706
749500 140 2.2 -30112 -14988
759168 140 2.2 -30620 -15804
768959 140 2.2 -30664 -15764
778877 140 2.2 -29120 -13950
788923 140 2.2 -30936 -15980
799099 140 2.2 -30568 -15350
809405 140 2.2 -30860 -15322
819845 140 2.2 -29268 -14042
830419 140 2.2 -30264 -15370
841130 140 2.2 -30292 -15512
851979 140 2.2 -30600 -15888
862968 140 2.2 -30364 -15052
874098 140 2.2 -30220 -15612
885373 140 2.2 -30284 -15302
896792 140 2.2 -30152 -15416
908359 140 2.2 -30140 -15218
920075 140 2.2 -30376 -15270
931942 140 2.2 -30712 -15868
943962 140 2.2 -30752 -15724
956137 140 2.2 -30208 -15464
968470 140 2.2 -30196 -15496
980961 140 2.2 -30920 -15972
993613 140 2.2 -29920 -14158
999999 140 2.2 -29716 -14628
