3 140 2 -19992 -1088
4 140 2 -21708 -1200
5 140 2 -22944 -1522
6 140 2 -23288 -1594
7 140 2 -23700 -1776
8 140 2 -24732 -2012
9 140 2 -25052 -2042
10 140 2 -25492 -2220
11 140 2 -25684 -1916
12 140 2 -25896 -1908
13 140 2 -26228 -1938
14 140 2 -26460 -1838
15 140 2 -26568 -1944
16 140 2 -27248 -2100
17 140 2 -27320 -2146
18 140 2 -27496 -2338
19 140 2 -27912 -2668
20 140 2 -27532 -2602
21 140 2 -27744 -2530
22 140 2 -27992 -2672
23 140 2 -28016 -2722
24 140 2 -28176 -2916
25 140 2 -27968 -3078
26 140 2 -27776 -2978
27 140 2 -28192 -2870
28 140 2 -28416 -2702
29 140 2 -28304 -2858
30 140 2 -28144 -2920
31 140 2 -28220 -3118
32 140 2 -28072 -3136
33 140 2 -28264 -3156
34 140 2 -28124 -3386
35 140 2 -28080 -3330
36 140 2 -28468 -3614
37 140 2 -28544 -3746
38 140 2 -28476 -3826
39 140 2 -29104 -3716
40 140 2 -28940 -3572
41 140 2 -29192 -3712
42 140 2 -29072 -3774
43 140 2 -29348 -3634
44 140 2 -29496 -3864
45 140 2 -29444 -3628
46 140 2 -29512 -3716
47 140 2 -29340 -3668
48 140 2 -29428 -3608
49 140 2 -29284 -3370
50 140 2 -29796 -3620
51 140 2 -30032 -3672
52 140 2 -30048 -3588
53 140 2 -29960 -3534
54 140 2 -29860 -3530
55 140 2 -29668 -3698
56 140 2 -29608 -3742
57 140 2 -29928 -3818
58 140 2 -30272 -3902
59 140 2 -30404 -3754
60 140 2 -30256 -3656
61 140 2 -30180 -3608
62 140 2 -30164 -3706
63 140 2 -30324 -3936
64 140 2 -30400 -3870
65 140 2 -30152 -4002
66 140 2 -29992 -4094
67 140 2 -30136 -4296
68 140 2 -30180 -4230
69 140 2 -30052 -4414
70 140 2 -29888 -4560
71 140 2 -30224 -4650
72 140 2 -30100 -4530
73 140 2 -30072 -4620
74 140 2 -30380 -4742
75 140 2 -30276 -4712
76 140 2 -30320 -4832
77 140 2 -30292 -5000
78 140 2 -30276 -5110
79 140 2 -30232 -5014
80 140 2 -29996 -4846
81 140 2 -30408 -4940
82 140 2 -30412 -4944
83 140 2 -30420 -4924
84 140 2 -30440 -5062
85 140 2 -30236 -5006
86 140 2 -30352 -5120
88 140 2 -30520 -5130
89 140 2 -30236 -5102
90 140 2 -30440 -5098
91 140 2 -30600 -5198
92 140 2 -30636 -5308
93 140 2 -30672 -5336
95 140 2 -30476 -5598
96 140 2 -30512 -5648
97 140 2 -30712 -5626
98 140 2 -30652 -5794
99 140 2 -30572 -5814
101 140 2 -30660 -6138
102 140 2 -30748 -6248
103 140 2 -30540 -6034
105 140 2 -30760 -5784
106 140 2 -30960 -5802
107 140 2 -31124 -5850
109 140 2 -31244 -5812
110 140 2 -31428 -6016
112 140 2 -30848 -6154
113 140 2 -31000 -6168
114 140 2 -31144 -6238
116 140 2 -31348 -6390
117 140 2 -30832 -6414
119 140 2 -31088 -6348
120 140 2 -31388 -6426
122 140 2 -31108 -6466
124 140 2 -31240 -6500
125 140 2 -31132 -6536
127 140 2 -31476 -6854
128 140 2 -31176 -6706
130 140 2 -31048 -7012
132 140 2 -31320 -7158
133 140 2 -30928 -7088
135 140 2 -31412 -7428
137 140 2 -31048 -7346
139 140 2 -31620 -7384
140 140 2 -31612 -7462
142 140 2 -31548 -7472
144 140 2 -31720 -7548
146 140 2 -31888 -7794
148 140 2 -31736 -7870
150 140 2 -31572 -7980
152 140 2 -31648 -7956
154 140 2 -31580 -7928
155 140 2 -31580 -7972
157 140 2 -31316 -7854
160 140 2 -31904 -7902
162 140 2 -31636 -8042
164 140 2 -31272 -7970
166 140 2 -31460 -8016
168 140 2 -31640 -8114
170 140 2 -31560 -7942
172 140 2 -31724 -7962
174 140 2 -31784 -8030
177 140 2 -31372 -8040
179 140 2 -31616 -8074
181 140 2 -31580 -8262
184 140 2 -31524 -8336
186 140 2 -31764 -8190
188 140 2 -31732 -8278
191 140 2 -31560 -8414
193 140 2 -31752 -8490
196 140 2 -31996 -8418
198 140 2 -31904 -8534
201 140 2 -31776 -8284
203 140 2 -31912 -8320
206 140 2 -32388 -8436
209 140 2 -31952 -8364
211 140 2 -31960 -8440
214 140 2 -32084 -8550
217 140 2 -31880 -8444
220 140 2 -32292 -8574
222 140 2 -31928 -8512
225 140 2 -32080 -8552
228 140 2 -32296 -8298
231 140 2 -32552 -8392
234 140 2 -32028 -8302
237 140 2 -32148 -8216
240 140 2 -32016 -8294
243 140 2 -32032 -8412
246 140 2 -31948 -8644
250 140 2 -32104 -8832
253 140 2 -32160 -8906
256 140 2 -32284 -9228
259 140 2 -32480 -9454
263 140 2 -32212 -9422
266 140 2 -32484 -9654
269 140 2 -32480 -9512
273 140 2 -32100 -9386
276 140 2 -32296 -9650
280 140 2 -32436 -9708
284 140 2 -32660 -10060
287 140 2 -32700 -10070
291 140 2 -32864 -10442
295 140 2 -33100 -10466
298 140 2 -32564 -10472
302 140 2 -32408 -10694
306 140 2 -32692 -10654
310 140 2 -32580 -10760
314 140 2 -32400 -10742
318 140 2 -32428 -10706
322 140 2 -32804 -10964
326 140 2 -32468 -10820
331 140 2 -32840 -11026
335 140 2 -32724 -11048
339 140 2 -32672 -11312
344 140 2 -32612 -11504
348 140 2 -33308 -11958
352 140 2 -32684 -11730
357 140 2 -33092 -11804
362 140 2 -33248 -11972
366 140 2 -33096 -12022
371 140 2 -32576 -11950
376 140 2 -32888 -12088
381 140 2 -33112 -12176
385 140 2 -33272 -12126
390 140 2 -33028 -12074
395 140 2 -33428 -12208
401 140 2 -33492 -12318
406 140 2 -33556 -12270
411 140 2 -33512 -12490
416 140 2 -32804 -12098
422 140 2 -33064 -12402
427 140 2 -32764 -12154
433 140 2 -32956 -12650
438 140 2 -33012 -12594
444 140 2 -33196 -12482
449 140 2 -32984 -12516
455 140 2 -33120 -12652
461 140 2 -32912 -12386
467 140 2 -33264 -12700
473 140 2 -33028 -12668
479 140 2 -33148 -12790
485 140 2 -33232 -12918
492 140 2 -32948 -12938
498 140 2 -33184 -13292
504 140 2 -33112 -13292
511 140 2 -33244 -13392
517 140 2 -33544 -13454
524 140 2 -32948 -13308
531 140 2 -33240 -13558
538 140 2 -33712 -13952
545 140 2 -33240 -13968
552 140 2 -33308 -14196
559 140 2 -33228 -14230
566 140 2 -33408 -14558
573 140 2 -33244 -14510
581 140 2 -33196 -14574
588 140 2 -33540 -14714
596 140 2 -33596 -14964
603 140 2 -33588 -14914
611 140 2 -33960 -15212
619 140 2 -34020 -15150
627 140 2 -33692 -15156
635 140 2 -33448 -15150
643 140 2 -33528 -14978
652 140 2 -33560 -15038
660 140 2 -32896 -14874
668 140 2 -33784 -14998
677 140 2 -33428 -14992
686 140 2 -33432 -15050
695 140 2 -33804 -14984
704 140 2 -33404 -15006
713 140 2 -33308 -15038
722 140 2 -33400 -15116
731 140 2 -33448 -15476
741 140 2 -33676 -15322
750 140 2 -32892 -15120
760 140 2 -33276 -15312
770 140 2 -33472 -15216
780 140 2 -33220 -15132
790 140 2 -33400 -14946
800 140 2 -33764 -14960
810 140 2 -34092 -15178
821 140 2 -33436 -14856
831 140 2 -34048 -15066
842 140 2 -33320 -14908
853 140 2 -33736 -15028
864 140 2 -33620 -15002
875 140 2 -33688 -15140
886 140 2 -33924 -15282
897 140 2 -33444 -15160
909 140 2 -33660 -15150
921 140 2 -33544 -15296
933 140 2 -33492 -15450
945 140 2 -33036 -15388
957 140 2 -33628 -15588
969 140 2 -33144 -15668
982 140 2 -33688 -15986
994 140 2 -33496 -16190
1007 140 2 -33776 -16242
1020 140 2 -33780 -16208
1033 140 2 -34088 -16344
1047 140 2 -34068 -16496
1060 140 2 -34452 -16534
1074 140 2 -33648 -16432
1088 140 2 -33812 -16424
1102 140 2 -33688 -16548
1116 140 2 -34468 -16754
1130 140 2 -34128 -16626
1145 140 2 -33424 -16514
1160 140 2 -33524 -16698
1174 140 2 -34048 -17112
1190 140 2 -34276 -17384
1205 140 2 -34152 -17416
1220 140 2 -34012 -17300
1236 140 2 -33968 -17264
1252 140 2 -34012 -17374
1268 140 2 -33936 -17390
1285 140 2 -34240 -17630
1301 140 2 -34248 -17566
1318 140 2 -33716 -17464
1335 140 2 -33512 -17400
1352 140 2 -34104 -17746
1370 140 2 -33888 -17632
1387 140 2 -34072 -17740
1405 140 2 -33840 -17672
1423 140 2 -33908 -17630
1442 140 2 -34160 -17906
1460 140 2 -34292 -17934
1479 140 2 -34312 -17942
1498 140 2 -34764 -18170
1517 140 2 -34156 -17848
1537 140 2 -34136 -17806
1557 140 2 -33980 -17774
1577 140 2 -33876 -17752
1597 140 2 -34272 -17960
1618 140 2 -34512 -17968
1639 140 2 -34260 -17898
1660 140 2 -34224 -17878
1681 140 2 -34576 -18108
1703 140 2 -34192 -17902
1725 140 2 -34120 -17824
1747 140 2 -33836 -17748
1770 140 2 -33992 -17782
1792 140 2 -34244 -17850
1816 140 2 -34144 -17918
1839 140 2 -34208 -17900
1863 140 2 -34276 -17888
1887 140 2 -34228 -17886
1911 140 2 -34440 -17972
1936 140 2 -33920 -17786
1961 140 2 -34660 -18058
1986 140 2 -34112 -17774
2012 140 2 -33752 -17722
2037 140 2 -34436 -17906
2064 140 2 -34372 -17914
2090 140 2 -33816 -17704
2117 140 2 -34408 -18032
2145 140 2 -33860 -17744
2172 140 2 -34268 -17976
2200 140 2 -34196 -17946
2229 140 2 -34108 -17854
2257 140 2 -34172 -17892
2286 140 2 -34528 -18024
2316 140 2 -34708 -18114
2346 140 2 -34000 -17788
2376 140 2 -34500 -18042
2407 140 2 -34272 -17936
2438 140 2 -34500 -18002
2469 140 2 -34264 -17998
2501 140 2 -34488 -18046
2533 140 2 -33972 -17788
2566 140 2 -34304 -17916
2599 140 2 -34368 -17958
2633 140 2 -34172 -17834
2667 140 2 -34216 -17816
2701 140 2 -34096 -17830
2736 140 2 -34392 -17970
2771 140 2 -33988 -17742
2807 140 2 -34144 -17866
2843 140 2 -34344 -17964
2880 140 2 -33908 -17768
2917 140 2 -34024 -17846
2954 140 2 -34296 -18022
2992 140 2 -34232 -17922
3031 140 2 -34460 -18048
3070 140 2 -34240 -17910
3110 140 2 -34560 -17976
3150 140 2 -34184 -17826
3190 140 2 -33712 -17496
3232 140 2 -34148 -17876
3273 140 2 -34644 -18122
3315 140 2 -34396 -17938
3358 140 2 -34096 -17916
3402 140 2 -34292 -17954
3445 140 2 -34200 -17838
3490 140 2 -33828 -17724
3535 140 2 -34392 -17940
3580 140 2 -34036 -17738
3627 140 2 -34464 -17982
3673 140 2 -34288 -17786
3721 140 2 -34216 -17854
3769 140 2 -34424 -17986
3817 140 2 -34412 -17974
3867 140 2 -34152 -17656
3916 140 2 -34396 -18016
3967 140 2 -34284 -17988
4018 140 2 -34368 -18032
4070 140 2 -34616 -18062
4122 140 2 -34084 -17808
4176 140 2 -34320 -17886
4229 140 2 -34356 -17854
4284 140 2 -34280 -17814
4339 140 2 -34340 -17872
4395 140 2 -34008 -17820
4452 140 2 -34336 -17986
4509 140 2 -34436 -17950
4567 140 2 -34536 -17930
4626 140 2 -33736 -17584
4686 140 2 -34204 -17786
4746 140 2 -34816 -18156
4808 140 2 -33792 -17712
4870 140 2 -34244 -17842
4932 140 2 -33976 -17782
4996 140 2 -34504 -18018
5060 140 2 -33928 -17678
5126 140 2 -33824 -17642
5192 140 2 -34184 -17964
5259 140 2 -34048 -17774
5327 140 2 -34256 -17908
5395 140 2 -34192 -17816
5465 140 2 -34140 -17752
5535 140 2 -33888 -17736
5607 140 2 -34264 -17882
5679 140 2 -34200 -17928
5752 140 2 -34220 -17876
5826 140 2 -34316 -17940
5902 140 2 -34356 -18016
5978 140 2 -34172 -17888
6055 140 2 -34096 -17774
6133 140 2 -33556 -17588
6212 140 2 -34092 -17832
6292 140 2 -34384 -17962
6373 140 2 -34100 -17812
6455 140 2 -34204 -17854
6539 140 2 -34644 -18062
6623 140 2 -33708 -17654
6708 140 2 -33880 -17716
6795 140 2 -34376 -17984
6883 140 2 -33976 -17776
6971 140 2 -33988 -17790
7061 140 2 -33876 -17716
7152 140 2 -34312 -17884
7245 140 2 -34052 -17842
7338 140 2 -34240 -17946
7433 140 2 -34076 -17878
7529 140 2 -33788 -17614
7626 140 2 -34452 -17976
7724 140 2 -33904 -17722
7824 140 2 -33868 -17660
7925 140 2 -34784 -18102
8027 140 2 -33784 -17672
8130 140 2 -34252 -17858
8235 140 2 -34372 -17920
8341 140 2 -34188 -17878
8449 140 2 -34288 -17908
8558 140 2 -33908 -17832
8668 140 2 -34200 -17918
8780 140 2 -34636 -18048
8893 140 2 -34180 -17882
9008 140 2 -33996 -17782
9124 140 2 -33880 -17756
9242 140 2 -34332 -17924
9361 140 2 -34348 -17926
9482 140 2 -34172 -17864
9604 140 2 -34028 -17804
9728 140 2 -34144 -17902
9853 140 2 -33780 -17662
9980 140 2 -34524 -18020
10109 140 2 -34412 -17990
10240 140 2 -34340 -17880
10372 140 2 -34296 -17922
10505 140 2 -34204 -17884
10641 140 2 -34552 -18046
10778 140 2 -34460 -17934
10917 140 2 -34540 -18038
11058 140 2 -34444 -18022
11201 140 2 -34260 -17902
11345 140 2 -34376 -17852
11491 140 2 -34060 -17882
11640 140 2 -34512 -17958
11790 140 2 -33876 -17640
11942 140 2 -34304 -17806
12096 140 2 -33812 -17628
12252 140 2 -34016 -17692
12410 140 2 -34364 -17928
12570 140 2 -34304 -17928
12732 140 2 -34084 -17834
12896 140 2 -33928 -17756
13062 140 2 -34292 -18004
13231 140 2 -34364 -17980
13402 140 2 -34600 -18086
13574 140 2 -34592 -18074
13750 140 2 -34416 -17952
13927 140 2 -33768 -17642
14106 140 2 -34408 -17942
14288 140 2 -34240 -17812
14473 140 2 -34072 -17792
14659 140 2 -34052 -17822
14848 140 2 -33840 -17532
15040 140 2 -34248 -17834
15234 140 2 -34492 -18048
15430 140 2 -33964 -17720
15629 140 2 -34548 -17982
15831 140 2 -34476 -18046
16035 140 2 -34092 -17846
16242 140 2 -34332 -17858
16451 140 2 -34560 -18002
16664 140 2 -34868 -18144
16879 140 2 -33824 -17596
17096 140 2 -33936 -17716
17317 140 2 -34388 -17904
17540 140 2 -34372 -17912
17766 140 2 -34188 -17852
17995 140 2 -34420 -17974
18228 140 2 -34592 -18050
18463 140 2 -34200 -17656
18701 140 2 -34248 -17932
18942 140 2 -34092 -17772
19186 140 2 -34372 -17952
19434 140 2 -34404 -18002
19684 140 2 -34228 -17842
19938 140 2 -34112 -17822
20195 140 2 -34224 -17924
20456 140 2 -33648 -17516
20720 140 2 -34584 -18054
20987 140 2 -33924 -17768
21258 140 2 -34232 -17804
21532 140 2 -33900 -17780
21810 140 2 -34184 -17834
22091 140 2 -34172 -17832
22376 140 2 -34080 -17762
22664 140 2 -33876 -17696
22957 140 2 -34476 -17920
23253 140 2 -33684 -17572
23553 140 2 -34128 -17832
23856 140 2 -33848 -17678
24164 140 2 -34352 -17978
24476 140 2 -34724 -18168
24791 140 2 -34280 -17774
25111 140 2 -34072 -17850
25435 140 2 -33952 -17702
25763 140 2 -33852 -17760
26095 140 2 -34012 -17764
26432 140 2 -34316 -17938
26773 140 2 -33936 -17796
27118 140 2 -34248 -17944
27468 140 2 -33528 -17508
27822 140 2 -34352 -17946
28181 140 2 -34332 -17918
28545 140 2 -34136 -17798
28913 140 2 -34160 -17902
29286 140 2 -34312 -17992
29663 140 2 -34568 -18038
30046 140 2 -34068 -17706
30434 140 2 -34204 -17872
30826 140 2 -34388 -18002
31224 140 2 -34088 -17772
31626 140 2 -33980 -17708
32034 140 2 -34008 -17868
32447 140 2 -34368 -17954
32866 140 2 -34240 -17870
33290 140 2 -34056 -17816
33719 140 2 -34396 -17976
34154 140 2 -33980 -17808
34595 140 2 -34128 -17884
35041 140 2 -34020 -17678
35493 140 2 -34592 -18000
35951 140 2 -33880 -17674
36414 140 2 -34212 -17826
36884 140 2 -34280 -17936
37360 140 2 -34264 -17834
37841 140 2 -33752 -17732
38330 140 2 -33856 -17758
38824 140 2 -34356 -17938
39325 140 2 -34064 -17628
39832 140 2 -34208 -17946
40346 140 2 -34032 -17812
40866 140 2 -34188 -17814
41393 140 2 -33768 -17710
41927 140 2 -33920 -17712
42468 140 2 -34204 -17894
43015 140 2 -33960 -17840
43570 140 2 -34584 -18006
44132 140 2 -33872 -17712
44701 140 2 -34260 -17910
45278 140 2 -34452 -17826
45862 140 2 -34596 -18042
46453 140 2 -34116 -17846
47053 140 2 -34112 -17802
47660 140 2 -33968 -17776
48274 140 2 -34208 -17732
48897 140 2 -34244 -17940
49528 140 2 -33676 -17600
50166 140 2 -34292 -17914
50813 140 2 -33992 -17766
51469 140 2 -34712 -18136
52133 140 2 -34212 -17836
52805 140 2 -34128 -17860
53486 140 2 -34428 -18002
54176 140 2 -34000 -17636
54875 140 2 -33684 -17650
55582 140 2 -33768 -17672
56299 140 2 -34652 -18072
57025 140 2 -33760 -17596
57761 140 2 -33808 -17628
58506 140 2 -34336 -17926
59261 140 2 -33612 -17540
60025 140 2 -34336 -17942
60799 140 2 -34236 -17846
61583 140 2 -34632 -18006
62378 140 2 -34100 -17814
63182 140 2 -34004 -17796
63997 140 2 -34476 -17974
64822 140 2 -34104 -17776
65658 140 2 -34352 -17924
66505 140 2 -34340 -17988
67363 140 2 -34284 -17954
68232 140 2 -34376 -17970
69112 140 2 -34144 -17808
70003 140 2 -33752 -17710
70906 140 2 -33896 -17666
71821 140 2 -33652 -17564
72747 140 2 -34180 -17976
73685 140 2 -33800 -17682
74636 140 2 -34068 -17884
75599 140 2 -34256 -17932
76574 140 2 -34208 -17888
77561 140 2 -34284 -17852
78562 140 2 -34692 -18124
79575 140 2 -34044 -17902
80601 140 2 -34644 -18062
81641 140 2 -34116 -17834
82694 140 2 -34036 -17866
83760 140 2 -34332 -17872
84841 140 2 -33924 -17760
85935 140 2 -34200 -17788
87043 140 2 -34476 -17984
88166 140 2 -34016 -17858
89303 140 2 -34348 -17940
90455 140 2 -34456 -17982
91622 140 2 -34220 -17900
92803 140 2 -34096 -17826
94000 140 2 -34232 -17850
95213 140 2 -34240 -17948
96441 140 2 -34320 -17936
97685 140 2 -34120 -17876
98945 140 2 -34352 -17912
100221 140 2 -34024 -17844
101513 140 2 -34392 -17944
102823 140 2 -34420 -17982
104149 140 2 -33884 -17734
105492 140 2 -34460 -17958
106853 140 2 -34328 -17976
108231 140 2 -34764 -18072
109627 140 2 -34424 -17978
111041 140 2 -33936 -17750
112473 140 2 -34136 -17830
113924 140 2 -34368 -17956
115393 140 2 -34432 -17974
116882 140 2 -34296 -17942
118389 140 2 -33964 -17778
119916 140 2 -34032 -17778
121463 140 2 -34252 -17786
123029 140 2 -34128 -17814
124616 140 2 -33988 -17840
126224 140 2 -34340 -17880
127852 140 2 -34000 -17798
129501 140 2 -33900 -17754
131171 140 2 -34072 -17700
132863 140 2 -34124 -17810
134576 140 2 -34336 -17860
136312 140 2 -34276 -17860
138070 140 2 -33944 -17738
139851 140 2 -34024 -17878
141655 140 2 -34148 -17794
143482 140 2 -33828 -17772
145333 140 2 -34420 -17906
147207 140 2 -34252 -17798
149106 140 2 -34180 -17876
151029 140 2 -34104 -17858
152977 140 2 -33960 -17790
154950 140 2 -34436 -17980
156948 140 2 -34264 -17922
158973 140 2 -34200 -17828
161023 140 2 -34160 -17786
163100 140 2 -34508 -18018
165204 140 2 -34320 -17908
167334 140 2 -34356 -17998
169493 140 2 -34344 -17974
171679 140 2 -34352 -17924
173893 140 2 -34368 -18026
176136 140 2 -34208 -17836
178408 140 2 -34136 -17862
180709 140 2 -33624 -17616
183040 140 2 -34432 -17910
185400 140 2 -33924 -17818
187792 140 2 -34112 -17826
190214 140 2 -34228 -17878
192667 140 2 -33892 -17596
195152 140 2 -34340 -18030
197669 140 2 -34372 -17956
200219 140 2 -34144 -17848
202801 140 2 -34112 -17890
205417 140 2 -34456 -17910
208066 140 2 -34268 -17914
210750 140 2 -33868 -17702
213468 140 2 -34324 -17998
216222 140 2 -34000 -17804
219010 140 2 -34324 -17952
221835 140 2 -34416 -18034
224696 140 2 -34372 -17930
227595 140 2 -34124 -17732
230530 140 2 -34188 -17900
233503 140 2 -34092 -17852
236515 140 2 -34556 -18024
239566 140 2 -34216 -17926
242656 140 2 -34484 -17956
245785 140 2 -34152 -17818
248956 140 2 -34240 -17924
252167 140 2 -33612 -17670
255419 140 2 -34364 -17954
258713 140 2 -34320 -17888
262050 140 2 -34564 -17968
265430 140 2 -34200 -17864
268854 140 2 -33984 -17738
272321 140 2 -33912 -17760
275834 140 2 -34388 -17936
279391 140 2 -34328 -17916
282995 140 2 -33952 -17708
286645 140 2 -34200 -17916
290342 140 2 -34584 -18052
294087 140 2 -34304 -17878
297880 140 2 -33992 -17704
301722 140 2 -34536 -18000
305614 140 2 -34320 -17916
309556 140 2 -34000 -17746
313548 140 2 -34052 -17808
317592 140 2 -33788 -17658
321689 140 2 -34332 -17976
325838 140 2 -34424 -17986
330040 140 2 -34188 -17846
334297 140 2 -33576 -17470
338609 140 2 -34516 -17988
342976 140 2 -34412 -18034
347400 140 2 -34212 -17874
351881 140 2 -34272 -17980
356419 140 2 -34092 -17840
361016 140 2 -33756 -17580
365673 140 2 -34160 -17836
370389 140 2 -34116 -17846
375167 140 2 -34240 -17878
380005 140 2 -34152 -17840
384907 140 2 -34016 -17788
389871 140 2 -34140 -17870
394900 140 2 -33996 -17628
399993 140 2 -33604 -17480
405152 140 2 -33888 -17690
410378 140 2 -34320 -17886
415671 140 2 -34060 -17856
421032 140 2 -34060 -17872
426463 140 2 -33956 -17768
431963 140 2 -34572 -18006
437535 140 2 -34376 -17964
443178 140 2 -34212 -17850
448894 140 2 -33860 -17764
454684 140 2 -34260 -18004
460548 140 2 -34024 -17836
466489 140 2 -34224 -17880
472505 140 2 -34268 -17870
478600 140 2 -34476 -18030
484773 140 2 -34028 -17810
491025 140 2 -34304 -17932
497358 140 2 -34180 -17802
503773 140 2 -33668 -17710
510271 140 2 -34904 -18178
516852 140 2 -34136 -17784
523519 140 2 -34168 -17816
530271 140 2 -34372 -18070
537111 140 2 -34092 -17806
544038 140 2 -34208 -17870
551055 140 2 -34208 -17922
558163 140 2 -34820 -18096
565362 140 2 -34116 -17816
572654 140 2 -33988 -17776
580040 140 2 -34052 -17740
587521 140 2 -34172 -17774
595099 140 2 -34328 -17900
602775 140 2 -34324 -17836
610549 140 2 -34272 -17882
618424 140 2 -34420 -17952
626400 140 2 -34720 -18056
634480 140 2 -33452 -17454
642663 140 2 -34328 -17844
650952 140 2 -34412 -18038
659348 140 2 -34136 -17786
667853 140 2 -34320 -17884
676467 140 2 -33660 -17574
685192 140 2 -34264 -18012
694029 140 2 -34016 -17828
702981 140 2 -33924 -17752
712048 140 2 -34304 -17862
721232 140 2 -33932 -17494
730534 140 2 -34480 -18056
739957 140 2 -34440 -17914
749500 140 2 -34156 -17818
759168 140 2 -34252 -17806
768959 140 2 -33760 -17558
778877 140 2 -33904 -17688
788923 140 2 -34176 -17686
799099 140 2 -34172 -17900
809405 140 2 -33992 -17664
819845 140 2 -34028 -17748
830419 140 2 -34076 -17836
841130 140 2 -34388 -17854
851979 140 2 -34348 -17918
862968 140 2 -34124 -17878
874098 140 2 -33656 -17610
885373 140 2 -34024 -17868
896792 140 2 -34780 -18124
908359 140 2 -33676 -17698
920075 140 2 -34252 -17844
931942 140 2 -34140 -17884
943962 140 2 -34452 -17950
956137 140 2 -34004 -17754
968470 140 2 -34264 -17962
980961 140 2 -34012 -17858
993613 140 2 -33836 -17714
999999 140 2 -34088 -17878
