3 100 2.4 -8576 -92
4 100 2.4 -9224 -168
5 100 2.4 -9428 -96
6 100 2.4 -9752 -144
7 100 2.4 -9888 -108
8 100 2.4 -10100 -70
9 100 2.4 -10548 -228
10 100 2.4 -10596 -296
11 100 2.4 -10708 -298
12 100 2.4 -10576 -414
13 100 2.4 -10608 -244
14 100 2.4 -10576 -520
15 100 2.4 -10788 -458
16 100 2.4 -10776 -708
17 100 2.4 -10712 -824
18 100 2.4 -10900 -790
19 100 2.4 -11024 -732
20 100 2.4 -11192 -978
21 100 2.4 -11100 -946
22 100 2.4 -11288 -986
23 100 2.4 -11248 -1004
24 100 2.4 -11460 -1016
25 100 2.4 -11440 -1044
26 100 2.4 -11476 -1102
27 100 2.4 -11404 -1092
28 100 2.4 -11412 -984
29 100 2.4 -11388 -1082
30 100 2.4 -11572 -1164
31 100 2.4 -11676 -1284
32 100 2.4 -11360 -1292
33 100 2.4 -11164 -1230
34 100 2.4 -11716 -1452
35 100 2.4 -11696 -1498
36 100 2.4 -11668 -1564
37 100 2.4 -11484 -1612
38 100 2.4 -11540 -1578
39 100 2.4 -11656 -1588
40 100 2.4 -11640 -1512
41 100 2.4 -11456 -1376
42 100 2.4 -11852 -1422
43 100 2.4 -11780 -1410
44 100 2.4 -11740 -1380
45 100 2.4 -11688 -1284
46 100 2.4 -11728 -1312
47 100 2.4 -11720 -1230
48 100 2.4 -11616 -1090
49 100 2.4 -11832 -1124
50 100 2.4 -11744 -978
51 100 2.4 -11856 -800
52 100 2.4 -11728 -762
53 100 2.4 -11696 -940
54 100 2.4 -11648 -1020
55 100 2.4 -11688 -916
56 100 2.4 -11672 -716
57 100 2.4 -11680 -634
58 100 2.4 -11672 -632
59 100 2.4 -11548 -634
60 100 2.4 -11680 -728
61 100 2.4 -11660 -702
62 100 2.4 -11824 -852
63 100 2.4 -11720 -866
64 100 2.4 -11772 -866
65 100 2.4 -12012 -856
66 100 2.4 -11748 -902
67 100 2.4 -11848 -904
68 100 2.4 -12016 -828
69 100 2.4 -11796 -848
70 100 2.4 -11760 -766
71 100 2.4 -12012 -816
72 100 2.4 -11880 -656
73 100 2.4 -11856 -722
74 100 2.4 -12108 -754
75 100 2.4 -12020 -714
76 100 2.4 -12052 -700
77 100 2.4 -11688 -738
78 100 2.4 -11696 -604
79 100 2.4 -11836 -682
80 100 2.4 -11676 -592
81 100 2.4 -11764 -726
82 100 2.4 -11816 -566
83 100 2.4 -11916 -806
84 100 2.4 -11812 -822
85 100 2.4 -12148 -838
86 100 2.4 -12168 -886
88 100 2.4 -12008 -1010
89 100 2.4 -12140 -1104
90 100 2.4 -12028 -1116
91 100 2.4 -12016 -1056
92 100 2.4 -11916 -1010
93 100 2.4 -11776 -864
95 100 2.4 -11728 -710
96 100 2.4 -11524 -812
97 100 2.4 -11640 -570
98 100 2.4 -11676 -422
99 100 2.4 -11724 -344
101 100 2.4 -11556 -282
102 100 2.4 -11832 -356
103 100 2.4 -11848 -334
105 100 2.4 -11632 -388
106 100 2.4 -11720 -452
107 100 2.4 -11952 -456
109 100 2.4 -11924 -352
110 100 2.4 -12020 -524
112 100 2.4 -11980 -606
113 100 2.4 -11956 -798
114 100 2.4 -11836 -910
116 100 2.4 -11968 -876
117 100 2.4 -11804 -770
119 100 2.4 -11856 -746
120 100 2.4 -11952 -684
122 100 2.4 -11904 -772
124 100 2.4 -11888 -882
125 100 2.4 -11512 -868
127 100 2.4 -11396 -914
128 100 2.4 -11584 -666
130 100 2.4 -11572 -958
132 100 2.4 -11700 -756
133 100 2.4 -12028 -866
135 100 2.4 -11740 -722
137 100 2.4 -11608 -668
139 100 2.4 -11712 -530
140 100 2.4 -11768 -676
142 100 2.4 -11628 -504
144 100 2.4 -11804 -560
146 100 2.4 -11912 -310
148 100 2.4 -11872 -372
150 100 2.4 -11572 -510
152 100 2.4 -11784 -466
154 100 2.4 -11904 -620
155 100 2.4 -11936 -648
157 100 2.4 -12088 -646
160 100 2.4 -11912 -300
162 100 2.4 -11864 -150
164 100 2.4 -11716 -58
166 100 2.4 -11828 -50
168 100 2.4 -12244 -110
170 100 2.4 -11880 6
172 100 2.4 -12132 -200
174 100 2.4 -11736 -60
177 100 2.4 -11888 182
179 100 2.4 -12028 78
181 100 2.4 -12336 6
184 100 2.4 -11968 168
186 100 2.4 -12160 8
188 100 2.4 -11944 198
191 100 2.4 -11856 356
193 100 2.4 -12116 352
196 100 2.4 -12192 612
198 100 2.4 -12084 856
201 100 2.4 -12228 1236
203 100 2.4 -12024 1222
206 100 2.4 -11912 1028
209 100 2.4 -12068 968
211 100 2.4 -11800 1034
214 100 2.4 -12336 1028
217 100 2.4 -12600 766
220 100 2.4 -12180 568
222 100 2.4 -12648 866
225 100 2.4 -12220 718
228 100 2.4 -12224 848
231 100 2.4 -11724 720
234 100 2.4 -12128 832
237 100 2.4 -11740 562
240 100 2.4 -11628 534
243 100 2.4 -11560 704
246 100 2.4 -11860 280
250 100 2.4 -11892 380
253 100 2.4 -11980 630
256 100 2.4 -12180 704
259 100 2.4 -12060 42
263 100 2.4 -11644 -116
266 100 2.4 -11672 -34
269 100 2.4 -12108 20
273 100 2.4 -11940 -288
276 100 2.4 -12048 60
280 100 2.4 -12128 -354
284 100 2.4 -12104 -24
287 100 2.4 -12048 118
291 100 2.4 -11832 166
295 100 2.4 -11884 6
298 100 2.4 -12388 186
302 100 2.4 -12492 408
306 100 2.4 -12192 562
310 100 2.4 -12164 770
314 100 2.4 -12152 876
318 100 2.4 -11964 826
322 100 2.4 -11684 626
326 100 2.4 -11704 708
331 100 2.4 -11944 1080
335 100 2.4 -12332 1122
339 100 2.4 -12192 960
344 100 2.4 -11876 866
348 100 2.4 -11932 668
352 100 2.4 -12140 748
357 100 2.4 -12400 1170
362 100 2.4 -12332 1330
366 100 2.4 -12156 1344
371 100 2.4 -12020 1590
376 100 2.4 -12476 1300
381 100 2.4 -11960 1640
385 100 2.4 -12228 1436
390 100 2.4 -12208 1286
395 100 2.4 -12276 1324
401 100 2.4 -11860 1260
406 100 2.4 -11876 1202
411 100 2.4 -12004 1312
416 100 2.4 -12276 1270
422 100 2.4 -12240 1426
427 100 2.4 -12024 1176
433 100 2.4 -12508 1328
438 100 2.4 -11968 1582
444 100 2.4 -11928 1198
449 100 2.4 -11860 764
455 100 2.4 -11880 824
461 100 2.4 -11788 1044
467 100 2.4 -11524 986
473 100 2.4 -11588 736
479 100 2.4 -11992 984
485 100 2.4 -11644 1272
492 100 2.4 -12120 1486
498 100 2.4 -12108 1314
504 100 2.4 -11568 1644
511 100 2.4 -11800 1418
517 100 2.4 -12044 1332
524 100 2.4 -12444 1358
531 100 2.4 -12456 1674
538 100 2.4 -12180 1730
545 100 2.4 -11932 1412
552 100 2.4 -12228 1546
559 100 2.4 -11840 1120
566 100 2.4 -11724 990
573 100 2.4 -11828 736
581 100 2.4 -11856 174
588 100 2.4 -12076 102
596 100 2.4 -11940 -170
603 100 2.4 -11712 -176
611 100 2.4 -12344 -230
619 100 2.4 -11932 -562
627 100 2.4 -12248 -722
635 100 2.4 -11932 -626
643 100 2.4 -12060 -500
652 100 2.4 -12080 -188
660 100 2.4 -12168 -348
668 100 2.4 -11968 -558
677 100 2.4 -11724 -542
686 100 2.4 -12048 -424
695 100 2.4 -11884 -336
704 100 2.4 -11980 -766
713 100 2.4 -12340 -586
722 100 2.4 -12256 -500
731 100 2.4 -12256 -400
741 100 2.4 -12272 -1220
750 100 2.4 -12208 -1254
760 100 2.4 -12072 -960
770 100 2.4 -12236 -1188
780 100 2.4 -12072 -1020
790 100 2.4 -12312 -958
800 100 2.4 -12460 -710
810 100 2.4 -11772 -560
821 100 2.4 -12144 -800
831 100 2.4 -12144 -478
842 100 2.4 -12240 -270
853 100 2.4 -11732 -534
864 100 2.4 -12044 -388
875 100 2.4 -11940 -600
886 100 2.4 -12136 -464
897 100 2.4 -11744 -446
909 100 2.4 -11672 -46
921 100 2.4 -12292 -98
933 100 2.4 -12268 -128
945 100 2.4 -11824 -156
957 100 2.4 -11708 -66
969 100 2.4 -11920 -100
982 100 2.4 -12200 -842
994 100 2.4 -11992 -786
1007 100 2.4 -12696 -1466
1020 100 2.4 -12232 -1196
1033 100 2.4 -12136 -230
1047 100 2.4 -11960 -426
1060 100 2.4 -11956 -874
1074 100 2.4 -11988 -556
1088 100 2.4 -12400 -532
1102 100 2.4 -12196 -964
1116 100 2.4 -12008 -914
1130 100 2.4 -11832 -386
1145 100 2.4 -12308 -202
1160 100 2.4 -12292 -234
1174 100 2.4 -12428 -486
1190 100 2.4 -12120 -124
1205 100 2.4 -12084 148
1220 100 2.4 -12680 508
1236 100 2.4 -12620 1090
1252 100 2.4 -12612 1424
1268 100 2.4 -12272 1760
1285 100 2.4 -12512 1652
1301 100 2.4 -12196 1534
1318 100 2.4 -12108 1374
1335 100 2.4 -12096 1538
1352 100 2.4 -12360 1940
1370 100 2.4 -11752 1598
1387 100 2.4 -11892 1898
1405 100 2.4 -11256 2060
1423 100 2.4 -12076 1988
1442 100 2.4 -12084 1598
1460 100 2.4 -11796 1668
1479 100 2.4 -11844 1446
1498 100 2.4 -11932 974
1517 100 2.4 -11848 966
1537 100 2.4 -12144 2098
1557 100 2.4 -12204 2148
1577 100 2.4 -11880 2122
1597 100 2.4 -12240 2530
1618 100 2.4 -12072 2080
1639 100 2.4 -11800 1880
1660 100 2.4 -12012 1674
1681 100 2.4 -12096 1334
1703 100 2.4 -11988 1006
1725 100 2.4 -12080 890
1747 100 2.4 -12440 1274
1770 100 2.4 -11872 644
1792 100 2.4 -11772 1056
1816 100 2.4 -11928 710
1839 100 2.4 -12364 872
1863 100 2.4 -11444 812
1887 100 2.4 -12124 636
1911 100 2.4 -11812 194
1936 100 2.4 -11500 1018
1961 100 2.4 -11724 1090
1986 100 2.4 -12156 1214
2012 100 2.4 -12144 1094
2037 100 2.4 -11780 916
2064 100 2.4 -12044 740
2090 100 2.4 -12340 688
2117 100 2.4 -12236 682
2145 100 2.4 -11640 232
2172 100 2.4 -11996 628
2200 100 2.4 -12300 746
2229 100 2.4 -12016 1022
2257 100 2.4 -11992 1350
2286 100 2.4 -12028 850
2316 100 2.4 -11820 480
2346 100 2.4 -12304 738
2376 100 2.4 -12144 700
2407 100 2.4 -12072 778
2438 100 2.4 -11668 770
2469 100 2.4 -11792 -730
2501 100 2.4 -11384 6
2533 100 2.4 -12044 538
2566 100 2.4 -11876 -112
2599 100 2.4 -11748 -14
2633 100 2.4 -11664 158
2667 100 2.4 -11728 734
2701 100 2.4 -12108 750
2736 100 2.4 -12000 1532
2771 100 2.4 -12208 2060
2807 100 2.4 -12648 3350
2843 100 2.4 -11996 2694
2880 100 2.4 -12012 3142
2917 100 2.4 -12404 3344
2954 100 2.4 -11968 2860
2992 100 2.4 -12372 1944
3031 100 2.4 -12364 1966
3070 100 2.4 -12132 1420
3110 100 2.4 -12088 910
3150 100 2.4 -12128 906
3190 100 2.4 -12776 638
3232 100 2.4 -12148 632
3273 100 2.4 -11692 156
3315 100 2.4 -11820 52
3358 100 2.4 -11756 608
3402 100 2.4 -12200 74
3445 100 2.4 -12172 388
3490 100 2.4 -12152 292
3535 100 2.4 -12364 78
3580 100 2.4 -12332 432
3627 100 2.4 -12176 642
3673 100 2.4 -12264 384
3721 100 2.4 -12308 1150
3769 100 2.4 -12212 800
3817 100 2.4 -12256 626
3867 100 2.4 -12052 1492
3916 100 2.4 -12232 -618
3967 100 2.4 -12228 -760
4018 100 2.4 -11784 -222
4070 100 2.4 -12360 -558
4122 100 2.4 -12580 -458
4176 100 2.4 -12276 -1336
4229 100 2.4 -11872 -1266
4284 100 2.4 -11828 -842
4339 100 2.4 -11788 -606
4395 100 2.4 -11952 -1018
4452 100 2.4 -11916 -894
4509 100 2.4 -12044 -1186
4567 100 2.4 -11804 -96
4626 100 2.4 -12028 1110
4686 100 2.4 -12132 1062
4746 100 2.4 -12188 830
4808 100 2.4 -12164 1276
4870 100 2.4 -11768 2052
4932 100 2.4 -12400 2416
4996 100 2.4 -12108 2742
5060 100 2.4 -11488 1154
5126 100 2.4 -11660 212
5192 100 2.4 -12136 804
5259 100 2.4 -12080 -386
5327 100 2.4 -12772 -70
5395 100 2.4 -11940 -532
5465 100 2.4 -12132 -700
5535 100 2.4 -12028 284
5607 100 2.4 -12304 40
5679 100 2.4 -11996 546
5752 100 2.4 -11668 -736
5826 100 2.4 -11860 -750
5902 100 2.4 -12232 -380
5978 100 2.4 -12232 338
6055 100 2.4 -11816 76
6133 100 2.4 -11608 406
6212 100 2.4 -12084 766
6292 100 2.4 -12360 696
6373 100 2.4 -12180 1786
6455 100 2.4 -12112 1290
6539 100 2.4 -11852 1466
6623 100 2.4 -11672 1570
6708 100 2.4 -12080 1216
6795 100 2.4 -11996 1762
6883 100 2.4 -12228 1878
6971 100 2.4 -11548 1536
7061 100 2.4 -12276 926
7152 100 2.4 -11924 2166
7245 100 2.4 -11796 1694
7338 100 2.4 -11608 1018
7433 100 2.4 -12304 1660
7529 100 2.4 -11728 446
7626 100 2.4 -11748 1226
7724 100 2.4 -12088 1232
7824 100 2.4 -12188 772
7925 100 2.4 -12136 -354
8027 100 2.4 -12112 14
8130 100 2.4 -12028 40
8235 100 2.4 -12072 -178
8341 100 2.4 -12456 -1124
8449 100 2.4 -11872 -1294
8558 100 2.4 -12156 716
8668 100 2.4 -11572 -1556
8780 100 2.4 -11908 -732
8893 100 2.4 -11756 -340
9008 100 2.4 -12096 940
9124 100 2.4 -12432 838
9242 100 2.4 -12084 1898
9361 100 2.4 -12340 1650
9482 100 2.4 -11940 682
9604 100 2.4 -12624 1158
9728 100 2.4 -11888 -430
9853 100 2.4 -12048 -854
9980 100 2.4 -12028 18
10109 100 2.4 -11560 -542
10240 100 2.4 -11604 -174
10372 100 2.4 -12572 -206
10505 100 2.4 -12268 308
10641 100 2.4 -12080 -964
10778 100 2.4 -12144 578
10917 100 2.4 -11704 -1420
11058 100 2.4 -12536 -1266
11201 100 2.4 -12120 -726
11345 100 2.4 -12112 -982
11491 100 2.4 -12288 -454
11640 100 2.4 -11680 -72
11790 100 2.4 -11684 2064
11942 100 2.4 -12372 2396
12096 100 2.4 -12196 2212
12252 100 2.4 -12236 468
12410 100 2.4 -12104 1246
12570 100 2.4 -11640 1970
12732 100 2.4 -12476 1352
12896 100 2.4 -11992 676
13062 100 2.4 -11836 1608
13231 100 2.4 -12316 80
13402 100 2.4 -11976 -726
13574 100 2.4 -11844 -202
13750 100 2.4 -12004 374
13927 100 2.4 -12076 1646
14106 100 2.4 -11772 450
14288 100 2.4 -11924 1392
14473 100 2.4 -12356 1618
14659 100 2.4 -12008 2118
14848 100 2.4 -12120 1610
15040 100 2.4 -11976 1458
15234 100 2.4 -12068 826
15430 100 2.4 -12220 -1046
15629 100 2.4 -11692 384
15831 100 2.4 -12284 -456
16035 100 2.4 -11948 910
16242 100 2.4 -11968 -1072
16451 100 2.4 -11660 -280
16664 100 2.4 -11808 -980
16879 100 2.4 -12108 116
17096 100 2.4 -12088 1230
17317 100 2.4 -11880 444
17540 100 2.4 -11636 258
17766 100 2.4 -12632 582
17995 100 2.4 -11704 992
18228 100 2.4 -12136 924
18463 100 2.4 -12052 2240
18701 100 2.4 -12128 -1526
18942 100 2.4 -11344 -1174
19186 100 2.4 -11856 -830
19434 100 2.4 -11920 -262
19684 100 2.4 -12012 444
19938 100 2.4 -11572 1704
20195 100 2.4 -11904 22
20456 100 2.4 -11860 532
20720 100 2.4 -11644 -662
20987 100 2.4 -11812 -1828
21258 100 2.4 -11924 -1760
21532 100 2.4 -12636 290
21810 100 2.4 -11664 762
22091 100 2.4 -12456 -2110
22376 100 2.4 -12376 -518
22664 100 2.4 -12304 -1904
22957 100 2.4 -12136 -792
23253 100 2.4 -11796 280
23553 100 2.4 -12212 426
23856 100 2.4 -12024 970
24164 100 2.4 -12036 1796
24476 100 2.4 -12284 490
24791 100 2.4 -11696 -26
25111 100 2.4 -11560 -526
25435 100 2.4 -11792 458
25763 100 2.4 -11608 -1004
26095 100 2.4 -12252 -280
26432 100 2.4 -12304 -182
26773 100 2.4 -12188 -2868
27118 100 2.4 -12132 -930
27468 100 2.4 -12000 -658
27822 100 2.4 -12196 -1028
28181 100 2.4 -12324 1228
28545 100 2.4 -11916 984
28913 100 2.4 -12308 822
29286 100 2.4 -11892 284
29663 100 2.4 -12256 670
30046 100 2.4 -11916 324
30434 100 2.4 -11320 -1022
30826 100 2.4 -12176 1124
31224 100 2.4 -11604 -1102
31626 100 2.4 -12204 584
32034 100 2.4 -12212 -158
32447 100 2.4 -12072 -508
32866 100 2.4 -11768 988
33290 100 2.4 -12668 1328
33719 100 2.4 -12064 678
34154 100 2.4 -12108 -1344
34595 100 2.4 -11952 -1290
35041 100 2.4 -11876 996
35493 100 2.4 -12016 1866
35951 100 2.4 -12148 884
36414 100 2.4 -12228 146
36884 100 2.4 -12404 -1666
37360 100 2.4 -12112 182
37841 100 2.4 -12092 104
38330 100 2.4 -12044 -840
38824 100 2.4 -12144 -924
39325 100 2.4 -11428 -412
39832 100 2.4 -12040 -1118
40346 100 2.4 -11888 508
40866 100 2.4 -11528 -540
41393 100 2.4 -12044 -2188
41927 100 2.4 -12796 -2238
42468 100 2.4 -12460 -164
43015 100 2.4 -11464 1612
43570 100 2.4 -12020 984
44132 100 2.4 -12272 1910
44701 100 2.4 -11968 670
45278 100 2.4 -12280 -1834
45862 100 2.4 -11916 46
46453 100 2.4 -11580 44
47053 100 2.4 -11772 516
47660 100 2.4 -12308 212
48274 100 2.4 -12288 1430
48897 100 2.4 -12180 2914
49528 100 2.4 -11904 200
50166 100 2.4 -11776 -216
50813 100 2.4 -11916 792
51469 100 2.4 -12196 3170
52133 100 2.4 -12104 676
52805 100 2.4 -11908 -486
53486 100 2.4 -12404 -428
54176 100 2.4 -12024 2044
54875 100 2.4 -11948 856
55582 100 2.4 -12036 -1060
56299 100 2.4 -12364 -518
57025 100 2.4 -12012 156
57761 100 2.4 -12256 2070
58506 100 2.4 -12120 1440
59261 100 2.4 -12368 2964
60025 100 2.4 -12060 -116
60799 100 2.4 -11680 -1246
61583 100 2.4 -11976 -606
62378 100 2.4 -12044 -226
63182 100 2.4 -12016 -68
63997 100 2.4 -11888 -146
64822 100 2.4 -11924 1390
65658 100 2.4 -11520 -312
66505 100 2.4 -12100 -2400
67363 100 2.4 -12116 1398
68232 100 2.4 -11784 -416
69112 100 2.4 -11792 786
70003 100 2.4 -11936 -1758
70906 100 2.4 -12160 1178
71821 100 2.4 -12228 -328
72747 100 2.4 -11640 -64
73685 100 2.4 -11748 348
74636 100 2.4 -12088 -658
75599 100 2.4 -11928 -480
76574 100 2.4 -12240 288
77561 100 2.4 -11908 -290
78562 100 2.4 -12020 -726
79575 100 2.4 -11712 -2074
80601 100 2.4 -11980 888
81641 100 2.4 -11640 -80
82694 100 2.4 -11920 408
83760 100 2.4 -12052 464
84841 100 2.4 -12648 -3384
85935 100 2.4 -11964 -1092
87043 100 2.4 -12436 736
88166 100 2.4 -12264 -912
89303 100 2.4 -12324 690
90455 100 2.4 -12392 952
91622 100 2.4 -11972 718
92803 100 2.4 -12180 1574
94000 100 2.4 -11896 -822
95213 100 2.4 -12444 1892
96441 100 2.4 -12028 754
97685 100 2.4 -11864 -202
98945 100 2.4 -11740 752
100221 100 2.4 -11360 -1592
101513 100 2.4 -11856 498
102823 100 2.4 -11924 2258
104149 100 2.4 -11984 394
105492 100 2.4 -12024 1380
106853 100 2.4 -11328 68
108231 100 2.4 -11736 -1338
109627 100 2.4 -12212 -1992
111041 100 2.4 -11844 -1326
112473 100 2.4 -12080 -850
113924 100 2.4 -12092 454
115393 100 2.4 -11800 -1932
116882 100 2.4 -12116 -908
118389 100 2.4 -12176 -2026
119916 100 2.4 -12012 1022
121463 100 2.4 -11984 1654
123029 100 2.4 -11720 -2614
124616 100 2.4 -12324 -2116
126224 100 2.4 -11756 -512
127852 100 2.4 -12188 -320
129501 100 2.4 -11768 544
131171 100 2.4 -12120 -2428
132863 100 2.4 -11536 -296
134576 100 2.4 -12004 844
136312 100 2.4 -11844 -1478
138070 100 2.4 -12016 576
139851 100 2.4 -12100 -2202
141655 100 2.4 -12348 -1074
143482 100 2.4 -11680 324
145333 100 2.4 -12508 -154
147207 100 2.4 -11860 182
149106 100 2.4 -12132 -470
151029 100 2.4 -11812 -744
152977 100 2.4 -11756 640
154950 100 2.4 -12688 -928
156948 100 2.4 -11816 2094
158973 100 2.4 -11884 830
161023 100 2.4 -11668 278
163100 100 2.4 -12476 912
165204 100 2.4 -11700 -364
167334 100 2.4 -11920 58
169493 100 2.4 -12104 362
171679 100 2.4 -12436 -3670
173893 100 2.4 -12312 1786
176136 100 2.4 -12180 -1368
178408 100 2.4 -11836 -456
180709 100 2.4 -11972 -1370
183040 100 2.4 -12036 -856
185400 100 2.4 -11692 -186
187792 100 2.4 -11404 -144
190214 100 2.4 -11904 506
192667 100 2.4 -11940 -60
195152 100 2.4 -12300 -794
197669 100 2.4 -12332 226
200219 100 2.4 -11924 704
202801 100 2.4 -11956 -18
205417 100 2.4 -11628 698
208066 100 2.4 -12000 2042
210750 100 2.4 -12404 -1058
213468 100 2.4 -12404 -378
216222 100 2.4 -12008 992
219010 100 2.4 -12164 750
221835 100 2.4 -11624 -176
224696 100 2.4 -12204 2720
227595 100 2.4 -11920 -1996
230530 100 2.4 -11840 -6
233503 100 2.4 -12428 1514
236515 100 2.4 -12148 -1340
239566 100 2.4 -12272 -142
242656 100 2.4 -12192 1852
245785 100 2.4 -11760 -72
248956 100 2.4 -11936 342
252167 100 2.4 -12008 248
255419 100 2.4 -12224 1370
258713 100 2.4 -11752 -112
262050 100 2.4 -12068 1166
265430 100 2.4 -12056 524
268854 100 2.4 -11984 764
272321 100 2.4 -11664 -402
275834 100 2.4 -11792 990
279391 100 2.4 -11800 926
282995 100 2.4 -11852 -1184
286645 100 2.4 -11864 30
290342 100 2.4 -12224 -758
294087 100 2.4 -12024 1404
297880 100 2.4 -11872 2576
301722 100 2.4 -11840 1156
305614 100 2.4 -12016 -2150
309556 100 2.4 -12064 -570
313548 100 2.4 -12440 -1300
317592 100 2.4 -11832 -1252
321689 100 2.4 -12056 -364
325838 100 2.4 -11900 -792
330040 100 2.4 -12488 -2102
334297 100 2.4 -12148 1112
338609 100 2.4 -12344 -1784
342976 100 2.4 -11824 110
347400 100 2.4 -11752 -1490
351881 100 2.4 -11728 962
356419 100 2.4 -11988 -448
361016 100 2.4 -11812 356
365673 100 2.4 -12308 -8
370389 100 2.4 -12056 -838
375167 100 2.4 -12336 1258
380005 100 2.4 -12220 2940
384907 100 2.4 -12580 -2974
389871 100 2.4 -12240 1998
394900 100 2.4 -11712 182
399993 100 2.4 -12080 458
405152 100 2.4 -12028 -42
410378 100 2.4 -11944 2350
415671 100 2.4 -11860 -2562
421032 100 2.4 -12260 -1470
426463 100 2.4 -11672 -528
431963 100 2.4 -11952 48
437535 100 2.4 -12460 438
443178 100 2.4 -11804 -2728
448894 100 2.4 -12084 -1440
454684 100 2.4 -12000 928
460548 100 2.4 -11828 674
466489 100 2.4 -11560 -76
472505 100 2.4 -12872 -1332
478600 100 2.4 -12148 1262
484773 100 2.4 -12212 762
491025 100 2.4 -12404 428
497358 100 2.4 -12140 522
503773 100 2.4 -12108 -434
510271 100 2.4 -12028 186
516852 100 2.4 -12040 692
523519 100 2.4 -12340 -2722
530271 100 2.4 -11768 1722
537111 100 2.4 -11756 -1350
544038 100 2.4 -11896 276
551055 100 2.4 -11912 -1062
558163 100 2.4 -11964 -864
565362 100 2.4 -12104 -2916
572654 100 2.4 -12116 814
580040 100 2.4 -12132 -996
587521 100 2.4 -11668 -520
595099 100 2.4 -11708 1614
602775 100 2.4 -12252 700
610549 100 2.4 -11924 -392
618424 100 2.4 -12128 1172
626400 100 2.4 -11764 1380
634480 100 2.4 -11784 1656
642663 100 2.4 -12280 2480
650952 100 2.4 -11960 708
659348 100 2.4 -12292 90
667853 100 2.4 -12756 -1258
676467 100 2.4 -11920 -1330
685192 100 2.4 -11556 -172
694029 100 2.4 -11740 74
702981 100 2.4 -11712 552
712048 100 2.4 -12348 120
721232 100 2.4 -12224 -528
730534 100 2.4 -11792 1460
739957 100 2.4 -12212 766
749500 100 2.4 -11752 -1482
759168 100 2.4 -12072 1986
768959 100 2.4 -12184 1412
778877 100 2.4 -12356 -1148
788923 100 2.4 -12092 -1378
799099 100 2.4 -12112 -2600
809405 100 2.4 -12200 574
819845 100 2.4 -12072 -322
830419 100 2.4 -11984 590
841130 100 2.4 -11952 1496
851979 100 2.4 -12216 -2200
862968 100 2.4 -11992 440
874098 100 2.4 -11712 -526
885373 100 2.4 -11880 -250
896792 100 2.4 -12768 -748
908359 100 2.4 -12040 1306
920075 100 2.4 -11776 -650
931942 100 2.4 -11832 1412
943962 100 2.4 -12204 1298
956137 100 2.4 -12000 -132
968470 100 2.4 -12064 802
980961 100 2.4 -12160 954
993613 100 2.4 -11660 1464
999999 100 2.4 -11916 1414
