3 100 2.4 -8912 50
4 100 2.4 -9408 84
5 100 2.4 -9936 46
6 100 2.4 -10428 -114
7 100 2.4 -10472 -184
8 100 2.4 -10740 -8
9 100 2.4 -10728 -10
10 100 2.4 -10612 -96
11 100 2.4 -10760 -270
12 100 2.4 -10780 -362
13 100 2.4 -10928 -424
14 100 2.4 -10756 -388
15 100 2.4 -11132 -332
16 100 2.4 -11328 -290
17 100 2.4 -11344 -344
18 100 2.4 -10976 -324
19 100 2.4 -11240 -420
20 100 2.4 -11040 -338
21 100 2.4 -11256 -286
22 100 2.4 -11248 -330
23 100 2.4 -11540 -286
24 100 2.4 -11444 -188
25 100 2.4 -11500 -64
26 100 2.4 -11656 60
27 100 2.4 -11708 188
28 100 2.4 -11972 100
29 100 2.4 -12048 8
30 100 2.4 -11708 12
31 100 2.4 -11620 390
32 100 2.4 -11812 314
33 100 2.4 -11752 402
34 100 2.4 -12072 198
35 100 2.4 -11768 210
36 100 2.4 -11844 174
37 100 2.4 -11584 76
38 100 2.4 -11608 -38
39 100 2.4 -11876 -188
40 100 2.4 -11772 -220
41 100 2.4 -11620 -72
42 100 2.4 -11436 20
43 100 2.4 -11728 52
44 100 2.4 -11824 86
45 100 2.4 -11852 110
46 100 2.4 -11584 186
47 100 2.4 -11660 378
48 100 2.4 -11844 362
49 100 2.4 -11796 254
50 100 2.4 -11928 242
51 100 2.4 -11980 378
52 100 2.4 -12176 246
53 100 2.4 -11928 94
54 100 2.4 -11808 226
55 100 2.4 -12144 -8
56 100 2.4 -12356 -38
57 100 2.4 -12172 -68
58 100 2.4 -11996 -100
59 100 2.4 -11912 -236
60 100 2.4 -11772 -242
61 100 2.4 -11836 -288
62 100 2.4 -11936 -118
63 100 2.4 -11960 -188
64 100 2.4 -11944 12
65 100 2.4 -11884 -12
66 100 2.4 -11944 162
67 100 2.4 -12332 128
68 100 2.4 -12300 174
69 100 2.4 -12304 154
70 100 2.4 -12392 174
71 100 2.4 -12364 336
72 100 2.4 -12332 406
73 100 2.4 -12124 602
74 100 2.4 -12120 592
75 100 2.4 -11988 500
76 100 2.4 -11732 390
77 100 2.4 -11744 422
78 100 2.4 -11964 448
79 100 2.4 -11832 476
80 100 2.4 -11872 516
81 100 2.4 -11716 368
82 100 2.4 -12024 354
83 100 2.4 -12004 358
84 100 2.4 -12140 218
85 100 2.4 -12036 216
86 100 2.4 -12144 268
88 100 2.4 -12024 424
89 100 2.4 -12088 520
90 100 2.4 -11624 584
91 100 2.4 -11852 606
92 100 2.4 -12076 666
93 100 2.4 -12168 744
95 100 2.4 -12388 936
96 100 2.4 -12404 974
97 100 2.4 -12352 852
98 100 2.4 -12100 650
99 100 2.4 -12112 580
101 100 2.4 -11820 760
102 100 2.4 -11968 782
103 100 2.4 -12016 810
105 100 2.4 -12080 662
106 100 2.4 -12232 644
107 100 2.4 -12192 514
109 100 2.4 -12420 572
110 100 2.4 -12356 536
112 100 2.4 -12312 694
113 100 2.4 -12300 768
114 100 2.4 -12172 824
116 100 2.4 -11892 828
117 100 2.4 -12096 864
119 100 2.4 -12220 1088
120 100 2.4 -12108 1160
122 100 2.4 -12396 1278
124 100 2.4 -12448 1208
125 100 2.4 -12340 1266
127 100 2.4 -11988 1328
128 100 2.4 -12120 1170
130 100 2.4 -12328 982
132 100 2.4 -11968 1124
133 100 2.4 -12052 1032
135 100 2.4 -11900 1050
137 100 2.4 -11740 1082
139 100 2.4 -11796 1114
140 100 2.4 -11832 1072
142 100 2.4 -11972 1042
144 100 2.4 -11984 810
146 100 2.4 -11736 906
148 100 2.4 -12188 814
150 100 2.4 -12244 764
152 100 2.4 -12148 816
154 100 2.4 -11892 706
155 100 2.4 -12080 650
157 100 2.4 -11988 786
160 100 2.4 -11796 756
162 100 2.4 -11964 818
164 100 2.4 -11900 610
166 100 2.4 -11972 680
168 100 2.4 -11952 858
170 100 2.4 -12216 742
172 100 2.4 -12016 760
174 100 2.4 -11940 842
177 100 2.4 -11560 676
179 100 2.4 -11700 648
181 100 2.4 -11880 526
184 100 2.4 -11780 630
186 100 2.4 -12040 876
188 100 2.4 -11708 778
191 100 2.4 -12072 764
193 100 2.4 -12172 702
196 100 2.4 -11948 984
198 100 2.4 -11952 1020
201 100 2.4 -11820 840
203 100 2.4 -11856 978
206 100 2.4 -11752 758
209 100 2.4 -11880 868
211 100 2.4 -11804 752
214 100 2.4 -11736 574
217 100 2.4 -11740 864
220 100 2.4 -11508 780
222 100 2.4 -12092 698
225 100 2.4 -12204 722
228 100 2.4 -11724 526
231 100 2.4 -11772 200
234 100 2.4 -11736 -94
237 100 2.4 -11992 -116
240 100 2.4 -12008 -510
243 100 2.4 -11792 -490
246 100 2.4 -11852 -548
250 100 2.4 -12016 -568
253 100 2.4 -11948 -308
256 100 2.4 -11836 -328
259 100 2.4 -11700 -22
263 100 2.4 -12004 -62
266 100 2.4 -11748 -236
269 100 2.4 -11972 -174
273 100 2.4 -12076 -396
276 100 2.4 -12628 -622
280 100 2.4 -12324 -304
284 100 2.4 -12480 -136
287 100 2.4 -12204 -298
291 100 2.4 -12000 -614
295 100 2.4 -11764 -46
298 100 2.4 -12108 -164
302 100 2.4 -12000 -294
306 100 2.4 -11856 -220
310 100 2.4 -12240 -446
314 100 2.4 -11860 -554
318 100 2.4 -12304 -796
322 100 2.4 -12244 -984
326 100 2.4 -12284 -1430
331 100 2.4 -12012 -1786
335 100 2.4 -12248 -1984
339 100 2.4 -12048 -1630
344 100 2.4 -12148 -1854
348 100 2.4 -12396 -2072
352 100 2.4 -12048 -2456
357 100 2.4 -12092 -1824
362 100 2.4 -12240 -1628
366 100 2.4 -12052 -1712
371 100 2.4 -12528 -1692
376 100 2.4 -12028 -1640
381 100 2.4 -12380 -1926
385 100 2.4 -12336 -1458
390 100 2.4 -12760 -1590
395 100 2.4 -12884 -1552
401 100 2.4 -12628 -1496
406 100 2.4 -12224 -1372
411 100 2.4 -12196 -1496
416 100 2.4 -11976 -874
422 100 2.4 -11912 -576
427 100 2.4 -12220 -604
433 100 2.4 -12736 -380
438 100 2.4 -12028 -574
444 100 2.4 -11916 -222
449 100 2.4 -12000 -112
455 100 2.4 -11940 -492
461 100 2.4 -11876 -410
467 100 2.4 -11768 -306
473 100 2.4 -12052 -386
479 100 2.4 -12012 -644
485 100 2.4 -11932 2
492 100 2.4 -12260 324
498 100 2.4 -12192 310
504 100 2.4 -12068 688
511 100 2.4 -11680 430
517 100 2.4 -11820 852
524 100 2.4 -12152 940
531 100 2.4 -12036 860
538 100 2.4 -11796 540
545 100 2.4 -12276 938
552 100 2.4 -12592 754
559 100 2.4 -12260 718
566 100 2.4 -12212 256
573 100 2.4 -12060 -80
581 100 2.4 -12256 -340
588 100 2.4 -11592 -30
596 100 2.4 -11960 54
603 100 2.4 -12220 -194
611 100 2.4 -11940 -288
619 100 2.4 -11656 116
627 100 2.4 -11824 -20
635 100 2.4 -11976 -98
643 100 2.4 -11996 -28
652 100 2.4 -11980 -216
660 100 2.4 -11456 -274
668 100 2.4 -11492 98
677 100 2.4 -11704 -70
686 100 2.4 -11712 -354
695 100 2.4 -11900 -344
704 100 2.4 -11848 -188
713 100 2.4 -11872 -414
722 100 2.4 -12340 -1138
731 100 2.4 -12100 -1216
741 100 2.4 -11760 -1508
750 100 2.4 -11772 -1558
760 100 2.4 -11828 -1522
770 100 2.4 -12388 -1408
780 100 2.4 -11884 -1020
790 100 2.4 -11804 -658
800 100 2.4 -12288 -258
810 100 2.4 -12108 -156
821 100 2.4 -12048 -430
831 100 2.4 -12088 -334
842 100 2.4 -11916 -112
853 100 2.4 -12252 -350
864 100 2.4 -12036 -656
875 100 2.4 -12044 -770
886 100 2.4 -11820 -1134
897 100 2.4 -11880 -972
909 100 2.4 -12300 -950
921 100 2.4 -12508 -892
933 100 2.4 -12112 -150
945 100 2.4 -12260 -60
957 100 2.4 -11964 -228
969 100 2.4 -11544 -540
982 100 2.4 -11812 -82
994 100 2.4 -12204 100
1007 100 2.4 -12180 58
1020 100 2.4 -12328 -54
1033 100 2.4 -12004 174
1047 100 2.4 -11944 -8
1060 100 2.4 -11608 234
1074 100 2.4 -11788 320
1088 100 2.4 -12044 126
1102 100 2.4 -11608 -1056
1116 100 2.4 -11832 -1036
1130 100 2.4 -12040 -1030
1145 100 2.4 -12336 -1028
1160 100 2.4 -12384 -792
1174 100 2.4 -12224 -244
1190 100 2.4 -12328 342
1205 100 2.4 -12072 108
1220 100 2.4 -11936 -270
1236 100 2.4 -11712 -466
1252 100 2.4 -11700 -478
1268 100 2.4 -11524 -764
1285 100 2.4 -12112 -854
1301 100 2.4 -11904 -444
1318 100 2.4 -12260 -966
1335 100 2.4 -12388 -522
1352 100 2.4 -12100 -738
1370 100 2.4 -12472 -882
1387 100 2.4 -12132 -286
1405 100 2.4 -12040 -684
1423 100 2.4 -12140 -792
1442 100 2.4 -11880 -1048
1460 100 2.4 -12288 -656
1479 100 2.4 -12096 -1168
1498 100 2.4 -11840 -1270
1517 100 2.4 -11716 -1300
1537 100 2.4 -12088 -912
1557 100 2.4 -11900 -748
1577 100 2.4 -11664 -504
1597 100 2.4 -11808 -66
1618 100 2.4 -11528 -172
1639 100 2.4 -11568 152
1660 100 2.4 -11832 -140
1681 100 2.4 -11664 -366
1703 100 2.4 -11968 -1044
1725 100 2.4 -11892 -1272
1747 100 2.4 -11852 -1346
1770 100 2.4 -12100 -1762
1792 100 2.4 -12012 -1810
1816 100 2.4 -11740 -1546
1839 100 2.4 -12036 -1996
1863 100 2.4 -12096 -706
1887 100 2.4 -11788 30
1911 100 2.4 -11884 234
1936 100 2.4 -11784 610
1961 100 2.4 -12096 1040
1986 100 2.4 -12092 108
2012 100 2.4 -12344 -594
2037 100 2.4 -11960 -612
2064 100 2.4 -12012 268
2090 100 2.4 -12076 104
2117 100 2.4 -11888 -474
2145 100 2.4 -11524 -138
2172 100 2.4 -12148 -748
2200 100 2.4 -11892 -12
2229 100 2.4 -12160 22
2257 100 2.4 -12136 -384
2286 100 2.4 -11984 -1042
2316 100 2.4 -12272 -1088
2346 100 2.4 -11944 -1148
2376 100 2.4 -11904 -672
2407 100 2.4 -11476 -398
2438 100 2.4 -12300 -86
2469 100 2.4 -12320 -158
2501 100 2.4 -12704 -1018
2533 100 2.4 -12192 -1408
2566 100 2.4 -12248 -916
2599 100 2.4 -11828 -130
2633 100 2.4 -11676 -738
2667 100 2.4 -12008 -894
2701 100 2.4 -11960 -676
2736 100 2.4 -11740 -968
2771 100 2.4 -11812 -818
2807 100 2.4 -12048 -1098
2843 100 2.4 -11864 -914
2880 100 2.4 -12316 -1564
2917 100 2.4 -12224 -1050
2954 100 2.4 -11568 -1088
2992 100 2.4 -12140 -1546
3031 100 2.4 -12376 -2112
3070 100 2.4 -11808 -1146
3110 100 2.4 -11852 554
3150 100 2.4 -11936 222
3190 100 2.4 -12116 456
3232 100 2.4 -12392 878
3273 100 2.4 -11928 1508
3315 100 2.4 -11748 1132
3358 100 2.4 -12252 1526
3402 100 2.4 -11972 1172
3445 100 2.4 -11812 1446
3490 100 2.4 -11976 52
3535 100 2.4 -11648 430
3580 100 2.4 -12204 980
3627 100 2.4 -12068 1330
3673 100 2.4 -12200 1766
3721 100 2.4 -12332 1420
3769 100 2.4 -11860 1146
3817 100 2.4 -11824 1118
3867 100 2.4 -11764 2314
3916 100 2.4 -12172 3126
3967 100 2.4 -12692 2436
4018 100 2.4 -12168 1640
4070 100 2.4 -12028 1274
4122 100 2.4 -12024 1076
4176 100 2.4 -12228 2446
4229 100 2.4 -12148 2010
4284 100 2.4 -11868 2648
4339 100 2.4 -12204 3488
4395 100 2.4 -12044 2248
4452 100 2.4 -12168 2172
4509 100 2.4 -12444 2992
4567 100 2.4 -11720 2048
4626 100 2.4 -11536 614
4686 100 2.4 -11848 1126
4746 100 2.4 -11704 1266
4808 100 2.4 -12384 1324
4870 100 2.4 -12024 2504
4932 100 2.4 -11876 2748
4996 100 2.4 -12256 2374
5060 100 2.4 -12036 1920
5126 100 2.4 -11948 1424
5192 100 2.4 -12148 1566
5259 100 2.4 -12336 1786
5327 100 2.4 -12172 752
5395 100 2.4 -11948 -518
5465 100 2.4 -11644 -2192
5535 100 2.4 -11928 -2202
5607 100 2.4 -11852 -2418
5679 100 2.4 -12248 -2634
5752 100 2.4 -11960 -3180
5826 100 2.4 -12364 -3506
5902 100 2.4 -12204 -2138
5978 100 2.4 -12196 -844
6055 100 2.4 -12136 -1116
6133 100 2.4 -12100 -1354
6212 100 2.4 -11652 -2318
6292 100 2.4 -11796 -1922
6373 100 2.4 -12412 -1922
6455 100 2.4 -12504 -3158
6539 100 2.4 -11988 -1960
6623 100 2.4 -12032 -1232
6708 100 2.4 -12248 736
6795 100 2.4 -12256 752
6883 100 2.4 -12212 140
6971 100 2.4 -12332 572
7061 100 2.4 -12188 160
7152 100 2.4 -12048 10
7245 100 2.4 -12008 178
7338 100 2.4 -12268 2228
7433 100 2.4 -12148 2396
7529 100 2.4 -11976 2396
7626 100 2.4 -12368 3748
7724 100 2.4 -12088 4018
7824 100 2.4 -12032 2656
7925 100 2.4 -11760 1650
8027 100 2.4 -11908 1198
8130 100 2.4 -12072 498
8235 100 2.4 -12260 612
8341 100 2.4 -11964 508
8449 100 2.4 -11864 -422
8558 100 2.4 -12196 540
8668 100 2.4 -11732 190
8780 100 2.4 -12036 462
8893 100 2.4 -12188 732
9008 100 2.4 -11800 -508
9124 100 2.4 -12620 380
9242 100 2.4 -11956 -842
9361 100 2.4 -12032 -1226
9482 100 2.4 -12116 -288
9604 100 2.4 -11948 -864
9728 100 2.4 -12212 -2992
9853 100 2.4 -11964 -2046
9980 100 2.4 -11908 -1420
10109 100 2.4 -12380 -672
10240 100 2.4 -12116 554
10372 100 2.4 -11556 1540
10505 100 2.4 -12244 1410
10641 100 2.4 -12144 -16
10778 100 2.4 -11840 -328
10917 100 2.4 -12472 -1070
11058 100 2.4 -11572 1060
11201 100 2.4 -12208 242
11345 100 2.4 -11976 -112
11491 100 2.4 -11740 246
11640 100 2.4 -11492 -288
11790 100 2.4 -12092 -1842
11942 100 2.4 -12484 -2884
12096 100 2.4 -11768 -1470
12252 100 2.4 -12364 -818
12410 100 2.4 -11728 -2090
12570 100 2.4 -12340 -1158
12732 100 2.4 -12372 -104
12896 100 2.4 -11820 1026
13062 100 2.4 -12028 -84
13231 100 2.4 -12052 974
13402 100 2.4 -12536 -894
13574 100 2.4 -11840 1278
13750 100 2.4 -12264 2224
13927 100 2.4 -12456 2950
14106 100 2.4 -12196 1502
14288 100 2.4 -11780 140
14473 100 2.4 -11872 -438
14659 100 2.4 -11780 160
14848 100 2.4 -12352 1406
15040 100 2.4 -11776 800
15234 100 2.4 -11796 1336
15430 100 2.4 -12428 -374
15629 100 2.4 -11972 328
15831 100 2.4 -12024 514
16035 100 2.4 -11800 -226
16242 100 2.4 -11752 -1258
16451 100 2.4 -11844 -930
16664 100 2.4 -12004 -360
16879 100 2.4 -12404 -58
17096 100 2.4 -11660 914
17317 100 2.4 -12092 -826
17540 100 2.4 -11632 348
17766 100 2.4 -12200 484
17995 100 2.4 -12212 -610
18228 100 2.4 -12028 110
18463 100 2.4 -12284 -208
18701 100 2.4 -11840 -2234
18942 100 2.4 -13008 -3802
19186 100 2.4 -11972 -3314
19434 100 2.4 -11500 -1986
19684 100 2.4 -12220 -386
19938 100 2.4 -11516 706
20195 100 2.4 -11904 -486
20456 100 2.4 -11844 -1708
20720 100 2.4 -12256 -188
20987 100 2.4 -12400 -168
21258 100 2.4 -12228 -582
21532 100 2.4 -12168 -2562
21810 100 2.4 -11884 -970
22091 100 2.4 -11820 -1320
22376 100 2.4 -12580 2066
22664 100 2.4 -11676 654
22957 100 2.4 -12072 460
23253 100 2.4 -12204 2806
23553 100 2.4 -12600 1124
23856 100 2.4 -12048 950
24164 100 2.4 -11660 -532
24476 100 2.4 -12176 1394
24791 100 2.4 -12604 446
25111 100 2.4 -11792 1024
25435 100 2.4 -11616 -514
25763 100 2.4 -11864 -2272
26095 100 2.4 -11708 -970
26432 100 2.4 -12528 906
26773 100 2.4 -11948 1080
27118 100 2.4 -12276 1904
27468 100 2.4 -11720 1322
27822 100 2.4 -12356 -828
28181 100 2.4 -11864 -792
28545 100 2.4 -12296 -428
28913 100 2.4 -11804 2494
29286 100 2.4 -11924 1166
29663 100 2.4 -12100 1100
30046 100 2.4 -12052 310
30434 100 2.4 -11908 828
30826 100 2.4 -12344 1204
31224 100 2.4 -11904 -1970
31626 100 2.4 -12184 -584
32034 100 2.4 -12548 -1202
32447 100 2.4 -12264 -1890
32866 100 2.4 -12056 -938
33290 100 2.4 -12180 -1088
33719 100 2.4 -12192 -1062
34154 100 2.4 -11944 -166
34595 100 2.4 -11824 -1594
35041 100 2.4 -12188 -1086
35493 100 2.4 -11568 620
35951 100 2.4 -12372 -52
36414 100 2.4 -11828 -2168
36884 100 2.4 -11896 -1008
37360 100 2.4 -12060 -354
37841 100 2.4 -12224 588
38330 100 2.4 -11944 328
38824 100 2.4 -12264 -580
39325 100 2.4 -12120 -586
39832 100 2.4 -11936 1274
40346 100 2.4 -12216 -16
40866 100 2.4 -11804 710
41393 100 2.4 -12324 1272
41927 100 2.4 -12036 2886
42468 100 2.4 -12020 1228
43015 100 2.4 -11948 3002
43570 100 2.4 -12196 1732
44132 100 2.4 -12104 -4
44701 100 2.4 -11448 -2440
45278 100 2.4 -12172 1768
45862 100 2.4 -11904 -6
46453 100 2.4 -11800 34
47053 100 2.4 -11496 860
47660 100 2.4 -11924 -586
48274 100 2.4 -12096 736
48897 100 2.4 -11716 -610
49528 100 2.4 -12192 1814
50166 100 2.4 -12272 572
50813 100 2.4 -11628 516
51469 100 2.4 -11976 1364
52133 100 2.4 -11884 890
52805 100 2.4 -11880 -286
53486 100 2.4 -11972 230
54176 100 2.4 -12148 -1700
54875 100 2.4 -12348 2216
55582 100 2.4 -11856 300
56299 100 2.4 -12260 -830
57025 100 2.4 -11804 1910
57761 100 2.4 -12148 -800
58506 100 2.4 -12196 -14
59261 100 2.4 -12268 2678
60025 100 2.4 -12204 -142
60799 100 2.4 -11956 -190
61583 100 2.4 -11816 492
62378 100 2.4 -12368 1604
63182 100 2.4 -11984 648
63997 100 2.4 -11964 736
64822 100 2.4 -12444 1648
65658 100 2.4 -11880 -352
66505 100 2.4 -12108 -1012
67363 100 2.4 -11680 -1072
68232 100 2.4 -11840 -264
69112 100 2.4 -12116 -1102
70003 100 2.4 -11992 -1234
70906 100 2.4 -12364 1242
71821 100 2.4 -11976 -1420
72747 100 2.4 -12316 132
73685 100 2.4 -12280 -744
74636 100 2.4 -12040 1766
75599 100 2.4 -11712 1306
76574 100 2.4 -11972 260
77561 100 2.4 -12028 832
78562 100 2.4 -12428 56
79575 100 2.4 -11884 330
80601 100 2.4 -11692 212
81641 100 2.4 -12196 1400
82694 100 2.4 -11984 -86
83760 100 2.4 -11784 -2760
84841 100 2.4 -12256 -424
85935 100 2.4 -11920 324
87043 100 2.4 -12264 1072
88166 100 2.4 -12372 988
89303 100 2.4 -11840 -10
90455 100 2.4 -11384 692
91622 100 2.4 -11784 -480
92803 100 2.4 -12556 2918
94000 100 2.4 -11680 1504
95213 100 2.4 -11760 476
96441 100 2.4 -12432 -1772
97685 100 2.4 -12160 2844
98945 100 2.4 -11412 -776
100221 100 2.4 -12176 972
101513 100 2.4 -12224 -504
102823 100 2.4 -11904 -64
104149 100 2.4 -12552 -1570
105492 100 2.4 -12032 1216
106853 100 2.4 -12068 954
108231 100 2.4 -11932 764
109627 100 2.4 -12200 256
111041 100 2.4 -12268 1852
112473 100 2.4 -12576 700
113924 100 2.4 -12268 2376
115393 100 2.4 -12220 -436
116882 100 2.4 -12132 -340
118389 100 2.4 -11992 -710
119916 100 2.4 -11952 -662
121463 100 2.4 -12064 -1118
123029 100 2.4 -11768 1726
124616 100 2.4 -11648 406
126224 100 2.4 -11664 1382
127852 100 2.4 -12156 792
129501 100 2.4 -11728 924
131171 100 2.4 -12104 1228
132863 100 2.4 -12084 1228
134576 100 2.4 -11896 -310
136312 100 2.4 -12068 2812
138070 100 2.4 -11808 1708
139851 100 2.4 -12248 -1084
141655 100 2.4 -12012 -1326
143482 100 2.4 -12060 -580
145333 100 2.4 -12116 634
147207 100 2.4 -12236 2222
149106 100 2.4 -11756 1276
151029 100 2.4 -12288 -1436
152977 100 2.4 -11912 -34
154950 100 2.4 -12348 1534
156948 100 2.4 -12468 708
158973 100 2.4 -12220 -1884
161023 100 2.4 -11864 96
163100 100 2.4 -12328 232
165204 100 2.4 -11880 8
167334 100 2.4 -11960 -1266
169493 100 2.4 -12356 534
171679 100 2.4 -12016 -820
173893 100 2.4 -12088 -1224
176136 100 2.4 -12012 1168
178408 100 2.4 -12136 250
180709 100 2.4 -11988 228
183040 100 2.4 -12088 -332
185400 100 2.4 -11988 -1522
187792 100 2.4 -12056 1156
190214 100 2.4 -12040 -1152
192667 100 2.4 -12016 -254
195152 100 2.4 -12140 -862
197669 100 2.4 -12164 1806
200219 100 2.4 -12520 1966
202801 100 2.4 -12220 698
205417 100 2.4 -12260 1492
208066 100 2.4 -11604 1416
210750 100 2.4 -12052 576
213468 100 2.4 -12260 866
216222 100 2.4 -12196 1312
219010 100 2.4 -11688 1724
221835 100 2.4 -12080 146
224696 100 2.4 -12092 48
227595 100 2.4 -11916 60
230530 100 2.4 -11624 2340
233503 100 2.4 -12396 1252
236515 100 2.4 -12104 -1314
239566 100 2.4 -11916 592
242656 100 2.4 -12212 766
245785 100 2.4 -12216 688
248956 100 2.4 -11900 352
252167 100 2.4 -11936 358
255419 100 2.4 -12220 -1422
258713 100 2.4 -12184 -708
262050 100 2.4 -12040 -1194
265430 100 2.4 -11908 -694
268854 100 2.4 -11664 -1674
272321 100 2.4 -11560 1388
275834 100 2.4 -11904 -600
279391 100 2.4 -12120 526
282995 100 2.4 -12444 2934
286645 100 2.4 -11764 -188
290342 100 2.4 -12164 758
294087 100 2.4 -12212 -1478
297880 100 2.4 -12624 -3186
301722 100 2.4 -11944 140
305614 100 2.4 -11988 -504
309556 100 2.4 -12264 1664
313548 100 2.4 -11652 142
317592 100 2.4 -11984 882
321689 100 2.4 -11940 -672
325838 100 2.4 -12480 -2202
330040 100 2.4 -11772 122
334297 100 2.4 -12068 942
338609 100 2.4 -11728 -280
342976 100 2.4 -12072 -1208
347400 100 2.4 -11944 -394
351881 100 2.4 -12116 1970
356419 100 2.4 -12160 -760
361016 100 2.4 -12340 62
365673 100 2.4 -12328 194
370389 100 2.4 -11916 -894
375167 100 2.4 -11944 374
380005 100 2.4 -11856 260
384907 100 2.4 -12704 2346
389871 100 2.4 -11908 -20
394900 100 2.4 -11876 -640
399993 100 2.4 -12192 222
405152 100 2.4 -11888 -1402
410378 100 2.4 -12188 -346
415671 100 2.4 -12184 -2308
421032 100 2.4 -11664 2240
426463 100 2.4 -12124 -598
431963 100 2.4 -11852 -1032
437535 100 2.4 -12200 -1172
443178 100 2.4 -12004 -330
448894 100 2.4 -11808 -988
454684 100 2.4 -11916 1234
460548 100 2.4 -12084 -1162
466489 100 2.4 -12008 1224
472505 100 2.4 -12064 -1580
478600 100 2.4 -12052 -356
484773 100 2.4 -12236 424
491025 100 2.4 -12384 312
497358 100 2.4 -11784 -1062
503773 100 2.4 -11952 -1744
510271 100 2.4 -12200 1232
516852 100 2.4 -12168 -1652
523519 100 2.4 -12332 -76
530271 100 2.4 -12164 868
537111 100 2.4 -11740 -16
544038 100 2.4 -12372 -2208
551055 100 2.4 -12388 1990
558163 100 2.4 -12040 -426
565362 100 2.4 -11860 218
572654 100 2.4 -11844 -228
580040 100 2.4 -12404 2182
587521 100 2.4 -12188 1078
595099 100 2.4 -12028 -1990
602775 100 2.4 -12068 -154
610549 100 2.4 -12320 1686
618424 100 2.4 -12332 -1524
626400 100 2.4 -12088 -1334
634480 100 2.4 -12288 -992
642663 100 2.4 -11548 -954
650952 100 2.4 -12296 -970
659348 100 2.4 -12328 642
667853 100 2.4 -11860 1522
676467 100 2.4 -11408 2108
685192 100 2.4 -12208 2682
694029 100 2.4 -12224 1740
702981 100 2.4 -12060 330
712048 100 2.4 -12156 2076
721232 100 2.4 -11556 -732
730534 100 2.4 -12280 -232
739957 100 2.4 -11516 1362
749500 100 2.4 -12148 -1290
759168 100 2.4 -11804 252
768959 100 2.4 -11368 -364
778877 100 2.4 -11708 1312
788923 100 2.4 -12272 -610
799099 100 2.4 -11832 704
809405 100 2.4 -12344 2838
819845 100 2.4 -12176 -1432
830419 100 2.4 -12080 -566
841130 100 2.4 -12216 2204
851979 100 2.4 -11852 74
862968 100 2.4 -12264 -914
874098 100 2.4 -12292 230
885373 100 2.4 -12068 -94
896792 100 2.4 -11908 -1388
908359 100 2.4 -11704 998
920075 100 2.4 -12204 56
931942 100 2.4 -11960 440
943962 100 2.4 -11708 96
956137 100 2.4 -12424 -198
968470 100 2.4 -11892 510
980961 100 2.4 -11752 -412
993613 100 2.4 -11936 -940
999999 100 2.4 -11832 556
