3 60 2.4 -3148 -4
4 60 2.4 -3444 -102
5 60 2.4 -3648 -70
6 60 2.4 -3640 -150
7 60 2.4 -3740 -158
8 60 2.4 -3724 -224
9 60 2.4 -3832 -292
10 60 2.4 -4032 -228
11 60 2.4 -3984 -186
12 60 2.4 -4116 -288
13 60 2.4 -4136 -320
14 60 2.4 -4048 -284
15 60 2.4 -4016 -378
16 60 2.4 -4108 -332
17 60 2.4 -4012 -342
18 60 2.4 -4012 -286
19 60 2.4 -3880 -230
20 60 2.4 -4000 -222
21 60 2.4 -4176 -232
22 60 2.4 -4168 -240
23 60 2.4 -4164 -274
24 60 2.4 -4220 -244
25 60 2.4 -4260 -254
26 60 2.4 -4268 -210
27 60 2.4 -4096 -184
28 60 2.4 -4068 -144
29 60 2.4 -4068 -196
30 60 2.4 -4012 -320
31 60 2.4 -4128 -290
32 60 2.4 -4168 -420
33 60 2.4 -4072 -436
34 60 2.4 -4108 -464
35 60 2.4 -4060 -534
36 60 2.4 -4008 -348
37 60 2.4 -4024 -418
38 60 2.4 -3988 -360
39 60 2.4 -4056 -258
40 60 2.4 -4160 -326
41 60 2.4 -4184 -466
42 60 2.4 -4192 -464
43 60 2.4 -4144 -464
44 60 2.4 -4360 -466
45 60 2.4 -4444 -340
46 60 2.4 -4532 -312
47 60 2.4 -4332 -294
48 60 2.4 -4344 -220
49 60 2.4 -4208 -250
50 60 2.4 -4204 -370
51 60 2.4 -4176 -290
52 60 2.4 -4320 -388
53 60 2.4 -4352 -370
54 60 2.4 -4168 -344
55 60 2.4 -4176 -312
56 60 2.4 -4168 -364
57 60 2.4 -4308 -386
58 60 2.4 -4480 -362
59 60 2.4 -4452 -368
60 60 2.4 -4216 -404
61 60 2.4 -4168 -472
62 60 2.4 -4156 -596
63 60 2.4 -4280 -528
64 60 2.4 -4292 -620
65 60 2.4 -4364 -652
66 60 2.4 -4096 -642
67 60 2.4 -4188 -674
68 60 2.4 -4208 -620
69 60 2.4 -4252 -572
70 60 2.4 -4196 -576
71 60 2.4 -4212 -592
72 60 2.4 -4304 -524
73 60 2.4 -4308 -562
74 60 2.4 -4212 -542
75 60 2.4 -4392 -530
76 60 2.4 -4428 -544
77 60 2.4 -4368 -602
78 60 2.4 -4404 -606
79 60 2.4 -4384 -524
80 60 2.4 -4356 -572
81 60 2.4 -4524 -670
82 60 2.4 -4420 -666
83 60 2.4 -4524 -686
84 60 2.4 -4400 -708
85 60 2.4 -4356 -760
86 60 2.4 -4328 -872
88 60 2.4 -4264 -746
89 60 2.4 -4248 -738
90 60 2.4 -4300 -796
91 60 2.4 -4460 -786
92 60 2.4 -4436 -844
93 60 2.4 -4484 -882
95 60 2.4 -4352 -976
96 60 2.4 -4264 -1020
97 60 2.4 -4276 -916
98 60 2.4 -4168 -788
99 60 2.4 -4244 -740
101 60 2.4 -4108 -692
102 60 2.4 -4080 -756
103 60 2.4 -4092 -738
105 60 2.4 -4240 -748
106 60 2.4 -4152 -728
107 60 2.4 -4280 -706
109 60 2.4 -4208 -716
110 60 2.4 -4032 -578
112 60 2.4 -4080 -542
113 60 2.4 -4200 -642
114 60 2.4 -4076 -670
116 60 2.4 -4360 -714
117 60 2.4 -4256 -698
119 60 2.4 -4348 -762
120 60 2.4 -4340 -722
122 60 2.4 -4196 -740
124 60 2.4 -4348 -844
125 60 2.4 -4372 -820
127 60 2.4 -4196 -716
128 60 2.4 -4140 -776
130 60 2.4 -4264 -832
132 60 2.4 -4036 -840
133 60 2.4 -4108 -790
135 60 2.4 -4264 -814
137 60 2.4 -4068 -746
139 60 2.4 -4104 -730
140 60 2.4 -4260 -720
142 60 2.4 -4148 -572
144 60 2.4 -4388 -622
146 60 2.4 -4468 -814
148 60 2.4 -4344 -870
150 60 2.4 -4284 -852
152 60 2.4 -4284 -998
154 60 2.4 -4148 -904
155 60 2.4 -4280 -1004
157 60 2.4 -4212 -888
160 60 2.4 -4188 -648
162 60 2.4 -4292 -606
164 60 2.4 -4312 -742
166 60 2.4 -4252 -696
168 60 2.4 -4288 -700
170 60 2.4 -4308 -576
172 60 2.4 -4164 -572
174 60 2.4 -4288 -432
177 60 2.4 -4204 -238
179 60 2.4 -4296 -94
181 60 2.4 -4320 -94
184 60 2.4 -4460 58
186 60 2.4 -4100 52
188 60 2.4 -4156 -58
191 60 2.4 -4148 -40
193 60 2.4 -4024 96
196 60 2.4 -4296 122
198 60 2.4 -4320 222
201 60 2.4 -4616 118
203 60 2.4 -4436 200
206 60 2.4 -4316 14
209 60 2.4 -4284 -12
211 60 2.4 -4476 -76
214 60 2.4 -4396 -42
217 60 2.4 -4248 -230
220 60 2.4 -4352 -146
222 60 2.4 -4220 -54
225 60 2.4 -4312 -54
228 60 2.4 -4252 -8
231 60 2.4 -4248 -64
234 60 2.4 -4264 -66
237 60 2.4 -4204 -34
240 60 2.4 -4196 -120
243 60 2.4 -4168 -22
246 60 2.4 -4288 28
250 60 2.4 -3952 34
253 60 2.4 -4204 -148
256 60 2.4 -4132 -138
259 60 2.4 -4024 -82
263 60 2.4 -4120 -8
266 60 2.4 -4200 92
269 60 2.4 -4072 124
273 60 2.4 -4184 -10
276 60 2.4 -4136 -78
280 60 2.4 -4072 -124
284 60 2.4 -4228 -292
287 60 2.4 -4492 -432
291 60 2.4 -4148 -426
295 60 2.4 -4256 -820
298 60 2.4 -4144 -760
302 60 2.4 -4332 -680
306 60 2.4 -4276 -702
310 60 2.4 -4328 -940
314 60 2.4 -4500 -984
318 60 2.4 -4172 -950
322 60 2.4 -4332 -790
326 60 2.4 -4324 -712
331 60 2.4 -4108 -562
335 60 2.4 -4200 -512
339 60 2.4 -4224 -520
344 60 2.4 -4228 -252
348 60 2.4 -4464 -106
352 60 2.4 -4224 96
357 60 2.4 -4448 34
362 60 2.4 -4308 -118
366 60 2.4 -4480 -132
371 60 2.4 -4256 -186
376 60 2.4 -4180 -242
381 60 2.4 -4392 -268
385 60 2.4 -4340 -90
390 60 2.4 -4256 -54
395 60 2.4 -4396 -66
401 60 2.4 -4496 -114
406 60 2.4 -4220 -44
411 60 2.4 -4300 -18
416 60 2.4 -4320 132
422 60 2.4 -4000 -130
427 60 2.4 -4144 -22
433 60 2.4 -4328 230
438 60 2.4 -4092 210
444 60 2.4 -4296 514
449 60 2.4 -4404 372
455 60 2.4 -4352 88
461 60 2.4 -4292 224
467 60 2.4 -4200 276
473 60 2.4 -4408 336
479 60 2.4 -4452 242
485 60 2.4 -4264 268
492 60 2.4 -4372 538
498 60 2.4 -4380 418
504 60 2.4 -4648 592
511 60 2.4 -4612 312
517 60 2.4 -4476 254
524 60 2.4 -4456 380
531 60 2.4 -4656 114
538 60 2.4 -4328 322
545 60 2.4 -4340 232
552 60 2.4 -4280 396
559 60 2.4 -4380 510
566 60 2.4 -4372 600
573 60 2.4 -4320 654
581 60 2.4 -4260 680
588 60 2.4 -4492 634
596 60 2.4 -4736 946
603 60 2.4 -4808 978
611 60 2.4 -4280 822
619 60 2.4 -4452 654
627 60 2.4 -4784 580
635 60 2.4 -4324 688
643 60 2.4 -4552 712
652 60 2.4 -4304 798
660 60 2.4 -4560 890
668 60 2.4 -4428 892
677 60 2.4 -4236 796
686 60 2.4 -4344 690
695 60 2.4 -4208 398
704 60 2.4 -4264 476
713 60 2.4 -4356 694
722 60 2.4 -4332 634
731 60 2.4 -4484 444
741 60 2.4 -4424 352
750 60 2.4 -4544 666
760 60 2.4 -4464 406
770 60 2.4 -4340 304
780 60 2.4 -4244 66
790 60 2.4 -4396 452
800 60 2.4 -4292 344
810 60 2.4 -4416 610
821 60 2.4 -4324 562
831 60 2.4 -4424 798
842 60 2.4 -4356 814
853 60 2.4 -4124 926
864 60 2.4 -4120 570
875 60 2.4 -4392 540
886 60 2.4 -4148 462
897 60 2.4 -4456 356
909 60 2.4 -4428 338
921 60 2.4 -4168 146
933 60 2.4 -4448 80
945 60 2.4 -4180 -142
957 60 2.4 -4220 -236
969 60 2.4 -4272 -602
982 60 2.4 -4580 -740
994 60 2.4 -4368 -640
1007 60 2.4 -4520 -762
1020 60 2.4 -4548 -704
1033 60 2.4 -4232 -230
1047 60 2.4 -4296 -368
1060 60 2.4 -4404 -294
1074 60 2.4 -4272 -358
1088 60 2.4 -3880 -204
1102 60 2.4 -4028 230
1116 60 2.4 -4204 290
1130 60 2.4 -4324 204
1145 60 2.4 -4220 -66
1160 60 2.4 -4308 -200
1174 60 2.4 -4408 8
1190 60 2.4 -4116 252
1205 60 2.4 -4252 10
1220 60 2.4 -4264 56
1236 60 2.4 -4132 140
1252 60 2.4 -4160 98
1268 60 2.4 -4328 244
1285 60 2.4 -4256 442
1301 60 2.4 -4592 592
1318 60 2.4 -4276 648
1335 60 2.4 -4304 138
1352 60 2.4 -4184 408
1370 60 2.4 -4304 634
1387 60 2.4 -4340 710
1405 60 2.4 -4512 940
1423 60 2.4 -4380 726
1442 60 2.4 -4564 794
1460 60 2.4 -4296 534
1479 60 2.4 -4492 1004
1498 60 2.4 -4404 1024
1517 60 2.4 -4340 932
1537 60 2.4 -4296 1242
1557 60 2.4 -4080 1098
1577 60 2.4 -4288 848
1597 60 2.4 -4332 786
1618 60 2.4 -4104 826
1639 60 2.4 -4148 476
1660 60 2.4 -4352 814
1681 60 2.4 -4080 668
1703 60 2.4 -4216 616
1725 60 2.4 -4224 700
1747 60 2.4 -4072 246
1770 60 2.4 -4120 84
1792 60 2.4 -4008 98
1816 60 2.4 -4372 -154
1839 60 2.4 -4240 -70
1863 60 2.4 -4192 -10
1887 60 2.4 -4264 -66
1911 60 2.4 -4100 -266
1936 60 2.4 -4200 -188
1961 60 2.4 -4188 -80
1986 60 2.4 -4012 346
2012 60 2.4 -4252 440
2037 60 2.4 -4276 222
2064 60 2.4 -4072 122
2090 60 2.4 -4480 42
2117 60 2.4 -4228 448
2145 60 2.4 -4388 726
2172 60 2.4 -4376 1036
2200 60 2.4 -4432 1312
2229 60 2.4 -4120 428
2257 60 2.4 -4352 466
2286 60 2.4 -4188 296
2316 60 2.4 -4244 -136
2346 60 2.4 -4316 -342
2376 60 2.4 -4224 -350
2407 60 2.4 -4320 -574
2438 60 2.4 -4652 -110
2469 60 2.4 -4588 106
2501 60 2.4 -4168 116
2533 60 2.4 -4324 -298
2566 60 2.4 -4364 -180
2599 60 2.4 -4128 -420
2633 60 2.4 -4464 -964
2667 60 2.4 -4220 -536
2701 60 2.4 -4376 -482
2736 60 2.4 -4348 -352
2771 60 2.4 -4224 228
2807 60 2.4 -4268 502
2843 60 2.4 -4156 268
2880 60 2.4 -4016 136
2917 60 2.4 -4356 -372
2954 60 2.4 -4460 -1120
2992 60 2.4 -4448 -882
3031 60 2.4 -4240 -1018
3070 60 2.4 -4216 -1058
3110 60 2.4 -4196 -432
3150 60 2.4 -4192 -210
3190 60 2.4 -4596 262
3232 60 2.4 -4300 432
3273 60 2.4 -4296 700
3315 60 2.4 -4532 314
3358 60 2.4 -4332 516
3402 60 2.4 -4376 710
3445 60 2.4 -4336 276
3490 60 2.4 -4076 178
3535 60 2.4 -4348 -72
3580 60 2.4 -4464 -156
3627 60 2.4 -4192 460
3673 60 2.4 -4296 -220
3721 60 2.4 -4376 -646
3769 60 2.4 -4204 -514
3817 60 2.4 -4264 -364
3867 60 2.4 -4120 -322
3916 60 2.4 -4196 250
3967 60 2.4 -4156 -26
4018 60 2.4 -4016 58
4070 60 2.4 -4612 56
4122 60 2.4 -4668 -222
4176 60 2.4 -4368 -614
4229 60 2.4 -4616 -426
4284 60 2.4 -4508 -196
4339 60 2.4 -4388 -632
4395 60 2.4 -4668 -878
4452 60 2.4 -4424 -818
4509 60 2.4 -4408 -520
4567 60 2.4 -4464 -274
4626 60 2.4 -4280 -586
4686 60 2.4 -4340 -172
4746 60 2.4 -4368 -228
4808 60 2.4 -4376 594
4870 60 2.4 -4436 1128
4932 60 2.4 -4268 856
4996 60 2.4 -4296 498
5060 60 2.4 -4372 164
5126 60 2.4 -4280 744
5192 60 2.4 -4148 314
5259 60 2.4 -4280 490
5327 60 2.4 -4208 262
5395 60 2.4 -4340 534
5465 60 2.4 -4192 -380
5535 60 2.4 -4332 -162
5607 60 2.4 -4256 -36
5679 60 2.4 -4200 160
5752 60 2.4 -4236 606
5826 60 2.4 -4300 876
5902 60 2.4 -4324 202
5978 60 2.4 -4412 -832
6055 60 2.4 -4376 -618
6133 60 2.4 -4228 -1022
6212 60 2.4 -4168 -320
6292 60 2.4 -4332 592
6373 60 2.4 -4336 780
6455 60 2.4 -4236 -44
6539 60 2.4 -4300 -1290
6623 60 2.4 -4556 -1346
6708 60 2.4 -4548 -1334
6795 60 2.4 -4336 -748
6883 60 2.4 -4456 -1504
6971 60 2.4 -4368 -604
7061 60 2.4 -4604 -256
7152 60 2.4 -4476 -468
7245 60 2.4 -4356 -156
7338 60 2.4 -4332 -312
7433 60 2.4 -4308 -1224
7529 60 2.4 -4492 -1516
7626 60 2.4 -4496 -1004
7724 60 2.4 -4368 -654
7824 60 2.4 -4676 -106
7925 60 2.4 -4472 -532
8027 60 2.4 -4272 -590
8130 60 2.4 -4292 -106
8235 60 2.4 -4456 806
8341 60 2.4 -4296 418
8449 60 2.4 -4336 508
8558 60 2.4 -4316 -14
8668 60 2.4 -4384 -8
8780 60 2.4 -4356 828
8893 60 2.4 -4176 124
9008 60 2.4 -4184 96
9124 60 2.4 -4180 -246
9242 60 2.4 -4396 -924
9361 60 2.4 -4428 -164
9482 60 2.4 -4524 116
9604 60 2.4 -4276 346
9728 60 2.4 -4384 762
9853 60 2.4 -4440 460
9980 60 2.4 -4216 66
10109 60 2.4 -4384 -918
10240 60 2.4 -4396 -946
10372 60 2.4 -4300 600
10505 60 2.4 -4404 352
10641 60 2.4 -4300 386
10778 60 2.4 -4664 806
10917 60 2.4 -4044 -330
11058 60 2.4 -4156 -168
11201 60 2.4 -4216 368
11345 60 2.4 -4072 262
11491 60 2.4 -4216 844
11640 60 2.4 -4552 -354
11790 60 2.4 -4416 -96
11942 60 2.4 -4432 -312
12096 60 2.4 -4344 1008
12252 60 2.4 -4404 524
12410 60 2.4 -4424 922
12570 60 2.4 -4464 820
12732 60 2.4 -4420 -202
12896 60 2.4 -4220 216
13062 60 2.4 -4556 926
13231 60 2.4 -4432 1564
13402 60 2.4 -4456 1442
13574 60 2.4 -4276 1364
13750 60 2.4 -4340 1134
13927 60 2.4 -4600 354
14106 60 2.4 -4368 446
14288 60 2.4 -4444 254
14473 60 2.4 -4332 236
14659 60 2.4 -4228 -748
14848 60 2.4 -4252 638
15040 60 2.4 -4244 142
15234 60 2.4 -4504 -560
15430 60 2.4 -4148 -146
15629 60 2.4 -4256 -604
15831 60 2.4 -4132 -36
16035 60 2.4 -4272 -404
16242 60 2.4 -4880 -1642
16451 60 2.4 -4108 -744
16664 60 2.4 -4672 -356
16879 60 2.4 -4376 174
17096 60 2.4 -4264 772
17317 60 2.4 -4304 254
17540 60 2.4 -4256 282
17766 60 2.4 -4444 1158
17995 60 2.4 -4296 184
18228 60 2.4 -4416 544
18463 60 2.4 -4476 -840
18701 60 2.4 -4248 488
18942 60 2.4 -4224 -360
19186 60 2.4 -4104 450
19434 60 2.4 -4296 480
19684 60 2.4 -4292 258
19938 60 2.4 -4296 740
20195 60 2.4 -4624 786
20456 60 2.4 -4576 262
20720 60 2.4 -4172 -554
20987 60 2.4 -4280 -706
21258 60 2.4 -4392 -800
21532 60 2.4 -4464 -562
21810 60 2.4 -4284 -1300
22091 60 2.4 -4184 -762
22376 60 2.4 -4348 -1116
22664 60 2.4 -4496 -798
22957 60 2.4 -4200 -966
23253 60 2.4 -4472 -290
23553 60 2.4 -4180 242
23856 60 2.4 -4276 1242
24164 60 2.4 -3956 132
24476 60 2.4 -4396 1368
24791 60 2.4 -4388 930
25111 60 2.4 -4120 -56
25435 60 2.4 -4192 288
25763 60 2.4 -4272 1440
26095 60 2.4 -3936 72
26432 60 2.4 -4340 312
26773 60 2.4 -4288 -90
27118 60 2.4 -4484 1838
27468 60 2.4 -4128 150
27822 60 2.4 -4548 -360
28181 60 2.4 -4348 -172
28545 60 2.4 -4464 -146
28913 60 2.4 -4144 -556
29286 60 2.4 -4288 -350
29663 60 2.4 -4100 -1118
30046 60 2.4 -4196 -640
30434 60 2.4 -4504 -914
30826 60 2.4 -4380 -528
31224 60 2.4 -4756 -712
31626 60 2.4 -4476 -1618
32034 60 2.4 -4400 -516
32447 60 2.4 -4364 792
32866 60 2.4 -4192 492
33290 60 2.4 -4276 -254
33719 60 2.4 -4248 380
34154 60 2.4 -4276 -402
34595 60 2.4 -4216 -324
35041 60 2.4 -4312 -808
35493 60 2.4 -4288 -1450
35951 60 2.4 -4272 -704
36414 60 2.4 -4620 -1530
36884 60 2.4 -4268 -654
37360 60 2.4 -4512 466
37841 60 2.4 -4328 1208
38330 60 2.4 -4552 -992
38824 60 2.4 -4436 874
39325 60 2.4 -4220 -74
39832 60 2.4 -4444 148
40346 60 2.4 -4320 -1226
40866 60 2.4 -4092 -886
41393 60 2.4 -4156 456
41927 60 2.4 -4384 -44
42468 60 2.4 -4292 260
43015 60 2.4 -4332 -268
43570 60 2.4 -4204 -186
44132 60 2.4 -4572 1388
44701 60 2.4 -4356 -216
45278 60 2.4 -4252 714
45862 60 2.4 -4440 478
46453 60 2.4 -4180 652
47053 60 2.4 -4344 186
47660 60 2.4 -4592 1210
48274 60 2.4 -4436 478
48897 60 2.4 -4276 1304
49528 60 2.4 -4192 1018
50166 60 2.4 -4312 1160
50813 60 2.4 -4284 646
51469 60 2.4 -4368 560
52133 60 2.4 -4056 214
52805 60 2.4 -4524 -900
53486 60 2.4 -4348 -830
54176 60 2.4 -4436 728
54875 60 2.4 -4412 1544
55582 60 2.4 -4136 -510
56299 60 2.4 -4288 840
57025 60 2.4 -4284 462
57761 60 2.4 -4444 -432
58506 60 2.4 -4228 -444
59261 60 2.4 -4060 -762
60025 60 2.4 -4228 2
60799 60 2.4 -4536 -1080
61583 60 2.4 -4316 124
62378 60 2.4 -4344 -388
63182 60 2.4 -4484 1110
63997 60 2.4 -4172 -788
64822 60 2.4 -4572 -932
65658 60 2.4 -4392 914
66505 60 2.4 -4400 54
67363 60 2.4 -4300 -610
68232 60 2.4 -4324 -672
69112 60 2.4 -4204 -920
70003 60 2.4 -4368 -204
70906 60 2.4 -4052 -880
71821 60 2.4 -4568 -1222
72747 60 2.4 -4140 -532
73685 60 2.4 -4028 -526
74636 60 2.4 -4088 778
75599 60 2.4 -4464 -1724
76574 60 2.4 -4332 -456
77561 60 2.4 -4324 968
78562 60 2.4 -4440 -412
79575 60 2.4 -4412 -150
80601 60 2.4 -4020 -574
81641 60 2.4 -4216 -490
82694 60 2.4 -4224 416
83760 60 2.4 -4456 812
84841 60 2.4 -4440 1486
85935 60 2.4 -4492 -1380
87043 60 2.4 -4604 -300
88166 60 2.4 -4420 -172
89303 60 2.4 -4340 -242
90455 60 2.4 -4404 -414
91622 60 2.4 -4320 1306
92803 60 2.4 -4340 -724
94000 60 2.4 -4348 -848
95213 60 2.4 -4272 -858
96441 60 2.4 -4464 646
97685 60 2.4 -4392 100
98945 60 2.4 -4308 162
100221 60 2.4 -4180 -446
101513 60 2.4 -4492 550
102823 60 2.4 -4648 2120
104149 60 2.4 -4128 248
105492 60 2.4 -4408 96
106853 60 2.4 -4488 1282
108231 60 2.4 -4352 942
109627 60 2.4 -4268 -312
111041 60 2.4 -4360 -710
112473 60 2.4 -4256 -298
113924 60 2.4 -4520 1012
115393 60 2.4 -4324 1502
116882 60 2.4 -4376 -860
118389 60 2.4 -4112 -496
119916 60 2.4 -4272 -736
121463 60 2.4 -4304 424
123029 60 2.4 -4368 638
124616 60 2.4 -4164 210
126224 60 2.4 -4064 -30
127852 60 2.4 -4136 280
129501 60 2.4 -4420 -22
131171 60 2.4 -4408 524
132863 60 2.4 -4312 948
134576 60 2.4 -4328 -806
136312 60 2.4 -4460 -1460
138070 60 2.4 -4420 -314
139851 60 2.4 -4456 496
141655 60 2.4 -4392 560
143482 60 2.4 -4228 374
145333 60 2.4 -4432 -158
147207 60 2.4 -4356 -138
149106 60 2.4 -4540 1624
151029 60 2.4 -4168 -386
152977 60 2.4 -4428 -668
154950 60 2.4 -4156 358
156948 60 2.4 -4028 -188
158973 60 2.4 -4652 -496
161023 60 2.4 -4352 920
163100 60 2.4 -4568 134
165204 60 2.4 -4384 -1052
167334 60 2.4 -4256 -614
169493 60 2.4 -4256 1048
171679 60 2.4 -4500 962
173893 60 2.4 -4164 236
176136 60 2.4 -4328 434
178408 60 2.4 -4200 -242
180709 60 2.4 -4168 650
183040 60 2.4 -4012 -234
185400 60 2.4 -4416 378
187792 60 2.4 -4264 1286
190214 60 2.4 -4548 2060
192667 60 2.4 -4380 -1062
195152 60 2.4 -4412 -1352
197669 60 2.4 -4308 100
200219 60 2.4 -4500 -664
202801 60 2.4 -4592 -1332
205417 60 2.4 -4260 -632
208066 60 2.4 -4288 184
210750 60 2.4 -4380 -1742
213468 60 2.4 -4424 -480
216222 60 2.4 -4444 998
219010 60 2.4 -4192 -44
221835 60 2.4 -4188 -654
224696 60 2.4 -4164 288
227595 60 2.4 -4364 1344
230530 60 2.4 -4208 154
233503 60 2.4 -4048 308
236515 60 2.4 -4684 -1814
239566 60 2.4 -4200 168
242656 60 2.4 -4472 -1302
245785 60 2.4 -4240 76
248956 60 2.4 -4348 -894
252167 60 2.4 -4192 -194
255419 60 2.4 -4536 1540
258713 60 2.4 -4328 -8
262050 60 2.4 -4400 -690
265430 60 2.4 -4692 -1986
268854 60 2.4 -4424 1112
272321 60 2.4 -4520 -306
275834 60 2.4 -4052 562
279391 60 2.4 -4376 376
282995 60 2.4 -4336 454
286645 60 2.4 -4188 -858
290342 60 2.4 -4508 128
294087 60 2.4 -4332 660
297880 60 2.4 -4252 736
301722 60 2.4 -4300 678
305614 60 2.4 -4284 -192
309556 60 2.4 -4236 196
313548 60 2.4 -3928 -484
317592 60 2.4 -4408 1282
321689 60 2.4 -4180 384
325838 60 2.4 -4284 232
330040 60 2.4 -4524 -1780
334297 60 2.4 -4336 12
338609 60 2.4 -4300 -134
342976 60 2.4 -4200 -906
347400 60 2.4 -4132 -94
351881 60 2.4 -4252 586
356419 60 2.4 -4204 484
361016 60 2.4 -4452 640
365673 60 2.4 -4420 -458
370389 60 2.4 -4116 -472
375167 60 2.4 -4088 -672
380005 60 2.4 -3972 544
384907 60 2.4 -4424 308
389871 60 2.4 -4868 -1820
394900 60 2.4 -4380 522
399993 60 2.4 -4516 14
405152 60 2.4 -4396 -792
410378 60 2.4 -4248 -732
415671 60 2.4 -4400 -328
421032 60 2.4 -4264 602
426463 60 2.4 -4328 800
431963 60 2.4 -4256 604
437535 60 2.4 -4724 1200
443178 60 2.4 -4208 1338
448894 60 2.4 -4344 -152
454684 60 2.4 -4484 914
460548 60 2.4 -4200 -482
466489 60 2.4 -4232 -556
472505 60 2.4 -4076 -410
478600 60 2.4 -4228 190
484773 60 2.4 -4296 204
491025 60 2.4 -4332 -100
497358 60 2.4 -4216 -1050
503773 60 2.4 -4020 -528
510271 60 2.4 -4364 -460
516852 60 2.4 -4400 -98
523519 60 2.4 -4648 1036
530271 60 2.4 -4328 -38
537111 60 2.4 -4140 842
544038 60 2.4 -4532 -914
551055 60 2.4 -4496 1286
558163 60 2.4 -4256 1134
565362 60 2.4 -4164 612
572654 60 2.4 -4208 -16
580040 60 2.4 -4372 404
587521 60 2.4 -4764 -1762
595099 60 2.4 -4212 1014
602775 60 2.4 -4180 350
610549 60 2.4 -4324 -844
618424 60 2.4 -4480 -542
626400 60 2.4 -4248 -652
634480 60 2.4 -4072 -376
642663 60 2.4 -4364 -1508
650952 60 2.4 -4076 816
659348 60 2.4 -4592 -654
667853 60 2.4 -4356 -1460
676467 60 2.4 -4244 146
685192 60 2.4 -4336 786
694029 60 2.4 -4176 -684
702981 60 2.4 -4504 786
712048 60 2.4 -4320 1210
721232 60 2.4 -4200 -1058
730534 60 2.4 -4200 244
739957 60 2.4 -4196 -1212
749500 60 2.4 -4364 980
759168 60 2.4 -4416 1212
768959 60 2.4 -4412 250
778877 60 2.4 -4548 1440
788923 60 2.4 -4436 956
799099 60 2.4 -4364 1520
809405 60 2.4 -4180 582
819845 60 2.4 -4380 1148
830419 60 2.4 -4280 -750
841130 60 2.4 -4220 1146
851979 60 2.4 -4540 -1030
862968 60 2.4 -4524 346
874098 60 2.4 -4460 -100
885373 60 2.4 -4728 346
896792 60 2.4 -4464 580
908359 60 2.4 -4236 1074
920075 60 2.4 -4460 908
931942 60 2.4 -4168 -340
943962 60 2.4 -4288 40
956137 60 2.4 -4224 -90
968470 60 2.4 -4696 -2030
980961 60 2.4 -4264 -526
993613 60 2.4 -4192 108
999999 60 2.4 -4324 340
