3 20 2.2 -368 72
4 20 2.2 -372 46
5 20 2.2 -408 12
6 20 2.2 -456 6
7 20 2.2 -452 -20
8 20 2.2 -444 -54
9 20 2.2 -444 -18
10 20 2.2 -464 -14
11 20 2.2 -412 -10
12 20 2.2 -432 -26
13 20 2.2 -436 -44
14 20 2.2 -480 -22
15 20 2.2 -516 -12
16 20 2.2 -496 -18
17 20 2.2 -492 2
18 20 2.2 -460 -36
19 20 2.2 -428 2
20 20 2.2 -472 0
21 20 2.2 -452 2
22 20 2.2 -488 12
23 20 2.2 -512 26
24 20 2.2 -464 16
25 20 2.2 -464 -24
26 20 2.2 -500 -28
27 20 2.2 -460 -56
28 20 2.2 -488 -40
29 20 2.2 -504 -38
30 20 2.2 -488 -58
31 20 2.2 -492 -76
32 20 2.2 -488 -80
33 20 2.2 -452 -46
34 20 2.2 -512 -42
35 20 2.2 -524 -72
36 20 2.2 -536 -72
37 20 2.2 -528 -68
38 20 2.2 -520 -78
39 20 2.2 -524 -78
40 20 2.2 -528 -92
41 20 2.2 -528 -104
42 20 2.2 -552 -146
43 20 2.2 -556 -186
44 20 2.2 -588 -146
45 20 2.2 -564 -154
46 20 2.2 -528 -152
47 20 2.2 -560 -144
48 20 2.2 -568 -164
49 20 2.2 -564 -146
50 20 2.2 -556 -118
51 20 2.2 -532 -98
52 20 2.2 -500 -108
53 20 2.2 -472 -88
54 20 2.2 -496 -108
55 20 2.2 -492 -90
56 20 2.2 -496 -98
57 20 2.2 -556 -112
58 20 2.2 -540 -128
59 20 2.2 -548 -128
60 20 2.2 -476 -134
61 20 2.2 -476 -130
62 20 2.2 -472 -134
63 20 2.2 -508 -120
64 20 2.2 -548 -146
65 20 2.2 -512 -146
66 20 2.2 -544 -174
67 20 2.2 -548 -188
68 20 2.2 -560 -200
69 20 2.2 -540 -188
70 20 2.2 -464 -158
71 20 2.2 -520 -208
72 20 2.2 -528 -196
73 20 2.2 -560 -216
74 20 2.2 -516 -186
75 20 2.2 -516 -212
76 20 2.2 -544 -204
77 20 2.2 -596 -232
78 20 2.2 -592 -244
79 20 2.2 -568 -256
80 20 2.2 -504 -260
81 20 2.2 -544 -248
82 20 2.2 -584 -262
83 20 2.2 -584 -282
84 20 2.2 -572 -274
85 20 2.2 -528 -268
86 20 2.2 -556 -262
88 20 2.2 -592 -268
89 20 2.2 -584 -278
90 20 2.2 -568 -278
91 20 2.2 -500 -252
92 20 2.2 -488 -240
93 20 2.2 -488 -252
95 20 2.2 -536 -268
96 20 2.2 -524 -256
97 20 2.2 -528 -244
98 20 2.2 -528 -248
99 20 2.2 -560 -270
101 20 2.2 -592 -248
102 20 2.2 -572 -260
103 20 2.2 -576 -246
105 20 2.2 -552 -250
106 20 2.2 -540 -222
107 20 2.2 -532 -220
109 20 2.2 -512 -184
110 20 2.2 -504 -176
112 20 2.2 -588 -222
113 20 2.2 -568 -218
114 20 2.2 -512 -208
116 20 2.2 -568 -256
117 20 2.2 -536 -248
119 20 2.2 -612 -278
120 20 2.2 -592 -276
122 20 2.2 -596 -254
124 20 2.2 -604 -262
125 20 2.2 -564 -248
127 20 2.2 -588 -234
128 20 2.2 -580 -224
130 20 2.2 -560 -196
132 20 2.2 -524 -214
133 20 2.2 -512 -226
135 20 2.2 -572 -242
137 20 2.2 -564 -282
139 20 2.2 -592 -278
140 20 2.2 -588 -304
142 20 2.2 -632 -328
144 20 2.2 -588 -316
146 20 2.2 -628 -324
148 20 2.2 -632 -330
150 20 2.2 -648 -352
152 20 2.2 -720 -364
154 20 2.2 -624 -310
155 20 2.2 -608 -302
157 20 2.2 -588 -284
160 20 2.2 -584 -302
162 20 2.2 -588 -306
164 20 2.2 -616 -326
166 20 2.2 -656 -338
168 20 2.2 -612 -344
170 20 2.2 -660 -342
172 20 2.2 -612 -332
174 20 2.2 -660 -334
177 20 2.2 -660 -342
179 20 2.2 -592 -320
181 20 2.2 -616 -316
184 20 2.2 -604 -296
186 20 2.2 -592 -308
188 20 2.2 -640 -308
191 20 2.2 -580 -274
193 20 2.2 -584 -292
196 20 2.2 -568 -288
198 20 2.2 -572 -312
201 20 2.2 -620 -330
203 20 2.2 -660 -340
206 20 2.2 -692 -368
209 20 2.2 -700 -368
211 20 2.2 -712 -378
214 20 2.2 -624 -342
217 20 2.2 -600 -326
220 20 2.2 -644 -330
222 20 2.2 -644 -342
225 20 2.2 -680 -346
228 20 2.2 -660 -356
231 20 2.2 -648 -338
234 20 2.2 -628 -334
237 20 2.2 -612 -314
240 20 2.2 -620 -306
243 20 2.2 -568 -258
246 20 2.2 -512 -218
250 20 2.2 -608 -294
253 20 2.2 -548 -256
256 20 2.2 -564 -272
259 20 2.2 -620 -292
263 20 2.2 -616 -338
266 20 2.2 -696 -362
269 20 2.2 -640 -328
273 20 2.2 -644 -342
276 20 2.2 -604 -332
280 20 2.2 -640 -332
284 20 2.2 -588 -320
287 20 2.2 -612 -320
291 20 2.2 -684 -362
295 20 2.2 -708 -376
298 20 2.2 -644 -354
302 20 2.2 -672 -360
306 20 2.2 -652 -352
310 20 2.2 -712 -372
314 20 2.2 -640 -350
318 20 2.2 -704 -372
322 20 2.2 -712 -374
326 20 2.2 -680 -366
331 20 2.2 -660 -356
335 20 2.2 -664 -352
339 20 2.2 -684 -360
344 20 2.2 -628 -340
348 20 2.2 -708 -372
352 20 2.2 -636 -348
357 20 2.2 -652 -346
362 20 2.2 -660 -360
366 20 2.2 -600 -330
371 20 2.2 -540 -298
376 20 2.2 -584 -312
381 20 2.2 -644 -338
385 20 2.2 -600 -312
390 20 2.2 -652 -342
395 20 2.2 -572 -316
401 20 2.2 -636 -342
406 20 2.2 -608 -330
411 20 2.2 -648 -348
416 20 2.2 -668 -356
422 20 2.2 -644 -324
427 20 2.2 -576 -324
433 20 2.2 -620 -322
438 20 2.2 -620 -328
444 20 2.2 -632 -344
449 20 2.2 -664 -350
455 20 2.2 -596 -330
461 20 2.2 -568 -274
467 20 2.2 -604 -262
473 20 2.2 -480 -208
479 20 2.2 -616 -316
485 20 2.2 -628 -314
492 20 2.2 -644 -316
498 20 2.2 -620 -310
504 20 2.2 -660 -358
511 20 2.2 -648 -334
517 20 2.2 -588 -318
524 20 2.2 -680 -358
531 20 2.2 -640 -356
538 20 2.2 -632 -336
545 20 2.2 -664 -356
552 20 2.2 -636 -300
559 20 2.2 -576 -282
566 20 2.2 -596 -278
573 20 2.2 -568 -298
581 20 2.2 -604 -310
588 20 2.2 -664 -358
596 20 2.2 -588 -318
603 20 2.2 -664 -362
611 20 2.2 -656 -358
619 20 2.2 -600 -332
627 20 2.2 -684 -368
635 20 2.2 -692 -364
643 20 2.2 -628 -342
652 20 2.2 -692 -362
660 20 2.2 -700 -362
668 20 2.2 -600 -330
677 20 2.2 -684 -362
686 20 2.2 -684 -362
695 20 2.2 -740 -382
704 20 2.2 -660 -354
713 20 2.2 -612 -322
722 20 2.2 -608 -334
731 20 2.2 -700 -368
741 20 2.2 -656 -352
750 20 2.2 -664 -360
760 20 2.2 -668 -350
770 20 2.2 -648 -346
780 20 2.2 -680 -368
790 20 2.2 -676 -358
800 20 2.2 -584 -318
810 20 2.2 -656 -356
821 20 2.2 -696 -364
831 20 2.2 -604 -320
842 20 2.2 -572 -308
853 20 2.2 -708 -370
864 20 2.2 -664 -350
875 20 2.2 -712 -374
886 20 2.2 -596 -322
897 20 2.2 -552 -304
909 20 2.2 -600 -308
921 20 2.2 -620 -248
933 20 2.2 -576 -206
945 20 2.2 -620 -290
957 20 2.2 -600 -290
969 20 2.2 -576 -268
982 20 2.2 -576 -282
994 20 2.2 -640 -350
1007 20 2.2 -668 -354
1020 20 2.2 -620 -326
1033 20 2.2 -584 -306
1047 20 2.2 -624 -342
1060 20 2.2 -644 -340
1074 20 2.2 -660 -346
1088 20 2.2 -584 -324
1102 20 2.2 -620 -332
1116 20 2.2 -640 -350
1130 20 2.2 -656 -352
1145 20 2.2 -656 -354
1160 20 2.2 -640 -346
1174 20 2.2 -640 -338
1190 20 2.2 -672 -362
1205 20 2.2 -652 -348
1220 20 2.2 -572 -318
1236 20 2.2 -564 -300
1252 20 2.2 -640 -348
1268 20 2.2 -656 -336
1285 20 2.2 -576 -310
1301 20 2.2 -664 -344
1318 20 2.2 -656 -352
1335 20 2.2 -640 -348
1352 20 2.2 -628 -326
1370 20 2.2 -628 -340
1387 20 2.2 -600 -306
1405 20 2.2 -616 -322
1423 20 2.2 -624 -326
1442 20 2.2 -600 -292
1460 20 2.2 -716 -370
1479 20 2.2 -640 -336
1498 20 2.2 -676 -354
1517 20 2.2 -660 -332
1537 20 2.2 -536 -216
1557 20 2.2 -600 -268
1577 20 2.2 -624 -314
1597 20 2.2 -664 -326
1618 20 2.2 -564 -266
1639 20 2.2 -620 -336
1660 20 2.2 -612 -316
1681 20 2.2 -568 -304
1703 20 2.2 -628 -322
1725 20 2.2 -724 -380
1747 20 2.2 -616 -332
1770 20 2.2 -628 -256
1792 20 2.2 -632 -326
1816 20 2.2 -632 -352
1839 20 2.2 -628 -338
1863 20 2.2 -684 -358
1887 20 2.2 -672 -358
1911 20 2.2 -628 -338
1936 20 2.2 -552 -256
1961 20 2.2 -644 -342
1986 20 2.2 -604 -314
2012 20 2.2 -572 -272
2037 20 2.2 -660 -358
2064 20 2.2 -560 -294
2090 20 2.2 -632 -342
2117 20 2.2 -636 -348
2145 20 2.2 -548 -272
2172 20 2.2 -692 -366
2200 20 2.2 -588 -264
2229 20 2.2 -600 -330
2257 20 2.2 -692 -362
2286 20 2.2 -724 -376
2316 20 2.2 -632 -332
2346 20 2.2 -660 -354
2376 20 2.2 -592 -286
2407 20 2.2 -644 -258
2438 20 2.2 -656 -348
2469 20 2.2 -636 -350
2501 20 2.2 -644 -322
2533 20 2.2 -648 -352
2566 20 2.2 -596 -296
2599 20 2.2 -644 -344
2633 20 2.2 -620 -316
2667 20 2.2 -648 -334
2701 20 2.2 -580 -290
2736 20 2.2 -600 -320
2771 20 2.2 -612 -312
2807 20 2.2 -600 -308
2843 20 2.2 -688 -366
2880 20 2.2 -636 -298
2917 20 2.2 -664 -342
2954 20 2.2 -696 -362
2992 20 2.2 -720 -378
3031 20 2.2 -608 -316
3070 20 2.2 -672 -358
3110 20 2.2 -664 -350
3150 20 2.2 -660 -348
3190 20 2.2 -612 -340
3232 20 2.2 -584 -272
3273 20 2.2 -560 -286
3315 20 2.2 -624 -338
3358 20 2.2 -752 -386
3402 20 2.2 -496 -200
3445 20 2.2 -504 0
3490 20 2.2 -440 -46
3535 20 2.2 -496 -178
3580 20 2.2 -552 -296
3627 20 2.2 -656 -348
3673 20 2.2 -620 -346
3721 20 2.2 -572 -186
3769 20 2.2 -580 -206
3817 20 2.2 -604 -312
3867 20 2.2 -644 -342
3916 20 2.2 -596 -304
3967 20 2.2 -528 -166
4018 20 2.2 -628 -324
4070 20 2.2 -680 -362
4122 20 2.2 -556 -278
4176 20 2.2 -624 -340
4229 20 2.2 -572 -272
4284 20 2.2 -576 -248
4339 20 2.2 -540 -266
4395 20 2.2 -536 -282
4452 20 2.2 -560 -208
4509 20 2.2 -508 -214
4567 20 2.2 -672 -350
4626 20 2.2 -712 -374
4686 20 2.2 -624 -328
4746 20 2.2 -668 -364
4808 20 2.2 -684 -348
4870 20 2.2 -604 -296
4932 20 2.2 -612 -306
4996 20 2.2 -620 -336
5060 20 2.2 -672 -352
5126 20 2.2 -592 -250
5192 20 2.2 -684 -364
5259 20 2.2 -684 -352
5327 20 2.2 -588 -324
5395 20 2.2 -588 -296
5465 20 2.2 -640 -346
5535 20 2.2 -620 -324
5607 20 2.2 -612 -328
5679 20 2.2 -588 -310
5752 20 2.2 -500 -220
5826 20 2.2 -588 -282
5902 20 2.2 -596 -334
5978 20 2.2 -520 -274
6055 20 2.2 -600 -322
6133 20 2.2 -656 -348
6212 20 2.2 -644 -352
6292 20 2.2 -640 -326
6373 20 2.2 -564 -294
6455 20 2.2 -584 -278
6539 20 2.2 -560 -296
6623 20 2.2 -560 -310
6708 20 2.2 -660 -338
6795 20 2.2 -556 -256
6883 20 2.2 -588 -296
6971 20 2.2 -520 0
7061 20 2.2 -600 -116
7152 20 2.2 -536 20
7245 20 2.2 -596 286
7338 20 2.2 -556 306
7433 20 2.2 -564 314
7529 20 2.2 -532 144
7626 20 2.2 -528 300
7724 20 2.2 -652 352
7824 20 2.2 -632 326
7925 20 2.2 -668 316
8027 20 2.2 -560 304
8130 20 2.2 -632 326
8235 20 2.2 -604 306
8341 20 2.2 -604 326
8449 20 2.2 -640 338
8558 20 2.2 -640 350
8668 20 2.2 -636 334
8780 20 2.2 -648 344
8893 20 2.2 -560 288
9008 20 2.2 -640 348
9124 20 2.2 -676 354
9242 20 2.2 -568 282
9361 20 2.2 -576 280
9482 20 2.2 -688 360
9604 20 2.2 -612 316
9728 20 2.2 -636 336
9853 20 2.2 -660 340
9980 20 2.2 -672 344
10109 20 2.2 -616 334
10240 20 2.2 -596 332
10372 20 2.2 -696 368
10505 20 2.2 -648 346
10641 20 2.2 -676 356
10778 20 2.2 -584 282
10917 20 2.2 -624 322
11058 20 2.2 -624 340
11201 20 2.2 -648 354
11345 20 2.2 -580 294
11491 20 2.2 -696 360
11640 20 2.2 -652 334
11790 20 2.2 -620 330
11942 20 2.2 -656 360
12096 20 2.2 -616 340
12252 20 2.2 -568 258
12410 20 2.2 -624 336
12570 20 2.2 -600 300
12732 20 2.2 -572 288
12896 20 2.2 -480 96
13062 20 2.2 -576 300
13231 20 2.2 -656 312
13402 20 2.2 -536 292
13574 20 2.2 -616 332
13750 20 2.2 -632 326
13927 20 2.2 -692 364
14106 20 2.2 -656 328
14288 20 2.2 -660 350
14473 20 2.2 -644 338
14659 20 2.2 -544 280
14848 20 2.2 -568 302
15040 20 2.2 -552 282
15234 20 2.2 -656 332
15430 20 2.2 -620 336
15629 20 2.2 -608 302
15831 20 2.2 -676 360
16035 20 2.2 -624 324
16242 20 2.2 -560 278
16451 20 2.2 -624 294
16664 20 2.2 -600 326
16879 20 2.2 -648 354
17096 20 2.2 -556 306
17317 20 2.2 -680 358
17540 20 2.2 -516 284
17766 20 2.2 -652 318
17995 20 2.2 -508 202
18228 20 2.2 -668 356
18463 20 2.2 -612 310
18701 20 2.2 -640 344
18942 20 2.2 -692 368
19186 20 2.2 -672 360
19434 20 2.2 -616 332
19684 20 2.2 -628 322
19938 20 2.2 -612 322
20195 20 2.2 -648 340
20456 20 2.2 -628 326
20720 20 2.2 -616 330
20987 20 2.2 -572 162
21258 20 2.2 -576 304
21532 20 2.2 -604 294
21810 20 2.2 -600 316
22091 20 2.2 -620 322
22376 20 2.2 -656 350
22664 20 2.2 -620 318
22957 20 2.2 -572 314
23253 20 2.2 -560 262
23553 20 2.2 -608 -336
23856 20 2.2 -656 -350
24164 20 2.2 -608 -330
24476 20 2.2 -576 -306
24791 20 2.2 -720 -380
25111 20 2.2 -500 -230
25435 20 2.2 -552 -280
25763 20 2.2 -612 -340
26095 20 2.2 -600 -334
26432 20 2.2 -624 -326
26773 20 2.2 -652 -344
27118 20 2.2 -600 -332
27468 20 2.2 -624 -334
27822 20 2.2 -568 -304
28181 20 2.2 -612 -334
28545 20 2.2 -588 -252
28913 20 2.2 -648 -340
29286 20 2.2 -608 -328
29663 20 2.2 -604 -320
30046 20 2.2 -668 -354
30434 20 2.2 -652 -354
30826 20 2.2 -704 -374
31224 20 2.2 -608 -314
31626 20 2.2 -584 -330
32034 20 2.2 -620 -332
32447 20 2.2 -468 88
32866 20 2.2 -544 276
33290 20 2.2 -640 344
33719 20 2.2 -632 322
34154 20 2.2 -664 354
34595 20 2.2 -648 352
35041 20 2.2 -636 336
35493 20 2.2 -640 346
35951 20 2.2 -624 344
36414 20 2.2 -656 348
36884 20 2.2 -628 340
37360 20 2.2 -604 304
37841 20 2.2 -624 320
38330 20 2.2 -620 304
38824 20 2.2 -612 320
39325 20 2.2 -608 338
39832 20 2.2 -660 356
40346 20 2.2 -480 -32
40866 20 2.2 -680 -362
41393 20 2.2 -648 -344
41927 20 2.2 -640 -342
42468 20 2.2 -608 -306
43015 20 2.2 -608 -344
43570 20 2.2 -652 352
44132 20 2.2 -588 318
44701 20 2.2 -668 362
45278 20 2.2 -540 176
45862 20 2.2 -628 344
46453 20 2.2 -648 336
47053 20 2.2 -676 362
47660 20 2.2 -624 330
48274 20 2.2 -600 294
48897 20 2.2 -564 296
49528 20 2.2 -640 342
50166 20 2.2 -516 146
50813 20 2.2 -612 320
51469 20 2.2 -620 342
52133 20 2.2 -668 364
52805 20 2.2 -620 336
53486 20 2.2 -576 290
54176 20 2.2 -672 360
54875 20 2.2 -720 376
55582 20 2.2 -620 340
56299 20 2.2 -612 336
57025 20 2.2 -656 332
57761 20 2.2 -616 318
58506 20 2.2 -552 252
59261 20 2.2 -580 298
60025 20 2.2 -688 364
60799 20 2.2 -504 254
61583 20 2.2 -640 344
62378 20 2.2 -672 350
63182 20 2.2 -636 346
63997 20 2.2 -612 316
64822 20 2.2 -588 322
65658 20 2.2 -624 344
66505 20 2.2 -468 208
67363 20 2.2 -652 348
68232 20 2.2 -664 352
69112 20 2.2 -608 334
70003 20 2.2 -680 362
70906 20 2.2 -532 4
71821 20 2.2 -544 202
72747 20 2.2 -608 328
73685 20 2.2 -668 358
74636 20 2.2 -620 334
75599 20 2.2 -660 -358
76574 20 2.2 -588 -266
77561 20 2.2 -632 -350
78562 20 2.2 -576 -268
79575 20 2.2 -696 -372
80601 20 2.2 -672 354
81641 20 2.2 -600 328
82694 20 2.2 -608 324
83760 20 2.2 -712 370
84841 20 2.2 -544 278
85935 20 2.2 -488 264
87043 20 2.2 -548 300
88166 20 2.2 -668 344
89303 20 2.2 -556 262
90455 20 2.2 -656 358
91622 20 2.2 -604 306
92803 20 2.2 -672 352
94000 20 2.2 -540 194
95213 20 2.2 -544 -268
96441 20 2.2 -652 -348
97685 20 2.2 -640 -342
98945 20 2.2 -664 -352
100221 20 2.2 -532 222
101513 20 2.2 -588 268
102823 20 2.2 -584 328
104149 20 2.2 -556 288
105492 20 2.2 -612 322
106853 20 2.2 -616 320
108231 20 2.2 -680 366
109627 20 2.2 -672 358
111041 20 2.2 -704 374
112473 20 2.2 -492 254
113924 20 2.2 -704 374
115393 20 2.2 -552 266
116882 20 2.2 -700 366
118389 20 2.2 -692 -364
119916 20 2.2 -664 -336
121463 20 2.2 -640 -348
123029 20 2.2 -616 -336
124616 20 2.2 -664 -360
126224 20 2.2 -512 -158
127852 20 2.2 -732 -380
129501 20 2.2 -596 -286
131171 20 2.2 -596 -336
132863 20 2.2 -648 -354
134576 20 2.2 -576 -308
136312 20 2.2 -568 -286
138070 20 2.2 -604 -272
139851 20 2.2 -624 -338
141655 20 2.2 -612 -322
143482 20 2.2 -616 -332
145333 20 2.2 -664 -346
147207 20 2.2 -584 -252
149106 20 2.2 -624 -318
151029 20 2.2 -540 -278
152977 20 2.2 -624 334
154950 20 2.2 -644 336
156948 20 2.2 -604 276
158973 20 2.2 -488 102
161023 20 2.2 -672 -356
163100 20 2.2 -676 -360
165204 20 2.2 -604 -304
167334 20 2.2 -656 -358
169493 20 2.2 -648 -348
171679 20 2.2 -664 -358
173893 20 2.2 -556 -254
176136 20 2.2 -568 -240
178408 20 2.2 -632 -264
180709 20 2.2 -520 -182
183040 20 2.2 -656 -354
185400 20 2.2 -616 -340
187792 20 2.2 -680 -364
190214 20 2.2 -668 354
192667 20 2.2 -584 304
195152 20 2.2 -680 358
197669 20 2.2 -632 -342
200219 20 2.2 -584 -296
202801 20 2.2 -708 -374
205417 20 2.2 -632 -278
208066 20 2.2 -676 -360
210750 20 2.2 -660 -342
213468 20 2.2 -580 -292
216222 20 2.2 -612 -342
219010 20 2.2 -576 -286
221835 20 2.2 -688 -364
224696 20 2.2 -612 -318
227595 20 2.2 -580 -290
230530 20 2.2 -568 -302
233503 20 2.2 -660 -348
236515 20 2.2 -608 -298
239566 20 2.2 -544 -282
242656 20 2.2 -604 306
245785 20 2.2 -724 378
248956 20 2.2 -572 250
252167 20 2.2 -648 332
255419 20 2.2 -652 350
258713 20 2.2 -624 -338
262050 20 2.2 -544 -240
265430 20 2.2 -672 -362
268854 20 2.2 -664 -358
272321 20 2.2 -488 -180
275834 20 2.2 -556 -232
279391 20 2.2 -660 -356
282995 20 2.2 -712 -370
286645 20 2.2 -692 360
290342 20 2.2 -600 310
294087 20 2.2 -572 308
297880 20 2.2 -588 -308
301722 20 2.2 -672 -348
305614 20 2.2 -648 -320
309556 20 2.2 -484 -188
313548 20 2.2 -664 -348
317592 20 2.2 -552 -290
321689 20 2.2 -580 -320
325838 20 2.2 -568 -300
330040 20 2.2 -528 272
334297 20 2.2 -608 330
338609 20 2.2 -672 348
342976 20 2.2 -672 364
347400 20 2.2 -608 334
351881 20 2.2 -596 326
356419 20 2.2 -680 364
361016 20 2.2 -688 364
365673 20 2.2 -612 310
370389 20 2.2 -552 240
375167 20 2.2 -608 330
380005 20 2.2 -556 240
384907 20 2.2 -712 -374
389871 20 2.2 -636 -294
394900 20 2.2 -644 354
399993 20 2.2 -664 316
405152 20 2.2 -640 344
410378 20 2.2 -652 330
415671 20 2.2 -512 268
421032 20 2.2 -672 -342
426463 20 2.2 -676 -358
431963 20 2.2 -676 -364
437535 20 2.2 -604 314
443178 20 2.2 -592 326
448894 20 2.2 -588 284
454684 20 2.2 -652 330
460548 20 2.2 -572 252
466489 20 2.2 -628 342
472505 20 2.2 -604 322
478600 20 2.2 -668 346
484773 20 2.2 -640 344
491025 20 2.2 -636 344
497358 20 2.2 -536 -284
503773 20 2.2 -724 -378
510271 20 2.2 -576 -64
516852 20 2.2 -640 -350
523519 20 2.2 -692 -362
530271 20 2.2 -600 -308
537111 20 2.2 -636 326
544038 20 2.2 -632 340
551055 20 2.2 -716 -374
558163 20 2.2 -592 -316
565362 20 2.2 -536 -168
572654 20 2.2 -692 -364
580040 20 2.2 -644 334
587521 20 2.2 -664 342
595099 20 2.2 -628 -330
602775 20 2.2 -640 342
610549 20 2.2 -664 350
618424 20 2.2 -628 336
626400 20 2.2 -572 274
634480 20 2.2 -640 336
642663 20 2.2 -660 358
650952 20 2.2 -600 286
659348 20 2.2 -644 346
667853 20 2.2 -548 286
676467 20 2.2 -636 338
685192 20 2.2 -656 334
694029 20 2.2 -644 334
702981 20 2.2 -660 348
712048 20 2.2 -632 340
721232 20 2.2 -580 318
730534 20 2.2 -680 344
739957 20 2.2 -528 120
749500 20 2.2 -572 196
759168 20 2.2 -608 -316
768959 20 2.2 -620 -326
778877 20 2.2 -672 -360
788923 20 2.2 -624 334
799099 20 2.2 -676 358
809405 20 2.2 -596 286
819845 20 2.2 -604 254
830419 20 2.2 -580 -310
841130 20 2.2 -692 -368
851979 20 2.2 -636 -336
862968 20 2.2 -672 358
874098 20 2.2 -568 -256
885373 20 2.2 -592 -328
896792 20 2.2 -604 -282
908359 20 2.2 -616 -322
920075 20 2.2 -696 -356
931942 20 2.2 -688 356
943962 20 2.2 -616 320
956137 20 2.2 -620 322
968470 20 2.2 -608 286
980961 20 2.2 -592 258
993613 20 2.2 -620 -344
999999 20 2.2 -620 -282
