3 100 2.2 -9604 282
4 100 2.2 -10196 208
5 100 2.2 -10484 298
6 100 2.2 -10892 228
7 100 2.2 -10952 288
8 100 2.2 -11432 450
9 100 2.2 -11880 332
10 100 2.2 -11788 310
11 100 2.2 -12048 286
12 100 2.2 -12296 424
13 100 2.2 -12288 344
14 100 2.2 -12468 540
15 100 2.2 -12700 652
16 100 2.2 -12548 704
17 100 2.2 -12800 726
18 100 2.2 -12752 784
19 100 2.2 -12680 652
20 100 2.2 -12840 726
21 100 2.2 -12888 816
22 100 2.2 -12640 810
23 100 2.2 -12700 978
24 100 2.2 -12732 1046
25 100 2.2 -12588 1076
26 100 2.2 -12660 1118
27 100 2.2 -12892 1078
28 100 2.2 -13044 1122
29 100 2.2 -12932 966
30 100 2.2 -12980 940
31 100 2.2 -12848 994
32 100 2.2 -13112 1160
33 100 2.2 -13140 1408
34 100 2.2 -13188 1486
35 100 2.2 -13492 1476
36 100 2.2 -13428 1526
37 100 2.2 -13352 1472
38 100 2.2 -13416 1364
39 100 2.2 -13320 1442
40 100 2.2 -13628 1410
41 100 2.2 -13716 1278
42 100 2.2 -13612 1446
43 100 2.2 -13584 1388
44 100 2.2 -13412 1498
45 100 2.2 -13512 1406
46 100 2.2 -13480 1590
47 100 2.2 -13488 1558
48 100 2.2 -13684 1584
49 100 2.2 -13520 1478
50 100 2.2 -13580 1400
51 100 2.2 -13636 1428
52 100 2.2 -13856 1614
53 100 2.2 -13944 1724
54 100 2.2 -13820 1644
55 100 2.2 -13840 1682
56 100 2.2 -14076 1820
57 100 2.2 -14060 1792
58 100 2.2 -14216 1862
59 100 2.2 -14360 1954
60 100 2.2 -14324 1744
61 100 2.2 -14180 1830
62 100 2.2 -14104 1728
63 100 2.2 -13972 1732
64 100 2.2 -13832 1720
65 100 2.2 -13892 1506
66 100 2.2 -13940 1406
67 100 2.2 -13836 1380
68 100 2.2 -13900 1368
69 100 2.2 -13712 1210
70 100 2.2 -13828 1286
71 100 2.2 -13724 1172
72 100 2.2 -14096 1218
73 100 2.2 -13684 1070
74 100 2.2 -13936 1094
75 100 2.2 -13804 1130
76 100 2.2 -14020 1276
77 100 2.2 -14216 1144
78 100 2.2 -14200 1028
79 100 2.2 -14208 1012
80 100 2.2 -14064 1076
81 100 2.2 -14172 1100
82 100 2.2 -14428 1056
83 100 2.2 -14300 1040
84 100 2.2 -14404 1186
85 100 2.2 -14576 1226
86 100 2.2 -14708 1328
88 100 2.2 -14408 1264
89 100 2.2 -14484 1398
90 100 2.2 -14348 1302
91 100 2.2 -14348 1278
92 100 2.2 -14216 1230
93 100 2.2 -14240 1176
95 100 2.2 -14220 1438
96 100 2.2 -14256 1432
97 100 2.2 -14392 1470
98 100 2.2 -14252 1412
99 100 2.2 -14496 1440
101 100 2.2 -14416 1654
102 100 2.2 -14476 1770
103 100 2.2 -14660 1828
105 100 2.2 -14200 1752
106 100 2.2 -14460 1680
107 100 2.2 -14320 1608
109 100 2.2 -13912 1566
110 100 2.2 -14020 1578
112 100 2.2 -14336 1630
113 100 2.2 -14452 1724
114 100 2.2 -14320 1792
116 100 2.2 -14052 1812
117 100 2.2 -14112 1594
119 100 2.2 -14048 1568
120 100 2.2 -14320 1558
122 100 2.2 -14072 1634
124 100 2.2 -14156 1944
125 100 2.2 -13964 1840
127 100 2.2 -14372 2090
128 100 2.2 -14352 2184
130 100 2.2 -13928 1998
132 100 2.2 -14008 2162
133 100 2.2 -13620 2102
135 100 2.2 -14120 2042
137 100 2.2 -14068 2000
139 100 2.2 -14044 1960
140 100 2.2 -14232 2150
142 100 2.2 -13996 2244
144 100 2.2 -14268 2470
146 100 2.2 -14284 2554
148 100 2.2 -14172 2622
150 100 2.2 -14368 2528
152 100 2.2 -14240 2632
154 100 2.2 -14368 2722
155 100 2.2 -14412 2800
157 100 2.2 -14504 2726
160 100 2.2 -14160 2548
162 100 2.2 -14412 2576
164 100 2.2 -13728 2338
166 100 2.2 -13944 2244
168 100 2.2 -13884 2166
170 100 2.2 -13960 2284
172 100 2.2 -14168 2264
174 100 2.2 -14068 2376
177 100 2.2 -14040 2370
179 100 2.2 -14240 2442
181 100 2.2 -14180 2514
184 100 2.2 -14360 2562
186 100 2.2 -14624 2594
188 100 2.2 -14688 2796
191 100 2.2 -14392 2714
193 100 2.2 -14600 2630
196 100 2.2 -14556 2574
198 100 2.2 -14464 2810
201 100 2.2 -14416 2962
203 100 2.2 -14692 2858
206 100 2.2 -14304 2976
209 100 2.2 -14708 3102
211 100 2.2 -14356 3092
214 100 2.2 -14364 2986
217 100 2.2 -14160 2664
220 100 2.2 -14440 2634
222 100 2.2 -14640 2674
225 100 2.2 -14544 2718
228 100 2.2 -14340 2760
231 100 2.2 -14444 2914
234 100 2.2 -14548 2724
237 100 2.2 -14456 2742
240 100 2.2 -14624 2960
243 100 2.2 -14352 2792
246 100 2.2 -14772 2906
250 100 2.2 -14412 3132
253 100 2.2 -14728 3084
256 100 2.2 -14728 3164
259 100 2.2 -14904 3182
263 100 2.2 -14440 3210
266 100 2.2 -14468 3466
269 100 2.2 -14644 3460
273 100 2.2 -14916 3752
276 100 2.2 -14956 3826
280 100 2.2 -15032 4002
284 100 2.2 -15024 3964
287 100 2.2 -14724 3750
291 100 2.2 -14904 3968
295 100 2.2 -14896 3802
298 100 2.2 -14808 3936
302 100 2.2 -14696 3770
306 100 2.2 -14496 3712
310 100 2.2 -14528 3852
314 100 2.2 -14604 4098
318 100 2.2 -14964 4398
322 100 2.2 -14900 4382
326 100 2.2 -14496 4340
331 100 2.2 -14640 4362
335 100 2.2 -14680 4346
339 100 2.2 -14812 4460
344 100 2.2 -14960 4408
348 100 2.2 -14728 4380
352 100 2.2 -14852 4266
357 100 2.2 -14548 4250
362 100 2.2 -15064 4412
366 100 2.2 -14832 4426
371 100 2.2 -14808 4542
376 100 2.2 -15076 4578
381 100 2.2 -15052 4836
385 100 2.2 -14624 4844
390 100 2.2 -14840 4890
395 100 2.2 -14976 4880
401 100 2.2 -14764 4512
406 100 2.2 -14708 4526
411 100 2.2 -14776 4172
416 100 2.2 -14900 4158
422 100 2.2 -15072 4112
427 100 2.2 -14736 4174
433 100 2.2 -14552 4110
438 100 2.2 -15220 4202
444 100 2.2 -14836 4334
449 100 2.2 -14792 4250
455 100 2.2 -14880 4340
461 100 2.2 -14780 4348
467 100 2.2 -14768 4592
473 100 2.2 -15204 4504
479 100 2.2 -15020 4648
485 100 2.2 -14928 4858
492 100 2.2 -14712 4964
498 100 2.2 -14852 5224
504 100 2.2 -14952 5220
511 100 2.2 -14824 4942
517 100 2.2 -14808 5100
524 100 2.2 -15052 5294
531 100 2.2 -15048 5132
538 100 2.2 -14524 5054
545 100 2.2 -14920 5110
552 100 2.2 -14960 5260
559 100 2.2 -14912 4928
566 100 2.2 -14572 4866
573 100 2.2 -15024 5092
581 100 2.2 -14880 5190
588 100 2.2 -14748 5080
596 100 2.2 -14972 5272
603 100 2.2 -14876 5386
611 100 2.2 -14852 5284
619 100 2.2 -14792 5454
627 100 2.2 -15032 5548
635 100 2.2 -15420 5574
643 100 2.2 -14984 5432
652 100 2.2 -14904 5670
660 100 2.2 -15056 5750
668 100 2.2 -14876 5566
677 100 2.2 -14840 5820
686 100 2.2 -14816 5526
695 100 2.2 -15348 5630
704 100 2.2 -15244 6030
713 100 2.2 -14920 5842
722 100 2.2 -15356 6052
731 100 2.2 -14880 5984
741 100 2.2 -14796 5870
750 100 2.2 -15196 5860
760 100 2.2 -15216 5998
770 100 2.2 -15192 6192
780 100 2.2 -15044 6556
790 100 2.2 -14584 6356
800 100 2.2 -14912 6264
810 100 2.2 -14948 6268
821 100 2.2 -14936 6524
831 100 2.2 -14752 6328
842 100 2.2 -15220 6346
853 100 2.2 -14944 6092
864 100 2.2 -15028 6158
875 100 2.2 -15264 6194
886 100 2.2 -14832 6212
897 100 2.2 -14568 5878
909 100 2.2 -15144 6358
921 100 2.2 -14992 6584
933 100 2.2 -15656 6890
945 100 2.2 -15148 6508
957 100 2.2 -14736 6384
969 100 2.2 -15212 6762
982 100 2.2 -14732 6672
994 100 2.2 -15264 6996
1007 100 2.2 -15412 7282
1020 100 2.2 -14936 6766
1033 100 2.2 -15200 7004
1047 100 2.2 -15432 7014
1060 100 2.2 -14900 6916
1074 100 2.2 -15172 6914
1088 100 2.2 -15336 6938
1102 100 2.2 -14872 6598
1116 100 2.2 -14992 6748
1130 100 2.2 -14940 7054
1145 100 2.2 -15040 7090
1160 100 2.2 -15316 7440
1174 100 2.2 -15252 7308
1190 100 2.2 -15072 7150
1205 100 2.2 -15040 7148
1220 100 2.2 -15688 7428
1236 100 2.2 -15556 7310
1252 100 2.2 -15436 7524
1268 100 2.2 -14988 7230
1285 100 2.2 -14712 6866
1301 100 2.2 -14980 7240
1318 100 2.2 -15088 7496
1335 100 2.2 -15568 7544
1352 100 2.2 -15368 7690
1370 100 2.2 -15560 7760
1387 100 2.2 -15760 8170
1405 100 2.2 -15372 7898
1423 100 2.2 -15468 8014
1442 100 2.2 -15472 7802
1460 100 2.2 -15224 7774
1479 100 2.2 -15588 7866
1498 100 2.2 -15820 8144
1517 100 2.2 -15448 7938
1537 100 2.2 -16004 8368
1557 100 2.2 -15584 8138
1577 100 2.2 -15560 8094
1597 100 2.2 -15676 8044
1618 100 2.2 -15560 8014
1639 100 2.2 -15524 7948
1660 100 2.2 -15480 8066
1681 100 2.2 -15588 7932
1703 100 2.2 -15384 7894
1725 100 2.2 -15412 7848
1747 100 2.2 -15000 7730
1770 100 2.2 -15560 8056
1792 100 2.2 -15628 8126
1816 100 2.2 -15584 8002
1839 100 2.2 -15360 7690
1863 100 2.2 -15700 8118
1887 100 2.2 -15368 7930
1911 100 2.2 -15340 7820
1936 100 2.2 -15596 7996
1961 100 2.2 -15452 7916
1986 100 2.2 -15484 8034
2012 100 2.2 -16184 8518
2037 100 2.2 -15764 8234
2064 100 2.2 -15456 8020
2090 100 2.2 -15728 7798
2117 100 2.2 -15000 7562
2145 100 2.2 -15400 8010
2172 100 2.2 -15776 8360
2200 100 2.2 -15264 7814
2229 100 2.2 -15684 8234
2257 100 2.2 -15664 7962
2286 100 2.2 -15648 8092
2316 100 2.2 -15744 8102
2346 100 2.2 -15168 7728
2376 100 2.2 -15528 7914
2407 100 2.2 -15748 7994
2438 100 2.2 -15128 7778
2469 100 2.2 -15860 8230
2501 100 2.2 -15384 8048
2533 100 2.2 -15608 8186
2566 100 2.2 -16048 8566
2599 100 2.2 -15860 8302
2633 100 2.2 -16196 8530
2667 100 2.2 -15820 8298
2701 100 2.2 -15484 8092
2736 100 2.2 -15352 7840
2771 100 2.2 -15620 7920
2807 100 2.2 -15124 7660
2843 100 2.2 -15128 7816
2880 100 2.2 -15312 7750
2917 100 2.2 -15544 7780
2954 100 2.2 -15524 8130
2992 100 2.2 -15772 8144
3031 100 2.2 -15636 7906
3070 100 2.2 -15784 8358
3110 100 2.2 -15264 7730
3150 100 2.2 -15008 7494
3190 100 2.2 -15340 7750
3232 100 2.2 -15620 8160
3273 100 2.2 -15412 8130
3315 100 2.2 -15344 7888
3358 100 2.2 -15872 7948
3402 100 2.2 -15388 7668
3445 100 2.2 -15604 7844
3490 100 2.2 -15580 7824
3535 100 2.2 -15540 8006
3580 100 2.2 -15516 7802
3627 100 2.2 -15376 7688
3673 100 2.2 -15308 7502
3721 100 2.2 -15168 7578
3769 100 2.2 -15184 7578
3817 100 2.2 -15748 7830
3867 100 2.2 -15636 7902
3916 100 2.2 -15384 7698
3967 100 2.2 -15460 7908
4018 100 2.2 -15880 8240
4070 100 2.2 -15528 7836
4122 100 2.2 -15936 8276
4176 100 2.2 -15584 8038
4229 100 2.2 -15284 7870
4284 100 2.2 -15136 7538
4339 100 2.2 -15184 7716
4395 100 2.2 -15368 7902
4452 100 2.2 -15188 7172
4509 100 2.2 -15280 7208
4567 100 2.2 -15516 7718
4626 100 2.2 -15376 7504
4686 100 2.2 -15312 7448
4746 100 2.2 -15048 7364
4808 100 2.2 -15660 8190
4870 100 2.2 -14992 7898
4932 100 2.2 -15152 7494
4996 100 2.2 -16068 8270
5060 100 2.2 -15360 7958
5126 100 2.2 -15472 8026
5192 100 2.2 -15900 8222
5259 100 2.2 -15256 7912
5327 100 2.2 -15672 8186
5395 100 2.2 -15652 8028
5465 100 2.2 -15320 7728
5535 100 2.2 -15548 7934
5607 100 2.2 -15860 8198
5679 100 2.2 -15444 7880
5752 100 2.2 -15184 7328
5826 100 2.2 -15496 7824
5902 100 2.2 -15244 7464
5978 100 2.2 -15452 8096
6055 100 2.2 -15152 7908
6133 100 2.2 -15184 7520
6212 100 2.2 -15736 7760
6292 100 2.2 -15220 7538
6373 100 2.2 -15724 8206
6455 100 2.2 -15444 8122
6539 100 2.2 -15240 7726
6623 100 2.2 -15308 7642
6708 100 2.2 -15340 7588
6795 100 2.2 -15392 7492
6883 100 2.2 -14952 7154
6971 100 2.2 -15648 7990
7061 100 2.2 -15524 7920
7152 100 2.2 -15664 7986
7245 100 2.2 -15832 8254
7338 100 2.2 -15148 7890
7433 100 2.2 -15668 8058
7529 100 2.2 -15444 7972
7626 100 2.2 -15252 7976
7724 100 2.2 -15664 7906
7824 100 2.2 -15616 7894
7925 100 2.2 -15496 8176
8027 100 2.2 -14996 7416
8130 100 2.2 -15872 8298
8235 100 2.2 -15188 7202
8341 100 2.2 -15652 8038
8449 100 2.2 -15240 7658
8558 100 2.2 -15628 8120
8668 100 2.2 -15632 7838
8780 100 2.2 -15704 8166
8893 100 2.2 -15284 7974
9008 100 2.2 -15832 8284
9124 100 2.2 -15316 7742
9242 100 2.2 -15384 7600
9361 100 2.2 -15512 7478
9482 100 2.2 -15244 7106
9604 100 2.2 -15124 7088
9728 100 2.2 -15012 7164
9853 100 2.2 -15164 7540
9980 100 2.2 -15012 7670
10109 100 2.2 -15592 8132
10240 100 2.2 -15704 8134
10372 100 2.2 -15232 7632
10505 100 2.2 -15584 8048
10641 100 2.2 -15296 7602
10778 100 2.2 -15388 7932
10917 100 2.2 -15496 8012
11058 100 2.2 -15704 7974
11201 100 2.2 -15748 8310
11345 100 2.2 -15624 7994
11491 100 2.2 -15316 7520
11640 100 2.2 -15848 8170
11790 100 2.2 -15856 8316
11942 100 2.2 -15180 7644
12096 100 2.2 -15548 8208
12252 100 2.2 -15840 8104
12410 100 2.2 -15768 8230
12570 100 2.2 -15956 8308
12732 100 2.2 -14900 7466
12896 100 2.2 -15404 7848
13062 100 2.2 -15664 7844
13231 100 2.2 -15452 8048
13402 100 2.2 -15724 8100
13574 100 2.2 -15384 7764
13750 100 2.2 -14928 7328
13927 100 2.2 -15436 7898
14106 100 2.2 -15720 7876
14288 100 2.2 -15340 7526
14473 100 2.2 -15364 7884
14659 100 2.2 -15372 7876
14848 100 2.2 -15412 7828
15040 100 2.2 -15188 7540
15234 100 2.2 -15236 7670
15430 100 2.2 -15176 7450
15629 100 2.2 -15636 8026
15831 100 2.2 -15252 7792
16035 100 2.2 -15164 7768
16242 100 2.2 -15408 7926
16451 100 2.2 -15724 8150
16664 100 2.2 -15532 8058
16879 100 2.2 -15212 7640
17096 100 2.2 -15208 7632
17317 100 2.2 -15592 8184
17540 100 2.2 -15736 8092
17766 100 2.2 -14948 7416
17995 100 2.2 -15244 7800
18228 100 2.2 -15320 7922
18463 100 2.2 -15396 7950
18701 100 2.2 -15820 7822
18942 100 2.2 -15308 7794
19186 100 2.2 -16184 8434
19434 100 2.2 -15808 8166
19684 100 2.2 -15668 7874
19938 100 2.2 -15268 7706
20195 100 2.2 -15828 8052
20456 100 2.2 -14676 6872
20720 100 2.2 -15448 7946
20987 100 2.2 -15844 8210
21258 100 2.2 -15668 8120
21532 100 2.2 -15800 8044
21810 100 2.2 -15172 7476
22091 100 2.2 -15924 8190
22376 100 2.2 -15592 8036
22664 100 2.2 -15452 7850
22957 100 2.2 -15572 7728
23253 100 2.2 -15464 7910
23553 100 2.2 -14924 7314
23856 100 2.2 -15668 7866
24164 100 2.2 -15612 7880
24476 100 2.2 -15376 8114
24791 100 2.2 -15136 7392
25111 100 2.2 -15232 7664
25435 100 2.2 -15468 7660
25763 100 2.2 -15392 7624
26095 100 2.2 -15928 8360
26432 100 2.2 -15304 7998
26773 100 2.2 -15272 7810
27118 100 2.2 -15720 8218
27468 100 2.2 -15528 7990
27822 100 2.2 -15180 7654
28181 100 2.2 -15264 7698
28545 100 2.2 -15568 8116
28913 100 2.2 -15568 8026
29286 100 2.2 -15508 7996
29663 100 2.2 -15556 7636
30046 100 2.2 -15596 8018
30434 100 2.2 -15124 7588
30826 100 2.2 -15620 8166
31224 100 2.2 -14920 7324
31626 100 2.2 -15532 7856
32034 100 2.2 -15640 7966
32447 100 2.2 -16156 8444
32866 100 2.2 -15588 8028
33290 100 2.2 -15408 7792
33719 100 2.2 -15240 7650
34154 100 2.2 -15756 7890
34595 100 2.2 -15432 7918
35041 100 2.2 -15668 7984
35493 100 2.2 -15308 7884
35951 100 2.2 -15584 7990
36414 100 2.2 -15308 8016
36884 100 2.2 -15564 7938
37360 100 2.2 -15968 8350
37841 100 2.2 -15612 7902
38330 100 2.2 -15120 7060
38824 100 2.2 -15792 8218
39325 100 2.2 -15700 8156
39832 100 2.2 -15488 8046
40346 100 2.2 -15560 8000
40866 100 2.2 -15328 7478
41393 100 2.2 -15252 7452
41927 100 2.2 -15496 7930
42468 100 2.2 -15648 8258
43015 100 2.2 -15760 8170
43570 100 2.2 -15416 7858
44132 100 2.2 -15252 8006
44701 100 2.2 -15380 8040
45278 100 2.2 -15532 8002
45862 100 2.2 -15624 8266
46453 100 2.2 -15140 7806
47053 100 2.2 -15160 7860
47660 100 2.2 -15712 8172
48274 100 2.2 -15620 8168
48897 100 2.2 -15608 7822
49528 100 2.2 -14984 7560
50166 100 2.2 -15380 7752
50813 100 2.2 -15552 8000
51469 100 2.2 -15692 7674
52133 100 2.2 -15528 7896
52805 100 2.2 -15056 7312
53486 100 2.2 -15276 7474
54176 100 2.2 -15620 8018
54875 100 2.2 -14952 7528
55582 100 2.2 -15488 7764
56299 100 2.2 -15460 7774
57025 100 2.2 -15404 8056
57761 100 2.2 -15576 7886
58506 100 2.2 -15220 7386
59261 100 2.2 -15680 8026
60025 100 2.2 -15472 8050
60799 100 2.2 -15720 8096
61583 100 2.2 -15352 7584
62378 100 2.2 -15680 7780
63182 100 2.2 -15768 7860
63997 100 2.2 -15440 7882
64822 100 2.2 -15440 7872
65658 100 2.2 -15004 7646
66505 100 2.2 -15144 6744
67363 100 2.2 -16080 8360
68232 100 2.2 -15576 7840
69112 100 2.2 -15288 7668
70003 100 2.2 -15620 8056
70906 100 2.2 -15248 7622
71821 100 2.2 -15280 7518
72747 100 2.2 -15952 8318
73685 100 2.2 -15872 8150
74636 100 2.2 -15212 7446
75599 100 2.2 -15412 7870
76574 100 2.2 -15316 7730
77561 100 2.2 -15488 7890
78562 100 2.2 -15424 8058
79575 100 2.2 -15092 7534
80601 100 2.2 -15408 7994
81641 100 2.2 -14916 7430
82694 100 2.2 -15484 8004
83760 100 2.2 -15344 7986
84841 100 2.2 -15540 7954
85935 100 2.2 -14940 7770
87043 100 2.2 -15180 7648
88166 100 2.2 -15628 8048
89303 100 2.2 -15700 7968
90455 100 2.2 -15312 7694
91622 100 2.2 -15280 7750
92803 100 2.2 -15272 7804
94000 100 2.2 -15556 8082
95213 100 2.2 -15296 7608
96441 100 2.2 -15128 7788
97685 100 2.2 -15272 7746
98945 100 2.2 -15524 7756
100221 100 2.2 -15856 8082
101513 100 2.2 -15776 8236
102823 100 2.2 -15648 7878
104149 100 2.2 -15596 8206
105492 100 2.2 -15228 7456
106853 100 2.2 -15312 7706
108231 100 2.2 -15444 8120
109627 100 2.2 -15436 8016
111041 100 2.2 -15704 7606
112473 100 2.2 -15976 8286
113924 100 2.2 -15448 7740
115393 100 2.2 -15780 8048
116882 100 2.2 -15408 7890
118389 100 2.2 -15244 7694
119916 100 2.2 -15468 7910
121463 100 2.2 -15708 8212
123029 100 2.2 -15488 7858
124616 100 2.2 -15404 7740
126224 100 2.2 -15608 7834
127852 100 2.2 -15316 7414
129501 100 2.2 -15240 7736
131171 100 2.2 -15788 8212
132863 100 2.2 -15548 7762
134576 100 2.2 -15656 7520
136312 100 2.2 -15320 7912
138070 100 2.2 -15508 8176
139851 100 2.2 -14920 7296
141655 100 2.2 -15604 7658
143482 100 2.2 -15272 7444
145333 100 2.2 -15536 7648
147207 100 2.2 -15336 7802
149106 100 2.2 -15108 6540
151029 100 2.2 -15640 7988
152977 100 2.2 -15288 7682
154950 100 2.2 -15696 7994
156948 100 2.2 -15512 8006
158973 100 2.2 -15580 8020
161023 100 2.2 -15560 7820
163100 100 2.2 -15440 7996
165204 100 2.2 -15792 8168
167334 100 2.2 -15268 7580
169493 100 2.2 -15544 8138
171679 100 2.2 -15396 7760
173893 100 2.2 -15132 7740
176136 100 2.2 -15296 7154
178408 100 2.2 -15400 7872
180709 100 2.2 -15480 7884
183040 100 2.2 -15304 7902
185400 100 2.2 -15052 7454
187792 100 2.2 -15284 7552
190214 100 2.2 -15220 7886
192667 100 2.2 -15536 7968
195152 100 2.2 -15524 7506
197669 100 2.2 -15372 7696
200219 100 2.2 -15572 7980
202801 100 2.2 -15252 7696
205417 100 2.2 -15436 7820
208066 100 2.2 -15332 7898
210750 100 2.2 -15740 8164
213468 100 2.2 -15404 6978
216222 100 2.2 -15396 7876
219010 100 2.2 -15344 7568
221835 100 2.2 -15484 8002
224696 100 2.2 -15452 7900
227595 100 2.2 -15160 7572
230530 100 2.2 -15656 8110
233503 100 2.2 -15440 7966
236515 100 2.2 -15544 7718
239566 100 2.2 -15780 8298
242656 100 2.2 -15940 8318
245785 100 2.2 -15024 7388
248956 100 2.2 -15608 7872
252167 100 2.2 -15020 6204
255419 100 2.2 -15568 7838
258713 100 2.2 -15192 7764
262050 100 2.2 -15396 7832
265430 100 2.2 -15624 7982
268854 100 2.2 -15156 7886
272321 100 2.2 -15324 8056
275834 100 2.2 -15680 8210
279391 100 2.2 -15368 7794
282995 100 2.2 -15484 8066
286645 100 2.2 -15308 7784
290342 100 2.2 -15680 8006
294087 100 2.2 -15088 7596
297880 100 2.2 -15544 7992
301722 100 2.2 -15708 8078
305614 100 2.2 -15596 7626
309556 100 2.2 -15812 7980
313548 100 2.2 -15684 7816
317592 100 2.2 -15592 8194
321689 100 2.2 -15292 6490
325838 100 2.2 -15212 7506
330040 100 2.2 -15408 8080
334297 100 2.2 -15364 7744
338609 100 2.2 -15712 8196
342976 100 2.2 -14936 6980
347400 100 2.2 -15040 7790
351881 100 2.2 -15252 7782
356419 100 2.2 -15616 8058
361016 100 2.2 -15116 7496
365673 100 2.2 -15300 7684
370389 100 2.2 -15604 7940
375167 100 2.2 -15660 8060
380005 100 2.2 -15180 7384
384907 100 2.2 -15720 8140
389871 100 2.2 -15884 8120
394900 100 2.2 -15480 7936
399993 100 2.2 -15040 7188
405152 100 2.2 -15800 8266
410378 100 2.2 -15228 7882
415671 100 2.2 -15448 7792
421032 100 2.2 -15780 8258
426463 100 2.2 -15296 7816
431963 100 2.2 -15028 7340
437535 100 2.2 -15576 7732
443178 100 2.2 -15168 7496
448894 100 2.2 -15212 7644
454684 100 2.2 -15596 8162
460548 100 2.2 -15704 8212
466489 100 2.2 -15160 7568
472505 100 2.2 -15452 7496
478600 100 2.2 -15520 8100
484773 100 2.2 -15644 8242
491025 100 2.2 -15616 7960
497358 100 2.2 -15108 7490
503773 100 2.2 -15536 7126
510271 100 2.2 -15176 7384
516852 100 2.2 -15556 8082
523519 100 2.2 -16000 8356
530271 100 2.2 -15092 7454
537111 100 2.2 -15188 7828
544038 100 2.2 -15332 7862
551055 100 2.2 -15584 8062
558163 100 2.2 -15740 7854
565362 100 2.2 -15588 8130
572654 100 2.2 -15616 7918
580040 100 2.2 -15644 8010
587521 100 2.2 -15348 7476
595099 100 2.2 -15576 7730
602775 100 2.2 -15684 7838
610549 100 2.2 -15336 7938
618424 100 2.2 -15564 8036
626400 100 2.2 -15052 7228
634480 100 2.2 -15600 8092
642663 100 2.2 -15472 7938
650952 100 2.2 -15268 7812
659348 100 2.2 -15180 7632
667853 100 2.2 -15892 8302
676467 100 2.2 -15384 7898
685192 100 2.2 -15576 8058
694029 100 2.2 -15700 7948
702981 100 2.2 -15032 7370
712048 100 2.2 -15632 7784
721232 100 2.2 -15360 8036
730534 100 2.2 -14964 7158
739957 100 2.2 -15444 8174
749500 100 2.2 -15384 7724
759168 100 2.2 -15216 7276
768959 100 2.2 -15576 8272
778877 100 2.2 -15812 8244
788923 100 2.2 -15488 7150
799099 100 2.2 -15728 8182
809405 100 2.2 -15552 8188
819845 100 2.2 -15476 7912
830419 100 2.2 -15248 7230
841130 100 2.2 -15348 7704
851979 100 2.2 -15548 7866
862968 100 2.2 -15644 8068
874098 100 2.2 -15744 7836
885373 100 2.2 -15508 7812
896792 100 2.2 -15260 7756
908359 100 2.2 -16072 8398
920075 100 2.2 -15668 8134
931942 100 2.2 -15492 7470
943962 100 2.2 -15068 7102
956137 100 2.2 -15292 7940
968470 100 2.2 -15396 8008
980961 100 2.2 -15696 7808
993613 100 2.2 -15580 8104
999999 100 2.2 -15480 7648
