3 60 2.4 -3428 -62
4 60 2.4 -3760 -170
5 60 2.4 -3896 -94
6 60 2.4 -3760 -144
7 60 2.4 -4004 -212
8 60 2.4 -3940 -180
9 60 2.4 -4116 -80
10 60 2.4 -4208 -114
11 60 2.4 -3956 4
12 60 2.4 -3884 2
13 60 2.4 -4008 86
14 60 2.4 -3924 -4
15 60 2.4 -4116 -6
16 60 2.4 -4048 30
17 60 2.4 -4000 26
18 60 2.4 -4236 8
19 60 2.4 -4232 -62
20 60 2.4 -4212 -54
21 60 2.4 -4232 -42
22 60 2.4 -4088 -50
23 60 2.4 -4172 -128
24 60 2.4 -4144 -58
25 60 2.4 -4100 12
26 60 2.4 -4132 94
27 60 2.4 -4172 148
28 60 2.4 -4336 148
29 60 2.4 -4304 226
30 60 2.4 -4188 266
31 60 2.4 -4192 220
32 60 2.4 -4300 88
33 60 2.4 -4308 128
34 60 2.4 -4316 136
35 60 2.4 -4156 62
36 60 2.4 -4136 -12
37 60 2.4 -4144 82
38 60 2.4 -4260 128
39 60 2.4 -4292 136
40 60 2.4 -4344 106
41 60 2.4 -4488 130
42 60 2.4 -4324 208
43 60 2.4 -4332 156
44 60 2.4 -4292 12
45 60 2.4 -4428 -68
46 60 2.4 -4392 -74
47 60 2.4 -4280 -80
48 60 2.4 -4376 24
49 60 2.4 -4504 -62
50 60 2.4 -4508 -14
51 60 2.4 -4364 -72
52 60 2.4 -4356 -64
53 60 2.4 -4252 -196
54 60 2.4 -4292 -142
55 60 2.4 -4232 -140
56 60 2.4 -4408 -56
57 60 2.4 -4420 -150
58 60 2.4 -4468 -110
59 60 2.4 -4384 -112
60 60 2.4 -4352 -24
61 60 2.4 -4352 16
62 60 2.4 -4376 -8
63 60 2.4 -4392 -10
64 60 2.4 -4316 74
65 60 2.4 -4436 54
66 60 2.4 -4272 44
67 60 2.4 -4284 20
68 60 2.4 -4284 -52
69 60 2.4 -4148 -14
70 60 2.4 -4164 -46
71 60 2.4 -4248 90
72 60 2.4 -4208 152
73 60 2.4 -4348 166
74 60 2.4 -4468 170
75 60 2.4 -4516 218
76 60 2.4 -4372 282
77 60 2.4 -4444 172
78 60 2.4 -4416 294
79 60 2.4 -4384 280
80 60 2.4 -4392 196
81 60 2.4 -4352 178
82 60 2.4 -4328 192
83 60 2.4 -4420 346
84 60 2.4 -4384 320
85 60 2.4 -4404 268
86 60 2.4 -4276 320
88 60 2.4 -4040 288
89 60 2.4 -4252 340
90 60 2.4 -4104 278
91 60 2.4 -4120 326
92 60 2.4 -4272 366
93 60 2.4 -4260 438
95 60 2.4 -4140 400
96 60 2.4 -4312 404
97 60 2.4 -4356 274
98 60 2.4 -4444 242
99 60 2.4 -4424 220
101 60 2.4 -4380 110
102 60 2.4 -4612 244
103 60 2.4 -4636 234
105 60 2.4 -4576 116
106 60 2.4 -4612 136
107 60 2.4 -4520 120
109 60 2.4 -4656 178
110 60 2.4 -4580 222
112 60 2.4 -4496 104
113 60 2.4 -4440 82
114 60 2.4 -4340 184
116 60 2.4 -4456 206
117 60 2.4 -4452 124
119 60 2.4 -4540 218
120 60 2.4 -4604 216
122 60 2.4 -4696 250
124 60 2.4 -4524 238
125 60 2.4 -4468 264
127 60 2.4 -4492 238
128 60 2.4 -4436 308
130 60 2.4 -4440 242
132 60 2.4 -4316 188
133 60 2.4 -4304 210
135 60 2.4 -4324 88
137 60 2.4 -4368 102
139 60 2.4 -4364 18
140 60 2.4 -4496 40
142 60 2.4 -4380 114
144 60 2.4 -4372 18
146 60 2.4 -4364 202
148 60 2.4 -4208 70
150 60 2.4 -4376 46
152 60 2.4 -4392 -148
154 60 2.4 -4328 -294
155 60 2.4 -4364 -404
157 60 2.4 -4244 -356
160 60 2.4 -4080 -280
162 60 2.4 -4216 -304
164 60 2.4 -4424 -250
166 60 2.4 -4196 -280
168 60 2.4 -4392 -236
170 60 2.4 -4516 -466
172 60 2.4 -4248 -350
174 60 2.4 -4400 -298
177 60 2.4 -4136 -302
179 60 2.4 -4372 -324
181 60 2.4 -4284 -252
184 60 2.4 -4272 -292
186 60 2.4 -4256 -262
188 60 2.4 -4284 -258
191 60 2.4 -4244 -238
193 60 2.4 -4188 -150
196 60 2.4 -4328 -142
198 60 2.4 -4340 -130
201 60 2.4 -4052 -208
203 60 2.4 -4204 -356
206 60 2.4 -4300 -432
209 60 2.4 -4424 -564
211 60 2.4 -4360 -590
214 60 2.4 -4360 -618
217 60 2.4 -4340 -634
220 60 2.4 -4568 -752
222 60 2.4 -4536 -780
225 60 2.4 -4380 -748
228 60 2.4 -4464 -906
231 60 2.4 -4528 -890
234 60 2.4 -4312 -754
237 60 2.4 -4092 -600
240 60 2.4 -4304 -732
243 60 2.4 -4296 -732
246 60 2.4 -4196 -760
250 60 2.4 -4148 -620
253 60 2.4 -4184 -748
256 60 2.4 -4180 -776
259 60 2.4 -4056 -794
263 60 2.4 -4376 -994
266 60 2.4 -4364 -1034
269 60 2.4 -4100 -1024
273 60 2.4 -4252 -1172
276 60 2.4 -4208 -1030
280 60 2.4 -4356 -1014
284 60 2.4 -4252 -976
287 60 2.4 -4324 -1068
291 60 2.4 -4208 -932
295 60 2.4 -4064 -816
298 60 2.4 -4156 -704
302 60 2.4 -4080 -748
306 60 2.4 -4300 -858
310 60 2.4 -4176 -870
314 60 2.4 -4184 -1000
318 60 2.4 -4216 -932
322 60 2.4 -4224 -1236
326 60 2.4 -4348 -1204
331 60 2.4 -4420 -936
335 60 2.4 -4212 -988
339 60 2.4 -4332 -866
344 60 2.4 -4372 -934
348 60 2.4 -4184 -958
352 60 2.4 -4112 -950
357 60 2.4 -4192 -664
362 60 2.4 -4296 -650
366 60 2.4 -4144 -562
371 60 2.4 -4268 -588
376 60 2.4 -4148 -542
381 60 2.4 -4224 -562
385 60 2.4 -4400 -276
390 60 2.4 -4428 -426
395 60 2.4 -4300 -496
401 60 2.4 -4376 -646
406 60 2.4 -4396 -728
411 60 2.4 -4360 -752
416 60 2.4 -4568 -826
422 60 2.4 -4252 -770
427 60 2.4 -4372 -654
433 60 2.4 -4352 -874
438 60 2.4 -4420 -888
444 60 2.4 -4056 -728
449 60 2.4 -4256 -646
455 60 2.4 -4176 -434
461 60 2.4 -4356 -436
467 60 2.4 -4368 -454
473 60 2.4 -4304 -452
479 60 2.4 -4340 -646
485 60 2.4 -4476 -878
492 60 2.4 -4388 -822
498 60 2.4 -4364 -834
504 60 2.4 -4540 -832
511 60 2.4 -4364 -886
517 60 2.4 -4080 -864
524 60 2.4 -4388 -670
531 60 2.4 -4288 -890
538 60 2.4 -4372 -1032
545 60 2.4 -4228 -828
552 60 2.4 -4384 -558
559 60 2.4 -4440 -710
566 60 2.4 -4296 -796
573 60 2.4 -4444 -670
581 60 2.4 -4260 -472
588 60 2.4 -4164 -554
596 60 2.4 -4452 -456
603 60 2.4 -4368 -324
611 60 2.4 -4564 -92
619 60 2.4 -4284 -284
627 60 2.4 -4268 -522
635 60 2.4 -4104 -592
643 60 2.4 -4132 -490
652 60 2.4 -4144 -350
660 60 2.4 -4108 -34
668 60 2.4 -4080 240
677 60 2.4 -4176 272
686 60 2.4 -4216 202
695 60 2.4 -4352 14
704 60 2.4 -4316 -198
713 60 2.4 -4208 90
722 60 2.4 -4396 40
731 60 2.4 -4420 -122
741 60 2.4 -4584 26
750 60 2.4 -4556 -108
760 60 2.4 -4372 502
770 60 2.4 -4456 766
780 60 2.4 -4564 704
790 60 2.4 -4444 668
800 60 2.4 -4548 458
810 60 2.4 -4340 568
821 60 2.4 -4268 556
831 60 2.4 -4368 726
842 60 2.4 -4312 638
853 60 2.4 -4148 822
864 60 2.4 -4252 688
875 60 2.4 -4256 804
886 60 2.4 -4288 858
897 60 2.4 -4584 1154
909 60 2.4 -4460 1068
921 60 2.4 -4436 1362
933 60 2.4 -4656 1294
945 60 2.4 -4368 1266
957 60 2.4 -4248 794
969 60 2.4 -4420 436
982 60 2.4 -3984 388
994 60 2.4 -4104 610
1007 60 2.4 -4208 662
1020 60 2.4 -4320 1062
1033 60 2.4 -4132 1000
1047 60 2.4 -4312 1262
1060 60 2.4 -4504 1418
1074 60 2.4 -4236 1284
1088 60 2.4 -4620 1352
1102 60 2.4 -4336 1350
1116 60 2.4 -4416 1452
1130 60 2.4 -4552 1428
1145 60 2.4 -4280 1204
1160 60 2.4 -4344 1520
1174 60 2.4 -4376 1316
1190 60 2.4 -4448 1278
1205 60 2.4 -4248 1242
1220 60 2.4 -4164 966
1236 60 2.4 -4160 720
1252 60 2.4 -4364 696
1268 60 2.4 -4436 540
1285 60 2.4 -4340 488
1301 60 2.4 -4140 288
1318 60 2.4 -4240 216
1335 60 2.4 -4324 504
1352 60 2.4 -4308 642
1370 60 2.4 -4220 918
1387 60 2.4 -4544 914
1405 60 2.4 -4224 696
1423 60 2.4 -4344 -80
1442 60 2.4 -4368 -400
1460 60 2.4 -4132 -510
1479 60 2.4 -4404 -740
1498 60 2.4 -4468 -610
1517 60 2.4 -4500 -292
1537 60 2.4 -4384 -368
1557 60 2.4 -4568 -384
1577 60 2.4 -4544 -506
1597 60 2.4 -4232 -390
1618 60 2.4 -4280 -208
1639 60 2.4 -4488 -444
1660 60 2.4 -4568 -542
1681 60 2.4 -4364 -496
1703 60 2.4 -4396 -422
1725 60 2.4 -4076 -76
1747 60 2.4 -4384 174
1770 60 2.4 -4272 312
1792 60 2.4 -4480 834
1816 60 2.4 -4160 902
1839 60 2.4 -4300 620
1863 60 2.4 -4348 604
1887 60 2.4 -4296 354
1911 60 2.4 -4208 494
1936 60 2.4 -4328 282
1961 60 2.4 -4516 712
1986 60 2.4 -4404 144
2012 60 2.4 -4204 6
2037 60 2.4 -4476 428
2064 60 2.4 -4288 786
2090 60 2.4 -4260 910
2117 60 2.4 -4424 996
2145 60 2.4 -4292 1052
2172 60 2.4 -4316 1412
2200 60 2.4 -4392 1168
2229 60 2.4 -4352 444
2257 60 2.4 -4284 12
2286 60 2.4 -4104 66
2316 60 2.4 -4448 260
2346 60 2.4 -4280 204
2376 60 2.4 -4248 504
2407 60 2.4 -4356 492
2438 60 2.4 -4424 520
2469 60 2.4 -4280 816
2501 60 2.4 -4392 1024
2533 60 2.4 -4460 1514
2566 60 2.4 -4532 1022
2599 60 2.4 -4520 918
2633 60 2.4 -4532 1464
2667 60 2.4 -4576 1114
2701 60 2.4 -4392 1370
2736 60 2.4 -4336 804
2771 60 2.4 -4228 1012
2807 60 2.4 -4232 526
2843 60 2.4 -4056 560
2880 60 2.4 -4464 1054
2917 60 2.4 -4092 912
2954 60 2.4 -4312 1034
2992 60 2.4 -4376 1358
3031 60 2.4 -4584 1630
3070 60 2.4 -4644 1426
3110 60 2.4 -4688 1442
3150 60 2.4 -4204 1464
3190 60 2.4 -4544 1116
3232 60 2.4 -4476 1112
3273 60 2.4 -4324 636
3315 60 2.4 -4440 914
3358 60 2.4 -4488 766
3402 60 2.4 -4100 828
3445 60 2.4 -4328 726
3490 60 2.4 -4352 98
3535 60 2.4 -4192 -18
3580 60 2.4 -4512 -300
3627 60 2.4 -4312 -70
3673 60 2.4 -4260 -86
3721 60 2.4 -4280 62
3769 60 2.4 -4244 406
3817 60 2.4 -4496 730
3867 60 2.4 -4136 692
3916 60 2.4 -4368 620
3967 60 2.4 -4232 -264
4018 60 2.4 -4296 458
4070 60 2.4 -4456 70
4122 60 2.4 -4264 -94
4176 60 2.4 -4388 -586
4229 60 2.4 -4292 -626
4284 60 2.4 -4404 -688
4339 60 2.4 -4232 -1472
4395 60 2.4 -4468 -1552
4452 60 2.4 -4604 -1596
4509 60 2.4 -4588 -1680
4567 60 2.4 -4456 -870
4626 60 2.4 -4464 -756
4686 60 2.4 -4196 378
4746 60 2.4 -4332 852
4808 60 2.4 -4580 1304
4870 60 2.4 -4596 1008
4932 60 2.4 -4388 278
4996 60 2.4 -4480 788
5060 60 2.4 -3996 490
5126 60 2.4 -4516 850
5192 60 2.4 -4424 -48
5259 60 2.4 -4532 -904
5327 60 2.4 -4168 -676
5395 60 2.4 -4172 90
5465 60 2.4 -4260 104
5535 60 2.4 -4376 668
5607 60 2.4 -4548 1750
5679 60 2.4 -4544 1674
5752 60 2.4 -4440 694
5826 60 2.4 -4068 694
5902 60 2.4 -4308 758
5978 60 2.4 -4560 540
6055 60 2.4 -4548 -592
6133 60 2.4 -4224 374
6212 60 2.4 -4236 180
6292 60 2.4 -4420 -734
6373 60 2.4 -4300 -1184
6455 60 2.4 -4404 -1460
6539 60 2.4 -4300 -388
6623 60 2.4 -4348 -318
6708 60 2.4 -4388 10
6795 60 2.4 -4240 262
6883 60 2.4 -4212 332
6971 60 2.4 -4280 -838
7061 60 2.4 -4460 -8
7152 60 2.4 -4660 500
7245 60 2.4 -4432 -736
7338 60 2.4 -4676 -1662
7433 60 2.4 -4464 -1200
7529 60 2.4 -4448 -612
7626 60 2.4 -4216 -644
7724 60 2.4 -4420 -1112
7824 60 2.4 -4504 -1400
7925 60 2.4 -4384 -1238
8027 60 2.4 -4028 -132
8130 60 2.4 -4348 -572
8235 60 2.4 -4176 -498
8341 60 2.4 -4312 -614
8449 60 2.4 -4412 -666
8558 60 2.4 -4540 -746
8668 60 2.4 -4236 -602
8780 60 2.4 -4448 208
8893 60 2.4 -4104 474
9008 60 2.4 -4504 1116
9124 60 2.4 -4244 466
9242 60 2.4 -4472 766
9361 60 2.4 -4292 44
9482 60 2.4 -4612 618
9604 60 2.4 -4724 1434
9728 60 2.4 -4404 1542
9853 60 2.4 -4396 1028
9980 60 2.4 -4368 406
10109 60 2.4 -4324 324
10240 60 2.4 -4324 272
10372 60 2.4 -4096 -460
10505 60 2.4 -4400 126
10641 60 2.4 -4236 214
10778 60 2.4 -4416 -1056
10917 60 2.4 -4188 -1146
11058 60 2.4 -4332 -1162
11201 60 2.4 -4524 -1040
11345 60 2.4 -4380 -416
11491 60 2.4 -4624 234
11640 60 2.4 -4664 -984
11790 60 2.4 -4480 -258
11942 60 2.4 -4292 -438
12096 60 2.4 -4436 676
12252 60 2.4 -4352 918
12410 60 2.4 -4136 66
12570 60 2.4 -4400 1680
12732 60 2.4 -4344 1052
12896 60 2.4 -4560 2114
13062 60 2.4 -4224 1106
13231 60 2.4 -4152 612
13402 60 2.4 -4224 382
13574 60 2.4 -4236 436
13750 60 2.4 -4440 170
13927 60 2.4 -4484 -132
14106 60 2.4 -4132 -620
14288 60 2.4 -4768 -1254
14473 60 2.4 -4168 -378
14659 60 2.4 -4280 -1318
14848 60 2.4 -4328 -788
15040 60 2.4 -4460 -724
15234 60 2.4 -4540 -1168
15430 60 2.4 -4432 -1248
15629 60 2.4 -4112 -798
15831 60 2.4 -4436 -1198
16035 60 2.4 -4300 -374
16242 60 2.4 -4404 316
16451 60 2.4 -4456 -978
16664 60 2.4 -4320 -600
16879 60 2.4 -4076 288
17096 60 2.4 -4744 1794
17317 60 2.4 -4172 540
17540 60 2.4 -4192 514
17766 60 2.4 -4260 806
17995 60 2.4 -4428 990
18228 60 2.4 -4208 -114
18463 60 2.4 -4268 -180
18701 60 2.4 -4308 962
18942 60 2.4 -4140 366
19186 60 2.4 -4204 654
19434 60 2.4 -4256 -590
19684 60 2.4 -4356 188
19938 60 2.4 -4640 -30
20195 60 2.4 -4644 -948
20456 60 2.4 -4372 844
20720 60 2.4 -4508 378
20987 60 2.4 -4152 -376
21258 60 2.4 -4156 520
21532 60 2.4 -4392 -918
21810 60 2.4 -4292 444
22091 60 2.4 -4468 -72
22376 60 2.4 -4260 -160
22664 60 2.4 -4144 -164
22957 60 2.4 -4168 356
23253 60 2.4 -4376 738
23553 60 2.4 -4740 614
23856 60 2.4 -4228 -602
24164 60 2.4 -4368 1066
24476 60 2.4 -4256 -20
24791 60 2.4 -4312 -376
25111 60 2.4 -4508 492
25435 60 2.4 -4140 -922
25763 60 2.4 -4352 -782
26095 60 2.4 -4216 -494
26432 60 2.4 -4184 -356
26773 60 2.4 -4228 -694
27118 60 2.4 -4536 134
27468 60 2.4 -4328 324
27822 60 2.4 -4052 -174
28181 60 2.4 -4332 -386
28545 60 2.4 -4376 -382
28913 60 2.4 -4040 406
29286 60 2.4 -4468 698
29663 60 2.4 -4328 994
30046 60 2.4 -4376 -618
30434 60 2.4 -4408 1156
30826 60 2.4 -4240 -238
31224 60 2.4 -4228 -286
31626 60 2.4 -4200 -514
32034 60 2.4 -4152 -744
32447 60 2.4 -3928 468
32866 60 2.4 -4040 528
33290 60 2.4 -4248 496
33719 60 2.4 -4320 -492
34154 60 2.4 -4376 -1236
34595 60 2.4 -4340 -22
35041 60 2.4 -4384 -578
35493 60 2.4 -4404 -40
35951 60 2.4 -4304 1234
36414 60 2.4 -4424 78
36884 60 2.4 -4428 302
37360 60 2.4 -4272 -170
37841 60 2.4 -4356 526
38330 60 2.4 -4280 -172
38824 60 2.4 -4232 574
39325 60 2.4 -4172 -654
39832 60 2.4 -4092 -592
40346 60 2.4 -4232 -1084
40866 60 2.4 -4480 -502
41393 60 2.4 -4160 -64
41927 60 2.4 -4476 -346
42468 60 2.4 -4196 -246
43015 60 2.4 -4292 76
43570 60 2.4 -4512 -172
44132 60 2.4 -4332 -166
44701 60 2.4 -4444 -776
45278 60 2.4 -4384 -1070
45862 60 2.4 -4212 -772
46453 60 2.4 -4276 -254
47053 60 2.4 -4140 136
47660 60 2.4 -4524 682
48274 60 2.4 -4496 636
48897 60 2.4 -4620 -1554
49528 60 2.4 -4320 206
50166 60 2.4 -4540 1322
50813 60 2.4 -4112 -80
51469 60 2.4 -4188 470
52133 60 2.4 -4204 224
52805 60 2.4 -4164 178
53486 60 2.4 -4240 -182
54176 60 2.4 -4432 86
54875 60 2.4 -4508 1462
55582 60 2.4 -4500 -104
56299 60 2.4 -4248 520
57025 60 2.4 -4620 -254
57761 60 2.4 -4252 1060
58506 60 2.4 -4408 272
59261 60 2.4 -4520 954
60025 60 2.4 -4196 -662
60799 60 2.4 -4264 -396
61583 60 2.4 -4256 402
62378 60 2.4 -4304 228
63182 60 2.4 -4152 1480
63997 60 2.4 -4232 1160
64822 60 2.4 -4180 -88
65658 60 2.4 -4344 360
66505 60 2.4 -4480 998
67363 60 2.4 -4700 82
68232 60 2.4 -4436 278
69112 60 2.4 -4616 584
70003 60 2.4 -4380 -190
70906 60 2.4 -4332 540
71821 60 2.4 -4364 468
72747 60 2.4 -4380 -416
73685 60 2.4 -4176 -326
74636 60 2.4 -4656 -710
75599 60 2.4 -4140 408
76574 60 2.4 -4392 -876
77561 60 2.4 -4420 -688
78562 60 2.4 -4540 -1730
79575 60 2.4 -4540 764
80601 60 2.4 -4536 786
81641 60 2.4 -4436 298
82694 60 2.4 -4724 812
83760 60 2.4 -4600 596
84841 60 2.4 -4412 0
85935 60 2.4 -4532 -658
87043 60 2.4 -4616 -270
88166 60 2.4 -4332 -1612
89303 60 2.4 -4444 660
90455 60 2.4 -4380 484
91622 60 2.4 -4068 124
92803 60 2.4 -4480 -1592
94000 60 2.4 -4248 -94
95213 60 2.4 -4040 -338
96441 60 2.4 -4340 -526
97685 60 2.4 -4384 810
98945 60 2.4 -4460 -286
100221 60 2.4 -4448 -152
101513 60 2.4 -4172 406
102823 60 2.4 -4780 -378
104149 60 2.4 -4380 334
105492 60 2.4 -4432 1168
106853 60 2.4 -4152 -1100
108231 60 2.4 -4356 -660
109627 60 2.4 -4636 -1064
111041 60 2.4 -4248 -424
112473 60 2.4 -4372 -162
113924 60 2.4 -4308 1036
115393 60 2.4 -4312 906
116882 60 2.4 -4116 -92
118389 60 2.4 -4372 -54
119916 60 2.4 -4444 -754
121463 60 2.4 -4404 -934
123029 60 2.4 -4316 -1750
124616 60 2.4 -4292 110
126224 60 2.4 -4448 -1430
127852 60 2.4 -4620 266
129501 60 2.4 -4104 476
131171 60 2.4 -4016 144
132863 60 2.4 -4048 18
134576 60 2.4 -4512 418
136312 60 2.4 -4360 1262
138070 60 2.4 -4260 -590
139851 60 2.4 -4504 -940
141655 60 2.4 -4436 1120
143482 60 2.4 -4236 -1080
145333 60 2.4 -4504 1584
147207 60 2.4 -4296 210
149106 60 2.4 -4028 -172
151029 60 2.4 -4180 608
152977 60 2.4 -4424 86
154950 60 2.4 -4324 928
156948 60 2.4 -4568 -822
158973 60 2.4 -4200 -762
161023 60 2.4 -4344 -752
163100 60 2.4 -4496 -1052
165204 60 2.4 -4120 156
167334 60 2.4 -4240 -400
169493 60 2.4 -4536 -588
171679 60 2.4 -4180 -612
173893 60 2.4 -4328 -304
176136 60 2.4 -4108 -882
178408 60 2.4 -4284 -654
180709 60 2.4 -4200 826
183040 60 2.4 -4224 -178
185400 60 2.4 -4284 1070
187792 60 2.4 -4088 196
190214 60 2.4 -4252 -2
192667 60 2.4 -4280 402
195152 60 2.4 -4540 896
197669 60 2.4 -4408 -610
200219 60 2.4 -4284 562
202801 60 2.4 -4508 -128
205417 60 2.4 -4384 -624
208066 60 2.4 -4388 24
210750 60 2.4 -4288 -480
213468 60 2.4 -4332 -506
216222 60 2.4 -4320 1174
219010 60 2.4 -4292 -834
221835 60 2.4 -4268 706
224696 60 2.4 -4384 -130
227595 60 2.4 -4320 -146
230530 60 2.4 -4612 -472
233503 60 2.4 -4352 1024
236515 60 2.4 -4312 -1212
239566 60 2.4 -4056 -416
242656 60 2.4 -4516 258
245785 60 2.4 -4484 -1292
248956 60 2.4 -4368 -778
252167 60 2.4 -4156 -792
255419 60 2.4 -4208 -336
258713 60 2.4 -4324 440
262050 60 2.4 -4332 -366
265430 60 2.4 -4652 416
268854 60 2.4 -4116 -606
272321 60 2.4 -4176 -16
275834 60 2.4 -4448 14
279391 60 2.4 -4432 454
282995 60 2.4 -4360 -36
286645 60 2.4 -4308 418
290342 60 2.4 -4272 -830
294087 60 2.4 -4232 256
297880 60 2.4 -4424 -880
301722 60 2.4 -4292 -354
305614 60 2.4 -4344 -250
309556 60 2.4 -4236 912
313548 60 2.4 -4284 -330
317592 60 2.4 -4544 562
321689 60 2.4 -4256 -920
325838 60 2.4 -4376 -212
330040 60 2.4 -4420 -1400
334297 60 2.4 -4228 52
338609 60 2.4 -4080 -888
342976 60 2.4 -4464 -682
347400 60 2.4 -4224 1050
351881 60 2.4 -4208 -1122
356419 60 2.4 -4168 -432
361016 60 2.4 -4220 934
365673 60 2.4 -4292 720
370389 60 2.4 -4424 1142
375167 60 2.4 -4120 16
380005 60 2.4 -4264 412
384907 60 2.4 -4544 -1086
389871 60 2.4 -4340 768
394900 60 2.4 -4108 700
399993 60 2.4 -4284 -470
405152 60 2.4 -4448 368
410378 60 2.4 -4560 -798
415671 60 2.4 -4508 590
421032 60 2.4 -4196 -980
426463 60 2.4 -4544 836
431963 60 2.4 -4248 1500
437535 60 2.4 -4248 -352
443178 60 2.4 -4492 878
448894 60 2.4 -4740 -180
454684 60 2.4 -4264 240
460548 60 2.4 -4216 -58
466489 60 2.4 -4704 -1294
472505 60 2.4 -4276 -662
478600 60 2.4 -4408 -836
484773 60 2.4 -4128 -184
491025 60 2.4 -4416 -182
497358 60 2.4 -4428 1068
503773 60 2.4 -4220 -208
510271 60 2.4 -4212 864
516852 60 2.4 -4048 246
523519 60 2.4 -4304 -424
530271 60 2.4 -4164 448
537111 60 2.4 -4320 -1176
544038 60 2.4 -4484 -418
551055 60 2.4 -4284 -40
558163 60 2.4 -4748 400
565362 60 2.4 -4316 -112
572654 60 2.4 -4236 -310
580040 60 2.4 -4224 218
587521 60 2.4 -4092 106
595099 60 2.4 -4552 458
602775 60 2.4 -4356 -1128
610549 60 2.4 -4400 -112
618424 60 2.4 -4424 -618
626400 60 2.4 -4144 560
634480 60 2.4 -4068 340
642663 60 2.4 -4548 82
650952 60 2.4 -4268 -174
659348 60 2.4 -4396 362
667853 60 2.4 -4420 -434
676467 60 2.4 -4352 -772
685192 60 2.4 -4332 -474
694029 60 2.4 -4436 -1252
702981 60 2.4 -4372 928
712048 60 2.4 -4432 -44
721232 60 2.4 -4168 734
730534 60 2.4 -4468 846
739957 60 2.4 -4304 246
749500 60 2.4 -4320 -930
759168 60 2.4 -4412 578
768959 60 2.4 -4652 -1204
778877 60 2.4 -4316 80
788923 60 2.4 -4368 -634
799099 60 2.4 -4300 -596
809405 60 2.4 -4348 1114
819845 60 2.4 -4484 1666
830419 60 2.4 -4248 534
841130 60 2.4 -4256 -540
851979 60 2.4 -4600 -870
862968 60 2.4 -4176 594
874098 60 2.4 -4192 216
885373 60 2.4 -4472 -1310
896792 60 2.4 -4224 -1338
908359 60 2.4 -4220 -292
920075 60 2.4 -4380 -78
931942 60 2.4 -4420 142
943962 60 2.4 -4352 -752
956137 60 2.4 -4412 -704
968470 60 2.4 -4060 -70
980961 60 2.4 -4316 162
993613 60 2.4 -4540 352
999999 60 2.4 -4284 188
