3 60 2.2 -3360 -94
4 60 2.2 -3624 0
5 60 2.2 -3872 -104
6 60 2.2 -3972 -24
7 60 2.2 -4204 -80
8 60 2.2 -4220 -124
9 60 2.2 -4312 -294
10 60 2.2 -4356 -320
11 60 2.2 -4444 -200
12 60 2.2 -4440 -188
13 60 2.2 -4416 -182
14 60 2.2 -4540 -206
15 60 2.2 -4556 -194
16 60 2.2 -4472 -84
17 60 2.2 -4520 -18
18 60 2.2 -4668 82
19 60 2.2 -4672 102
20 60 2.2 -4636 -88
21 60 2.2 -4564 32
22 60 2.2 -4712 24
23 60 2.2 -4572 36
24 60 2.2 -4784 -44
25 60 2.2 -4704 38
26 60 2.2 -4596 -24
27 60 2.2 -4500 -94
28 60 2.2 -4624 -98
29 60 2.2 -4520 -80
30 60 2.2 -4436 -26
31 60 2.2 -4596 34
32 60 2.2 -4708 92
33 60 2.2 -4712 182
34 60 2.2 -4608 152
35 60 2.2 -4768 152
36 60 2.2 -4740 246
37 60 2.2 -4776 218
38 60 2.2 -4796 196
39 60 2.2 -4708 186
40 60 2.2 -4684 168
41 60 2.2 -4668 204
42 60 2.2 -4804 236
43 60 2.2 -4832 296
44 60 2.2 -4932 308
45 60 2.2 -4952 402
46 60 2.2 -4956 406
47 60 2.2 -4888 394
48 60 2.2 -4848 408
49 60 2.2 -4860 506
50 60 2.2 -4668 460
51 60 2.2 -4644 484
52 60 2.2 -4760 430
53 60 2.2 -4572 420
54 60 2.2 -4652 446
55 60 2.2 -4536 464
56 60 2.2 -4592 458
57 60 2.2 -4596 530
58 60 2.2 -4548 616
59 60 2.2 -4544 606
60 60 2.2 -4492 662
61 60 2.2 -4572 690
62 60 2.2 -4772 712
63 60 2.2 -4632 718
64 60 2.2 -4732 692
65 60 2.2 -4740 690
66 60 2.2 -4700 674
67 60 2.2 -4776 832
68 60 2.2 -4764 890
69 60 2.2 -4604 864
70 60 2.2 -4664 884
71 60 2.2 -4604 762
72 60 2.2 -4424 722
73 60 2.2 -4456 686
74 60 2.2 -4600 676
75 60 2.2 -4704 680
76 60 2.2 -4740 696
77 60 2.2 -4868 808
78 60 2.2 -4956 786
79 60 2.2 -4924 852
80 60 2.2 -4768 816
81 60 2.2 -4860 742
82 60 2.2 -5056 734
83 60 2.2 -4960 750
84 60 2.2 -4892 774
85 60 2.2 -5016 770
86 60 2.2 -4956 684
88 60 2.2 -4960 690
89 60 2.2 -4900 696
90 60 2.2 -4960 766
91 60 2.2 -4880 886
92 60 2.2 -4880 898
93 60 2.2 -4916 868
95 60 2.2 -4920 922
96 60 2.2 -4868 958
97 60 2.2 -4756 994
98 60 2.2 -4732 884
99 60 2.2 -4840 900
101 60 2.2 -4820 926
102 60 2.2 -4748 828
103 60 2.2 -4820 798
105 60 2.2 -4688 792
106 60 2.2 -4588 728
107 60 2.2 -4700 856
109 60 2.2 -4744 734
110 60 2.2 -4748 716
112 60 2.2 -4940 802
113 60 2.2 -4948 860
114 60 2.2 -4960 890
116 60 2.2 -5016 896
117 60 2.2 -4964 828
119 60 2.2 -5032 822
120 60 2.2 -5192 816
122 60 2.2 -5012 772
124 60 2.2 -5072 692
125 60 2.2 -4904 672
127 60 2.2 -4812 646
128 60 2.2 -4744 622
130 60 2.2 -4784 646
132 60 2.2 -4784 578
133 60 2.2 -4836 624
135 60 2.2 -5084 602
137 60 2.2 -5172 678
139 60 2.2 -5052 636
140 60 2.2 -5076 640
142 60 2.2 -4860 700
144 60 2.2 -4912 618
146 60 2.2 -4872 700
148 60 2.2 -4816 588
150 60 2.2 -4936 572
152 60 2.2 -5032 524
154 60 2.2 -5052 552
155 60 2.2 -4924 490
157 60 2.2 -4936 444
160 60 2.2 -5176 438
162 60 2.2 -5280 356
164 60 2.2 -5152 272
166 60 2.2 -4968 446
168 60 2.2 -5116 280
170 60 2.2 -5120 234
172 60 2.2 -5068 302
174 60 2.2 -5024 350
177 60 2.2 -4988 368
179 60 2.2 -4980 410
181 60 2.2 -5144 440
184 60 2.2 -5100 546
186 60 2.2 -5072 596
188 60 2.2 -4964 650
191 60 2.2 -4952 836
193 60 2.2 -5140 796
196 60 2.2 -5084 494
198 60 2.2 -5104 554
201 60 2.2 -5220 614
203 60 2.2 -5156 578
206 60 2.2 -5152 692
209 60 2.2 -4972 524
211 60 2.2 -5208 562
214 60 2.2 -5148 686
217 60 2.2 -5164 576
220 60 2.2 -5300 642
222 60 2.2 -5380 670
225 60 2.2 -5340 762
228 60 2.2 -5084 726
231 60 2.2 -5260 738
234 60 2.2 -5044 814
237 60 2.2 -5328 850
240 60 2.2 -5068 872
243 60 2.2 -5264 812
246 60 2.2 -5324 866
250 60 2.2 -5292 946
253 60 2.2 -5312 1018
256 60 2.2 -5252 980
259 60 2.2 -5232 938
263 60 2.2 -5312 860
266 60 2.2 -5260 922
269 60 2.2 -5152 1096
273 60 2.2 -5344 1058
276 60 2.2 -5104 970
280 60 2.2 -5296 988
284 60 2.2 -5100 1074
287 60 2.2 -5296 1162
291 60 2.2 -5272 1120
295 60 2.2 -5132 1250
298 60 2.2 -5116 1114
302 60 2.2 -5372 1272
306 60 2.2 -5328 1344
310 60 2.2 -5168 1392
314 60 2.2 -5144 1550
318 60 2.2 -5224 1608
322 60 2.2 -5404 1684
326 60 2.2 -5244 1734
331 60 2.2 -5340 1766
335 60 2.2 -5124 1664
339 60 2.2 -5136 1716
344 60 2.2 -5136 1724
348 60 2.2 -5380 1716
352 60 2.2 -5292 1626
357 60 2.2 -5220 1630
362 60 2.2 -5352 1690
366 60 2.2 -5196 1722
371 60 2.2 -5092 1724
376 60 2.2 -5040 1638
381 60 2.2 -5168 1684
385 60 2.2 -5208 1590
390 60 2.2 -5256 1682
395 60 2.2 -5340 1746
401 60 2.2 -5360 1640
406 60 2.2 -5108 1492
411 60 2.2 -5352 1724
416 60 2.2 -5164 1630
422 60 2.2 -5292 1750
427 60 2.2 -5320 1882
433 60 2.2 -5328 1860
438 60 2.2 -5240 1776
444 60 2.2 -5272 1686
449 60 2.2 -5332 1730
455 60 2.2 -5336 1718
461 60 2.2 -5180 1498
467 60 2.2 -5304 1654
473 60 2.2 -5000 1424
479 60 2.2 -5116 1378
485 60 2.2 -5216 1360
492 60 2.2 -5160 1400
498 60 2.2 -5008 1638
504 60 2.2 -5264 1942
511 60 2.2 -5228 1952
517 60 2.2 -5332 2138
524 60 2.2 -5176 2022
531 60 2.2 -5256 2114
538 60 2.2 -5188 2058
545 60 2.2 -5316 2082
552 60 2.2 -5392 2134
559 60 2.2 -5232 2138
566 60 2.2 -5036 2166
573 60 2.2 -5004 2216
581 60 2.2 -5132 2272
588 60 2.2 -5096 2110
596 60 2.2 -5204 2352
603 60 2.2 -5160 2300
611 60 2.2 -5012 2168
619 60 2.2 -5240 2232
627 60 2.2 -5284 2098
635 60 2.2 -5352 2256
643 60 2.2 -5364 2270
652 60 2.2 -5280 2140
660 60 2.2 -5412 2078
668 60 2.2 -5616 2290
677 60 2.2 -5356 2048
686 60 2.2 -5268 2216
695 60 2.2 -5328 2120
704 60 2.2 -5472 2238
713 60 2.2 -5264 2118
722 60 2.2 -5404 2294
731 60 2.2 -5264 2104
741 60 2.2 -5168 2040
750 60 2.2 -5160 2032
760 60 2.2 -5496 2114
770 60 2.2 -5364 2176
780 60 2.2 -5464 2254
790 60 2.2 -5256 2212
800 60 2.2 -5504 2302
810 60 2.2 -5440 2446
821 60 2.2 -5588 2648
831 60 2.2 -5556 2646
842 60 2.2 -5540 2854
853 60 2.2 -5200 2576
864 60 2.2 -5852 3050
875 60 2.2 -5840 3050
886 60 2.2 -5544 2930
897 60 2.2 -5664 2936
909 60 2.2 -5436 2792
921 60 2.2 -5308 2686
933 60 2.2 -5452 2784
945 60 2.2 -5508 2840
957 60 2.2 -5412 2672
969 60 2.2 -5520 2790
982 60 2.2 -5768 2904
994 60 2.2 -5652 2824
1007 60 2.2 -5660 2896
1020 60 2.2 -5232 2618
1033 60 2.2 -5732 2928
1047 60 2.2 -5816 3094
1060 60 2.2 -5508 2918
1074 60 2.2 -5360 2684
1088 60 2.2 -5484 2734
1102 60 2.2 -5540 2736
1116 60 2.2 -5612 2896
1130 60 2.2 -5620 2884
1145 60 2.2 -5568 2766
1160 60 2.2 -5516 2726
1174 60 2.2 -5460 2726
1190 60 2.2 -5672 2946
1205 60 2.2 -5636 2870
1220 60 2.2 -5564 2836
1236 60 2.2 -5632 2966
1252 60 2.2 -5608 2906
1268 60 2.2 -5772 2984
1285 60 2.2 -5632 2952
1301 60 2.2 -5836 3070
1318 60 2.2 -5544 2820
1335 60 2.2 -5500 2942
1352 60 2.2 -5588 2836
1370 60 2.2 -5644 2890
1387 60 2.2 -5596 2856
1405 60 2.2 -5672 2878
1423 60 2.2 -5572 2928
1442 60 2.2 -5488 2980
1460 60 2.2 -5760 3104
1479 60 2.2 -5400 2780
1498 60 2.2 -5480 2710
1517 60 2.2 -5384 2676
1537 60 2.2 -5728 2944
1557 60 2.2 -5548 2960
1577 60 2.2 -5812 2994
1597 60 2.2 -5604 2960
1618 60 2.2 -5492 2778
1639 60 2.2 -5456 2656
1660 60 2.2 -5428 2626
1681 60 2.2 -5612 2962
1703 60 2.2 -5608 2874
1725 60 2.2 -5684 3034
1747 60 2.2 -5836 3076
1770 60 2.2 -5768 3044
1792 60 2.2 -5660 2814
1816 60 2.2 -5428 2812
1839 60 2.2 -5684 2908
1863 60 2.2 -5480 2852
1887 60 2.2 -5712 3008
1911 60 2.2 -5800 3074
1936 60 2.2 -5628 2912
1961 60 2.2 -5448 2816
1986 60 2.2 -5600 2666
2012 60 2.2 -5588 2820
2037 60 2.2 -5672 2766
2064 60 2.2 -5316 2658
2090 60 2.2 -5604 2858
2117 60 2.2 -5660 2876
2145 60 2.2 -5408 2744
2172 60 2.2 -5684 2888
2200 60 2.2 -5568 2848
2229 60 2.2 -5304 2602
2257 60 2.2 -5892 3064
2286 60 2.2 -5232 2554
2316 60 2.2 -5452 2574
2346 60 2.2 -5516 2724
2376 60 2.2 -5592 2928
2407 60 2.2 -5424 2758
2438 60 2.2 -5552 2850
2469 60 2.2 -5508 2832
2501 60 2.2 -5616 2966
2533 60 2.2 -5648 2930
2566 60 2.2 -5380 2670
2599 60 2.2 -5436 2802
2633 60 2.2 -5520 2938
2667 60 2.2 -5492 2852
2701 60 2.2 -5548 2946
2736 60 2.2 -5340 2696
2771 60 2.2 -5728 2998
2807 60 2.2 -5396 2718
2843 60 2.2 -5628 2872
2880 60 2.2 -5584 2948
2917 60 2.2 -5592 2926
2954 60 2.2 -5720 3044
2992 60 2.2 -5624 2896
3031 60 2.2 -5504 2832
3070 60 2.2 -5516 2852
3110 60 2.2 -5440 2824
3150 60 2.2 -5804 2964
3190 60 2.2 -5720 2978
3232 60 2.2 -5580 2906
3273 60 2.2 -5656 2876
3315 60 2.2 -5608 2962
3358 60 2.2 -5396 2820
3402 60 2.2 -5780 2878
3445 60 2.2 -5564 2890
3490 60 2.2 -5756 3042
3535 60 2.2 -5412 2846
3580 60 2.2 -5260 2562
3627 60 2.2 -5548 2924
3673 60 2.2 -5464 2786
3721 60 2.2 -5656 2898
3769 60 2.2 -5496 2680
3817 60 2.2 -5636 2878
3867 60 2.2 -5688 2994
3916 60 2.2 -5472 2818
3967 60 2.2 -5524 2876
4018 60 2.2 -5700 2918
4070 60 2.2 -5620 2920
4122 60 2.2 -5588 2924
4176 60 2.2 -5464 2864
4229 60 2.2 -5452 2902
4284 60 2.2 -5388 2598
4339 60 2.2 -5468 2710
4395 60 2.2 -5672 2868
4452 60 2.2 -5392 2862
4509 60 2.2 -5716 2928
4567 60 2.2 -5460 2662
4626 60 2.2 -5564 2760
4686 60 2.2 -5476 2688
4746 60 2.2 -5544 2724
4808 60 2.2 -5468 2702
4870 60 2.2 -5736 3062
4932 60 2.2 -5476 2760
4996 60 2.2 -5400 2878
5060 60 2.2 -5792 3060
5126 60 2.2 -5564 2810
5192 60 2.2 -5672 2960
5259 60 2.2 -5512 2796
5327 60 2.2 -5556 2724
5395 60 2.2 -5372 2556
5465 60 2.2 -5436 2566
5535 60 2.2 -5632 2792
5607 60 2.2 -5812 3032
5679 60 2.2 -5640 2872
5752 60 2.2 -5468 2684
5826 60 2.2 -5328 2562
5902 60 2.2 -5500 2582
5978 60 2.2 -5584 2882
6055 60 2.2 -5428 2802
6133 60 2.2 -5676 3008
6212 60 2.2 -5728 2992
6292 60 2.2 -5604 2892
6373 60 2.2 -5784 2960
6455 60 2.2 -5692 2978
6539 60 2.2 -5732 3012
6623 60 2.2 -5468 2726
6708 60 2.2 -5728 3036
6795 60 2.2 -5716 3018
6883 60 2.2 -5516 2796
6971 60 2.2 -5704 2848
7061 60 2.2 -5632 2854
7152 60 2.2 -5576 2826
7245 60 2.2 -5344 2570
7338 60 2.2 -5676 2968
7433 60 2.2 -5288 2634
7529 60 2.2 -5468 2602
7626 60 2.2 -5712 2918
7724 60 2.2 -5544 2818
7824 60 2.2 -5548 2594
7925 60 2.2 -5476 2546
8027 60 2.2 -5552 2852
8130 60 2.2 -5532 2828
8235 60 2.2 -5520 2910
8341 60 2.2 -5720 2956
8449 60 2.2 -5692 2952
8558 60 2.2 -5420 2782
8668 60 2.2 -5624 2976
8780 60 2.2 -5724 3056
8893 60 2.2 -5668 2888
9008 60 2.2 -5684 2960
9124 60 2.2 -5716 3024
9242 60 2.2 -5520 2880
9361 60 2.2 -5456 2808
9482 60 2.2 -5676 3028
9604 60 2.2 -5588 2814
9728 60 2.2 -5540 2890
9853 60 2.2 -5692 3012
9980 60 2.2 -5640 2982
10109 60 2.2 -5948 3126
10240 60 2.2 -5356 2796
10372 60 2.2 -5616 2828
10505 60 2.2 -5592 2932
10641 60 2.2 -5724 2978
10778 60 2.2 -5404 2620
10917 60 2.2 -5532 2482
11058 60 2.2 -5408 2612
11201 60 2.2 -5644 3004
11345 60 2.2 -5484 2798
11491 60 2.2 -5748 2968
11640 60 2.2 -5536 2956
11790 60 2.2 -5696 2994
11942 60 2.2 -5716 3014
12096 60 2.2 -5652 2910
12252 60 2.2 -5700 3010
12410 60 2.2 -5600 2904
12570 60 2.2 -5764 3024
12732 60 2.2 -5524 2902
12896 60 2.2 -5316 2614
13062 60 2.2 -5836 3052
13231 60 2.2 -5736 2984
13402 60 2.2 -5812 2980
13574 60 2.2 -5428 2750
13750 60 2.2 -5404 2572
13927 60 2.2 -5600 2866
14106 60 2.2 -5656 2754
14288 60 2.2 -5616 2946
14473 60 2.2 -5608 2860
14659 60 2.2 -5836 2996
14848 60 2.2 -5360 2568
15040 60 2.2 -5624 2874
15234 60 2.2 -5488 2806
15430 60 2.2 -5340 2670
15629 60 2.2 -5608 2828
15831 60 2.2 -5868 3064
16035 60 2.2 -5548 2750
16242 60 2.2 -5816 2906
16451 60 2.2 -5620 2918
16664 60 2.2 -5324 2622
16879 60 2.2 -5600 2828
17096 60 2.2 -5352 2566
17317 60 2.2 -5704 2954
17540 60 2.2 -5812 3070
17766 60 2.2 -5376 2218
17995 60 2.2 -5388 2296
18228 60 2.2 -5508 2368
18463 60 2.2 -5656 2856
18701 60 2.2 -5620 2958
18942 60 2.2 -5684 2806
19186 60 2.2 -5652 2922
19434 60 2.2 -5648 2906
19684 60 2.2 -5612 2918
19938 60 2.2 -5464 2766
20195 60 2.2 -5732 3032
20456 60 2.2 -5584 2898
20720 60 2.2 -5516 2854
20987 60 2.2 -5604 2926
21258 60 2.2 -5440 2578
21532 60 2.2 -5624 2832
21810 60 2.2 -5716 3022
22091 60 2.2 -5316 2568
22376 60 2.2 -5824 3102
22664 60 2.2 -5380 2774
22957 60 2.2 -5620 2622
23253 60 2.2 -5760 2852
23553 60 2.2 -5580 2934
23856 60 2.2 -5476 2880
24164 60 2.2 -5528 2870
24476 60 2.2 -5324 2358
24791 60 2.2 -5516 2480
25111 60 2.2 -5480 2468
25435 60 2.2 -5528 2660
25763 60 2.2 -5588 2924
26095 60 2.2 -5564 2886
26432 60 2.2 -5560 2850
26773 60 2.2 -5536 2742
27118 60 2.2 -5608 2862
27468 60 2.2 -5468 2786
27822 60 2.2 -5656 2778
28181 60 2.2 -5468 2368
28545 60 2.2 -5644 2876
28913 60 2.2 -5544 2760
29286 60 2.2 -5640 2996
29663 60 2.2 -5836 3124
30046 60 2.2 -5708 2804
30434 60 2.2 -5648 2796
30826 60 2.2 -5492 2782
31224 60 2.2 -5660 2952
31626 60 2.2 -5728 2916
32034 60 2.2 -5340 2620
32447 60 2.2 -5296 2582
32866 60 2.2 -5456 2722
33290 60 2.2 -5300 2672
33719 60 2.2 -5676 2988
34154 60 2.2 -5392 2694
34595 60 2.2 -5612 2890
35041 60 2.2 -5604 2938
35493 60 2.2 -5692 2902
35951 60 2.2 -5904 3118
36414 60 2.2 -5400 2538
36884 60 2.2 -5344 2654
37360 60 2.2 -5516 2786
37841 60 2.2 -5704 3012
38330 60 2.2 -5744 2920
38824 60 2.2 -5788 3086
39325 60 2.2 -5812 3004
39832 60 2.2 -5396 2162
40346 60 2.2 -5424 2778
40866 60 2.2 -5468 2882
41393 60 2.2 -5520 2938
41927 60 2.2 -5148 2258
42468 60 2.2 -5596 2556
43015 60 2.2 -5476 2754
43570 60 2.2 -5584 2882
44132 60 2.2 -5648 2926
44701 60 2.2 -5576 2960
45278 60 2.2 -5644 2890
45862 60 2.2 -5480 2820
46453 60 2.2 -5452 2888
47053 60 2.2 -5480 2774
47660 60 2.2 -5444 2782
48274 60 2.2 -5472 2752
48897 60 2.2 -5528 2688
49528 60 2.2 -5468 2566
50166 60 2.2 -5456 2882
50813 60 2.2 -5664 2872
51469 60 2.2 -5800 2946
52133 60 2.2 -5520 2798
52805 60 2.2 -5348 2818
53486 60 2.2 -5436 2422
54176 60 2.2 -5428 2844
54875 60 2.2 -5804 3084
55582 60 2.2 -5368 2542
56299 60 2.2 -5828 2928
57025 60 2.2 -5868 3004
57761 60 2.2 -5568 2712
58506 60 2.2 -5552 2924
59261 60 2.2 -5552 2778
60025 60 2.2 -5444 2834
60799 60 2.2 -5576 2876
61583 60 2.2 -5668 2984
62378 60 2.2 -5208 2320
63182 60 2.2 -5612 2482
63997 60 2.2 -5588 2914
64822 60 2.2 -5428 2812
65658 60 2.2 -5532 2798
66505 60 2.2 -5776 2952
67363 60 2.2 -5576 2952
68232 60 2.2 -5476 2750
69112 60 2.2 -5608 2928
70003 60 2.2 -5756 2984
70906 60 2.2 -5704 3034
71821 60 2.2 -5476 2830
72747 60 2.2 -5808 3054
73685 60 2.2 -5508 2720
74636 60 2.2 -5672 2984
75599 60 2.2 -5636 2944
76574 60 2.2 -5628 2886
77561 60 2.2 -5508 2750
78562 60 2.2 -5452 2752
79575 60 2.2 -5340 2122
80601 60 2.2 -5556 2862
81641 60 2.2 -5548 2804
82694 60 2.2 -5772 2846
83760 60 2.2 -5480 2864
84841 60 2.2 -5784 3008
85935 60 2.2 -5784 3020
87043 60 2.2 -5780 2924
88166 60 2.2 -5496 2806
89303 60 2.2 -5556 2834
90455 60 2.2 -5444 2430
91622 60 2.2 -5348 2668
92803 60 2.2 -5508 2856
94000 60 2.2 -5456 2726
95213 60 2.2 -5800 3010
96441 60 2.2 -5532 2654
97685 60 2.2 -5616 2942
98945 60 2.2 -5596 2848
100221 60 2.2 -5572 2958
101513 60 2.2 -5812 3056
102823 60 2.2 -5592 2884
104149 60 2.2 -5892 3076
105492 60 2.2 -5300 2584
106853 60 2.2 -5608 2948
108231 60 2.2 -5912 3092
109627 60 2.2 -5800 3080
111041 60 2.2 -5276 2378
112473 60 2.2 -5612 2934
113924 60 2.2 -5676 2990
115393 60 2.2 -5436 2870
116882 60 2.2 -5368 2656
118389 60 2.2 -5572 2902
119916 60 2.2 -5720 3028
121463 60 2.2 -5572 2720
123029 60 2.2 -5556 2504
124616 60 2.2 -5448 2582
126224 60 2.2 -5408 2534
127852 60 2.2 -5668 2964
129501 60 2.2 -5344 2758
131171 60 2.2 -5676 2960
132863 60 2.2 -5792 3020
134576 60 2.2 -5844 3078
136312 60 2.2 -5576 2600
138070 60 2.2 -5336 2680
139851 60 2.2 -5396 2634
141655 60 2.2 -5672 2860
143482 60 2.2 -5532 2746
145333 60 2.2 -5376 2586
147207 60 2.2 -5804 3008
149106 60 2.2 -5800 3010
151029 60 2.2 -5312 2234
152977 60 2.2 -5712 3008
154950 60 2.2 -5520 2756
156948 60 2.2 -5800 2974
158973 60 2.2 -5440 2840
161023 60 2.2 -5520 2844
163100 60 2.2 -5280 2692
165204 60 2.2 -5528 2670
167334 60 2.2 -5564 2892
169493 60 2.2 -5640 3062
171679 60 2.2 -5364 2750
173893 60 2.2 -5552 2952
176136 60 2.2 -5576 2818
178408 60 2.2 -5588 2802
180709 60 2.2 -5708 2938
183040 60 2.2 -5772 3104
185400 60 2.2 -5664 2936
187792 60 2.2 -5504 2914
190214 60 2.2 -5660 2994
192667 60 2.2 -5352 2418
195152 60 2.2 -5748 3036
197669 60 2.2 -5440 2648
200219 60 2.2 -5316 1672
202801 60 2.2 -5388 2498
205417 60 2.2 -5456 2572
208066 60 2.2 -5388 2812
210750 60 2.2 -5564 2900
213468 60 2.2 -5584 2858
216222 60 2.2 -5620 2994
219010 60 2.2 -5628 2962
221835 60 2.2 -5656 2956
224696 60 2.2 -5552 2680
227595 60 2.2 -5500 2806
230530 60 2.2 -5724 2928
233503 60 2.2 -5612 2900
236515 60 2.2 -5700 2924
239566 60 2.2 -5588 2596
242656 60 2.2 -5472 2754
245785 60 2.2 -5668 2980
248956 60 2.2 -5788 3022
252167 60 2.2 -5468 2558
255419 60 2.2 -5704 2932
258713 60 2.2 -5648 2838
262050 60 2.2 -5296 2638
265430 60 2.2 -5704 2984
268854 60 2.2 -5892 3000
272321 60 2.2 -5428 2884
275834 60 2.2 -5524 2772
279391 60 2.2 -5652 2752
282995 60 2.2 -5508 2878
286645 60 2.2 -5744 2862
290342 60 2.2 -5536 2866
294087 60 2.2 -5724 3024
297880 60 2.2 -5544 2934
301722 60 2.2 -5572 2916
305614 60 2.2 -5476 2642
309556 60 2.2 -5476 2712
313548 60 2.2 -5788 2974
317592 60 2.2 -5636 2904
321689 60 2.2 -5484 2658
325838 60 2.2 -5564 2914
330040 60 2.2 -5620 2788
334297 60 2.2 -5592 2866
338609 60 2.2 -5708 2884
342976 60 2.2 -5352 2646
347400 60 2.2 -5252 2666
351881 60 2.2 -5568 2808
356419 60 2.2 -5576 2872
361016 60 2.2 -5568 2902
365673 60 2.2 -5664 2940
370389 60 2.2 -5396 2708
375167 60 2.2 -5688 2880
380005 60 2.2 -5368 2610
384907 60 2.2 -5636 2896
389871 60 2.2 -5708 2936
394900 60 2.2 -5624 2782
399993 60 2.2 -5304 2758
405152 60 2.2 -5740 2892
410378 60 2.2 -5560 2746
415671 60 2.2 -5820 3068
421032 60 2.2 -5548 2856
426463 60 2.2 -5760 3004
431963 60 2.2 -5372 2506
437535 60 2.2 -5568 2804
443178 60 2.2 -5420 2796
448894 60 2.2 -5424 2842
454684 60 2.2 -5220 2400
460548 60 2.2 -5620 2914
466489 60 2.2 -5616 2734
472505 60 2.2 -5380 2258
478600 60 2.2 -5500 2842
484773 60 2.2 -5576 2344
491025 60 2.2 -5472 2834
497358 60 2.2 -5692 3018
503773 60 2.2 -5376 2462
510271 60 2.2 -5488 2342
516852 60 2.2 -5256 2510
523519 60 2.2 -5676 3088
530271 60 2.2 -5596 2980
537111 60 2.2 -5620 2912
544038 60 2.2 -5596 2950
551055 60 2.2 -5460 2774
558163 60 2.2 -5724 2666
565362 60 2.2 -5440 2714
572654 60 2.2 -5752 3094
580040 60 2.2 -5464 2840
587521 60 2.2 -5348 2614
595099 60 2.2 -5548 2954
602775 60 2.2 -5412 2614
610549 60 2.2 -5424 2606
618424 60 2.2 -5396 2692
626400 60 2.2 -5708 2904
634480 60 2.2 -5664 2954
642663 60 2.2 -5764 2976
650952 60 2.2 -5604 2894
659348 60 2.2 -5872 3154
667853 60 2.2 -5476 2726
676467 60 2.2 -5536 2788
685192 60 2.2 -5408 2808
694029 60 2.2 -5540 2492
702981 60 2.2 -5212 2638
712048 60 2.2 -5248 2568
721232 60 2.2 -5616 2850
730534 60 2.2 -5732 3084
739957 60 2.2 -5504 2702
749500 60 2.2 -5520 2760
759168 60 2.2 -5544 2894
768959 60 2.2 -5588 2868
778877 60 2.2 -5280 2478
788923 60 2.2 -5460 2748
799099 60 2.2 -5796 2986
809405 60 2.2 -5328 2466
819845 60 2.2 -5880 2964
830419 60 2.2 -5488 2724
841130 60 2.2 -5680 2732
851979 60 2.2 -5516 2918
862968 60 2.2 -5684 3000
874098 60 2.2 -5644 3010
885373 60 2.2 -5432 2664
896792 60 2.2 -5452 2874
908359 60 2.2 -5744 2958
920075 60 2.2 -5612 2830
931942 60 2.2 -5876 3074
943962 60 2.2 -5588 2886
956137 60 2.2 -5360 2704
968470 60 2.2 -5768 3036
980961 60 2.2 -5676 2896
993613 60 2.2 -5356 2678
999999 60 2.2 -5628 2894
