3 100 2.1 -9992 500
4 100 2.1 -10792 526
5 100 2.1 -11484 460
6 100 2.1 -11832 594
7 100 2.1 -12068 760
8 100 2.1 -12244 888
9 100 2.1 -12528 996
10 100 2.1 -12464 1100
11 100 2.1 -12580 1086
12 100 2.1 -12928 1132
13 100 2.1 -12924 1174
14 100 2.1 -13160 1338
15 100 2.1 -13176 1624
16 100 2.1 -13012 1692
17 100 2.1 -13244 1818
18 100 2.1 -13356 1812
19 100 2.1 -13404 1734
20 100 2.1 -13580 1956
21 100 2.1 -13260 1840
22 100 2.1 -13148 1984
23 100 2.1 -13648 2160
24 100 2.1 -13700 2232
25 100 2.1 -13596 2082
26 100 2.1 -13748 2046
27 100 2.1 -13752 1986
28 100 2.1 -13804 2124
29 100 2.1 -13820 2196
30 100 2.1 -13884 2364
31 100 2.1 -13996 2374
32 100 2.1 -13812 2454
33 100 2.1 -13968 2592
34 100 2.1 -13972 2410
35 100 2.1 -13944 2446
36 100 2.1 -13956 2606
37 100 2.1 -13892 2726
38 100 2.1 -14172 2644
39 100 2.1 -14364 2696
40 100 2.1 -14336 2708
41 100 2.1 -14600 2800
42 100 2.1 -14360 2734
43 100 2.1 -14248 2700
44 100 2.1 -14368 2816
45 100 2.1 -14360 2916
46 100 2.1 -14332 2834
47 100 2.1 -14392 2814
48 100 2.1 -14352 2886
49 100 2.1 -14336 2910
50 100 2.1 -14504 2854
51 100 2.1 -14064 2654
52 100 2.1 -14276 2766
53 100 2.1 -14228 2732
54 100 2.1 -14484 2660
55 100 2.1 -14420 2588
56 100 2.1 -14264 2758
57 100 2.1 -14200 2698
58 100 2.1 -14240 2794
59 100 2.1 -14356 2778
60 100 2.1 -14312 2788
61 100 2.1 -14392 2802
62 100 2.1 -14188 2760
63 100 2.1 -14152 2768
64 100 2.1 -14272 2892
65 100 2.1 -14348 2882
66 100 2.1 -14404 2886
67 100 2.1 -14576 2896
68 100 2.1 -14612 2848
69 100 2.1 -14548 2806
70 100 2.1 -14572 2760
71 100 2.1 -14656 2930
72 100 2.1 -14836 2822
73 100 2.1 -14760 2874
74 100 2.1 -14552 2778
75 100 2.1 -14560 2808
76 100 2.1 -14456 2830
77 100 2.1 -14392 2826
78 100 2.1 -14608 2842
79 100 2.1 -14528 2830
80 100 2.1 -14380 2838
81 100 2.1 -14640 3042
82 100 2.1 -14552 3042
83 100 2.1 -14412 3048
84 100 2.1 -14676 3232
85 100 2.1 -14556 3458
86 100 2.1 -14636 3422
88 100 2.1 -14868 3374
89 100 2.1 -14692 3442
90 100 2.1 -14716 3486
91 100 2.1 -14724 3594
92 100 2.1 -14616 3606
93 100 2.1 -14696 3732
95 100 2.1 -14884 3766
96 100 2.1 -14892 3816
97 100 2.1 -14956 3862
98 100 2.1 -15044 3932
99 100 2.1 -15184 4082
101 100 2.1 -15304 4262
102 100 2.1 -15276 4336
103 100 2.1 -15224 4384
105 100 2.1 -15356 4438
106 100 2.1 -15280 4390
107 100 2.1 -15276 4578
109 100 2.1 -15396 4618
110 100 2.1 -15676 4642
112 100 2.1 -15604 4712
113 100 2.1 -15480 4786
114 100 2.1 -15460 4852
116 100 2.1 -15572 4984
117 100 2.1 -15520 5026
119 100 2.1 -15652 5082
120 100 2.1 -15552 5202
122 100 2.1 -15388 5128
124 100 2.1 -15412 5056
125 100 2.1 -15532 5070
127 100 2.1 -15580 5096
128 100 2.1 -15584 5184
130 100 2.1 -15812 5190
132 100 2.1 -15824 5208
133 100 2.1 -15724 5192
135 100 2.1 -15604 5252
137 100 2.1 -15620 5264
139 100 2.1 -15836 5332
140 100 2.1 -15792 5320
142 100 2.1 -15596 5232
144 100 2.1 -15600 5208
146 100 2.1 -15464 5118
148 100 2.1 -15468 5280
150 100 2.1 -15688 5396
152 100 2.1 -15724 5490
154 100 2.1 -15508 5348
155 100 2.1 -15820 5484
157 100 2.1 -15716 5592
160 100 2.1 -15768 5782
162 100 2.1 -15828 5780
164 100 2.1 -16120 5960
166 100 2.1 -15840 5898
168 100 2.1 -15608 5818
170 100 2.1 -15616 5818
172 100 2.1 -15984 5856
174 100 2.1 -15896 5928
177 100 2.1 -15912 6016
179 100 2.1 -15832 5972
181 100 2.1 -15852 5932
184 100 2.1 -15724 5872
186 100 2.1 -15600 5766
188 100 2.1 -15528 5694
191 100 2.1 -15744 5826
193 100 2.1 -15832 5770
196 100 2.1 -15600 5656
198 100 2.1 -15452 5736
201 100 2.1 -15580 5890
203 100 2.1 -15716 5774
206 100 2.1 -15756 6116
209 100 2.1 -15896 6158
211 100 2.1 -15868 6228
214 100 2.1 -15560 6028
217 100 2.1 -15488 6010
220 100 2.1 -15664 6122
222 100 2.1 -15968 6218
225 100 2.1 -15936 6250
228 100 2.1 -15916 6276
231 100 2.1 -15704 6202
234 100 2.1 -15600 6260
237 100 2.1 -16056 6334
240 100 2.1 -16272 6436
243 100 2.1 -16436 6590
246 100 2.1 -16424 6668
250 100 2.1 -16140 6678
253 100 2.1 -16040 6772
256 100 2.1 -16292 7006
259 100 2.1 -16216 7096
263 100 2.1 -15988 6892
266 100 2.1 -15904 6932
269 100 2.1 -15964 6970
273 100 2.1 -16240 6976
276 100 2.1 -16192 7048
280 100 2.1 -16320 7124
284 100 2.1 -16280 7106
287 100 2.1 -15748 7018
291 100 2.1 -16132 7142
295 100 2.1 -15880 7126
298 100 2.1 -16216 7404
302 100 2.1 -16268 7374
306 100 2.1 -16304 7474
310 100 2.1 -16224 7504
314 100 2.1 -16384 7648
318 100 2.1 -16220 7638
322 100 2.1 -16452 7652
326 100 2.1 -16516 7874
331 100 2.1 -16456 7812
335 100 2.1 -16464 7838
339 100 2.1 -16036 7690
344 100 2.1 -16384 7750
348 100 2.1 -16100 7594
352 100 2.1 -16092 7656
357 100 2.1 -16424 7948
362 100 2.1 -16212 7790
366 100 2.1 -16248 7902
371 100 2.1 -16080 7946
376 100 2.1 -16528 8308
381 100 2.1 -16492 8260
385 100 2.1 -16440 8298
390 100 2.1 -16228 8286
395 100 2.1 -16584 8404
401 100 2.1 -16756 8574
406 100 2.1 -16612 8560
411 100 2.1 -16424 8456
416 100 2.1 -16388 8456
422 100 2.1 -16492 8576
427 100 2.1 -16440 8538
433 100 2.1 -16584 8670
438 100 2.1 -16744 8722
444 100 2.1 -16672 8798
449 100 2.1 -16656 8784
455 100 2.1 -16608 8736
461 100 2.1 -16744 8874
467 100 2.1 -16716 8850
473 100 2.1 -16664 8818
479 100 2.1 -16376 8618
485 100 2.1 -16308 8568
492 100 2.1 -16732 8728
498 100 2.1 -16676 8792
504 100 2.1 -16660 8784
511 100 2.1 -16500 8732
517 100 2.1 -16716 8728
524 100 2.1 -16800 8816
531 100 2.1 -16372 8630
538 100 2.1 -16572 8666
545 100 2.1 -16544 8704
552 100 2.1 -16776 8770
559 100 2.1 -16960 8896
566 100 2.1 -16904 8946
573 100 2.1 -16676 8772
581 100 2.1 -16896 8890
588 100 2.1 -16524 8720
596 100 2.1 -16676 8692
603 100 2.1 -16472 8636
611 100 2.1 -16508 8748
619 100 2.1 -16312 8422
627 100 2.1 -16424 8586
635 100 2.1 -16480 8668
643 100 2.1 -16596 8684
652 100 2.1 -16812 8724
660 100 2.1 -16600 8734
668 100 2.1 -16888 8788
677 100 2.1 -16716 8756
686 100 2.1 -16516 8680
695 100 2.1 -16680 8650
704 100 2.1 -16928 8808
713 100 2.1 -16884 8788
722 100 2.1 -16644 8666
731 100 2.1 -16420 8724
741 100 2.1 -16668 8708
750 100 2.1 -16408 8700
760 100 2.1 -16540 8664
770 100 2.1 -16772 8730
780 100 2.1 -16728 8800
790 100 2.1 -16688 8804
800 100 2.1 -16696 8768
810 100 2.1 -16692 8814
821 100 2.1 -16772 8782
831 100 2.1 -16492 8702
842 100 2.1 -16420 8640
853 100 2.1 -16492 8564
864 100 2.1 -16472 8542
875 100 2.1 -16920 8838
886 100 2.1 -16828 8756
897 100 2.1 -16816 8764
909 100 2.1 -16708 8814
921 100 2.1 -16676 8666
933 100 2.1 -16508 8652
945 100 2.1 -16652 8648
957 100 2.1 -17048 8894
969 100 2.1 -16572 8734
982 100 2.1 -16988 8872
994 100 2.1 -16856 8874
1007 100 2.1 -16344 8534
1020 100 2.1 -16356 8416
1033 100 2.1 -16872 8804
1047 100 2.1 -16864 8854
1060 100 2.1 -16804 8870
1074 100 2.1 -16560 8632
1088 100 2.1 -16692 8756
1102 100 2.1 -16552 8742
1116 100 2.1 -16752 8804
1130 100 2.1 -16664 8818
1145 100 2.1 -16472 8758
1160 100 2.1 -16648 8698
1174 100 2.1 -16696 8678
1190 100 2.1 -16964 8912
1205 100 2.1 -16468 8664
1220 100 2.1 -16592 8564
1236 100 2.1 -16628 8714
1252 100 2.1 -16724 8688
1268 100 2.1 -16848 8806
1285 100 2.1 -16436 8582
1301 100 2.1 -16592 8686
1318 100 2.1 -16376 8542
1335 100 2.1 -17072 8914
1352 100 2.1 -16652 8758
1370 100 2.1 -16616 8700
1387 100 2.1 -16368 8708
1405 100 2.1 -16576 8520
1423 100 2.1 -16220 8436
1442 100 2.1 -16288 8270
1460 100 2.1 -16264 8310
1479 100 2.1 -16504 8436
1498 100 2.1 -16896 8826
1517 100 2.1 -16588 8698
1537 100 2.1 -16796 8840
1557 100 2.1 -16272 8510
1577 100 2.1 -16444 8372
1597 100 2.1 -16196 8340
1618 100 2.1 -16136 8308
1639 100 2.1 -16264 8338
1660 100 2.1 -16448 8434
1681 100 2.1 -16512 8572
1703 100 2.1 -16652 8668
1725 100 2.1 -16728 8796
1747 100 2.1 -16564 8748
1770 100 2.1 -16740 8760
1792 100 2.1 -16528 8650
1816 100 2.1 -16740 8790
1839 100 2.1 -16444 8636
1863 100 2.1 -16940 8880
1887 100 2.1 -16868 8920
1911 100 2.1 -16696 8762
1936 100 2.1 -16384 8624
1961 100 2.1 -16448 8606
1986 100 2.1 -16568 8696
2012 100 2.1 -16812 8768
2037 100 2.1 -16744 8800
2064 100 2.1 -16748 8834
2090 100 2.1 -16736 8758
2117 100 2.1 -16540 8672
2145 100 2.1 -16892 8856
2172 100 2.1 -16820 8862
2200 100 2.1 -16384 8722
2229 100 2.1 -16512 8634
2257 100 2.1 -16976 8888
2286 100 2.1 -16532 8680
2316 100 2.1 -16620 8724
2346 100 2.1 -16372 8634
2376 100 2.1 -16660 8736
2407 100 2.1 -16848 8796
2438 100 2.1 -16772 8820
2469 100 2.1 -16688 8740
2501 100 2.1 -16436 8462
2533 100 2.1 -16372 8492
2566 100 2.1 -16476 8562
2599 100 2.1 -16680 8760
2633 100 2.1 -16572 8696
2667 100 2.1 -16732 8764
2701 100 2.1 -16972 8878
2736 100 2.1 -16684 8744
2771 100 2.1 -16992 8876
2807 100 2.1 -16348 8548
2843 100 2.1 -16780 8812
2880 100 2.1 -16496 8502
2917 100 2.1 -16452 8688
2954 100 2.1 -16856 8840
2992 100 2.1 -16612 8482
3031 100 2.1 -16572 8686
3070 100 2.1 -16444 8612
3110 100 2.1 -16300 8476
3150 100 2.1 -16608 8548
3190 100 2.1 -16632 8612
3232 100 2.1 -16596 8674
3273 100 2.1 -16724 8714
3315 100 2.1 -16980 8842
3358 100 2.1 -16652 8518
3402 100 2.1 -16400 8642
3445 100 2.1 -16476 8668
3490 100 2.1 -16696 8746
3535 100 2.1 -16896 8906
3580 100 2.1 -16460 8478
3627 100 2.1 -16624 8650
3673 100 2.1 -16668 8766
3721 100 2.1 -16916 8856
3769 100 2.1 -16740 8590
3817 100 2.1 -16492 8596
3867 100 2.1 -16528 8578
3916 100 2.1 -16436 8392
3967 100 2.1 -16456 8410
4018 100 2.1 -16212 8122
4070 100 2.1 -16520 8362
4122 100 2.1 -16228 8136
4176 100 2.1 -16580 8202
4229 100 2.1 -16392 8350
4284 100 2.1 -16792 8780
4339 100 2.1 -16636 8834
4395 100 2.1 -16652 8644
4452 100 2.1 -16804 8722
4509 100 2.1 -16596 8662
4567 100 2.1 -16376 8584
4626 100 2.1 -16912 8856
4686 100 2.1 -16572 8766
4746 100 2.1 -16352 8448
4808 100 2.1 -16600 8580
4870 100 2.1 -16512 8752
4932 100 2.1 -16588 8744
4996 100 2.1 -16728 8736
5060 100 2.1 -16752 8746
5126 100 2.1 -16444 8494
5192 100 2.1 -16636 8596
5259 100 2.1 -16616 8602
5327 100 2.1 -16396 8658
5395 100 2.1 -16616 8736
5465 100 2.1 -16508 8586
5535 100 2.1 -16488 8400
5607 100 2.1 -16532 8330
5679 100 2.1 -16712 8456
5752 100 2.1 -16612 8562
5826 100 2.1 -16364 8482
5902 100 2.1 -16800 8766
5978 100 2.1 -16840 8870
6055 100 2.1 -16680 8652
6133 100 2.1 -16768 8870
6212 100 2.1 -16968 8944
6292 100 2.1 -16464 8602
6373 100 2.1 -16392 8564
6455 100 2.1 -16564 8758
6539 100 2.1 -16328 8652
6623 100 2.1 -16652 8530
6708 100 2.1 -16412 8578
6795 100 2.1 -16616 8738
6883 100 2.1 -16460 8672
6971 100 2.1 -16680 8766
7061 100 2.1 -16636 8708
7152 100 2.1 -16588 8652
7245 100 2.1 -17144 8966
7338 100 2.1 -16604 8556
7433 100 2.1 -16356 8596
7529 100 2.1 -16768 8582
7626 100 2.1 -16492 8598
7724 100 2.1 -16556 8658
7824 100 2.1 -16764 8710
7925 100 2.1 -16156 8470
8027 100 2.1 -16324 8544
8130 100 2.1 -16512 8726
8235 100 2.1 -16912 8840
8341 100 2.1 -16892 8822
8449 100 2.1 -16604 8676
8558 100 2.1 -17172 8994
8668 100 2.1 -16632 8644
8780 100 2.1 -17060 8996
8893 100 2.1 -16700 8796
9008 100 2.1 -16328 8374
9124 100 2.1 -16668 8644
9242 100 2.1 -16800 8758
9361 100 2.1 -16352 8552
9482 100 2.1 -16720 8772
9604 100 2.1 -16640 8638
9728 100 2.1 -16788 8704
9853 100 2.1 -16644 8728
9980 100 2.1 -16664 8732
10109 100 2.1 -16524 8332
10240 100 2.1 -16600 8488
10372 100 2.1 -16428 8640
10505 100 2.1 -16976 8892
10641 100 2.1 -16700 8692
10778 100 2.1 -16720 8794
10917 100 2.1 -16656 8806
11058 100 2.1 -16956 8856
11201 100 2.1 -16756 8628
11345 100 2.1 -16776 8720
11491 100 2.1 -16544 8410
11640 100 2.1 -16316 8538
11790 100 2.1 -16536 8668
11942 100 2.1 -16960 8728
12096 100 2.1 -16676 8836
12252 100 2.1 -16936 8848
12410 100 2.1 -16208 8484
12570 100 2.1 -16824 8826
12732 100 2.1 -16556 8552
12896 100 2.1 -16752 8704
13062 100 2.1 -16456 8686
13231 100 2.1 -16492 8484
13402 100 2.1 -16756 8754
13574 100 2.1 -16336 8418
13750 100 2.1 -16880 8882
13927 100 2.1 -16816 8778
14106 100 2.1 -16848 8878
14288 100 2.1 -16716 8768
14473 100 2.1 -16708 8738
14659 100 2.1 -16664 8574
14848 100 2.1 -16500 8548
15040 100 2.1 -16976 8960
15234 100 2.1 -16816 8752
15430 100 2.1 -16180 8474
15629 100 2.1 -16868 8862
15831 100 2.1 -17124 9008
16035 100 2.1 -16220 8508
16242 100 2.1 -16620 8746
16451 100 2.1 -16080 8422
16664 100 2.1 -16852 8602
16879 100 2.1 -16568 8754
17096 100 2.1 -16724 8722
17317 100 2.1 -16504 8662
17540 100 2.1 -16884 8920
17766 100 2.1 -16444 8614
17995 100 2.1 -16640 8754
18228 100 2.1 -16284 8482
18463 100 2.1 -16612 8744
18701 100 2.1 -16504 8640
18942 100 2.1 -16668 8836
19186 100 2.1 -16716 8838
19434 100 2.1 -16664 8740
19684 100 2.1 -16948 8940
19938 100 2.1 -16788 8810
20195 100 2.1 -16700 8650
20456 100 2.1 -16520 8756
20720 100 2.1 -16192 8402
20987 100 2.1 -15872 8128
21258 100 2.1 -16948 8970
21532 100 2.1 -16820 8698
21810 100 2.1 -16592 8596
22091 100 2.1 -16456 8646
22376 100 2.1 -16620 8578
22664 100 2.1 -16588 8704
22957 100 2.1 -16556 8644
23253 100 2.1 -16776 8818
23553 100 2.1 -16872 8856
23856 100 2.1 -16400 8602
24164 100 2.1 -16744 8760
24476 100 2.1 -16868 8864
24791 100 2.1 -16536 8566
25111 100 2.1 -16904 8802
25435 100 2.1 -16640 8628
25763 100 2.1 -16564 8712
26095 100 2.1 -16460 8570
26432 100 2.1 -16864 8714
26773 100 2.1 -16944 8874
27118 100 2.1 -16600 8598
27468 100 2.1 -16584 8518
27822 100 2.1 -16520 8662
28181 100 2.1 -16620 8628
28545 100 2.1 -16596 8760
28913 100 2.1 -16580 8652
29286 100 2.1 -16748 8676
29663 100 2.1 -16568 8650
30046 100 2.1 -15904 7902
30434 100 2.1 -16464 8556
30826 100 2.1 -16500 8704
31224 100 2.1 -16868 8750
31626 100 2.1 -16652 8740
32034 100 2.1 -16772 8770
32447 100 2.1 -16416 8580
32866 100 2.1 -16708 8720
33290 100 2.1 -16536 8542
33719 100 2.1 -16672 8696
34154 100 2.1 -16728 8722
34595 100 2.1 -16360 8484
35041 100 2.1 -16848 8900
35493 100 2.1 -16612 8612
35951 100 2.1 -16572 8574
36414 100 2.1 -16864 8844
36884 100 2.1 -16704 8758
37360 100 2.1 -16388 8718
37841 100 2.1 -16652 8724
38330 100 2.1 -16444 8590
38824 100 2.1 -16560 8606
39325 100 2.1 -16840 8782
39832 100 2.1 -16544 8694
40346 100 2.1 -16248 8582
40866 100 2.1 -16088 8334
41393 100 2.1 -16600 8712
41927 100 2.1 -16960 8878
42468 100 2.1 -16724 8732
43015 100 2.1 -16640 8736
43570 100 2.1 -16452 8350
44132 100 2.1 -16656 8784
44701 100 2.1 -16792 8702
45278 100 2.1 -16752 8718
45862 100 2.1 -16532 8600
46453 100 2.1 -16840 8780
47053 100 2.1 -16256 8518
47660 100 2.1 -16620 8658
48274 100 2.1 -16160 8490
48897 100 2.1 -16368 8592
49528 100 2.1 -16520 8536
50166 100 2.1 -16684 8652
50813 100 2.1 -16588 8628
51469 100 2.1 -16932 8942
52133 100 2.1 -17016 8936
52805 100 2.1 -16468 8668
53486 100 2.1 -16688 8784
54176 100 2.1 -16908 8860
54875 100 2.1 -16560 8710
55582 100 2.1 -16880 8894
56299 100 2.1 -16244 8578
57025 100 2.1 -16784 8876
57761 100 2.1 -16516 8620
58506 100 2.1 -16452 8620
59261 100 2.1 -16704 8728
60025 100 2.1 -16580 8764
60799 100 2.1 -16960 8908
61583 100 2.1 -16652 8786
62378 100 2.1 -16696 8764
63182 100 2.1 -16380 8304
63997 100 2.1 -16552 8726
64822 100 2.1 -16788 8872
65658 100 2.1 -16604 8730
66505 100 2.1 -16380 8552
67363 100 2.1 -16716 8694
68232 100 2.1 -16388 8546
69112 100 2.1 -16160 8436
70003 100 2.1 -16880 8900
70906 100 2.1 -16524 8684
71821 100 2.1 -16460 8648
72747 100 2.1 -16640 8676
73685 100 2.1 -16452 8578
74636 100 2.1 -16420 8588
75599 100 2.1 -16508 8666
76574 100 2.1 -16392 8524
77561 100 2.1 -16372 8678
78562 100 2.1 -16736 8662
79575 100 2.1 -16400 8724
80601 100 2.1 -16920 8904
81641 100 2.1 -16940 8858
82694 100 2.1 -16824 8718
83760 100 2.1 -16580 8730
84841 100 2.1 -16680 8668
85935 100 2.1 -16696 8782
87043 100 2.1 -16660 8644
88166 100 2.1 -16372 8596
89303 100 2.1 -16352 8524
90455 100 2.1 -16284 8356
91622 100 2.1 -15992 8044
92803 100 2.1 -16460 8658
94000 100 2.1 -16796 8806
95213 100 2.1 -16408 8464
96441 100 2.1 -16456 8634
97685 100 2.1 -16396 8552
98945 100 2.1 -16492 8624
100221 100 2.1 -16860 8704
101513 100 2.1 -16560 8702
102823 100 2.1 -16308 8530
104149 100 2.1 -16636 8628
105492 100 2.1 -16404 8578
106853 100 2.1 -16676 8736
108231 100 2.1 -16800 8840
109627 100 2.1 -16568 8554
111041 100 2.1 -16920 8900
112473 100 2.1 -16636 8778
113924 100 2.1 -16740 8676
115393 100 2.1 -16960 8886
116882 100 2.1 -16500 8476
118389 100 2.1 -16668 8748
119916 100 2.1 -16412 8598
121463 100 2.1 -16672 8760
123029 100 2.1 -16508 8392
124616 100 2.1 -16952 8910
126224 100 2.1 -16692 8746
127852 100 2.1 -16576 8732
129501 100 2.1 -16704 8732
131171 100 2.1 -16628 8728
132863 100 2.1 -16616 8602
134576 100 2.1 -16756 8744
136312 100 2.1 -16748 8782
138070 100 2.1 -16500 8590
139851 100 2.1 -16648 8666
141655 100 2.1 -16548 8700
143482 100 2.1 -16644 8740
145333 100 2.1 -16352 8410
147207 100 2.1 -16440 8624
149106 100 2.1 -16624 8616
151029 100 2.1 -16220 8424
152977 100 2.1 -16392 8572
154950 100 2.1 -16592 8652
156948 100 2.1 -17144 8948
158973 100 2.1 -16504 8622
161023 100 2.1 -16196 8384
163100 100 2.1 -16908 8910
165204 100 2.1 -16844 8802
167334 100 2.1 -16576 8694
169493 100 2.1 -16848 8766
171679 100 2.1 -16504 8610
173893 100 2.1 -16496 8676
176136 100 2.1 -16364 8532
178408 100 2.1 -16620 8590
180709 100 2.1 -16200 8416
183040 100 2.1 -16680 8752
185400 100 2.1 -16428 8578
187792 100 2.1 -16632 8704
190214 100 2.1 -16744 8780
192667 100 2.1 -16740 8658
195152 100 2.1 -16620 8640
197669 100 2.1 -16852 8850
200219 100 2.1 -16544 8736
202801 100 2.1 -16548 8496
205417 100 2.1 -16492 8628
208066 100 2.1 -16900 8894
210750 100 2.1 -16892 8726
213468 100 2.1 -16780 8782
216222 100 2.1 -16512 8688
219010 100 2.1 -16608 8786
221835 100 2.1 -17024 9006
224696 100 2.1 -16724 8754
227595 100 2.1 -16388 8534
230530 100 2.1 -16588 8658
233503 100 2.1 -16680 8828
236515 100 2.1 -16696 8772
239566 100 2.1 -16620 8616
242656 100 2.1 -16580 8576
245785 100 2.1 -16640 8684
248956 100 2.1 -16828 8790
252167 100 2.1 -16724 8706
255419 100 2.1 -16508 8572
258713 100 2.1 -16580 8698
262050 100 2.1 -16832 8874
265430 100 2.1 -16712 8688
268854 100 2.1 -16620 8674
272321 100 2.1 -16812 8760
275834 100 2.1 -16704 8580
279391 100 2.1 -16688 8600
282995 100 2.1 -16572 8734
286645 100 2.1 -16396 8708
290342 100 2.1 -16820 8866
294087 100 2.1 -16760 8752
297880 100 2.1 -16740 8620
301722 100 2.1 -16604 8572
305614 100 2.1 -16444 8592
309556 100 2.1 -16584 8676
313548 100 2.1 -16712 8764
317592 100 2.1 -16592 8586
321689 100 2.1 -16688 8796
325838 100 2.1 -16880 8764
330040 100 2.1 -16740 8842
334297 100 2.1 -16604 8726
338609 100 2.1 -16500 8712
342976 100 2.1 -16520 8708
347400 100 2.1 -16580 8614
351881 100 2.1 -16612 8764
356419 100 2.1 -16164 8430
361016 100 2.1 -16916 8896
365673 100 2.1 -16364 8602
370389 100 2.1 -16560 8724
375167 100 2.1 -16672 8778
380005 100 2.1 -16588 8586
384907 100 2.1 -16212 8446
389871 100 2.1 -16636 8640
394900 100 2.1 -16580 8706
399993 100 2.1 -16620 8790
405152 100 2.1 -16600 8712
410378 100 2.1 -16548 8688
415671 100 2.1 -16092 8312
421032 100 2.1 -16312 8614
426463 100 2.1 -16848 8680
431963 100 2.1 -16664 8808
437535 100 2.1 -16688 8712
443178 100 2.1 -16280 8402
448894 100 2.1 -16688 8828
454684 100 2.1 -16400 8602
460548 100 2.1 -16668 8714
466489 100 2.1 -16324 8580
472505 100 2.1 -16472 8650
478600 100 2.1 -16608 8658
484773 100 2.1 -16524 8590
491025 100 2.1 -16368 8368
497358 100 2.1 -16312 8582
503773 100 2.1 -16884 8888
510271 100 2.1 -16608 8690
516852 100 2.1 -16588 8708
523519 100 2.1 -16476 8534
530271 100 2.1 -16596 8610
537111 100 2.1 -16812 8870
544038 100 2.1 -16356 8596
551055 100 2.1 -16892 8854
558163 100 2.1 -16332 8580
565362 100 2.1 -17012 8890
572654 100 2.1 -16712 8714
580040 100 2.1 -16700 8604
587521 100 2.1 -16576 8432
595099 100 2.1 -16796 8872
602775 100 2.1 -16752 8800
610549 100 2.1 -16452 8674
618424 100 2.1 -16984 8810
626400 100 2.1 -16644 8848
634480 100 2.1 -16544 8716
642663 100 2.1 -16736 8856
650952 100 2.1 -16536 8712
659348 100 2.1 -16664 8558
667853 100 2.1 -16840 8804
676467 100 2.1 -16552 8722
685192 100 2.1 -16824 8872
694029 100 2.1 -16608 8680
702981 100 2.1 -16440 8732
712048 100 2.1 -16412 8532
721232 100 2.1 -16668 8338
730534 100 2.1 -16416 8566
739957 100 2.1 -16740 8784
749500 100 2.1 -16460 8548
759168 100 2.1 -16604 8684
768959 100 2.1 -16668 8718
778877 100 2.1 -16496 8678
788923 100 2.1 -16620 8740
799099 100 2.1 -16692 8736
809405 100 2.1 -16400 8458
819845 100 2.1 -16340 8474
830419 100 2.1 -16540 8730
841130 100 2.1 -16272 8458
851979 100 2.1 -16424 8690
862968 100 2.1 -16384 8518
874098 100 2.1 -16512 8646
885373 100 2.1 -16468 8532
896792 100 2.1 -16752 8756
908359 100 2.1 -16792 8900
920075 100 2.1 -16576 8740
931942 100 2.1 -16500 8564
943962 100 2.1 -16524 8714
956137 100 2.1 -16708 8646
968470 100 2.1 -16836 8882
980961 100 2.1 -16492 8560
993613 100 2.1 -16448 8544
999999 100 2.1 -16884 8872
