3 20 2.2 -372 22
4 20 2.2 -356 60
5 20 2.2 -424 122
6 20 2.2 -444 118
7 20 2.2 -464 134
8 20 2.2 -476 148
9 20 2.2 -540 160
10 20 2.2 -512 166
11 20 2.2 -476 162
12 20 2.2 -536 178
13 20 2.2 -544 190
14 20 2.2 -556 192
15 20 2.2 -552 224
16 20 2.2 -536 222
17 20 2.2 -520 236
18 20 2.2 -516 234
19 20 2.2 -540 226
20 20 2.2 -576 250
21 20 2.2 -596 242
22 20 2.2 -500 226
23 20 2.2 -552 248
24 20 2.2 -588 242
25 20 2.2 -576 228
26 20 2.2 -540 232
27 20 2.2 -600 264
28 20 2.2 -616 256
29 20 2.2 -560 238
30 20 2.2 -540 246
31 20 2.2 -540 250
32 20 2.2 -520 248
33 20 2.2 -536 268
34 20 2.2 -596 296
35 20 2.2 -624 302
36 20 2.2 -596 302
37 20 2.2 -564 306
38 20 2.2 -572 292
39 20 2.2 -612 316
40 20 2.2 -568 290
41 20 2.2 -588 312
42 20 2.2 -584 316
43 20 2.2 -656 352
44 20 2.2 -672 354
45 20 2.2 -636 332
46 20 2.2 -656 332
47 20 2.2 -668 346
48 20 2.2 -684 352
49 20 2.2 -684 340
50 20 2.2 -672 330
51 20 2.2 -612 312
52 20 2.2 -644 320
53 20 2.2 -632 318
54 20 2.2 -664 324
55 20 2.2 -648 324
56 20 2.2 -680 330
57 20 2.2 -684 332
58 20 2.2 -636 326
59 20 2.2 -636 334
60 20 2.2 -676 344
61 20 2.2 -676 346
62 20 2.2 -652 336
63 20 2.2 -620 332
64 20 2.2 -656 338
65 20 2.2 -612 334
66 20 2.2 -620 324
67 20 2.2 -616 330
68 20 2.2 -668 338
69 20 2.2 -608 324
70 20 2.2 -636 340
71 20 2.2 -652 340
72 20 2.2 -684 344
73 20 2.2 -656 346
74 20 2.2 -628 330
75 20 2.2 -628 322
76 20 2.2 -640 332
77 20 2.2 -612 320
78 20 2.2 -580 308
79 20 2.2 -604 332
80 20 2.2 -564 302
81 20 2.2 -604 324
82 20 2.2 -620 316
83 20 2.2 -636 332
84 20 2.2 -636 344
85 20 2.2 -604 342
86 20 2.2 -600 338
88 20 2.2 -604 338
89 20 2.2 -608 336
90 20 2.2 -608 330
91 20 2.2 -680 358
92 20 2.2 -660 348
93 20 2.2 -664 348
95 20 2.2 -604 324
96 20 2.2 -608 332
97 20 2.2 -644 342
98 20 2.2 -648 328
99 20 2.2 -680 350
101 20 2.2 -652 346
102 20 2.2 -620 336
103 20 2.2 -640 352
105 20 2.2 -632 346
106 20 2.2 -596 322
107 20 2.2 -584 314
109 20 2.2 -628 316
110 20 2.2 -648 328
112 20 2.2 -604 294
113 20 2.2 -592 310
114 20 2.2 -596 308
116 20 2.2 -516 258
117 20 2.2 -476 224
119 20 2.2 -552 260
120 20 2.2 -524 238
122 20 2.2 -564 250
124 20 2.2 -604 250
125 20 2.2 -552 240
127 20 2.2 -564 272
128 20 2.2 -616 270
130 20 2.2 -636 262
132 20 2.2 -628 274
133 20 2.2 -568 254
135 20 2.2 -556 268
137 20 2.2 -620 282
139 20 2.2 -620 286
140 20 2.2 -644 288
142 20 2.2 -636 310
144 20 2.2 -640 330
146 20 2.2 -636 324
148 20 2.2 -592 292
150 20 2.2 -620 322
152 20 2.2 -540 282
154 20 2.2 -572 298
155 20 2.2 -532 296
157 20 2.2 -580 308
160 20 2.2 -668 338
162 20 2.2 -668 354
164 20 2.2 -656 356
166 20 2.2 -628 346
168 20 2.2 -560 304
170 20 2.2 -596 318
172 20 2.2 -644 342
174 20 2.2 -676 364
177 20 2.2 -696 370
179 20 2.2 -692 370
181 20 2.2 -660 354
184 20 2.2 -648 342
186 20 2.2 -636 334
188 20 2.2 -620 338
191 20 2.2 -640 342
193 20 2.2 -684 366
196 20 2.2 -660 350
198 20 2.2 -640 338
201 20 2.2 -672 346
203 20 2.2 -592 340
206 20 2.2 -640 332
209 20 2.2 -588 284
211 20 2.2 -644 300
214 20 2.2 -648 330
217 20 2.2 -556 298
220 20 2.2 -520 258
222 20 2.2 -552 276
225 20 2.2 -536 276
228 20 2.2 -604 286
231 20 2.2 -592 268
234 20 2.2 -596 254
237 20 2.2 -572 222
240 20 2.2 -612 244
243 20 2.2 -540 246
246 20 2.2 -580 222
250 20 2.2 -524 206
253 20 2.2 -464 202
256 20 2.2 -480 184
259 20 2.2 -528 210
263 20 2.2 -508 180
266 20 2.2 -452 168
269 20 2.2 -520 148
273 20 2.2 -544 192
276 20 2.2 -588 200
280 20 2.2 -560 198
284 20 2.2 -572 216
287 20 2.2 -524 216
291 20 2.2 -596 268
295 20 2.2 -580 282
298 20 2.2 -580 248
302 20 2.2 -644 278
306 20 2.2 -568 272
310 20 2.2 -488 226
314 20 2.2 -524 258
318 20 2.2 -512 226
322 20 2.2 -564 224
326 20 2.2 -576 236
331 20 2.2 -632 310
335 20 2.2 -624 320
339 20 2.2 -696 366
344 20 2.2 -644 334
348 20 2.2 -576 326
352 20 2.2 -672 360
357 20 2.2 -664 356
362 20 2.2 -636 344
366 20 2.2 -612 338
371 20 2.2 -652 344
376 20 2.2 -688 362
381 20 2.2 -608 326
385 20 2.2 -608 324
390 20 2.2 -620 322
395 20 2.2 -600 304
401 20 2.2 -604 332
406 20 2.2 -608 326
411 20 2.2 -604 332
416 20 2.2 -628 336
422 20 2.2 -664 348
427 20 2.2 -640 352
433 20 2.2 -652 354
438 20 2.2 -676 358
444 20 2.2 -636 338
449 20 2.2 -648 336
455 20 2.2 -652 352
461 20 2.2 -644 346
467 20 2.2 -628 332
473 20 2.2 -696 360
479 20 2.2 -652 338
485 20 2.2 -616 332
492 20 2.2 -616 320
498 20 2.2 -580 314
504 20 2.2 -572 282
511 20 2.2 -596 316
517 20 2.2 -548 276
524 20 2.2 -612 320
531 20 2.2 -636 344
538 20 2.2 -576 304
545 20 2.2 -624 318
552 20 2.2 -632 330
559 20 2.2 -512 276
566 20 2.2 -576 294
573 20 2.2 -684 362
581 20 2.2 -672 362
588 20 2.2 -640 354
596 20 2.2 -636 350
603 20 2.2 -604 308
611 20 2.2 -600 288
619 20 2.2 -628 278
627 20 2.2 -580 242
635 20 2.2 -628 302
643 20 2.2 -628 316
652 20 2.2 -596 326
660 20 2.2 -592 316
668 20 2.2 -572 300
677 20 2.2 -568 256
686 20 2.2 -572 256
695 20 2.2 -588 218
704 20 2.2 -544 202
713 20 2.2 -544 270
722 20 2.2 -616 330
731 20 2.2 -584 318
741 20 2.2 -636 342
750 20 2.2 -628 332
760 20 2.2 -596 294
770 20 2.2 -600 318
780 20 2.2 -512 246
790 20 2.2 -612 298
800 20 2.2 -684 364
810 20 2.2 -664 354
821 20 2.2 -732 378
831 20 2.2 -664 352
842 20 2.2 -652 354
853 20 2.2 -656 348
864 20 2.2 -632 340
875 20 2.2 -668 352
886 20 2.2 -608 302
897 20 2.2 -644 352
909 20 2.2 -632 330
921 20 2.2 -656 358
933 20 2.2 -612 330
945 20 2.2 -624 326
957 20 2.2 -596 286
969 20 2.2 -608 332
982 20 2.2 -592 320
994 20 2.2 -660 356
1007 20 2.2 -664 354
1020 20 2.2 -580 318
1033 20 2.2 -564 286
1047 20 2.2 -608 326
1060 20 2.2 -676 356
1074 20 2.2 -612 330
1088 20 2.2 -620 338
1102 20 2.2 -652 344
1116 20 2.2 -652 348
1130 20 2.2 -692 362
1145 20 2.2 -736 376
1160 20 2.2 -604 302
1174 20 2.2 -624 332
1190 20 2.2 -652 352
1205 20 2.2 -572 304
1220 20 2.2 -636 346
1236 20 2.2 -660 356
1252 20 2.2 -604 312
1268 20 2.2 -676 356
1285 20 2.2 -696 372
1301 20 2.2 -624 324
1318 20 2.2 -624 338
1335 20 2.2 -572 288
1352 20 2.2 -612 310
1370 20 2.2 -552 246
1387 20 2.2 -532 176
1405 20 2.2 -512 128
1423 20 2.2 -496 76
1442 20 2.2 -532 192
1460 20 2.2 -528 212
1479 20 2.2 -532 264
1498 20 2.2 -584 314
1517 20 2.2 -644 340
1537 20 2.2 -652 318
1557 20 2.2 -604 326
1577 20 2.2 -636 342
1597 20 2.2 -652 352
1618 20 2.2 -664 346
1639 20 2.2 -644 350
1660 20 2.2 -724 378
1681 20 2.2 -632 340
1703 20 2.2 -692 370
1725 20 2.2 -656 354
1747 20 2.2 -632 342
1770 20 2.2 -636 338
1792 20 2.2 -592 304
1816 20 2.2 -628 328
1839 20 2.2 -664 354
1863 20 2.2 -592 320
1887 20 2.2 -552 294
1911 20 2.2 -652 318
1936 20 2.2 -532 236
1961 20 2.2 -596 306
1986 20 2.2 -664 358
2012 20 2.2 -540 204
2037 20 2.2 -632 320
2064 20 2.2 -668 364
2090 20 2.2 -696 354
2117 20 2.2 -628 328
2145 20 2.2 -640 336
2172 20 2.2 -632 290
2200 20 2.2 -584 234
2229 20 2.2 -492 52
2257 20 2.2 -524 -32
2286 20 2.2 -492 68
2316 20 2.2 -476 18
2346 20 2.2 -628 328
2376 20 2.2 -660 354
2407 20 2.2 -676 360
2438 20 2.2 -612 314
2469 20 2.2 -692 346
2501 20 2.2 -708 372
2533 20 2.2 -608 312
2566 20 2.2 -560 222
2599 20 2.2 -692 366
2633 20 2.2 -652 356
2667 20 2.2 -604 334
2701 20 2.2 -608 324
2736 20 2.2 -624 346
2771 20 2.2 -640 326
2807 20 2.2 -624 326
2843 20 2.2 -628 336
2880 20 2.2 -660 348
2917 20 2.2 -496 252
2954 20 2.2 -584 278
2992 20 2.2 -612 326
3031 20 2.2 -592 286
3070 20 2.2 -640 336
3110 20 2.2 -656 352
3150 20 2.2 -652 354
3190 20 2.2 -580 312
3232 20 2.2 -624 318
3273 20 2.2 -648 338
3315 20 2.2 -616 310
3358 20 2.2 -608 330
3402 20 2.2 -676 362
3445 20 2.2 -600 302
3490 20 2.2 -624 334
3535 20 2.2 -572 154
3580 20 2.2 -536 262
3627 20 2.2 -680 366
3673 20 2.2 -692 362
3721 20 2.2 -652 340
3769 20 2.2 -640 338
3817 20 2.2 -692 366
3867 20 2.2 -668 358
3916 20 2.2 -580 298
3967 20 2.2 -532 262
4018 20 2.2 -576 304
4070 20 2.2 -600 312
4122 20 2.2 -628 338
4176 20 2.2 -660 348
4229 20 2.2 -584 334
4284 20 2.2 -660 350
4339 20 2.2 -548 250
4395 20 2.2 -736 382
4452 20 2.2 -684 366
4509 20 2.2 -572 302
4567 20 2.2 -660 354
4626 20 2.2 -692 368
4686 20 2.2 -656 358
4746 20 2.2 -552 304
4808 20 2.2 -640 338
4870 20 2.2 -684 344
4932 20 2.2 -700 374
4996 20 2.2 -592 310
5060 20 2.2 -664 344
5126 20 2.2 -568 238
5192 20 2.2 -632 336
5259 20 2.2 -528 202
5327 20 2.2 -460 190
5395 20 2.2 -540 154
5465 20 2.2 -560 112
5535 20 2.2 -524 206
5607 20 2.2 -576 278
5679 20 2.2 -612 310
5752 20 2.2 -608 324
5826 20 2.2 -708 374
5902 20 2.2 -568 266
5978 20 2.2 -588 226
6055 20 2.2 -612 314
6133 20 2.2 -644 318
6212 20 2.2 -644 334
6292 20 2.2 -652 346
6373 20 2.2 -608 332
6455 20 2.2 -724 380
6539 20 2.2 -588 298
6623 20 2.2 -580 324
6708 20 2.2 -580 282
6795 20 2.2 -640 342
6883 20 2.2 -576 276
6971 20 2.2 -612 332
7061 20 2.2 -700 364
7152 20 2.2 -592 316
7245 20 2.2 -572 306
7338 20 2.2 -664 352
7433 20 2.2 -552 258
7529 20 2.2 -684 366
7626 20 2.2 -684 364
7724 20 2.2 -684 368
7824 20 2.2 -664 346
7925 20 2.2 -624 340
8027 20 2.2 -624 336
8130 20 2.2 -712 368
8235 20 2.2 -604 324
8341 20 2.2 -640 342
8449 20 2.2 -692 370
8558 20 2.2 -552 296
8668 20 2.2 -644 346
8780 20 2.2 -624 340
8893 20 2.2 -544 298
9008 20 2.2 -596 280
9124 20 2.2 -480 254
9242 20 2.2 -556 276
9361 20 2.2 -628 340
9482 20 2.2 -572 272
9604 20 2.2 -668 352
9728 20 2.2 -576 286
9853 20 2.2 -664 362
9980 20 2.2 -604 324
10109 20 2.2 -660 356
10240 20 2.2 -488 172
10372 20 2.2 -640 340
10505 20 2.2 -620 318
10641 20 2.2 -624 336
10778 20 2.2 -528 236
10917 20 2.2 -636 342
11058 20 2.2 -652 342
11201 20 2.2 -736 382
11345 20 2.2 -648 326
11491 20 2.2 -576 322
11640 20 2.2 -592 324
11790 20 2.2 -612 298
11942 20 2.2 -628 348
12096 20 2.2 -576 312
12252 20 2.2 -560 306
12410 20 2.2 -664 356
12570 20 2.2 -628 330
12732 20 2.2 -672 350
12896 20 2.2 -584 288
13062 20 2.2 -468 212
13231 20 2.2 -648 342
13402 20 2.2 -664 336
13574 20 2.2 -624 332
13750 20 2.2 -656 342
13927 20 2.2 -580 252
14106 20 2.2 -680 362
14288 20 2.2 -700 364
14473 20 2.2 -680 356
14659 20 2.2 -608 302
14848 20 2.2 -700 368
15040 20 2.2 -624 330
15234 20 2.2 -576 298
15430 20 2.2 -616 302
15629 20 2.2 -632 312
15831 20 2.2 -668 358
16035 20 2.2 -636 344
16242 20 2.2 -608 326
16451 20 2.2 -492 202
16664 20 2.2 -716 372
16879 20 2.2 -580 322
17096 20 2.2 -624 318
17317 20 2.2 -624 340
17540 20 2.2 -640 332
17766 20 2.2 -520 240
17995 20 2.2 -676 344
18228 20 2.2 -660 358
18463 20 2.2 -620 320
18701 20 2.2 -632 340
18942 20 2.2 -628 292
19186 20 2.2 -640 344
19434 20 2.2 -624 344
19684 20 2.2 -644 340
19938 20 2.2 -692 364
20195 20 2.2 -680 366
20456 20 2.2 -676 364
20720 20 2.2 -572 310
20987 20 2.2 -684 356
21258 20 2.2 -568 296
21532 20 2.2 -660 356
21810 20 2.2 -604 304
22091 20 2.2 -616 328
22376 20 2.2 -588 294
22664 20 2.2 -696 368
22957 20 2.2 -628 324
23253 20 2.2 -604 322
23553 20 2.2 -676 364
23856 20 2.2 -588 304
24164 20 2.2 -604 340
24476 20 2.2 -532 128
24791 20 2.2 -672 362
25111 20 2.2 -692 364
25435 20 2.2 -552 200
25763 20 2.2 -660 342
26095 20 2.2 -620 340
26432 20 2.2 -648 338
26773 20 2.2 -648 340
27118 20 2.2 -672 354
27468 20 2.2 -604 286
27822 20 2.2 -652 358
28181 20 2.2 -608 330
28545 20 2.2 -640 320
28913 20 2.2 -604 330
29286 20 2.2 -556 196
29663 20 2.2 -560 264
30046 20 2.2 -624 332
30434 20 2.2 -588 288
30826 20 2.2 -532 236
31224 20 2.2 -620 302
31626 20 2.2 -648 334
32034 20 2.2 -684 364
32447 20 2.2 -568 316
32866 20 2.2 -544 220
33290 20 2.2 -628 336
33719 20 2.2 -568 310
34154 20 2.2 -556 306
34595 20 2.2 -536 234
35041 20 2.2 -644 342
35493 20 2.2 -688 348
35951 20 2.2 -680 360
36414 20 2.2 -592 306
36884 20 2.2 -636 344
37360 20 2.2 -532 276
37841 20 2.2 -568 304
38330 20 2.2 -656 354
38824 20 2.2 -600 324
39325 20 2.2 -668 364
39832 20 2.2 -688 364
40346 20 2.2 -672 362
40866 20 2.2 -628 336
41393 20 2.2 -588 296
41927 20 2.2 -612 340
42468 20 2.2 -576 316
43015 20 2.2 -560 256
43570 20 2.2 -660 348
44132 20 2.2 -612 330
44701 20 2.2 -544 246
45278 20 2.2 -644 338
45862 20 2.2 -584 278
46453 20 2.2 -568 114
47053 20 2.2 -564 308
47660 20 2.2 -716 370
48274 20 2.2 -668 364
48897 20 2.2 -596 284
49528 20 2.2 -636 342
50166 20 2.2 -628 304
50813 20 2.2 -712 370
51469 20 2.2 -632 334
52133 20 2.2 -628 334
52805 20 2.2 -684 -360
53486 20 2.2 -512 -266
54176 20 2.2 -584 314
54875 20 2.2 -624 334
55582 20 2.2 -564 130
56299 20 2.2 -592 298
57025 20 2.2 -636 332
57761 20 2.2 -648 340
58506 20 2.2 -636 314
59261 20 2.2 -636 326
60025 20 2.2 -648 334
60799 20 2.2 -672 356
61583 20 2.2 -648 346
62378 20 2.2 -652 342
63182 20 2.2 -628 332
63997 20 2.2 -592 298
64822 20 2.2 -612 330
65658 20 2.2 -592 286
66505 20 2.2 -632 340
67363 20 2.2 -600 310
68232 20 2.2 -604 306
69112 20 2.2 -684 354
70003 20 2.2 -572 290
70906 20 2.2 -648 348
71821 20 2.2 -656 354
72747 20 2.2 -656 342
73685 20 2.2 -572 304
74636 20 2.2 -572 320
75599 20 2.2 -664 356
76574 20 2.2 -604 316
77561 20 2.2 -700 370
78562 20 2.2 -668 -352
79575 20 2.2 -612 -330
80601 20 2.2 -648 -348
81641 20 2.2 -528 -18
82694 20 2.2 -532 -246
83760 20 2.2 -616 -312
84841 20 2.2 -604 -328
85935 20 2.2 -592 -334
87043 20 2.2 -616 -336
88166 20 2.2 -492 4
89303 20 2.2 -636 346
90455 20 2.2 -604 278
91622 20 2.2 -604 322
92803 20 2.2 -576 308
94000 20 2.2 -644 342
95213 20 2.2 -640 338
96441 20 2.2 -728 380
97685 20 2.2 -640 330
98945 20 2.2 -556 264
100221 20 2.2 -656 342
101513 20 2.2 -712 376
102823 20 2.2 -624 336
104149 20 2.2 -600 294
105492 20 2.2 -636 314
106853 20 2.2 -556 294
108231 20 2.2 -676 358
109627 20 2.2 -704 368
111041 20 2.2 -624 328
112473 20 2.2 -624 334
113924 20 2.2 -600 326
115393 20 2.2 -660 358
116882 20 2.2 -624 330
118389 20 2.2 -628 334
119916 20 2.2 -516 242
121463 20 2.2 -676 364
123029 20 2.2 -604 334
124616 20 2.2 -624 322
126224 20 2.2 -612 314
127852 20 2.2 -612 340
129501 20 2.2 -664 358
131171 20 2.2 -620 344
132863 20 2.2 -672 356
134576 20 2.2 -640 346
136312 20 2.2 -500 216
138070 20 2.2 -640 332
139851 20 2.2 -596 318
141655 20 2.2 -604 -318
143482 20 2.2 -556 -300
145333 20 2.2 -548 -248
147207 20 2.2 -652 -340
149106 20 2.2 -652 -340
151029 20 2.2 -600 -322
152977 20 2.2 -628 -340
154950 20 2.2 -564 -310
156948 20 2.2 -548 -270
158973 20 2.2 -604 -322
161023 20 2.2 -624 326
163100 20 2.2 -600 294
165204 20 2.2 -596 318
167334 20 2.2 -612 278
169493 20 2.2 -588 252
171679 20 2.2 -664 346
173893 20 2.2 -644 350
176136 20 2.2 -612 -334
178408 20 2.2 -616 -330
180709 20 2.2 -584 -318
183040 20 2.2 -632 -306
185400 20 2.2 -656 -352
187792 20 2.2 -568 -312
190214 20 2.2 -720 -370
192667 20 2.2 -684 -354
195152 20 2.2 -664 354
197669 20 2.2 -668 342
200219 20 2.2 -664 352
202801 20 2.2 -584 290
205417 20 2.2 -624 348
208066 20 2.2 -632 342
210750 20 2.2 -616 338
213468 20 2.2 -640 334
216222 20 2.2 -512 264
219010 20 2.2 -604 324
221835 20 2.2 -508 238
224696 20 2.2 -636 344
227595 20 2.2 -624 336
230530 20 2.2 -588 216
233503 20 2.2 -568 300
236515 20 2.2 -684 366
239566 20 2.2 -556 304
242656 20 2.2 -664 -346
245785 20 2.2 -640 336
248956 20 2.2 -596 336
252167 20 2.2 -632 340
255419 20 2.2 -640 292
258713 20 2.2 -584 -324
262050 20 2.2 -552 -284
265430 20 2.2 -664 -364
268854 20 2.2 -700 -370
272321 20 2.2 -672 354
275834 20 2.2 -640 344
279391 20 2.2 -664 356
282995 20 2.2 -600 312
286645 20 2.2 -644 322
290342 20 2.2 -644 334
294087 20 2.2 -620 328
297880 20 2.2 -584 288
301722 20 2.2 -544 -228
305614 20 2.2 -568 -254
309556 20 2.2 -668 -338
313548 20 2.2 -684 -358
317592 20 2.2 -548 -272
321689 20 2.2 -580 -256
325838 20 2.2 -656 -352
330040 20 2.2 -616 -342
334297 20 2.2 -688 -330
338609 20 2.2 -600 -310
342976 20 2.2 -700 362
347400 20 2.2 -548 270
351881 20 2.2 -672 362
356419 20 2.2 -704 374
361016 20 2.2 -624 336
365673 20 2.2 -652 350
370389 20 2.2 -580 316
375167 20 2.2 -600 -326
380005 20 2.2 -620 330
384907 20 2.2 -628 -298
389871 20 2.2 -548 280
394900 20 2.2 -548 -304
399993 20 2.2 -588 -326
405152 20 2.2 -692 -364
410378 20 2.2 -752 -386
415671 20 2.2 -608 -328
421032 20 2.2 -660 -348
426463 20 2.2 -588 -292
431963 20 2.2 -660 -360
437535 20 2.2 -656 360
443178 20 2.2 -624 334
448894 20 2.2 -628 334
454684 20 2.2 -612 -332
460548 20 2.2 -632 -344
466489 20 2.2 -576 -288
472505 20 2.2 -580 -324
478600 20 2.2 -628 -336
484773 20 2.2 -700 352
491025 20 2.2 -628 348
497358 20 2.2 -656 350
503773 20 2.2 -540 232
510271 20 2.2 -640 312
516852 20 2.2 -612 330
523519 20 2.2 -700 372
530271 20 2.2 -664 354
537111 20 2.2 -660 346
544038 20 2.2 -596 308
551055 20 2.2 -584 308
558163 20 2.2 -628 340
565362 20 2.2 -568 -302
572654 20 2.2 -536 -116
580040 20 2.2 -636 348
587521 20 2.2 -568 264
595099 20 2.2 -660 350
602775 20 2.2 -652 -348
610549 20 2.2 -580 220
618424 20 2.2 -652 -346
626400 20 2.2 -592 304
634480 20 2.2 -544 290
642663 20 2.2 -616 292
650952 20 2.2 -620 338
659348 20 2.2 -680 362
667853 20 2.2 -624 328
676467 20 2.2 -656 344
685192 20 2.2 -640 354
694029 20 2.2 -696 362
702981 20 2.2 -708 372
712048 20 2.2 -636 338
721232 20 2.2 -664 356
730534 20 2.2 -652 346
739957 20 2.2 -532 -40
749500 20 2.2 -692 -360
759168 20 2.2 -668 -360
768959 20 2.2 -576 -304
778877 20 2.2 -680 -360
788923 20 2.2 -576 286
799099 20 2.2 -668 -358
809405 20 2.2 -688 -362
819845 20 2.2 -648 -350
830419 20 2.2 -640 -342
841130 20 2.2 -560 -270
851979 20 2.2 -532 -258
862968 20 2.2 -688 368
874098 20 2.2 -612 320
885373 20 2.2 -644 -332
896792 20 2.2 -580 -296
908359 20 2.2 -652 322
920075 20 2.2 -552 168
931942 20 2.2 -656 -356
943962 20 2.2 -660 356
956137 20 2.2 -712 -372
968470 20 2.2 -648 346
980961 20 2.2 -652 360
993613 20 2.2 -556 254
999999 20 2.2 -556 290
