3 100 2 -9968 -502
4 100 2 -10628 -494
5 100 2 -11204 -480
6 100 2 -11892 -344
7 100 2 -12416 -566
8 100 2 -12636 -564
9 100 2 -12804 -428
10 100 2 -13052 -518
11 100 2 -13084 -592
12 100 2 -13260 -466
13 100 2 -13220 -480
14 100 2 -13408 -444
15 100 2 -13596 -302
16 100 2 -13592 -508
17 100 2 -13488 -412
18 100 2 -13512 -400
19 100 2 -13908 -590
20 100 2 -14096 -582
21 100 2 -14096 -676
22 100 2 -14156 -656
23 100 2 -14192 -680
24 100 2 -14404 -572
25 100 2 -14444 -688
26 100 2 -14436 -676
27 100 2 -14660 -706
28 100 2 -14740 -740
29 100 2 -14524 -718
30 100 2 -14596 -868
31 100 2 -14772 -922
32 100 2 -14668 -860
33 100 2 -14652 -920
34 100 2 -14840 -810
35 100 2 -14824 -700
36 100 2 -14544 -688
37 100 2 -14840 -622
38 100 2 -14964 -468
39 100 2 -14928 -412
40 100 2 -14972 -294
41 100 2 -14896 -260
42 100 2 -14992 -498
43 100 2 -15004 -418
44 100 2 -15000 -370
45 100 2 -14944 -458
46 100 2 -14964 -372
47 100 2 -15088 -368
48 100 2 -15228 -258
49 100 2 -15332 -286
50 100 2 -15312 -286
51 100 2 -15452 -240
52 100 2 -15484 -198
53 100 2 -15448 -124
54 100 2 -15484 -118
55 100 2 -15448 -16
56 100 2 -15124 -40
57 100 2 -15072 -46
58 100 2 -15236 58
59 100 2 -15360 64
60 100 2 -15460 72
61 100 2 -15448 110
62 100 2 -15452 78
63 100 2 -15488 62
64 100 2 -15508 108
65 100 2 -15432 80
66 100 2 -15500 14
67 100 2 -15584 52
68 100 2 -15468 -20
69 100 2 -15676 -8
70 100 2 -15552 -60
71 100 2 -15596 -40
72 100 2 -15748 -16
73 100 2 -15624 -30
74 100 2 -15776 -4
75 100 2 -15792 -108
76 100 2 -15844 -110
77 100 2 -15888 -38
78 100 2 -15672 -104
79 100 2 -15688 -100
80 100 2 -15736 -92
81 100 2 -15612 16
82 100 2 -15584 -42
83 100 2 -15576 -86
84 100 2 -15648 -72
85 100 2 -15528 -118
86 100 2 -15508 -206
88 100 2 -15680 -286
89 100 2 -15676 -328
90 100 2 -15400 -310
91 100 2 -15668 -300
92 100 2 -15728 -204
93 100 2 -15616 -284
95 100 2 -15744 -94
96 100 2 -15560 -2
97 100 2 -15584 -8
98 100 2 -15648 -132
99 100 2 -15700 -128
101 100 2 -15724 -64
102 100 2 -15760 -128
103 100 2 -15740 -56
105 100 2 -15912 -10
106 100 2 -15688 -20
107 100 2 -15900 30
109 100 2 -16028 -68
110 100 2 -16104 -22
112 100 2 -15984 -170
113 100 2 -16104 -144
114 100 2 -16060 -216
116 100 2 -16000 -408
117 100 2 -15960 -540
119 100 2 -15972 -540
120 100 2 -16036 -616
122 100 2 -15832 -676
124 100 2 -16172 -688
125 100 2 -16132 -848
127 100 2 -15788 -854
128 100 2 -16004 -864
130 100 2 -15996 -876
132 100 2 -16024 -798
133 100 2 -15964 -800
135 100 2 -15992 -782
137 100 2 -16032 -890
139 100 2 -16096 -780
140 100 2 -16152 -768
142 100 2 -16216 -794
144 100 2 -15948 -714
146 100 2 -16008 -740
148 100 2 -16116 -842
150 100 2 -16300 -918
152 100 2 -16180 -1084
154 100 2 -16224 -1020
155 100 2 -16240 -972
157 100 2 -16164 -944
160 100 2 -16168 -870
162 100 2 -16248 -860
164 100 2 -16156 -810
166 100 2 -16116 -776
168 100 2 -16140 -954
170 100 2 -16244 -918
172 100 2 -16184 -1054
174 100 2 -16336 -1114
177 100 2 -16288 -1034
179 100 2 -16224 -986
181 100 2 -16248 -920
184 100 2 -16212 -936
186 100 2 -16240 -802
188 100 2 -16228 -712
191 100 2 -15976 -656
193 100 2 -16228 -910
196 100 2 -16176 -898
198 100 2 -16372 -962
201 100 2 -16280 -1032
203 100 2 -16144 -1164
206 100 2 -16160 -1052
209 100 2 -15844 -1166
211 100 2 -16044 -1294
214 100 2 -15904 -1234
217 100 2 -16076 -1362
220 100 2 -16140 -1520
222 100 2 -16068 -1502
225 100 2 -16008 -1524
228 100 2 -16136 -1406
231 100 2 -16232 -1222
234 100 2 -16424 -1370
237 100 2 -16312 -1254
240 100 2 -16056 -1236
243 100 2 -16212 -1522
246 100 2 -16252 -1468
250 100 2 -16236 -1520
253 100 2 -16140 -1678
256 100 2 -16200 -1608
259 100 2 -16148 -1444
263 100 2 -16368 -1386
266 100 2 -16708 -1268
269 100 2 -16712 -1228
273 100 2 -16592 -1132
276 100 2 -16448 -1274
280 100 2 -16356 -1254
284 100 2 -16112 -1318
287 100 2 -16036 -1452
291 100 2 -16232 -1658
295 100 2 -16152 -1848
298 100 2 -16068 -1762
302 100 2 -16468 -1764
306 100 2 -16316 -1764
310 100 2 -16836 -1802
314 100 2 -16708 -1646
318 100 2 -16392 -1672
322 100 2 -16624 -1702
326 100 2 -16596 -1498
331 100 2 -16400 -1604
335 100 2 -16508 -1648
339 100 2 -16404 -1784
344 100 2 -16544 -1778
348 100 2 -16288 -1740
352 100 2 -16440 -1782
357 100 2 -16440 -1876
362 100 2 -16288 -2024
366 100 2 -16468 -2144
371 100 2 -16564 -2238
376 100 2 -16920 -2226
381 100 2 -16604 -2240
385 100 2 -16480 -2080
390 100 2 -16700 -2230
395 100 2 -16688 -2152
401 100 2 -16396 -2056
406 100 2 -16812 -2112
411 100 2 -16616 -2152
416 100 2 -16404 -1956
422 100 2 -16436 -2132
427 100 2 -16360 -2104
433 100 2 -16488 -2190
438 100 2 -16584 -2144
444 100 2 -16260 -1856
449 100 2 -16744 -2054
455 100 2 -16672 -2258
461 100 2 -16476 -2246
467 100 2 -16600 -2154
473 100 2 -16620 -2294
479 100 2 -16628 -2306
485 100 2 -16424 -2310
492 100 2 -16608 -2344
498 100 2 -16452 -2578
504 100 2 -16668 -2598
511 100 2 -16740 -2672
517 100 2 -16572 -2392
524 100 2 -16912 -2464
531 100 2 -16360 -2202
538 100 2 -16444 -2294
545 100 2 -16412 -2086
552 100 2 -16836 -2078
559 100 2 -16704 -1946
566 100 2 -16876 -1862
573 100 2 -16772 -2062
581 100 2 -17112 -2142
588 100 2 -17000 -2176
596 100 2 -16796 -2434
603 100 2 -16468 -2136
611 100 2 -16468 -2040
619 100 2 -16360 -1980
627 100 2 -16656 -2046
635 100 2 -16784 -1972
643 100 2 -16720 -1992
652 100 2 -16392 -2020
660 100 2 -16688 -1914
668 100 2 -16572 -2056
677 100 2 -16708 -2110
686 100 2 -16504 -2088
695 100 2 -17088 -2206
704 100 2 -16504 -2154
713 100 2 -16432 -2230
722 100 2 -16572 -2070
731 100 2 -16388 -2166
741 100 2 -16748 -2250
750 100 2 -16680 -2460
760 100 2 -16600 -2632
770 100 2 -16848 -2512
780 100 2 -16836 -2668
790 100 2 -16968 -2790
800 100 2 -16936 -2854
810 100 2 -16392 -2764
821 100 2 -16684 -2842
831 100 2 -16576 -3016
842 100 2 -16504 -3028
853 100 2 -16488 -2876
864 100 2 -16804 -2976
875 100 2 -16328 -2906
886 100 2 -16596 -2838
897 100 2 -16604 -2722
909 100 2 -16864 -2926
921 100 2 -16516 -2872
933 100 2 -16552 -2840
945 100 2 -16672 -2788
957 100 2 -16532 -2862
969 100 2 -16656 -2992
982 100 2 -16584 -3106
994 100 2 -16976 -2914
1007 100 2 -16468 -3106
1020 100 2 -16824 -3342
1033 100 2 -16752 -3574
1047 100 2 -16684 -3606
1060 100 2 -16784 -3790
1074 100 2 -16808 -4006
1088 100 2 -16772 -4128
1102 100 2 -16852 -4028
1116 100 2 -16700 -4178
1130 100 2 -16848 -4260
1145 100 2 -16868 -4250
1160 100 2 -16760 -4262
1174 100 2 -16872 -4264
1190 100 2 -16952 -4208
1205 100 2 -16668 -4666
1220 100 2 -16748 -4496
1236 100 2 -16660 -4234
1252 100 2 -16584 -4146
1268 100 2 -16604 -4416
1285 100 2 -17088 -4654
1301 100 2 -16760 -4484
1318 100 2 -16824 -4514
1335 100 2 -16572 -4370
1352 100 2 -16432 -3896
1370 100 2 -16984 -4192
1387 100 2 -17028 -4448
1405 100 2 -16560 -4370
1423 100 2 -16864 -4586
1442 100 2 -16988 -4528
1460 100 2 -16312 -4294
1479 100 2 -16772 -4754
1498 100 2 -16720 -4784
1517 100 2 -16648 -5014
1537 100 2 -17068 -4996
1557 100 2 -16664 -5296
1577 100 2 -16852 -4892
1597 100 2 -16732 -5028
1618 100 2 -16780 -5008
1639 100 2 -16488 -4932
1660 100 2 -16740 -5262
1681 100 2 -16808 -5354
1703 100 2 -17092 -5630
1725 100 2 -17104 -6188
1747 100 2 -17000 -6082
1770 100 2 -16996 -6192
1792 100 2 -17128 -6320
1816 100 2 -17052 -6528
1839 100 2 -17048 -6356
1863 100 2 -16900 -6594
1887 100 2 -17032 -6772
1911 100 2 -16996 -6822
1936 100 2 -16940 -6912
1961 100 2 -17156 -7054
1986 100 2 -16772 -6732
2012 100 2 -16924 -6738
2037 100 2 -17168 -7012
2064 100 2 -17056 -7030
2090 100 2 -17116 -6892
2117 100 2 -16972 -6844
2145 100 2 -17240 -7014
2172 100 2 -17272 -7112
2200 100 2 -17148 -6816
2229 100 2 -17004 -6782
2257 100 2 -17052 -6986
2286 100 2 -16852 -6988
2316 100 2 -17004 -7030
2346 100 2 -17404 -7554
2376 100 2 -17020 -7520
2407 100 2 -16744 -7550
2438 100 2 -17092 -8072
2469 100 2 -17204 -8332
2501 100 2 -17172 -8180
2533 100 2 -17192 -8330
2566 100 2 -17076 -8396
2599 100 2 -17284 -8514
2633 100 2 -17208 -8654
2667 100 2 -17284 -8846
2701 100 2 -17180 -8910
2736 100 2 -17560 -9142
2771 100 2 -17496 -9156
2807 100 2 -17628 -9156
2843 100 2 -17300 -9066
2880 100 2 -17276 -9076
2917 100 2 -17448 -9134
2954 100 2 -17444 -9160
2992 100 2 -17572 -9146
3031 100 2 -17468 -8966
3070 100 2 -17544 -9138
3110 100 2 -17508 -9066
3150 100 2 -17508 -9140
3190 100 2 -17512 -9094
3232 100 2 -17588 -9168
3273 100 2 -17620 -9198
3315 100 2 -17348 -9080
3358 100 2 -17644 -9188
3402 100 2 -17380 -9074
3445 100 2 -17500 -9138
3490 100 2 -17552 -9224
3535 100 2 -17520 -9046
3580 100 2 -17156 -8878
3627 100 2 -17220 -8992
3673 100 2 -17204 -9042
3721 100 2 -17612 -9182
3769 100 2 -17732 -9268
3817 100 2 -17604 -9172
3867 100 2 -17608 -9186
3916 100 2 -17736 -9246
3967 100 2 -17560 -9168
4018 100 2 -17284 -8926
4070 100 2 -17240 -9098
4122 100 2 -17348 -9078
4176 100 2 -17268 -8890
4229 100 2 -17556 -9144
4284 100 2 -17668 -9128
4339 100 2 -17776 -9256
4395 100 2 -17212 -9016
4452 100 2 -17392 -9060
4509 100 2 -17200 -9066
4567 100 2 -17556 -9114
4626 100 2 -17944 -9332
4686 100 2 -17720 -9194
4746 100 2 -17640 -9226
4808 100 2 -17528 -9080
4870 100 2 -17448 -9146
4932 100 2 -17520 -8942
4996 100 2 -17600 -9188
5060 100 2 -17636 -9228
5126 100 2 -17144 -8972
5192 100 2 -17448 -9176
5259 100 2 -17476 -9138
5327 100 2 -17420 -9068
5395 100 2 -17456 -9146
5465 100 2 -17428 -9114
5535 100 2 -17212 -9026
5607 100 2 -17660 -9222
5679 100 2 -17548 -9124
5752 100 2 -17468 -9088
5826 100 2 -17352 -9066
5902 100 2 -17692 -9214
5978 100 2 -17576 -9202
6055 100 2 -17080 -9032
6133 100 2 -17808 -9284
6212 100 2 -17364 -9016
6292 100 2 -17536 -9194
6373 100 2 -17500 -9120
6455 100 2 -17456 -9144
6539 100 2 -17776 -9264
6623 100 2 -17188 -9014
6708 100 2 -17640 -9140
6795 100 2 -17664 -9214
6883 100 2 -17616 -9176
6971 100 2 -17428 -9114
7061 100 2 -17452 -9164
7152 100 2 -17456 -9116
7245 100 2 -17444 -9062
7338 100 2 -17092 -8904
7433 100 2 -17352 -8988
7529 100 2 -17564 -9178
7626 100 2 -17668 -9200
7724 100 2 -17600 -9134
7824 100 2 -17804 -9294
7925 100 2 -17816 -9298
8027 100 2 -17404 -9098
8130 100 2 -17608 -9158
8235 100 2 -17428 -9116
8341 100 2 -17108 -9022
8449 100 2 -17376 -9060
8558 100 2 -17420 -9118
8668 100 2 -17300 -9076
8780 100 2 -17568 -9146
8893 100 2 -17412 -9060
9008 100 2 -17548 -9060
9124 100 2 -17548 -9188
9242 100 2 -17416 -9098
9361 100 2 -17512 -9188
9482 100 2 -17112 -8842
9604 100 2 -17584 -9058
9728 100 2 -17520 -9156
9853 100 2 -17652 -9238
9980 100 2 -17404 -9028
10109 100 2 -17556 -9220
10240 100 2 -17916 -9360
10372 100 2 -17332 -9024
10505 100 2 -17556 -9168
10641 100 2 -17524 -9070
10778 100 2 -17096 -8992
10917 100 2 -17796 -9284
11058 100 2 -17384 -9046
11201 100 2 -17348 -8976
11345 100 2 -17176 -8994
11491 100 2 -17344 -9088
11640 100 2 -17396 -9122
11790 100 2 -17304 -9058
11942 100 2 -17520 -9134
12096 100 2 -16968 -8784
12252 100 2 -17612 -9170
12410 100 2 -17404 -9086
12570 100 2 -17432 -9072
12732 100 2 -17348 -9108
12896 100 2 -17200 -8888
13062 100 2 -17528 -9084
13231 100 2 -17412 -9100
13402 100 2 -17492 -9074
13574 100 2 -17220 -9080
13750 100 2 -17204 -9016
13927 100 2 -17356 -9100
14106 100 2 -17360 -9096
14288 100 2 -17912 -9304
14473 100 2 -17620 -9112
14659 100 2 -17416 -9052
14848 100 2 -17644 -9202
15040 100 2 -17768 -9282
15234 100 2 -17748 -9272
15430 100 2 -17684 -9240
15629 100 2 -17612 -9188
15831 100 2 -17568 -9142
16035 100 2 -17500 -9194
16242 100 2 -17088 -8944
16451 100 2 -17592 -9162
16664 100 2 -17352 -9074
16879 100 2 -16932 -8864
17096 100 2 -17316 -9068
17317 100 2 -17348 -9102
17540 100 2 -17508 -9146
17766 100 2 -17656 -9230
17995 100 2 -17444 -9134
18228 100 2 -17404 -9064
18463 100 2 -17344 -9090
18701 100 2 -17776 -9266
18942 100 2 -17676 -9182
19186 100 2 -17304 -9062
19434 100 2 -17792 -9324
19684 100 2 -17480 -9110
19938 100 2 -17412 -9080
20195 100 2 -17540 -9138
20456 100 2 -17476 -9160
20720 100 2 -17200 -9030
20987 100 2 -17408 -9102
21258 100 2 -17712 -9254
21532 100 2 -17316 -9010
21810 100 2 -17660 -9172
22091 100 2 -17348 -9076
22376 100 2 -17496 -9160
22664 100 2 -17416 -9116
22957 100 2 -17420 -9124
23253 100 2 -17400 -9062
23553 100 2 -17264 -8962
23856 100 2 -17552 -9162
24164 100 2 -17872 -9324
24476 100 2 -17260 -9070
24791 100 2 -17556 -9180
25111 100 2 -17696 -9240
25435 100 2 -17112 -8996
25763 100 2 -17680 -9220
26095 100 2 -17476 -9140
26432 100 2 -17368 -9056
26773 100 2 -17228 -8934
27118 100 2 -17256 -9076
27468 100 2 -17276 -8990
27822 100 2 -17212 -9028
28181 100 2 -17420 -9122
28545 100 2 -17220 -9090
28913 100 2 -17376 -9082
29286 100 2 -17364 -8958
29663 100 2 -17556 -9154
30046 100 2 -17544 -9150
30434 100 2 -17492 -9170
30826 100 2 -17184 -8982
31224 100 2 -17228 -9062
31626 100 2 -17276 -9076
32034 100 2 -17496 -9106
32447 100 2 -17444 -9028
32866 100 2 -17672 -9252
33290 100 2 -17504 -9148
33719 100 2 -17484 -9186
34154 100 2 -17312 -8974
34595 100 2 -16996 -8958
35041 100 2 -17236 -9018
35493 100 2 -17380 -9106
35951 100 2 -17328 -9056
36414 100 2 -17640 -9214
36884 100 2 -17448 -9112
37360 100 2 -17412 -9062
37841 100 2 -17848 -9336
38330 100 2 -17616 -9082
38824 100 2 -17584 -9190
39325 100 2 -17616 -9188
39832 100 2 -17244 -8986
40346 100 2 -17668 -9224
40866 100 2 -17536 -9220
41393 100 2 -17580 -9190
41927 100 2 -17652 -9262
42468 100 2 -17656 -9230
43015 100 2 -17464 -9160
43570 100 2 -17424 -9106
44132 100 2 -17512 -9100
44701 100 2 -17468 -9128
45278 100 2 -17456 -9150
45862 100 2 -17372 -9118
46453 100 2 -17548 -9210
47053 100 2 -17336 -9060
47660 100 2 -17284 -9012
48274 100 2 -17372 -9098
48897 100 2 -17360 -9108
49528 100 2 -17040 -8944
50166 100 2 -17640 -9180
50813 100 2 -17116 -8930
51469 100 2 -17604 -9186
52133 100 2 -17616 -9124
52805 100 2 -17508 -9152
53486 100 2 -17432 -9114
54176 100 2 -17164 -9000
54875 100 2 -17188 -9012
55582 100 2 -17716 -9258
56299 100 2 -17452 -9062
57025 100 2 -17504 -9100
57761 100 2 -17648 -9170
58506 100 2 -17564 -9108
59261 100 2 -17280 -9000
60025 100 2 -17028 -8922
60799 100 2 -17296 -9070
61583 100 2 -17480 -9112
62378 100 2 -17456 -9116
63182 100 2 -17528 -9114
63997 100 2 -17544 -9164
64822 100 2 -17540 -9148
65658 100 2 -17404 -9044
66505 100 2 -17552 -9204
67363 100 2 -17472 -9140
68232 100 2 -17068 -8984
69112 100 2 -17244 -8916
70003 100 2 -17488 -9134
70906 100 2 -17244 -8964
71821 100 2 -17424 -9106
72747 100 2 -17384 -9092
73685 100 2 -17500 -8990
74636 100 2 -17772 -9284
75599 100 2 -17516 -9130
76574 100 2 -17404 -9118
77561 100 2 -17740 -9246
78562 100 2 -17400 -9118
79575 100 2 -17612 -9178
80601 100 2 -17244 -9056
81641 100 2 -17400 -9114
82694 100 2 -17412 -9068
83760 100 2 -17312 -8988
84841 100 2 -17196 -9018
85935 100 2 -17284 -9058
87043 100 2 -17564 -9088
88166 100 2 -17704 -9252
89303 100 2 -17552 -9210
90455 100 2 -17404 -9042
91622 100 2 -17536 -9174
92803 100 2 -17292 -9130
94000 100 2 -17364 -8914
95213 100 2 -17392 -8774
96441 100 2 -17672 -9162
97685 100 2 -17652 -9192
98945 100 2 -17448 -9172
100221 100 2 -17452 -9092
101513 100 2 -17480 -9160
102823 100 2 -17528 -9154
104149 100 2 -17372 -9116
105492 100 2 -17552 -9140
106853 100 2 -17564 -9178
108231 100 2 -17684 -9170
109627 100 2 -17228 -9002
111041 100 2 -17500 -9182
112473 100 2 -17624 -9202
113924 100 2 -17540 -9134
115393 100 2 -17468 -9106
116882 100 2 -17532 -9210
118389 100 2 -17212 -9032
119916 100 2 -17472 -9132
121463 100 2 -17212 -9014
123029 100 2 -17620 -9216
124616 100 2 -17884 -9282
126224 100 2 -17632 -9236
127852 100 2 -17336 -9138
129501 100 2 -17264 -9056
131171 100 2 -17192 -8944
132863 100 2 -17320 -9068
134576 100 2 -17404 -9098
136312 100 2 -17148 -9026
138070 100 2 -17340 -9092
139851 100 2 -17612 -9204
141655 100 2 -17560 -9132
143482 100 2 -17600 -9162
145333 100 2 -17524 -9168
147207 100 2 -17456 -9102
149106 100 2 -17784 -9250
151029 100 2 -17588 -9188
152977 100 2 -17568 -9246
154950 100 2 -17796 -9236
156948 100 2 -17508 -9118
158973 100 2 -17504 -9104
161023 100 2 -17344 -9034
163100 100 2 -17512 -9170
165204 100 2 -17632 -9218
167334 100 2 -17388 -9138
169493 100 2 -17592 -9158
171679 100 2 -17328 -9064
173893 100 2 -17728 -9240
176136 100 2 -17736 -9282
178408 100 2 -17488 -9124
180709 100 2 -17552 -9158
183040 100 2 -17480 -9044
185400 100 2 -17444 -9118
187792 100 2 -17164 -8930
190214 100 2 -17200 -9032
192667 100 2 -17256 -8998
195152 100 2 -17448 -9120
197669 100 2 -17720 -9214
200219 100 2 -17480 -9088
202801 100 2 -17864 -9264
205417 100 2 -17496 -9162
208066 100 2 -17500 -9128
210750 100 2 -17660 -9268
213468 100 2 -17304 -9112
216222 100 2 -17360 -9028
219010 100 2 -17416 -9146
221835 100 2 -17496 -9148
224696 100 2 -17188 -9028
227595 100 2 -17420 -9098
230530 100 2 -17512 -9104
233503 100 2 -17356 -9072
236515 100 2 -17460 -9184
239566 100 2 -17740 -9254
242656 100 2 -17076 -8974
245785 100 2 -17512 -9142
248956 100 2 -17508 -9146
252167 100 2 -17476 -9172
255419 100 2 -17432 -9112
258713 100 2 -17540 -9076
262050 100 2 -17616 -9162
265430 100 2 -17360 -9058
268854 100 2 -17672 -9208
272321 100 2 -17416 -9064
275834 100 2 -17560 -9196
279391 100 2 -16992 -8874
282995 100 2 -17412 -9096
286645 100 2 -17372 -9094
290342 100 2 -17392 -9122
294087 100 2 -17612 -9196
297880 100 2 -17400 -9074
301722 100 2 -17684 -9230
305614 100 2 -17412 -9164
309556 100 2 -17232 -8988
313548 100 2 -17288 -9104
317592 100 2 -17624 -9182
321689 100 2 -17288 -8948
325838 100 2 -17660 -9232
330040 100 2 -17716 -9234
334297 100 2 -17952 -9346
338609 100 2 -17364 -9082
342976 100 2 -17452 -9072
347400 100 2 -17400 -9058
351881 100 2 -17516 -9178
356419 100 2 -17344 -9038
361016 100 2 -17568 -9210
365673 100 2 -17376 -9116
370389 100 2 -17428 -9132
375167 100 2 -17412 -9100
380005 100 2 -17376 -9050
384907 100 2 -17764 -9238
389871 100 2 -17204 -9032
394900 100 2 -17384 -9096
399993 100 2 -17068 -8874
405152 100 2 -17316 -9000
410378 100 2 -17432 -9124
415671 100 2 -17584 -9156
421032 100 2 -17588 -9162
426463 100 2 -17444 -9130
431963 100 2 -17500 -9176
437535 100 2 -17460 -9124
443178 100 2 -17596 -9172
448894 100 2 -17432 -9112
454684 100 2 -17444 -9098
460548 100 2 -17216 -9006
466489 100 2 -17440 -9142
472505 100 2 -17244 -8986
478600 100 2 -17412 -9092
484773 100 2 -17588 -9156
491025 100 2 -17576 -9186
497358 100 2 -17708 -9222
503773 100 2 -17572 -9114
510271 100 2 -17608 -9126
516852 100 2 -17400 -9004
523519 100 2 -17676 -9220
530271 100 2 -17712 -9188
537111 100 2 -17532 -9136
544038 100 2 -17584 -9190
551055 100 2 -17080 -8950
558163 100 2 -17352 -9086
565362 100 2 -17256 -8966
572654 100 2 -17180 -9044
580040 100 2 -17292 -9088
587521 100 2 -17008 -8882
595099 100 2 -17108 -8990
602775 100 2 -17356 -9050
610549 100 2 -17180 -8900
618424 100 2 -17444 -9112
626400 100 2 -17628 -9200
634480 100 2 -17404 -9086
642663 100 2 -17564 -9202
650952 100 2 -17540 -9186
659348 100 2 -17292 -9092
667853 100 2 -17560 -9102
676467 100 2 -17368 -9116
685192 100 2 -17400 -9058
694029 100 2 -17440 -9166
702981 100 2 -17600 -9172
712048 100 2 -17360 -9038
721232 100 2 -17204 -9042
730534 100 2 -17356 -9094
739957 100 2 -17160 -8978
749500 100 2 -17628 -9190
759168 100 2 -17452 -9064
768959 100 2 -17300 -9012
778877 100 2 -17532 -8986
788923 100 2 -17416 -9042
799099 100 2 -17248 -9040
809405 100 2 -17136 -8916
819845 100 2 -17552 -9090
830419 100 2 -17496 -9112
841130 100 2 -17452 -9152
851979 100 2 -17512 -9166
862968 100 2 -17552 -9154
874098 100 2 -17608 -9050
885373 100 2 -17632 -9188
896792 100 2 -17692 -9268
908359 100 2 -17564 -9222
920075 100 2 -17624 -9194
931942 100 2 -17468 -9130
943962 100 2 -17528 -9188
956137 100 2 -17332 -9012
968470 100 2 -17320 -9078
980961 100 2 -17288 -9040
993613 100 2 -17572 -9150
999999 100 2 -17580 -9186
