3 20 2.2 -400 -52
4 20 2.2 -412 -18
5 20 2.2 -476 -4
6 20 2.2 -512 10
7 20 2.2 -504 14
8 20 2.2 -496 12
9 20 2.2 -512 -10
10 20 2.2 -516 -12
11 20 2.2 -488 22
12 20 2.2 -444 32
13 20 2.2 -520 -4
14 20 2.2 -460 -10
15 20 2.2 -444 -2
16 20 2.2 -416 14
17 20 2.2 -408 14
18 20 2.2 -404 0
19 20 2.2 -396 34
20 20 2.2 -456 40
21 20 2.2 -440 36
22 20 2.2 -464 6
23 20 2.2 -444 28
24 20 2.2 -464 62
25 20 2.2 -444 56
26 20 2.2 -480 72
27 20 2.2 -488 92
28 20 2.2 -524 68
29 20 2.2 -520 94
30 20 2.2 -524 94
31 20 2.2 -512 82
32 20 2.2 -508 80
33 20 2.2 -540 120
34 20 2.2 -540 148
35 20 2.2 -560 152
36 20 2.2 -572 148
37 20 2.2 -552 128
38 20 2.2 -576 162
39 20 2.2 -564 176
40 20 2.2 -532 188
41 20 2.2 -508 176
42 20 2.2 -528 176
43 20 2.2 -536 200
44 20 2.2 -512 202
45 20 2.2 -544 180
46 20 2.2 -544 192
47 20 2.2 -520 200
48 20 2.2 -536 194
49 20 2.2 -520 212
50 20 2.2 -508 190
51 20 2.2 -492 190
52 20 2.2 -476 196
53 20 2.2 -448 170
54 20 2.2 -480 202
55 20 2.2 -488 192
56 20 2.2 -460 198
57 20 2.2 -460 168
58 20 2.2 -476 202
59 20 2.2 -460 212
60 20 2.2 -540 252
61 20 2.2 -500 258
62 20 2.2 -512 270
63 20 2.2 -568 272
64 20 2.2 -560 286
65 20 2.2 -556 294
66 20 2.2 -572 268
67 20 2.2 -568 274
68 20 2.2 -568 272
69 20 2.2 -516 248
70 20 2.2 -524 258
71 20 2.2 -480 260
72 20 2.2 -520 260
73 20 2.2 -544 270
74 20 2.2 -572 288
75 20 2.2 -572 274
76 20 2.2 -576 300
77 20 2.2 -572 302
78 20 2.2 -616 312
79 20 2.2 -644 312
80 20 2.2 -540 290
81 20 2.2 -552 272
82 20 2.2 -560 284
83 20 2.2 -632 308
84 20 2.2 -632 324
85 20 2.2 -604 324
86 20 2.2 -588 306
88 20 2.2 -596 308
89 20 2.2 -596 298
90 20 2.2 -648 318
91 20 2.2 -664 320
92 20 2.2 -640 318
93 20 2.2 -648 324
95 20 2.2 -608 302
96 20 2.2 -628 302
97 20 2.2 -636 308
98 20 2.2 -660 336
99 20 2.2 -660 344
101 20 2.2 -672 346
102 20 2.2 -660 348
103 20 2.2 -624 314
105 20 2.2 -612 322
106 20 2.2 -640 338
107 20 2.2 -680 362
109 20 2.2 -664 360
110 20 2.2 -720 380
112 20 2.2 -644 354
113 20 2.2 -636 342
114 20 2.2 -636 342
116 20 2.2 -628 338
117 20 2.2 -636 342
119 20 2.2 -588 326
120 20 2.2 -632 330
122 20 2.2 -612 332
124 20 2.2 -596 330
125 20 2.2 -600 332
127 20 2.2 -624 322
128 20 2.2 -612 340
130 20 2.2 -616 342
132 20 2.2 -652 336
133 20 2.2 -644 324
135 20 2.2 -560 290
137 20 2.2 -568 294
139 20 2.2 -648 328
140 20 2.2 -696 362
142 20 2.2 -616 332
144 20 2.2 -568 298
146 20 2.2 -604 304
148 20 2.2 -568 290
150 20 2.2 -540 268
152 20 2.2 -560 260
154 20 2.2 -520 264
155 20 2.2 -596 304
157 20 2.2 -556 300
160 20 2.2 -624 320
162 20 2.2 -604 310
164 20 2.2 -612 304
166 20 2.2 -648 328
168 20 2.2 -664 338
170 20 2.2 -616 336
172 20 2.2 -612 340
174 20 2.2 -668 346
177 20 2.2 -608 328
179 20 2.2 -620 314
181 20 2.2 -616 324
184 20 2.2 -556 322
186 20 2.2 -624 334
188 20 2.2 -616 328
191 20 2.2 -632 342
193 20 2.2 -648 352
196 20 2.2 -660 344
198 20 2.2 -680 364
201 20 2.2 -664 350
203 20 2.2 -652 344
206 20 2.2 -604 332
209 20 2.2 -656 338
211 20 2.2 -668 350
214 20 2.2 -672 348
217 20 2.2 -620 326
220 20 2.2 -580 308
222 20 2.2 -620 326
225 20 2.2 -688 360
228 20 2.2 -648 348
231 20 2.2 -664 360
234 20 2.2 -644 344
237 20 2.2 -668 358
240 20 2.2 -680 362
243 20 2.2 -604 334
246 20 2.2 -608 322
250 20 2.2 -624 330
253 20 2.2 -632 332
256 20 2.2 -612 340
259 20 2.2 -616 330
263 20 2.2 -676 358
266 20 2.2 -680 364
269 20 2.2 -620 336
273 20 2.2 -600 324
276 20 2.2 -616 330
280 20 2.2 -624 346
284 20 2.2 -688 352
287 20 2.2 -684 356
291 20 2.2 -620 324
295 20 2.2 -592 296
298 20 2.2 -616 340
302 20 2.2 -592 314
306 20 2.2 -636 336
310 20 2.2 -604 322
314 20 2.2 -656 354
318 20 2.2 -692 368
322 20 2.2 -672 360
326 20 2.2 -708 374
331 20 2.2 -676 358
335 20 2.2 -580 320
339 20 2.2 -692 348
344 20 2.2 -656 352
348 20 2.2 -608 304
352 20 2.2 -612 316
357 20 2.2 -592 280
362 20 2.2 -604 274
366 20 2.2 -628 248
371 20 2.2 -580 258
376 20 2.2 -592 210
381 20 2.2 -512 190
385 20 2.2 -536 142
390 20 2.2 -532 124
395 20 2.2 -516 128
401 20 2.2 -496 78
406 20 2.2 -524 112
411 20 2.2 -548 124
416 20 2.2 -516 44
422 20 2.2 -568 -26
427 20 2.2 -492 10
433 20 2.2 -560 2
438 20 2.2 -580 66
444 20 2.2 -532 -16
449 20 2.2 -468 -32
455 20 2.2 -528 -22
461 20 2.2 -492 -58
467 20 2.2 -520 -46
473 20 2.2 -496 -24
479 20 2.2 -524 74
485 20 2.2 -532 88
492 20 2.2 -484 58
498 20 2.2 -548 12
504 20 2.2 -496 -12
511 20 2.2 -500 6
517 20 2.2 -500 12
524 20 2.2 -512 -12
531 20 2.2 -496 102
538 20 2.2 -524 144
545 20 2.2 -528 194
552 20 2.2 -520 200
559 20 2.2 -504 162
566 20 2.2 -520 190
573 20 2.2 -616 284
581 20 2.2 -564 284
588 20 2.2 -552 280
596 20 2.2 -664 338
603 20 2.2 -508 254
611 20 2.2 -540 242
619 20 2.2 -564 294
627 20 2.2 -544 252
635 20 2.2 -552 240
643 20 2.2 -612 304
652 20 2.2 -640 340
660 20 2.2 -644 340
668 20 2.2 -656 354
677 20 2.2 -688 362
686 20 2.2 -608 304
695 20 2.2 -704 374
704 20 2.2 -700 366
713 20 2.2 -636 338
722 20 2.2 -636 334
731 20 2.2 -632 322
741 20 2.2 -664 350
750 20 2.2 -596 320
760 20 2.2 -640 336
770 20 2.2 -632 330
780 20 2.2 -652 342
790 20 2.2 -532 284
800 20 2.2 -616 324
810 20 2.2 -628 348
821 20 2.2 -552 288
831 20 2.2 -568 258
842 20 2.2 -544 280
853 20 2.2 -616 296
864 20 2.2 -576 316
875 20 2.2 -512 264
886 20 2.2 -512 262
897 20 2.2 -596 320
909 20 2.2 -556 276
921 20 2.2 -592 306
933 20 2.2 -576 320
945 20 2.2 -656 352
957 20 2.2 -648 334
969 20 2.2 -540 298
982 20 2.2 -668 338
994 20 2.2 -632 326
1007 20 2.2 -680 344
1020 20 2.2 -656 358
1033 20 2.2 -632 348
1047 20 2.2 -624 336
1060 20 2.2 -668 352
1074 20 2.2 -628 332
1088 20 2.2 -604 320
1102 20 2.2 -624 344
1116 20 2.2 -712 376
1130 20 2.2 -668 334
1145 20 2.2 -588 270
1160 20 2.2 -568 270
1174 20 2.2 -628 332
1190 20 2.2 -672 354
1205 20 2.2 -612 346
1220 20 2.2 -624 320
1236 20 2.2 -652 340
1252 20 2.2 -604 324
1268 20 2.2 -664 360
1285 20 2.2 -624 326
1301 20 2.2 -612 338
1318 20 2.2 -660 354
1335 20 2.2 -696 368
1352 20 2.2 -656 350
1370 20 2.2 -640 352
1387 20 2.2 -652 358
1405 20 2.2 -616 342
1423 20 2.2 -660 352
1442 20 2.2 -664 350
1460 20 2.2 -692 362
1479 20 2.2 -692 368
1498 20 2.2 -592 326
1517 20 2.2 -648 340
1537 20 2.2 -712 376
1557 20 2.2 -652 352
1577 20 2.2 -600 330
1597 20 2.2 -640 352
1618 20 2.2 -592 290
1639 20 2.2 -568 270
1660 20 2.2 -548 308
1681 20 2.2 -612 296
1703 20 2.2 -588 312
1725 20 2.2 -628 342
1747 20 2.2 -604 314
1770 20 2.2 -664 350
1792 20 2.2 -584 304
1816 20 2.2 -672 356
1839 20 2.2 -668 358
1863 20 2.2 -624 316
1887 20 2.2 -524 254
1911 20 2.2 -576 304
1936 20 2.2 -620 334
1961 20 2.2 -648 350
1986 20 2.2 -684 360
2012 20 2.2 -560 306
2037 20 2.2 -624 348
2064 20 2.2 -656 350
2090 20 2.2 -624 336
2117 20 2.2 -632 330
2145 20 2.2 -624 304
2172 20 2.2 -568 308
2200 20 2.2 -576 320
2229 20 2.2 -612 314
2257 20 2.2 -652 358
2286 20 2.2 -588 322
2316 20 2.2 -620 340
2346 20 2.2 -676 364
2376 20 2.2 -696 370
2407 20 2.2 -668 352
2438 20 2.2 -576 332
2469 20 2.2 -576 298
2501 20 2.2 -672 346
2533 20 2.2 -656 340
2566 20 2.2 -596 316
2599 20 2.2 -704 370
2633 20 2.2 -652 344
2667 20 2.2 -604 296
2701 20 2.2 -552 132
2736 20 2.2 -480 -60
2771 20 2.2 -540 -164
2807 20 2.2 -604 -330
2843 20 2.2 -724 -362
2880 20 2.2 -644 -310
2917 20 2.2 -636 -334
2954 20 2.2 -560 -230
2992 20 2.2 -596 -290
3031 20 2.2 -640 -342
3070 20 2.2 -596 -302
3110 20 2.2 -676 -352
3150 20 2.2 -624 -310
3190 20 2.2 -640 -330
3232 20 2.2 -700 -370
3273 20 2.2 -676 -364
3315 20 2.2 -680 -360
3358 20 2.2 -560 -268
3402 20 2.2 -664 -360
3445 20 2.2 -628 -332
3490 20 2.2 -544 -302
3535 20 2.2 -592 -304
3580 20 2.2 -624 -326
3627 20 2.2 -700 -372
3673 20 2.2 -692 -364
3721 20 2.2 -592 -272
3769 20 2.2 -528 -222
3817 20 2.2 -548 -222
3867 20 2.2 -540 -196
3916 20 2.2 -584 -234
3967 20 2.2 -680 -354
4018 20 2.2 -644 -322
4070 20 2.2 -636 -344
4122 20 2.2 -656 -350
4176 20 2.2 -652 -352
4229 20 2.2 -648 -342
4284 20 2.2 -688 -354
4339 20 2.2 -620 -324
4395 20 2.2 -688 -366
4452 20 2.2 -548 -296
4509 20 2.2 -708 -368
4567 20 2.2 -656 -344
4626 20 2.2 -692 -368
4686 20 2.2 -604 -326
4746 20 2.2 -536 -288
4808 20 2.2 -628 -336
4870 20 2.2 -668 -350
4932 20 2.2 -720 -374
4996 20 2.2 -580 -254
5060 20 2.2 -680 -364
5126 20 2.2 -576 -316
5192 20 2.2 -640 -342
5259 20 2.2 -612 -326
5327 20 2.2 -632 -322
5395 20 2.2 -580 -280
5465 20 2.2 -636 -348
5535 20 2.2 -624 -294
5607 20 2.2 -644 -330
5679 20 2.2 -516 -250
5752 20 2.2 -636 -322
5826 20 2.2 -652 -342
5902 20 2.2 -584 -306
5978 20 2.2 -620 -318
6055 20 2.2 -588 -330
6133 20 2.2 -496 -152
6212 20 2.2 -668 -356
6292 20 2.2 -544 -286
6373 20 2.2 -548 -256
6455 20 2.2 -708 -374
6539 20 2.2 -520 -210
6623 20 2.2 -612 -330
6708 20 2.2 -624 -304
6795 20 2.2 -608 -334
6883 20 2.2 -576 -256
6971 20 2.2 -556 -306
7061 20 2.2 -440 -112
7152 20 2.2 -528 -206
7245 20 2.2 -592 -314
7338 20 2.2 -644 -342
7433 20 2.2 -568 -294
7529 20 2.2 -628 -340
7626 20 2.2 -660 -356
7724 20 2.2 -632 -348
7824 20 2.2 -652 -350
7925 20 2.2 -644 -350
8027 20 2.2 -612 -310
8130 20 2.2 -580 -284
8235 20 2.2 -640 -338
8341 20 2.2 -604 -286
8449 20 2.2 -596 -320
8558 20 2.2 -672 -362
8668 20 2.2 -556 -262
8780 20 2.2 -616 -330
8893 20 2.2 -580 -238
9008 20 2.2 -616 -320
9124 20 2.2 -664 -352
9242 20 2.2 -628 -302
9361 20 2.2 -632 -328
9482 20 2.2 -568 -218
9604 20 2.2 -584 -324
9728 20 2.2 -672 -354
9853 20 2.2 -600 -314
9980 20 2.2 -624 -332
10109 20 2.2 -668 -362
10240 20 2.2 -684 -354
10372 20 2.2 -656 -356
10505 20 2.2 -628 -332
10641 20 2.2 -588 -314
10778 20 2.2 -632 -336
10917 20 2.2 -568 -296
11058 20 2.2 -716 -370
11201 20 2.2 -656 -360
11345 20 2.2 -556 -308
11491 20 2.2 -672 -356
11640 20 2.2 -688 -364
11790 20 2.2 -612 -308
11942 20 2.2 -576 -304
12096 20 2.2 -640 -342
12252 20 2.2 -616 -334
12410 20 2.2 -612 -326
12570 20 2.2 -712 -364
12732 20 2.2 -584 -304
12896 20 2.2 -532 -222
13062 20 2.2 -640 -334
13231 20 2.2 -644 -326
13402 20 2.2 -676 -360
13574 20 2.2 -636 -338
13750 20 2.2 -556 -286
13927 20 2.2 -608 -286
14106 20 2.2 -476 -10
14288 20 2.2 -576 302
14473 20 2.2 -652 350
14659 20 2.2 -580 326
14848 20 2.2 -616 280
15040 20 2.2 -616 338
15234 20 2.2 -592 322
15430 20 2.2 -640 334
15629 20 2.2 -600 286
15831 20 2.2 -656 344
16035 20 2.2 -608 272
16242 20 2.2 -660 356
16451 20 2.2 -676 354
16664 20 2.2 -608 280
16879 20 2.2 -524 104
17096 20 2.2 -688 356
17317 20 2.2 -672 354
17540 20 2.2 -568 326
17766 20 2.2 -676 354
17995 20 2.2 -640 294
18228 20 2.2 -620 318
18463 20 2.2 -664 360
18701 20 2.2 -596 324
18942 20 2.2 -660 344
19186 20 2.2 -672 362
19434 20 2.2 -624 318
19684 20 2.2 -584 324
19938 20 2.2 -616 330
20195 20 2.2 -660 342
20456 20 2.2 -520 180
20720 20 2.2 -620 328
20987 20 2.2 -664 362
21258 20 2.2 -516 216
21532 20 2.2 -612 318
21810 20 2.2 -588 306
22091 20 2.2 -600 308
22376 20 2.2 -584 236
22664 20 2.2 -556 280
22957 20 2.2 -712 368
23253 20 2.2 -552 288
23553 20 2.2 -668 362
23856 20 2.2 -636 354
24164 20 2.2 -548 284
24476 20 2.2 -624 316
24791 20 2.2 -640 348
25111 20 2.2 -628 326
25435 20 2.2 -596 328
25763 20 2.2 -684 364
26095 20 2.2 -568 296
26432 20 2.2 -656 304
26773 20 2.2 -568 316
27118 20 2.2 -592 336
27468 20 2.2 -700 354
27822 20 2.2 -624 330
28181 20 2.2 -656 340
28545 20 2.2 -544 182
28913 20 2.2 -632 348
29286 20 2.2 -636 338
29663 20 2.2 -652 344
30046 20 2.2 -700 370
30434 20 2.2 -504 -200
30826 20 2.2 -664 -362
31224 20 2.2 -676 -366
31626 20 2.2 -644 -344
32034 20 2.2 -492 -170
32447 20 2.2 -616 -280
32866 20 2.2 -604 -320
33290 20 2.2 -572 -306
33719 20 2.2 -564 -246
34154 20 2.2 -620 -334
34595 20 2.2 -560 -322
35041 20 2.2 -636 -330
35493 20 2.2 -544 -250
35951 20 2.2 -644 -332
36414 20 2.2 -504 -260
36884 20 2.2 -636 -338
37360 20 2.2 -652 -348
37841 20 2.2 -600 -330
38330 20 2.2 -692 -364
38824 20 2.2 -656 -344
39325 20 2.2 -644 -330
39832 20 2.2 -560 -278
40346 20 2.2 -648 -328
40866 20 2.2 -600 -300
41393 20 2.2 -624 -346
41927 20 2.2 -576 -300
42468 20 2.2 -568 -286
43015 20 2.2 -676 -356
43570 20 2.2 -608 -328
44132 20 2.2 -632 -338
44701 20 2.2 -604 -322
45278 20 2.2 -568 -250
45862 20 2.2 -628 -348
46453 20 2.2 -616 -340
47053 20 2.2 -672 -352
47660 20 2.2 -596 -326
48274 20 2.2 -584 -286
48897 20 2.2 -576 -268
49528 20 2.2 -688 -364
50166 20 2.2 -656 -346
50813 20 2.2 -648 -348
51469 20 2.2 -648 -348
52133 20 2.2 -660 348
52805 20 2.2 -576 286
53486 20 2.2 -624 304
54176 20 2.2 -608 322
54875 20 2.2 -604 312
55582 20 2.2 -612 336
56299 20 2.2 -624 336
57025 20 2.2 -664 334
57761 20 2.2 -632 346
58506 20 2.2 -688 360
59261 20 2.2 -572 298
60025 20 2.2 -624 328
60799 20 2.2 -680 352
61583 20 2.2 -564 258
62378 20 2.2 -652 326
63182 20 2.2 -496 228
63997 20 2.2 -668 352
64822 20 2.2 -584 312
65658 20 2.2 -632 234
66505 20 2.2 -540 268
67363 20 2.2 -576 310
68232 20 2.2 -540 292
69112 20 2.2 -612 280
70003 20 2.2 -640 334
70906 20 2.2 -508 30
71821 20 2.2 -636 352
72747 20 2.2 -568 282
73685 20 2.2 -668 352
74636 20 2.2 -636 320
75599 20 2.2 -640 334
76574 20 2.2 -684 362
77561 20 2.2 -616 344
78562 20 2.2 -532 288
79575 20 2.2 -608 296
80601 20 2.2 -576 284
81641 20 2.2 -576 294
82694 20 2.2 -528 -296
83760 20 2.2 -604 -314
84841 20 2.2 -648 -352
85935 20 2.2 -684 -364
87043 20 2.2 -556 -290
88166 20 2.2 -596 -268
89303 20 2.2 -664 -360
90455 20 2.2 -672 -344
91622 20 2.2 -584 -262
92803 20 2.2 -648 -322
94000 20 2.2 -608 -328
95213 20 2.2 -532 -94
96441 20 2.2 -620 326
97685 20 2.2 -576 222
98945 20 2.2 -732 376
100221 20 2.2 -692 366
101513 20 2.2 -656 350
102823 20 2.2 -616 340
104149 20 2.2 -608 324
105492 20 2.2 -560 252
106853 20 2.2 -684 364
108231 20 2.2 -664 348
109627 20 2.2 -564 280
111041 20 2.2 -640 342
112473 20 2.2 -656 336
113924 20 2.2 -644 318
115393 20 2.2 -612 324
116882 20 2.2 -648 348
118389 20 2.2 -680 344
119916 20 2.2 -540 278
121463 20 2.2 -620 334
123029 20 2.2 -624 324
124616 20 2.2 -640 336
126224 20 2.2 -680 356
127852 20 2.2 -580 316
129501 20 2.2 -624 334
131171 20 2.2 -604 340
132863 20 2.2 -524 136
134576 20 2.2 -644 342
136312 20 2.2 -680 350
138070 20 2.2 -640 352
139851 20 2.2 -680 364
141655 20 2.2 -636 340
143482 20 2.2 -624 322
145333 20 2.2 -576 312
147207 20 2.2 -752 388
149106 20 2.2 -572 310
151029 20 2.2 -620 -324
152977 20 2.2 -720 -372
154950 20 2.2 -616 -274
156948 20 2.2 -624 -334
158973 20 2.2 -584 -300
161023 20 2.2 -648 -322
163100 20 2.2 -604 -324
165204 20 2.2 -652 -352
167334 20 2.2 -592 -330
169493 20 2.2 -580 -230
171679 20 2.2 -508 -240
173893 20 2.2 -584 -322
176136 20 2.2 -568 -274
178408 20 2.2 -628 -326
180709 20 2.2 -684 -362
183040 20 2.2 -652 -312
185400 20 2.2 -640 -334
187792 20 2.2 -524 278
190214 20 2.2 -644 318
192667 20 2.2 -548 -238
195152 20 2.2 -544 -238
197669 20 2.2 -568 -290
200219 20 2.2 -644 346
202801 20 2.2 -636 308
205417 20 2.2 -580 308
208066 20 2.2 -588 294
210750 20 2.2 -648 322
213468 20 2.2 -592 -316
216222 20 2.2 -692 -342
219010 20 2.2 -700 -364
221835 20 2.2 -592 -330
224696 20 2.2 -620 -318
227595 20 2.2 -636 -342
230530 20 2.2 -608 -320
233503 20 2.2 -552 -304
236515 20 2.2 -656 -330
239566 20 2.2 -628 -322
242656 20 2.2 -640 348
245785 20 2.2 -624 328
248956 20 2.2 -640 332
252167 20 2.2 -600 -290
255419 20 2.2 -692 354
258713 20 2.2 -628 336
262050 20 2.2 -548 256
265430 20 2.2 -688 -330
268854 20 2.2 -676 -356
272321 20 2.2 -628 338
275834 20 2.2 -724 378
279391 20 2.2 -548 298
282995 20 2.2 -488 238
286645 20 2.2 -556 312
290342 20 2.2 -540 282
294087 20 2.2 -632 -346
297880 20 2.2 -608 -328
301722 20 2.2 -628 -330
305614 20 2.2 -616 334
309556 20 2.2 -668 352
313548 20 2.2 -672 352
317592 20 2.2 -576 324
321689 20 2.2 -712 -374
325838 20 2.2 -600 -338
330040 20 2.2 -684 -362
334297 20 2.2 -680 -350
338609 20 2.2 -564 304
342976 20 2.2 -604 326
347400 20 2.2 -552 -136
351881 20 2.2 -632 -342
356419 20 2.2 -592 -316
361016 20 2.2 -652 -350
365673 20 2.2 -592 -306
370389 20 2.2 -584 -314
375167 20 2.2 -652 -358
380005 20 2.2 -596 -292
384907 20 2.2 -656 356
389871 20 2.2 -604 310
394900 20 2.2 -564 294
399993 20 2.2 -652 354
405152 20 2.2 -656 342
410378 20 2.2 -564 -316
415671 20 2.2 -568 -304
421032 20 2.2 -692 362
426463 20 2.2 -636 304
431963 20 2.2 -560 312
437535 20 2.2 -644 346
443178 20 2.2 -660 350
448894 20 2.2 -496 250
454684 20 2.2 -668 -358
460548 20 2.2 -628 -326
466489 20 2.2 -640 -342
472505 20 2.2 -560 -324
478600 20 2.2 -640 -330
484773 20 2.2 -628 338
491025 20 2.2 -528 88
497358 20 2.2 -548 -310
503773 20 2.2 -620 -338
510271 20 2.2 -628 -346
516852 20 2.2 -592 -222
523519 20 2.2 -600 318
530271 20 2.2 -684 362
537111 20 2.2 -680 364
544038 20 2.2 -608 308
551055 20 2.2 -580 276
558163 20 2.2 -652 350
565362 20 2.2 -536 280
572654 20 2.2 -668 352
580040 20 2.2 -628 330
587521 20 2.2 -604 294
595099 20 2.2 -616 332
602775 20 2.2 -580 320
610549 20 2.2 -668 -356
618424 20 2.2 -564 218
626400 20 2.2 -620 -328
634480 20 2.2 -728 376
642663 20 2.2 -676 364
650952 20 2.2 -628 324
659348 20 2.2 -504 270
667853 20 2.2 -644 -336
676467 20 2.2 -632 322
685192 20 2.2 -620 338
694029 20 2.2 -696 -360
702981 20 2.2 -552 288
712048 20 2.2 -576 -246
721232 20 2.2 -656 -356
730534 20 2.2 -660 -358
739957 20 2.2 -584 -302
749500 20 2.2 -704 366
759168 20 2.2 -624 314
768959 20 2.2 -560 -286
778877 20 2.2 -576 -312
788923 20 2.2 -596 -316
799099 20 2.2 -684 -366
809405 20 2.2 -580 -294
819845 20 2.2 -684 -368
830419 20 2.2 -664 -350
841130 20 2.2 -516 -270
851979 20 2.2 -616 312
862968 20 2.2 -620 -322
874098 20 2.2 -552 -306
885373 20 2.2 -632 -302
896792 20 2.2 -592 -312
908359 20 2.2 -688 -366
920075 20 2.2 -472 -228
931942 20 2.2 -592 -314
943962 20 2.2 -720 378
956137 20 2.2 -640 -328
968470 20 2.2 -680 354
980961 20 2.2 -644 -344
993613 20 2.2 -560 248
999999 20 2.2 -540 264
