3 20 2.3 -336 24
4 20 2.3 -380 24
5 20 2.3 -396 12
6 20 2.3 -380 20
7 20 2.3 -376 0
8 20 2.3 -432 20
9 20 2.3 -448 -8
10 20 2.3 -480 -26
11 20 2.3 -484 -30
12 20 2.3 -472 -18
13 20 2.3 -492 -62
14 20 2.3 -496 -4
15 20 2.3 -456 30
16 20 2.3 -452 44
17 20 2.3 -480 40
18 20 2.3 -464 52
19 20 2.3 -464 38
20 20 2.3 -452 22
21 20 2.3 -408 20
22 20 2.3 -428 26
23 20 2.3 -444 40
24 20 2.3 -436 68
25 20 2.3 -416 24
26 20 2.3 -444 54
27 20 2.3 -464 58
28 20 2.3 -432 20
29 20 2.3 -440 28
30 20 2.3 -456 16
31 20 2.3 -480 22
32 20 2.3 -468 22
33 20 2.3 -440 88
34 20 2.3 -448 68
35 20 2.3 -484 82
36 20 2.3 -432 78
37 20 2.3 -460 116
38 20 2.3 -460 114
39 20 2.3 -444 92
40 20 2.3 -484 68
41 20 2.3 -488 74
42 20 2.3 -484 92
43 20 2.3 -500 134
44 20 2.3 -432 134
45 20 2.3 -476 150
46 20 2.3 -484 148
47 20 2.3 -484 140
48 20 2.3 -476 156
49 20 2.3 -488 190
50 20 2.3 -484 196
51 20 2.3 -520 214
52 20 2.3 -540 234
53 20 2.3 -524 234
54 20 2.3 -536 262
55 20 2.3 -556 290
56 20 2.3 -572 288
57 20 2.3 -584 308
58 20 2.3 -556 296
59 20 2.3 -616 316
60 20 2.3 -592 292
61 20 2.3 -564 294
62 20 2.3 -544 280
63 20 2.3 -560 296
64 20 2.3 -496 272
65 20 2.3 -600 296
66 20 2.3 -588 298
67 20 2.3 -616 282
68 20 2.3 -600 306
69 20 2.3 -560 298
70 20 2.3 -624 306
71 20 2.3 -572 280
72 20 2.3 -536 284
73 20 2.3 -560 288
74 20 2.3 -596 302
75 20 2.3 -616 322
76 20 2.3 -660 344
77 20 2.3 -608 318
78 20 2.3 -600 312
79 20 2.3 -544 282
80 20 2.3 -560 298
81 20 2.3 -548 274
82 20 2.3 -596 316
83 20 2.3 -600 328
84 20 2.3 -616 310
85 20 2.3 -608 330
86 20 2.3 -640 352
88 20 2.3 -644 342
89 20 2.3 -704 364
90 20 2.3 -652 352
91 20 2.3 -672 360
92 20 2.3 -596 328
93 20 2.3 -672 358
95 20 2.3 -652 352
96 20 2.3 -616 342
97 20 2.3 -644 350
98 20 2.3 -636 346
99 20 2.3 -648 350
101 20 2.3 -620 332
102 20 2.3 -580 328
103 20 2.3 -564 306
105 20 2.3 -548 300
106 20 2.3 -548 298
107 20 2.3 -596 330
109 20 2.3 -620 338
110 20 2.3 -596 330
112 20 2.3 -556 324
113 20 2.3 -612 334
114 20 2.3 -628 332
116 20 2.3 -672 352
117 20 2.3 -628 330
119 20 2.3 -568 298
120 20 2.3 -588 304
122 20 2.3 -564 306
124 20 2.3 -600 334
125 20 2.3 -608 336
127 20 2.3 -600 324
128 20 2.3 -580 296
130 20 2.3 -508 250
132 20 2.3 -568 284
133 20 2.3 -632 292
135 20 2.3 -628 314
137 20 2.3 -608 302
139 20 2.3 -620 300
140 20 2.3 -584 276
142 20 2.3 -560 278
144 20 2.3 -520 246
146 20 2.3 -576 234
148 20 2.3 -608 234
150 20 2.3 -548 200
152 20 2.3 -556 198
154 20 2.3 -508 154
155 20 2.3 -460 150
157 20 2.3 -492 156
160 20 2.3 -484 140
162 20 2.3 -508 178
164 20 2.3 -504 196
166 20 2.3 -576 254
168 20 2.3 -576 234
170 20 2.3 -572 238
172 20 2.3 -596 254
174 20 2.3 -544 218
177 20 2.3 -500 240
179 20 2.3 -536 256
181 20 2.3 -576 252
184 20 2.3 -548 268
186 20 2.3 -524 248
188 20 2.3 -500 212
191 20 2.3 -500 196
193 20 2.3 -500 222
196 20 2.3 -504 208
198 20 2.3 -556 212
201 20 2.3 -624 240
203 20 2.3 -616 210
206 20 2.3 -588 260
209 20 2.3 -552 258
211 20 2.3 -544 262
214 20 2.3 -552 276
217 20 2.3 -576 306
220 20 2.3 -680 362
222 20 2.3 -624 334
225 20 2.3 -624 332
228 20 2.3 -652 348
231 20 2.3 -672 362
234 20 2.3 -632 334
237 20 2.3 -632 344
240 20 2.3 -656 344
243 20 2.3 -640 348
246 20 2.3 -564 320
250 20 2.3 -596 334
253 20 2.3 -616 334
256 20 2.3 -680 358
259 20 2.3 -660 354
263 20 2.3 -680 362
266 20 2.3 -668 348
269 20 2.3 -652 352
273 20 2.3 -640 334
276 20 2.3 -592 320
280 20 2.3 -604 302
284 20 2.3 -556 268
287 20 2.3 -556 262
291 20 2.3 -580 270
295 20 2.3 -552 276
298 20 2.3 -536 254
302 20 2.3 -524 212
306 20 2.3 -544 252
310 20 2.3 -540 232
314 20 2.3 -532 280
318 20 2.3 -600 298
322 20 2.3 -560 300
326 20 2.3 -476 224
331 20 2.3 -496 210
335 20 2.3 -504 270
339 20 2.3 -544 294
344 20 2.3 -512 278
348 20 2.3 -572 330
352 20 2.3 -548 288
357 20 2.3 -572 292
362 20 2.3 -620 330
366 20 2.3 -556 310
371 20 2.3 -584 310
376 20 2.3 -516 246
381 20 2.3 -544 274
385 20 2.3 -548 296
390 20 2.3 -576 278
395 20 2.3 -472 222
401 20 2.3 -520 268
406 20 2.3 -536 280
411 20 2.3 -564 296
416 20 2.3 -604 326
422 20 2.3 -560 236
427 20 2.3 -500 186
433 20 2.3 -516 158
438 20 2.3 -508 82
444 20 2.3 -480 66
449 20 2.3 -488 42
455 20 2.3 -544 40
461 20 2.3 -536 24
467 20 2.3 -484 82
473 20 2.3 -476 68
479 20 2.3 -388 88
485 20 2.3 -428 -44
492 20 2.3 -436 14
498 20 2.3 -480 -88
504 20 2.3 -452 -34
511 20 2.3 -520 -36
517 20 2.3 -500 -30
524 20 2.3 -468 -42
531 20 2.3 -496 46
538 20 2.3 -496 -62
545 20 2.3 -500 -114
552 20 2.3 -500 -154
559 20 2.3 -500 -80
566 20 2.3 -436 -76
573 20 2.3 -448 -36
581 20 2.3 -508 -110
588 20 2.3 -464 -28
596 20 2.3 -464 -42
603 20 2.3 -484 -2
611 20 2.3 -528 30
619 20 2.3 -520 114
627 20 2.3 -592 186
635 20 2.3 -592 238
643 20 2.3 -596 262
652 20 2.3 -552 164
660 20 2.3 -500 148
668 20 2.3 -460 184
677 20 2.3 -532 178
686 20 2.3 -532 190
695 20 2.3 -488 118
704 20 2.3 -452 58
713 20 2.3 -476 88
722 20 2.3 -444 66
731 20 2.3 -460 28
741 20 2.3 -496 6
750 20 2.3 -484 6
760 20 2.3 -568 -114
770 20 2.3 -556 -194
780 20 2.3 -492 -78
790 20 2.3 -432 -16
800 20 2.3 -500 -2
810 20 2.3 -548 -8
821 20 2.3 -464 24
831 20 2.3 -524 6
842 20 2.3 -500 -24
853 20 2.3 -388 -34
864 20 2.3 -496 58
875 20 2.3 -480 70
886 20 2.3 -452 202
897 20 2.3 -536 188
909 20 2.3 -532 206
921 20 2.3 -508 170
933 20 2.3 -528 218
945 20 2.3 -436 100
957 20 2.3 -432 -18
969 20 2.3 -388 -50
982 20 2.3 -480 16
994 20 2.3 -500 42
1007 20 2.3 -436 42
1020 20 2.3 -472 98
1033 20 2.3 -452 10
1047 20 2.3 -432 -120
1060 20 2.3 -484 -116
1074 20 2.3 -484 -170
1088 20 2.3 -496 -148
1102 20 2.3 -516 -168
1116 20 2.3 -536 -190
1130 20 2.3 -516 -230
1145 20 2.3 -548 -288
1160 20 2.3 -568 -318
1174 20 2.3 -620 -326
1190 20 2.3 -532 -234
1205 20 2.3 -676 -358
1220 20 2.3 -568 -296
1236 20 2.3 -616 -334
1252 20 2.3 -624 -340
1268 20 2.3 -624 -300
1285 20 2.3 -544 -222
1301 20 2.3 -560 -266
1318 20 2.3 -572 -308
1335 20 2.3 -448 -256
1352 20 2.3 -556 -320
1370 20 2.3 -592 -322
1387 20 2.3 -528 -254
1405 20 2.3 -572 -306
1423 20 2.3 -532 -284
1442 20 2.3 -640 -342
1460 20 2.3 -608 -310
1479 20 2.3 -600 -286
1498 20 2.3 -552 -264
1517 20 2.3 -484 -244
1537 20 2.3 -540 -230
1557 20 2.3 -524 -278
1577 20 2.3 -600 -306
1597 20 2.3 -644 -354
1618 20 2.3 -652 -284
1639 20 2.3 -624 -326
1660 20 2.3 -528 -228
1681 20 2.3 -592 -328
1703 20 2.3 -448 -124
1725 20 2.3 -608 -316
1747 20 2.3 -476 -182
1770 20 2.3 -540 -164
1792 20 2.3 -424 -140
1816 20 2.3 -472 -198
1839 20 2.3 -584 -304
1863 20 2.3 -588 -318
1887 20 2.3 -496 -262
1911 20 2.3 -540 -268
1936 20 2.3 -592 -324
1961 20 2.3 -624 -338
1986 20 2.3 -448 -132
2012 20 2.3 -492 -266
2037 20 2.3 -544 -134
2064 20 2.3 -468 -148
2090 20 2.3 -552 -276
2117 20 2.3 -592 -310
2145 20 2.3 -528 -206
2172 20 2.3 -484 -178
2200 20 2.3 -496 -222
2229 20 2.3 -552 -248
2257 20 2.3 -500 -186
2286 20 2.3 -460 16
2316 20 2.3 -576 206
2346 20 2.3 -508 86
2376 20 2.3 -508 158
2407 20 2.3 -544 238
2438 20 2.3 -516 282
2469 20 2.3 -568 314
2501 20 2.3 -692 368
2533 20 2.3 -628 338
2566 20 2.3 -616 328
2599 20 2.3 -604 328
2633 20 2.3 -580 286
2667 20 2.3 -516 216
2701 20 2.3 -588 326
2736 20 2.3 -568 248
2771 20 2.3 -612 336
2807 20 2.3 -560 260
2843 20 2.3 -420 98
2880 20 2.3 -516 236
2917 20 2.3 -472 236
2954 20 2.3 -584 310
2992 20 2.3 -544 288
3031 20 2.3 -524 302
3070 20 2.3 -612 326
3110 20 2.3 -548 220
3150 20 2.3 -540 146
3190 20 2.3 -464 154
3232 20 2.3 -572 310
3273 20 2.3 -552 268
3315 20 2.3 -552 256
3358 20 2.3 -660 352
3402 20 2.3 -560 292
3445 20 2.3 -504 252
3490 20 2.3 -620 334
3535 20 2.3 -580 320
3580 20 2.3 -664 344
3627 20 2.3 -460 172
3673 20 2.3 -560 302
3721 20 2.3 -636 324
3769 20 2.3 -472 -38
3817 20 2.3 -540 278
3867 20 2.3 -640 348
3916 20 2.3 -536 244
3967 20 2.3 -468 254
4018 20 2.3 -644 340
4070 20 2.3 -576 292
4122 20 2.3 -612 234
4176 20 2.3 -508 174
4229 20 2.3 -568 300
4284 20 2.3 -572 270
4339 20 2.3 -480 242
4395 20 2.3 -584 310
4452 20 2.3 -660 356
4509 20 2.3 -628 346
4567 20 2.3 -532 252
4626 20 2.3 -556 268
4686 20 2.3 -656 356
4746 20 2.3 -596 332
4808 20 2.3 -548 194
4870 20 2.3 -604 274
4932 20 2.3 -568 310
4996 20 2.3 -684 366
5060 20 2.3 -564 300
5126 20 2.3 -588 330
5192 20 2.3 -556 160
5259 20 2.3 -452 148
5327 20 2.3 -532 242
5395 20 2.3 -612 338
5465 20 2.3 -456 160
5535 20 2.3 -532 274
5607 20 2.3 -580 296
5679 20 2.3 -536 268
5752 20 2.3 -440 172
5826 20 2.3 -504 -32
5902 20 2.3 -480 60
5978 20 2.3 -492 162
6055 20 2.3 -520 280
6133 20 2.3 -648 350
6212 20 2.3 -504 262
6292 20 2.3 -528 226
6373 20 2.3 -624 308
6455 20 2.3 -548 292
6539 20 2.3 -548 290
6623 20 2.3 -592 318
6708 20 2.3 -508 268
6795 20 2.3 -520 230
6883 20 2.3 -664 356
6971 20 2.3 -608 298
7061 20 2.3 -544 294
7152 20 2.3 -488 66
7245 20 2.3 -564 270
7338 20 2.3 -452 28
7433 20 2.3 -512 78
7529 20 2.3 -620 338
7626 20 2.3 -512 254
7724 20 2.3 -484 186
7824 20 2.3 -612 336
7925 20 2.3 -468 260
8027 20 2.3 -540 292
8130 20 2.3 -568 304
8235 20 2.3 -524 134
8341 20 2.3 -500 228
8449 20 2.3 -536 264
8558 20 2.3 -560 292
8668 20 2.3 -616 326
8780 20 2.3 -496 -4
8893 20 2.3 -448 42
9008 20 2.3 -540 248
9124 20 2.3 -552 234
9242 20 2.3 -596 322
9361 20 2.3 -532 266
9482 20 2.3 -552 286
9604 20 2.3 -568 320
9728 20 2.3 -568 286
9853 20 2.3 -592 322
9980 20 2.3 -512 160
10109 20 2.3 -508 -242
10240 20 2.3 -628 -316
10372 20 2.3 -668 -354
10505 20 2.3 -656 -346
10641 20 2.3 -520 -98
10778 20 2.3 -504 192
10917 20 2.3 -452 -120
11058 20 2.3 -500 -234
11201 20 2.3 -672 -360
11345 20 2.3 -696 -358
11491 20 2.3 -572 -306
11640 20 2.3 -536 -184
11790 20 2.3 -612 -310
11942 20 2.3 -584 -314
12096 20 2.3 -540 -250
12252 20 2.3 -508 -194
12410 20 2.3 -504 -122
12570 20 2.3 -552 -216
12732 20 2.3 -568 -306
12896 20 2.3 -640 -350
13062 20 2.3 -600 -324
13231 20 2.3 -532 -274
13402 20 2.3 -508 -168
13574 20 2.3 -656 -350
13750 20 2.3 -724 -376
13927 20 2.3 -536 -276
14106 20 2.3 -608 -306
14288 20 2.3 -528 -290
14473 20 2.3 -440 -150
14659 20 2.3 -600 302
14848 20 2.3 -544 276
15040 20 2.3 -632 336
15234 20 2.3 -540 288
15430 20 2.3 -636 326
15629 20 2.3 -468 258
15831 20 2.3 -424 56
16035 20 2.3 -500 116
16242 20 2.3 -608 308
16451 20 2.3 -500 178
16664 20 2.3 -540 282
16879 20 2.3 -472 -118
17096 20 2.3 -592 -334
17317 20 2.3 -584 -286
17540 20 2.3 -564 -170
17766 20 2.3 -572 -324
17995 20 2.3 -536 -258
18228 20 2.3 -568 -230
18463 20 2.3 -500 112
18701 20 2.3 -708 -374
18942 20 2.3 -464 90
19186 20 2.3 -640 346
19434 20 2.3 -540 246
19684 20 2.3 -636 340
19938 20 2.3 -548 282
20195 20 2.3 -644 340
20456 20 2.3 -452 128
20720 20 2.3 -612 -298
20987 20 2.3 -660 -360
21258 20 2.3 -672 -360
21532 20 2.3 -456 -174
21810 20 2.3 -592 312
22091 20 2.3 -472 156
22376 20 2.3 -612 276
22664 20 2.3 -528 -234
22957 20 2.3 -516 -252
23253 20 2.3 -576 -274
23553 20 2.3 -536 -248
23856 20 2.3 -596 -312
24164 20 2.3 -504 232
24476 20 2.3 -548 310
24791 20 2.3 -596 -298
25111 20 2.3 -620 -332
25435 20 2.3 -592 -276
25763 20 2.3 -576 -312
26095 20 2.3 -560 -306
26432 20 2.3 -612 -328
26773 20 2.3 -456 -200
27118 20 2.3 -640 -314
27468 20 2.3 -544 -266
27822 20 2.3 -492 -244
28181 20 2.3 -560 -300
28545 20 2.3 -540 -262
28913 20 2.3 -588 -304
29286 20 2.3 -508 -286
29663 20 2.3 -584 -322
30046 20 2.3 -616 -320
30434 20 2.3 -532 -190
30826 20 2.3 -604 -310
31224 20 2.3 -560 -246
31626 20 2.3 -532 242
32034 20 2.3 -516 210
32447 20 2.3 -568 278
32866 20 2.3 -544 -300
33290 20 2.3 -588 -326
33719 20 2.3 -636 340
34154 20 2.3 -680 354
34595 20 2.3 -484 114
35041 20 2.3 -508 126
35493 20 2.3 -452 60
35951 20 2.3 -560 260
36414 20 2.3 -592 318
36884 20 2.3 -508 -126
37360 20 2.3 -544 -242
37841 20 2.3 -584 -316
38330 20 2.3 -580 -238
38824 20 2.3 -644 352
39325 20 2.3 -552 -174
39832 20 2.3 -596 -322
40346 20 2.3 -484 -118
40866 20 2.3 -588 -260
41393 20 2.3 -504 -252
41927 20 2.3 -572 262
42468 20 2.3 -524 240
43015 20 2.3 -604 308
43570 20 2.3 -608 312
44132 20 2.3 -616 330
44701 20 2.3 -576 314
45278 20 2.3 -644 340
45862 20 2.3 -620 340
46453 20 2.3 -536 206
47053 20 2.3 -484 184
47660 20 2.3 -568 278
48274 20 2.3 -524 208
48897 20 2.3 -492 -210
49528 20 2.3 -612 -314
50166 20 2.3 -484 -94
50813 20 2.3 -620 322
51469 20 2.3 -612 -314
52133 20 2.3 -600 -310
52805 20 2.3 -572 -308
53486 20 2.3 -556 186
54176 20 2.3 -544 -286
54875 20 2.3 -564 -300
55582 20 2.3 -536 -214
56299 20 2.3 -404 -154
57025 20 2.3 -504 -184
57761 20 2.3 -632 -332
58506 20 2.3 -552 -274
59261 20 2.3 -516 -202
60025 20 2.3 -552 -302
60799 20 2.3 -540 -150
61583 20 2.3 -576 -292
62378 20 2.3 -552 -276
63182 20 2.3 -520 -272
63997 20 2.3 -548 -208
64822 20 2.3 -580 -302
65658 20 2.3 -544 -246
66505 20 2.3 -556 -298
67363 20 2.3 -568 256
68232 20 2.3 -492 66
69112 20 2.3 -664 358
70003 20 2.3 -556 -298
70906 20 2.3 -540 -286
71821 20 2.3 -588 -316
72747 20 2.3 -424 -158
73685 20 2.3 -596 -326
74636 20 2.3 -644 340
75599 20 2.3 -604 338
76574 20 2.3 -476 138
77561 20 2.3 -592 306
78562 20 2.3 -492 134
79575 20 2.3 -368 -86
80601 20 2.3 -556 300
81641 20 2.3 -504 -112
82694 20 2.3 -580 214
83760 20 2.3 -536 -288
84841 20 2.3 -500 232
85935 20 2.3 -528 296
87043 20 2.3 -468 222
88166 20 2.3 -436 68
89303 20 2.3 -520 -256
90455 20 2.3 -616 300
91622 20 2.3 -616 338
92803 20 2.3 -576 -284
94000 20 2.3 -508 172
95213 20 2.3 -576 308
96441 20 2.3 -580 212
97685 20 2.3 -580 -300
98945 20 2.3 -524 -270
100221 20 2.3 -552 -266
101513 20 2.3 -552 -278
102823 20 2.3 -548 -290
104149 20 2.3 -488 -220
105492 20 2.3 -640 -338
106853 20 2.3 -616 328
108231 20 2.3 -552 -312
109627 20 2.3 -456 -6
111041 20 2.3 -552 316
112473 20 2.3 -600 300
113924 20 2.3 -492 254
115393 20 2.3 -588 -310
116882 20 2.3 -632 -326
118389 20 2.3 -440 86
119916 20 2.3 -580 308
121463 20 2.3 -532 252
123029 20 2.3 -652 -340
124616 20 2.3 -564 -258
126224 20 2.3 -580 320
127852 20 2.3 -596 -294
129501 20 2.3 -528 280
131171 20 2.3 -464 -58
132863 20 2.3 -492 172
134576 20 2.3 -616 312
136312 20 2.3 -632 340
138070 20 2.3 -520 -226
139851 20 2.3 -572 316
141655 20 2.3 -536 272
143482 20 2.3 -552 -288
145333 20 2.3 -516 -230
147207 20 2.3 -512 60
149106 20 2.3 -516 248
151029 20 2.3 -616 320
152977 20 2.3 -456 194
154950 20 2.3 -500 230
156948 20 2.3 -564 -288
158973 20 2.3 -564 -264
161023 20 2.3 -456 242
163100 20 2.3 -688 364
165204 20 2.3 -460 -100
167334 20 2.3 -504 -170
169493 20 2.3 -472 -158
171679 20 2.3 -612 -298
173893 20 2.3 -476 150
176136 20 2.3 -572 296
178408 20 2.3 -532 228
180709 20 2.3 -604 -334
183040 20 2.3 -584 -220
185400 20 2.3 -584 -312
187792 20 2.3 -540 272
190214 20 2.3 -516 -238
192667 20 2.3 -564 -296
195152 20 2.3 -572 -308
197669 20 2.3 -616 306
200219 20 2.3 -592 318
202801 20 2.3 -620 328
205417 20 2.3 -592 324
208066 20 2.3 -436 174
210750 20 2.3 -592 270
213468 20 2.3 -520 200
216222 20 2.3 -496 234
219010 20 2.3 -432 -190
221835 20 2.3 -644 -348
224696 20 2.3 -644 346
227595 20 2.3 -556 186
230530 20 2.3 -456 -50
233503 20 2.3 -508 -174
236515 20 2.3 -552 196
239566 20 2.3 -600 316
242656 20 2.3 -528 276
245785 20 2.3 -508 -4
248956 20 2.3 -648 -352
252167 20 2.3 -488 -178
255419 20 2.3 -560 -288
258713 20 2.3 -464 -210
262050 20 2.3 -572 302
265430 20 2.3 -564 314
268854 20 2.3 -588 -336
272321 20 2.3 -460 -188
275834 20 2.3 -488 18
279391 20 2.3 -592 -312
282995 20 2.3 -568 308
286645 20 2.3 -528 66
290342 20 2.3 -472 240
294087 20 2.3 -596 -320
297880 20 2.3 -552 202
301722 20 2.3 -560 -126
305614 20 2.3 -516 240
309556 20 2.3 -576 -308
313548 20 2.3 -656 -344
317592 20 2.3 -632 -330
321689 20 2.3 -552 212
325838 20 2.3 -588 -288
330040 20 2.3 -472 -226
334297 20 2.3 -620 -336
338609 20 2.3 -612 344
342976 20 2.3 -500 218
347400 20 2.3 -564 302
351881 20 2.3 -512 162
356419 20 2.3 -528 -236
361016 20 2.3 -652 -326
365673 20 2.3 -476 -2
370389 20 2.3 -588 298
375167 20 2.3 -592 330
380005 20 2.3 -536 286
384907 20 2.3 -564 308
389871 20 2.3 -500 -114
394900 20 2.3 -568 -284
399993 20 2.3 -596 -320
405152 20 2.3 -640 350
410378 20 2.3 -580 320
415671 20 2.3 -484 -108
421032 20 2.3 -532 -262
426463 20 2.3 -632 342
431963 20 2.3 -528 -232
437535 20 2.3 -580 316
443178 20 2.3 -592 -310
448894 20 2.3 -556 300
454684 20 2.3 -504 -232
460548 20 2.3 -512 152
466489 20 2.3 -596 324
472505 20 2.3 -488 138
478600 20 2.3 -488 -116
484773 20 2.3 -436 -134
491025 20 2.3 -560 288
497358 20 2.3 -480 226
503773 20 2.3 -616 320
510271 20 2.3 -540 -242
516852 20 2.3 -636 -320
523519 20 2.3 -608 -270
530271 20 2.3 -624 -302
537111 20 2.3 -576 222
544038 20 2.3 -500 152
551055 20 2.3 -568 -294
558163 20 2.3 -416 -56
565362 20 2.3 -516 -268
572654 20 2.3 -484 106
580040 20 2.3 -644 352
587521 20 2.3 -520 -232
595099 20 2.3 -572 320
602775 20 2.3 -528 236
610549 20 2.3 -628 334
618424 20 2.3 -524 232
626400 20 2.3 -588 -328
634480 20 2.3 -648 -342
642663 20 2.3 -652 352
650952 20 2.3 -504 12
659348 20 2.3 -580 290
667853 20 2.3 -580 -304
676467 20 2.3 -564 -230
685192 20 2.3 -540 -244
694029 20 2.3 -416 -168
702981 20 2.3 -492 -36
712048 20 2.3 -604 322
721232 20 2.3 -520 264
730534 20 2.3 -508 -284
739957 20 2.3 -568 292
749500 20 2.3 -608 -322
759168 20 2.3 -564 196
768959 20 2.3 -596 312
778877 20 2.3 -668 360
788923 20 2.3 -576 298
799099 20 2.3 -596 334
809405 20 2.3 -504 -100
819845 20 2.3 -640 -316
830419 20 2.3 -576 302
841130 20 2.3 -604 308
851979 20 2.3 -544 -180
862968 20 2.3 -480 -182
874098 20 2.3 -480 120
885373 20 2.3 -572 -300
896792 20 2.3 -588 -238
908359 20 2.3 -620 -336
920075 20 2.3 -524 -254
931942 20 2.3 -496 -250
943962 20 2.3 -572 -320
956137 20 2.3 -576 -154
968470 20 2.3 -688 354
980961 20 2.3 -512 90
993613 20 2.3 -616 326
999999 20 2.3 -580 -300
