3 60 2 -3820 -80
4 60 2 -3888 -138
5 60 2 -4164 -48
6 60 2 -4248 -152
7 60 2 -4428 -240
8 60 2 -4552 -194
9 60 2 -4612 -120
10 60 2 -4720 -126
11 60 2 -4836 -206
12 60 2 -4860 -178
13 60 2 -4916 -250
14 60 2 -4932 -238
15 60 2 -4924 -226
16 60 2 -4924 -188
17 60 2 -5064 -120
18 60 2 -5068 -170
19 60 2 -5056 -184
20 60 2 -5124 -104
21 60 2 -5268 -40
22 60 2 -5224 -34
23 60 2 -5248 68
24 60 2 -5312 104
25 60 2 -5284 104
26 60 2 -5296 144
27 60 2 -5264 132
28 60 2 -5192 218
29 60 2 -5204 266
30 60 2 -5288 286
31 60 2 -5352 268
32 60 2 -5344 296
33 60 2 -5432 258
34 60 2 -5452 218
35 60 2 -5448 184
36 60 2 -5308 214
37 60 2 -5364 192
38 60 2 -5344 158
39 60 2 -5356 144
40 60 2 -5376 220
41 60 2 -5328 254
42 60 2 -5312 266
43 60 2 -5308 260
44 60 2 -5320 258
45 60 2 -5520 266
46 60 2 -5608 250
47 60 2 -5604 332
48 60 2 -5544 398
49 60 2 -5504 472
50 60 2 -5452 526
51 60 2 -5392 540
52 60 2 -5488 516
53 60 2 -5448 454
54 60 2 -5428 468
55 60 2 -5432 476
56 60 2 -5476 508
57 60 2 -5484 486
58 60 2 -5384 490
59 60 2 -5480 500
60 60 2 -5584 504
61 60 2 -5636 564
62 60 2 -5708 520
63 60 2 -5588 554
64 60 2 -5584 548
65 60 2 -5616 580
66 60 2 -5428 534
67 60 2 -5500 518
68 60 2 -5484 464
69 60 2 -5612 480
70 60 2 -5744 458
71 60 2 -5604 420
72 60 2 -5584 388
73 60 2 -5556 460
74 60 2 -5588 474
75 60 2 -5668 522
76 60 2 -5584 538
77 60 2 -5764 542
78 60 2 -5672 480
79 60 2 -5556 456
80 60 2 -5676 586
81 60 2 -5660 596
82 60 2 -5580 586
83 60 2 -5736 624
84 60 2 -5848 686
85 60 2 -5912 744
86 60 2 -5800 768
88 60 2 -5720 738
89 60 2 -5772 682
90 60 2 -5692 736
91 60 2 -5732 796
92 60 2 -5680 838
93 60 2 -5696 864
95 60 2 -5768 904
96 60 2 -5664 926
97 60 2 -5708 960
98 60 2 -5836 984
99 60 2 -5976 992
101 60 2 -5936 988
102 60 2 -5776 1032
103 60 2 -5824 1084
105 60 2 -5936 1062
106 60 2 -5944 1048
107 60 2 -5924 1038
109 60 2 -5828 982
110 60 2 -5884 998
112 60 2 -5740 974
113 60 2 -5788 942
114 60 2 -5732 1014
116 60 2 -5604 1072
117 60 2 -5724 1138
119 60 2 -5724 1102
120 60 2 -5724 1122
122 60 2 -5700 1118
124 60 2 -5652 1148
125 60 2 -5812 1160
127 60 2 -5780 1256
128 60 2 -5844 1238
130 60 2 -5872 1276
132 60 2 -5904 1286
133 60 2 -5792 1300
135 60 2 -5956 1302
137 60 2 -5984 1290
139 60 2 -5904 1296
140 60 2 -5868 1312
142 60 2 -6012 1472
144 60 2 -6032 1548
146 60 2 -5948 1616
148 60 2 -5896 1632
150 60 2 -5852 1596
152 60 2 -5836 1642
154 60 2 -5760 1554
155 60 2 -5732 1554
157 60 2 -5776 1528
160 60 2 -5988 1574
162 60 2 -5892 1460
164 60 2 -5800 1366
166 60 2 -5760 1422
168 60 2 -5740 1332
170 60 2 -5820 1426
172 60 2 -5848 1404
174 60 2 -5856 1376
177 60 2 -6048 1422
179 60 2 -5952 1414
181 60 2 -5960 1492
184 60 2 -5904 1374
186 60 2 -5760 1430
188 60 2 -5984 1548
191 60 2 -5808 1618
193 60 2 -5880 1566
196 60 2 -6016 1594
198 60 2 -5924 1620
201 60 2 -6040 1592
203 60 2 -5836 1584
206 60 2 -6016 1704
209 60 2 -5848 1688
211 60 2 -5868 1642
214 60 2 -5932 1608
217 60 2 -5800 1520
220 60 2 -5908 1522
222 60 2 -5988 1514
225 60 2 -6012 1568
228 60 2 -5824 1552
231 60 2 -5916 1600
234 60 2 -5972 1618
237 60 2 -5860 1710
240 60 2 -5820 1692
243 60 2 -5884 1722
246 60 2 -6040 1716
250 60 2 -5996 1754
253 60 2 -5888 1790
256 60 2 -5780 1792
259 60 2 -5896 1766
263 60 2 -5932 1746
266 60 2 -5896 1750
269 60 2 -5856 1730
273 60 2 -5908 1744
276 60 2 -5844 1748
280 60 2 -5984 1844
284 60 2 -6064 1956
287 60 2 -6200 1998
291 60 2 -5908 1904
295 60 2 -6008 1982
298 60 2 -6012 1940
302 60 2 -5984 1936
306 60 2 -6004 2014
310 60 2 -5988 2070
314 60 2 -6072 2216
318 60 2 -5956 2240
322 60 2 -5828 2150
326 60 2 -6028 2184
331 60 2 -5884 2096
335 60 2 -5980 2128
339 60 2 -5932 2080
344 60 2 -5964 1996
348 60 2 -5976 2004
352 60 2 -5912 1964
357 60 2 -5984 1986
362 60 2 -5952 1966
366 60 2 -5856 1968
371 60 2 -5832 2058
376 60 2 -5880 1974
381 60 2 -5816 1990
385 60 2 -5940 1966
390 60 2 -5900 1952
395 60 2 -5712 1922
401 60 2 -5908 1946
406 60 2 -5980 1944
411 60 2 -5968 1908
416 60 2 -5636 1794
422 60 2 -5928 1880
427 60 2 -6148 1826
433 60 2 -5980 1782
438 60 2 -5916 1832
444 60 2 -5904 1972
449 60 2 -5992 2040
455 60 2 -6140 2058
461 60 2 -5944 2044
467 60 2 -5868 1972
473 60 2 -5912 2150
479 60 2 -5856 2080
485 60 2 -6020 2232
492 60 2 -5984 2256
498 60 2 -5840 2192
504 60 2 -5928 2246
511 60 2 -5984 2366
517 60 2 -5988 2342
524 60 2 -6096 2330
531 60 2 -6004 2444
538 60 2 -5940 2492
545 60 2 -6040 2500
552 60 2 -5904 2536
559 60 2 -5996 2518
566 60 2 -5940 2446
573 60 2 -6112 2586
581 60 2 -5820 2556
588 60 2 -5948 2702
596 60 2 -6180 2860
603 60 2 -6068 2934
611 60 2 -6092 3006
619 60 2 -6008 2972
627 60 2 -6184 3068
635 60 2 -6148 3034
643 60 2 -6108 3102
652 60 2 -6360 3042
660 60 2 -6132 2864
668 60 2 -6200 2928
677 60 2 -6136 2922
686 60 2 -6132 2950
695 60 2 -6116 2960
704 60 2 -6140 3042
713 60 2 -6100 3046
722 60 2 -6076 3102
731 60 2 -6348 3304
741 60 2 -6232 3292
750 60 2 -6140 3210
760 60 2 -6316 3292
770 60 2 -6280 3320
780 60 2 -6232 3264
790 60 2 -6312 3316
800 60 2 -6360 3334
810 60 2 -6500 3362
821 60 2 -6444 3358
831 60 2 -6408 3346
842 60 2 -6328 3276
853 60 2 -6388 3346
864 60 2 -6356 3334
875 60 2 -6412 3332
886 60 2 -6420 3328
897 60 2 -6252 3284
909 60 2 -6340 3300
921 60 2 -6328 3298
933 60 2 -6324 3326
945 60 2 -6308 3328
957 60 2 -6360 3336
969 60 2 -6384 3292
982 60 2 -6348 3272
994 60 2 -6164 3230
1007 60 2 -6284 3318
1020 60 2 -6208 3292
1033 60 2 -6328 3312
1047 60 2 -6548 3388
1060 60 2 -6364 3318
1074 60 2 -6184 3210
1088 60 2 -6356 3294
1102 60 2 -6244 3256
1116 60 2 -6228 3242
1130 60 2 -6260 3274
1145 60 2 -6408 3344
1160 60 2 -6304 3288
1174 60 2 -6248 3228
1190 60 2 -6116 3176
1205 60 2 -6340 3338
1220 60 2 -6272 3310
1236 60 2 -6320 3310
1252 60 2 -6252 3286
1268 60 2 -6268 3278
1285 60 2 -6164 3240
1301 60 2 -6464 3374
1318 60 2 -6152 3216
1335 60 2 -6360 3334
1352 60 2 -6304 3310
1370 60 2 -6172 3234
1387 60 2 -6248 3304
1405 60 2 -6412 3344
1423 60 2 -6288 3254
1442 60 2 -6240 3280
1460 60 2 -6248 3278
1479 60 2 -6224 3250
1498 60 2 -6300 3286
1517 60 2 -6232 3252
1537 60 2 -6304 3254
1557 60 2 -6204 3258
1577 60 2 -6036 3188
1597 60 2 -6308 3298
1618 60 2 -6392 3340
1639 60 2 -6396 3336
1660 60 2 -6280 3288
1681 60 2 -6232 3238
1703 60 2 -6400 3344
1725 60 2 -6276 3294
1747 60 2 -6392 3324
1770 60 2 -6256 3272
1792 60 2 -6312 3250
1816 60 2 -6344 3322
1839 60 2 -6288 3274
1863 60 2 -6276 3264
1887 60 2 -6400 3294
1911 60 2 -6220 3226
1936 60 2 -6280 3310
1961 60 2 -6124 3226
1986 60 2 -6168 3188
2012 60 2 -6360 3312
2037 60 2 -6068 3182
2064 60 2 -6260 3246
2090 60 2 -6224 3278
2117 60 2 -6372 3298
2145 60 2 -6272 3298
2172 60 2 -6324 3318
2200 60 2 -6408 3334
2229 60 2 -6064 3142
2257 60 2 -6312 3232
2286 60 2 -6292 3294
2316 60 2 -6304 3278
2346 60 2 -6272 3252
2376 60 2 -6336 3302
2407 60 2 -6328 3318
2438 60 2 -6084 3174
2469 60 2 -6436 3326
2501 60 2 -6376 3332
2533 60 2 -6212 3248
2566 60 2 -6224 3186
2599 60 2 -6304 3280
2633 60 2 -6136 3208
2667 60 2 -6316 3270
2701 60 2 -6408 3350
2736 60 2 -6344 3338
2771 60 2 -6296 3278
2807 60 2 -6128 3176
2843 60 2 -6248 3282
2880 60 2 -6188 3258
2917 60 2 -6216 3276
2954 60 2 -6404 3350
2992 60 2 -6316 3302
3031 60 2 -6384 3294
3070 60 2 -6336 3304
3110 60 2 -6212 3270
3150 60 2 -6404 3336
3190 60 2 -6204 3248
3232 60 2 -6404 3354
3273 60 2 -6180 3254
3315 60 2 -6272 3262
3358 60 2 -6360 3294
3402 60 2 -6312 3274
3445 60 2 -6236 3266
3490 60 2 -6188 3216
3535 60 2 -6244 3314
3580 60 2 -6008 3182
3627 60 2 -6148 3238
3673 60 2 -6192 3248
3721 60 2 -6276 3294
3769 60 2 -6404 3354
3817 60 2 -6368 3326
3867 60 2 -6308 3302
3916 60 2 -6308 3292
3967 60 2 -6248 3292
4018 60 2 -6236 3266
4070 60 2 -6260 3310
4122 60 2 -6320 3328
4176 60 2 -6256 3294
4229 60 2 -6412 3324
4284 60 2 -6380 3342
4339 60 2 -6244 3276
4395 60 2 -6216 3222
4452 60 2 -6440 3354
4509 60 2 -6420 3322
4567 60 2 -6308 3344
4626 60 2 -6112 3222
4686 60 2 -6380 3346
4746 60 2 -6320 3306
4808 60 2 -6308 3310
4870 60 2 -6016 3170
4932 60 2 -6368 3332
4996 60 2 -6112 3236
5060 60 2 -6456 3372
5126 60 2 -6228 3212
5192 60 2 -6344 3282
5259 60 2 -6108 3210
5327 60 2 -6400 3332
5395 60 2 -6280 3258
5465 60 2 -6284 3308
5535 60 2 -6120 3230
5607 60 2 -6176 3194
5679 60 2 -6304 3302
5752 60 2 -6192 3258
5826 60 2 -6208 3232
5902 60 2 -6276 3294
5978 60 2 -6300 3306
6055 60 2 -6324 3308
6133 60 2 -6320 3282
6212 60 2 -6240 3276
6292 60 2 -6316 3298
6373 60 2 -6460 3378
6455 60 2 -6480 3334
6539 60 2 -6408 3344
6623 60 2 -6440 3354
6708 60 2 -6316 3292
6795 60 2 -6320 3278
6883 60 2 -6348 3324
6971 60 2 -6280 3258
7061 60 2 -6376 3324
7152 60 2 -6300 3302
7245 60 2 -6328 3320
7338 60 2 -6324 3310
7433 60 2 -6100 3234
7529 60 2 -6228 3252
7626 60 2 -6276 3282
7724 60 2 -6204 3190
7824 60 2 -6428 3356
7925 60 2 -6528 3392
8027 60 2 -6100 3218
8130 60 2 -6428 3344
8235 60 2 -6272 3288
8341 60 2 -6200 3256
8449 60 2 -6272 3284
8558 60 2 -6284 3298
8668 60 2 -6256 3234
8780 60 2 -6252 3244
8893 60 2 -6272 3290
9008 60 2 -6356 3304
9124 60 2 -6408 3354
9242 60 2 -6176 3250
9361 60 2 -6392 3318
9482 60 2 -6232 3268
9604 60 2 -6360 3342
9728 60 2 -6236 3234
9853 60 2 -6084 3178
9980 60 2 -6356 3312
10109 60 2 -6276 3286
10240 60 2 -6324 3302
10372 60 2 -6160 3216
10505 60 2 -6268 3282
10641 60 2 -6280 3290
10778 60 2 -6176 3208
10917 60 2 -6300 3298
11058 60 2 -6300 3212
11201 60 2 -6232 3226
11345 60 2 -6264 3268
11491 60 2 -6464 3346
11640 60 2 -6328 3316
11790 60 2 -6292 3260
11942 60 2 -6364 3314
12096 60 2 -6224 3296
12252 60 2 -6272 3288
12410 60 2 -6172 3210
12570 60 2 -6456 3352
12732 60 2 -6188 3246
12896 60 2 -6244 3240
13062 60 2 -6368 3332
13231 60 2 -6332 3320
13402 60 2 -6248 3256
13574 60 2 -6076 3218
13750 60 2 -6260 3256
13927 60 2 -6184 3256
14106 60 2 -6376 3330
14288 60 2 -6064 3190
14473 60 2 -6224 3232
14659 60 2 -6364 3320
14848 60 2 -6312 3314
15040 60 2 -6360 3336
15234 60 2 -6116 3192
15430 60 2 -6400 3342
15629 60 2 -6212 3272
15831 60 2 -6380 3338
16035 60 2 -6280 3250
16242 60 2 -6116 3066
16451 60 2 -6444 3358
16664 60 2 -6184 3244
16879 60 2 -6340 3326
17096 60 2 -6152 3156
17317 60 2 -6400 3324
17540 60 2 -6460 3340
17766 60 2 -6200 3216
17995 60 2 -6300 3320
18228 60 2 -6216 3250
18463 60 2 -6352 3338
18701 60 2 -6516 3364
18942 60 2 -6580 3420
19186 60 2 -6464 3378
19434 60 2 -6352 3266
19684 60 2 -6256 3256
19938 60 2 -6176 3222
20195 60 2 -6308 3292
20456 60 2 -6244 3286
20720 60 2 -6284 3284
20987 60 2 -6512 3406
21258 60 2 -6028 3146
21532 60 2 -6344 3306
21810 60 2 -6436 3356
22091 60 2 -6140 3230
22376 60 2 -6296 3256
22664 60 2 -6236 3270
22957 60 2 -6108 3178
23253 60 2 -6340 3314
23553 60 2 -6188 3196
23856 60 2 -6224 3222
24164 60 2 -6428 3368
24476 60 2 -6176 3232
24791 60 2 -6264 3216
25111 60 2 -6216 3252
25435 60 2 -6220 3270
25763 60 2 -6320 3284
26095 60 2 -6452 3354
26432 60 2 -6300 3282
26773 60 2 -6424 3360
27118 60 2 -6276 3282
27468 60 2 -6252 3276
27822 60 2 -6236 3272
28181 60 2 -5968 3148
28545 60 2 -6340 3324
28913 60 2 -6052 3134
29286 60 2 -6140 3218
29663 60 2 -6400 3346
30046 60 2 -6264 3260
30434 60 2 -6284 3278
30826 60 2 -6016 3154
31224 60 2 -6388 3308
31626 60 2 -5984 3096
32034 60 2 -6220 3250
32447 60 2 -6264 3240
32866 60 2 -6308 3290
33290 60 2 -6344 3300
33719 60 2 -6204 3248
34154 60 2 -6232 3262
34595 60 2 -6144 3172
35041 60 2 -6364 3328
35493 60 2 -6240 3260
35951 60 2 -6104 3200
36414 60 2 -6200 3266
36884 60 2 -6312 3278
37360 60 2 -6440 3368
37841 60 2 -6196 3258
38330 60 2 -6076 3172
38824 60 2 -6256 3284
39325 60 2 -6288 3302
39832 60 2 -6156 3256
40346 60 2 -6404 3356
40866 60 2 -6016 3100
41393 60 2 -6180 3250
41927 60 2 -6116 3204
42468 60 2 -6136 3230
43015 60 2 -6236 3262
43570 60 2 -6340 3284
44132 60 2 -6388 3350
44701 60 2 -6212 3272
45278 60 2 -6280 3208
45862 60 2 -6452 3354
46453 60 2 -6224 3288
47053 60 2 -6300 3316
47660 60 2 -6084 3218
48274 60 2 -6276 3308
48897 60 2 -5980 3092
49528 60 2 -6268 3270
50166 60 2 -6408 3308
50813 60 2 -6212 3240
51469 60 2 -6436 3348
52133 60 2 -6236 3244
52805 60 2 -6452 3360
53486 60 2 -6312 3294
54176 60 2 -6296 3270
54875 60 2 -6188 3276
55582 60 2 -6176 3218
56299 60 2 -6328 3330
57025 60 2 -6300 3306
57761 60 2 -6360 3330
58506 60 2 -6432 3354
59261 60 2 -6328 3290
60025 60 2 -6288 3320
60799 60 2 -6544 3406
61583 60 2 -6368 3326
62378 60 2 -6388 3288
63182 60 2 -6364 3336
63997 60 2 -6196 3242
64822 60 2 -6148 3202
65658 60 2 -6128 3184
66505 60 2 -6324 3294
67363 60 2 -6304 3252
68232 60 2 -6308 3300
69112 60 2 -6184 3276
70003 60 2 -6196 3288
70906 60 2 -6384 3322
71821 60 2 -6336 3292
72747 60 2 -6196 3268
73685 60 2 -6384 3350
74636 60 2 -6480 3328
75599 60 2 -6260 3314
76574 60 2 -6308 3318
77561 60 2 -6320 3316
78562 60 2 -6344 3320
79575 60 2 -6156 3224
80601 60 2 -6244 3258
81641 60 2 -6384 3294
82694 60 2 -6268 3276
83760 60 2 -6220 3268
84841 60 2 -6296 3302
85935 60 2 -6388 3348
87043 60 2 -6320 3312
88166 60 2 -6292 3262
89303 60 2 -6096 3220
90455 60 2 -6308 3316
91622 60 2 -6168 3218
92803 60 2 -6360 3286
94000 60 2 -6360 3292
95213 60 2 -6320 3326
96441 60 2 -6152 3252
97685 60 2 -6452 3358
98945 60 2 -6268 3282
100221 60 2 -6336 3278
101513 60 2 -6376 3328
102823 60 2 -6236 3296
104149 60 2 -6356 3308
105492 60 2 -6168 3254
106853 60 2 -6292 3264
108231 60 2 -6204 3260
109627 60 2 -6144 3128
111041 60 2 -6124 3240
112473 60 2 -6460 3350
113924 60 2 -6408 3354
115393 60 2 -6296 3246
116882 60 2 -6248 3258
118389 60 2 -6480 3370
119916 60 2 -6108 3238
121463 60 2 -6328 3294
123029 60 2 -6180 3208
124616 60 2 -6292 3318
126224 60 2 -6192 3268
127852 60 2 -6384 3340
129501 60 2 -6308 3262
131171 60 2 -6300 3306
132863 60 2 -6436 3334
134576 60 2 -6452 3368
136312 60 2 -6256 3238
138070 60 2 -6284 3316
139851 60 2 -6288 3302
141655 60 2 -6272 3290
143482 60 2 -6340 3270
145333 60 2 -6268 3284
147207 60 2 -6328 3262
149106 60 2 -6456 3316
151029 60 2 -6168 3242
152977 60 2 -6472 3384
154950 60 2 -6288 3274
156948 60 2 -6296 3300
158973 60 2 -6232 3250
161023 60 2 -6136 3194
163100 60 2 -6388 3342
165204 60 2 -6240 3258
167334 60 2 -6320 3284
169493 60 2 -6448 3364
171679 60 2 -6288 3286
173893 60 2 -6200 3274
176136 60 2 -6328 3296
178408 60 2 -6332 3292
180709 60 2 -6244 3284
183040 60 2 -6264 3298
185400 60 2 -6292 3318
187792 60 2 -6304 3258
190214 60 2 -6328 3334
192667 60 2 -6500 3372
195152 60 2 -6328 3298
197669 60 2 -6184 3260
200219 60 2 -6344 3302
202801 60 2 -6256 3296
205417 60 2 -6292 3320
208066 60 2 -6260 3258
210750 60 2 -6348 3322
213468 60 2 -6268 3264
216222 60 2 -6348 3338
219010 60 2 -6304 3292
221835 60 2 -6280 3274
224696 60 2 -6144 3240
227595 60 2 -6464 3368
230530 60 2 -6404 3348
233503 60 2 -6440 3334
236515 60 2 -6304 3306
239566 60 2 -6348 3334
242656 60 2 -6176 3250
245785 60 2 -6072 3074
248956 60 2 -6228 3228
252167 60 2 -6112 3242
255419 60 2 -6204 3246
258713 60 2 -6244 3204
262050 60 2 -6216 3236
265430 60 2 -6404 3308
268854 60 2 -6232 3278
272321 60 2 -6160 3212
275834 60 2 -6308 3318
279391 60 2 -6256 3250
282995 60 2 -6312 3322
286645 60 2 -6436 3286
290342 60 2 -6256 3266
294087 60 2 -6200 3286
297880 60 2 -6096 3236
301722 60 2 -6232 3288
305614 60 2 -6284 3248
309556 60 2 -6212 3218
313548 60 2 -6368 3322
317592 60 2 -6260 3264
321689 60 2 -6204 3200
325838 60 2 -6220 3240
330040 60 2 -6204 3254
334297 60 2 -6244 3282
338609 60 2 -6308 3278
342976 60 2 -6456 3350
347400 60 2 -6320 3314
351881 60 2 -6332 3304
356419 60 2 -6204 3268
361016 60 2 -6276 3298
365673 60 2 -6160 3108
370389 60 2 -6156 3230
375167 60 2 -6084 3178
380005 60 2 -6188 3230
384907 60 2 -6236 3248
389871 60 2 -6424 3348
394900 60 2 -6144 3248
399993 60 2 -6276 3288
405152 60 2 -6360 3302
410378 60 2 -6068 3220
415671 60 2 -6224 3244
421032 60 2 -6108 3222
426463 60 2 -6368 3278
431963 60 2 -6436 3356
437535 60 2 -6528 3390
443178 60 2 -6396 3334
448894 60 2 -6136 3152
454684 60 2 -6304 3288
460548 60 2 -6344 3312
466489 60 2 -6448 3336
472505 60 2 -6148 3164
478600 60 2 -6480 3360
484773 60 2 -6304 3280
491025 60 2 -6296 3306
497358 60 2 -6396 3318
503773 60 2 -6248 3238
510271 60 2 -6300 3306
516852 60 2 -6292 3310
523519 60 2 -6272 3300
530271 60 2 -6348 3296
537111 60 2 -6208 3250
544038 60 2 -6348 3328
551055 60 2 -6220 3276
558163 60 2 -6336 3290
565362 60 2 -6304 3300
572654 60 2 -6392 3312
580040 60 2 -6416 3350
587521 60 2 -6396 3298
595099 60 2 -6308 3306
602775 60 2 -6204 3242
610549 60 2 -6304 3300
618424 60 2 -6416 3306
626400 60 2 -6324 3314
634480 60 2 -6276 3232
642663 60 2 -6356 3282
650952 60 2 -6224 3260
659348 60 2 -6280 3210
667853 60 2 -6332 3278
676467 60 2 -6372 3340
685192 60 2 -6196 3080
694029 60 2 -6212 3284
702981 60 2 -6420 3366
712048 60 2 -6420 3320
721232 60 2 -6400 3342
730534 60 2 -6412 3318
739957 60 2 -6320 3310
749500 60 2 -6140 3092
759168 60 2 -6280 3278
768959 60 2 -6228 3292
778877 60 2 -6468 3358
788923 60 2 -6332 3320
799099 60 2 -6168 3248
809405 60 2 -6264 3228
819845 60 2 -6404 3348
830419 60 2 -6272 3288
841130 60 2 -6176 3226
851979 60 2 -6340 3316
862968 60 2 -6360 3320
874098 60 2 -6208 3260
885373 60 2 -6360 3310
896792 60 2 -6460 3348
908359 60 2 -6184 3268
920075 60 2 -6172 3248
931942 60 2 -6252 3226
943962 60 2 -6188 3236
956137 60 2 -6268 3294
968470 60 2 -6424 3360
980961 60 2 -6212 3270
993613 60 2 -6500 3348
999999 60 2 -6308 3286
