3 60 2.2 -3412 190
4 60 2.2 -3784 136
5 60 2.2 -4016 184
6 60 2.2 -4204 128
7 60 2.2 -4332 128
8 60 2.2 -4284 112
9 60 2.2 -4340 86
10 60 2.2 -4308 140
11 60 2.2 -4464 154
12 60 2.2 -4508 204
13 60 2.2 -4456 120
14 60 2.2 -4524 44
15 60 2.2 -4520 72
16 60 2.2 -4512 10
17 60 2.2 -4472 88
18 60 2.2 -4632 110
19 60 2.2 -4632 194
20 60 2.2 -4756 136
21 60 2.2 -4844 114
22 60 2.2 -4832 120
23 60 2.2 -4884 106
24 60 2.2 -4920 10
25 60 2.2 -4876 -66
26 60 2.2 -4920 -68
27 60 2.2 -4900 -88
28 60 2.2 -4864 -158
29 60 2.2 -4972 -238
30 60 2.2 -4904 -354
31 60 2.2 -4928 -420
32 60 2.2 -4952 -368
33 60 2.2 -4948 -314
34 60 2.2 -5076 -346
35 60 2.2 -5056 -340
36 60 2.2 -4964 -338
37 60 2.2 -4936 -270
38 60 2.2 -4956 -280
39 60 2.2 -4908 -286
40 60 2.2 -4864 -214
41 60 2.2 -4872 -138
42 60 2.2 -4948 -138
43 60 2.2 -4968 -212
44 60 2.2 -4924 -272
45 60 2.2 -4824 -308
46 60 2.2 -4980 -332
47 60 2.2 -4944 -376
48 60 2.2 -5072 -422
49 60 2.2 -5040 -394
50 60 2.2 -4968 -424
51 60 2.2 -4940 -410
52 60 2.2 -4996 -296
53 60 2.2 -5084 -256
54 60 2.2 -4976 -246
55 60 2.2 -4860 -298
56 60 2.2 -4820 -324
57 60 2.2 -4976 -350
58 60 2.2 -4884 -404
59 60 2.2 -5012 -414
60 60 2.2 -4976 -488
61 60 2.2 -5016 -502
62 60 2.2 -5040 -560
63 60 2.2 -4972 -600
64 60 2.2 -5080 -522
65 60 2.2 -4828 -470
66 60 2.2 -4984 -524
67 60 2.2 -4832 -576
68 60 2.2 -4828 -638
69 60 2.2 -5012 -714
70 60 2.2 -5060 -752
71 60 2.2 -5192 -844
72 60 2.2 -5076 -822
73 60 2.2 -4956 -894
74 60 2.2 -4976 -936
75 60 2.2 -5000 -932
76 60 2.2 -5036 -970
77 60 2.2 -5104 -908
78 60 2.2 -5136 -976
79 60 2.2 -5108 -956
80 60 2.2 -5064 -880
81 60 2.2 -5032 -918
82 60 2.2 -5076 -860
83 60 2.2 -4984 -856
84 60 2.2 -4936 -790
85 60 2.2 -4916 -832
86 60 2.2 -5084 -872
88 60 2.2 -5084 -846
89 60 2.2 -5140 -976
90 60 2.2 -5100 -988
91 60 2.2 -5044 -1018
92 60 2.2 -5000 -1058
93 60 2.2 -4940 -1086
95 60 2.2 -4840 -1198
96 60 2.2 -4792 -1176
97 60 2.2 -4768 -1126
98 60 2.2 -4820 -1106
99 60 2.2 -4960 -1066
101 60 2.2 -4996 -1096
102 60 2.2 -5052 -1094
103 60 2.2 -5028 -1206
105 60 2.2 -4704 -1170
106 60 2.2 -4812 -1216
107 60 2.2 -4920 -1222
109 60 2.2 -5152 -1262
110 60 2.2 -5148 -1214
112 60 2.2 -5068 -1212
113 60 2.2 -5016 -1254
114 60 2.2 -5096 -1260
116 60 2.2 -5020 -1304
117 60 2.2 -5064 -1246
119 60 2.2 -4956 -1282
120 60 2.2 -4968 -1320
122 60 2.2 -4948 -1342
124 60 2.2 -4964 -1250
125 60 2.2 -4988 -1302
127 60 2.2 -5032 -1380
128 60 2.2 -4936 -1456
130 60 2.2 -5096 -1376
132 60 2.2 -4972 -1292
133 60 2.2 -4940 -1282
135 60 2.2 -4972 -1334
137 60 2.2 -4964 -1470
139 60 2.2 -4920 -1434
140 60 2.2 -5036 -1490
142 60 2.2 -5096 -1492
144 60 2.2 -5156 -1570
146 60 2.2 -5216 -1710
148 60 2.2 -5248 -1730
150 60 2.2 -5280 -1786
152 60 2.2 -5220 -1794
154 60 2.2 -5344 -1758
155 60 2.2 -5276 -1826
157 60 2.2 -5244 -1706
160 60 2.2 -5116 -1734
162 60 2.2 -5060 -1702
164 60 2.2 -5320 -1734
166 60 2.2 -5300 -1688
168 60 2.2 -5288 -1782
170 60 2.2 -5296 -1764
172 60 2.2 -5104 -1704
174 60 2.2 -5296 -1704
177 60 2.2 -5040 -1674
179 60 2.2 -5080 -1664
181 60 2.2 -5036 -1606
184 60 2.2 -5116 -1486
186 60 2.2 -5116 -1544
188 60 2.2 -5056 -1518
191 60 2.2 -5000 -1304
193 60 2.2 -4964 -1344
196 60 2.2 -4864 -1276
198 60 2.2 -4824 -1320
201 60 2.2 -4964 -1286
203 60 2.2 -5052 -1476
206 60 2.2 -4952 -1280
209 60 2.2 -4796 -1100
211 60 2.2 -5040 -1250
214 60 2.2 -5180 -1286
217 60 2.2 -5044 -1200
220 60 2.2 -5240 -1246
222 60 2.2 -5220 -1310
225 60 2.2 -5276 -1360
228 60 2.2 -5220 -1374
231 60 2.2 -5084 -1468
234 60 2.2 -5112 -1524
237 60 2.2 -5060 -1484
240 60 2.2 -5024 -1522
243 60 2.2 -5152 -1524
246 60 2.2 -5156 -1614
250 60 2.2 -5128 -1526
253 60 2.2 -5368 -1776
256 60 2.2 -5376 -1884
259 60 2.2 -5304 -1948
263 60 2.2 -5332 -1996
266 60 2.2 -5416 -1992
269 60 2.2 -5392 -2028
273 60 2.2 -5164 -2016
276 60 2.2 -5268 -2086
280 60 2.2 -5444 -2180
284 60 2.2 -5324 -2214
287 60 2.2 -5404 -2392
291 60 2.2 -5568 -2500
295 60 2.2 -5380 -2426
298 60 2.2 -5568 -2528
302 60 2.2 -5628 -2552
306 60 2.2 -5860 -2646
310 60 2.2 -5660 -2604
314 60 2.2 -5560 -2534
318 60 2.2 -5712 -2504
322 60 2.2 -5536 -2530
326 60 2.2 -5580 -2532
331 60 2.2 -5364 -2460
335 60 2.2 -5496 -2544
339 60 2.2 -5572 -2610
344 60 2.2 -5640 -2614
348 60 2.2 -5608 -2656
352 60 2.2 -5756 -2672
357 60 2.2 -5604 -2526
362 60 2.2 -5620 -2488
366 60 2.2 -5596 -2486
371 60 2.2 -5508 -2414
376 60 2.2 -5444 -2458
381 60 2.2 -5292 -2450
385 60 2.2 -5428 -2442
390 60 2.2 -5516 -2506
395 60 2.2 -5532 -2554
401 60 2.2 -5552 -2558
406 60 2.2 -5404 -2492
411 60 2.2 -5532 -2418
416 60 2.2 -5356 -2442
422 60 2.2 -5592 -2488
427 60 2.2 -5496 -2440
433 60 2.2 -5376 -2506
438 60 2.2 -5516 -2562
444 60 2.2 -5472 -2544
449 60 2.2 -5432 -2658
455 60 2.2 -5500 -2570
461 60 2.2 -5356 -2646
467 60 2.2 -5600 -2788
473 60 2.2 -5516 -2722
479 60 2.2 -5428 -2686
485 60 2.2 -5380 -2680
492 60 2.2 -5480 -2654
498 60 2.2 -5420 -2668
504 60 2.2 -5436 -2656
511 60 2.2 -5300 -2516
517 60 2.2 -5356 -2652
524 60 2.2 -5700 -2914
531 60 2.2 -5864 -3016
538 60 2.2 -5532 -2866
545 60 2.2 -5712 -2944
552 60 2.2 -5520 -2904
559 60 2.2 -5548 -2930
566 60 2.2 -5672 -2978
573 60 2.2 -5588 -2872
581 60 2.2 -5628 -2786
588 60 2.2 -5352 -2576
596 60 2.2 -5304 -2612
603 60 2.2 -5624 -2824
611 60 2.2 -5664 -2780
619 60 2.2 -5664 -2862
627 60 2.2 -5620 -2866
635 60 2.2 -5688 -2888
643 60 2.2 -5492 -2798
652 60 2.2 -5496 -2682
660 60 2.2 -5720 -2874
668 60 2.2 -5584 -2764
677 60 2.2 -5472 -2824
686 60 2.2 -5492 -2822
695 60 2.2 -5652 -2860
704 60 2.2 -5464 -2772
713 60 2.2 -5560 -2840
722 60 2.2 -5416 -2814
731 60 2.2 -5496 -2872
741 60 2.2 -5696 -2870
750 60 2.2 -5512 -2774
760 60 2.2 -5748 -3004
770 60 2.2 -5948 -3082
780 60 2.2 -5616 -2954
790 60 2.2 -5704 -3002
800 60 2.2 -5388 -2810
810 60 2.2 -5580 -2894
821 60 2.2 -5608 -2842
831 60 2.2 -5524 -2864
842 60 2.2 -5652 -2994
853 60 2.2 -5708 -3064
864 60 2.2 -5796 -3116
875 60 2.2 -5804 -3078
886 60 2.2 -5704 -2948
897 60 2.2 -5700 -2998
909 60 2.2 -5620 -2910
921 60 2.2 -5572 -2884
933 60 2.2 -5640 -2974
945 60 2.2 -5892 -3118
957 60 2.2 -5520 -2916
969 60 2.2 -5692 -2916
982 60 2.2 -5604 -2862
994 60 2.2 -5460 -2786
1007 60 2.2 -5400 -2706
1020 60 2.2 -5412 -2678
1033 60 2.2 -5660 -2988
1047 60 2.2 -5796 -3060
1060 60 2.2 -5468 -2894
1074 60 2.2 -5460 -2752
1088 60 2.2 -5404 -2712
1102 60 2.2 -5584 -2780
1116 60 2.2 -5704 -2906
1130 60 2.2 -5540 -2734
1145 60 2.2 -5580 -2836
1160 60 2.2 -5424 -2898
1174 60 2.2 -5712 -3010
1190 60 2.2 -5680 -2996
1205 60 2.2 -5588 -2874
1220 60 2.2 -5404 -2706
1236 60 2.2 -5584 -2828
1252 60 2.2 -5544 -2786
1268 60 2.2 -5332 -2566
1285 60 2.2 -5376 -2748
1301 60 2.2 -5632 -2968
1318 60 2.2 -5796 -3048
1335 60 2.2 -5656 -2908
1352 60 2.2 -5800 -3016
1370 60 2.2 -5600 -2872
1387 60 2.2 -5600 -2882
1405 60 2.2 -5488 -2862
1423 60 2.2 -5600 -2890
1442 60 2.2 -5304 -2696
1460 60 2.2 -5564 -2846
1479 60 2.2 -5360 -2480
1498 60 2.2 -5304 -2406
1517 60 2.2 -5452 -2664
1537 60 2.2 -5472 -2572
1557 60 2.2 -5676 -2790
1577 60 2.2 -5812 -3058
1597 60 2.2 -5956 -3172
1618 60 2.2 -5596 -2900
1639 60 2.2 -5692 -3044
1660 60 2.2 -5460 -2808
1681 60 2.2 -5596 -2978
1703 60 2.2 -5904 -3134
1725 60 2.2 -5732 -3052
1747 60 2.2 -5592 -2944
1770 60 2.2 -5680 -3024
1792 60 2.2 -5560 -2854
1816 60 2.2 -5828 -3060
1839 60 2.2 -5592 -2972
1863 60 2.2 -5408 -2794
1887 60 2.2 -5688 -2908
1911 60 2.2 -5552 -2870
1936 60 2.2 -5592 -2978
1961 60 2.2 -5812 -2986
1986 60 2.2 -5848 -3118
2012 60 2.2 -5648 -2954
2037 60 2.2 -5564 -2892
2064 60 2.2 -5524 -2914
2090 60 2.2 -5292 -2698
2117 60 2.2 -5804 -2950
2145 60 2.2 -5512 -2774
2172 60 2.2 -5468 -2648
2200 60 2.2 -5360 -2734
2229 60 2.2 -5420 -2734
2257 60 2.2 -5588 -2944
2286 60 2.2 -5620 -2898
2316 60 2.2 -5564 -3002
2346 60 2.2 -5776 -2980
2376 60 2.2 -5596 -2860
2407 60 2.2 -5524 -2920
2438 60 2.2 -5276 -2584
2469 60 2.2 -5368 -2804
2501 60 2.2 -5544 -2846
2533 60 2.2 -5704 -2968
2566 60 2.2 -5332 -2810
2599 60 2.2 -5784 -2962
2633 60 2.2 -5404 -2832
2667 60 2.2 -5472 -2774
2701 60 2.2 -5568 -2846
2736 60 2.2 -5504 -2830
2771 60 2.2 -5280 -2594
2807 60 2.2 -5664 -2846
2843 60 2.2 -5780 -3060
2880 60 2.2 -5644 -3000
2917 60 2.2 -5544 -2736
2954 60 2.2 -5768 -2970
2992 60 2.2 -5548 -2884
3031 60 2.2 -5436 -2778
3070 60 2.2 -5668 -2970
3110 60 2.2 -5376 -2812
3150 60 2.2 -5572 -2942
3190 60 2.2 -5648 -2906
3232 60 2.2 -5480 -2696
3273 60 2.2 -5560 -2802
3315 60 2.2 -5524 -2836
3358 60 2.2 -5368 -2764
3402 60 2.2 -5772 -2974
3445 60 2.2 -5716 -2896
3490 60 2.2 -5636 -2892
3535 60 2.2 -5424 -2830
3580 60 2.2 -5696 -2902
3627 60 2.2 -5720 -2930
3673 60 2.2 -5640 -2898
3721 60 2.2 -5720 -3034
3769 60 2.2 -5448 -2786
3817 60 2.2 -5684 -2928
3867 60 2.2 -5776 -2994
3916 60 2.2 -5808 -2894
3967 60 2.2 -5688 -2904
4018 60 2.2 -5524 -2740
4070 60 2.2 -5324 -2584
4122 60 2.2 -5640 -2970
4176 60 2.2 -5496 -2848
4229 60 2.2 -5696 -3004
4284 60 2.2 -5788 -3022
4339 60 2.2 -5668 -3004
4395 60 2.2 -5852 -3076
4452 60 2.2 -5604 -2902
4509 60 2.2 -5640 -2972
4567 60 2.2 -5692 -3068
4626 60 2.2 -5604 -2896
4686 60 2.2 -5336 -2758
4746 60 2.2 -5736 -2980
4808 60 2.2 -5704 -3056
4870 60 2.2 -5588 -2836
4932 60 2.2 -5232 -2586
4996 60 2.2 -5352 -2490
5060 60 2.2 -5408 -2802
5126 60 2.2 -5564 -2820
5192 60 2.2 -5540 -2886
5259 60 2.2 -5664 -2980
5327 60 2.2 -5404 -2792
5395 60 2.2 -5652 -3006
5465 60 2.2 -5604 -2892
5535 60 2.2 -5604 -2930
5607 60 2.2 -5576 -2810
5679 60 2.2 -5480 -2848
5752 60 2.2 -5356 -2548
5826 60 2.2 -5604 -2774
5902 60 2.2 -5800 -2886
5978 60 2.2 -5524 -2914
6055 60 2.2 -5576 -2948
6133 60 2.2 -5300 -2734
6212 60 2.2 -5460 -2828
6292 60 2.2 -5616 -2980
6373 60 2.2 -5400 -2714
6455 60 2.2 -5916 -2982
6539 60 2.2 -5584 -2898
6623 60 2.2 -5692 -2896
6708 60 2.2 -5672 -3022
6795 60 2.2 -5696 -3040
6883 60 2.2 -5400 -2714
6971 60 2.2 -5464 -2804
7061 60 2.2 -5428 -2658
7152 60 2.2 -5676 -2982
7245 60 2.2 -5564 -2810
7338 60 2.2 -5272 -2398
7433 60 2.2 -5400 -2110
7529 60 2.2 -5632 -2770
7626 60 2.2 -5292 -2744
7724 60 2.2 -5292 -2618
7824 60 2.2 -5636 -2974
7925 60 2.2 -5392 -2842
8027 60 2.2 -5636 -2880
8130 60 2.2 -5732 -2974
8235 60 2.2 -5616 -2846
8341 60 2.2 -5572 -2970
8449 60 2.2 -5556 -2814
8558 60 2.2 -5684 -2980
8668 60 2.2 -5476 -2872
8780 60 2.2 -5512 -2714
8893 60 2.2 -5644 -2990
9008 60 2.2 -5400 -2728
9124 60 2.2 -5628 -2850
9242 60 2.2 -5568 -2870
9361 60 2.2 -5552 -2782
9482 60 2.2 -5380 -2740
9604 60 2.2 -5444 -2568
9728 60 2.2 -5328 -2402
9853 60 2.2 -5468 -2816
9980 60 2.2 -5468 -2780
10109 60 2.2 -5684 -2898
10240 60 2.2 -5592 -2964
10372 60 2.2 -5604 -2930
10505 60 2.2 -5536 -2820
10641 60 2.2 -5536 -2918
10778 60 2.2 -5404 -2732
10917 60 2.2 -5652 -3000
11058 60 2.2 -5392 -2674
11201 60 2.2 -5552 -2900
11345 60 2.2 -5472 -2504
11491 60 2.2 -5220 -2412
11640 60 2.2 -5508 -2688
11790 60 2.2 -5484 -2764
11942 60 2.2 -5604 -2900
12096 60 2.2 -5740 -3000
12252 60 2.2 -5680 -2952
12410 60 2.2 -5360 -2800
12570 60 2.2 -5356 -2642
12732 60 2.2 -5332 -2536
12896 60 2.2 -5668 -2884
13062 60 2.2 -5624 -2956
13231 60 2.2 -5652 -2840
13402 60 2.2 -5644 -2896
13574 60 2.2 -5652 -2916
13750 60 2.2 -5676 -2972
13927 60 2.2 -5676 -2980
14106 60 2.2 -5476 -2662
14288 60 2.2 -5540 -2638
14473 60 2.2 -5544 -2818
14659 60 2.2 -5476 -2684
14848 60 2.2 -5632 -2780
15040 60 2.2 -5548 -2916
15234 60 2.2 -5832 -3100
15430 60 2.2 -5556 -2748
15629 60 2.2 -5640 -3016
15831 60 2.2 -5488 -2872
16035 60 2.2 -5600 -2912
16242 60 2.2 -5416 -2306
16451 60 2.2 -5552 -2932
16664 60 2.2 -5772 -3058
16879 60 2.2 -5756 -2940
17096 60 2.2 -5600 -2970
17317 60 2.2 -5848 -3118
17540 60 2.2 -5784 -2920
17766 60 2.2 -5884 -3038
17995 60 2.2 -5592 -2940
18228 60 2.2 -5560 -2800
18463 60 2.2 -5872 -3072
18701 60 2.2 -5548 -2886
18942 60 2.2 -5464 -2938
19186 60 2.2 -5620 -2946
19434 60 2.2 -5612 -2832
19684 60 2.2 -5644 -3014
19938 60 2.2 -5432 -2798
20195 60 2.2 -5608 -2948
20456 60 2.2 -5576 -2868
20720 60 2.2 -5564 -2782
20987 60 2.2 -5380 -2636
21258 60 2.2 -5636 -2986
21532 60 2.2 -5484 -2686
21810 60 2.2 -5620 -2976
22091 60 2.2 -5644 -2960
22376 60 2.2 -5420 -2742
22664 60 2.2 -5616 -2850
22957 60 2.2 -5276 -2816
23253 60 2.2 -5672 -2984
23553 60 2.2 -5312 -2568
23856 60 2.2 -5600 -2782
24164 60 2.2 -5692 -2898
24476 60 2.2 -5576 -2880
24791 60 2.2 -5424 -2732
25111 60 2.2 -5320 -2586
25435 60 2.2 -5428 -2748
25763 60 2.2 -5496 -2668
26095 60 2.2 -5792 -3050
26432 60 2.2 -5372 -2748
26773 60 2.2 -5652 -2862
27118 60 2.2 -5544 -2768
27468 60 2.2 -5556 -2820
27822 60 2.2 -5452 -2672
28181 60 2.2 -5616 -2948
28545 60 2.2 -5624 -2914
28913 60 2.2 -5404 -2224
29286 60 2.2 -5548 -2882
29663 60 2.2 -5508 -2696
30046 60 2.2 -5636 -2944
30434 60 2.2 -5576 -2914
30826 60 2.2 -5684 -2980
31224 60 2.2 -5632 -2900
31626 60 2.2 -5784 -3062
32034 60 2.2 -5360 -2224
32447 60 2.2 -5636 -2952
32866 60 2.2 -5648 -2964
33290 60 2.2 -5352 -2754
33719 60 2.2 -5516 -2396
34154 60 2.2 -5428 -2830
34595 60 2.2 -5520 -2662
35041 60 2.2 -5468 -2898
35493 60 2.2 -5592 -2912
35951 60 2.2 -5504 -2668
36414 60 2.2 -5736 -2904
36884 60 2.2 -5916 -3006
37360 60 2.2 -5352 -2730
37841 60 2.2 -5372 -2776
38330 60 2.2 -5672 -2940
38824 60 2.2 -5460 -2662
39325 60 2.2 -5904 -3094
39832 60 2.2 -5572 -2774
40346 60 2.2 -5736 -3052
40866 60 2.2 -5592 -2838
41393 60 2.2 -5492 -2966
41927 60 2.2 -5276 -2600
42468 60 2.2 -5612 -2838
43015 60 2.2 -5448 -2786
43570 60 2.2 -5640 -2940
44132 60 2.2 -5652 -2960
44701 60 2.2 -5672 -2930
45278 60 2.2 -5648 -2998
45862 60 2.2 -5596 -2866
46453 60 2.2 -5644 -2834
47053 60 2.2 -5880 -3106
47660 60 2.2 -5644 -2862
48274 60 2.2 -5364 -2732
48897 60 2.2 -5624 -2960
49528 60 2.2 -5656 -2876
50166 60 2.2 -5716 -3004
50813 60 2.2 -5700 -2910
51469 60 2.2 -5788 -2962
52133 60 2.2 -5692 -2952
52805 60 2.2 -5600 -2876
53486 60 2.2 -5644 -2806
54176 60 2.2 -5496 -2850
54875 60 2.2 -5352 -2822
55582 60 2.2 -5736 -3010
56299 60 2.2 -5412 -2932
57025 60 2.2 -5380 -2798
57761 60 2.2 -5392 -2596
58506 60 2.2 -5104 -2414
59261 60 2.2 -5744 -2992
60025 60 2.2 -5652 -2976
60799 60 2.2 -5316 -2670
61583 60 2.2 -5688 -2936
62378 60 2.2 -5548 -2520
63182 60 2.2 -5428 -2554
63997 60 2.2 -6060 -3140
64822 60 2.2 -5532 -2896
65658 60 2.2 -5644 -2952
66505 60 2.2 -5516 -2840
67363 60 2.2 -5392 -2818
68232 60 2.2 -5636 -2956
69112 60 2.2 -5520 -2844
70003 60 2.2 -5772 -2962
70906 60 2.2 -5512 -2734
71821 60 2.2 -5488 -2744
72747 60 2.2 -5640 -2958
73685 60 2.2 -5756 -3074
74636 60 2.2 -5532 -2888
75599 60 2.2 -5316 -2708
76574 60 2.2 -5580 -2862
77561 60 2.2 -5516 -2882
78562 60 2.2 -5576 -2652
79575 60 2.2 -5488 -2734
80601 60 2.2 -5568 -2848
81641 60 2.2 -5956 -3118
82694 60 2.2 -5188 -2338
83760 60 2.2 -5532 -2864
84841 60 2.2 -5404 -2798
85935 60 2.2 -5604 -2884
87043 60 2.2 -5780 -3046
88166 60 2.2 -5280 -2734
89303 60 2.2 -5792 -2926
90455 60 2.2 -5880 -3108
91622 60 2.2 -5652 -2888
92803 60 2.2 -5524 -2862
94000 60 2.2 -5516 -2526
95213 60 2.2 -5868 -3058
96441 60 2.2 -5428 -2648
97685 60 2.2 -5648 -2970
98945 60 2.2 -5560 -2918
100221 60 2.2 -5420 -2706
101513 60 2.2 -5592 -2940
102823 60 2.2 -5548 -2916
104149 60 2.2 -5864 -3056
105492 60 2.2 -5612 -2968
106853 60 2.2 -5616 -2904
108231 60 2.2 -5604 -2754
109627 60 2.2 -5520 -2698
111041 60 2.2 -5488 -2814
112473 60 2.2 -5496 -2874
113924 60 2.2 -6000 -3144
115393 60 2.2 -5256 -2530
116882 60 2.2 -5508 -2798
118389 60 2.2 -5484 -2882
119916 60 2.2 -5564 -2814
121463 60 2.2 -5632 -2924
123029 60 2.2 -5600 -2914
124616 60 2.2 -5672 -2858
126224 60 2.2 -5664 -2986
127852 60 2.2 -5412 -2770
129501 60 2.2 -5360 -2686
131171 60 2.2 -5420 -2728
132863 60 2.2 -5152 -2040
134576 60 2.2 -5364 -2658
136312 60 2.2 -5344 -2814
138070 60 2.2 -5440 -2712
139851 60 2.2 -5840 -2974
141655 60 2.2 -5344 -2562
143482 60 2.2 -5864 -3030
145333 60 2.2 -5840 -2974
147207 60 2.2 -5460 -2616
149106 60 2.2 -5440 -2870
151029 60 2.2 -5680 -2980
152977 60 2.2 -5492 -2942
154950 60 2.2 -5724 -2974
156948 60 2.2 -5484 -2824
158973 60 2.2 -5436 -2792
161023 60 2.2 -5512 -2818
163100 60 2.2 -5592 -2942
165204 60 2.2 -5432 -2652
167334 60 2.2 -5776 -3040
169493 60 2.2 -5636 -3000
171679 60 2.2 -5628 -2824
173893 60 2.2 -5384 -2718
176136 60 2.2 -5592 -2756
178408 60 2.2 -5652 -2952
180709 60 2.2 -5748 -3000
183040 60 2.2 -5500 -2762
185400 60 2.2 -5916 -3032
187792 60 2.2 -5596 -2822
190214 60 2.2 -5768 -3040
192667 60 2.2 -5464 -2898
195152 60 2.2 -5336 -2694
197669 60 2.2 -5424 -2646
200219 60 2.2 -5680 -2624
202801 60 2.2 -5668 -2912
205417 60 2.2 -5540 -2920
208066 60 2.2 -5580 -2766
210750 60 2.2 -5680 -2720
213468 60 2.2 -5724 -3030
216222 60 2.2 -5392 -2718
219010 60 2.2 -5508 -2750
221835 60 2.2 -5588 -2856
224696 60 2.2 -5332 -2518
227595 60 2.2 -5876 -3046
230530 60 2.2 -5420 -2770
233503 60 2.2 -5688 -2910
236515 60 2.2 -5384 -2846
239566 60 2.2 -5572 -2818
242656 60 2.2 -5680 -2932
245785 60 2.2 -5252 -2740
248956 60 2.2 -5520 -2538
252167 60 2.2 -5780 -2960
255419 60 2.2 -5508 -2812
258713 60 2.2 -5784 -2970
262050 60 2.2 -5780 -2900
265430 60 2.2 -5648 -2864
268854 60 2.2 -5684 -2948
272321 60 2.2 -5696 -3050
275834 60 2.2 -5560 -2708
279391 60 2.2 -5640 -2290
282995 60 2.2 -5808 -3044
286645 60 2.2 -5664 -3024
290342 60 2.2 -5820 -3082
294087 60 2.2 -5808 -3062
297880 60 2.2 -5720 -3004
301722 60 2.2 -5420 -2758
305614 60 2.2 -5460 -2778
309556 60 2.2 -5412 -2804
313548 60 2.2 -5592 -2958
317592 60 2.2 -5624 -2820
321689 60 2.2 -5420 -2696
325838 60 2.2 -5700 -2912
330040 60 2.2 -5248 -2052
334297 60 2.2 -5388 -2684
338609 60 2.2 -5532 -2704
342976 60 2.2 -5628 -2922
347400 60 2.2 -5592 -2994
351881 60 2.2 -5268 -2664
356419 60 2.2 -5544 -2926
361016 60 2.2 -5552 -2850
365673 60 2.2 -5672 -2994
370389 60 2.2 -5568 -2824
375167 60 2.2 -5672 -2978
380005 60 2.2 -5848 -3028
384907 60 2.2 -5716 -2890
389871 60 2.2 -5496 -2650
394900 60 2.2 -5016 -2522
399993 60 2.2 -5736 -2850
405152 60 2.2 -5596 -2840
410378 60 2.2 -5508 -2916
415671 60 2.2 -5644 -2938
421032 60 2.2 -5488 -2768
426463 60 2.2 -5644 -2614
431963 60 2.2 -5360 -2630
437535 60 2.2 -5760 -2984
443178 60 2.2 -5884 -3120
448894 60 2.2 -5716 -3088
454684 60 2.2 -5408 -2676
460548 60 2.2 -5680 -2788
466489 60 2.2 -5532 -2884
472505 60 2.2 -5520 -2704
478600 60 2.2 -5368 -2616
484773 60 2.2 -5736 -2972
491025 60 2.2 -5692 -2966
497358 60 2.2 -5532 -2846
503773 60 2.2 -5444 -2838
510271 60 2.2 -5652 -2952
516852 60 2.2 -5400 -2832
523519 60 2.2 -5660 -2914
530271 60 2.2 -5660 -2960
537111 60 2.2 -5612 -2856
544038 60 2.2 -5672 -2946
551055 60 2.2 -5728 -2930
558163 60 2.2 -5704 -3048
565362 60 2.2 -5636 -2956
572654 60 2.2 -5408 -2842
580040 60 2.2 -5784 -2980
587521 60 2.2 -5768 -2912
595099 60 2.2 -5336 -1872
602775 60 2.2 -5616 -2792
610549 60 2.2 -5440 -2882
618424 60 2.2 -5820 -2996
626400 60 2.2 -5772 -2932
634480 60 2.2 -5532 -2762
642663 60 2.2 -5408 -2798
650952 60 2.2 -5360 -2534
659348 60 2.2 -5712 -2980
667853 60 2.2 -5400 -2574
676467 60 2.2 -5680 -2930
685192 60 2.2 -5384 -2754
694029 60 2.2 -5952 -3048
702981 60 2.2 -5408 -2788
712048 60 2.2 -5516 -2846
721232 60 2.2 -5648 -2826
730534 60 2.2 -5620 -2920
739957 60 2.2 -5588 -2870
749500 60 2.2 -5560 -2794
759168 60 2.2 -5244 -2574
768959 60 2.2 -5800 -3062
778877 60 2.2 -5472 -2662
788923 60 2.2 -5588 -2944
799099 60 2.2 -5576 -2768
809405 60 2.2 -5608 -2928
819845 60 2.2 -5460 -2804
830419 60 2.2 -5584 -2828
841130 60 2.2 -5332 -2638
851979 60 2.2 -5648 -2870
862968 60 2.2 -5556 -2812
874098 60 2.2 -5412 -2450
885373 60 2.2 -5728 -2972
896792 60 2.2 -5484 -2786
908359 60 2.2 -5532 -2860
920075 60 2.2 -5576 -2740
931942 60 2.2 -5452 -2726
943962 60 2.2 -5576 -2748
956137 60 2.2 -5340 -2670
968470 60 2.2 -5276 -2770
980961 60 2.2 -5504 -2828
993613 60 2.2 -5676 -2904
999999 60 2.2 -5736 -3026
