3 60 2.1 -3432 -194
4 60 2.1 -3712 -222
5 60 2.1 -3944 -212
6 60 2.1 -3976 -250
7 60 2.1 -3952 -308
8 60 2.1 -4144 -396
9 60 2.1 -4248 -422
10 60 2.1 -4220 -526
11 60 2.1 -4392 -616
12 60 2.1 -4372 -740
13 60 2.1 -4520 -692
14 60 2.1 -4448 -732
15 60 2.1 -4364 -680
16 60 2.1 -4456 -718
17 60 2.1 -4548 -724
18 60 2.1 -4632 -700
19 60 2.1 -4752 -652
20 60 2.1 -4840 -670
21 60 2.1 -4716 -616
22 60 2.1 -4732 -738
23 60 2.1 -4776 -688
24 60 2.1 -4748 -706
25 60 2.1 -4652 -744
26 60 2.1 -4640 -712
27 60 2.1 -4732 -548
28 60 2.1 -4644 -470
29 60 2.1 -4804 -542
30 60 2.1 -4760 -528
31 60 2.1 -4768 -482
32 60 2.1 -4628 -444
33 60 2.1 -4696 -396
34 60 2.1 -4712 -414
35 60 2.1 -4632 -412
36 60 2.1 -4796 -404
37 60 2.1 -4852 -348
38 60 2.1 -4888 -362
39 60 2.1 -5016 -332
40 60 2.1 -5020 -380
41 60 2.1 -5092 -306
42 60 2.1 -5092 -264
43 60 2.1 -5128 -216
44 60 2.1 -5096 -176
45 60 2.1 -4964 -176
46 60 2.1 -5028 -242
47 60 2.1 -5152 -216
48 60 2.1 -5216 -306
49 60 2.1 -5244 -286
50 60 2.1 -5212 -196
51 60 2.1 -5208 -168
52 60 2.1 -5084 -200
53 60 2.1 -5028 -258
54 60 2.1 -5140 -150
55 60 2.1 -5052 -170
56 60 2.1 -4944 -162
57 60 2.1 -4940 -170
58 60 2.1 -5072 -246
59 60 2.1 -5052 -234
60 60 2.1 -5140 -248
61 60 2.1 -5240 -326
62 60 2.1 -5276 -282
63 60 2.1 -5392 -174
64 60 2.1 -5356 -202
65 60 2.1 -5188 -248
66 60 2.1 -5184 -240
67 60 2.1 -5224 -338
68 60 2.1 -5132 -336
69 60 2.1 -5148 -260
70 60 2.1 -5244 -338
71 60 2.1 -5384 -376
72 60 2.1 -5344 -390
73 60 2.1 -5380 -296
74 60 2.1 -5300 -356
75 60 2.1 -5284 -336
76 60 2.1 -5304 -374
77 60 2.1 -5328 -390
78 60 2.1 -5388 -364
79 60 2.1 -5284 -396
80 60 2.1 -5348 -380
81 60 2.1 -5404 -340
82 60 2.1 -5452 -306
83 60 2.1 -5516 -370
84 60 2.1 -5424 -416
85 60 2.1 -5420 -362
86 60 2.1 -5388 -370
88 60 2.1 -5248 -410
89 60 2.1 -5364 -376
90 60 2.1 -5292 -370
91 60 2.1 -5364 -352
92 60 2.1 -5476 -442
93 60 2.1 -5436 -464
95 60 2.1 -5320 -414
96 60 2.1 -5412 -466
97 60 2.1 -5420 -428
98 60 2.1 -5400 -372
99 60 2.1 -5348 -436
101 60 2.1 -5292 -368
102 60 2.1 -5236 -316
103 60 2.1 -5288 -292
105 60 2.1 -5252 -250
106 60 2.1 -5332 -250
107 60 2.1 -5268 -266
109 60 2.1 -5244 -264
110 60 2.1 -5204 -318
112 60 2.1 -5268 -336
113 60 2.1 -5244 -402
114 60 2.1 -5196 -346
116 60 2.1 -5332 -328
117 60 2.1 -5368 -274
119 60 2.1 -5264 -300
120 60 2.1 -5380 -264
122 60 2.1 -5200 -218
124 60 2.1 -5336 -140
125 60 2.1 -5204 -146
127 60 2.1 -5356 -238
128 60 2.1 -5148 -170
130 60 2.1 -5320 -346
132 60 2.1 -5132 -332
133 60 2.1 -5032 -314
135 60 2.1 -5176 -334
137 60 2.1 -5320 -260
139 60 2.1 -5300 -278
140 60 2.1 -5324 -294
142 60 2.1 -5452 -308
144 60 2.1 -5500 -324
146 60 2.1 -5424 -348
148 60 2.1 -5384 -310
150 60 2.1 -5296 -208
152 60 2.1 -5256 -266
154 60 2.1 -5364 -276
155 60 2.1 -5424 -290
157 60 2.1 -5376 -242
160 60 2.1 -5304 -124
162 60 2.1 -5380 -46
164 60 2.1 -5244 32
166 60 2.1 -5352 -4
168 60 2.1 -5232 46
170 60 2.1 -5264 -44
172 60 2.1 -5360 -44
174 60 2.1 -5552 -110
177 60 2.1 -5476 -162
179 60 2.1 -5536 -190
181 60 2.1 -5520 -174
184 60 2.1 -5504 -64
186 60 2.1 -5380 -80
188 60 2.1 -5188 -92
191 60 2.1 -5408 -120
193 60 2.1 -5424 -182
196 60 2.1 -5416 -74
198 60 2.1 -5440 -222
201 60 2.1 -5440 -520
203 60 2.1 -5444 -510
206 60 2.1 -5408 -528
209 60 2.1 -5408 -392
211 60 2.1 -5500 -356
214 60 2.1 -5484 -416
217 60 2.1 -5608 -366
220 60 2.1 -5588 -328
222 60 2.1 -5488 -160
225 60 2.1 -5488 -140
228 60 2.1 -5420 -186
231 60 2.1 -5464 -274
234 60 2.1 -5512 -298
237 60 2.1 -5432 -378
240 60 2.1 -5576 -442
243 60 2.1 -5616 -568
246 60 2.1 -5676 -608
250 60 2.1 -5520 -524
253 60 2.1 -5404 -456
256 60 2.1 -5296 -550
259 60 2.1 -5448 -472
263 60 2.1 -5464 -468
266 60 2.1 -5600 -444
269 60 2.1 -5488 -524
273 60 2.1 -5416 -488
276 60 2.1 -5284 -552
280 60 2.1 -5344 -518
284 60 2.1 -5632 -468
287 60 2.1 -5380 -556
291 60 2.1 -5660 -476
295 60 2.1 -5644 -528
298 60 2.1 -5520 -448
302 60 2.1 -5536 -514
306 60 2.1 -5652 -628
310 60 2.1 -5488 -638
314 60 2.1 -5520 -796
318 60 2.1 -5500 -758
322 60 2.1 -5464 -664
326 60 2.1 -5556 -778
331 60 2.1 -5592 -628
335 60 2.1 -5444 -824
339 60 2.1 -5544 -776
344 60 2.1 -5548 -790
348 60 2.1 -5700 -744
352 60 2.1 -5548 -684
357 60 2.1 -5652 -776
362 60 2.1 -5600 -856
366 60 2.1 -5912 -868
371 60 2.1 -5572 -754
376 60 2.1 -5596 -778
381 60 2.1 -5500 -712
385 60 2.1 -5552 -686
390 60 2.1 -5540 -772
395 60 2.1 -5472 -780
401 60 2.1 -5588 -950
406 60 2.1 -5668 -1010
411 60 2.1 -5496 -978
416 60 2.1 -5520 -998
422 60 2.1 -5740 -1028
427 60 2.1 -5480 -1164
433 60 2.1 -5704 -1160
438 60 2.1 -5740 -1224
444 60 2.1 -5744 -1280
449 60 2.1 -5532 -1152
455 60 2.1 -5712 -1128
461 60 2.1 -5612 -1224
467 60 2.1 -5572 -1282
473 60 2.1 -5568 -1324
479 60 2.1 -5672 -1232
485 60 2.1 -5620 -1330
492 60 2.1 -5504 -1294
498 60 2.1 -5632 -1248
504 60 2.1 -5648 -1208
511 60 2.1 -5560 -1198
517 60 2.1 -5676 -1112
524 60 2.1 -5608 -934
531 60 2.1 -5788 -998
538 60 2.1 -5596 -998
545 60 2.1 -5716 -1032
552 60 2.1 -5452 -974
559 60 2.1 -5464 -1178
566 60 2.1 -5420 -1058
573 60 2.1 -5488 -1048
581 60 2.1 -5556 -1164
588 60 2.1 -5580 -1170
596 60 2.1 -5764 -1182
603 60 2.1 -5700 -1176
611 60 2.1 -5328 -1002
619 60 2.1 -5372 -988
627 60 2.1 -5280 -840
635 60 2.1 -5460 -886
643 60 2.1 -5488 -1122
652 60 2.1 -5480 -908
660 60 2.1 -5476 -952
668 60 2.1 -5572 -1102
677 60 2.1 -5416 -1186
686 60 2.1 -5396 -1124
695 60 2.1 -5600 -966
704 60 2.1 -5408 -1038
713 60 2.1 -5748 -1142
722 60 2.1 -5648 -1338
731 60 2.1 -5568 -1374
741 60 2.1 -5436 -1230
750 60 2.1 -5664 -1202
760 60 2.1 -5644 -1246
770 60 2.1 -5576 -1428
780 60 2.1 -5560 -1542
790 60 2.1 -5756 -1708
800 60 2.1 -5688 -1758
810 60 2.1 -5664 -1702
821 60 2.1 -5664 -1778
831 60 2.1 -5644 -1916
842 60 2.1 -5584 -1758
853 60 2.1 -5736 -1776
864 60 2.1 -5584 -1646
875 60 2.1 -5556 -1618
886 60 2.1 -5532 -1548
897 60 2.1 -5664 -1444
909 60 2.1 -5700 -1492
921 60 2.1 -5796 -1692
933 60 2.1 -5688 -1574
945 60 2.1 -5528 -1548
957 60 2.1 -5436 -1406
969 60 2.1 -5416 -1290
982 60 2.1 -5708 -1290
994 60 2.1 -5536 -1262
1007 60 2.1 -5532 -1408
1020 60 2.1 -5516 -1268
1033 60 2.1 -5572 -1374
1047 60 2.1 -5588 -1614
1060 60 2.1 -5560 -1626
1074 60 2.1 -5696 -1740
1088 60 2.1 -5736 -1762
1102 60 2.1 -5820 -1926
1116 60 2.1 -5684 -1880
1130 60 2.1 -5612 -1752
1145 60 2.1 -5732 -1706
1160 60 2.1 -5796 -1794
1174 60 2.1 -5480 -1842
1190 60 2.1 -5632 -1886
1205 60 2.1 -5684 -1782
1220 60 2.1 -5564 -1650
1236 60 2.1 -5696 -1864
1252 60 2.1 -5816 -1872
1268 60 2.1 -5696 -1820
1285 60 2.1 -5524 -1914
1301 60 2.1 -5560 -2030
1318 60 2.1 -5536 -2152
1335 60 2.1 -5720 -2330
1352 60 2.1 -5864 -2592
1370 60 2.1 -5820 -2640
1387 60 2.1 -5768 -2810
1405 60 2.1 -5840 -3010
1423 60 2.1 -5804 -3002
1442 60 2.1 -5800 -3080
1460 60 2.1 -5872 -3058
1479 60 2.1 -6072 -3196
1498 60 2.1 -5920 -3120
1517 60 2.1 -6108 -3224
1537 60 2.1 -5972 -3140
1557 60 2.1 -6176 -3260
1577 60 2.1 -5992 -3154
1597 60 2.1 -6124 -3196
1618 60 2.1 -6060 -3148
1639 60 2.1 -5908 -2968
1660 60 2.1 -6028 -3074
1681 60 2.1 -5920 -3132
1703 60 2.1 -5996 -3138
1725 60 2.1 -5860 -2982
1747 60 2.1 -6028 -3098
1770 60 2.1 -6000 -3166
1792 60 2.1 -6104 -3232
1816 60 2.1 -5952 -3136
1839 60 2.1 -6188 -3240
1863 60 2.1 -6236 -3302
1887 60 2.1 -6132 -3178
1911 60 2.1 -5952 -3088
1936 60 2.1 -5944 -3122
1961 60 2.1 -5880 -3074
1986 60 2.1 -6044 -3166
2012 60 2.1 -6212 -3266
2037 60 2.1 -5964 -3100
2064 60 2.1 -6040 -3192
2090 60 2.1 -5944 -3156
2117 60 2.1 -6064 -3206
2145 60 2.1 -6004 -3156
2172 60 2.1 -6092 -3154
2200 60 2.1 -5968 -3152
2229 60 2.1 -6076 -3212
2257 60 2.1 -6100 -3198
2286 60 2.1 -6000 -3156
2316 60 2.1 -5964 -3160
2346 60 2.1 -6248 -3276
2376 60 2.1 -6048 -3134
2407 60 2.1 -6048 -3146
2438 60 2.1 -5840 -3060
2469 60 2.1 -6044 -3104
2501 60 2.1 -5932 -3018
2533 60 2.1 -5856 -2958
2566 60 2.1 -5972 -3136
2599 60 2.1 -5960 -3182
2633 60 2.1 -6020 -3178
2667 60 2.1 -6000 -3142
2701 60 2.1 -6084 -3210
2736 60 2.1 -6012 -3168
2771 60 2.1 -6064 -3226
2807 60 2.1 -5940 -3080
2843 60 2.1 -5980 -3060
2880 60 2.1 -6128 -3206
2917 60 2.1 -5976 -3112
2954 60 2.1 -6024 -3160
2992 60 2.1 -6060 -3180
3031 60 2.1 -5872 -3070
3070 60 2.1 -6040 -3160
3110 60 2.1 -5992 -3102
3150 60 2.1 -5724 -2972
3190 60 2.1 -6028 -3140
3232 60 2.1 -6080 -3208
3273 60 2.1 -5788 -3108
3315 60 2.1 -5896 -3126
3358 60 2.1 -5980 -3128
3402 60 2.1 -6060 -3204
3445 60 2.1 -6080 -3206
3490 60 2.1 -5908 -3114
3535 60 2.1 -5916 -3108
3580 60 2.1 -6032 -3136
3627 60 2.1 -6008 -3124
3673 60 2.1 -5856 -3046
3721 60 2.1 -6072 -3200
3769 60 2.1 -5844 -3038
3817 60 2.1 -5956 -3140
3867 60 2.1 -6232 -3286
3916 60 2.1 -6024 -3156
3967 60 2.1 -6028 -3152
4018 60 2.1 -5864 -3128
4070 60 2.1 -6084 -3170
4122 60 2.1 -6128 -3198
4176 60 2.1 -6044 -3176
4229 60 2.1 -5912 -3172
4284 60 2.1 -5812 -3050
4339 60 2.1 -6044 -3180
4395 60 2.1 -6064 -3188
4452 60 2.1 -5876 -3032
4509 60 2.1 -6156 -3246
4567 60 2.1 -6240 -3288
4626 60 2.1 -6036 -3180
4686 60 2.1 -5840 -3040
4746 60 2.1 -5812 -2988
4808 60 2.1 -5856 -3018
4870 60 2.1 -6036 -3170
4932 60 2.1 -5676 -2944
4996 60 2.1 -6092 -3210
5060 60 2.1 -6172 -3212
5126 60 2.1 -5964 -3162
5192 60 2.1 -5888 -3064
5259 60 2.1 -5916 -3058
5327 60 2.1 -5852 -3078
5395 60 2.1 -5796 -3056
5465 60 2.1 -6116 -3196
5535 60 2.1 -6184 -3244
5607 60 2.1 -6108 -3116
5679 60 2.1 -5904 -3144
5752 60 2.1 -5880 -3068
5826 60 2.1 -5736 -3028
5902 60 2.1 -5788 -3034
5978 60 2.1 -6296 -3216
6055 60 2.1 -5908 -3110
6133 60 2.1 -5940 -3108
6212 60 2.1 -6084 -3152
6292 60 2.1 -5796 -3054
6373 60 2.1 -6040 -3156
6455 60 2.1 -5924 -3072
6539 60 2.1 -5944 -3096
6623 60 2.1 -5884 -2960
6708 60 2.1 -6088 -3184
6795 60 2.1 -6000 -3120
6883 60 2.1 -6112 -3210
6971 60 2.1 -5964 -3204
7061 60 2.1 -5984 -3168
7152 60 2.1 -5720 -3010
7245 60 2.1 -5988 -3116
7338 60 2.1 -6080 -3188
7433 60 2.1 -5960 -3160
7529 60 2.1 -6028 -3110
7626 60 2.1 -6120 -3208
7724 60 2.1 -5868 -3118
7824 60 2.1 -5972 -3048
7925 60 2.1 -6112 -3230
8027 60 2.1 -6068 -3178
8130 60 2.1 -6028 -3154
8235 60 2.1 -5932 -3126
8341 60 2.1 -6212 -3268
8449 60 2.1 -6092 -3204
8558 60 2.1 -5848 -3054
8668 60 2.1 -5996 -3138
8780 60 2.1 -6040 -3212
8893 60 2.1 -5872 -2990
9008 60 2.1 -5864 -3052
9124 60 2.1 -6028 -3166
9242 60 2.1 -5840 -3056
9361 60 2.1 -5976 -3186
9482 60 2.1 -6160 -3256
9604 60 2.1 -5944 -3136
9728 60 2.1 -5956 -3160
9853 60 2.1 -6124 -3226
9980 60 2.1 -5944 -3132
10109 60 2.1 -6056 -3220
10240 60 2.1 -5952 -3116
10372 60 2.1 -5992 -3144
10505 60 2.1 -6020 -3196
10641 60 2.1 -5944 -3108
10778 60 2.1 -6184 -3252
10917 60 2.1 -5872 -2984
11058 60 2.1 -5980 -3156
11201 60 2.1 -5828 -3014
11345 60 2.1 -6072 -3174
11491 60 2.1 -5968 -3138
11640 60 2.1 -5944 -3140
11790 60 2.1 -5984 -3050
11942 60 2.1 -6004 -3204
12096 60 2.1 -5776 -3070
12252 60 2.1 -5848 -3050
12410 60 2.1 -5904 -3128
12570 60 2.1 -6204 -3272
12732 60 2.1 -6016 -3136
12896 60 2.1 -5904 -2964
13062 60 2.1 -6212 -3300
13231 60 2.1 -6048 -3196
13402 60 2.1 -6068 -3176
13574 60 2.1 -6116 -3154
13750 60 2.1 -5888 -3074
13927 60 2.1 -6096 -3236
14106 60 2.1 -6180 -3226
14288 60 2.1 -6088 -3206
14473 60 2.1 -5976 -3026
14659 60 2.1 -5996 -3108
14848 60 2.1 -6076 -3166
15040 60 2.1 -6036 -3130
15234 60 2.1 -6128 -3186
15430 60 2.1 -5896 -3124
15629 60 2.1 -5880 -2984
15831 60 2.1 -5900 -2986
16035 60 2.1 -6184 -3254
16242 60 2.1 -5968 -3096
16451 60 2.1 -5968 -3168
16664 60 2.1 -6060 -3120
16879 60 2.1 -5952 -3082
17096 60 2.1 -5984 -3154
17317 60 2.1 -5920 -3066
17540 60 2.1 -5764 -2944
17766 60 2.1 -6152 -3208
17995 60 2.1 -6040 -3186
18228 60 2.1 -6144 -3216
18463 60 2.1 -6132 -3228
18701 60 2.1 -5992 -3080
18942 60 2.1 -5872 -3098
19186 60 2.1 -5768 -2962
19434 60 2.1 -5984 -3164
19684 60 2.1 -5908 -3102
19938 60 2.1 -5800 -2956
20195 60 2.1 -5824 -2976
20456 60 2.1 -6088 -3186
20720 60 2.1 -5840 -3072
20987 60 2.1 -5856 -2982
21258 60 2.1 -5896 -3018
21532 60 2.1 -6008 -3128
21810 60 2.1 -5988 -3154
22091 60 2.1 -5960 -3074
22376 60 2.1 -5932 -3140
22664 60 2.1 -5924 -3022
22957 60 2.1 -5904 -3020
23253 60 2.1 -6052 -3122
23553 60 2.1 -5796 -3114
23856 60 2.1 -5964 -3104
24164 60 2.1 -6052 -3180
24476 60 2.1 -5964 -3142
24791 60 2.1 -6140 -3148
25111 60 2.1 -6144 -3200
25435 60 2.1 -6084 -3174
25763 60 2.1 -6024 -3158
26095 60 2.1 -5992 -3132
26432 60 2.1 -5920 -3140
26773 60 2.1 -6044 -3204
27118 60 2.1 -5932 -3104
27468 60 2.1 -6008 -3174
27822 60 2.1 -5584 -2756
28181 60 2.1 -6060 -3164
28545 60 2.1 -6000 -3124
28913 60 2.1 -5968 -3184
29286 60 2.1 -5892 -3062
29663 60 2.1 -5908 -3054
30046 60 2.1 -6028 -3192
30434 60 2.1 -5880 -2956
30826 60 2.1 -5876 -3004
31224 60 2.1 -5892 -3052
31626 60 2.1 -5960 -3074
32034 60 2.1 -6176 -3278
32447 60 2.1 -5828 -3052
32866 60 2.1 -5980 -3026
33290 60 2.1 -6072 -3184
33719 60 2.1 -6056 -3152
34154 60 2.1 -5712 -2990
34595 60 2.1 -6052 -3162
35041 60 2.1 -5832 -3058
35493 60 2.1 -5948 -3016
35951 60 2.1 -6036 -3200
36414 60 2.1 -6280 -3278
36884 60 2.1 -5964 -3180
37360 60 2.1 -6072 -3244
37841 60 2.1 -5940 -3132
38330 60 2.1 -6084 -3190
38824 60 2.1 -5748 -2926
39325 60 2.1 -5804 -2934
39832 60 2.1 -6268 -3248
40346 60 2.1 -5872 -3114
40866 60 2.1 -5936 -3168
41393 60 2.1 -6128 -3220
41927 60 2.1 -6000 -3134
42468 60 2.1 -6036 -3202
43015 60 2.1 -5744 -3032
43570 60 2.1 -5980 -3114
44132 60 2.1 -5800 -3066
44701 60 2.1 -6024 -3124
45278 60 2.1 -5916 -3150
45862 60 2.1 -5960 -3170
46453 60 2.1 -6052 -3014
47053 60 2.1 -6212 -3246
47660 60 2.1 -5964 -3108
48274 60 2.1 -5916 -3084
48897 60 2.1 -5904 -3094
49528 60 2.1 -6080 -3188
50166 60 2.1 -5980 -3064
50813 60 2.1 -6160 -3234
51469 60 2.1 -6060 -3202
52133 60 2.1 -5976 -3134
52805 60 2.1 -5836 -3090
53486 60 2.1 -6076 -3186
54176 60 2.1 -6068 -3210
54875 60 2.1 -6080 -3162
55582 60 2.1 -6068 -3184
56299 60 2.1 -5912 -3104
57025 60 2.1 -6012 -3076
57761 60 2.1 -5896 -3126
58506 60 2.1 -6204 -3196
59261 60 2.1 -5960 -3118
60025 60 2.1 -5776 -2978
60799 60 2.1 -6184 -3242
61583 60 2.1 -5908 -3086
62378 60 2.1 -6192 -3276
63182 60 2.1 -5932 -3160
63997 60 2.1 -5952 -3126
64822 60 2.1 -5816 -3080
65658 60 2.1 -5884 -3088
66505 60 2.1 -5960 -3114
67363 60 2.1 -6052 -3200
68232 60 2.1 -6120 -3216
69112 60 2.1 -5920 -3154
70003 60 2.1 -5960 -3040
70906 60 2.1 -5760 -3060
71821 60 2.1 -6104 -3218
72747 60 2.1 -5944 -3042
73685 60 2.1 -6028 -3162
74636 60 2.1 -6056 -3172
75599 60 2.1 -5920 -3116
76574 60 2.1 -5956 -3114
77561 60 2.1 -6012 -3182
78562 60 2.1 -6040 -3162
79575 60 2.1 -6052 -3100
80601 60 2.1 -5800 -3078
81641 60 2.1 -6080 -3212
82694 60 2.1 -6132 -3244
83760 60 2.1 -5948 -3184
84841 60 2.1 -6168 -3254
85935 60 2.1 -5852 -3058
87043 60 2.1 -6044 -3136
88166 60 2.1 -6132 -3202
89303 60 2.1 -6036 -3154
90455 60 2.1 -6068 -3178
91622 60 2.1 -5872 -3032
92803 60 2.1 -6096 -3188
94000 60 2.1 -5992 -3156
95213 60 2.1 -6104 -3212
96441 60 2.1 -6036 -3214
97685 60 2.1 -6020 -3208
98945 60 2.1 -5936 -3138
100221 60 2.1 -6152 -3192
101513 60 2.1 -6068 -3178
102823 60 2.1 -5936 -3118
104149 60 2.1 -5928 -3072
105492 60 2.1 -5896 -3124
106853 60 2.1 -5960 -3140
108231 60 2.1 -6044 -3116
109627 60 2.1 -6016 -3116
111041 60 2.1 -5952 -3094
112473 60 2.1 -5968 -3044
113924 60 2.1 -6104 -3182
115393 60 2.1 -6112 -3164
116882 60 2.1 -6048 -3198
118389 60 2.1 -5976 -3156
119916 60 2.1 -6144 -3230
121463 60 2.1 -5928 -3126
123029 60 2.1 -5928 -3098
124616 60 2.1 -5988 -3138
126224 60 2.1 -6108 -3244
127852 60 2.1 -5896 -3088
129501 60 2.1 -5952 -3116
131171 60 2.1 -6020 -3180
132863 60 2.1 -5964 -3168
134576 60 2.1 -6116 -3212
136312 60 2.1 -5824 -3074
138070 60 2.1 -5780 -3082
139851 60 2.1 -5828 -3098
141655 60 2.1 -6024 -3206
143482 60 2.1 -5964 -3096
145333 60 2.1 -6072 -3136
147207 60 2.1 -6100 -3150
149106 60 2.1 -5864 -3042
151029 60 2.1 -5912 -3000
152977 60 2.1 -6076 -3210
154950 60 2.1 -5920 -3104
156948 60 2.1 -6048 -3112
158973 60 2.1 -5900 -3114
161023 60 2.1 -5844 -3086
163100 60 2.1 -5772 -3074
165204 60 2.1 -5788 -3054
167334 60 2.1 -5836 -3060
169493 60 2.1 -6172 -3256
171679 60 2.1 -5996 -3190
173893 60 2.1 -5932 -3086
176136 60 2.1 -5860 -3078
178408 60 2.1 -6004 -3140
180709 60 2.1 -5708 -2948
183040 60 2.1 -6192 -3244
185400 60 2.1 -5940 -3120
187792 60 2.1 -6120 -3174
190214 60 2.1 -6160 -3206
192667 60 2.1 -6092 -3224
195152 60 2.1 -5880 -3112
197669 60 2.1 -5792 -3018
200219 60 2.1 -5704 -2866
202801 60 2.1 -6056 -3190
205417 60 2.1 -6024 -3166
208066 60 2.1 -6268 -3326
210750 60 2.1 -6044 -3188
213468 60 2.1 -6028 -3174
216222 60 2.1 -5832 -3088
219010 60 2.1 -5956 -3136
221835 60 2.1 -5880 -3084
224696 60 2.1 -6140 -3228
227595 60 2.1 -6052 -3202
230530 60 2.1 -6040 -3166
233503 60 2.1 -5948 -3134
236515 60 2.1 -6064 -3122
239566 60 2.1 -6060 -3204
242656 60 2.1 -6024 -3220
245785 60 2.1 -6144 -3262
248956 60 2.1 -5988 -3138
252167 60 2.1 -5780 -2982
255419 60 2.1 -5876 -3112
258713 60 2.1 -5972 -3048
262050 60 2.1 -5932 -3122
265430 60 2.1 -5944 -3050
268854 60 2.1 -5960 -3016
272321 60 2.1 -5828 -3094
275834 60 2.1 -6052 -3134
279391 60 2.1 -5928 -3058
282995 60 2.1 -5840 -3068
286645 60 2.1 -5932 -3088
290342 60 2.1 -6184 -3268
294087 60 2.1 -5932 -3132
297880 60 2.1 -5896 -3004
301722 60 2.1 -5908 -3104
305614 60 2.1 -6032 -3062
309556 60 2.1 -5852 -2968
313548 60 2.1 -5928 -3138
317592 60 2.1 -5864 -3110
321689 60 2.1 -6044 -3192
325838 60 2.1 -6000 -3172
330040 60 2.1 -6016 -3154
334297 60 2.1 -5868 -3082
338609 60 2.1 -5888 -3030
342976 60 2.1 -6016 -3068
347400 60 2.1 -6028 -3096
351881 60 2.1 -5792 -2934
356419 60 2.1 -5848 -3088
361016 60 2.1 -6048 -3224
365673 60 2.1 -5984 -3126
370389 60 2.1 -5800 -3088
375167 60 2.1 -5888 -3094
380005 60 2.1 -5944 -3010
384907 60 2.1 -5972 -2986
389871 60 2.1 -6188 -3190
394900 60 2.1 -6080 -3232
399993 60 2.1 -5964 -3092
405152 60 2.1 -5856 -3126
410378 60 2.1 -5944 -3054
415671 60 2.1 -5860 -2970
421032 60 2.1 -6104 -3152
426463 60 2.1 -5844 -3092
431963 60 2.1 -6040 -3088
437535 60 2.1 -5920 -3080
443178 60 2.1 -6304 -3282
448894 60 2.1 -5936 -3112
454684 60 2.1 -5988 -3134
460548 60 2.1 -6044 -3162
466489 60 2.1 -5840 -2982
472505 60 2.1 -5912 -3078
478600 60 2.1 -6240 -3230
484773 60 2.1 -5692 -2898
491025 60 2.1 -5956 -3140
497358 60 2.1 -5696 -3034
503773 60 2.1 -6072 -3232
510271 60 2.1 -5988 -3124
516852 60 2.1 -5776 -2954
523519 60 2.1 -5868 -3172
530271 60 2.1 -6100 -3232
537111 60 2.1 -5896 -3066
544038 60 2.1 -5904 -3084
551055 60 2.1 -5748 -2848
558163 60 2.1 -5784 -3084
565362 60 2.1 -5992 -3168
572654 60 2.1 -5984 -3174
580040 60 2.1 -6000 -3126
587521 60 2.1 -5964 -3144
595099 60 2.1 -6072 -3182
602775 60 2.1 -5904 -3074
610549 60 2.1 -5956 -3076
618424 60 2.1 -6228 -3248
626400 60 2.1 -6080 -3150
634480 60 2.1 -5828 -2992
642663 60 2.1 -5904 -3152
650952 60 2.1 -6040 -3182
659348 60 2.1 -6072 -3176
667853 60 2.1 -6156 -3200
676467 60 2.1 -6176 -3230
685192 60 2.1 -6064 -3224
694029 60 2.1 -5924 -3130
702981 60 2.1 -5900 -3090
712048 60 2.1 -6240 -3248
721232 60 2.1 -6076 -3212
730534 60 2.1 -5964 -3136
739957 60 2.1 -6128 -3194
749500 60 2.1 -6020 -3156
759168 60 2.1 -6036 -3222
768959 60 2.1 -6112 -3144
778877 60 2.1 -6196 -3226
788923 60 2.1 -5680 -2884
799099 60 2.1 -5848 -3006
809405 60 2.1 -6052 -3198
819845 60 2.1 -5908 -3120
830419 60 2.1 -5944 -3074
841130 60 2.1 -5980 -3102
851979 60 2.1 -5948 -3114
862968 60 2.1 -6272 -3286
874098 60 2.1 -5916 -3086
885373 60 2.1 -5808 -3124
896792 60 2.1 -6056 -3134
908359 60 2.1 -5776 -2882
920075 60 2.1 -5892 -3112
931942 60 2.1 -6064 -3176
943962 60 2.1 -5972 -3180
956137 60 2.1 -5740 -3016
968470 60 2.1 -6068 -3174
980961 60 2.1 -6072 -3196
993613 60 2.1 -5960 -3030
999999 60 2.1 -5800 -3034
