3 140 2.3 -17808 -40
4 140 2.3 -19304 14
5 140 2.3 -20452 130
6 140 2.3 -20788 322
7 140 2.3 -21668 58
8 140 2.3 -21900 36
9 140 2.3 -22220 -50
10 140 2.3 -22680 44
11 140 2.3 -22788 200
12 140 2.3 -23124 538
13 140 2.3 -22912 480
14 140 2.3 -23084 516
15 140 2.3 -23580 548
16 140 2.3 -23372 610
17 140 2.3 -23632 532
18 140 2.3 -23824 540
19 140 2.3 -24124 570
20 140 2.3 -24184 696
21 140 2.3 -23904 662
22 140 2.3 -24048 756
23 140 2.3 -24456 490
24 140 2.3 -24704 630
25 140 2.3 -24600 634
26 140 2.3 -24344 506
27 140 2.3 -24396 442
28 140 2.3 -24320 392
29 140 2.3 -24376 154
30 140 2.3 -24568 332
31 140 2.3 -24728 160
32 140 2.3 -24840 -2
33 140 2.3 -24832 -136
34 140 2.3 -24776 -262
35 140 2.3 -24676 -236
36 140 2.3 -24996 -210
37 140 2.3 -25240 -234
38 140 2.3 -25200 -292
39 140 2.3 -25008 -336
40 140 2.3 -25096 -298
41 140 2.3 -25072 -292
42 140 2.3 -25008 -430
43 140 2.3 -24832 -446
44 140 2.3 -24948 -482
45 140 2.3 -25172 -332
46 140 2.3 -24956 -220
47 140 2.3 -24536 -188
48 140 2.3 -25040 -108
49 140 2.3 -25352 170
50 140 2.3 -24944 384
51 140 2.3 -25032 264
52 140 2.3 -25120 228
53 140 2.3 -25396 332
54 140 2.3 -25168 430
55 140 2.3 -25044 550
56 140 2.3 -25284 344
57 140 2.3 -25396 406
58 140 2.3 -25508 370
59 140 2.3 -25176 518
60 140 2.3 -24936 644
61 140 2.3 -24964 414
62 140 2.3 -24492 556
63 140 2.3 -25004 422
64 140 2.3 -25036 506
65 140 2.3 -25172 392
66 140 2.3 -25240 338
67 140 2.3 -25028 448
68 140 2.3 -25176 638
69 140 2.3 -24944 642
70 140 2.3 -25176 672
71 140 2.3 -24492 710
72 140 2.3 -24988 556
73 140 2.3 -25020 360
74 140 2.3 -24976 410
75 140 2.3 -25040 318
76 140 2.3 -24964 46
77 140 2.3 -25212 240
78 140 2.3 -24852 208
79 140 2.3 -24904 306
80 140 2.3 -25012 18
81 140 2.3 -24900 56
82 140 2.3 -24948 160
83 140 2.3 -25112 -38
84 140 2.3 -25252 -270
85 140 2.3 -25324 -360
86 140 2.3 -24968 -172
88 140 2.3 -25256 -10
89 140 2.3 -25276 -214
90 140 2.3 -25312 -36
91 140 2.3 -25132 -20
92 140 2.3 -24964 -60
93 140 2.3 -25284 -348
95 140 2.3 -25280 -236
96 140 2.3 -25636 -58
97 140 2.3 -25720 -206
98 140 2.3 -25536 -370
99 140 2.3 -25480 -314
101 140 2.3 -25584 -602
102 140 2.3 -25516 -620
103 140 2.3 -25328 -426
105 140 2.3 -25496 -394
106 140 2.3 -25320 -414
107 140 2.3 -25784 -644
109 140 2.3 -26072 -616
110 140 2.3 -25844 -400
112 140 2.3 -25676 -808
113 140 2.3 -25408 -682
114 140 2.3 -25392 -730
116 140 2.3 -25428 -836
117 140 2.3 -25360 -876
119 140 2.3 -25676 -884
120 140 2.3 -25672 -1158
122 140 2.3 -25980 -1190
124 140 2.3 -26056 -826
125 140 2.3 -26252 -952
127 140 2.3 -25704 -1056
128 140 2.3 -25604 -768
130 140 2.3 -25792 -990
132 140 2.3 -25488 -702
133 140 2.3 -25572 -888
135 140 2.3 -25888 -700
137 140 2.3 -26524 -610
139 140 2.3 -26028 -508
140 140 2.3 -26004 -610
142 140 2.3 -25972 -590
144 140 2.3 -25960 -568
146 140 2.3 -26020 -692
148 140 2.3 -25840 -850
150 140 2.3 -25908 -532
152 140 2.3 -26244 -500
154 140 2.3 -25756 -388
155 140 2.3 -25876 -354
157 140 2.3 -26080 -526
160 140 2.3 -25516 -766
162 140 2.3 -25308 -708
164 140 2.3 -25332 -628
166 140 2.3 -25144 -714
168 140 2.3 -25400 -552
170 140 2.3 -25720 -414
172 140 2.3 -25148 -136
174 140 2.3 -25504 -298
177 140 2.3 -25288 -268
179 140 2.3 -25724 -378
181 140 2.3 -25632 -430
184 140 2.3 -26048 -440
186 140 2.3 -26008 -544
188 140 2.3 -25912 -762
191 140 2.3 -26220 -970
193 140 2.3 -25936 -678
196 140 2.3 -25864 -770
198 140 2.3 -25924 -560
201 140 2.3 -25500 -786
203 140 2.3 -25652 -752
206 140 2.3 -25948 -478
209 140 2.3 -25756 -524
211 140 2.3 -25740 -386
214 140 2.3 -25640 -250
217 140 2.3 -25468 -2
220 140 2.3 -25564 -158
222 140 2.3 -25956 -298
225 140 2.3 -25808 -144
228 140 2.3 -25836 -242
231 140 2.3 -25900 -166
234 140 2.3 -25684 -110
237 140 2.3 -25360 24
240 140 2.3 -25464 160
243 140 2.3 -25680 26
246 140 2.3 -25764 -56
250 140 2.3 -25380 -486
253 140 2.3 -25520 -834
256 140 2.3 -25204 -794
259 140 2.3 -25520 -768
263 140 2.3 -25508 -1152
266 140 2.3 -25984 -1462
269 140 2.3 -25964 -1104
273 140 2.3 -26208 -994
276 140 2.3 -26208 -806
280 140 2.3 -26040 -458
284 140 2.3 -26016 -606
287 140 2.3 -25324 -502
291 140 2.3 -25284 -230
295 140 2.3 -25464 -612
298 140 2.3 -25300 -282
302 140 2.3 -25988 -270
306 140 2.3 -25748 -482
310 140 2.3 -25932 -478
314 140 2.3 -25368 -922
318 140 2.3 -26068 -958
322 140 2.3 -25848 -1282
326 140 2.3 -25840 -1184
331 140 2.3 -25348 -1120
335 140 2.3 -25816 -1130
339 140 2.3 -25536 -1174
344 140 2.3 -25792 -890
348 140 2.3 -25884 -1236
352 140 2.3 -25920 -1610
357 140 2.3 -26228 -2250
362 140 2.3 -26224 -2332
366 140 2.3 -26040 -2128
371 140 2.3 -26288 -2106
376 140 2.3 -26132 -2442
381 140 2.3 -26356 -2116
385 140 2.3 -26548 -2192
390 140 2.3 -26068 -2610
395 140 2.3 -26320 -2676
401 140 2.3 -26452 -3308
406 140 2.3 -25652 -3054
411 140 2.3 -25980 -3018
416 140 2.3 -26252 -2978
422 140 2.3 -25728 -3122
427 140 2.3 -25960 -3360
433 140 2.3 -25644 -3422
438 140 2.3 -26176 -3408
444 140 2.3 -26060 -3192
449 140 2.3 -26380 -2950
455 140 2.3 -26280 -2710
461 140 2.3 -25648 -2200
467 140 2.3 -25784 -2830
473 140 2.3 -25688 -3064
479 140 2.3 -26068 -2976
485 140 2.3 -25928 -3222
492 140 2.3 -26116 -3138
498 140 2.3 -26892 -2914
504 140 2.3 -26600 -2686
511 140 2.3 -26136 -2538
517 140 2.3 -25656 -2724
524 140 2.3 -25784 -3294
531 140 2.3 -25768 -3074
538 140 2.3 -26064 -2956
545 140 2.3 -25956 -2330
552 140 2.3 -25496 -2388
559 140 2.3 -25520 -2802
566 140 2.3 -25692 -3230
573 140 2.3 -25308 -3020
581 140 2.3 -25860 -3420
588 140 2.3 -25676 -3120
596 140 2.3 -26088 -2790
603 140 2.3 -25976 -2526
611 140 2.3 -26236 -2668
619 140 2.3 -25716 -2748
627 140 2.3 -26236 -2726
635 140 2.3 -26048 -2534
643 140 2.3 -26092 -2472
652 140 2.3 -26104 -2324
660 140 2.3 -25940 -2420
668 140 2.3 -26016 -1966
677 140 2.3 -25864 -1468
686 140 2.3 -26144 -2250
695 140 2.3 -25968 -2806
704 140 2.3 -26060 -2628
713 140 2.3 -25948 -2482
722 140 2.3 -26396 -3116
731 140 2.3 -25888 -3886
741 140 2.3 -26120 -3820
750 140 2.3 -26056 -3390
760 140 2.3 -26392 -2990
770 140 2.3 -26328 -3084
780 140 2.3 -25784 -3486
790 140 2.3 -26168 -3538
800 140 2.3 -25852 -2904
810 140 2.3 -26356 -2940
821 140 2.3 -26036 -2818
831 140 2.3 -25900 -2224
842 140 2.3 -26208 -2632
853 140 2.3 -26020 -2452
864 140 2.3 -26420 -2480
875 140 2.3 -26508 -2852
886 140 2.3 -26856 -2938
897 140 2.3 -26356 -3054
909 140 2.3 -26896 -2714
921 140 2.3 -26332 -2322
933 140 2.3 -27044 -2408
945 140 2.3 -26972 -2962
957 140 2.3 -26788 -2074
969 140 2.3 -26708 -1700
982 140 2.3 -26272 -1644
994 140 2.3 -26412 -1518
1007 140 2.3 -26952 -2076
1020 140 2.3 -26812 -1914
1033 140 2.3 -27032 -2088
1047 140 2.3 -26576 -1422
1060 140 2.3 -26348 -930
1074 140 2.3 -26320 -532
1088 140 2.3 -25940 -192
1102 140 2.3 -26036 -156
1116 140 2.3 -26328 -512
1130 140 2.3 -26232 -1036
1145 140 2.3 -26676 -1002
1160 140 2.3 -26796 -900
1174 140 2.3 -26744 -1312
1190 140 2.3 -26524 -744
1205 140 2.3 -26248 -658
1220 140 2.3 -26680 -224
1236 140 2.3 -25972 -724
1252 140 2.3 -26472 -500
1268 140 2.3 -26324 -304
1285 140 2.3 -26948 -922
1301 140 2.3 -26544 -784
1318 140 2.3 -26312 -1338
1335 140 2.3 -25808 -1780
1352 140 2.3 -26776 -2264
1370 140 2.3 -26992 -2324
1387 140 2.3 -26688 -3238
1405 140 2.3 -26800 -2870
1423 140 2.3 -26904 -3062
1442 140 2.3 -27180 -3098
1460 140 2.3 -26868 -2682
1479 140 2.3 -26396 -2098
1498 140 2.3 -26476 -2934
1517 140 2.3 -26680 -2448
1537 140 2.3 -26292 -2074
1557 140 2.3 -26224 -1750
1577 140 2.3 -26328 -1676
1597 140 2.3 -26532 -1644
1618 140 2.3 -26384 -750
1639 140 2.3 -26392 -782
1660 140 2.3 -26424 -1190
1681 140 2.3 -26988 -2006
1703 140 2.3 -25940 -1674
1725 140 2.3 -26740 -1918
1747 140 2.3 -26088 -1916
1770 140 2.3 -26244 -964
1792 140 2.3 -26624 -1312
1816 140 2.3 -26184 -1842
1839 140 2.3 -25984 -2436
1863 140 2.3 -25768 -1942
1887 140 2.3 -26248 -2396
1911 140 2.3 -26368 -2738
1936 140 2.3 -26056 -2800
1961 140 2.3 -25680 -2506
1986 140 2.3 -26236 -2562
2012 140 2.3 -26604 -2876
2037 140 2.3 -25860 -2812
2064 140 2.3 -25700 -3242
2090 140 2.3 -25660 -2600
2117 140 2.3 -25928 -3334
2145 140 2.3 -25876 -4054
2172 140 2.3 -25736 -3954
2200 140 2.3 -25356 -4260
2229 140 2.3 -25664 -4518
2257 140 2.3 -26068 -5322
2286 140 2.3 -25972 -4290
2316 140 2.3 -26272 -5232
2346 140 2.3 -25932 -5616
2376 140 2.3 -25428 -5240
2407 140 2.3 -25120 -4374
2438 140 2.3 -25596 -4122
2469 140 2.3 -25668 -4554
2501 140 2.3 -25688 -4560
2533 140 2.3 -25964 -4938
2566 140 2.3 -26092 -5906
2599 140 2.3 -26532 -6770
2633 140 2.3 -25896 -6242
2667 140 2.3 -27304 -7332
2701 140 2.3 -26692 -7542
2736 140 2.3 -26248 -7178
2771 140 2.3 -26168 -6938
2807 140 2.3 -26704 -6976
2843 140 2.3 -25728 -5774
2880 140 2.3 -26548 -5018
2917 140 2.3 -26776 -5266
2954 140 2.3 -25404 -4506
2992 140 2.3 -25608 -3616
3031 140 2.3 -25772 -2618
3070 140 2.3 -26388 -3694
3110 140 2.3 -25844 -2842
3150 140 2.3 -25884 -4430
3190 140 2.3 -25140 -3764
3232 140 2.3 -25756 -2582
3273 140 2.3 -25888 -1922
3315 140 2.3 -26156 -2614
3358 140 2.3 -26388 -1850
3402 140 2.3 -26184 -1500
3445 140 2.3 -25748 -876
3490 140 2.3 -26540 -1362
3535 140 2.3 -26460 -1946
3580 140 2.3 -26112 -908
3627 140 2.3 -26652 154
3673 140 2.3 -26208 0
3721 140 2.3 -25860 896
3769 140 2.3 -25184 978
3817 140 2.3 -25924 1442
3867 140 2.3 -26900 2434
3916 140 2.3 -26264 748
3967 140 2.3 -25832 1932
4018 140 2.3 -26552 2472
4070 140 2.3 -25804 3228
4122 140 2.3 -25676 3284
4176 140 2.3 -26380 4054
4229 140 2.3 -26168 4324
4284 140 2.3 -25964 4418
4339 140 2.3 -25692 3988
4395 140 2.3 -25268 2140
4452 140 2.3 -25816 1804
4509 140 2.3 -25460 3178
4567 140 2.3 -25492 4874
4626 140 2.3 -26416 5182
4686 140 2.3 -25800 4236
4746 140 2.3 -26364 4402
4808 140 2.3 -25728 4900
4870 140 2.3 -25944 5104
4932 140 2.3 -25784 3706
4996 140 2.3 -26332 3832
5060 140 2.3 -25332 3366
5126 140 2.3 -26772 4160
5192 140 2.3 -26716 4394
5259 140 2.3 -26284 5458
5327 140 2.3 -26644 3914
5395 140 2.3 -26088 380
5465 140 2.3 -25996 -2366
5535 140 2.3 -26060 -1964
5607 140 2.3 -26444 -3972
5679 140 2.3 -26484 -4898
5752 140 2.3 -26220 -4280
5826 140 2.3 -26748 -4978
5902 140 2.3 -26256 -4188
5978 140 2.3 -25900 -3696
6055 140 2.3 -27360 -6330
6133 140 2.3 -26508 -5138
6212 140 2.3 -25972 -4986
6292 140 2.3 -26812 -4092
6373 140 2.3 -26816 -5284
6455 140 2.3 -26804 -5354
6539 140 2.3 -27248 -6310
6623 140 2.3 -26496 -6756
6708 140 2.3 -26560 -8036
6795 140 2.3 -26880 -8240
6883 140 2.3 -26656 -7376
6971 140 2.3 -27052 -8506
7061 140 2.3 -26308 -5720
7152 140 2.3 -26144 -6354
7245 140 2.3 -25268 -4968
7338 140 2.3 -26720 -6114
7433 140 2.3 -26784 -6334
7529 140 2.3 -26000 -5110
7626 140 2.3 -26140 -7122
7724 140 2.3 -26384 -6768
7824 140 2.3 -26820 -6896
7925 140 2.3 -26192 -5916
8027 140 2.3 -26256 -5302
8130 140 2.3 -26916 -6540
8235 140 2.3 -27012 -4244
8341 140 2.3 -25908 -3916
8449 140 2.3 -25928 -5494
8558 140 2.3 -26868 -7100
8668 140 2.3 -26688 -6390
8780 140 2.3 -25836 -5354
8893 140 2.3 -26948 -4320
9008 140 2.3 -26140 -4510
9124 140 2.3 -25964 -4148
9242 140 2.3 -26440 -4806
9361 140 2.3 -26688 -7378
9482 140 2.3 -26352 -7782
9604 140 2.3 -26764 -8414
9728 140 2.3 -26552 -8416
9853 140 2.3 -27176 -9608
9980 140 2.3 -26184 -8200
10109 140 2.3 -26236 -7104
10240 140 2.3 -26908 -8396
10372 140 2.3 -26612 -8182
10505 140 2.3 -26412 -6156
10641 140 2.3 -26360 -7294
10778 140 2.3 -26916 -6326
10917 140 2.3 -25612 -3304
11058 140 2.3 -26316 -5964
11201 140 2.3 -26052 -6666
11345 140 2.3 -26720 -6974
11491 140 2.3 -26108 -7336
11640 140 2.3 -27388 -8432
11790 140 2.3 -26252 -8858
11942 140 2.3 -27268 -9276
12096 140 2.3 -26512 -9186
12252 140 2.3 -26104 -6974
12410 140 2.3 -26568 -8376
12570 140 2.3 -27140 -9018
12732 140 2.3 -27056 -10462
12896 140 2.3 -27148 -10218
13062 140 2.3 -26672 -6634
13231 140 2.3 -26480 -7206
13402 140 2.3 -25920 -5920
13574 140 2.3 -25656 -5062
13750 140 2.3 -26204 -5048
13927 140 2.3 -25920 -5302
14106 140 2.3 -26300 -6820
14288 140 2.3 -26132 -6488
14473 140 2.3 -26524 -7522
14659 140 2.3 -26332 -5898
14848 140 2.3 -26348 -3636
15040 140 2.3 -26684 -5676
15234 140 2.3 -26096 -4874
15430 140 2.3 -26636 -4064
15629 140 2.3 -26620 -3188
15831 140 2.3 -26516 -4198
16035 140 2.3 -26216 -5686
16242 140 2.3 -26848 -8796
16451 140 2.3 -27340 -10906
16664 140 2.3 -26472 -9792
16879 140 2.3 -27152 -10488
17096 140 2.3 -26624 -9690
17317 140 2.3 -26576 -10188
17540 140 2.3 -27136 -10638
17766 140 2.3 -26408 -7644
17995 140 2.3 -26716 -6924
18228 140 2.3 -27116 -9074
18463 140 2.3 -26160 -7854
18701 140 2.3 -26208 -7388
18942 140 2.3 -26888 -7820
19186 140 2.3 -26588 -8186
19434 140 2.3 -26088 -7934
19684 140 2.3 -27024 -9040
19938 140 2.3 -25900 -7328
20195 140 2.3 -26424 -8532
20456 140 2.3 -26704 -10164
20720 140 2.3 -27232 -11326
20987 140 2.3 -27136 -10506
21258 140 2.3 -27004 -9194
21532 140 2.3 -25780 -7034
21810 140 2.3 -25548 -6000
22091 140 2.3 -25360 -5842
22376 140 2.3 -26432 -5102
22664 140 2.3 -26012 -6754
22957 140 2.3 -26100 -2594
23253 140 2.3 -25996 486
23553 140 2.3 -25916 2128
23856 140 2.3 -26532 3766
24164 140 2.3 -26112 3156
24476 140 2.3 -26684 494
24791 140 2.3 -26400 658
25111 140 2.3 -26728 -1346
25435 140 2.3 -25656 -3364
25763 140 2.3 -26768 -4834
26095 140 2.3 -26672 -4324
26432 140 2.3 -26728 -3658
26773 140 2.3 -26144 -3300
27118 140 2.3 -25548 1524
27468 140 2.3 -25420 74
27822 140 2.3 -26376 -2860
28181 140 2.3 -26368 -4852
28545 140 2.3 -26192 -7162
28913 140 2.3 -26876 -6630
29286 140 2.3 -26740 -7700
29663 140 2.3 -27056 -9338
30046 140 2.3 -26852 -10772
30434 140 2.3 -26904 -8390
30826 140 2.3 -26512 -9328
31224 140 2.3 -26632 -9072
31626 140 2.3 -25988 -7078
32034 140 2.3 -26548 -6204
32447 140 2.3 -26416 -2836
32866 140 2.3 -26872 -4382
33290 140 2.3 -26076 -3974
33719 140 2.3 -26532 -3036
34154 140 2.3 -26756 -5640
34595 140 2.3 -26536 -4846
35041 140 2.3 -25520 -4208
35493 140 2.3 -25728 -6106
35951 140 2.3 -26900 -9342
36414 140 2.3 -27260 -12164
36884 140 2.3 -26792 -11816
37360 140 2.3 -25696 -6288
37841 140 2.3 -25944 -6290
38330 140 2.3 -26436 -5958
38824 140 2.3 -26948 -4942
39325 140 2.3 -26296 -6898
39832 140 2.3 -26560 -7650
40346 140 2.3 -25764 -620
40866 140 2.3 -25696 -3296
41393 140 2.3 -26444 -2266
41927 140 2.3 -25960 -970
42468 140 2.3 -26140 -2726
43015 140 2.3 -26724 -360
43570 140 2.3 -26656 -2722
44132 140 2.3 -27200 -7256
44701 140 2.3 -26552 -6434
45278 140 2.3 -26308 -6764
45862 140 2.3 -26416 -5662
46453 140 2.3 -26544 -6744
47053 140 2.3 -25796 -3020
47660 140 2.3 -25816 -4700
48274 140 2.3 -26552 -4914
48897 140 2.3 -26356 -3998
49528 140 2.3 -26524 -4880
50166 140 2.3 -26084 -4156
50813 140 2.3 -26240 -4970
51469 140 2.3 -26864 -6074
52133 140 2.3 -26500 -1714
52805 140 2.3 -26216 -364
53486 140 2.3 -26200 -192
54176 140 2.3 -26152 958
54875 140 2.3 -25808 -734
55582 140 2.3 -25700 -242
56299 140 2.3 -25964 -4694
57025 140 2.3 -27036 -8362
57761 140 2.3 -27220 -9454
58506 140 2.3 -25704 -8540
59261 140 2.3 -26432 -5216
60025 140 2.3 -26016 -7022
60799 140 2.3 -26336 -8042
61583 140 2.3 -26004 -5272
62378 140 2.3 -26668 -7188
63182 140 2.3 -26752 -10318
63997 140 2.3 -26380 -5434
64822 140 2.3 -25580 326
65658 140 2.3 -26196 3586
66505 140 2.3 -26112 4738
67363 140 2.3 -27068 3196
68232 140 2.3 -25960 1514
69112 140 2.3 -26024 -240
70003 140 2.3 -26224 720
70906 140 2.3 -25456 -48
71821 140 2.3 -26440 2188
72747 140 2.3 -26592 7404
73685 140 2.3 -26204 7012
74636 140 2.3 -26032 -660
75599 140 2.3 -26176 -922
76574 140 2.3 -26272 -4668
77561 140 2.3 -26504 -5960
78562 140 2.3 -26004 -4422
79575 140 2.3 -26240 2178
80601 140 2.3 -25828 -626
81641 140 2.3 -26096 -3594
82694 140 2.3 -26272 -5380
83760 140 2.3 -25052 -5918
84841 140 2.3 -26176 -3740
85935 140 2.3 -25788 -2458
87043 140 2.3 -26952 -5154
88166 140 2.3 -26464 -5344
89303 140 2.3 -25508 -1430
90455 140 2.3 -26756 5076
91622 140 2.3 -26044 2224
92803 140 2.3 -25968 2844
94000 140 2.3 -26300 746
95213 140 2.3 -26252 2968
96441 140 2.3 -26928 862
97685 140 2.3 -25664 -58
98945 140 2.3 -25932 3932
100221 140 2.3 -25728 1772
101513 140 2.3 -26984 -1548
102823 140 2.3 -26844 5356
104149 140 2.3 -26616 7276
105492 140 2.3 -25960 6244
106853 140 2.3 -26620 7520
108231 140 2.3 -27028 7242
109627 140 2.3 -27012 5312
111041 140 2.3 -26436 3432
112473 140 2.3 -25256 1616
113924 140 2.3 -26328 4382
115393 140 2.3 -26016 6530
116882 140 2.3 -25784 3526
118389 140 2.3 -26488 1944
119916 140 2.3 -25988 -1618
121463 140 2.3 -26192 -4878
123029 140 2.3 -27044 -4580
124616 140 2.3 -26460 -1232
126224 140 2.3 -25520 -1544
127852 140 2.3 -26408 -276
129501 140 2.3 -26740 -532
131171 140 2.3 -26020 1704
132863 140 2.3 -27200 4572
134576 140 2.3 -25876 3288
136312 140 2.3 -26140 8428
138070 140 2.3 -27196 7096
139851 140 2.3 -26120 2420
141655 140 2.3 -26080 6454
143482 140 2.3 -27296 10552
145333 140 2.3 -26496 4428
147207 140 2.3 -26660 -2384
149106 140 2.3 -26404 -5774
151029 140 2.3 -26248 -5716
152977 140 2.3 -26756 -4002
154950 140 2.3 -26652 -7098
156948 140 2.3 -25652 -2222
158973 140 2.3 -25448 934
161023 140 2.3 -26128 2362
163100 140 2.3 -26108 -2596
165204 140 2.3 -26300 -4340
167334 140 2.3 -27016 -9998
169493 140 2.3 -25860 -8156
171679 140 2.3 -26208 -4140
173893 140 2.3 -25988 -4396
176136 140 2.3 -26168 -8430
178408 140 2.3 -25920 -24
180709 140 2.3 -26884 1782
183040 140 2.3 -26276 7334
185400 140 2.3 -26532 5656
187792 140 2.3 -26832 4986
190214 140 2.3 -26512 -1654
192667 140 2.3 -26272 2458
195152 140 2.3 -26616 5278
197669 140 2.3 -25916 1222
200219 140 2.3 -26720 -5028
202801 140 2.3 -25864 -6530
205417 140 2.3 -26344 -4346
208066 140 2.3 -25676 -8550
210750 140 2.3 -27128 -8290
213468 140 2.3 -26780 -11188
216222 140 2.3 -26728 -4042
219010 140 2.3 -27144 -4222
221835 140 2.3 -25768 -1760
224696 140 2.3 -26452 -9674
227595 140 2.3 -26748 4618
230530 140 2.3 -26560 -6288
233503 140 2.3 -26156 -8084
236515 140 2.3 -26348 -3054
239566 140 2.3 -25572 -4460
242656 140 2.3 -26492 1468
245785 140 2.3 -26492 -2350
248956 140 2.3 -25404 -6430
252167 140 2.3 -26128 -6122
255419 140 2.3 -26488 -7162
258713 140 2.3 -26464 -7654
262050 140 2.3 -26608 -5876
265430 140 2.3 -26088 2936
268854 140 2.3 -25680 -1426
272321 140 2.3 -26360 2606
275834 140 2.3 -27456 10138
279391 140 2.3 -25944 -2726
282995 140 2.3 -26272 7018
286645 140 2.3 -26548 -4612
290342 140 2.3 -26612 -10614
294087 140 2.3 -26828 -4572
297880 140 2.3 -26744 8158
301722 140 2.3 -26296 8516
305614 140 2.3 -26336 1544
309556 140 2.3 -25972 -302
313548 140 2.3 -26328 9272
317592 140 2.3 -26276 4920
321689 140 2.3 -27124 4900
325838 140 2.3 -26540 4648
330040 140 2.3 -25852 4728
334297 140 2.3 -27340 9966
338609 140 2.3 -26244 -7212
342976 140 2.3 -26176 2192
347400 140 2.3 -26540 -6804
351881 140 2.3 -26056 -1198
356419 140 2.3 -26144 -8388
361016 140 2.3 -26824 -8202
365673 140 2.3 -26336 -2454
370389 140 2.3 -26448 8088
375167 140 2.3 -26228 4630
380005 140 2.3 -26164 -3196
384907 140 2.3 -26112 -7528
389871 140 2.3 -25356 -3026
394900 140 2.3 -26664 9214
399993 140 2.3 -26432 4694
405152 140 2.3 -26000 428
410378 140 2.3 -26096 -1616
415671 140 2.3 -26016 -1480
421032 140 2.3 -25892 -7146
426463 140 2.3 -27048 -10124
431963 140 2.3 -25716 -864
437535 140 2.3 -25596 -4212
443178 140 2.3 -25844 -1628
448894 140 2.3 -25936 -4572
454684 140 2.3 -26896 -8886
460548 140 2.3 -26000 -5848
466489 140 2.3 -27264 -8980
472505 140 2.3 -26620 -7342
478600 140 2.3 -27092 8662
484773 140 2.3 -26408 2882
491025 140 2.3 -27216 11910
497358 140 2.3 -27652 11538
503773 140 2.3 -25964 -4918
510271 140 2.3 -25920 -3908
516852 140 2.3 -25632 -1098
523519 140 2.3 -26416 5590
530271 140 2.3 -25552 -1662
537111 140 2.3 -26320 -6736
544038 140 2.3 -26252 -8274
551055 140 2.3 -26044 -5872
558163 140 2.3 -26488 2840
565362 140 2.3 -27344 -2752
572654 140 2.3 -26256 2346
580040 140 2.3 -25736 3146
587521 140 2.3 -26176 -6242
595099 140 2.3 -26500 -2494
602775 140 2.3 -26300 -974
610549 140 2.3 -27088 11282
618424 140 2.3 -25828 4504
626400 140 2.3 -26564 -500
634480 140 2.3 -27324 9856
642663 140 2.3 -26312 -6146
650952 140 2.3 -25708 -5368
659348 140 2.3 -27008 -6716
667853 140 2.3 -25948 -1012
676467 140 2.3 -25712 -820
685192 140 2.3 -26568 7510
694029 140 2.3 -26272 8294
702981 140 2.3 -26440 -4722
712048 140 2.3 -26104 -3524
721232 140 2.3 -26384 7260
730534 140 2.3 -26588 6734
739957 140 2.3 -26696 -1790
749500 140 2.3 -26748 -10092
759168 140 2.3 -25656 1624
768959 140 2.3 -26748 -10182
778877 140 2.3 -25904 736
788923 140 2.3 -25896 6722
799099 140 2.3 -26372 -4660
809405 140 2.3 -26160 -5296
819845 140 2.3 -26096 -6248
830419 140 2.3 -26140 158
841130 140 2.3 -26396 2100
851979 140 2.3 -26124 -8012
862968 140 2.3 -26840 10682
874098 140 2.3 -26460 4620
885373 140 2.3 -25904 -6360
896792 140 2.3 -26672 -8780
908359 140 2.3 -26120 -1516
920075 140 2.3 -25436 5518
931942 140 2.3 -26728 -9502
943962 140 2.3 -25976 -2034
956137 140 2.3 -26912 -8012
968470 140 2.3 -26392 -768
980961 140 2.3 -25980 -1412
993613 140 2.3 -26868 1830
999999 140 2.3 -25408 3738
