3 140 2.2 -18792 114
4 140 2.2 -20364 90
5 140 2.2 -21168 26
6 140 2.2 -21932 88
7 140 2.2 -22388 274
8 140 2.2 -22692 246
9 140 2.2 -23144 476
10 140 2.2 -23500 312
11 140 2.2 -23824 150
12 140 2.2 -23856 296
13 140 2.2 -24236 214
14 140 2.2 -24608 390
15 140 2.2 -24488 408
16 140 2.2 -24732 112
17 140 2.2 -24556 368
18 140 2.2 -24704 434
19 140 2.2 -24968 344
20 140 2.2 -24896 532
21 140 2.2 -24784 506
22 140 2.2 -24880 148
23 140 2.2 -25172 370
24 140 2.2 -25332 388
25 140 2.2 -25716 364
26 140 2.2 -25328 428
27 140 2.2 -25736 542
28 140 2.2 -26036 536
29 140 2.2 -26356 598
30 140 2.2 -26204 628
31 140 2.2 -26076 532
32 140 2.2 -26288 502
33 140 2.2 -26228 552
34 140 2.2 -26160 310
35 140 2.2 -26228 -58
36 140 2.2 -26196 186
37 140 2.2 -26404 -2
38 140 2.2 -26156 116
39 140 2.2 -26236 368
40 140 2.2 -26372 296
41 140 2.2 -26180 12
42 140 2.2 -26148 2
43 140 2.2 -26068 -78
44 140 2.2 -26028 14
45 140 2.2 -26612 70
46 140 2.2 -26532 -38
47 140 2.2 -26492 -104
48 140 2.2 -26716 -92
49 140 2.2 -26560 100
50 140 2.2 -26716 32
51 140 2.2 -26936 96
52 140 2.2 -26960 488
53 140 2.2 -27024 508
54 140 2.2 -27124 556
55 140 2.2 -27292 552
56 140 2.2 -27200 586
57 140 2.2 -27172 722
58 140 2.2 -27160 864
59 140 2.2 -27212 762
60 140 2.2 -26876 928
61 140 2.2 -27172 1000
62 140 2.2 -27372 1124
63 140 2.2 -27436 942
64 140 2.2 -27120 1074
65 140 2.2 -27176 1222
66 140 2.2 -27488 1270
67 140 2.2 -27348 1256
68 140 2.2 -27384 1322
69 140 2.2 -27372 1434
70 140 2.2 -27432 1606
71 140 2.2 -27404 1626
72 140 2.2 -27368 1754
73 140 2.2 -27248 1880
74 140 2.2 -27400 2074
75 140 2.2 -27352 1846
76 140 2.2 -27260 1782
77 140 2.2 -27540 1804
78 140 2.2 -27864 1688
79 140 2.2 -27992 1784
80 140 2.2 -28188 1940
81 140 2.2 -27860 1760
82 140 2.2 -28020 1844
83 140 2.2 -27760 1646
84 140 2.2 -27944 1658
85 140 2.2 -27804 1814
86 140 2.2 -27432 1828
88 140 2.2 -27792 1866
89 140 2.2 -28028 1888
90 140 2.2 -28180 1876
91 140 2.2 -27944 1938
92 140 2.2 -27880 2032
93 140 2.2 -27700 2010
95 140 2.2 -27712 1792
96 140 2.2 -27376 1778
97 140 2.2 -27600 2022
98 140 2.2 -27608 2010
99 140 2.2 -27268 2134
101 140 2.2 -27680 2060
102 140 2.2 -27608 2188
103 140 2.2 -27632 2022
105 140 2.2 -27192 1814
106 140 2.2 -27140 1700
107 140 2.2 -27324 1980
109 140 2.2 -27380 2284
110 140 2.2 -27264 1942
112 140 2.2 -27688 1800
113 140 2.2 -27672 1756
114 140 2.2 -27364 1586
116 140 2.2 -28244 1584
117 140 2.2 -28352 1682
119 140 2.2 -28036 1732
120 140 2.2 -27992 1758
122 140 2.2 -27912 1538
124 140 2.2 -28136 1818
125 140 2.2 -28252 1588
127 140 2.2 -28368 1510
128 140 2.2 -28368 1580
130 140 2.2 -27928 1308
132 140 2.2 -27912 1234
133 140 2.2 -28092 1206
135 140 2.2 -28224 1262
137 140 2.2 -28364 1226
139 140 2.2 -27944 1346
140 140 2.2 -28284 1558
142 140 2.2 -28488 1772
144 140 2.2 -28512 1562
146 140 2.2 -28884 1600
148 140 2.2 -28876 1712
150 140 2.2 -28484 1480
152 140 2.2 -28228 1502
154 140 2.2 -28220 1260
155 140 2.2 -28524 1372
157 140 2.2 -28780 1342
160 140 2.2 -28940 1574
162 140 2.2 -28524 1640
164 140 2.2 -28568 1794
166 140 2.2 -28504 1828
168 140 2.2 -28656 1860
170 140 2.2 -28876 2150
172 140 2.2 -29448 2308
174 140 2.2 -29240 2196
177 140 2.2 -28816 2330
179 140 2.2 -28420 2268
181 140 2.2 -28408 2194
184 140 2.2 -28420 1944
186 140 2.2 -28432 1976
188 140 2.2 -28496 2022
191 140 2.2 -28792 2590
193 140 2.2 -28816 2208
196 140 2.2 -28572 2290
198 140 2.2 -28896 2260
201 140 2.2 -29204 2108
203 140 2.2 -28868 2184
206 140 2.2 -28144 2194
209 140 2.2 -28548 2152
211 140 2.2 -28364 1860
214 140 2.2 -28620 1734
217 140 2.2 -28612 2034
220 140 2.2 -28344 2172
222 140 2.2 -28848 2274
225 140 2.2 -28316 1780
228 140 2.2 -28544 1766
231 140 2.2 -28224 1512
234 140 2.2 -27960 1336
237 140 2.2 -28060 1142
240 140 2.2 -28332 892
243 140 2.2 -27700 1194
246 140 2.2 -27588 958
250 140 2.2 -28028 1016
253 140 2.2 -28224 982
256 140 2.2 -28224 1116
259 140 2.2 -28304 938
263 140 2.2 -28548 1194
266 140 2.2 -28452 1116
269 140 2.2 -28376 1054
273 140 2.2 -28312 1274
276 140 2.2 -28544 1172
280 140 2.2 -28400 960
284 140 2.2 -28196 658
287 140 2.2 -28604 760
291 140 2.2 -28740 1302
295 140 2.2 -28540 1134
298 140 2.2 -28848 1478
302 140 2.2 -29100 1536
306 140 2.2 -29184 1888
310 140 2.2 -29284 1678
314 140 2.2 -29384 1686
318 140 2.2 -28788 1540
322 140 2.2 -29040 1504
326 140 2.2 -28588 1576
331 140 2.2 -28548 1664
335 140 2.2 -28200 1702
339 140 2.2 -28348 1660
344 140 2.2 -28688 1034
348 140 2.2 -28720 568
352 140 2.2 -28896 774
357 140 2.2 -29060 630
362 140 2.2 -28804 342
366 140 2.2 -28436 316
371 140 2.2 -28416 646
376 140 2.2 -28744 280
381 140 2.2 -28876 510
385 140 2.2 -28512 602
390 140 2.2 -28768 540
395 140 2.2 -28792 422
401 140 2.2 -28612 210
406 140 2.2 -28700 78
411 140 2.2 -28560 4
416 140 2.2 -29112 -64
422 140 2.2 -28608 126
427 140 2.2 -28684 -108
433 140 2.2 -29224 -428
438 140 2.2 -29208 -672
444 140 2.2 -28264 -318
449 140 2.2 -28616 -250
455 140 2.2 -28732 -58
461 140 2.2 -28932 -340
467 140 2.2 -29452 -372
473 140 2.2 -29104 -896
479 140 2.2 -29100 -1064
485 140 2.2 -28784 -720
492 140 2.2 -28872 -400
498 140 2.2 -29120 -278
504 140 2.2 -28636 -130
511 140 2.2 -28752 -374
517 140 2.2 -28624 -502
524 140 2.2 -28352 -678
531 140 2.2 -28564 -742
538 140 2.2 -29224 -876
545 140 2.2 -29116 -1234
552 140 2.2 -29352 -934
559 140 2.2 -28676 -1230
566 140 2.2 -28972 -1380
573 140 2.2 -29064 -1474
581 140 2.2 -29104 -1458
588 140 2.2 -29212 -1310
596 140 2.2 -29272 -1554
603 140 2.2 -29224 -1606
611 140 2.2 -29244 -1328
619 140 2.2 -28912 -1542
627 140 2.2 -29120 -1486
635 140 2.2 -28896 -1520
643 140 2.2 -29408 -1666
652 140 2.2 -29408 -2154
660 140 2.2 -29192 -2264
668 140 2.2 -29848 -2158
677 140 2.2 -29140 -1970
686 140 2.2 -28840 -1886
695 140 2.2 -28992 -2016
704 140 2.2 -29308 -2144
713 140 2.2 -28868 -2322
722 140 2.2 -29240 -1772
731 140 2.2 -28756 -1736
741 140 2.2 -29440 -1764
750 140 2.2 -29004 -1818
760 140 2.2 -29552 -1388
770 140 2.2 -29576 -1758
780 140 2.2 -29404 -1528
790 140 2.2 -28480 -1810
800 140 2.2 -29188 -1746
810 140 2.2 -28940 -2254
821 140 2.2 -28768 -2514
831 140 2.2 -28612 -2420
842 140 2.2 -28544 -2422
853 140 2.2 -28724 -2202
864 140 2.2 -28732 -1578
875 140 2.2 -29060 -1658
886 140 2.2 -28388 -1500
897 140 2.2 -29044 -1362
909 140 2.2 -29568 -1358
921 140 2.2 -29256 -1688
933 140 2.2 -29156 -2166
945 140 2.2 -29400 -2072
957 140 2.2 -28748 -1586
969 140 2.2 -29340 -1816
982 140 2.2 -29332 -1810
994 140 2.2 -29024 -1424
1007 140 2.2 -29088 -1406
1020 140 2.2 -29144 -1450
1033 140 2.2 -29404 -1600
1047 140 2.2 -29732 -1990
1060 140 2.2 -29704 -1562
1074 140 2.2 -29164 -2158
1088 140 2.2 -28700 -2458
1102 140 2.2 -28444 -2388
1116 140 2.2 -29108 -2802
1130 140 2.2 -29156 -2932
1145 140 2.2 -29536 -3162
1160 140 2.2 -28392 -1854
1174 140 2.2 -29268 -918
1190 140 2.2 -29156 -1068
1205 140 2.2 -29316 -1312
1220 140 2.2 -29152 -1020
1236 140 2.2 -28924 -1414
1252 140 2.2 -29068 -1472
1268 140 2.2 -28772 -1696
1285 140 2.2 -28612 -2314
1301 140 2.2 -29092 -2354
1318 140 2.2 -28800 -3080
1335 140 2.2 -29400 -3034
1352 140 2.2 -29216 -3402
1370 140 2.2 -28620 -3538
1387 140 2.2 -28684 -3330
1405 140 2.2 -28912 -2890
1423 140 2.2 -28300 -2952
1442 140 2.2 -28424 -3288
1460 140 2.2 -28960 -3186
1479 140 2.2 -28996 -3424
1498 140 2.2 -28832 -3894
1517 140 2.2 -28072 -3858
1537 140 2.2 -28996 -3776
1557 140 2.2 -29132 -3734
1577 140 2.2 -29180 -3436
1597 140 2.2 -29264 -4182
1618 140 2.2 -28736 -3996
1639 140 2.2 -28764 -4142
1660 140 2.2 -28468 -4318
1681 140 2.2 -29612 -4128
1703 140 2.2 -28544 -4222
1725 140 2.2 -29296 -4428
1747 140 2.2 -29320 -4832
1770 140 2.2 -29156 -4686
1792 140 2.2 -27916 -3976
1816 140 2.2 -28652 -4552
1839 140 2.2 -28428 -4146
1863 140 2.2 -28184 -4006
1887 140 2.2 -28520 -3204
1911 140 2.2 -28860 -3092
1936 140 2.2 -28496 -1904
1961 140 2.2 -29032 -1882
1986 140 2.2 -29148 -1866
2012 140 2.2 -28796 -2680
2037 140 2.2 -29068 -1604
2064 140 2.2 -28828 -1788
2090 140 2.2 -29284 -2012
2117 140 2.2 -28664 -1676
2145 140 2.2 -28352 -1922
2172 140 2.2 -29156 -2066
2200 140 2.2 -28728 -1764
2229 140 2.2 -29476 -1524
2257 140 2.2 -29052 -832
2286 140 2.2 -29388 -956
2316 140 2.2 -28300 -1214
2346 140 2.2 -29260 -1078
2376 140 2.2 -29564 -126
2407 140 2.2 -29344 -714
2438 140 2.2 -29132 -316
2469 140 2.2 -29468 -222
2501 140 2.2 -29636 -670
2533 140 2.2 -29048 214
2566 140 2.2 -28836 868
2599 140 2.2 -28588 506
2633 140 2.2 -27816 844
2667 140 2.2 -28688 848
2701 140 2.2 -28944 818
2736 140 2.2 -28764 812
2771 140 2.2 -28584 1348
2807 140 2.2 -28776 2378
2843 140 2.2 -28972 3056
2880 140 2.2 -29072 2312
2917 140 2.2 -29568 2806
2954 140 2.2 -29596 2548
2992 140 2.2 -29428 2710
3031 140 2.2 -29288 1140
3070 140 2.2 -29592 1962
3110 140 2.2 -28992 1804
3150 140 2.2 -29084 1256
3190 140 2.2 -29092 1220
3232 140 2.2 -28912 1140
3273 140 2.2 -29484 1472
3315 140 2.2 -30524 898
3358 140 2.2 -29284 1350
3402 140 2.2 -29200 226
3445 140 2.2 -29592 1108
3490 140 2.2 -29224 684
3535 140 2.2 -29128 284
3580 140 2.2 -29044 520
3627 140 2.2 -28796 1458
3673 140 2.2 -29308 592
3721 140 2.2 -29288 680
3769 140 2.2 -29464 1816
3817 140 2.2 -29128 846
3867 140 2.2 -29268 2116
3916 140 2.2 -29236 2642
3967 140 2.2 -29368 2734
4018 140 2.2 -29472 2868
4070 140 2.2 -30052 3556
4122 140 2.2 -29124 3264
4176 140 2.2 -29252 3618
4229 140 2.2 -29700 3404
4284 140 2.2 -29068 3066
4339 140 2.2 -29544 3210
4395 140 2.2 -29596 4952
4452 140 2.2 -29400 4918
4509 140 2.2 -29568 5130
4567 140 2.2 -29516 3908
4626 140 2.2 -29012 2992
4686 140 2.2 -29812 3282
4746 140 2.2 -29552 2676
4808 140 2.2 -29712 2698
4870 140 2.2 -29240 2646
4932 140 2.2 -28828 2030
4996 140 2.2 -29248 1764
5060 140 2.2 -29052 1704
5126 140 2.2 -28920 1854
5192 140 2.2 -29472 1634
5259 140 2.2 -28980 1408
5327 140 2.2 -29412 1950
5395 140 2.2 -29136 2354
5465 140 2.2 -28980 2398
5535 140 2.2 -28840 1992
5607 140 2.2 -29260 1070
5679 140 2.2 -28752 364
5752 140 2.2 -29584 356
5826 140 2.2 -29660 -410
5902 140 2.2 -29280 -4
5978 140 2.2 -29084 236
6055 140 2.2 -28948 -266
6133 140 2.2 -28808 -1156
6212 140 2.2 -28688 168
6292 140 2.2 -28712 -126
6373 140 2.2 -29176 -452
6455 140 2.2 -28684 -222
6539 140 2.2 -28712 -356
6623 140 2.2 -29160 -792
6708 140 2.2 -29120 -18
6795 140 2.2 -28916 -1648
6883 140 2.2 -28952 -1298
6971 140 2.2 -29620 -384
7061 140 2.2 -29412 -418
7152 140 2.2 -29412 828
7245 140 2.2 -29416 1566
7338 140 2.2 -28968 2322
7433 140 2.2 -29532 1412
7529 140 2.2 -29356 1978
7626 140 2.2 -29120 3088
7724 140 2.2 -29196 2980
7824 140 2.2 -29124 2296
7925 140 2.2 -28648 2060
8027 140 2.2 -29484 2886
8130 140 2.2 -29308 3370
8235 140 2.2 -29372 2324
8341 140 2.2 -29376 2218
8449 140 2.2 -29564 2318
8558 140 2.2 -29352 3824
8668 140 2.2 -29052 3410
8780 140 2.2 -29404 3554
8893 140 2.2 -28884 3362
9008 140 2.2 -29304 5116
9124 140 2.2 -29200 3704
9242 140 2.2 -28976 2262
9361 140 2.2 -29304 3440
9482 140 2.2 -28676 4390
9604 140 2.2 -29516 5300
9728 140 2.2 -30072 5348
9853 140 2.2 -28884 3932
9980 140 2.2 -29188 5084
10109 140 2.2 -29544 5808
10240 140 2.2 -29404 6082
10372 140 2.2 -29096 6618
10505 140 2.2 -29192 7982
10641 140 2.2 -29476 8602
10778 140 2.2 -30088 9708
10917 140 2.2 -30044 8322
11058 140 2.2 -30352 9440
11201 140 2.2 -29580 9098
11345 140 2.2 -29544 9244
11491 140 2.2 -29492 8770
11640 140 2.2 -29628 8544
11790 140 2.2 -29388 8540
11942 140 2.2 -28792 9310
12096 140 2.2 -29372 9494
12252 140 2.2 -29368 10916
12410 140 2.2 -29488 10310
12570 140 2.2 -28944 10432
12732 140 2.2 -29572 11264
12896 140 2.2 -30648 11706
13062 140 2.2 -29756 11588
13231 140 2.2 -29976 11416
13402 140 2.2 -29896 11530
13574 140 2.2 -29568 11388
13750 140 2.2 -29940 12580
13927 140 2.2 -30004 12720
14106 140 2.2 -29632 12910
14288 140 2.2 -29632 12986
14473 140 2.2 -30324 13650
14659 140 2.2 -29148 12792
14848 140 2.2 -30084 13412
15040 140 2.2 -29572 13518
15234 140 2.2 -29364 14348
15430 140 2.2 -30472 15698
15629 140 2.2 -30492 15658
15831 140 2.2 -30180 15512
16035 140 2.2 -29984 15476
16242 140 2.2 -30424 15580
16451 140 2.2 -30944 16042
16664 140 2.2 -30128 15730
16879 140 2.2 -29928 14944
17096 140 2.2 -30532 15894
17317 140 2.2 -29600 14726
17540 140 2.2 -30164 15274
17766 140 2.2 -30272 15262
17995 140 2.2 -30344 14832
18228 140 2.2 -29804 15106
18463 140 2.2 -30516 15860
18701 140 2.2 -30492 15458
18942 140 2.2 -29972 14766
19186 140 2.2 -30288 15420
19434 140 2.2 -29800 15084
19684 140 2.2 -30364 15358
19938 140 2.2 -30276 15288
20195 140 2.2 -30576 15618
20456 140 2.2 -30320 15968
20720 140 2.2 -30468 15278
20987 140 2.2 -30176 14708
21258 140 2.2 -30236 15694
21532 140 2.2 -30200 15620
21810 140 2.2 -30512 15596
22091 140 2.2 -30456 15544
22376 140 2.2 -30728 15832
22664 140 2.2 -30364 15734
22957 140 2.2 -30192 15250
23253 140 2.2 -29820 15098
23553 140 2.2 -30384 15616
23856 140 2.2 -29996 15084
24164 140 2.2 -30912 15916
24476 140 2.2 -29804 15010
24791 140 2.2 -30064 15012
25111 140 2.2 -30784 16002
25435 140 2.2 -30088 14850
25763 140 2.2 -30552 15670
26095 140 2.2 -30380 15720
26432 140 2.2 -30912 16012
26773 140 2.2 -30008 14802
27118 140 2.2 -30816 15898
27468 140 2.2 -30104 15326
27822 140 2.2 -30068 15540
28181 140 2.2 -30412 15800
28545 140 2.2 -30188 15376
28913 140 2.2 -30744 16102
29286 140 2.2 -29944 15342
29663 140 2.2 -30752 15980
30046 140 2.2 -30208 15286
30434 140 2.2 -29936 15376
30826 140 2.2 -30464 15688
31224 140 2.2 -31008 16322
31626 140 2.2 -30692 15918
32034 140 2.2 -29968 14030
32447 140 2.2 -30400 15240
32866 140 2.2 -30220 14792
33290 140 2.2 -30572 15658
33719 140 2.2 -30032 15038
34154 140 2.2 -30144 15258
34595 140 2.2 -29956 15168
35041 140 2.2 -29672 14776
35493 140 2.2 -30424 15128
35951 140 2.2 -30448 15656
36414 140 2.2 -30692 15466
36884 140 2.2 -30320 15490
37360 140 2.2 -29856 14662
37841 140 2.2 -30372 15824
38330 140 2.2 -30624 15454
38824 140 2.2 -30536 15596
39325 140 2.2 -31008 15934
39832 140 2.2 -30496 15682
40346 140 2.2 -30288 15456
40866 140 2.2 -30924 15926
41393 140 2.2 -30804 15798
41927 140 2.2 -30492 15584
42468 140 2.2 -30856 15938
43015 140 2.2 -30292 15718
43570 140 2.2 -30500 15514
44132 140 2.2 -30232 15550
44701 140 2.2 -30088 14760
45278 140 2.2 -31352 16218
45862 140 2.2 -30936 15974
46453 140 2.2 -30616 15748
47053 140 2.2 -30136 15126
47660 140 2.2 -29992 14886
48274 140 2.2 -29964 15222
48897 140 2.2 -29916 15150
49528 140 2.2 -30200 14912
50166 140 2.2 -30668 16018
50813 140 2.2 -30556 15882
51469 140 2.2 -30320 15314
52133 140 2.2 -30688 15268
52805 140 2.2 -30156 15300
53486 140 2.2 -30232 15360
54176 140 2.2 -30480 15740
54875 140 2.2 -30560 15546
55582 140 2.2 -30392 15438
56299 140 2.2 -29940 15132
57025 140 2.2 -30072 15058
57761 140 2.2 -30536 15436
58506 140 2.2 -30452 15832
59261 140 2.2 -30280 15638
60025 140 2.2 -29900 14422
60799 140 2.2 -30216 15202
61583 140 2.2 -30724 15816
62378 140 2.2 -30336 15370
63182 140 2.2 -29872 15258
63997 140 2.2 -30404 15528
64822 140 2.2 -30172 15264
65658 140 2.2 -29952 14776
66505 140 2.2 -29544 14562
67363 140 2.2 -29960 13510
68232 140 2.2 -30216 14848
69112 140 2.2 -30880 15978
70003 140 2.2 -29436 15060
70906 140 2.2 -30520 15104
71821 140 2.2 -30552 15652
72747 140 2.2 -29848 15466
73685 140 2.2 -30388 15394
74636 140 2.2 -30544 15854
75599 140 2.2 -29748 15428
76574 140 2.2 -30076 15274
77561 140 2.2 -30724 15922
78562 140 2.2 -29744 14990
79575 140 2.2 -30472 15540
80601 140 2.2 -30120 15486
81641 140 2.2 -29496 14554
82694 140 2.2 -30180 15474
83760 140 2.2 -30576 15920
84841 140 2.2 -31004 16222
85935 140 2.2 -29840 15330
87043 140 2.2 -30796 15446
88166 140 2.2 -30040 15444
89303 140 2.2 -30384 15494
90455 140 2.2 -29808 15200
91622 140 2.2 -30284 15312
92803 140 2.2 -30220 15236
94000 140 2.2 -30640 15976
95213 140 2.2 -29904 14332
96441 140 2.2 -29876 14590
97685 140 2.2 -30084 15128
98945 140 2.2 -30844 15926
100221 140 2.2 -29616 15384
101513 140 2.2 -29664 15014
102823 140 2.2 -30488 15830
104149 140 2.2 -30368 15720
105492 140 2.2 -30032 15390
106853 140 2.2 -30932 16196
108231 140 2.2 -30012 14684
109627 140 2.2 -30008 15354
111041 140 2.2 -29800 15140
112473 140 2.2 -30088 15412
113924 140 2.2 -30308 15620
115393 140 2.2 -30436 15400
116882 140 2.2 -30448 15154
118389 140 2.2 -30464 15458
119916 140 2.2 -29852 15214
121463 140 2.2 -30468 15156
123029 140 2.2 -30336 14948
124616 140 2.2 -30448 15660
126224 140 2.2 -30064 15146
127852 140 2.2 -29988 14810
129501 140 2.2 -29656 15028
131171 140 2.2 -30164 15340
132863 140 2.2 -30576 15564
134576 140 2.2 -30664 15438
136312 140 2.2 -30712 15648
138070 140 2.2 -30136 15324
139851 140 2.2 -30120 15386
141655 140 2.2 -30088 15120
143482 140 2.2 -30584 15976
145333 140 2.2 -30660 15716
147207 140 2.2 -30436 15180
149106 140 2.2 -30096 15438
151029 140 2.2 -30300 15576
152977 140 2.2 -29892 14914
154950 140 2.2 -30140 14962
156948 140 2.2 -30528 15546
158973 140 2.2 -29932 15018
161023 140 2.2 -30328 15556
163100 140 2.2 -29428 14266
165204 140 2.2 -30356 15500
167334 140 2.2 -30428 15466
169493 140 2.2 -30180 15594
171679 140 2.2 -30216 15290
173893 140 2.2 -31012 15696
176136 140 2.2 -30100 15244
178408 140 2.2 -30456 15894
180709 140 2.2 -30568 15228
183040 140 2.2 -30384 15704
185400 140 2.2 -30040 14982
187792 140 2.2 -30412 15546
190214 140 2.2 -30176 15096
192667 140 2.2 -30320 15068
195152 140 2.2 -30012 14798
197669 140 2.2 -30428 15502
200219 140 2.2 -30096 15308
202801 140 2.2 -30012 15266
205417 140 2.2 -30308 15762
208066 140 2.2 -30192 15158
210750 140 2.2 -30304 15572
213468 140 2.2 -30936 15788
216222 140 2.2 -30272 14876
219010 140 2.2 -30852 15718
221835 140 2.2 -30024 15522
224696 140 2.2 -30636 15710
227595 140 2.2 -30040 15410
230530 140 2.2 -30164 14966
233503 140 2.2 -30644 15890
236515 140 2.2 -30668 15638
239566 140 2.2 -30740 15936
242656 140 2.2 -29952 15342
245785 140 2.2 -30192 15224
248956 140 2.2 -30596 15708
252167 140 2.2 -29556 14656
255419 140 2.2 -30156 15600
258713 140 2.2 -30768 15560
262050 140 2.2 -30400 15496
265430 140 2.2 -30944 15862
268854 140 2.2 -30192 15296
272321 140 2.2 -30312 15384
275834 140 2.2 -30296 14456
279391 140 2.2 -30012 14590
282995 140 2.2 -30504 15702
286645 140 2.2 -30912 15560
290342 140 2.2 -31220 15890
294087 140 2.2 -30444 15656
297880 140 2.2 -30168 14652
301722 140 2.2 -30636 15914
305614 140 2.2 -29976 15458
309556 140 2.2 -30956 15640
313548 140 2.2 -30656 15814
317592 140 2.2 -29436 15004
321689 140 2.2 -29792 15180
325838 140 2.2 -30680 15610
330040 140 2.2 -30620 15700
334297 140 2.2 -30204 15374
338609 140 2.2 -31376 16322
342976 140 2.2 -30928 15936
347400 140 2.2 -29676 14706
351881 140 2.2 -30796 15366
356419 140 2.2 -30696 15934
361016 140 2.2 -30136 14706
365673 140 2.2 -30196 15338
370389 140 2.2 -30440 14938
375167 140 2.2 -30348 14468
380005 140 2.2 -30704 16102
384907 140 2.2 -30144 15404
389871 140 2.2 -29868 15002
394900 140 2.2 -30496 14874
399993 140 2.2 -30256 15506
405152 140 2.2 -30452 15482
410378 140 2.2 -30852 15602
415671 140 2.2 -30340 15436
421032 140 2.2 -29908 15404
426463 140 2.2 -30544 15568
431963 140 2.2 -30560 16064
437535 140 2.2 -29840 15014
443178 140 2.2 -29956 14812
448894 140 2.2 -30200 15544
454684 140 2.2 -30512 15960
460548 140 2.2 -30132 15058
466489 140 2.2 -30100 14606
472505 140 2.2 -30316 15482
478600 140 2.2 -30304 14814
484773 140 2.2 -29992 15174
491025 140 2.2 -29232 14072
497358 140 2.2 -30396 15414
503773 140 2.2 -30544 15636
510271 140 2.2 -30248 15424
516852 140 2.2 -29488 14090
523519 140 2.2 -30400 15706
530271 140 2.2 -30228 15640
537111 140 2.2 -30408 15264
544038 140 2.2 -30132 15508
551055 140 2.2 -29632 14316
558163 140 2.2 -29540 15138
565362 140 2.2 -30436 15536
572654 140 2.2 -30716 15746
580040 140 2.2 -31176 16106
587521 140 2.2 -30580 15908
595099 140 2.2 -30716 16056
602775 140 2.2 -31064 15620
610549 140 2.2 -30256 15248
618424 140 2.2 -30076 15398
626400 140 2.2 -29828 14658
634480 140 2.2 -30128 15006
642663 140 2.2 -30216 15566
650952 140 2.2 -30528 15588
659348 140 2.2 -30124 15178
667853 140 2.2 -30012 13498
676467 140 2.2 -30580 15614
685192 140 2.2 -30312 15422
694029 140 2.2 -30480 15630
702981 140 2.2 -30564 15210
712048 140 2.2 -29952 15146
721232 140 2.2 -30264 15486
730534 140 2.2 -30644 15942
739957 140 2.2 -30188 15632
749500 140 2.2 -30648 15428
759168 140 2.2 -30104 15350
768959 140 2.2 -30712 14608
778877 140 2.2 -30108 15190
788923 140 2.2 -30536 15908
799099 140 2.2 -30592 15784
809405 140 2.2 -30580 15814
819845 140 2.2 -30112 15246
830419 140 2.2 -30320 15486
841130 140 2.2 -30100 15248
851979 140 2.2 -30288 15356
862968 140 2.2 -30264 15414
874098 140 2.2 -30628 15532
885373 140 2.2 -30712 15746
896792 140 2.2 -30180 15244
908359 140 2.2 -29248 14596
920075 140 2.2 -30476 15852
931942 140 2.2 -29800 15122
943962 140 2.2 -29752 14756
956137 140 2.2 -30508 15436
968470 140 2.2 -30560 15964
980961 140 2.2 -29948 14504
993613 140 2.2 -30616 15644
999999 140 2.2 -30368 15598
