3 20 2.1 -364 20
4 20 2.1 -384 56
5 20 2.1 -436 68
6 20 2.1 -424 60
7 20 2.1 -460 76
8 20 2.1 -484 52
9 20 2.1 -508 86
10 20 2.1 -528 118
11 20 2.1 -532 82
12 20 2.1 -528 84
13 20 2.1 -508 56
14 20 2.1 -500 56
15 20 2.1 -524 42
16 20 2.1 -536 22
17 20 2.1 -556 26
18 20 2.1 -520 50
19 20 2.1 -500 20
20 20 2.1 -468 4
21 20 2.1 -488 12
22 20 2.1 -504 12
23 20 2.1 -532 30
24 20 2.1 -536 48
25 20 2.1 -520 40
26 20 2.1 -540 44
27 20 2.1 -524 70
28 20 2.1 -596 64
29 20 2.1 -592 90
30 20 2.1 -528 68
31 20 2.1 -556 68
32 20 2.1 -512 74
33 20 2.1 -516 72
34 20 2.1 -528 106
35 20 2.1 -548 58
36 20 2.1 -560 78
37 20 2.1 -544 56
38 20 2.1 -540 42
39 20 2.1 -540 24
40 20 2.1 -564 14
41 20 2.1 -572 14
42 20 2.1 -576 12
43 20 2.1 -556 2
44 20 2.1 -524 -14
45 20 2.1 -516 -42
46 20 2.1 -528 -14
47 20 2.1 -544 4
48 20 2.1 -524 16
49 20 2.1 -456 -18
50 20 2.1 -476 4
51 20 2.1 -488 -20
52 20 2.1 -508 -52
53 20 2.1 -512 -20
54 20 2.1 -516 -28
55 20 2.1 -508 -22
56 20 2.1 -492 -18
57 20 2.1 -472 -32
58 20 2.1 -464 -10
59 20 2.1 -504 2
60 20 2.1 -544 -4
61 20 2.1 -556 -4
62 20 2.1 -572 10
63 20 2.1 -536 16
64 20 2.1 -488 34
65 20 2.1 -512 20
66 20 2.1 -528 14
67 20 2.1 -524 20
68 20 2.1 -564 36
69 20 2.1 -536 38
70 20 2.1 -552 36
71 20 2.1 -524 18
72 20 2.1 -552 32
73 20 2.1 -524 44
74 20 2.1 -496 30
75 20 2.1 -492 38
76 20 2.1 -496 52
77 20 2.1 -492 60
78 20 2.1 -504 74
79 20 2.1 -488 90
80 20 2.1 -508 52
81 20 2.1 -536 100
82 20 2.1 -536 76
83 20 2.1 -528 100
84 20 2.1 -584 94
85 20 2.1 -564 110
86 20 2.1 -568 148
88 20 2.1 -516 184
89 20 2.1 -532 180
90 20 2.1 -512 176
91 20 2.1 -560 172
92 20 2.1 -488 138
93 20 2.1 -520 166
95 20 2.1 -548 208
96 20 2.1 -572 180
97 20 2.1 -600 162
98 20 2.1 -604 160
99 20 2.1 -608 162
101 20 2.1 -600 194
102 20 2.1 -608 200
103 20 2.1 -592 194
105 20 2.1 -628 202
106 20 2.1 -620 210
107 20 2.1 -584 206
109 20 2.1 -548 172
110 20 2.1 -508 160
112 20 2.1 -540 148
113 20 2.1 -524 146
114 20 2.1 -512 126
116 20 2.1 -528 152
117 20 2.1 -520 142
119 20 2.1 -532 160
120 20 2.1 -552 172
122 20 2.1 -540 146
124 20 2.1 -572 144
125 20 2.1 -584 168
127 20 2.1 -612 202
128 20 2.1 -580 184
130 20 2.1 -572 180
132 20 2.1 -580 216
133 20 2.1 -568 238
135 20 2.1 -576 242
137 20 2.1 -568 222
139 20 2.1 -564 218
140 20 2.1 -536 196
142 20 2.1 -584 232
144 20 2.1 -608 200
146 20 2.1 -584 242
148 20 2.1 -608 190
150 20 2.1 -608 198
152 20 2.1 -604 178
154 20 2.1 -596 212
155 20 2.1 -612 220
157 20 2.1 -564 188
160 20 2.1 -584 198
162 20 2.1 -596 228
164 20 2.1 -556 270
166 20 2.1 -552 270
168 20 2.1 -640 318
170 20 2.1 -640 314
172 20 2.1 -616 306
174 20 2.1 -572 306
177 20 2.1 -628 314
179 20 2.1 -632 318
181 20 2.1 -636 322
184 20 2.1 -632 320
186 20 2.1 -652 330
188 20 2.1 -664 340
191 20 2.1 -652 342
193 20 2.1 -688 366
196 20 2.1 -660 350
198 20 2.1 -672 358
201 20 2.1 -688 348
203 20 2.1 -580 304
206 20 2.1 -636 336
209 20 2.1 -668 346
211 20 2.1 -660 338
214 20 2.1 -636 290
217 20 2.1 -592 282
220 20 2.1 -624 302
222 20 2.1 -664 322
225 20 2.1 -644 310
228 20 2.1 -616 292
231 20 2.1 -648 340
234 20 2.1 -728 378
237 20 2.1 -696 358
240 20 2.1 -668 358
243 20 2.1 -676 360
246 20 2.1 -648 336
250 20 2.1 -652 338
253 20 2.1 -716 374
256 20 2.1 -692 366
259 20 2.1 -704 374
263 20 2.1 -740 382
266 20 2.1 -680 362
269 20 2.1 -676 360
273 20 2.1 -724 376
276 20 2.1 -660 360
280 20 2.1 -700 368
284 20 2.1 -704 366
287 20 2.1 -684 364
291 20 2.1 -720 380
295 20 2.1 -700 366
298 20 2.1 -752 386
302 20 2.1 -740 382
306 20 2.1 -676 352
310 20 2.1 -656 348
314 20 2.1 -676 356
318 20 2.1 -672 360
322 20 2.1 -632 340
326 20 2.1 -652 352
331 20 2.1 -652 354
335 20 2.1 -628 332
339 20 2.1 -716 374
344 20 2.1 -652 354
348 20 2.1 -668 360
352 20 2.1 -652 356
357 20 2.1 -632 342
362 20 2.1 -680 350
366 20 2.1 -656 338
371 20 2.1 -624 342
376 20 2.1 -644 340
381 20 2.1 -644 290
385 20 2.1 -608 288
390 20 2.1 -680 322
395 20 2.1 -648 306
401 20 2.1 -612 280
406 20 2.1 -668 320
411 20 2.1 -660 342
416 20 2.1 -624 336
422 20 2.1 -652 342
427 20 2.1 -580 308
433 20 2.1 -656 354
438 20 2.1 -660 350
444 20 2.1 -720 370
449 20 2.1 -728 380
455 20 2.1 -696 366
461 20 2.1 -644 352
467 20 2.1 -644 340
473 20 2.1 -680 334
479 20 2.1 -700 372
485 20 2.1 -696 358
492 20 2.1 -652 342
498 20 2.1 -696 372
504 20 2.1 -696 364
511 20 2.1 -684 356
517 20 2.1 -696 368
524 20 2.1 -684 362
531 20 2.1 -724 376
538 20 2.1 -724 376
545 20 2.1 -664 342
552 20 2.1 -720 374
559 20 2.1 -632 332
566 20 2.1 -664 348
573 20 2.1 -688 370
581 20 2.1 -660 348
588 20 2.1 -672 362
596 20 2.1 -740 384
603 20 2.1 -612 326
611 20 2.1 -580 324
619 20 2.1 -696 370
627 20 2.1 -652 350
635 20 2.1 -684 356
643 20 2.1 -676 324
652 20 2.1 -608 328
660 20 2.1 -620 340
668 20 2.1 -700 370
677 20 2.1 -676 350
686 20 2.1 -688 354
695 20 2.1 -700 370
704 20 2.1 -684 364
713 20 2.1 -708 368
722 20 2.1 -640 316
731 20 2.1 -708 370
741 20 2.1 -692 368
750 20 2.1 -592 316
760 20 2.1 -704 362
770 20 2.1 -596 300
780 20 2.1 -648 344
790 20 2.1 -728 378
800 20 2.1 -664 354
810 20 2.1 -704 374
821 20 2.1 -676 360
831 20 2.1 -636 318
842 20 2.1 -676 352
853 20 2.1 -676 354
864 20 2.1 -660 350
875 20 2.1 -648 354
886 20 2.1 -720 368
897 20 2.1 -684 356
909 20 2.1 -632 346
921 20 2.1 -692 370
933 20 2.1 -664 356
945 20 2.1 -656 346
957 20 2.1 -664 358
969 20 2.1 -576 314
982 20 2.1 -676 360
994 20 2.1 -712 366
1007 20 2.1 -648 342
1020 20 2.1 -672 362
1033 20 2.1 -652 352
1047 20 2.1 -640 346
1060 20 2.1 -724 372
1074 20 2.1 -652 332
1088 20 2.1 -700 368
1102 20 2.1 -712 374
1116 20 2.1 -676 360
1130 20 2.1 -648 338
1145 20 2.1 -672 360
1160 20 2.1 -676 362
1174 20 2.1 -736 382
1190 20 2.1 -668 346
1205 20 2.1 -588 306
1220 20 2.1 -684 368
1236 20 2.1 -640 348
1252 20 2.1 -584 284
1268 20 2.1 -632 338
1285 20 2.1 -680 352
1301 20 2.1 -720 374
1318 20 2.1 -688 368
1335 20 2.1 -708 364
1352 20 2.1 -632 340
1370 20 2.1 -728 376
1387 20 2.1 -704 370
1405 20 2.1 -624 340
1423 20 2.1 -724 376
1442 20 2.1 -676 350
1460 20 2.1 -652 354
1479 20 2.1 -692 368
1498 20 2.1 -704 372
1517 20 2.1 -652 348
1537 20 2.1 -660 352
1557 20 2.1 -696 370
1577 20 2.1 -652 346
1597 20 2.1 -668 346
1618 20 2.1 -688 364
1639 20 2.1 -664 352
1660 20 2.1 -696 364
1681 20 2.1 -676 362
1703 20 2.1 -672 352
1725 20 2.1 -676 360
1747 20 2.1 -604 322
1770 20 2.1 -692 360
1792 20 2.1 -740 382
1816 20 2.1 -632 332
1839 20 2.1 -684 366
1863 20 2.1 -700 368
1887 20 2.1 -704 364
1911 20 2.1 -664 354
1936 20 2.1 -668 334
1961 20 2.1 -612 324
1986 20 2.1 -632 342
2012 20 2.1 -664 354
2037 20 2.1 -700 364
2064 20 2.1 -736 382
2090 20 2.1 -704 372
2117 20 2.1 -660 332
2145 20 2.1 -676 348
2172 20 2.1 -596 316
2200 20 2.1 -700 360
2229 20 2.1 -756 388
2257 20 2.1 -708 372
2286 20 2.1 -584 322
2316 20 2.1 -712 374
2346 20 2.1 -644 334
2376 20 2.1 -636 304
2407 20 2.1 -744 382
2438 20 2.1 -596 322
2469 20 2.1 -608 316
2501 20 2.1 -684 332
2533 20 2.1 -628 338
2566 20 2.1 -588 322
2599 20 2.1 -588 320
2633 20 2.1 -632 338
2667 20 2.1 -756 386
2701 20 2.1 -656 348
2736 20 2.1 -636 334
2771 20 2.1 -672 354
2807 20 2.1 -648 356
2843 20 2.1 -612 340
2880 20 2.1 -616 334
2917 20 2.1 -664 356
2954 20 2.1 -712 364
2992 20 2.1 -676 346
3031 20 2.1 -676 358
3070 20 2.1 -684 358
3110 20 2.1 -672 360
3150 20 2.1 -596 316
3190 20 2.1 -728 380
3232 20 2.1 -708 374
3273 20 2.1 -636 340
3315 20 2.1 -648 344
3358 20 2.1 -624 302
3402 20 2.1 -692 370
3445 20 2.1 -732 380
3490 20 2.1 -640 344
3535 20 2.1 -636 330
3580 20 2.1 -660 354
3627 20 2.1 -688 368
3673 20 2.1 -664 352
3721 20 2.1 -604 320
3769 20 2.1 -672 348
3817 20 2.1 -736 384
3867 20 2.1 -648 344
3916 20 2.1 -704 364
3967 20 2.1 -708 372
4018 20 2.1 -656 360
4070 20 2.1 -704 374
4122 20 2.1 -668 360
4176 20 2.1 -684 366
4229 20 2.1 -720 376
4284 20 2.1 -620 324
4339 20 2.1 -692 370
4395 20 2.1 -692 368
4452 20 2.1 -668 360
4509 20 2.1 -648 322
4567 20 2.1 -636 324
4626 20 2.1 -692 356
4686 20 2.1 -628 340
4746 20 2.1 -612 302
4808 20 2.1 -612 302
4870 20 2.1 -668 356
4932 20 2.1 -640 332
4996 20 2.1 -644 352
5060 20 2.1 -716 374
5126 20 2.1 -700 374
5192 20 2.1 -652 350
5259 20 2.1 -676 356
5327 20 2.1 -624 324
5395 20 2.1 -644 348
5465 20 2.1 -656 350
5535 20 2.1 -696 372
5607 20 2.1 -704 368
5679 20 2.1 -724 376
5752 20 2.1 -664 338
5826 20 2.1 -728 376
5902 20 2.1 -640 338
5978 20 2.1 -668 358
6055 20 2.1 -688 358
6133 20 2.1 -724 378
6212 20 2.1 -696 370
6292 20 2.1 -680 362
6373 20 2.1 -680 366
6455 20 2.1 -676 354
6539 20 2.1 -744 384
6623 20 2.1 -636 346
6708 20 2.1 -644 344
6795 20 2.1 -648 352
6883 20 2.1 -600 326
6971 20 2.1 -704 370
7061 20 2.1 -668 360
7152 20 2.1 -636 346
7245 20 2.1 -616 338
7338 20 2.1 -604 210
7433 20 2.1 -712 376
7529 20 2.1 -728 382
7626 20 2.1 -744 386
7724 20 2.1 -656 358
7824 20 2.1 -720 378
7925 20 2.1 -732 382
8027 20 2.1 -732 382
8130 20 2.1 -708 372
8235 20 2.1 -640 344
8341 20 2.1 -736 382
8449 20 2.1 -652 346
8558 20 2.1 -712 368
8668 20 2.1 -684 360
8780 20 2.1 -640 342
8893 20 2.1 -688 346
9008 20 2.1 -700 366
9124 20 2.1 -628 330
9242 20 2.1 -672 354
9361 20 2.1 -600 314
9482 20 2.1 -684 364
9604 20 2.1 -616 328
9728 20 2.1 -600 310
9853 20 2.1 -688 358
9980 20 2.1 -564 272
10109 20 2.1 -672 346
10240 20 2.1 -644 340
10372 20 2.1 -684 366
10505 20 2.1 -636 324
10641 20 2.1 -608 322
10778 20 2.1 -596 274
10917 20 2.1 -720 374
11058 20 2.1 -644 354
11201 20 2.1 -696 364
11345 20 2.1 -700 366
11491 20 2.1 -664 310
11640 20 2.1 -652 334
11790 20 2.1 -724 378
11942 20 2.1 -652 350
12096 20 2.1 -680 362
12252 20 2.1 -680 354
12410 20 2.1 -668 362
12570 20 2.1 -652 338
12732 20 2.1 -612 316
12896 20 2.1 -612 324
13062 20 2.1 -664 350
13231 20 2.1 -660 356
13402 20 2.1 -664 358
13574 20 2.1 -636 348
13750 20 2.1 -672 358
13927 20 2.1 -596 306
14106 20 2.1 -656 348
14288 20 2.1 -640 324
14473 20 2.1 -712 374
14659 20 2.1 -680 364
14848 20 2.1 -644 298
15040 20 2.1 -652 336
15234 20 2.1 -640 336
15430 20 2.1 -656 348
15629 20 2.1 -656 348
15831 20 2.1 -572 280
16035 20 2.1 -604 332
16242 20 2.1 -632 318
16451 20 2.1 -648 336
16664 20 2.1 -640 332
16879 20 2.1 -728 378
17096 20 2.1 -704 370
17317 20 2.1 -720 378
17540 20 2.1 -712 368
17766 20 2.1 -704 364
17995 20 2.1 -744 384
18228 20 2.1 -648 346
18463 20 2.1 -716 378
18701 20 2.1 -668 362
18942 20 2.1 -604 318
19186 20 2.1 -664 360
19434 20 2.1 -700 372
19684 20 2.1 -704 370
19938 20 2.1 -696 368
20195 20 2.1 -688 358
20456 20 2.1 -624 346
20720 20 2.1 -728 366
20987 20 2.1 -724 370
21258 20 2.1 -680 358
21532 20 2.1 -648 354
21810 20 2.1 -632 336
22091 20 2.1 -728 378
22376 20 2.1 -676 346
22664 20 2.1 -700 358
22957 20 2.1 -680 360
23253 20 2.1 -584 312
23553 20 2.1 -668 362
23856 20 2.1 -652 354
24164 20 2.1 -740 384
24476 20 2.1 -600 282
24791 20 2.1 -656 358
25111 20 2.1 -664 354
25435 20 2.1 -708 370
25763 20 2.1 -640 352
26095 20 2.1 -700 364
26432 20 2.1 -684 366
26773 20 2.1 -636 324
27118 20 2.1 -648 354
27468 20 2.1 -680 332
27822 20 2.1 -600 336
28181 20 2.1 -688 364
28545 20 2.1 -696 358
28913 20 2.1 -736 380
29286 20 2.1 -664 344
29663 20 2.1 -724 378
30046 20 2.1 -656 350
30434 20 2.1 -620 320
30826 20 2.1 -700 374
31224 20 2.1 -700 372
31626 20 2.1 -660 352
32034 20 2.1 -656 346
32447 20 2.1 -680 368
32866 20 2.1 -676 356
33290 20 2.1 -608 338
33719 20 2.1 -692 366
34154 20 2.1 -664 338
34595 20 2.1 -608 334
35041 20 2.1 -676 364
35493 20 2.1 -672 366
35951 20 2.1 -688 364
36414 20 2.1 -596 328
36884 20 2.1 -724 378
37360 20 2.1 -644 340
37841 20 2.1 -676 356
38330 20 2.1 -624 340
38824 20 2.1 -636 338
39325 20 2.1 -632 310
39832 20 2.1 -648 352
40346 20 2.1 -620 320
40866 20 2.1 -624 336
41393 20 2.1 -704 324
41927 20 2.1 -728 378
42468 20 2.1 -708 366
43015 20 2.1 -640 340
43570 20 2.1 -704 370
44132 20 2.1 -632 332
44701 20 2.1 -672 354
45278 20 2.1 -692 352
45862 20 2.1 -652 354
46453 20 2.1 -616 334
47053 20 2.1 -704 364
47660 20 2.1 -632 336
48274 20 2.1 -628 342
48897 20 2.1 -676 346
49528 20 2.1 -724 380
50166 20 2.1 -676 362
50813 20 2.1 -608 320
51469 20 2.1 -640 350
52133 20 2.1 -704 374
52805 20 2.1 -692 364
53486 20 2.1 -628 316
54176 20 2.1 -736 380
54875 20 2.1 -692 366
55582 20 2.1 -664 352
56299 20 2.1 -656 358
57025 20 2.1 -664 354
57761 20 2.1 -708 372
58506 20 2.1 -700 370
59261 20 2.1 -704 368
60025 20 2.1 -676 364
60799 20 2.1 -660 350
61583 20 2.1 -736 382
62378 20 2.1 -628 346
63182 20 2.1 -632 328
63997 20 2.1 -724 376
64822 20 2.1 -684 356
65658 20 2.1 -748 384
66505 20 2.1 -700 370
67363 20 2.1 -676 342
68232 20 2.1 -648 354
69112 20 2.1 -680 364
70003 20 2.1 -676 362
70906 20 2.1 -688 336
71821 20 2.1 -672 348
72747 20 2.1 -664 350
73685 20 2.1 -636 348
74636 20 2.1 -628 326
75599 20 2.1 -564 280
76574 20 2.1 -684 352
77561 20 2.1 -568 308
78562 20 2.1 -676 358
79575 20 2.1 -644 344
80601 20 2.1 -628 328
81641 20 2.1 -712 374
82694 20 2.1 -660 354
83760 20 2.1 -676 358
84841 20 2.1 -700 356
85935 20 2.1 -700 374
87043 20 2.1 -608 334
88166 20 2.1 -672 356
89303 20 2.1 -688 354
90455 20 2.1 -652 358
91622 20 2.1 -728 374
92803 20 2.1 -640 348
94000 20 2.1 -632 332
95213 20 2.1 -656 356
96441 20 2.1 -744 386
97685 20 2.1 -636 354
98945 20 2.1 -596 316
100221 20 2.1 -704 374
101513 20 2.1 -720 380
102823 20 2.1 -676 350
104149 20 2.1 -676 362
105492 20 2.1 -660 348
106853 20 2.1 -680 366
108231 20 2.1 -688 356
109627 20 2.1 -572 116
111041 20 2.1 -740 384
112473 20 2.1 -600 286
113924 20 2.1 -660 344
115393 20 2.1 -672 360
116882 20 2.1 -612 310
118389 20 2.1 -628 334
119916 20 2.1 -688 368
121463 20 2.1 -680 350
123029 20 2.1 -712 366
124616 20 2.1 -640 344
126224 20 2.1 -688 362
127852 20 2.1 -636 336
129501 20 2.1 -720 376
131171 20 2.1 -648 342
132863 20 2.1 -704 368
134576 20 2.1 -732 378
136312 20 2.1 -624 326
138070 20 2.1 -652 346
139851 20 2.1 -636 328
141655 20 2.1 -616 336
143482 20 2.1 -684 368
145333 20 2.1 -640 348
147207 20 2.1 -596 334
149106 20 2.1 -692 366
151029 20 2.1 -692 364
152977 20 2.1 -648 350
154950 20 2.1 -612 322
156948 20 2.1 -680 356
158973 20 2.1 -672 -360
161023 20 2.1 -608 -310
163100 20 2.1 -692 -366
165204 20 2.1 -700 -368
167334 20 2.1 -688 -368
169493 20 2.1 -760 -390
171679 20 2.1 -672 -358
173893 20 2.1 -604 -308
176136 20 2.1 -580 -318
178408 20 2.1 -684 -364
180709 20 2.1 -684 -360
183040 20 2.1 -724 -380
185400 20 2.1 -688 -358
187792 20 2.1 -668 -350
190214 20 2.1 -616 -336
192667 20 2.1 -604 -332
195152 20 2.1 -684 -358
197669 20 2.1 -656 -356
200219 20 2.1 -648 -346
202801 20 2.1 -684 -366
205417 20 2.1 -672 -350
208066 20 2.1 -720 -378
210750 20 2.1 -640 -338
213468 20 2.1 -628 -290
216222 20 2.1 -632 -306
219010 20 2.1 -660 -350
221835 20 2.1 -608 -310
224696 20 2.1 -748 -384
227595 20 2.1 -660 -350
230530 20 2.1 -648 -340
233503 20 2.1 -580 -250
236515 20 2.1 -668 -360
239566 20 2.1 -700 -364
242656 20 2.1 -680 -362
245785 20 2.1 -672 -354
248956 20 2.1 -672 -362
252167 20 2.1 -692 -368
255419 20 2.1 -656 -356
258713 20 2.1 -692 -362
262050 20 2.1 -516 -244
265430 20 2.1 -760 -390
268854 20 2.1 -628 -348
272321 20 2.1 -704 -374
275834 20 2.1 -668 -358
279391 20 2.1 -596 -298
282995 20 2.1 -684 -360
286645 20 2.1 -676 -362
290342 20 2.1 -628 -320
294087 20 2.1 -576 -300
297880 20 2.1 -636 -338
301722 20 2.1 -656 -358
305614 20 2.1 -632 -340
309556 20 2.1 -656 -352
313548 20 2.1 -632 -328
317592 20 2.1 -668 -328
321689 20 2.1 -624 -300
325838 20 2.1 -708 -374
330040 20 2.1 -652 -342
334297 20 2.1 -648 -338
338609 20 2.1 -720 -364
342976 20 2.1 -684 -354
347400 20 2.1 -596 -314
351881 20 2.1 -668 -356
356419 20 2.1 -700 -372
361016 20 2.1 -720 -378
365673 20 2.1 -640 -348
370389 20 2.1 -576 -306
375167 20 2.1 -720 -368
380005 20 2.1 -712 -374
384907 20 2.1 -640 -312
389871 20 2.1 -692 -364
394900 20 2.1 -612 332
399993 20 2.1 -688 364
405152 20 2.1 -636 316
410378 20 2.1 -652 352
415671 20 2.1 -668 358
421032 20 2.1 -640 346
426463 20 2.1 -720 370
431963 20 2.1 -644 350
437535 20 2.1 -660 340
443178 20 2.1 -688 366
448894 20 2.1 -704 370
454684 20 2.1 -644 246
460548 20 2.1 -684 370
466489 20 2.1 -604 334
472505 20 2.1 -656 312
478600 20 2.1 -668 350
484773 20 2.1 -692 354
491025 20 2.1 -616 340
497358 20 2.1 -660 358
503773 20 2.1 -664 356
510271 20 2.1 -692 366
516852 20 2.1 -648 354
523519 20 2.1 -660 338
530271 20 2.1 -696 366
537111 20 2.1 -700 -352
544038 20 2.1 -600 -320
551055 20 2.1 -692 -370
558163 20 2.1 -688 -360
565362 20 2.1 -736 -380
572654 20 2.1 -588 -314
580040 20 2.1 -608 -332
587521 20 2.1 -660 -352
595099 20 2.1 -660 -342
602775 20 2.1 -716 -374
610549 20 2.1 -632 -342
618424 20 2.1 -692 -364
626400 20 2.1 -656 -354
634480 20 2.1 -620 -336
642663 20 2.1 -664 -354
650952 20 2.1 -672 -348
659348 20 2.1 -648 -352
667853 20 2.1 -672 -356
676467 20 2.1 -680 -360
685192 20 2.1 -632 -334
694029 20 2.1 -632 -344
702981 20 2.1 -644 -304
712048 20 2.1 -620 -310
721232 20 2.1 -640 -348
730534 20 2.1 -592 -306
739957 20 2.1 -652 -348
749500 20 2.1 -628 -330
759168 20 2.1 -648 -340
768959 20 2.1 -692 -360
778877 20 2.1 -616 -334
788923 20 2.1 -696 -368
799099 20 2.1 -656 -358
809405 20 2.1 -664 -354
819845 20 2.1 -664 -354
830419 20 2.1 -660 -356
841130 20 2.1 -680 -360
851979 20 2.1 -704 -364
862968 20 2.1 -668 -332
874098 20 2.1 -680 -360
885373 20 2.1 -712 -372
896792 20 2.1 -636 -330
908359 20 2.1 -668 -342
920075 20 2.1 -712 -374
931942 20 2.1 -624 -344
943962 20 2.1 -652 -342
956137 20 2.1 -648 -348
968470 20 2.1 -652 -350
980961 20 2.1 -672 -346
993613 20 2.1 -568 -318
999999 20 2.1 -676 -356
