3 60 2 -3544 -126
4 60 2 -3964 -118
5 60 2 -4224 -196
6 60 2 -4256 -258
7 60 2 -4344 -286
8 60 2 -4384 -392
9 60 2 -4532 -474
10 60 2 -4704 -500
11 60 2 -4632 -532
12 60 2 -4804 -544
13 60 2 -4836 -592
14 60 2 -4900 -726
15 60 2 -5068 -884
16 60 2 -4908 -948
17 60 2 -4952 -954
18 60 2 -5024 -1032
19 60 2 -5032 -1050
20 60 2 -5096 -1094
21 60 2 -5172 -1160
22 60 2 -5132 -1212
23 60 2 -5128 -1240
24 60 2 -5256 -1240
25 60 2 -5296 -1224
26 60 2 -5320 -1188
27 60 2 -5348 -1248
28 60 2 -5344 -1254
29 60 2 -5328 -1250
30 60 2 -5340 -1286
31 60 2 -5276 -1248
32 60 2 -5256 -1270
33 60 2 -5260 -1346
34 60 2 -5408 -1410
35 60 2 -5392 -1424
36 60 2 -5312 -1438
37 60 2 -5360 -1482
38 60 2 -5392 -1470
39 60 2 -5416 -1548
40 60 2 -5444 -1558
41 60 2 -5404 -1610
42 60 2 -5424 -1682
43 60 2 -5456 -1660
44 60 2 -5412 -1640
45 60 2 -5396 -1666
46 60 2 -5360 -1680
47 60 2 -5480 -1696
48 60 2 -5424 -1692
49 60 2 -5472 -1656
50 60 2 -5504 -1706
51 60 2 -5504 -1682
52 60 2 -5504 -1728
53 60 2 -5464 -1790
54 60 2 -5488 -1792
55 60 2 -5500 -1844
56 60 2 -5532 -1812
57 60 2 -5536 -1812
58 60 2 -5648 -1846
59 60 2 -5556 -1832
60 60 2 -5580 -1928
61 60 2 -5744 -1898
62 60 2 -5768 -1884
63 60 2 -5784 -1930
64 60 2 -5732 -1928
65 60 2 -5652 -1854
66 60 2 -5644 -1848
67 60 2 -5640 -1910
68 60 2 -5764 -1984
69 60 2 -5816 -2042
70 60 2 -5740 -2058
71 60 2 -5776 -2094
72 60 2 -5732 -2050
73 60 2 -5808 -2050
74 60 2 -5876 -2082
75 60 2 -5752 -2074
76 60 2 -5652 -2064
77 60 2 -5664 -2126
78 60 2 -5580 -2082
79 60 2 -5672 -2084
80 60 2 -5612 -2062
81 60 2 -5708 -2078
82 60 2 -5808 -2188
83 60 2 -5716 -2152
84 60 2 -5736 -2134
85 60 2 -5796 -2218
86 60 2 -5696 -2218
88 60 2 -5864 -2246
89 60 2 -5956 -2272
90 60 2 -5920 -2308
91 60 2 -5876 -2284
92 60 2 -5964 -2342
93 60 2 -6104 -2364
95 60 2 -5964 -2462
96 60 2 -5896 -2508
97 60 2 -5840 -2514
98 60 2 -6020 -2524
99 60 2 -6016 -2440
101 60 2 -5960 -2406
102 60 2 -5832 -2344
103 60 2 -5924 -2388
105 60 2 -5816 -2340
106 60 2 -5948 -2382
107 60 2 -5912 -2394
109 60 2 -5948 -2412
110 60 2 -5936 -2450
112 60 2 -5916 -2400
113 60 2 -6016 -2440
114 60 2 -6096 -2464
116 60 2 -5996 -2366
117 60 2 -5996 -2394
119 60 2 -5896 -2346
120 60 2 -5844 -2362
122 60 2 -5820 -2350
124 60 2 -5880 -2348
125 60 2 -5876 -2418
127 60 2 -5860 -2464
128 60 2 -5880 -2530
130 60 2 -5864 -2484
132 60 2 -5720 -2474
133 60 2 -5804 -2418
135 60 2 -5840 -2440
137 60 2 -5912 -2478
139 60 2 -5924 -2560
140 60 2 -6000 -2618
142 60 2 -5920 -2582
144 60 2 -5832 -2588
146 60 2 -6028 -2648
148 60 2 -6076 -2580
150 60 2 -6140 -2684
152 60 2 -6112 -2676
154 60 2 -6132 -2682
155 60 2 -6104 -2650
157 60 2 -6048 -2638
160 60 2 -6084 -2724
162 60 2 -6140 -2756
164 60 2 -6040 -2674
166 60 2 -5968 -2742
168 60 2 -5936 -2676
170 60 2 -6012 -2714
172 60 2 -6000 -2772
174 60 2 -6092 -2842
177 60 2 -6072 -2854
179 60 2 -6056 -2866
181 60 2 -5992 -2798
184 60 2 -5848 -2790
186 60 2 -5996 -2850
188 60 2 -5996 -2878
191 60 2 -5968 -2826
193 60 2 -6128 -2886
196 60 2 -6120 -2892
198 60 2 -5932 -2818
201 60 2 -5904 -2862
203 60 2 -6108 -2914
206 60 2 -6176 -3012
209 60 2 -6160 -3008
211 60 2 -6080 -2994
214 60 2 -6212 -3118
217 60 2 -6216 -3122
220 60 2 -6164 -3154
222 60 2 -6296 -3216
225 60 2 -6252 -3198
228 60 2 -6304 -3232
231 60 2 -6296 -3260
234 60 2 -6448 -3314
237 60 2 -6356 -3284
240 60 2 -6388 -3282
243 60 2 -6284 -3256
246 60 2 -6276 -3262
250 60 2 -6280 -3276
253 60 2 -6316 -3294
256 60 2 -6356 -3346
259 60 2 -6276 -3300
263 60 2 -6332 -3306
266 60 2 -6296 -3316
269 60 2 -6420 -3350
273 60 2 -6168 -3260
276 60 2 -6228 -3300
280 60 2 -6332 -3280
284 60 2 -6220 -3230
287 60 2 -6140 -3234
291 60 2 -6184 -3228
295 60 2 -6272 -3240
298 60 2 -6324 -3270
302 60 2 -6268 -3246
306 60 2 -6240 -3238
310 60 2 -6328 -3274
314 60 2 -6260 -3230
318 60 2 -6244 -3300
322 60 2 -6260 -3268
326 60 2 -6344 -3314
331 60 2 -6320 -3308
335 60 2 -6360 -3334
339 60 2 -6292 -3308
344 60 2 -6268 -3274
348 60 2 -6124 -3216
352 60 2 -6184 -3238
357 60 2 -6324 -3306
362 60 2 -6480 -3346
366 60 2 -6372 -3336
371 60 2 -6304 -3298
376 60 2 -6192 -3244
381 60 2 -6276 -3308
385 60 2 -6408 -3332
390 60 2 -6376 -3336
395 60 2 -6360 -3326
401 60 2 -6304 -3304
406 60 2 -6260 -3292
411 60 2 -6304 -3290
416 60 2 -6216 -3266
422 60 2 -6252 -3280
427 60 2 -6024 -3172
433 60 2 -6264 -3238
438 60 2 -6152 -3146
444 60 2 -6332 -3276
449 60 2 -6224 -3230
455 60 2 -6096 -3180
461 60 2 -6368 -3302
467 60 2 -6168 -3234
473 60 2 -6172 -3222
479 60 2 -6292 -3252
485 60 2 -6284 -3272
492 60 2 -6248 -3266
498 60 2 -6236 -3278
504 60 2 -6336 -3322
511 60 2 -6372 -3320
517 60 2 -6376 -3302
524 60 2 -6256 -3248
531 60 2 -6168 -3224
538 60 2 -6288 -3270
545 60 2 -6248 -3272
552 60 2 -6100 -3212
559 60 2 -6152 -3152
566 60 2 -6300 -3262
573 60 2 -6328 -3278
581 60 2 -6156 -3246
588 60 2 -6344 -3344
596 60 2 -6208 -3274
603 60 2 -6168 -3244
611 60 2 -6352 -3322
619 60 2 -6244 -3258
627 60 2 -6388 -3332
635 60 2 -6344 -3326
643 60 2 -6092 -3232
652 60 2 -6116 -3210
660 60 2 -6292 -3292
668 60 2 -6344 -3310
677 60 2 -6216 -3240
686 60 2 -6216 -3256
695 60 2 -6340 -3308
704 60 2 -6156 -3228
713 60 2 -6300 -3260
722 60 2 -6252 -3294
731 60 2 -6144 -3234
741 60 2 -6372 -3310
750 60 2 -6388 -3342
760 60 2 -6372 -3324
770 60 2 -6288 -3238
780 60 2 -6208 -3196
790 60 2 -6288 -3282
800 60 2 -6184 -3254
810 60 2 -6252 -3230
821 60 2 -6280 -3300
831 60 2 -6240 -3240
842 60 2 -6344 -3324
853 60 2 -6364 -3330
864 60 2 -6240 -3274
875 60 2 -6376 -3348
886 60 2 -6068 -3232
897 60 2 -6244 -3284
909 60 2 -6044 -3098
921 60 2 -6156 -3206
933 60 2 -6232 -3264
945 60 2 -6264 -3258
957 60 2 -6272 -3276
969 60 2 -6324 -3280
982 60 2 -6144 -3248
994 60 2 -6296 -3286
1007 60 2 -6284 -3276
1020 60 2 -6320 -3310
1033 60 2 -6300 -3296
1047 60 2 -6344 -3292
1060 60 2 -6376 -3320
1074 60 2 -6356 -3334
1088 60 2 -6228 -3238
1102 60 2 -6036 -3128
1116 60 2 -6348 -3310
1130 60 2 -6236 -3248
1145 60 2 -6384 -3274
1160 60 2 -6240 -3276
1174 60 2 -6204 -3272
1190 60 2 -6236 -3290
1205 60 2 -6404 -3340
1220 60 2 -6312 -3290
1236 60 2 -6260 -3302
1252 60 2 -6260 -3246
1268 60 2 -6060 -3190
1285 60 2 -6104 -3172
1301 60 2 -6072 -3180
1318 60 2 -6376 -3344
1335 60 2 -6348 -3322
1352 60 2 -6308 -3306
1370 60 2 -6264 -3272
1387 60 2 -6200 -3240
1405 60 2 -6400 -3328
1423 60 2 -6148 -3232
1442 60 2 -6376 -3300
1460 60 2 -6300 -3290
1479 60 2 -6088 -3146
1498 60 2 -5984 -3104
1517 60 2 -6208 -3222
1537 60 2 -6336 -3288
1557 60 2 -6220 -3254
1577 60 2 -6460 -3346
1597 60 2 -6280 -3214
1618 60 2 -6360 -3276
1639 60 2 -6352 -3312
1660 60 2 -6388 -3344
1681 60 2 -6268 -3252
1703 60 2 -6356 -3316
1725 60 2 -6408 -3350
1747 60 2 -6320 -3320
1770 60 2 -6272 -3246
1792 60 2 -6292 -3286
1816 60 2 -6400 -3328
1839 60 2 -6344 -3296
1863 60 2 -6100 -3216
1887 60 2 -6368 -3336
1911 60 2 -6164 -3272
1936 60 2 -6064 -3152
1961 60 2 -6220 -3224
1986 60 2 -6220 -3278
2012 60 2 -6156 -3228
2037 60 2 -6380 -3336
2064 60 2 -6264 -3270
2090 60 2 -6312 -3282
2117 60 2 -6072 -3170
2145 60 2 -6236 -3238
2172 60 2 -6228 -3240
2200 60 2 -6416 -3338
2229 60 2 -6392 -3346
2257 60 2 -6292 -3254
2286 60 2 -6388 -3336
2316 60 2 -6324 -3334
2346 60 2 -6452 -3342
2376 60 2 -6264 -3266
2407 60 2 -6352 -3268
2438 60 2 -6368 -3338
2469 60 2 -5912 -3000
2501 60 2 -6212 -3232
2533 60 2 -6096 -3116
2566 60 2 -6236 -3260
2599 60 2 -6140 -3222
2633 60 2 -6324 -3310
2667 60 2 -6228 -3296
2701 60 2 -6228 -3276
2736 60 2 -6276 -3278
2771 60 2 -6208 -3260
2807 60 2 -6268 -3302
2843 60 2 -6520 -3396
2880 60 2 -6200 -3196
2917 60 2 -6364 -3314
2954 60 2 -6260 -3296
2992 60 2 -6364 -3344
3031 60 2 -6172 -3186
3070 60 2 -6404 -3306
3110 60 2 -6476 -3360
3150 60 2 -6228 -3288
3190 60 2 -6124 -3186
3232 60 2 -6200 -3248
3273 60 2 -6264 -3278
3315 60 2 -6204 -3254
3358 60 2 -6252 -3258
3402 60 2 -6236 -3280
3445 60 2 -6400 -3354
3490 60 2 -6260 -3272
3535 60 2 -6472 -3382
3580 60 2 -6516 -3364
3627 60 2 -6224 -3168
3673 60 2 -6356 -3346
3721 60 2 -6340 -3298
3769 60 2 -6288 -3284
3817 60 2 -6296 -3310
3867 60 2 -6428 -3344
3916 60 2 -6124 -3188
3967 60 2 -6328 -3318
4018 60 2 -6184 -3246
4070 60 2 -6320 -3322
4122 60 2 -6336 -3320
4176 60 2 -6216 -3256
4229 60 2 -6208 -3262
4284 60 2 -6104 -3178
4339 60 2 -6316 -3294
4395 60 2 -6272 -3270
4452 60 2 -6164 -3238
4509 60 2 -6244 -3274
4567 60 2 -6440 -3330
4626 60 2 -6224 -3262
4686 60 2 -6548 -3398
4746 60 2 -6404 -3336
4808 60 2 -6240 -3274
4870 60 2 -6380 -3338
4932 60 2 -6352 -3336
4996 60 2 -6280 -3292
5060 60 2 -6312 -3306
5126 60 2 -6272 -3246
5192 60 2 -6164 -3204
5259 60 2 -6400 -3358
5327 60 2 -6200 -3244
5395 60 2 -6344 -3302
5465 60 2 -6320 -3308
5535 60 2 -6320 -3312
5607 60 2 -6436 -3366
5679 60 2 -6440 -3360
5752 60 2 -6272 -3300
5826 60 2 -6428 -3348
5902 60 2 -6236 -3292
5978 60 2 -6404 -3322
6055 60 2 -6260 -3236
6133 60 2 -6216 -3234
6212 60 2 -6352 -3336
6292 60 2 -6420 -3344
6373 60 2 -6424 -3344
6455 60 2 -6328 -3314
6539 60 2 -6132 -3198
6623 60 2 -6472 -3354
6708 60 2 -6344 -3324
6795 60 2 -6180 -3258
6883 60 2 -6252 -3298
6971 60 2 -6332 -3250
7061 60 2 -6276 -3264
7152 60 2 -6180 -3240
7245 60 2 -6300 -3286
7338 60 2 -6372 -3318
7433 60 2 -6220 -3246
7529 60 2 -6292 -3306
7626 60 2 -6200 -3264
7724 60 2 -6324 -3308
7824 60 2 -6440 -3374
7925 60 2 -6348 -3312
8027 60 2 -6160 -3234
8130 60 2 -6204 -3208
8235 60 2 -6416 -3358
8341 60 2 -6372 -3296
8449 60 2 -6372 -3296
8558 60 2 -6216 -3270
8668 60 2 -6304 -3322
8780 60 2 -6364 -3300
8893 60 2 -6372 -3340
9008 60 2 -6156 -3238
9124 60 2 -6432 -3358
9242 60 2 -6260 -3258
9361 60 2 -6400 -3336
9482 60 2 -6368 -3318
9604 60 2 -6300 -3310
9728 60 2 -6288 -3238
9853 60 2 -6248 -3288
9980 60 2 -6264 -3230
10109 60 2 -6232 -3298
10240 60 2 -6192 -3224
10372 60 2 -6416 -3328
10505 60 2 -6452 -3356
10641 60 2 -6356 -3336
10778 60 2 -6188 -3246
10917 60 2 -6376 -3326
11058 60 2 -6440 -3368
11201 60 2 -6064 -3220
11345 60 2 -6192 -3242
11491 60 2 -6152 -3254
11640 60 2 -6416 -3336
11790 60 2 -6288 -3282
11942 60 2 -6184 -3230
12096 60 2 -6184 -3226
12252 60 2 -6312 -3300
12410 60 2 -6236 -3170
12570 60 2 -6272 -3268
12732 60 2 -6452 -3354
12896 60 2 -6152 -3230
13062 60 2 -6244 -3226
13231 60 2 -6284 -3290
13402 60 2 -6180 -3250
13574 60 2 -6404 -3344
13750 60 2 -6320 -3292
13927 60 2 -6060 -3182
14106 60 2 -6268 -3292
14288 60 2 -6108 -3214
14473 60 2 -6264 -3260
14659 60 2 -6156 -3220
14848 60 2 -6364 -3314
15040 60 2 -6300 -3288
15234 60 2 -6388 -3336
15430 60 2 -6052 -3166
15629 60 2 -6356 -3300
15831 60 2 -6348 -3282
16035 60 2 -6384 -3320
16242 60 2 -6312 -3294
16451 60 2 -6464 -3364
16664 60 2 -6332 -3292
16879 60 2 -6284 -3302
17096 60 2 -6084 -3208
17317 60 2 -6232 -3248
17540 60 2 -6236 -3266
17766 60 2 -6148 -3220
17995 60 2 -6216 -3256
18228 60 2 -6340 -3302
18463 60 2 -6264 -3250
18701 60 2 -6312 -3260
18942 60 2 -6408 -3350
19186 60 2 -6264 -3306
19434 60 2 -6228 -3268
19684 60 2 -6356 -3314
19938 60 2 -6352 -3330
20195 60 2 -6232 -3214
20456 60 2 -6416 -3322
20720 60 2 -6428 -3368
20987 60 2 -6200 -3226
21258 60 2 -6384 -3318
21532 60 2 -6212 -3218
21810 60 2 -6156 -3204
22091 60 2 -6336 -3318
22376 60 2 -6116 -3238
22664 60 2 -6376 -3328
22957 60 2 -6148 -3192
23253 60 2 -6340 -3234
23553 60 2 -6172 -3246
23856 60 2 -5928 -3118
24164 60 2 -6372 -3306
24476 60 2 -6264 -3292
24791 60 2 -6268 -3300
25111 60 2 -6284 -3284
25435 60 2 -6320 -3314
25763 60 2 -6216 -3252
26095 60 2 -6288 -3274
26432 60 2 -6364 -3294
26773 60 2 -6436 -3316
27118 60 2 -6324 -3304
27468 60 2 -6264 -3278
27822 60 2 -6260 -3260
28181 60 2 -6288 -3292
28545 60 2 -6084 -3200
28913 60 2 -6176 -3212
29286 60 2 -6252 -3290
29663 60 2 -6316 -3330
30046 60 2 -6316 -3288
30434 60 2 -6360 -3312
30826 60 2 -6384 -3334
31224 60 2 -6328 -3288
31626 60 2 -6256 -3298
32034 60 2 -6328 -3290
32447 60 2 -6336 -3270
32866 60 2 -6440 -3356
33290 60 2 -6164 -3168
33719 60 2 -6292 -3300
34154 60 2 -6136 -3206
34595 60 2 -6300 -3298
35041 60 2 -6460 -3372
35493 60 2 -6216 -3236
35951 60 2 -6200 -3262
36414 60 2 -6336 -3286
36884 60 2 -6296 -3304
37360 60 2 -6220 -3268
37841 60 2 -6236 -3252
38330 60 2 -6460 -3342
38824 60 2 -6160 -3244
39325 60 2 -6260 -3302
39832 60 2 -6220 -3274
40346 60 2 -6416 -3346
40866 60 2 -6296 -3272
41393 60 2 -6308 -3322
41927 60 2 -6308 -3256
42468 60 2 -6492 -3360
43015 60 2 -6120 -3176
43570 60 2 -6216 -3246
44132 60 2 -6312 -3260
44701 60 2 -6212 -3274
45278 60 2 -6304 -3280
45862 60 2 -6304 -3292
46453 60 2 -6348 -3312
47053 60 2 -6296 -3326
47660 60 2 -6252 -3260
48274 60 2 -6300 -3264
48897 60 2 -6320 -3334
49528 60 2 -6364 -3322
50166 60 2 -5948 -3116
50813 60 2 -6328 -3282
51469 60 2 -6060 -3154
52133 60 2 -6472 -3360
52805 60 2 -6360 -3316
53486 60 2 -6392 -3340
54176 60 2 -6328 -3318
54875 60 2 -6352 -3312
55582 60 2 -6420 -3336
56299 60 2 -6264 -3276
57025 60 2 -6356 -3320
57761 60 2 -6196 -3264
58506 60 2 -6428 -3338
59261 60 2 -6220 -3262
60025 60 2 -6344 -3302
60799 60 2 -6388 -3332
61583 60 2 -6232 -3284
62378 60 2 -6240 -3240
63182 60 2 -6344 -3326
63997 60 2 -6060 -3208
64822 60 2 -6312 -3292
65658 60 2 -6208 -3264
66505 60 2 -6360 -3300
67363 60 2 -6160 -3228
68232 60 2 -6332 -3314
69112 60 2 -6380 -3246
70003 60 2 -6420 -3296
70906 60 2 -6116 -3184
71821 60 2 -6080 -3184
72747 60 2 -6188 -3252
73685 60 2 -6456 -3362
74636 60 2 -6252 -3278
75599 60 2 -6376 -3340
76574 60 2 -6360 -3310
77561 60 2 -6412 -3338
78562 60 2 -6168 -3212
79575 60 2 -6296 -3302
80601 60 2 -6384 -3302
81641 60 2 -6220 -3186
82694 60 2 -6292 -3280
83760 60 2 -6224 -3242
84841 60 2 -6212 -3266
85935 60 2 -6168 -3234
87043 60 2 -6288 -3270
88166 60 2 -6316 -3260
89303 60 2 -6372 -3304
90455 60 2 -6312 -3314
91622 60 2 -6184 -3176
92803 60 2 -6212 -3242
94000 60 2 -6360 -3318
95213 60 2 -6368 -3318
96441 60 2 -6160 -3220
97685 60 2 -6436 -3326
98945 60 2 -6420 -3338
100221 60 2 -6380 -3310
101513 60 2 -6172 -3248
102823 60 2 -6396 -3348
104149 60 2 -6404 -3348
105492 60 2 -6352 -3328
106853 60 2 -6324 -3330
108231 60 2 -6136 -3218
109627 60 2 -6288 -3316
111041 60 2 -6260 -3256
112473 60 2 -6172 -3222
113924 60 2 -6144 -3256
115393 60 2 -6132 -3194
116882 60 2 -6432 -3380
118389 60 2 -6292 -3296
119916 60 2 -6280 -3272
121463 60 2 -6296 -3248
123029 60 2 -6456 -3356
124616 60 2 -6492 -3344
126224 60 2 -6508 -3390
127852 60 2 -6488 -3370
129501 60 2 -6240 -3252
131171 60 2 -6292 -3250
132863 60 2 -6352 -3310
134576 60 2 -6344 -3306
136312 60 2 -6144 -3220
138070 60 2 -6408 -3332
139851 60 2 -6392 -3342
141655 60 2 -6436 -3364
143482 60 2 -6448 -3358
145333 60 2 -6208 -3216
147207 60 2 -6184 -3248
149106 60 2 -6316 -3288
151029 60 2 -6152 -3262
152977 60 2 -6264 -3266
154950 60 2 -6240 -3268
156948 60 2 -6268 -3258
158973 60 2 -6388 -3344
161023 60 2 -6292 -3308
163100 60 2 -6288 -3272
165204 60 2 -6220 -3196
167334 60 2 -6256 -3264
169493 60 2 -6216 -3254
171679 60 2 -6168 -3236
173893 60 2 -6148 -3202
176136 60 2 -6348 -3310
178408 60 2 -6312 -3258
180709 60 2 -6168 -3258
183040 60 2 -6112 -3222
185400 60 2 -6308 -3288
187792 60 2 -6340 -3346
190214 60 2 -6292 -3276
192667 60 2 -6204 -3264
195152 60 2 -6304 -3284
197669 60 2 -6236 -3294
200219 60 2 -6332 -3328
202801 60 2 -6300 -3302
205417 60 2 -6324 -3286
208066 60 2 -6148 -3228
210750 60 2 -6388 -3316
213468 60 2 -6172 -3254
216222 60 2 -6400 -3318
219010 60 2 -6360 -3334
221835 60 2 -6340 -3332
224696 60 2 -6280 -3310
227595 60 2 -6524 -3376
230530 60 2 -6268 -3284
233503 60 2 -6100 -3186
236515 60 2 -6308 -3284
239566 60 2 -6184 -3194
242656 60 2 -6376 -3330
245785 60 2 -6268 -3266
248956 60 2 -6332 -3326
252167 60 2 -6324 -3298
255419 60 2 -6192 -3202
258713 60 2 -6288 -3240
262050 60 2 -6272 -3262
265430 60 2 -6332 -3334
268854 60 2 -6220 -3248
272321 60 2 -6336 -3322
275834 60 2 -6268 -3300
279391 60 2 -6188 -3248
282995 60 2 -6344 -3312
286645 60 2 -6396 -3316
290342 60 2 -6344 -3318
294087 60 2 -6412 -3350
297880 60 2 -6264 -3316
301722 60 2 -6364 -3320
305614 60 2 -5956 -3154
309556 60 2 -6376 -3324
313548 60 2 -6360 -3320
317592 60 2 -6228 -3238
321689 60 2 -6272 -3238
325838 60 2 -6260 -3250
330040 60 2 -6140 -3184
334297 60 2 -6428 -3360
338609 60 2 -6472 -3378
342976 60 2 -6432 -3362
347400 60 2 -6256 -3272
351881 60 2 -6356 -3318
356419 60 2 -6296 -3312
361016 60 2 -6344 -3302
365673 60 2 -6364 -3330
370389 60 2 -6384 -3324
375167 60 2 -6312 -3306
380005 60 2 -6448 -3356
384907 60 2 -6036 -3216
389871 60 2 -6256 -3282
394900 60 2 -6392 -3320
399993 60 2 -6236 -3288
405152 60 2 -6368 -3322
410378 60 2 -6244 -3300
415671 60 2 -6464 -3362
421032 60 2 -6048 -3136
426463 60 2 -6408 -3322
431963 60 2 -6264 -3280
437535 60 2 -6412 -3356
443178 60 2 -6296 -3308
448894 60 2 -6264 -3226
454684 60 2 -6340 -3296
460548 60 2 -6272 -3288
466489 60 2 -6388 -3328
472505 60 2 -6388 -3346
478600 60 2 -6316 -3284
484773 60 2 -6156 -3214
491025 60 2 -6384 -3310
497358 60 2 -6180 -3256
503773 60 2 -6316 -3254
510271 60 2 -6200 -3216
516852 60 2 -6064 -3194
523519 60 2 -6504 -3380
530271 60 2 -6376 -3324
537111 60 2 -6292 -3218
544038 60 2 -6084 -3208
551055 60 2 -6084 -3170
558163 60 2 -6296 -3284
565362 60 2 -6344 -3306
572654 60 2 -6128 -3218
580040 60 2 -6268 -3282
587521 60 2 -6204 -3284
595099 60 2 -6320 -3278
602775 60 2 -6300 -3248
610549 60 2 -6236 -3254
618424 60 2 -6260 -3266
626400 60 2 -6208 -3266
634480 60 2 -6228 -3260
642663 60 2 -6320 -3262
650952 60 2 -6220 -3264
659348 60 2 -6228 -3214
667853 60 2 -6380 -3348
676467 60 2 -6272 -3266
685192 60 2 -6204 -3280
694029 60 2 -6400 -3304
702981 60 2 -6316 -3244
712048 60 2 -6284 -3284
721232 60 2 -6160 -3236
730534 60 2 -6184 -3236
739957 60 2 -6348 -3312
749500 60 2 -6312 -3278
759168 60 2 -6384 -3342
768959 60 2 -6376 -3354
778877 60 2 -6384 -3354
788923 60 2 -6180 -3240
799099 60 2 -6208 -3262
809405 60 2 -6396 -3348
819845 60 2 -6152 -3250
830419 60 2 -6316 -3262
841130 60 2 -6540 -3404
851979 60 2 -6208 -3238
862968 60 2 -6184 -3220
874098 60 2 -6368 -3320
885373 60 2 -6404 -3342
896792 60 2 -6224 -3276
908359 60 2 -6244 -3280
920075 60 2 -6164 -3256
931942 60 2 -6336 -3298
943962 60 2 -6400 -3338
956137 60 2 -6116 -3190
968470 60 2 -6408 -3326
980961 60 2 -6248 -3262
993613 60 2 -6176 -3224
999999 60 2 -6316 -3292
