3 140 2.3 -18012 -804
4 140 2.3 -19212 -778
5 140 2.3 -20920 -980
6 140 2.3 -21508 -1012
7 140 2.3 -21668 -1112
8 140 2.3 -22348 -1064
9 140 2.3 -22588 -1022
10 140 2.3 -22724 -1116
11 140 2.3 -22852 -1492
12 140 2.3 -23068 -1610
13 140 2.3 -23268 -1618
14 140 2.3 -23480 -1834
15 140 2.3 -23164 -1784
16 140 2.3 -23572 -2118
17 140 2.3 -23692 -2068
18 140 2.3 -23928 -2084
19 140 2.3 -24300 -2134
20 140 2.3 -24396 -2262
21 140 2.3 -24696 -2178
22 140 2.3 -24404 -2106
23 140 2.3 -24340 -2154
24 140 2.3 -24800 -2368
25 140 2.3 -24776 -2440
26 140 2.3 -24684 -2410
27 140 2.3 -24688 -2522
28 140 2.3 -24616 -2874
29 140 2.3 -24948 -2832
30 140 2.3 -24616 -2954
31 140 2.3 -24296 -2814
32 140 2.3 -24160 -2796
33 140 2.3 -24436 -2730
34 140 2.3 -24480 -2964
35 140 2.3 -24392 -2994
36 140 2.3 -24800 -3074
37 140 2.3 -24732 -3040
38 140 2.3 -24948 -2928
39 140 2.3 -25028 -2972
40 140 2.3 -25192 -3014
41 140 2.3 -25040 -2948
42 140 2.3 -24764 -2968
43 140 2.3 -24600 -2988
44 140 2.3 -24828 -2920
45 140 2.3 -24888 -2916
46 140 2.3 -25112 -2924
47 140 2.3 -25084 -3086
48 140 2.3 -25028 -3378
49 140 2.3 -24804 -3192
50 140 2.3 -24912 -3282
51 140 2.3 -24880 -3146
52 140 2.3 -24712 -3156
53 140 2.3 -24748 -3108
54 140 2.3 -24988 -3228
55 140 2.3 -24872 -2994
56 140 2.3 -24744 -2912
57 140 2.3 -25220 -3154
58 140 2.3 -25284 -3014
59 140 2.3 -25388 -2896
60 140 2.3 -25184 -3036
61 140 2.3 -25300 -3100
62 140 2.3 -25320 -3256
63 140 2.3 -25052 -3346
64 140 2.3 -25304 -3334
65 140 2.3 -25456 -3272
66 140 2.3 -25056 -3314
67 140 2.3 -25192 -3382
68 140 2.3 -25156 -3418
69 140 2.3 -25196 -3424
70 140 2.3 -25580 -3440
71 140 2.3 -25260 -3546
72 140 2.3 -25248 -3442
73 140 2.3 -25508 -3480
74 140 2.3 -25868 -3356
75 140 2.3 -25632 -3342
76 140 2.3 -25596 -3472
77 140 2.3 -25600 -3390
78 140 2.3 -25688 -3436
79 140 2.3 -25932 -3684
80 140 2.3 -25812 -3840
81 140 2.3 -25764 -3830
82 140 2.3 -26160 -3926
83 140 2.3 -26004 -3896
84 140 2.3 -25772 -3856
85 140 2.3 -25596 -4252
86 140 2.3 -25564 -4450
88 140 2.3 -25872 -4214
89 140 2.3 -25596 -4050
90 140 2.3 -25496 -4120
91 140 2.3 -25544 -4158
92 140 2.3 -25744 -4280
93 140 2.3 -25952 -4464
95 140 2.3 -25740 -4594
96 140 2.3 -25692 -4388
97 140 2.3 -25428 -4422
98 140 2.3 -25404 -4542
99 140 2.3 -25360 -4590
101 140 2.3 -25292 -4392
102 140 2.3 -25360 -4542
103 140 2.3 -25472 -4614
105 140 2.3 -25380 -4472
106 140 2.3 -26308 -4392
107 140 2.3 -26472 -4262
109 140 2.3 -26344 -4250
110 140 2.3 -26524 -4330
112 140 2.3 -25864 -4148
113 140 2.3 -25924 -4266
114 140 2.3 -26260 -4292
116 140 2.3 -25708 -4246
117 140 2.3 -25564 -4328
119 140 2.3 -25888 -4368
120 140 2.3 -25912 -4524
122 140 2.3 -25688 -4096
124 140 2.3 -25660 -4186
125 140 2.3 -25644 -4256
127 140 2.3 -25044 -4464
128 140 2.3 -25352 -4580
130 140 2.3 -25488 -4594
132 140 2.3 -25456 -4460
133 140 2.3 -25316 -4364
135 140 2.3 -25384 -4576
137 140 2.3 -24836 -4328
139 140 2.3 -25420 -4346
140 140 2.3 -25460 -4296
142 140 2.3 -26132 -4454
144 140 2.3 -25308 -4542
146 140 2.3 -25564 -4560
148 140 2.3 -25336 -4494
150 140 2.3 -25140 -4164
152 140 2.3 -25184 -3992
154 140 2.3 -25520 -4072
155 140 2.3 -25308 -4098
157 140 2.3 -25816 -4150
160 140 2.3 -25716 -4210
162 140 2.3 -25708 -3960
164 140 2.3 -25744 -3698
166 140 2.3 -25780 -3956
168 140 2.3 -26100 -4118
170 140 2.3 -26172 -4154
172 140 2.3 -25864 -4366
174 140 2.3 -25700 -4444
177 140 2.3 -25520 -3940
179 140 2.3 -25840 -3776
181 140 2.3 -25780 -3434
184 140 2.3 -25936 -3786
186 140 2.3 -26188 -3736
188 140 2.3 -25600 -3844
191 140 2.3 -25888 -3928
193 140 2.3 -25996 -3940
196 140 2.3 -26060 -3716
198 140 2.3 -26380 -3716
201 140 2.3 -25964 -3608
203 140 2.3 -26180 -3698
206 140 2.3 -26060 -4222
209 140 2.3 -25816 -4118
211 140 2.3 -26160 -3982
214 140 2.3 -25876 -3954
217 140 2.3 -26080 -4160
220 140 2.3 -26428 -4358
222 140 2.3 -25788 -4384
225 140 2.3 -26228 -4542
228 140 2.3 -26232 -4518
231 140 2.3 -26264 -4484
234 140 2.3 -26040 -4652
237 140 2.3 -25584 -4412
240 140 2.3 -25436 -4468
243 140 2.3 -25912 -5188
246 140 2.3 -26056 -5268
250 140 2.3 -26340 -5578
253 140 2.3 -25772 -5494
256 140 2.3 -26256 -5706
259 140 2.3 -26588 -6010
263 140 2.3 -26372 -6158
266 140 2.3 -26484 -6378
269 140 2.3 -26184 -6092
273 140 2.3 -26360 -6134
276 140 2.3 -26128 -6072
280 140 2.3 -26196 -6452
284 140 2.3 -26672 -6778
287 140 2.3 -26644 -6962
291 140 2.3 -26248 -6982
295 140 2.3 -26984 -7000
298 140 2.3 -26648 -6760
302 140 2.3 -26928 -6802
306 140 2.3 -26808 -6740
310 140 2.3 -26532 -6700
314 140 2.3 -26072 -6814
318 140 2.3 -26692 -7092
322 140 2.3 -26448 -7138
326 140 2.3 -26808 -7050
331 140 2.3 -26492 -7336
335 140 2.3 -26180 -7442
339 140 2.3 -26472 -7292
344 140 2.3 -26720 -7232
348 140 2.3 -26420 -7330
352 140 2.3 -26488 -7060
357 140 2.3 -26836 -7290
362 140 2.3 -26852 -7556
366 140 2.3 -26696 -7284
371 140 2.3 -26296 -7536
376 140 2.3 -26176 -6766
381 140 2.3 -26440 -7084
385 140 2.3 -26388 -6832
390 140 2.3 -26424 -7078
395 140 2.3 -26608 -7138
401 140 2.3 -26440 -7570
406 140 2.3 -26408 -7696
411 140 2.3 -26408 -7468
416 140 2.3 -26304 -7496
422 140 2.3 -26436 -7146
427 140 2.3 -26604 -6824
433 140 2.3 -26764 -6718
438 140 2.3 -26560 -6656
444 140 2.3 -26388 -6488
449 140 2.3 -25984 -6368
455 140 2.3 -26796 -6944
461 140 2.3 -26356 -6814
467 140 2.3 -26648 -7312
473 140 2.3 -26256 -7198
479 140 2.3 -26524 -7592
485 140 2.3 -26600 -7890
492 140 2.3 -27112 -8084
498 140 2.3 -26940 -8020
504 140 2.3 -27388 -8386
511 140 2.3 -26240 -8394
517 140 2.3 -26740 -8422
524 140 2.3 -27072 -8392
531 140 2.3 -26932 -8060
538 140 2.3 -27000 -8342
545 140 2.3 -26792 -8114
552 140 2.3 -27216 -8486
559 140 2.3 -26480 -8072
566 140 2.3 -26440 -8028
573 140 2.3 -26952 -8502
581 140 2.3 -26236 -7964
588 140 2.3 -26088 -8192
596 140 2.3 -26196 -8290
603 140 2.3 -26596 -8766
611 140 2.3 -26588 -8970
619 140 2.3 -26596 -9024
627 140 2.3 -26524 -9360
635 140 2.3 -26696 -9124
643 140 2.3 -27012 -8824
652 140 2.3 -26640 -8872
660 140 2.3 -26860 -8476
668 140 2.3 -26488 -8454
677 140 2.3 -26988 -8592
686 140 2.3 -26872 -8984
695 140 2.3 -27688 -9486
704 140 2.3 -27004 -9978
713 140 2.3 -27200 -10298
722 140 2.3 -27300 -10366
731 140 2.3 -27256 -10166
741 140 2.3 -27108 -10244
750 140 2.3 -26720 -10186
760 140 2.3 -26964 -10646
770 140 2.3 -27340 -10988
780 140 2.3 -27748 -11130
790 140 2.3 -26940 -11080
800 140 2.3 -26848 -10456
810 140 2.3 -26572 -10224
821 140 2.3 -26684 -10168
831 140 2.3 -26956 -10014
842 140 2.3 -26372 -9228
853 140 2.3 -26480 -9326
864 140 2.3 -26216 -9128
875 140 2.3 -26896 -9312
886 140 2.3 -26904 -9252
897 140 2.3 -26512 -8790
909 140 2.3 -26444 -8564
921 140 2.3 -25996 -8422
933 140 2.3 -26800 -8948
945 140 2.3 -26280 -8616
957 140 2.3 -26528 -9836
969 140 2.3 -26940 -9802
982 140 2.3 -27264 -10188
994 140 2.3 -26592 -9966
1007 140 2.3 -26616 -9588
1020 140 2.3 -26788 -9488
1033 140 2.3 -25556 -9040
1047 140 2.3 -26456 -9364
1060 140 2.3 -26596 -9684
1074 140 2.3 -26592 -9814
1088 140 2.3 -27476 -10264
1102 140 2.3 -26880 -10668
1116 140 2.3 -26544 -10374
1130 140 2.3 -26712 -10210
1145 140 2.3 -26696 -10256
1160 140 2.3 -26052 -9438
1174 140 2.3 -26096 -9534
1190 140 2.3 -26776 -9992
1205 140 2.3 -26756 -9816
1220 140 2.3 -26424 -9930
1236 140 2.3 -27020 -10440
1252 140 2.3 -26876 -10198
1268 140 2.3 -26688 -10312
1285 140 2.3 -26988 -10890
1301 140 2.3 -26632 -10372
1318 140 2.3 -26672 -10112
1335 140 2.3 -26512 -9480
1352 140 2.3 -27060 -9504
1370 140 2.3 -26624 -9500
1387 140 2.3 -27060 -9818
1405 140 2.3 -26688 -9420
1423 140 2.3 -27120 -9300
1442 140 2.3 -26280 -8720
1460 140 2.3 -26776 -9414
1479 140 2.3 -26408 -8822
1498 140 2.3 -26392 -9180
1517 140 2.3 -26864 -9324
1537 140 2.3 -26364 -9498
1557 140 2.3 -26356 -9042
1577 140 2.3 -26440 -8936
1597 140 2.3 -26288 -8632
1618 140 2.3 -26756 -9024
1639 140 2.3 -26392 -8666
1660 140 2.3 -26496 -8766
1681 140 2.3 -26500 -8248
1703 140 2.3 -26032 -8224
1725 140 2.3 -26108 -7418
1747 140 2.3 -26848 -7764
1770 140 2.3 -26968 -7892
1792 140 2.3 -26748 -8074
1816 140 2.3 -26660 -8684
1839 140 2.3 -26592 -8888
1863 140 2.3 -26320 -8190
1887 140 2.3 -26400 -8542
1911 140 2.3 -27488 -10322
1936 140 2.3 -26808 -9952
1961 140 2.3 -26220 -9148
1986 140 2.3 -26052 -9848
2012 140 2.3 -26136 -9152
2037 140 2.3 -26820 -9916
2064 140 2.3 -25656 -9264
2090 140 2.3 -26708 -10100
2117 140 2.3 -26740 -10006
2145 140 2.3 -27608 -10432
2172 140 2.3 -26620 -9470
2200 140 2.3 -27432 -9714
2229 140 2.3 -26820 -9032
2257 140 2.3 -27436 -9308
2286 140 2.3 -26360 -8164
2316 140 2.3 -26108 -7958
2346 140 2.3 -26420 -8594
2376 140 2.3 -26528 -8586
2407 140 2.3 -26344 -6790
2438 140 2.3 -26040 -6678
2469 140 2.3 -26212 -6774
2501 140 2.3 -26620 -6928
2533 140 2.3 -26488 -7080
2566 140 2.3 -26532 -6162
2599 140 2.3 -26516 -7134
2633 140 2.3 -26388 -7010
2667 140 2.3 -26588 -7610
2701 140 2.3 -26608 -7112
2736 140 2.3 -26212 -7722
2771 140 2.3 -26588 -8058
2807 140 2.3 -26748 -8026
2843 140 2.3 -26208 -7968
2880 140 2.3 -26804 -8496
2917 140 2.3 -27132 -8964
2954 140 2.3 -26908 -8124
2992 140 2.3 -26712 -8450
3031 140 2.3 -26580 -8562
3070 140 2.3 -27092 -8554
3110 140 2.3 -26848 -8236
3150 140 2.3 -26080 -8946
3190 140 2.3 -26284 -9040
3232 140 2.3 -26520 -8000
3273 140 2.3 -27136 -9026
3315 140 2.3 -26628 -9324
3358 140 2.3 -25992 -8920
3402 140 2.3 -26828 -9720
3445 140 2.3 -26724 -9656
3490 140 2.3 -26588 -9312
3535 140 2.3 -26416 -8824
3580 140 2.3 -26780 -9958
3627 140 2.3 -26348 -9944
3673 140 2.3 -26452 -10628
3721 140 2.3 -26348 -10462
3769 140 2.3 -26724 -10030
3817 140 2.3 -26776 -9672
3867 140 2.3 -27016 -10396
3916 140 2.3 -27192 -10470
3967 140 2.3 -26988 -9908
4018 140 2.3 -26436 -10296
4070 140 2.3 -27140 -10958
4122 140 2.3 -27048 -9894
4176 140 2.3 -26296 -10826
4229 140 2.3 -26800 -10606
4284 140 2.3 -27016 -10852
4339 140 2.3 -26900 -11502
4395 140 2.3 -27104 -11534
4452 140 2.3 -26916 -11734
4509 140 2.3 -27508 -11412
4567 140 2.3 -27172 -11424
4626 140 2.3 -26508 -11156
4686 140 2.3 -27312 -11962
4746 140 2.3 -27244 -11966
4808 140 2.3 -27632 -12218
4870 140 2.3 -27452 -11880
4932 140 2.3 -27580 -11718
4996 140 2.3 -26808 -10582
5060 140 2.3 -26428 -9480
5126 140 2.3 -27900 -11196
5192 140 2.3 -27504 -10368
5259 140 2.3 -27352 -9610
5327 140 2.3 -26016 -7400
5395 140 2.3 -26968 -8150
5465 140 2.3 -26604 -7718
5535 140 2.3 -26108 -8654
5607 140 2.3 -26404 -9120
5679 140 2.3 -26584 -9890
5752 140 2.3 -27040 -9804
5826 140 2.3 -26940 -10670
5902 140 2.3 -27472 -11556
5978 140 2.3 -26624 -11634
6055 140 2.3 -27212 -11330
6133 140 2.3 -27508 -11044
6212 140 2.3 -26996 -10448
6292 140 2.3 -26448 -9178
6373 140 2.3 -26096 -8796
6455 140 2.3 -26408 -9794
6539 140 2.3 -26488 -9636
6623 140 2.3 -27704 -11026
6708 140 2.3 -26768 -9346
6795 140 2.3 -26820 -8752
6883 140 2.3 -26128 -8576
6971 140 2.3 -26732 -9732
7061 140 2.3 -26572 -10022
7152 140 2.3 -26472 -8682
7245 140 2.3 -25972 -6732
7338 140 2.3 -26968 -8010
7433 140 2.3 -26568 -8370
7529 140 2.3 -26708 -8214
7626 140 2.3 -26080 -8246
7724 140 2.3 -26252 -8530
7824 140 2.3 -26672 -9008
7925 140 2.3 -26136 -8448
8027 140 2.3 -26740 -9884
8130 140 2.3 -26488 -11586
8235 140 2.3 -26924 -11462
8341 140 2.3 -27108 -11046
8449 140 2.3 -27104 -10758
8558 140 2.3 -26472 -8946
8668 140 2.3 -26776 -9988
8780 140 2.3 -26736 -9518
8893 140 2.3 -26232 -7682
9008 140 2.3 -26424 -7104
9124 140 2.3 -26688 -7006
9242 140 2.3 -25928 -5634
9361 140 2.3 -26064 -5328
9482 140 2.3 -26368 -4766
9604 140 2.3 -25996 -4712
9728 140 2.3 -25264 -2156
9853 140 2.3 -25368 -1976
9980 140 2.3 -26436 -1756
10109 140 2.3 -25616 330
10240 140 2.3 -25904 -2486
10372 140 2.3 -25532 -994
10505 140 2.3 -26304 -1754
10641 140 2.3 -26320 -238
10778 140 2.3 -26124 2582
10917 140 2.3 -26748 4808
11058 140 2.3 -26540 6110
11201 140 2.3 -26172 6684
11345 140 2.3 -25900 7118
11491 140 2.3 -26232 7090
11640 140 2.3 -26324 6798
11790 140 2.3 -26836 7436
11942 140 2.3 -26396 6780
12096 140 2.3 -27404 10140
12252 140 2.3 -27084 10908
12410 140 2.3 -26988 10278
12570 140 2.3 -26680 9780
12732 140 2.3 -26860 12018
12896 140 2.3 -27072 10476
13062 140 2.3 -26536 8724
13231 140 2.3 -26192 8166
13402 140 2.3 -25964 7146
13574 140 2.3 -26284 6436
13750 140 2.3 -27208 7014
13927 140 2.3 -26272 6772
14106 140 2.3 -26456 8938
14288 140 2.3 -25872 6520
14473 140 2.3 -26492 8304
14659 140 2.3 -26716 10912
14848 140 2.3 -26920 10612
15040 140 2.3 -27636 12086
15234 140 2.3 -27192 11504
15430 140 2.3 -26868 9360
15629 140 2.3 -25952 7420
15831 140 2.3 -26364 8572
16035 140 2.3 -26744 8096
16242 140 2.3 -27480 10868
16451 140 2.3 -27192 11542
16664 140 2.3 -27220 11828
16879 140 2.3 -27196 12498
17096 140 2.3 -27544 12088
17317 140 2.3 -27612 12534
17540 140 2.3 -26480 10758
17766 140 2.3 -27472 12518
17995 140 2.3 -27292 11392
18228 140 2.3 -26656 9136
18463 140 2.3 -26456 7410
18701 140 2.3 -26524 6562
18942 140 2.3 -25656 5248
19186 140 2.3 -26288 5902
19434 140 2.3 -25964 9122
19684 140 2.3 -26332 8180
19938 140 2.3 -26512 9434
20195 140 2.3 -26060 6510
20456 140 2.3 -27240 6076
20720 140 2.3 -26472 4478
20987 140 2.3 -25564 4280
21258 140 2.3 -26028 2208
21532 140 2.3 -26300 2004
21810 140 2.3 -25488 542
22091 140 2.3 -25688 444
22376 140 2.3 -26744 908
22664 140 2.3 -26996 708
22957 140 2.3 -26548 394
23253 140 2.3 -26204 2332
23553 140 2.3 -26404 684
23856 140 2.3 -26532 -1354
24164 140 2.3 -25772 -1846
24476 140 2.3 -25788 -2564
24791 140 2.3 -25952 -2078
25111 140 2.3 -26604 -4536
25435 140 2.3 -26536 -4074
25763 140 2.3 -26504 -1462
26095 140 2.3 -26172 -286
26432 140 2.3 -25980 -1938
26773 140 2.3 -26460 -1478
27118 140 2.3 -26068 610
27468 140 2.3 -26304 1886
27822 140 2.3 -25644 2756
28181 140 2.3 -26744 5070
28545 140 2.3 -26528 6602
28913 140 2.3 -26780 6664
29286 140 2.3 -27024 7656
29663 140 2.3 -27092 6582
30046 140 2.3 -26612 2046
30434 140 2.3 -25908 580
30826 140 2.3 -25864 3864
31224 140 2.3 -25768 2756
31626 140 2.3 -26568 2974
32034 140 2.3 -26800 1582
32447 140 2.3 -26324 -778
32866 140 2.3 -26280 -3788
33290 140 2.3 -25752 -2154
33719 140 2.3 -25604 -5064
34154 140 2.3 -25940 -5280
34595 140 2.3 -26776 -9038
35041 140 2.3 -25976 -8316
35493 140 2.3 -26536 -5966
35951 140 2.3 -26596 -7330
36414 140 2.3 -26288 -8606
36884 140 2.3 -27244 -11816
37360 140 2.3 -26600 -9242
37841 140 2.3 -26704 -9600
38330 140 2.3 -25556 -6468
38824 140 2.3 -26560 -5508
39325 140 2.3 -26120 -6848
39832 140 2.3 -26292 -3466
40346 140 2.3 -25756 484
40866 140 2.3 -25568 302
41393 140 2.3 -25696 -4624
41927 140 2.3 -25868 -1788
42468 140 2.3 -26336 -6408
43015 140 2.3 -26392 -5306
43570 140 2.3 -27000 -5190
44132 140 2.3 -26140 -4350
44701 140 2.3 -26740 -5778
45278 140 2.3 -26432 -5092
45862 140 2.3 -26960 -7188
46453 140 2.3 -26236 -7210
47053 140 2.3 -27308 -9604
47660 140 2.3 -27164 -11072
48274 140 2.3 -25940 -6114
48897 140 2.3 -25680 -8216
49528 140 2.3 -27148 -7954
50166 140 2.3 -26364 -6564
50813 140 2.3 -25484 -6078
51469 140 2.3 -25940 810
52133 140 2.3 -26132 456
52805 140 2.3 -25492 -578
53486 140 2.3 -26468 -3590
54176 140 2.3 -27320 -9280
54875 140 2.3 -26620 -9064
55582 140 2.3 -27380 -11310
56299 140 2.3 -26848 -7598
57025 140 2.3 -26576 -3778
57761 140 2.3 -26016 -3244
58506 140 2.3 -26444 -2060
59261 140 2.3 -26860 -5076
60025 140 2.3 -26892 -5890
60799 140 2.3 -26204 -8062
61583 140 2.3 -26088 -1392
62378 140 2.3 -25948 -2750
63182 140 2.3 -27272 1098
63997 140 2.3 -26492 718
64822 140 2.3 -25752 -3574
65658 140 2.3 -25992 -6596
66505 140 2.3 -26348 -5612
67363 140 2.3 -26448 -6230
68232 140 2.3 -25936 -6046
69112 140 2.3 -25912 482
70003 140 2.3 -25516 32
70906 140 2.3 -26488 -6002
71821 140 2.3 -26220 -1988
72747 140 2.3 -26576 -7442
73685 140 2.3 -26588 -7614
74636 140 2.3 -26776 -9996
75599 140 2.3 -26452 -7512
76574 140 2.3 -27000 -9936
77561 140 2.3 -26460 -4670
78562 140 2.3 -25820 -822
79575 140 2.3 -26260 -220
80601 140 2.3 -26228 -288
81641 140 2.3 -25824 -2018
82694 140 2.3 -26544 -8028
83760 140 2.3 -25696 -2440
84841 140 2.3 -26872 -7772
85935 140 2.3 -25272 560
87043 140 2.3 -26668 -980
88166 140 2.3 -26284 -4706
89303 140 2.3 -26140 -4080
90455 140 2.3 -26004 -1652
91622 140 2.3 -26088 -90
92803 140 2.3 -26564 1700
94000 140 2.3 -26200 -1682
95213 140 2.3 -26156 1200
96441 140 2.3 -25992 2050
97685 140 2.3 -26100 2556
98945 140 2.3 -26128 2166
100221 140 2.3 -26500 6984
101513 140 2.3 -26428 6494
102823 140 2.3 -26876 9720
104149 140 2.3 -26744 9072
105492 140 2.3 -27220 7134
106853 140 2.3 -26440 8572
108231 140 2.3 -26376 7618
109627 140 2.3 -26768 6734
111041 140 2.3 -25840 2716
112473 140 2.3 -26692 4282
113924 140 2.3 -26320 7560
115393 140 2.3 -26468 5740
116882 140 2.3 -25472 3104
118389 140 2.3 -27172 6922
119916 140 2.3 -25748 6808
121463 140 2.3 -26276 10804
123029 140 2.3 -26444 10312
124616 140 2.3 -26968 10714
126224 140 2.3 -26988 7796
127852 140 2.3 -26460 6900
129501 140 2.3 -26772 9532
131171 140 2.3 -27180 10492
132863 140 2.3 -26708 10024
134576 140 2.3 -26348 7628
136312 140 2.3 -26048 5962
138070 140 2.3 -27180 8866
139851 140 2.3 -26596 7802
141655 140 2.3 -26956 5108
143482 140 2.3 -25304 -870
145333 140 2.3 -25928 -1742
147207 140 2.3 -26560 -5298
149106 140 2.3 -26456 -874
151029 140 2.3 -25984 -5216
152977 140 2.3 -26200 -6642
154950 140 2.3 -27004 -10834
156948 140 2.3 -26112 -6034
158973 140 2.3 -25916 -5444
161023 140 2.3 -26348 -1726
163100 140 2.3 -26244 -4590
165204 140 2.3 -26100 -1852
167334 140 2.3 -25252 -2174
169493 140 2.3 -26436 -5788
171679 140 2.3 -27024 -7096
173893 140 2.3 -26068 -8384
176136 140 2.3 -26036 -2944
178408 140 2.3 -25972 2426
180709 140 2.3 -25552 -2304
183040 140 2.3 -26584 -4454
185400 140 2.3 -26128 -5296
187792 140 2.3 -26368 -6270
190214 140 2.3 -26108 4084
192667 140 2.3 -25764 5716
195152 140 2.3 -26684 8204
197669 140 2.3 -26864 7892
200219 140 2.3 -27168 5138
202801 140 2.3 -27108 4160
205417 140 2.3 -27032 2180
208066 140 2.3 -26848 -6868
210750 140 2.3 -27200 -8654
213468 140 2.3 -26144 -1608
216222 140 2.3 -25844 4546
219010 140 2.3 -26816 9212
221835 140 2.3 -26508 8528
224696 140 2.3 -26592 10070
227595 140 2.3 -25916 -2724
230530 140 2.3 -26448 -6218
233503 140 2.3 -26040 -2718
236515 140 2.3 -27008 -4212
239566 140 2.3 -26276 -5114
242656 140 2.3 -26348 -5332
245785 140 2.3 -26716 -8650
248956 140 2.3 -26748 -8872
252167 140 2.3 -27260 -11044
255419 140 2.3 -26968 -8802
258713 140 2.3 -26472 2858
262050 140 2.3 -26604 2916
265430 140 2.3 -26732 -6084
268854 140 2.3 -26880 -7284
272321 140 2.3 -26352 -6422
275834 140 2.3 -25544 -6684
279391 140 2.3 -25912 -870
282995 140 2.3 -25892 -2310
286645 140 2.3 -26068 -6374
290342 140 2.3 -25652 -3122
294087 140 2.3 -26160 -392
297880 140 2.3 -26772 4392
301722 140 2.3 -26600 4796
305614 140 2.3 -26808 7636
309556 140 2.3 -26564 8746
313548 140 2.3 -26844 1488
317592 140 2.3 -26332 4008
321689 140 2.3 -26492 7182
325838 140 2.3 -26024 1188
330040 140 2.3 -25692 8784
334297 140 2.3 -26092 4672
338609 140 2.3 -26808 92
342976 140 2.3 -26188 -3278
347400 140 2.3 -26204 -9540
351881 140 2.3 -25656 188
356419 140 2.3 -26296 -2252
361016 140 2.3 -25048 -6290
365673 140 2.3 -26504 -7554
370389 140 2.3 -26124 -6714
375167 140 2.3 -26480 -5924
380005 140 2.3 -26508 1962
384907 140 2.3 -25772 -472
389871 140 2.3 -25832 -2680
394900 140 2.3 -26460 10120
399993 140 2.3 -27176 3600
405152 140 2.3 -26740 8148
410378 140 2.3 -26960 10524
415671 140 2.3 -25944 6442
421032 140 2.3 -26584 4486
426463 140 2.3 -25448 1804
431963 140 2.3 -26592 2184
437535 140 2.3 -25908 -6228
443178 140 2.3 -27120 -10388
448894 140 2.3 -26152 -7410
454684 140 2.3 -26756 9926
460548 140 2.3 -26236 5940
466489 140 2.3 -25080 1302
472505 140 2.3 -25944 506
478600 140 2.3 -26092 -7592
484773 140 2.3 -26852 -6294
491025 140 2.3 -26080 -1096
497358 140 2.3 -25864 1632
503773 140 2.3 -25888 -660
510271 140 2.3 -26252 -5386
516852 140 2.3 -25968 -1046
523519 140 2.3 -26240 -580
530271 140 2.3 -26260 3448
537111 140 2.3 -26224 4656
544038 140 2.3 -26128 3156
551055 140 2.3 -26492 5098
558163 140 2.3 -26188 1664
565362 140 2.3 -26360 -3428
572654 140 2.3 -25896 -1918
580040 140 2.3 -25884 3948
587521 140 2.3 -26612 -4190
595099 140 2.3 -26252 1962
602775 140 2.3 -26400 4306
610549 140 2.3 -25980 2606
618424 140 2.3 -26796 7454
626400 140 2.3 -26996 6046
634480 140 2.3 -26268 2374
642663 140 2.3 -25772 1186
650952 140 2.3 -26092 -7102
659348 140 2.3 -26160 -148
667853 140 2.3 -26628 -7524
676467 140 2.3 -26468 6870
685192 140 2.3 -26792 -7436
694029 140 2.3 -26036 806
702981 140 2.3 -26124 -608
712048 140 2.3 -26096 6680
721232 140 2.3 -26672 -2036
730534 140 2.3 -25900 1056
739957 140 2.3 -27776 11892
749500 140 2.3 -26488 4394
759168 140 2.3 -25612 -1142
768959 140 2.3 -26260 -6886
778877 140 2.3 -26792 212
788923 140 2.3 -26556 6712
799099 140 2.3 -26220 -5430
809405 140 2.3 -26640 5016
819845 140 2.3 -25672 1760
830419 140 2.3 -26572 -956
841130 140 2.3 -25696 3586
851979 140 2.3 -26536 9132
862968 140 2.3 -27136 8558
874098 140 2.3 -26496 4298
885373 140 2.3 -26484 6448
896792 140 2.3 -26584 5108
908359 140 2.3 -26156 -5582
920075 140 2.3 -26588 8450
931942 140 2.3 -25940 -7964
943962 140 2.3 -26280 4582
956137 140 2.3 -25940 -5658
968470 140 2.3 -25772 14
980961 140 2.3 -26032 5452
993613 140 2.3 -26388 -1688
999999 140 2.3 -26396 -1278
