3 100 2 -10132 194
4 100 2 -10964 464
5 100 2 -11448 516
6 100 2 -11992 736
7 100 2 -12396 810
8 100 2 -12736 888
9 100 2 -12680 1020
10 100 2 -12784 1326
11 100 2 -13044 1342
12 100 2 -13424 1410
13 100 2 -13636 1400
14 100 2 -13848 1486
15 100 2 -14044 1502
16 100 2 -14068 1522
17 100 2 -14180 1538
18 100 2 -14220 1688
19 100 2 -14252 1862
20 100 2 -14380 1966
21 100 2 -14220 1950
22 100 2 -14400 1924
23 100 2 -14348 1904
24 100 2 -14220 1938
25 100 2 -14508 1946
26 100 2 -14300 1970
27 100 2 -14560 1888
28 100 2 -14488 1864
29 100 2 -14552 1858
30 100 2 -14512 1896
31 100 2 -14396 1954
32 100 2 -14556 1992
33 100 2 -14448 1876
34 100 2 -14728 1994
35 100 2 -14692 2112
36 100 2 -14508 2234
37 100 2 -14452 2286
38 100 2 -14424 2280
39 100 2 -14584 2362
40 100 2 -14548 2342
41 100 2 -14604 2446
42 100 2 -14568 2358
43 100 2 -14568 2396
44 100 2 -14616 2424
45 100 2 -14820 2500
46 100 2 -14992 2454
47 100 2 -14964 2442
48 100 2 -15060 2424
49 100 2 -14932 2536
50 100 2 -15040 2546
51 100 2 -15000 2566
52 100 2 -15104 2688
53 100 2 -15092 2670
54 100 2 -15164 2702
55 100 2 -15012 2620
56 100 2 -15012 2656
57 100 2 -15288 2760
58 100 2 -15212 2802
59 100 2 -14908 2816
60 100 2 -14788 2826
61 100 2 -15204 2826
62 100 2 -15172 2880
63 100 2 -15160 2884
64 100 2 -15184 2902
65 100 2 -15564 2970
66 100 2 -15312 3012
67 100 2 -15236 3040
68 100 2 -15064 3000
69 100 2 -15224 3112
70 100 2 -15188 3102
71 100 2 -15044 3120
72 100 2 -15028 3076
73 100 2 -15188 2994
74 100 2 -15300 3120
75 100 2 -15108 2992
76 100 2 -15172 2922
77 100 2 -15220 2946
78 100 2 -15108 3030
79 100 2 -15184 3112
80 100 2 -14916 3070
81 100 2 -14992 3044
82 100 2 -15052 3016
83 100 2 -15208 3142
84 100 2 -15160 3108
85 100 2 -15232 3062
86 100 2 -15288 3068
88 100 2 -15416 2884
89 100 2 -15188 2888
90 100 2 -15412 3074
91 100 2 -15456 3186
92 100 2 -15356 3216
93 100 2 -15420 3190
95 100 2 -15532 3124
96 100 2 -15716 3202
97 100 2 -15768 3304
98 100 2 -15856 3314
99 100 2 -15904 3318
101 100 2 -15848 3330
102 100 2 -15804 3238
103 100 2 -15736 3222
105 100 2 -15832 3262
106 100 2 -15780 3312
107 100 2 -15588 3284
109 100 2 -15492 3458
110 100 2 -15460 3476
112 100 2 -15656 3636
113 100 2 -15648 3650
114 100 2 -15720 3736
116 100 2 -15832 3832
117 100 2 -15980 3844
119 100 2 -16272 3932
120 100 2 -16108 3854
122 100 2 -16184 3738
124 100 2 -16020 3728
125 100 2 -16064 3760
127 100 2 -15792 3624
128 100 2 -15896 3608
130 100 2 -15816 3674
132 100 2 -15732 3646
133 100 2 -15620 3700
135 100 2 -15584 3772
137 100 2 -15496 3778
139 100 2 -15684 3862
140 100 2 -15756 4000
142 100 2 -15392 3986
144 100 2 -15508 4030
146 100 2 -15668 4072
148 100 2 -15576 4066
150 100 2 -15644 4008
152 100 2 -15516 3976
154 100 2 -15688 4168
155 100 2 -15776 4242
157 100 2 -15844 4196
160 100 2 -16032 4296
162 100 2 -16164 4334
164 100 2 -16100 4302
166 100 2 -16224 4466
168 100 2 -16500 4652
170 100 2 -16492 4686
172 100 2 -16232 4754
174 100 2 -16352 4814
177 100 2 -16332 4910
179 100 2 -16368 4796
181 100 2 -16120 4882
184 100 2 -16376 5102
186 100 2 -16328 5130
188 100 2 -16224 5074
191 100 2 -16224 5236
193 100 2 -16212 5118
196 100 2 -16184 5248
198 100 2 -16316 5246
201 100 2 -16288 5356
203 100 2 -16452 5396
206 100 2 -16176 5388
209 100 2 -16384 5578
211 100 2 -16456 5554
214 100 2 -16420 5536
217 100 2 -16484 5660
220 100 2 -16396 5660
222 100 2 -16320 5588
225 100 2 -16296 5448
228 100 2 -16324 5400
231 100 2 -16332 5368
234 100 2 -16552 5326
237 100 2 -16656 5320
240 100 2 -16688 5406
243 100 2 -16936 5508
246 100 2 -16448 5462
250 100 2 -16312 5546
253 100 2 -16572 5660
256 100 2 -16784 5744
259 100 2 -16592 5734
263 100 2 -16572 5588
266 100 2 -16324 5426
269 100 2 -16208 5408
273 100 2 -16408 5626
276 100 2 -16412 5668
280 100 2 -16472 5850
284 100 2 -16396 5678
287 100 2 -16464 5792
291 100 2 -16544 5776
295 100 2 -16548 5768
298 100 2 -16396 5680
302 100 2 -16524 5616
306 100 2 -16200 5412
310 100 2 -16188 5526
314 100 2 -16368 5600
318 100 2 -16284 5578
322 100 2 -16536 5624
326 100 2 -16376 5472
331 100 2 -16324 5662
335 100 2 -16436 5810
339 100 2 -16452 5754
344 100 2 -16380 5610
348 100 2 -16324 5734
352 100 2 -16580 5652
357 100 2 -16488 5702
362 100 2 -16660 5766
366 100 2 -16820 5804
371 100 2 -16792 5690
376 100 2 -16676 5906
381 100 2 -17228 6140
385 100 2 -16972 6114
390 100 2 -16872 6142
395 100 2 -16788 6198
401 100 2 -16516 6322
406 100 2 -16764 6454
411 100 2 -16936 6452
416 100 2 -17132 6622
422 100 2 -16872 6482
427 100 2 -16776 6690
433 100 2 -16736 6554
438 100 2 -16920 6826
444 100 2 -17024 6776
449 100 2 -17000 6864
455 100 2 -16688 6918
461 100 2 -16888 6792
467 100 2 -16752 6746
473 100 2 -16748 6678
479 100 2 -17044 6868
485 100 2 -16832 6678
492 100 2 -16748 6770
498 100 2 -16788 6624
504 100 2 -16536 6744
511 100 2 -16872 6864
517 100 2 -16772 6776
524 100 2 -16968 7000
531 100 2 -17092 7138
538 100 2 -17124 7166
545 100 2 -17156 7226
552 100 2 -16980 7176
559 100 2 -17120 7176
566 100 2 -17076 7188
573 100 2 -16832 7130
581 100 2 -16868 7444
588 100 2 -17276 7536
596 100 2 -16980 7450
603 100 2 -17032 7380
611 100 2 -16952 7328
619 100 2 -16820 7212
627 100 2 -17424 7466
635 100 2 -16928 7366
643 100 2 -16908 7298
652 100 2 -17076 7422
660 100 2 -16968 7522
668 100 2 -17144 7482
677 100 2 -17048 7410
686 100 2 -16936 7390
695 100 2 -16656 7312
704 100 2 -17116 7460
713 100 2 -16804 7362
722 100 2 -17300 7378
731 100 2 -17408 7522
741 100 2 -16872 7458
750 100 2 -16900 7626
760 100 2 -16992 7780
770 100 2 -17164 7626
780 100 2 -17148 7710
790 100 2 -17068 7822
800 100 2 -16876 7856
810 100 2 -16752 7710
821 100 2 -16792 7596
831 100 2 -17004 7848
842 100 2 -17076 7942
853 100 2 -16780 7820
864 100 2 -17208 8116
875 100 2 -17092 8010
886 100 2 -17244 7954
897 100 2 -17220 7894
909 100 2 -17356 7804
921 100 2 -16996 7712
933 100 2 -16872 7712
945 100 2 -16976 7760
957 100 2 -16992 8058
969 100 2 -17044 8146
982 100 2 -17076 8136
994 100 2 -17052 8062
1007 100 2 -16892 7800
1020 100 2 -17100 7922
1033 100 2 -17152 7806
1047 100 2 -16940 7962
1060 100 2 -17404 8242
1074 100 2 -17292 8162
1088 100 2 -16960 8096
1102 100 2 -17320 8306
1116 100 2 -17532 8352
1130 100 2 -17128 8118
1145 100 2 -17260 8226
1160 100 2 -17188 8222
1174 100 2 -17164 8128
1190 100 2 -17064 8062
1205 100 2 -17196 8258
1220 100 2 -17504 8400
1236 100 2 -17216 8490
1252 100 2 -17168 8402
1268 100 2 -17064 8434
1285 100 2 -17432 8820
1301 100 2 -17468 8912
1318 100 2 -17336 8750
1335 100 2 -17268 8870
1352 100 2 -17016 8750
1370 100 2 -17308 9066
1387 100 2 -17620 9118
1405 100 2 -17292 9046
1423 100 2 -17420 9034
1442 100 2 -17640 9160
1460 100 2 -17608 9164
1479 100 2 -17552 9160
1498 100 2 -17524 9164
1517 100 2 -17632 9206
1537 100 2 -17228 9064
1557 100 2 -17588 9168
1577 100 2 -17504 9140
1597 100 2 -17728 9234
1618 100 2 -17480 9108
1639 100 2 -17692 9252
1660 100 2 -17704 9252
1681 100 2 -17768 9230
1703 100 2 -17484 9096
1725 100 2 -17616 9184
1747 100 2 -17568 9162
1770 100 2 -17644 9228
1792 100 2 -17700 9176
1816 100 2 -17536 9202
1839 100 2 -17532 9126
1863 100 2 -17604 9234
1887 100 2 -17484 9102
1911 100 2 -17648 9142
1936 100 2 -17392 9096
1961 100 2 -17368 9080
1986 100 2 -17488 9156
2012 100 2 -17320 9072
2037 100 2 -17372 9100
2064 100 2 -17656 9168
2090 100 2 -17384 9122
2117 100 2 -17512 9136
2145 100 2 -17320 9022
2172 100 2 -17464 9170
2200 100 2 -17564 9154
2229 100 2 -17440 9108
2257 100 2 -17416 9140
2286 100 2 -17572 9020
2316 100 2 -17320 8974
2346 100 2 -17560 9030
2376 100 2 -17872 9328
2407 100 2 -17640 9178
2438 100 2 -17424 9150
2469 100 2 -17832 9312
2501 100 2 -17564 9190
2533 100 2 -17604 9182
2566 100 2 -17312 9032
2599 100 2 -17224 9024
2633 100 2 -17788 9276
2667 100 2 -17400 9028
2701 100 2 -17432 9156
2736 100 2 -17180 9012
2771 100 2 -17360 9120
2807 100 2 -17268 9098
2843 100 2 -17312 9086
2880 100 2 -17372 9068
2917 100 2 -17468 9136
2954 100 2 -17468 9070
2992 100 2 -17388 8948
3031 100 2 -17216 9008
3070 100 2 -17740 9186
3110 100 2 -17648 9160
3150 100 2 -17552 9170
3190 100 2 -17528 9174
3232 100 2 -17664 9244
3273 100 2 -17356 9132
3315 100 2 -17564 9040
3358 100 2 -17388 9090
3402 100 2 -17464 9096
3445 100 2 -17648 9188
3490 100 2 -17724 9244
3535 100 2 -17424 9162
3580 100 2 -17600 9244
3627 100 2 -17308 9082
3673 100 2 -17308 9048
3721 100 2 -17380 9094
3769 100 2 -17596 9166
3817 100 2 -17500 9208
3867 100 2 -16920 8770
3916 100 2 -17488 9068
3967 100 2 -17360 9114
4018 100 2 -17256 8982
4070 100 2 -17556 9172
4122 100 2 -17616 9172
4176 100 2 -17380 9096
4229 100 2 -17568 9148
4284 100 2 -17416 9130
4339 100 2 -17344 9124
4395 100 2 -17572 9214
4452 100 2 -17112 8890
4509 100 2 -17400 9162
4567 100 2 -17320 8976
4626 100 2 -17460 9160
4686 100 2 -17500 9172
4746 100 2 -17584 9162
4808 100 2 -17132 9014
4870 100 2 -17672 9218
4932 100 2 -17616 9152
4996 100 2 -17388 9054
5060 100 2 -17572 9158
5126 100 2 -17392 9120
5192 100 2 -17420 9024
5259 100 2 -17536 9162
5327 100 2 -17524 9126
5395 100 2 -17512 9090
5465 100 2 -17672 9216
5535 100 2 -17548 9210
5607 100 2 -17232 9066
5679 100 2 -17180 8978
5752 100 2 -17652 9240
5826 100 2 -17416 9086
5902 100 2 -17348 9074
5978 100 2 -17252 8972
6055 100 2 -17588 9178
6133 100 2 -17648 9264
6212 100 2 -17356 9090
6292 100 2 -17472 9054
6373 100 2 -17368 9016
6455 100 2 -17552 9194
6539 100 2 -17432 9108
6623 100 2 -17316 9058
6708 100 2 -17588 9100
6795 100 2 -17388 9070
6883 100 2 -17264 9072
6971 100 2 -17408 9066
7061 100 2 -17656 9252
7152 100 2 -17444 9134
7245 100 2 -17420 9128
7338 100 2 -17540 9182
7433 100 2 -17268 8998
7529 100 2 -17644 9114
7626 100 2 -17296 9066
7724 100 2 -17656 9214
7824 100 2 -17400 9050
7925 100 2 -17484 9118
8027 100 2 -17060 8980
8130 100 2 -17356 9062
8235 100 2 -17504 9102
8341 100 2 -17692 9260
8449 100 2 -17612 9152
8558 100 2 -17256 9082
8668 100 2 -17612 9210
8780 100 2 -17656 9170
8893 100 2 -17428 9090
9008 100 2 -17328 9066
9124 100 2 -17164 8980
9242 100 2 -17428 9128
9361 100 2 -17640 9256
9482 100 2 -17284 8990
9604 100 2 -17288 9028
9728 100 2 -17580 9196
9853 100 2 -17812 9312
9980 100 2 -17668 9218
10109 100 2 -17148 8952
10240 100 2 -17496 9128
10372 100 2 -17304 8982
10505 100 2 -17492 9170
10641 100 2 -17524 9106
10778 100 2 -17460 9150
10917 100 2 -17368 8962
11058 100 2 -17468 9114
11201 100 2 -17484 9126
11345 100 2 -17624 9240
11491 100 2 -17612 9230
11640 100 2 -17316 9148
11790 100 2 -17452 9130
11942 100 2 -17300 9028
12096 100 2 -17576 9182
12252 100 2 -17260 9092
12410 100 2 -17500 9126
12570 100 2 -17340 8944
12732 100 2 -17236 9028
12896 100 2 -17228 8988
13062 100 2 -17204 9004
13231 100 2 -17508 9104
13402 100 2 -17632 9194
13574 100 2 -17548 9164
13750 100 2 -17428 9046
13927 100 2 -17368 9086
14106 100 2 -17380 9078
14288 100 2 -17448 9116
14473 100 2 -17636 9216
14659 100 2 -17692 9190
14848 100 2 -17768 9288
15040 100 2 -17800 9278
15234 100 2 -17256 9004
15430 100 2 -17400 9028
15629 100 2 -17256 9020
15831 100 2 -17184 9004
16035 100 2 -17736 9262
16242 100 2 -17212 8934
16451 100 2 -17224 8952
16664 100 2 -17732 9238
16879 100 2 -17376 8976
17096 100 2 -17584 9142
17317 100 2 -17560 9174
17540 100 2 -17604 9208
17766 100 2 -17280 9066
17995 100 2 -17332 9084
18228 100 2 -17472 9152
18463 100 2 -17348 9076
18701 100 2 -17788 9282
18942 100 2 -17272 9038
19186 100 2 -17472 9158
19434 100 2 -17492 9162
19684 100 2 -17376 9078
19938 100 2 -17436 9144
20195 100 2 -17384 9024
20456 100 2 -17192 8946
20720 100 2 -17564 9156
20987 100 2 -17504 9150
21258 100 2 -17112 8990
21532 100 2 -17420 9058
21810 100 2 -17616 9182
22091 100 2 -17376 9084
22376 100 2 -17612 9200
22664 100 2 -17408 9164
22957 100 2 -17520 9128
23253 100 2 -17692 9208
23553 100 2 -17444 9130
23856 100 2 -17660 9208
24164 100 2 -17520 9102
24476 100 2 -17036 8950
24791 100 2 -17424 9142
25111 100 2 -17560 9118
25435 100 2 -17676 9226
25763 100 2 -17680 9252
26095 100 2 -17528 9140
26432 100 2 -17468 9064
26773 100 2 -17356 8874
27118 100 2 -17464 9094
27468 100 2 -17248 9046
27822 100 2 -17240 9072
28181 100 2 -17212 8900
28545 100 2 -17620 9170
28913 100 2 -17852 9336
29286 100 2 -17616 9122
29663 100 2 -17716 9224
30046 100 2 -17528 9086
30434 100 2 -17628 9190
30826 100 2 -17612 9174
31224 100 2 -17700 9212
31626 100 2 -17464 9202
32034 100 2 -17404 9082
32447 100 2 -17144 8990
32866 100 2 -17576 9168
33290 100 2 -17452 9040
33719 100 2 -17288 9048
34154 100 2 -17516 9158
34595 100 2 -17260 8998
35041 100 2 -17548 9200
35493 100 2 -17148 8964
35951 100 2 -17356 9148
36414 100 2 -17588 9194
36884 100 2 -17668 9208
37360 100 2 -17384 8988
37841 100 2 -17696 9258
38330 100 2 -17412 9082
38824 100 2 -17628 9170
39325 100 2 -17344 8988
39832 100 2 -17496 9172
40346 100 2 -17508 9170
40866 100 2 -17608 9178
41393 100 2 -17276 9028
41927 100 2 -17316 9102
42468 100 2 -17552 9134
43015 100 2 -17780 9226
43570 100 2 -17644 9246
44132 100 2 -17332 9048
44701 100 2 -17724 9242
45278 100 2 -17392 9090
45862 100 2 -17312 8996
46453 100 2 -17296 9018
47053 100 2 -17396 9114
47660 100 2 -17464 9078
48274 100 2 -17368 9082
48897 100 2 -17820 9212
49528 100 2 -17352 9072
50166 100 2 -17460 9144
50813 100 2 -17616 9186
51469 100 2 -17852 9286
52133 100 2 -17500 9112
52805 100 2 -17320 9046
53486 100 2 -17332 9042
54176 100 2 -17392 9070
54875 100 2 -17620 9200
55582 100 2 -17468 9150
56299 100 2 -17676 9238
57025 100 2 -17612 9174
57761 100 2 -17324 9040
58506 100 2 -17076 8950
59261 100 2 -17328 9076
60025 100 2 -17544 9132
60799 100 2 -17336 9064
61583 100 2 -17240 9080
62378 100 2 -17328 8996
63182 100 2 -17616 9158
63997 100 2 -17388 9092
64822 100 2 -17584 9106
65658 100 2 -17648 9216
66505 100 2 -17664 9072
67363 100 2 -17692 9256
68232 100 2 -17436 9130
69112 100 2 -17272 9088
70003 100 2 -17580 9176
70906 100 2 -17216 8942
71821 100 2 -17244 9014
72747 100 2 -17380 9110
73685 100 2 -17468 9168
74636 100 2 -17468 9092
75599 100 2 -17476 9016
76574 100 2 -17272 9100
77561 100 2 -17528 9164
78562 100 2 -17240 9024
79575 100 2 -17440 9028
80601 100 2 -17340 9118
81641 100 2 -17628 9102
82694 100 2 -17264 8966
83760 100 2 -17604 9170
84841 100 2 -17332 9090
85935 100 2 -17376 9108
87043 100 2 -17028 8838
88166 100 2 -17752 9194
89303 100 2 -17468 9118
90455 100 2 -17280 9110
91622 100 2 -17552 9186
92803 100 2 -17356 9064
94000 100 2 -17388 9080
95213 100 2 -17388 9042
96441 100 2 -17516 9182
97685 100 2 -17576 9186
98945 100 2 -17480 9126
100221 100 2 -17740 9244
101513 100 2 -17092 8906
102823 100 2 -17644 9236
104149 100 2 -17600 9208
105492 100 2 -17680 9236
106853 100 2 -17376 9104
108231 100 2 -17140 8922
109627 100 2 -17364 9088
111041 100 2 -17236 9022
112473 100 2 -17296 9034
113924 100 2 -17376 9116
115393 100 2 -17564 9196
116882 100 2 -17048 8916
118389 100 2 -17156 8952
119916 100 2 -17472 9142
121463 100 2 -17428 9104
123029 100 2 -17604 9204
124616 100 2 -17512 9126
126224 100 2 -17316 9070
127852 100 2 -17220 9012
129501 100 2 -17220 9106
131171 100 2 -17396 9104
132863 100 2 -17380 9098
134576 100 2 -17848 9294
136312 100 2 -17716 9192
138070 100 2 -17468 9074
139851 100 2 -17756 9236
141655 100 2 -17516 9162
143482 100 2 -17376 9042
145333 100 2 -17680 9198
147207 100 2 -17544 9220
149106 100 2 -17380 9138
151029 100 2 -17412 9072
152977 100 2 -17484 9112
154950 100 2 -17260 9018
156948 100 2 -17536 9198
158973 100 2 -17616 9114
161023 100 2 -17584 9202
163100 100 2 -17252 9030
165204 100 2 -17096 9006
167334 100 2 -17512 9186
169493 100 2 -17400 9060
171679 100 2 -17648 9154
173893 100 2 -17572 9194
176136 100 2 -17076 8938
178408 100 2 -17376 8994
180709 100 2 -17304 9036
183040 100 2 -17148 8978
185400 100 2 -17112 9014
187792 100 2 -17272 9046
190214 100 2 -17636 9130
192667 100 2 -17136 8976
195152 100 2 -17592 9154
197669 100 2 -17756 9302
200219 100 2 -17484 9182
202801 100 2 -17376 9112
205417 100 2 -17508 9088
208066 100 2 -17724 9230
210750 100 2 -17520 9102
213468 100 2 -17492 9178
216222 100 2 -17344 9084
219010 100 2 -17544 9026
221835 100 2 -17160 8842
224696 100 2 -17512 9124
227595 100 2 -17292 9032
230530 100 2 -17492 9190
233503 100 2 -17668 9216
236515 100 2 -17392 8996
239566 100 2 -17436 9082
242656 100 2 -17752 9182
245785 100 2 -17720 9232
248956 100 2 -17308 9102
252167 100 2 -17656 9162
255419 100 2 -17492 9126
258713 100 2 -17256 9014
262050 100 2 -17392 9118
265430 100 2 -17468 9120
268854 100 2 -17672 9170
272321 100 2 -17296 9056
275834 100 2 -17460 9164
279391 100 2 -17424 9144
282995 100 2 -17332 9076
286645 100 2 -17628 9206
290342 100 2 -17292 9030
294087 100 2 -17528 9094
297880 100 2 -17416 9160
301722 100 2 -17488 9142
305614 100 2 -17668 9224
309556 100 2 -17452 9112
313548 100 2 -17644 9194
317592 100 2 -17564 9174
321689 100 2 -17496 9154
325838 100 2 -17452 9082
330040 100 2 -17240 9042
334297 100 2 -17588 9188
338609 100 2 -17460 9138
342976 100 2 -17844 9248
347400 100 2 -17452 9096
351881 100 2 -17844 9238
356419 100 2 -17384 9020
361016 100 2 -17068 8946
365673 100 2 -17384 9046
370389 100 2 -17596 9218
375167 100 2 -17484 9152
380005 100 2 -17732 9244
384907 100 2 -17656 9212
389871 100 2 -17600 9204
394900 100 2 -17656 9144
399993 100 2 -17564 9242
405152 100 2 -17532 9172
410378 100 2 -17388 9106
415671 100 2 -17208 9044
421032 100 2 -17456 9046
426463 100 2 -17708 9252
431963 100 2 -17572 9120
437535 100 2 -17528 9114
443178 100 2 -17412 9058
448894 100 2 -17676 9196
454684 100 2 -17264 9022
460548 100 2 -17432 9134
466489 100 2 -17456 9124
472505 100 2 -17412 9072
478600 100 2 -17324 9052
484773 100 2 -17532 9122
491025 100 2 -17568 9148
497358 100 2 -17468 9140
503773 100 2 -17452 9114
510271 100 2 -17344 9028
516852 100 2 -17224 9052
523519 100 2 -17208 9006
530271 100 2 -17532 9136
537111 100 2 -17460 9120
544038 100 2 -17400 9064
551055 100 2 -17036 8928
558163 100 2 -17676 9266
565362 100 2 -17660 9126
572654 100 2 -17556 9188
580040 100 2 -17692 9180
587521 100 2 -17628 9218
595099 100 2 -17324 8996
602775 100 2 -17716 9244
610549 100 2 -17764 9240
618424 100 2 -17664 9224
626400 100 2 -17288 9080
634480 100 2 -17760 9206
642663 100 2 -17356 9072
650952 100 2 -17452 9110
659348 100 2 -17488 9132
667853 100 2 -17240 9024
676467 100 2 -17204 8974
685192 100 2 -17720 9182
694029 100 2 -17600 9148
702981 100 2 -17460 9076
712048 100 2 -17528 9102
721232 100 2 -17392 9074
730534 100 2 -17604 9176
739957 100 2 -17668 9246
749500 100 2 -17488 9094
759168 100 2 -17456 9052
768959 100 2 -17552 9218
778877 100 2 -17460 9116
788923 100 2 -17468 9166
799099 100 2 -17564 9118
809405 100 2 -17208 9010
819845 100 2 -17460 9110
830419 100 2 -17456 9028
841130 100 2 -17188 8920
851979 100 2 -17416 9138
862968 100 2 -17608 9234
874098 100 2 -17664 9228
885373 100 2 -17344 9058
896792 100 2 -17540 9168
908359 100 2 -17328 9048
920075 100 2 -17408 9098
931942 100 2 -17412 9128
943962 100 2 -17600 9124
956137 100 2 -17408 9018
968470 100 2 -17564 9168
980961 100 2 -17552 9114
993613 100 2 -17312 9034
999999 100 2 -17112 8892
