3 100 2.2 -9416 -234
4 100 2.2 -10304 54
5 100 2.2 -10776 12
6 100 2.2 -11164 -16
7 100 2.2 -11456 -40
8 100 2.2 -11648 96
9 100 2.2 -11456 246
10 100 2.2 -11824 292
11 100 2.2 -11940 270
12 100 2.2 -12272 156
13 100 2.2 -12372 324
14 100 2.2 -12304 364
15 100 2.2 -12420 366
16 100 2.2 -12328 458
17 100 2.2 -12460 566
18 100 2.2 -12660 562
19 100 2.2 -12408 662
20 100 2.2 -12448 544
21 100 2.2 -12544 784
22 100 2.2 -12416 874
23 100 2.2 -12740 868
24 100 2.2 -12652 796
25 100 2.2 -12892 834
26 100 2.2 -12980 788
27 100 2.2 -12720 850
28 100 2.2 -12800 934
29 100 2.2 -12800 832
30 100 2.2 -12824 848
31 100 2.2 -12932 830
32 100 2.2 -12972 750
33 100 2.2 -13088 630
34 100 2.2 -13360 648
35 100 2.2 -13144 706
36 100 2.2 -13268 820
37 100 2.2 -13416 870
38 100 2.2 -13248 800
39 100 2.2 -13432 1058
40 100 2.2 -13276 1124
41 100 2.2 -13560 1064
42 100 2.2 -13440 974
43 100 2.2 -13456 1002
44 100 2.2 -13608 1006
45 100 2.2 -13636 1134
46 100 2.2 -13432 1082
47 100 2.2 -13580 1070
48 100 2.2 -13688 962
49 100 2.2 -13544 924
50 100 2.2 -13572 726
51 100 2.2 -13800 858
52 100 2.2 -13924 756
53 100 2.2 -14060 738
54 100 2.2 -13900 876
55 100 2.2 -14204 802
56 100 2.2 -14012 670
57 100 2.2 -13908 646
58 100 2.2 -13912 704
59 100 2.2 -13708 780
60 100 2.2 -13960 774
61 100 2.2 -13940 756
62 100 2.2 -14124 700
63 100 2.2 -14016 774
64 100 2.2 -13992 916
65 100 2.2 -13944 944
66 100 2.2 -13936 888
67 100 2.2 -13864 852
68 100 2.2 -13944 738
69 100 2.2 -13748 706
70 100 2.2 -13712 898
71 100 2.2 -13812 714
72 100 2.2 -13864 626
73 100 2.2 -13812 624
74 100 2.2 -13924 484
75 100 2.2 -14084 482
76 100 2.2 -14140 554
77 100 2.2 -14252 452
78 100 2.2 -14108 416
79 100 2.2 -13944 400
80 100 2.2 -13916 592
81 100 2.2 -14020 558
82 100 2.2 -14048 704
83 100 2.2 -14176 714
84 100 2.2 -13872 622
85 100 2.2 -14036 532
86 100 2.2 -13656 536
88 100 2.2 -13580 628
89 100 2.2 -13584 448
90 100 2.2 -13752 434
91 100 2.2 -13620 396
92 100 2.2 -13688 312
93 100 2.2 -13828 390
95 100 2.2 -13816 294
96 100 2.2 -13976 364
97 100 2.2 -13928 288
98 100 2.2 -13936 288
99 100 2.2 -13904 246
101 100 2.2 -14052 254
102 100 2.2 -14276 172
103 100 2.2 -14208 204
105 100 2.2 -14300 360
106 100 2.2 -14216 300
107 100 2.2 -14176 278
109 100 2.2 -14036 202
110 100 2.2 -13932 178
112 100 2.2 -14024 226
113 100 2.2 -13796 202
114 100 2.2 -13812 238
116 100 2.2 -13792 328
117 100 2.2 -13976 184
119 100 2.2 -13760 182
120 100 2.2 -13872 250
122 100 2.2 -13692 206
124 100 2.2 -13920 394
125 100 2.2 -13672 486
127 100 2.2 -13612 544
128 100 2.2 -13756 512
130 100 2.2 -13828 386
132 100 2.2 -13452 514
133 100 2.2 -13348 574
135 100 2.2 -13184 650
137 100 2.2 -13484 742
139 100 2.2 -13284 572
140 100 2.2 -13252 626
142 100 2.2 -13704 636
144 100 2.2 -13896 820
146 100 2.2 -13536 756
148 100 2.2 -13964 822
150 100 2.2 -13876 794
152 100 2.2 -13960 886
154 100 2.2 -13728 910
155 100 2.2 -13644 886
157 100 2.2 -13992 1062
160 100 2.2 -13968 1094
162 100 2.2 -14000 842
164 100 2.2 -13808 764
166 100 2.2 -13580 606
168 100 2.2 -13816 506
170 100 2.2 -13820 902
172 100 2.2 -13676 1112
174 100 2.2 -13780 1042
177 100 2.2 -13692 1252
179 100 2.2 -13616 1248
181 100 2.2 -13624 1138
184 100 2.2 -13908 1190
186 100 2.2 -13940 1442
188 100 2.2 -13884 1502
191 100 2.2 -13776 1394
193 100 2.2 -13388 1372
196 100 2.2 -13732 1480
198 100 2.2 -13920 1678
201 100 2.2 -13740 1690
203 100 2.2 -13744 1698
206 100 2.2 -13744 1618
209 100 2.2 -13984 1672
211 100 2.2 -14108 1546
214 100 2.2 -13708 1748
217 100 2.2 -13520 1876
220 100 2.2 -13916 2012
222 100 2.2 -14096 2086
225 100 2.2 -13768 2180
228 100 2.2 -13900 2490
231 100 2.2 -13968 2742
234 100 2.2 -13956 2762
237 100 2.2 -13988 3072
240 100 2.2 -14232 3180
243 100 2.2 -14492 3516
246 100 2.2 -14180 3564
250 100 2.2 -14276 3862
253 100 2.2 -14184 3740
256 100 2.2 -13972 3676
259 100 2.2 -13980 3896
263 100 2.2 -14232 3930
266 100 2.2 -14168 4076
269 100 2.2 -14360 4054
273 100 2.2 -14544 4124
276 100 2.2 -14468 4406
280 100 2.2 -14160 4076
284 100 2.2 -14860 4236
287 100 2.2 -14408 4240
291 100 2.2 -14416 4286
295 100 2.2 -14716 4340
298 100 2.2 -14308 4318
302 100 2.2 -14512 4326
306 100 2.2 -14356 4430
310 100 2.2 -14292 4418
314 100 2.2 -14244 4264
318 100 2.2 -14448 4198
322 100 2.2 -14352 4314
326 100 2.2 -14444 4618
331 100 2.2 -14608 4784
335 100 2.2 -14436 4698
339 100 2.2 -14416 4632
344 100 2.2 -14420 4778
348 100 2.2 -14468 4764
352 100 2.2 -14572 4758
357 100 2.2 -13996 4526
362 100 2.2 -14552 4466
366 100 2.2 -14412 4430
371 100 2.2 -14224 4280
376 100 2.2 -14340 4282
381 100 2.2 -14204 4306
385 100 2.2 -14352 4274
390 100 2.2 -14256 4330
395 100 2.2 -14316 4136
401 100 2.2 -14044 4032
406 100 2.2 -14196 4400
411 100 2.2 -14436 4836
416 100 2.2 -14332 4910
422 100 2.2 -14964 5018
427 100 2.2 -14572 5026
433 100 2.2 -14724 5280
438 100 2.2 -14788 5458
444 100 2.2 -14628 5602
449 100 2.2 -14304 5312
455 100 2.2 -14720 5484
461 100 2.2 -14768 5630
467 100 2.2 -14780 5900
473 100 2.2 -14880 6152
479 100 2.2 -14460 5880
485 100 2.2 -15036 6286
492 100 2.2 -15140 6326
498 100 2.2 -14860 6332
504 100 2.2 -14992 6386
511 100 2.2 -15212 6336
517 100 2.2 -15008 6378
524 100 2.2 -15240 6578
531 100 2.2 -15104 6464
538 100 2.2 -15092 6418
545 100 2.2 -15408 6540
552 100 2.2 -15124 6552
559 100 2.2 -14832 6458
566 100 2.2 -15096 6406
573 100 2.2 -14904 6386
581 100 2.2 -15080 6620
588 100 2.2 -15040 6648
596 100 2.2 -14860 6624
603 100 2.2 -14568 6384
611 100 2.2 -14540 6350
619 100 2.2 -14868 6590
627 100 2.2 -14732 6634
635 100 2.2 -15520 7342
643 100 2.2 -15472 7426
652 100 2.2 -15320 7474
660 100 2.2 -15452 7544
668 100 2.2 -15520 7546
677 100 2.2 -15300 7552
686 100 2.2 -15272 7396
695 100 2.2 -15356 7466
704 100 2.2 -14968 7480
713 100 2.2 -15340 7412
722 100 2.2 -15288 7646
731 100 2.2 -15388 7652
741 100 2.2 -15420 7634
750 100 2.2 -15068 7528
760 100 2.2 -15168 7634
770 100 2.2 -15564 7944
780 100 2.2 -15184 7862
790 100 2.2 -15208 7818
800 100 2.2 -15772 8072
810 100 2.2 -15452 7772
821 100 2.2 -15636 7788
831 100 2.2 -15684 7966
842 100 2.2 -15840 8220
853 100 2.2 -15724 8202
864 100 2.2 -16120 8268
875 100 2.2 -15928 8350
886 100 2.2 -15708 8234
897 100 2.2 -15532 8064
909 100 2.2 -15636 8084
921 100 2.2 -15456 8056
933 100 2.2 -15588 8132
945 100 2.2 -15692 7970
957 100 2.2 -15360 7770
969 100 2.2 -15528 7782
982 100 2.2 -15724 7886
994 100 2.2 -15676 8038
1007 100 2.2 -15684 7876
1020 100 2.2 -15428 7650
1033 100 2.2 -15360 7584
1047 100 2.2 -14988 7706
1060 100 2.2 -14856 7390
1074 100 2.2 -15188 7514
1088 100 2.2 -15020 7394
1102 100 2.2 -14900 7346
1116 100 2.2 -15740 8076
1130 100 2.2 -15548 8006
1145 100 2.2 -15476 7902
1160 100 2.2 -15524 7988
1174 100 2.2 -15252 7820
1190 100 2.2 -15536 7904
1205 100 2.2 -15472 7688
1220 100 2.2 -14936 7452
1236 100 2.2 -15632 7852
1252 100 2.2 -15544 7904
1268 100 2.2 -15260 7710
1285 100 2.2 -14988 7552
1301 100 2.2 -15692 8012
1318 100 2.2 -15064 7768
1335 100 2.2 -15284 7814
1352 100 2.2 -15484 7958
1370 100 2.2 -15636 8094
1387 100 2.2 -15628 8202
1405 100 2.2 -15728 8224
1423 100 2.2 -15656 8278
1442 100 2.2 -15748 8270
1460 100 2.2 -15784 8192
1479 100 2.2 -15404 8088
1498 100 2.2 -15492 8042
1517 100 2.2 -15244 7976
1537 100 2.2 -15688 8204
1557 100 2.2 -15800 8290
1577 100 2.2 -15852 8292
1597 100 2.2 -15772 8278
1618 100 2.2 -15608 8086
1639 100 2.2 -15736 8228
1660 100 2.2 -15664 7972
1681 100 2.2 -15488 8026
1703 100 2.2 -15628 7988
1725 100 2.2 -15512 8030
1747 100 2.2 -15536 8226
1770 100 2.2 -15272 7928
1792 100 2.2 -15736 8160
1816 100 2.2 -15964 8160
1839 100 2.2 -15928 8376
1863 100 2.2 -15684 8218
1887 100 2.2 -15536 8098
1911 100 2.2 -15296 8084
1936 100 2.2 -15828 8352
1961 100 2.2 -15748 7976
1986 100 2.2 -15796 8136
2012 100 2.2 -15840 8218
2037 100 2.2 -16008 8470
2064 100 2.2 -15780 8324
2090 100 2.2 -15516 8140
2117 100 2.2 -15196 7946
2145 100 2.2 -15808 8326
2172 100 2.2 -15504 8032
2200 100 2.2 -15928 8452
2229 100 2.2 -15500 7886
2257 100 2.2 -15624 7852
2286 100 2.2 -15556 8088
2316 100 2.2 -15320 7978
2346 100 2.2 -15208 7638
2376 100 2.2 -15640 8044
2407 100 2.2 -15028 7572
2438 100 2.2 -15596 7756
2469 100 2.2 -15644 7948
2501 100 2.2 -15248 7706
2533 100 2.2 -15548 8008
2566 100 2.2 -15192 7826
2599 100 2.2 -15512 7962
2633 100 2.2 -14920 7588
2667 100 2.2 -15452 7896
2701 100 2.2 -15212 7448
2736 100 2.2 -15348 7822
2771 100 2.2 -15564 8132
2807 100 2.2 -15776 8378
2843 100 2.2 -15624 8216
2880 100 2.2 -15364 7994
2917 100 2.2 -15416 8148
2954 100 2.2 -15424 7880
2992 100 2.2 -15472 7856
3031 100 2.2 -15828 8294
3070 100 2.2 -16228 8544
3110 100 2.2 -15780 8298
3150 100 2.2 -15212 7790
3190 100 2.2 -15456 7842
3232 100 2.2 -15700 7908
3273 100 2.2 -15040 7546
3315 100 2.2 -15056 7446
3358 100 2.2 -15712 7820
3402 100 2.2 -15628 8018
3445 100 2.2 -15484 8036
3490 100 2.2 -15624 8234
3535 100 2.2 -15448 7922
3580 100 2.2 -15684 8224
3627 100 2.2 -16156 8648
3673 100 2.2 -15088 7644
3721 100 2.2 -15324 7912
3769 100 2.2 -15344 7924
3817 100 2.2 -15776 8084
3867 100 2.2 -15816 8034
3916 100 2.2 -15532 8164
3967 100 2.2 -15516 8036
4018 100 2.2 -15716 8090
4070 100 2.2 -15264 7852
4122 100 2.2 -15252 7618
4176 100 2.2 -15200 7374
4229 100 2.2 -15212 7560
4284 100 2.2 -15312 7712
4339 100 2.2 -15428 8054
4395 100 2.2 -15544 7844
4452 100 2.2 -15740 8090
4509 100 2.2 -15740 8148
4567 100 2.2 -15992 8336
4626 100 2.2 -15180 7144
4686 100 2.2 -15412 7562
4746 100 2.2 -15328 7828
4808 100 2.2 -15456 8066
4870 100 2.2 -15380 7932
4932 100 2.2 -15368 7916
4996 100 2.2 -15404 7870
5060 100 2.2 -15236 7530
5126 100 2.2 -15448 7822
5192 100 2.2 -15136 7452
5259 100 2.2 -14900 7148
5327 100 2.2 -15472 7784
5395 100 2.2 -15388 7878
5465 100 2.2 -15640 7804
5535 100 2.2 -15520 7932
5607 100 2.2 -15516 7980
5679 100 2.2 -15272 7772
5752 100 2.2 -15144 7732
5826 100 2.2 -15672 8164
5902 100 2.2 -15404 8056
5978 100 2.2 -15580 7934
6055 100 2.2 -15176 7708
6133 100 2.2 -15296 7528
6212 100 2.2 -15404 6900
6292 100 2.2 -14540 6222
6373 100 2.2 -14980 6670
6455 100 2.2 -15368 7148
6539 100 2.2 -15240 6788
6623 100 2.2 -15504 7654
6708 100 2.2 -15644 7866
6795 100 2.2 -15152 6956
6883 100 2.2 -15424 7506
6971 100 2.2 -15224 6982
7061 100 2.2 -15616 7452
7152 100 2.2 -15100 7724
7245 100 2.2 -15888 8052
7338 100 2.2 -15592 8164
7433 100 2.2 -15652 8198
7529 100 2.2 -15484 8078
7626 100 2.2 -15472 7830
7724 100 2.2 -15252 7528
7824 100 2.2 -15536 7880
7925 100 2.2 -15356 7700
8027 100 2.2 -15128 7466
8130 100 2.2 -15508 7778
8235 100 2.2 -15564 8002
8341 100 2.2 -15084 7744
8449 100 2.2 -15548 7900
8558 100 2.2 -15036 7554
8668 100 2.2 -15796 8274
8780 100 2.2 -15452 7876
8893 100 2.2 -15500 8004
9008 100 2.2 -15652 7972
9124 100 2.2 -15048 7610
9242 100 2.2 -15964 8278
9361 100 2.2 -15672 7990
9482 100 2.2 -15472 7416
9604 100 2.2 -15264 7684
9728 100 2.2 -15064 7150
9853 100 2.2 -15232 7374
9980 100 2.2 -15520 6976
10109 100 2.2 -14992 7092
10240 100 2.2 -15316 7584
10372 100 2.2 -15548 7920
10505 100 2.2 -15276 7886
10641 100 2.2 -15536 8098
10778 100 2.2 -15472 7864
10917 100 2.2 -15580 8100
11058 100 2.2 -15416 7982
11201 100 2.2 -15336 7880
11345 100 2.2 -15448 7964
11491 100 2.2 -15432 7802
11640 100 2.2 -15432 7820
11790 100 2.2 -15832 7448
11942 100 2.2 -15296 7926
12096 100 2.2 -15384 7898
12252 100 2.2 -15156 7398
12410 100 2.2 -15480 7810
12570 100 2.2 -15484 7904
12732 100 2.2 -15188 7610
12896 100 2.2 -15572 8062
13062 100 2.2 -15404 7754
13231 100 2.2 -15588 8134
13402 100 2.2 -15652 8130
13574 100 2.2 -15564 7994
13750 100 2.2 -15552 8150
13927 100 2.2 -15500 7916
14106 100 2.2 -15536 8142
14288 100 2.2 -15696 8076
14473 100 2.2 -15600 7902
14659 100 2.2 -15428 7912
14848 100 2.2 -15084 7282
15040 100 2.2 -15204 7702
15234 100 2.2 -15292 7694
15430 100 2.2 -15568 8146
15629 100 2.2 -15664 8096
15831 100 2.2 -15464 7812
16035 100 2.2 -14968 7586
16242 100 2.2 -15368 8042
16451 100 2.2 -15388 7654
16664 100 2.2 -15236 7374
16879 100 2.2 -15712 8290
17096 100 2.2 -15396 7616
17317 100 2.2 -15632 7894
17540 100 2.2 -15532 7966
17766 100 2.2 -15516 7730
17995 100 2.2 -15888 8244
18228 100 2.2 -15308 7636
18463 100 2.2 -15820 8168
18701 100 2.2 -15756 7832
18942 100 2.2 -15572 7840
19186 100 2.2 -15568 8024
19434 100 2.2 -15224 7642
19684 100 2.2 -15376 7948
19938 100 2.2 -15792 7994
20195 100 2.2 -15552 7974
20456 100 2.2 -15660 8074
20720 100 2.2 -15332 8018
20987 100 2.2 -15240 7776
21258 100 2.2 -15296 7944
21532 100 2.2 -14820 7240
21810 100 2.2 -15784 8068
22091 100 2.2 -15372 7582
22376 100 2.2 -15416 8164
22664 100 2.2 -15452 7926
22957 100 2.2 -15932 8364
23253 100 2.2 -15508 7628
23553 100 2.2 -15268 6960
23856 100 2.2 -15472 7362
24164 100 2.2 -15796 8152
24476 100 2.2 -15148 7722
24791 100 2.2 -15492 8036
25111 100 2.2 -15904 7992
25435 100 2.2 -15308 7678
25763 100 2.2 -15452 8018
26095 100 2.2 -15384 7996
26432 100 2.2 -15600 8170
26773 100 2.2 -15788 8058
27118 100 2.2 -15436 8224
27468 100 2.2 -15644 7726
27822 100 2.2 -15552 7872
28181 100 2.2 -14912 7240
28545 100 2.2 -15460 7536
28913 100 2.2 -14980 6944
29286 100 2.2 -15692 7896
29663 100 2.2 -15480 7916
30046 100 2.2 -14912 6994
30434 100 2.2 -15160 7238
30826 100 2.2 -15392 7792
31224 100 2.2 -15788 8034
31626 100 2.2 -15996 8502
32034 100 2.2 -15520 8152
32447 100 2.2 -15844 8372
32866 100 2.2 -15768 8140
33290 100 2.2 -15764 7714
33719 100 2.2 -15320 7504
34154 100 2.2 -15196 7754
34595 100 2.2 -15916 8138
35041 100 2.2 -15608 8170
35493 100 2.2 -15244 7486
35951 100 2.2 -15564 7772
36414 100 2.2 -15232 7916
36884 100 2.2 -15432 7944
37360 100 2.2 -15628 8060
37841 100 2.2 -15256 7614
38330 100 2.2 -15600 7986
38824 100 2.2 -15064 7524
39325 100 2.2 -15432 7962
39832 100 2.2 -15880 8210
40346 100 2.2 -15396 7670
40866 100 2.2 -15504 7994
41393 100 2.2 -15600 7936
41927 100 2.2 -15664 8016
42468 100 2.2 -15404 7922
43015 100 2.2 -15168 7876
43570 100 2.2 -15456 7890
44132 100 2.2 -15628 8152
44701 100 2.2 -15212 7682
45278 100 2.2 -14940 6904
45862 100 2.2 -15396 7820
46453 100 2.2 -15036 7638
47053 100 2.2 -14968 7316
47660 100 2.2 -15616 7742
48274 100 2.2 -15612 7992
48897 100 2.2 -15552 7898
49528 100 2.2 -15560 8202
50166 100 2.2 -15764 8230
50813 100 2.2 -15516 8148
51469 100 2.2 -15804 8300
52133 100 2.2 -15128 7318
52805 100 2.2 -15028 7286
53486 100 2.2 -15184 7646
54176 100 2.2 -15668 8198
54875 100 2.2 -15704 8032
55582 100 2.2 -15480 7758
56299 100 2.2 -15384 7794
57025 100 2.2 -15636 8146
57761 100 2.2 -15372 7964
58506 100 2.2 -15124 7526
59261 100 2.2 -15868 8166
60025 100 2.2 -15520 7766
60799 100 2.2 -15460 8022
61583 100 2.2 -15816 8082
62378 100 2.2 -15524 7714
63182 100 2.2 -15964 8218
63997 100 2.2 -15288 7846
64822 100 2.2 -15724 8156
65658 100 2.2 -15344 7780
66505 100 2.2 -14896 6518
67363 100 2.2 -15788 8426
68232 100 2.2 -15568 7740
69112 100 2.2 -15304 7084
70003 100 2.2 -15540 7944
70906 100 2.2 -15320 7962
71821 100 2.2 -15392 7828
72747 100 2.2 -15276 7750
73685 100 2.2 -15136 7684
74636 100 2.2 -15416 7828
75599 100 2.2 -15308 7422
76574 100 2.2 -15004 7354
77561 100 2.2 -15248 7856
78562 100 2.2 -15296 7916
79575 100 2.2 -15568 7870
80601 100 2.2 -15572 8106
81641 100 2.2 -15188 7634
82694 100 2.2 -15836 8290
83760 100 2.2 -15096 6974
84841 100 2.2 -15100 7534
85935 100 2.2 -15652 8216
87043 100 2.2 -15860 8146
88166 100 2.2 -15080 7672
89303 100 2.2 -15492 7976
90455 100 2.2 -15100 7682
91622 100 2.2 -15776 8218
92803 100 2.2 -15144 7816
94000 100 2.2 -15400 8020
95213 100 2.2 -15404 7478
96441 100 2.2 -15400 7834
97685 100 2.2 -16140 8296
98945 100 2.2 -15716 8152
100221 100 2.2 -15268 7634
101513 100 2.2 -15948 7990
102823 100 2.2 -15636 8034
104149 100 2.2 -15440 7962
105492 100 2.2 -15244 7622
106853 100 2.2 -15524 7806
108231 100 2.2 -15808 8342
109627 100 2.2 -15676 8206
111041 100 2.2 -15328 7822
112473 100 2.2 -15280 8030
113924 100 2.2 -15272 7912
115393 100 2.2 -15276 7574
116882 100 2.2 -15596 8208
118389 100 2.2 -15960 8116
119916 100 2.2 -15392 7394
121463 100 2.2 -15620 8258
123029 100 2.2 -15408 7954
124616 100 2.2 -15320 7852
126224 100 2.2 -15728 7926
127852 100 2.2 -15208 7432
129501 100 2.2 -15232 7554
131171 100 2.2 -14828 7262
132863 100 2.2 -14828 7336
134576 100 2.2 -15352 7704
136312 100 2.2 -15028 7564
138070 100 2.2 -14904 7588
139851 100 2.2 -15672 7998
141655 100 2.2 -15304 7448
143482 100 2.2 -15396 7776
145333 100 2.2 -15852 8330
147207 100 2.2 -15296 7760
149106 100 2.2 -15012 7000
151029 100 2.2 -15288 7626
152977 100 2.2 -15692 8340
154950 100 2.2 -15368 7842
156948 100 2.2 -15436 7820
158973 100 2.2 -15924 8320
161023 100 2.2 -15464 7750
163100 100 2.2 -15672 8102
165204 100 2.2 -15136 6896
167334 100 2.2 -15800 7882
169493 100 2.2 -15416 7972
171679 100 2.2 -15704 8250
173893 100 2.2 -15384 7744
176136 100 2.2 -15800 8008
178408 100 2.2 -15328 8030
180709 100 2.2 -15916 8252
183040 100 2.2 -15636 7966
185400 100 2.2 -15768 8192
187792 100 2.2 -15752 7568
190214 100 2.2 -15560 8218
192667 100 2.2 -15456 7788
195152 100 2.2 -15424 7410
197669 100 2.2 -15368 7184
200219 100 2.2 -15552 7872
202801 100 2.2 -15280 7552
205417 100 2.2 -15516 7790
208066 100 2.2 -15496 7624
210750 100 2.2 -15468 7224
213468 100 2.2 -15328 7968
216222 100 2.2 -15736 8046
219010 100 2.2 -15480 8018
221835 100 2.2 -15448 7806
224696 100 2.2 -15600 7970
227595 100 2.2 -15784 8074
230530 100 2.2 -15616 7920
233503 100 2.2 -15168 7830
236515 100 2.2 -15188 8000
239566 100 2.2 -15456 7798
242656 100 2.2 -15520 8026
245785 100 2.2 -15604 8066
248956 100 2.2 -15572 8192
252167 100 2.2 -15356 7618
255419 100 2.2 -15596 8020
258713 100 2.2 -15140 7464
262050 100 2.2 -15384 7962
265430 100 2.2 -15704 8270
268854 100 2.2 -15456 7916
272321 100 2.2 -15744 7986
275834 100 2.2 -15884 8114
279391 100 2.2 -15804 8320
282995 100 2.2 -15344 7856
286645 100 2.2 -15568 7902
290342 100 2.2 -15520 8160
294087 100 2.2 -15412 7778
297880 100 2.2 -15252 7616
301722 100 2.2 -15376 7898
305614 100 2.2 -15304 7436
309556 100 2.2 -15100 7506
313548 100 2.2 -15368 8052
317592 100 2.2 -15916 8218
321689 100 2.2 -15316 7502
325838 100 2.2 -15424 7786
330040 100 2.2 -15672 7846
334297 100 2.2 -15428 7906
338609 100 2.2 -15500 7944
342976 100 2.2 -15476 7910
347400 100 2.2 -16028 8328
351881 100 2.2 -15192 7690
356419 100 2.2 -15640 8002
361016 100 2.2 -15208 7668
365673 100 2.2 -15256 7424
370389 100 2.2 -16176 8404
375167 100 2.2 -15460 7704
380005 100 2.2 -15176 7300
384907 100 2.2 -15832 8170
389871 100 2.2 -15240 7068
394900 100 2.2 -15356 7874
399993 100 2.2 -15432 8066
405152 100 2.2 -15524 7972
410378 100 2.2 -15432 6708
415671 100 2.2 -15808 8264
421032 100 2.2 -14892 7176
426463 100 2.2 -15700 8086
431963 100 2.2 -15448 7944
437535 100 2.2 -15928 8280
443178 100 2.2 -15304 7654
448894 100 2.2 -15464 7914
454684 100 2.2 -15556 7990
460548 100 2.2 -15524 7318
466489 100 2.2 -15564 8162
472505 100 2.2 -15332 7950
478600 100 2.2 -15264 7764
484773 100 2.2 -15076 7416
491025 100 2.2 -15424 7924
497358 100 2.2 -14816 7172
503773 100 2.2 -15304 8010
510271 100 2.2 -15276 7238
516852 100 2.2 -15500 8124
523519 100 2.2 -15596 7878
530271 100 2.2 -15700 7806
537111 100 2.2 -15508 8054
544038 100 2.2 -15200 7586
551055 100 2.2 -15432 7720
558163 100 2.2 -15664 7938
565362 100 2.2 -16292 8600
572654 100 2.2 -15164 7724
580040 100 2.2 -15772 7816
587521 100 2.2 -15620 8080
595099 100 2.2 -15316 7496
602775 100 2.2 -15440 7572
610549 100 2.2 -15824 8102
618424 100 2.2 -15672 7884
626400 100 2.2 -15588 7928
634480 100 2.2 -15572 8052
642663 100 2.2 -15660 8080
650952 100 2.2 -15092 7628
659348 100 2.2 -15356 7740
667853 100 2.2 -15264 7786
676467 100 2.2 -15472 7774
685192 100 2.2 -15276 7282
694029 100 2.2 -15496 7954
702981 100 2.2 -15400 7984
712048 100 2.2 -15884 8168
721232 100 2.2 -14824 6770
730534 100 2.2 -15956 8356
739957 100 2.2 -15292 7694
749500 100 2.2 -15484 7874
759168 100 2.2 -15140 7856
768959 100 2.2 -15496 7510
778877 100 2.2 -15408 7226
788923 100 2.2 -15356 8008
799099 100 2.2 -15284 7766
809405 100 2.2 -15688 8166
819845 100 2.2 -15344 8004
830419 100 2.2 -15332 7768
841130 100 2.2 -15404 7816
851979 100 2.2 -15316 7522
862968 100 2.2 -15628 8010
874098 100 2.2 -15180 7762
885373 100 2.2 -15060 7638
896792 100 2.2 -15348 7348
908359 100 2.2 -15292 7526
920075 100 2.2 -15140 7828
931942 100 2.2 -15980 8424
943962 100 2.2 -15480 7456
956137 100 2.2 -15376 7728
968470 100 2.2 -15228 7682
980961 100 2.2 -15020 7458
993613 100 2.2 -15572 8006
999999 100 2.2 -15280 7658
