3 60 2 -3732 -184
4 60 2 -3932 -168
5 60 2 -4092 -116
6 60 2 -4312 -220
7 60 2 -4460 -262
8 60 2 -4472 -250
9 60 2 -4604 -254
10 60 2 -4660 -336
11 60 2 -4600 -440
12 60 2 -4648 -462
13 60 2 -4732 -502
14 60 2 -4764 -510
15 60 2 -4912 -536
16 60 2 -4884 -672
17 60 2 -4800 -704
18 60 2 -4824 -744
19 60 2 -4952 -766
20 60 2 -5080 -816
21 60 2 -5080 -876
22 60 2 -5032 -904
23 60 2 -5120 -938
24 60 2 -5164 -880
25 60 2 -5188 -880
26 60 2 -5168 -914
27 60 2 -5100 -954
28 60 2 -5096 -852
29 60 2 -5096 -874
30 60 2 -5192 -928
31 60 2 -5132 -906
32 60 2 -5068 -978
33 60 2 -5048 -1016
34 60 2 -5112 -986
35 60 2 -5184 -988
36 60 2 -5236 -970
37 60 2 -5300 -956
38 60 2 -5244 -974
39 60 2 -5232 -960
40 60 2 -5232 -918
41 60 2 -5244 -882
42 60 2 -5272 -866
43 60 2 -5344 -978
44 60 2 -5324 -1082
45 60 2 -5324 -1096
46 60 2 -5324 -1088
47 60 2 -5312 -1058
48 60 2 -5400 -1086
49 60 2 -5404 -1090
50 60 2 -5468 -1104
51 60 2 -5424 -1088
52 60 2 -5392 -1030
53 60 2 -5276 -1006
54 60 2 -5388 -1054
55 60 2 -5184 -1008
56 60 2 -5272 -1070
57 60 2 -5312 -1090
58 60 2 -5476 -1178
59 60 2 -5536 -1280
60 60 2 -5532 -1274
61 60 2 -5340 -1204
62 60 2 -5560 -1212
63 60 2 -5644 -1320
64 60 2 -5540 -1254
65 60 2 -5536 -1294
66 60 2 -5644 -1290
67 60 2 -5656 -1340
68 60 2 -5708 -1340
69 60 2 -5664 -1378
70 60 2 -5732 -1434
71 60 2 -5764 -1444
72 60 2 -5736 -1386
73 60 2 -5732 -1384
74 60 2 -5768 -1418
75 60 2 -5796 -1468
76 60 2 -5788 -1454
77 60 2 -5680 -1488
78 60 2 -5660 -1408
79 60 2 -5664 -1426
80 60 2 -5616 -1420
81 60 2 -5524 -1416
82 60 2 -5484 -1400
83 60 2 -5716 -1424
84 60 2 -5768 -1472
85 60 2 -5712 -1456
86 60 2 -5684 -1456
88 60 2 -5812 -1562
89 60 2 -5896 -1510
90 60 2 -5744 -1480
91 60 2 -5572 -1470
92 60 2 -5616 -1490
93 60 2 -5680 -1524
95 60 2 -5836 -1462
96 60 2 -5712 -1426
97 60 2 -5664 -1444
98 60 2 -5776 -1444
99 60 2 -5680 -1500
101 60 2 -5744 -1486
102 60 2 -5832 -1514
103 60 2 -5768 -1480
105 60 2 -5848 -1506
106 60 2 -5924 -1542
107 60 2 -5844 -1526
109 60 2 -5752 -1608
110 60 2 -5640 -1532
112 60 2 -5912 -1514
113 60 2 -5932 -1552
114 60 2 -5928 -1508
116 60 2 -5992 -1592
117 60 2 -5948 -1578
119 60 2 -5952 -1540
120 60 2 -5984 -1600
122 60 2 -5896 -1558
124 60 2 -5844 -1612
125 60 2 -5820 -1618
127 60 2 -5976 -1544
128 60 2 -6020 -1538
130 60 2 -5928 -1578
132 60 2 -5976 -1584
133 60 2 -5904 -1546
135 60 2 -5896 -1558
137 60 2 -5804 -1558
139 60 2 -5856 -1490
140 60 2 -5776 -1448
142 60 2 -5824 -1388
144 60 2 -5720 -1440
146 60 2 -5756 -1394
148 60 2 -5832 -1418
150 60 2 -5692 -1374
152 60 2 -5732 -1396
154 60 2 -5860 -1470
155 60 2 -5732 -1470
157 60 2 -5748 -1534
160 60 2 -5752 -1504
162 60 2 -5672 -1490
164 60 2 -5900 -1508
166 60 2 -5804 -1562
168 60 2 -5876 -1432
170 60 2 -5980 -1520
172 60 2 -5836 -1548
174 60 2 -5748 -1560
177 60 2 -5788 -1608
179 60 2 -5756 -1622
181 60 2 -5920 -1594
184 60 2 -5880 -1614
186 60 2 -5940 -1548
188 60 2 -6016 -1552
191 60 2 -5772 -1514
193 60 2 -5860 -1520
196 60 2 -5836 -1494
198 60 2 -5796 -1432
201 60 2 -5812 -1506
203 60 2 -5844 -1542
206 60 2 -5876 -1438
209 60 2 -5900 -1486
211 60 2 -5964 -1526
214 60 2 -5904 -1514
217 60 2 -5812 -1370
220 60 2 -5864 -1500
222 60 2 -5880 -1558
225 60 2 -5816 -1610
228 60 2 -6092 -1748
231 60 2 -6060 -1666
234 60 2 -5992 -1656
237 60 2 -5996 -1854
240 60 2 -6052 -1908
243 60 2 -6044 -1786
246 60 2 -6020 -1836
250 60 2 -5856 -1742
253 60 2 -5656 -1738
256 60 2 -5832 -1820
259 60 2 -5940 -1832
263 60 2 -5860 -1796
266 60 2 -5856 -1740
269 60 2 -5852 -1766
273 60 2 -5880 -1722
276 60 2 -5812 -1690
280 60 2 -5928 -1692
284 60 2 -5868 -1746
287 60 2 -5808 -1776
291 60 2 -6040 -1840
295 60 2 -6072 -1934
298 60 2 -5944 -1884
302 60 2 -6004 -1902
306 60 2 -6028 -1848
310 60 2 -6216 -1936
314 60 2 -6104 -1770
318 60 2 -6008 -1746
322 60 2 -5904 -1780
326 60 2 -6032 -1730
331 60 2 -6096 -1722
335 60 2 -5916 -1678
339 60 2 -6064 -1694
344 60 2 -5872 -1770
348 60 2 -5860 -1680
352 60 2 -5924 -1716
357 60 2 -5836 -1604
362 60 2 -5868 -1598
366 60 2 -5928 -1580
371 60 2 -5860 -1674
376 60 2 -5852 -1792
381 60 2 -5976 -1770
385 60 2 -5908 -1834
390 60 2 -5972 -1932
395 60 2 -5924 -1886
401 60 2 -5960 -1904
406 60 2 -5856 -1874
411 60 2 -5984 -1886
416 60 2 -5896 -1876
422 60 2 -5956 -1908
427 60 2 -5852 -1994
433 60 2 -5956 -1890
438 60 2 -5844 -1880
444 60 2 -5796 -1928
449 60 2 -6000 -1868
455 60 2 -5948 -1922
461 60 2 -6120 -1986
467 60 2 -6032 -1956
473 60 2 -6032 -1988
479 60 2 -5892 -2034
485 60 2 -5816 -1984
492 60 2 -5736 -1906
498 60 2 -5920 -1928
504 60 2 -6084 -1936
511 60 2 -6116 -2010
517 60 2 -6004 -2054
524 60 2 -5952 -2010
531 60 2 -5952 -1942
538 60 2 -5960 -1998
545 60 2 -6032 -1996
552 60 2 -5908 -2078
559 60 2 -5812 -2106
566 60 2 -6012 -2160
573 60 2 -5924 -2360
581 60 2 -5932 -2304
588 60 2 -6204 -2448
596 60 2 -6120 -2536
603 60 2 -6040 -2514
611 60 2 -6068 -2656
619 60 2 -6136 -2770
627 60 2 -6144 -2854
635 60 2 -6124 -2814
643 60 2 -6068 -2744
652 60 2 -6260 -2934
660 60 2 -6140 -2902
668 60 2 -5992 -2876
677 60 2 -6036 -2890
686 60 2 -6116 -2916
695 60 2 -6204 -3006
704 60 2 -6156 -2958
713 60 2 -6116 -2922
722 60 2 -6144 -2994
731 60 2 -6156 -3024
741 60 2 -6044 -3036
750 60 2 -6260 -3148
760 60 2 -6316 -3184
770 60 2 -6232 -3162
780 60 2 -6296 -3232
790 60 2 -6228 -3196
800 60 2 -6196 -3128
810 60 2 -6164 -3066
821 60 2 -6164 -3000
831 60 2 -6240 -3194
842 60 2 -6232 -3272
853 60 2 -6248 -3266
864 60 2 -6272 -3238
875 60 2 -6212 -3240
886 60 2 -6528 -3388
897 60 2 -6292 -3320
909 60 2 -6256 -3284
921 60 2 -6468 -3374
933 60 2 -6336 -3284
945 60 2 -6196 -3240
957 60 2 -6128 -3234
969 60 2 -6380 -3298
982 60 2 -6200 -3218
994 60 2 -6212 -3244
1007 60 2 -6332 -3270
1020 60 2 -6308 -3262
1033 60 2 -6172 -3128
1047 60 2 -6244 -3200
1060 60 2 -6076 -3122
1074 60 2 -6408 -3330
1088 60 2 -6300 -3272
1102 60 2 -6552 -3402
1116 60 2 -6348 -3310
1130 60 2 -6464 -3342
1145 60 2 -6472 -3376
1160 60 2 -6236 -3266
1174 60 2 -6200 -3202
1190 60 2 -6424 -3368
1205 60 2 -6156 -3162
1220 60 2 -6260 -3270
1236 60 2 -6204 -3256
1252 60 2 -6336 -3344
1268 60 2 -6480 -3366
1285 60 2 -6200 -3264
1301 60 2 -6184 -3220
1318 60 2 -6252 -3228
1335 60 2 -6220 -3240
1352 60 2 -6292 -3240
1370 60 2 -5996 -3138
1387 60 2 -6456 -3386
1405 60 2 -6408 -3340
1423 60 2 -6288 -3258
1442 60 2 -6084 -3212
1460 60 2 -6176 -3240
1479 60 2 -6372 -3318
1498 60 2 -6316 -3296
1517 60 2 -6152 -3222
1537 60 2 -6292 -3266
1557 60 2 -6208 -3256
1577 60 2 -6188 -3244
1597 60 2 -6120 -3236
1618 60 2 -6360 -3328
1639 60 2 -6376 -3326
1660 60 2 -6420 -3342
1681 60 2 -6196 -3270
1703 60 2 -6200 -3272
1725 60 2 -6324 -3316
1747 60 2 -6184 -3230
1770 60 2 -6436 -3348
1792 60 2 -6256 -3272
1816 60 2 -6508 -3352
1839 60 2 -6248 -3294
1863 60 2 -6264 -3256
1887 60 2 -6276 -3296
1911 60 2 -6412 -3336
1936 60 2 -6140 -3248
1961 60 2 -6380 -3284
1986 60 2 -6144 -3216
2012 60 2 -6188 -3240
2037 60 2 -6120 -3202
2064 60 2 -6212 -3226
2090 60 2 -6348 -3290
2117 60 2 -6492 -3364
2145 60 2 -6360 -3310
2172 60 2 -6380 -3334
2200 60 2 -6432 -3320
2229 60 2 -6384 -3348
2257 60 2 -6144 -3234
2286 60 2 -6348 -3322
2316 60 2 -6104 -3222
2346 60 2 -6212 -3170
2376 60 2 -6024 -3144
2407 60 2 -6224 -3240
2438 60 2 -6400 -3314
2469 60 2 -6260 -3286
2501 60 2 -6148 -3222
2533 60 2 -6456 -3348
2566 60 2 -6272 -3310
2599 60 2 -6404 -3336
2633 60 2 -6164 -3256
2667 60 2 -6344 -3342
2701 60 2 -6284 -3280
2736 60 2 -6412 -3348
2771 60 2 -6388 -3308
2807 60 2 -6228 -3288
2843 60 2 -6428 -3344
2880 60 2 -6288 -3302
2917 60 2 -6268 -3292
2954 60 2 -6388 -3344
2992 60 2 -6308 -3288
3031 60 2 -6416 -3344
3070 60 2 -6360 -3316
3110 60 2 -6364 -3278
3150 60 2 -6336 -3330
3190 60 2 -6304 -3250
3232 60 2 -6280 -3270
3273 60 2 -6256 -3264
3315 60 2 -6324 -3310
3358 60 2 -6196 -3240
3402 60 2 -6240 -3234
3445 60 2 -6364 -3284
3490 60 2 -6196 -3224
3535 60 2 -6236 -3250
3580 60 2 -6316 -3290
3627 60 2 -6264 -3288
3673 60 2 -6508 -3356
3721 60 2 -6300 -3304
3769 60 2 -6424 -3346
3817 60 2 -6340 -3284
3867 60 2 -6364 -3284
3916 60 2 -6268 -3284
3967 60 2 -6284 -3270
4018 60 2 -6168 -3184
4070 60 2 -6228 -3248
4122 60 2 -6284 -3290
4176 60 2 -6220 -3258
4229 60 2 -6200 -3224
4284 60 2 -6176 -3260
4339 60 2 -6036 -3134
4395 60 2 -6404 -3314
4452 60 2 -6172 -3188
4509 60 2 -6232 -3270
4567 60 2 -6412 -3334
4626 60 2 -6336 -3262
4686 60 2 -6280 -3224
4746 60 2 -6380 -3308
4808 60 2 -6156 -3152
4870 60 2 -6252 -3262
4932 60 2 -6284 -3296
4996 60 2 -6520 -3384
5060 60 2 -6260 -3242
5126 60 2 -6244 -3296
5192 60 2 -6488 -3368
5259 60 2 -6284 -3310
5327 60 2 -6220 -3186
5395 60 2 -6420 -3342
5465 60 2 -6332 -3326
5535 60 2 -6220 -3282
5607 60 2 -6436 -3352
5679 60 2 -6244 -3274
5752 60 2 -6252 -3260
5826 60 2 -6192 -3246
5902 60 2 -6216 -3296
5978 60 2 -6312 -3300
6055 60 2 -6204 -3242
6133 60 2 -6188 -3260
6212 60 2 -6272 -3298
6292 60 2 -6324 -3322
6373 60 2 -6384 -3324
6455 60 2 -6172 -3238
6539 60 2 -6268 -3272
6623 60 2 -6392 -3324
6708 60 2 -6140 -3254
6795 60 2 -6112 -3212
6883 60 2 -6212 -3266
6971 60 2 -6188 -3240
7061 60 2 -6124 -3158
7152 60 2 -6400 -3340
7245 60 2 -6204 -3208
7338 60 2 -6348 -3298
7433 60 2 -6180 -3264
7529 60 2 -6204 -3242
7626 60 2 -6404 -3364
7724 60 2 -6184 -3226
7824 60 2 -6356 -3334
7925 60 2 -6420 -3340
8027 60 2 -6284 -3272
8130 60 2 -6408 -3330
8235 60 2 -6400 -3340
8341 60 2 -6036 -3100
8449 60 2 -6176 -3160
8558 60 2 -6380 -3338
8668 60 2 -6204 -3276
8780 60 2 -6160 -3218
8893 60 2 -6480 -3378
9008 60 2 -6324 -3304
9124 60 2 -6388 -3302
9242 60 2 -6192 -3236
9361 60 2 -6220 -3254
9482 60 2 -6496 -3390
9604 60 2 -6332 -3280
9728 60 2 -6220 -3224
9853 60 2 -6368 -3316
9980 60 2 -6372 -3336
10109 60 2 -6028 -3138
10240 60 2 -6156 -3194
10372 60 2 -6164 -3262
10505 60 2 -6164 -3250
10641 60 2 -6368 -3334
10778 60 2 -6228 -3260
10917 60 2 -6424 -3368
11058 60 2 -6152 -3180
11201 60 2 -6296 -3304
11345 60 2 -6440 -3360
11491 60 2 -6360 -3340
11640 60 2 -6416 -3330
11790 60 2 -6344 -3320
11942 60 2 -6320 -3326
12096 60 2 -6356 -3308
12252 60 2 -6200 -3258
12410 60 2 -6388 -3314
12570 60 2 -6284 -3250
12732 60 2 -6252 -3256
12896 60 2 -6548 -3396
13062 60 2 -6452 -3366
13231 60 2 -6360 -3342
13402 60 2 -6224 -3276
13574 60 2 -6252 -3298
13750 60 2 -6360 -3330
13927 60 2 -6268 -3282
14106 60 2 -6392 -3326
14288 60 2 -6188 -3238
14473 60 2 -6076 -3166
14659 60 2 -6208 -3242
14848 60 2 -6224 -3244
15040 60 2 -6348 -3298
15234 60 2 -6416 -3360
15430 60 2 -6152 -3204
15629 60 2 -6164 -3246
15831 60 2 -6272 -3264
16035 60 2 -6372 -3344
16242 60 2 -6160 -3228
16451 60 2 -6300 -3310
16664 60 2 -6316 -3268
16879 60 2 -6248 -3254
17096 60 2 -6316 -3270
17317 60 2 -6332 -3300
17540 60 2 -6260 -3268
17766 60 2 -6284 -3268
17995 60 2 -6364 -3306
18228 60 2 -6264 -3276
18463 60 2 -6276 -3270
18701 60 2 -6280 -3264
18942 60 2 -6252 -3262
19186 60 2 -6316 -3272
19434 60 2 -6304 -3324
19684 60 2 -6320 -3316
19938 60 2 -6192 -3268
20195 60 2 -6244 -3240
20456 60 2 -6440 -3370
20720 60 2 -6320 -3328
20987 60 2 -6324 -3304
21258 60 2 -6260 -3280
21532 60 2 -6304 -3278
21810 60 2 -5996 -3132
22091 60 2 -6068 -3138
22376 60 2 -6412 -3354
22664 60 2 -6392 -3316
22957 60 2 -6332 -3298
23253 60 2 -6312 -3312
23553 60 2 -6220 -3288
23856 60 2 -6236 -3276
24164 60 2 -6360 -3312
24476 60 2 -6124 -3196
24791 60 2 -6332 -3334
25111 60 2 -6216 -3240
25435 60 2 -6124 -3186
25763 60 2 -6348 -3320
26095 60 2 -6404 -3332
26432 60 2 -6264 -3234
26773 60 2 -6220 -3238
27118 60 2 -6272 -3252
27468 60 2 -6336 -3274
27822 60 2 -6240 -3250
28181 60 2 -6192 -3236
28545 60 2 -6312 -3292
28913 60 2 -6160 -3236
29286 60 2 -6232 -3274
29663 60 2 -6240 -3272
30046 60 2 -6220 -3262
30434 60 2 -6308 -3288
30826 60 2 -6268 -3294
31224 60 2 -6248 -3244
31626 60 2 -6224 -3268
32034 60 2 -6356 -3320
32447 60 2 -6248 -3192
32866 60 2 -6272 -3284
33290 60 2 -6424 -3342
33719 60 2 -6392 -3328
34154 60 2 -6292 -3262
34595 60 2 -6372 -3288
35041 60 2 -6304 -3248
35493 60 2 -6332 -3310
35951 60 2 -6380 -3346
36414 60 2 -6192 -3264
36884 60 2 -6448 -3366
37360 60 2 -6244 -3296
37841 60 2 -6228 -3262
38330 60 2 -6140 -3170
38824 60 2 -6388 -3316
39325 60 2 -6464 -3370
39832 60 2 -6240 -3292
40346 60 2 -6276 -3262
40866 60 2 -6272 -3280
41393 60 2 -6092 -3220
41927 60 2 -6368 -3336
42468 60 2 -6376 -3344
43015 60 2 -6312 -3314
43570 60 2 -6408 -3320
44132 60 2 -6200 -3244
44701 60 2 -6532 -3392
45278 60 2 -6188 -3234
45862 60 2 -6240 -3188
46453 60 2 -6224 -3274
47053 60 2 -6364 -3324
47660 60 2 -6276 -3302
48274 60 2 -6220 -3278
48897 60 2 -6156 -3206
49528 60 2 -6340 -3304
50166 60 2 -6356 -3302
50813 60 2 -6492 -3384
51469 60 2 -6412 -3344
52133 60 2 -6480 -3362
52805 60 2 -6124 -3230
53486 60 2 -6332 -3310
54176 60 2 -6324 -3280
54875 60 2 -6312 -3330
55582 60 2 -6504 -3380
56299 60 2 -6348 -3312
57025 60 2 -6172 -3240
57761 60 2 -6228 -3260
58506 60 2 -6248 -3238
59261 60 2 -6268 -3288
60025 60 2 -6144 -3248
60799 60 2 -6280 -3236
61583 60 2 -6232 -3274
62378 60 2 -6384 -3356
63182 60 2 -6344 -3310
63997 60 2 -6348 -3300
64822 60 2 -6276 -3288
65658 60 2 -6168 -3168
66505 60 2 -6220 -3192
67363 60 2 -6196 -3240
68232 60 2 -6508 -3388
69112 60 2 -6264 -3302
70003 60 2 -6156 -3240
70906 60 2 -6060 -3214
71821 60 2 -6224 -3264
72747 60 2 -6296 -3320
73685 60 2 -6244 -3238
74636 60 2 -6164 -3260
75599 60 2 -6460 -3378
76574 60 2 -6364 -3336
77561 60 2 -6272 -3298
78562 60 2 -6280 -3260
79575 60 2 -6412 -3352
80601 60 2 -6288 -3310
81641 60 2 -6176 -3256
82694 60 2 -6236 -3266
83760 60 2 -6336 -3324
84841 60 2 -6408 -3370
85935 60 2 -6300 -3308
87043 60 2 -6236 -3248
88166 60 2 -6140 -3216
89303 60 2 -6296 -3282
90455 60 2 -6080 -3184
91622 60 2 -6276 -3264
92803 60 2 -6356 -3308
94000 60 2 -6176 -3266
95213 60 2 -6436 -3366
96441 60 2 -6116 -3218
97685 60 2 -6228 -3188
98945 60 2 -6224 -3264
100221 60 2 -6472 -3362
101513 60 2 -6524 -3392
102823 60 2 -6248 -3234
104149 60 2 -6268 -3288
105492 60 2 -6336 -3306
106853 60 2 -6460 -3362
108231 60 2 -6224 -3218
109627 60 2 -6264 -3276
111041 60 2 -6244 -3264
112473 60 2 -6208 -3270
113924 60 2 -6260 -3274
115393 60 2 -6324 -3314
116882 60 2 -6200 -3280
118389 60 2 -6176 -3266
119916 60 2 -6072 -3206
121463 60 2 -6372 -3280
123029 60 2 -6248 -3274
124616 60 2 -6372 -3316
126224 60 2 -6136 -3234
127852 60 2 -6356 -3322
129501 60 2 -6236 -3230
131171 60 2 -6212 -3234
132863 60 2 -6152 -3242
134576 60 2 -6384 -3328
136312 60 2 -6400 -3352
138070 60 2 -6228 -3252
139851 60 2 -6156 -3188
141655 60 2 -6284 -3256
143482 60 2 -6324 -3290
145333 60 2 -6384 -3320
147207 60 2 -6360 -3312
149106 60 2 -6176 -3230
151029 60 2 -6352 -3336
152977 60 2 -6392 -3324
154950 60 2 -6016 -3146
156948 60 2 -6272 -3300
158973 60 2 -6384 -3288
161023 60 2 -6340 -3300
163100 60 2 -6200 -3272
165204 60 2 -6408 -3354
167334 60 2 -6536 -3398
169493 60 2 -6276 -3282
171679 60 2 -6220 -3278
173893 60 2 -6332 -3298
176136 60 2 -6276 -3274
178408 60 2 -6536 -3382
180709 60 2 -6268 -3244
183040 60 2 -6272 -3302
185400 60 2 -6368 -3352
187792 60 2 -6280 -3290
190214 60 2 -6412 -3344
192667 60 2 -6236 -3262
195152 60 2 -6292 -3270
197669 60 2 -6192 -3210
200219 60 2 -6356 -3330
202801 60 2 -6212 -3262
205417 60 2 -6280 -3298
208066 60 2 -6332 -3326
210750 60 2 -6232 -3220
213468 60 2 -6380 -3330
216222 60 2 -6168 -3262
219010 60 2 -6268 -3304
221835 60 2 -6248 -3210
224696 60 2 -6132 -3228
227595 60 2 -6272 -3280
230530 60 2 -6380 -3322
233503 60 2 -6092 -3210
236515 60 2 -6328 -3308
239566 60 2 -6144 -3248
242656 60 2 -6240 -3278
245785 60 2 -6312 -3270
248956 60 2 -6368 -3328
252167 60 2 -6304 -3336
255419 60 2 -6220 -3276
258713 60 2 -6324 -3316
262050 60 2 -6104 -3114
265430 60 2 -6304 -3264
268854 60 2 -6264 -3258
272321 60 2 -6088 -3208
275834 60 2 -6364 -3332
279391 60 2 -6440 -3354
282995 60 2 -6148 -3252
286645 60 2 -6288 -3280
290342 60 2 -6472 -3366
294087 60 2 -6228 -3274
297880 60 2 -6328 -3320
301722 60 2 -6356 -3344
305614 60 2 -6264 -3296
309556 60 2 -6316 -3270
313548 60 2 -6148 -3226
317592 60 2 -6412 -3332
321689 60 2 -6264 -3294
325838 60 2 -6324 -3312
330040 60 2 -6260 -3308
334297 60 2 -6196 -3284
338609 60 2 -6496 -3354
342976 60 2 -6188 -3268
347400 60 2 -6304 -3306
351881 60 2 -6272 -3266
356419 60 2 -6236 -3266
361016 60 2 -6128 -3218
365673 60 2 -6252 -3246
370389 60 2 -6416 -3348
375167 60 2 -6144 -3236
380005 60 2 -6236 -3266
384907 60 2 -6284 -3262
389871 60 2 -6160 -3234
394900 60 2 -6168 -3228
399993 60 2 -6464 -3360
405152 60 2 -6112 -3174
410378 60 2 -6260 -3228
415671 60 2 -6296 -3242
421032 60 2 -6528 -3394
426463 60 2 -6228 -3272
431963 60 2 -6240 -3206
437535 60 2 -6452 -3346
443178 60 2 -6468 -3370
448894 60 2 -6244 -3264
454684 60 2 -6480 -3350
460548 60 2 -6188 -3220
466489 60 2 -6356 -3342
472505 60 2 -6368 -3300
478600 60 2 -6300 -3326
484773 60 2 -6624 -3432
491025 60 2 -6192 -3240
497358 60 2 -6236 -3258
503773 60 2 -6492 -3376
510271 60 2 -6288 -3278
516852 60 2 -6176 -3220
523519 60 2 -6184 -3190
530271 60 2 -6268 -3296
537111 60 2 -6108 -3174
544038 60 2 -6192 -3262
551055 60 2 -6392 -3340
558163 60 2 -6284 -3296
565362 60 2 -6064 -3194
572654 60 2 -6340 -3334
580040 60 2 -6404 -3322
587521 60 2 -6040 -3142
595099 60 2 -6304 -3274
602775 60 2 -6160 -3256
610549 60 2 -6376 -3346
618424 60 2 -6360 -3330
626400 60 2 -6148 -3238
634480 60 2 -6200 -3260
642663 60 2 -6232 -3266
650952 60 2 -6376 -3342
659348 60 2 -6368 -3342
667853 60 2 -6328 -3314
676467 60 2 -6236 -3254
685192 60 2 -6260 -3314
694029 60 2 -6188 -3276
702981 60 2 -6280 -3324
712048 60 2 -6312 -3302
721232 60 2 -6220 -3288
730534 60 2 -6248 -3264
739957 60 2 -6200 -3222
749500 60 2 -6284 -3272
759168 60 2 -6228 -3250
768959 60 2 -6412 -3348
778877 60 2 -6232 -3276
788923 60 2 -6328 -3316
799099 60 2 -6260 -3236
809405 60 2 -6312 -3268
819845 60 2 -6304 -3296
830419 60 2 -6192 -3186
841130 60 2 -6388 -3318
851979 60 2 -6352 -3328
862968 60 2 -6320 -3306
874098 60 2 -6348 -3310
885373 60 2 -6316 -3316
896792 60 2 -6344 -3304
908359 60 2 -6408 -3330
920075 60 2 -6304 -3282
931942 60 2 -6208 -3258
943962 60 2 -6276 -3306
956137 60 2 -6316 -3310
968470 60 2 -6172 -3174
980961 60 2 -6224 -3256
993613 60 2 -6232 -3256
999999 60 2 -6332 -3306
