3 100 2 -10380 294
4 100 2 -10900 326
5 100 2 -11316 418
6 100 2 -11564 442
7 100 2 -11996 426
8 100 2 -12316 372
9 100 2 -12336 318
10 100 2 -12544 510
11 100 2 -12856 652
12 100 2 -12956 704
13 100 2 -13072 624
14 100 2 -13348 660
15 100 2 -13440 704
16 100 2 -13636 672
17 100 2 -13764 902
18 100 2 -13992 894
19 100 2 -14196 990
20 100 2 -14308 1094
21 100 2 -14484 1160
22 100 2 -14608 1206
23 100 2 -14600 1186
24 100 2 -14424 1208
25 100 2 -14336 1318
26 100 2 -14332 1266
27 100 2 -14516 1198
28 100 2 -14744 1184
29 100 2 -14788 1236
30 100 2 -14900 1220
31 100 2 -15008 1172
32 100 2 -14864 1128
33 100 2 -14860 1092
34 100 2 -14820 1164
35 100 2 -14932 980
36 100 2 -14780 1020
37 100 2 -14840 1100
38 100 2 -15052 1192
39 100 2 -15040 1294
40 100 2 -14800 1308
41 100 2 -14848 1216
42 100 2 -14892 1112
43 100 2 -14880 1008
44 100 2 -14720 914
45 100 2 -14924 914
46 100 2 -14812 864
47 100 2 -14980 870
48 100 2 -14968 924
49 100 2 -14792 904
50 100 2 -14884 964
51 100 2 -15020 954
52 100 2 -15452 832
53 100 2 -15548 724
54 100 2 -15344 796
55 100 2 -15364 830
56 100 2 -15324 748
57 100 2 -15236 706
58 100 2 -15304 632
59 100 2 -15092 702
60 100 2 -15364 606
61 100 2 -15572 590
62 100 2 -15684 690
63 100 2 -15472 574
64 100 2 -15428 548
65 100 2 -15748 594
66 100 2 -15548 686
67 100 2 -15592 644
68 100 2 -15780 750
69 100 2 -16048 778
70 100 2 -15980 686
71 100 2 -15840 638
72 100 2 -15364 592
73 100 2 -15596 574
74 100 2 -15764 552
75 100 2 -15680 520
76 100 2 -15596 426
77 100 2 -15364 346
78 100 2 -15568 404
79 100 2 -15788 452
80 100 2 -15788 532
81 100 2 -15808 520
82 100 2 -15772 572
83 100 2 -15540 504
84 100 2 -15604 598
85 100 2 -15632 564
86 100 2 -15740 408
88 100 2 -15960 408
89 100 2 -15888 482
90 100 2 -15788 644
91 100 2 -15720 596
92 100 2 -15904 576
93 100 2 -15876 784
95 100 2 -15856 688
96 100 2 -15764 750
97 100 2 -15788 708
98 100 2 -15852 782
99 100 2 -15696 804
101 100 2 -15812 720
102 100 2 -15648 798
103 100 2 -15860 786
105 100 2 -16060 860
106 100 2 -15912 888
107 100 2 -16148 878
109 100 2 -16072 878
110 100 2 -15900 924
112 100 2 -16028 972
113 100 2 -15972 894
114 100 2 -16056 990
116 100 2 -16020 832
117 100 2 -15980 812
119 100 2 -16116 758
120 100 2 -16160 880
122 100 2 -16080 868
124 100 2 -16048 880
125 100 2 -16168 824
127 100 2 -16192 810
128 100 2 -16144 832
130 100 2 -16032 844
132 100 2 -15956 844
133 100 2 -15916 918
135 100 2 -16236 1032
137 100 2 -16240 1100
139 100 2 -16488 1114
140 100 2 -16400 1084
142 100 2 -16240 1254
144 100 2 -16212 1228
146 100 2 -16416 1208
148 100 2 -16344 1198
150 100 2 -16408 1002
152 100 2 -16268 948
154 100 2 -16360 962
155 100 2 -16356 1030
157 100 2 -16144 992
160 100 2 -15936 944
162 100 2 -16004 922
164 100 2 -16148 778
166 100 2 -16356 772
168 100 2 -16244 746
170 100 2 -16212 842
172 100 2 -16192 964
174 100 2 -16044 918
177 100 2 -15972 816
179 100 2 -16036 642
181 100 2 -16016 800
184 100 2 -16164 876
186 100 2 -16268 818
188 100 2 -16472 790
191 100 2 -16344 838
193 100 2 -16320 786
196 100 2 -16204 838
198 100 2 -16100 866
201 100 2 -16188 834
203 100 2 -16396 1060
206 100 2 -16488 1244
209 100 2 -16584 1288
211 100 2 -16404 1344
214 100 2 -16272 1388
217 100 2 -16320 1414
220 100 2 -16660 1554
222 100 2 -16368 1488
225 100 2 -16140 1362
228 100 2 -16308 1508
231 100 2 -16248 1610
234 100 2 -16512 1540
237 100 2 -16336 1450
240 100 2 -16348 1550
243 100 2 -16312 1600
246 100 2 -16320 1564
250 100 2 -16400 1694
253 100 2 -16604 1606
256 100 2 -16668 1698
259 100 2 -16628 1726
263 100 2 -16640 1576
266 100 2 -16644 1454
269 100 2 -16684 1444
273 100 2 -16296 1462
276 100 2 -16348 1412
280 100 2 -16536 1550
284 100 2 -16752 1658
287 100 2 -16400 1512
291 100 2 -16552 1522
295 100 2 -16388 1600
298 100 2 -16204 1604
302 100 2 -16340 1558
306 100 2 -16316 1694
310 100 2 -16360 1878
314 100 2 -16632 1812
318 100 2 -16616 1738
322 100 2 -16504 1902
326 100 2 -16360 2104
331 100 2 -16532 2130
335 100 2 -16608 2250
339 100 2 -16428 2260
344 100 2 -16400 2258
348 100 2 -16736 2296
352 100 2 -16352 2320
357 100 2 -16328 2248
362 100 2 -16552 2272
366 100 2 -16500 2196
371 100 2 -16552 1942
376 100 2 -16584 1764
381 100 2 -16708 1756
385 100 2 -16532 1732
390 100 2 -16720 1606
395 100 2 -16680 1524
401 100 2 -16628 1676
406 100 2 -16784 1678
411 100 2 -16300 1544
416 100 2 -16408 1610
422 100 2 -16144 1442
427 100 2 -16292 1538
433 100 2 -16564 1666
438 100 2 -16196 1572
444 100 2 -16636 1616
449 100 2 -16408 1674
455 100 2 -16612 1694
461 100 2 -16324 1728
467 100 2 -16652 1692
473 100 2 -16580 1734
479 100 2 -16644 1632
485 100 2 -15904 1880
492 100 2 -16844 2042
498 100 2 -16188 2096
504 100 2 -16672 2374
511 100 2 -17044 2356
517 100 2 -16644 2186
524 100 2 -16564 2246
531 100 2 -16460 2260
538 100 2 -16764 2426
545 100 2 -16680 2564
552 100 2 -16508 2760
559 100 2 -16832 2808
566 100 2 -16996 2834
573 100 2 -16676 2738
581 100 2 -16916 2934
588 100 2 -16484 2990
596 100 2 -16560 2844
603 100 2 -16704 3132
611 100 2 -16984 2994
619 100 2 -16724 3016
627 100 2 -16652 3232
635 100 2 -16752 3318
643 100 2 -16740 3162
652 100 2 -16396 3242
660 100 2 -16604 3196
668 100 2 -16396 2930
677 100 2 -16584 2990
686 100 2 -16644 2966
695 100 2 -16724 2574
704 100 2 -16532 2566
713 100 2 -16668 2576
722 100 2 -16512 2634
731 100 2 -16500 2464
741 100 2 -16584 2632
750 100 2 -16636 2670
760 100 2 -16448 2556
770 100 2 -16808 2354
780 100 2 -16496 2580
790 100 2 -16744 2486
800 100 2 -16340 2386
810 100 2 -16596 2308
821 100 2 -16692 2414
831 100 2 -16888 2392
842 100 2 -16740 2024
853 100 2 -16704 2232
864 100 2 -16732 2210
875 100 2 -17112 2228
886 100 2 -16776 2216
897 100 2 -16668 2374
909 100 2 -16596 2220
921 100 2 -16544 2140
933 100 2 -16596 2130
945 100 2 -16744 2116
957 100 2 -16820 2308
969 100 2 -16600 2082
982 100 2 -16700 2156
994 100 2 -16624 2260
1007 100 2 -16724 2554
1020 100 2 -16984 2766
1033 100 2 -17040 2474
1047 100 2 -16924 2724
1060 100 2 -16844 2622
1074 100 2 -17112 2962
1088 100 2 -16604 3132
1102 100 2 -16764 3336
1116 100 2 -16576 2960
1130 100 2 -16560 3184
1145 100 2 -16716 3492
1160 100 2 -16580 3282
1174 100 2 -16836 3030
1190 100 2 -16776 3266
1205 100 2 -16956 3106
1220 100 2 -16524 3028
1236 100 2 -16768 3128
1252 100 2 -16688 3148
1268 100 2 -16616 3036
1285 100 2 -17136 2862
1301 100 2 -16824 2968
1318 100 2 -16432 2964
1335 100 2 -16612 3006
1352 100 2 -16772 2744
1370 100 2 -17004 2684
1387 100 2 -16860 2662
1405 100 2 -16648 2616
1423 100 2 -16772 2654
1442 100 2 -16580 2756
1460 100 2 -16912 2868
1479 100 2 -16884 2642
1498 100 2 -16948 2880
1517 100 2 -16736 3012
1537 100 2 -16712 3030
1557 100 2 -16652 3476
1577 100 2 -16784 3364
1597 100 2 -17016 3632
1618 100 2 -16572 3304
1639 100 2 -16824 3142
1660 100 2 -16832 2962
1681 100 2 -16980 3022
1703 100 2 -16736 2818
1725 100 2 -16324 3112
1747 100 2 -16760 3260
1770 100 2 -16720 3156
1792 100 2 -16740 3034
1816 100 2 -16924 3146
1839 100 2 -16668 2964
1863 100 2 -17020 3144
1887 100 2 -16956 3212
1911 100 2 -16904 3026
1936 100 2 -16676 2984
1961 100 2 -16680 2778
1986 100 2 -16824 2800
2012 100 2 -16940 3270
2037 100 2 -16468 2946
2064 100 2 -16676 3160
2090 100 2 -16752 3428
2117 100 2 -16860 3484
2145 100 2 -16664 3558
2172 100 2 -16544 3648
2200 100 2 -16688 3602
2229 100 2 -16468 3782
2257 100 2 -16588 3696
2286 100 2 -16672 3870
2316 100 2 -16764 3946
2346 100 2 -16728 3868
2376 100 2 -16704 3346
2407 100 2 -16756 3382
2438 100 2 -16800 3488
2469 100 2 -16388 3118
2501 100 2 -16540 3002
2533 100 2 -16844 3560
2566 100 2 -16920 3544
2599 100 2 -16616 3788
2633 100 2 -16968 3960
2667 100 2 -16672 3928
2701 100 2 -16632 4330
2736 100 2 -16772 3972
2771 100 2 -17204 4058
2807 100 2 -16824 3800
2843 100 2 -17000 3944
2880 100 2 -16584 3888
2917 100 2 -16856 4200
2954 100 2 -16948 4276
2992 100 2 -16668 4510
3031 100 2 -16912 4578
3070 100 2 -16792 4606
3110 100 2 -16860 5318
3150 100 2 -17052 5536
3190 100 2 -17176 5740
3232 100 2 -16792 5732
3273 100 2 -16952 5848
3315 100 2 -17020 6332
3358 100 2 -16784 6012
3402 100 2 -16708 6088
3445 100 2 -16772 6006
3490 100 2 -16736 5992
3535 100 2 -17272 6272
3580 100 2 -16856 6186
3627 100 2 -16892 6442
3673 100 2 -17140 6718
3721 100 2 -17044 6718
3769 100 2 -17136 7044
3817 100 2 -17188 7348
3867 100 2 -16916 7662
3916 100 2 -17228 7452
3967 100 2 -17076 7522
4018 100 2 -17216 7548
4070 100 2 -17156 8092
4122 100 2 -17180 8558
4176 100 2 -17372 8938
4229 100 2 -17088 8894
4284 100 2 -17548 9174
4339 100 2 -17596 9184
4395 100 2 -17416 9132
4452 100 2 -17636 9182
4509 100 2 -17572 9186
4567 100 2 -17560 9200
4626 100 2 -17552 9186
4686 100 2 -17184 9038
4746 100 2 -17512 9162
4808 100 2 -17268 9068
4870 100 2 -17540 9144
4932 100 2 -17252 9042
4996 100 2 -17736 9260
5060 100 2 -17428 9126
5126 100 2 -17772 9314
5192 100 2 -17300 8974
5259 100 2 -17644 9254
5327 100 2 -17500 9094
5395 100 2 -17444 9188
5465 100 2 -17456 9106
5535 100 2 -17512 9168
5607 100 2 -17548 9140
5679 100 2 -17568 9160
5752 100 2 -17152 9008
5826 100 2 -17360 9106
5902 100 2 -17336 9058
5978 100 2 -17748 9258
6055 100 2 -17588 9166
6133 100 2 -17464 9136
6212 100 2 -17440 9068
6292 100 2 -17388 9120
6373 100 2 -17632 9154
6455 100 2 -17244 9046
6539 100 2 -17640 9208
6623 100 2 -17656 9224
6708 100 2 -17520 9162
6795 100 2 -17644 9220
6883 100 2 -17204 8926
6971 100 2 -17256 8822
7061 100 2 -17456 9062
7152 100 2 -17640 9232
7245 100 2 -17364 9024
7338 100 2 -17616 9186
7433 100 2 -17040 9010
7529 100 2 -17360 9110
7626 100 2 -17456 9136
7724 100 2 -17392 9108
7824 100 2 -17668 9266
7925 100 2 -17380 9124
8027 100 2 -17340 8972
8130 100 2 -17540 9198
8235 100 2 -17192 8920
8341 100 2 -17580 9114
8449 100 2 -17360 9154
8558 100 2 -17424 9112
8668 100 2 -17596 9224
8780 100 2 -17480 9130
8893 100 2 -17440 9090
9008 100 2 -17548 9152
9124 100 2 -17432 9146
9242 100 2 -17620 9170
9361 100 2 -17464 9078
9482 100 2 -17256 9088
9604 100 2 -17388 9112
9728 100 2 -17236 8958
9853 100 2 -17312 9002
9980 100 2 -17752 9256
10109 100 2 -17496 9156
10240 100 2 -17176 8974
10372 100 2 -17368 9074
10505 100 2 -17364 9112
10641 100 2 -17436 9076
10778 100 2 -17712 9290
10917 100 2 -17308 9070
11058 100 2 -17344 9102
11201 100 2 -17116 8930
11345 100 2 -17400 9094
11491 100 2 -17752 9218
11640 100 2 -17688 9104
11790 100 2 -17252 8984
11942 100 2 -17748 9196
12096 100 2 -17396 9116
12252 100 2 -17448 9154
12410 100 2 -17512 9142
12570 100 2 -17600 9194
12732 100 2 -17248 9078
12896 100 2 -17348 9062
13062 100 2 -17436 9192
13231 100 2 -17372 9062
13402 100 2 -17536 9198
13574 100 2 -17640 9228
13750 100 2 -17416 9010
13927 100 2 -17600 9182
14106 100 2 -17388 9098
14288 100 2 -17656 9132
14473 100 2 -17264 9014
14659 100 2 -17428 9128
14848 100 2 -17344 9044
15040 100 2 -17784 9204
15234 100 2 -17516 9154
15430 100 2 -17300 9050
15629 100 2 -17472 9156
15831 100 2 -17372 9120
16035 100 2 -17432 9174
16242 100 2 -17512 9086
16451 100 2 -17364 9116
16664 100 2 -17420 9114
16879 100 2 -17476 9054
17096 100 2 -17356 9086
17317 100 2 -17524 9198
17540 100 2 -17304 9074
17766 100 2 -17336 8998
17995 100 2 -17628 9156
18228 100 2 -17568 9162
18463 100 2 -17456 9074
18701 100 2 -17720 9206
18942 100 2 -17612 9218
19186 100 2 -17260 9056
19434 100 2 -17700 9202
19684 100 2 -17440 9132
19938 100 2 -17236 8952
20195 100 2 -17616 9214
20456 100 2 -17520 9134
20720 100 2 -17692 9236
20987 100 2 -17572 9180
21258 100 2 -17356 9118
21532 100 2 -17576 9174
21810 100 2 -17396 9106
22091 100 2 -17580 9140
22376 100 2 -17636 9192
22664 100 2 -17660 9198
22957 100 2 -17384 9040
23253 100 2 -17488 9148
23553 100 2 -17460 9120
23856 100 2 -17812 9254
24164 100 2 -17192 9006
24476 100 2 -17228 9038
24791 100 2 -17588 9202
25111 100 2 -17456 9112
25435 100 2 -17532 9156
25763 100 2 -17500 9124
26095 100 2 -17480 9050
26432 100 2 -17420 9126
26773 100 2 -17308 9032
27118 100 2 -17500 9100
27468 100 2 -17380 8998
27822 100 2 -17536 9182
28181 100 2 -17568 9182
28545 100 2 -17312 9056
28913 100 2 -17276 9032
29286 100 2 -17316 9048
29663 100 2 -17460 9056
30046 100 2 -17580 9202
30434 100 2 -17588 9196
30826 100 2 -17620 9214
31224 100 2 -17548 9152
31626 100 2 -17348 9064
32034 100 2 -17200 8978
32447 100 2 -17396 9050
32866 100 2 -17636 9198
33290 100 2 -17468 9094
33719 100 2 -17412 9112
34154 100 2 -17528 9094
34595 100 2 -17212 9068
35041 100 2 -17428 9102
35493 100 2 -17416 9114
35951 100 2 -17536 9150
36414 100 2 -17772 9248
36884 100 2 -17276 9096
37360 100 2 -17360 9094
37841 100 2 -17352 9046
38330 100 2 -17456 9170
38824 100 2 -17560 9092
39325 100 2 -17228 8968
39832 100 2 -16976 8904
40346 100 2 -17624 9212
40866 100 2 -17296 9034
41393 100 2 -17300 9006
41927 100 2 -17404 9090
42468 100 2 -17448 9028
43015 100 2 -17540 9206
43570 100 2 -17308 8990
44132 100 2 -17180 8968
44701 100 2 -17432 8988
45278 100 2 -17564 9154
45862 100 2 -17168 8988
46453 100 2 -17472 9148
47053 100 2 -17644 9204
47660 100 2 -17596 9190
48274 100 2 -17448 9154
48897 100 2 -17032 8914
49528 100 2 -17188 9000
50166 100 2 -17388 9128
50813 100 2 -17424 9144
51469 100 2 -17424 9100
52133 100 2 -17200 8988
52805 100 2 -17760 9228
53486 100 2 -17276 8980
54176 100 2 -17476 9126
54875 100 2 -17428 9084
55582 100 2 -17288 9078
56299 100 2 -17180 8990
57025 100 2 -17160 9020
57761 100 2 -17180 8912
58506 100 2 -17460 9076
59261 100 2 -17440 9058
60025 100 2 -17460 9106
60799 100 2 -17292 9094
61583 100 2 -17692 9242
62378 100 2 -16976 8808
63182 100 2 -17564 9150
63997 100 2 -17424 9156
64822 100 2 -17520 9114
65658 100 2 -17332 9026
66505 100 2 -17264 9094
67363 100 2 -17348 9064
68232 100 2 -17760 9242
69112 100 2 -17248 9020
70003 100 2 -17584 9110
70906 100 2 -17256 9022
71821 100 2 -17672 9272
72747 100 2 -17348 9110
73685 100 2 -17564 9148
74636 100 2 -17424 9096
75599 100 2 -17644 9218
76574 100 2 -17492 9120
77561 100 2 -17472 9134
78562 100 2 -17484 9146
79575 100 2 -17340 9094
80601 100 2 -17608 9200
81641 100 2 -17728 9270
82694 100 2 -17296 9052
83760 100 2 -17400 9104
84841 100 2 -17396 9144
85935 100 2 -17416 9156
87043 100 2 -17564 9184
88166 100 2 -17200 8946
89303 100 2 -17352 9076
90455 100 2 -17492 9194
91622 100 2 -17200 9032
92803 100 2 -17540 9160
94000 100 2 -17708 9190
95213 100 2 -17536 9190
96441 100 2 -17404 9068
97685 100 2 -17396 9098
98945 100 2 -17416 9132
100221 100 2 -17292 9082
101513 100 2 -17420 9120
102823 100 2 -17456 9108
104149 100 2 -17396 9024
105492 100 2 -17348 9040
106853 100 2 -17612 9234
108231 100 2 -17216 9004
109627 100 2 -17636 9236
111041 100 2 -17320 9058
112473 100 2 -17748 9254
113924 100 2 -17552 9116
115393 100 2 -17280 9054
116882 100 2 -17428 9066
118389 100 2 -17240 9032
119916 100 2 -17512 9116
121463 100 2 -17516 9198
123029 100 2 -17144 9002
124616 100 2 -17456 9152
126224 100 2 -17608 9222
127852 100 2 -17604 9186
129501 100 2 -17464 9168
131171 100 2 -17416 9144
132863 100 2 -17744 9214
134576 100 2 -17328 9100
136312 100 2 -16932 8836
138070 100 2 -17592 9168
139851 100 2 -17596 9246
141655 100 2 -17452 9080
143482 100 2 -17340 9082
145333 100 2 -17528 9146
147207 100 2 -17240 9010
149106 100 2 -17644 9202
151029 100 2 -17480 9124
152977 100 2 -17500 9154
154950 100 2 -17376 9108
156948 100 2 -17608 9200
158973 100 2 -17300 9050
161023 100 2 -17356 9098
163100 100 2 -17172 8956
165204 100 2 -17160 8982
167334 100 2 -17548 9162
169493 100 2 -17660 9158
171679 100 2 -17724 9206
173893 100 2 -17060 8948
176136 100 2 -17416 9038
178408 100 2 -17572 9200
180709 100 2 -17748 9238
183040 100 2 -17640 9220
185400 100 2 -17500 9152
187792 100 2 -17576 9166
190214 100 2 -17504 9188
192667 100 2 -17764 9270
195152 100 2 -17544 9150
197669 100 2 -17648 9144
200219 100 2 -17372 9032
202801 100 2 -17344 9114
205417 100 2 -17240 8986
208066 100 2 -17524 9192
210750 100 2 -17184 9044
213468 100 2 -17380 9026
216222 100 2 -17456 9112
219010 100 2 -17224 8964
221835 100 2 -17476 9146
224696 100 2 -17144 8920
227595 100 2 -17364 9064
230530 100 2 -17588 9202
233503 100 2 -17636 9190
236515 100 2 -17116 8948
239566 100 2 -17444 9126
242656 100 2 -17876 9316
245785 100 2 -17348 9002
248956 100 2 -17668 9210
252167 100 2 -17468 9168
255419 100 2 -17612 9208
258713 100 2 -17524 9156
262050 100 2 -17620 9182
265430 100 2 -17284 9018
268854 100 2 -17492 9166
272321 100 2 -17300 9088
275834 100 2 -17440 9064
279391 100 2 -17336 9074
282995 100 2 -17620 9260
286645 100 2 -17396 9084
290342 100 2 -17336 9054
294087 100 2 -17148 8904
297880 100 2 -17280 9050
301722 100 2 -17548 9220
305614 100 2 -17368 9116
309556 100 2 -17504 9148
313548 100 2 -17440 9156
317592 100 2 -17392 9112
321689 100 2 -17324 9096
325838 100 2 -17368 9130
330040 100 2 -17480 9106
334297 100 2 -17632 9210
338609 100 2 -17328 9092
342976 100 2 -17604 9220
347400 100 2 -17492 9058
351881 100 2 -17340 9048
356419 100 2 -17320 9088
361016 100 2 -17568 9212
365673 100 2 -17464 9158
370389 100 2 -17324 9042
375167 100 2 -17356 9092
380005 100 2 -17392 9160
384907 100 2 -17156 8974
389871 100 2 -17672 9198
394900 100 2 -17448 8902
399993 100 2 -17104 9028
405152 100 2 -17348 9114
410378 100 2 -17648 9214
415671 100 2 -17408 9094
421032 100 2 -17356 9090
426463 100 2 -17256 9078
431963 100 2 -17516 9200
437535 100 2 -17596 9248
443178 100 2 -17128 8974
448894 100 2 -17292 9020
454684 100 2 -17592 9190
460548 100 2 -17540 9172
466489 100 2 -17408 9182
472505 100 2 -17384 9088
478600 100 2 -17704 9254
484773 100 2 -17248 9030
491025 100 2 -17484 9166
497358 100 2 -17684 9096
503773 100 2 -17536 9148
510271 100 2 -17412 9094
516852 100 2 -17376 9066
523519 100 2 -17352 9070
530271 100 2 -17336 9108
537111 100 2 -17524 9136
544038 100 2 -17652 9246
551055 100 2 -17508 9174
558163 100 2 -17336 8996
565362 100 2 -17928 9304
572654 100 2 -17208 9046
580040 100 2 -17336 8992
587521 100 2 -17340 9062
595099 100 2 -17452 9128
602775 100 2 -17632 9202
610549 100 2 -17276 9044
618424 100 2 -17500 9106
626400 100 2 -17524 9060
634480 100 2 -17404 9180
642663 100 2 -17584 9210
650952 100 2 -17568 9206
659348 100 2 -17332 9032
667853 100 2 -17364 9126
676467 100 2 -17676 9200
685192 100 2 -17484 9156
694029 100 2 -17436 9134
702981 100 2 -17020 8882
712048 100 2 -17476 9144
721232 100 2 -17432 9094
730534 100 2 -17332 9124
739957 100 2 -17640 9134
749500 100 2 -17436 9078
759168 100 2 -17632 9176
768959 100 2 -17356 9040
778877 100 2 -17384 9072
788923 100 2 -17368 9020
799099 100 2 -17392 8972
809405 100 2 -17304 9018
819845 100 2 -17492 9108
830419 100 2 -17576 9196
841130 100 2 -17276 9036
851979 100 2 -17164 9062
862968 100 2 -17504 9128
874098 100 2 -17656 9220
885373 100 2 -17460 9122
896792 100 2 -17228 8998
908359 100 2 -17616 9204
920075 100 2 -17356 8976
931942 100 2 -17496 9168
943962 100 2 -17068 8926
956137 100 2 -17356 9078
968470 100 2 -17624 9196
980961 100 2 -17504 9126
993613 100 2 -17488 9104
999999 100 2 -17352 9114
