3 20 2 -340 34
4 20 2 -424 66
5 20 2 -400 52
6 20 2 -440 26
7 20 2 -464 16
8 20 2 -452 38
9 20 2 -488 56
10 20 2 -528 42
11 20 2 -560 46
12 20 2 -504 48
13 20 2 -540 30
14 20 2 -548 48
15 20 2 -560 74
16 20 2 -548 62
17 20 2 -516 36
18 20 2 -512 34
19 20 2 -500 26
20 20 2 -516 70
21 20 2 -540 88
22 20 2 -548 114
23 20 2 -564 76
24 20 2 -588 84
25 20 2 -588 78
26 20 2 -544 80
27 20 2 -552 84
28 20 2 -564 126
29 20 2 -576 126
30 20 2 -572 108
31 20 2 -576 116
32 20 2 -536 136
33 20 2 -520 114
34 20 2 -528 102
35 20 2 -540 84
36 20 2 -556 104
37 20 2 -576 128
38 20 2 -544 128
39 20 2 -584 148
40 20 2 -628 164
41 20 2 -656 158
42 20 2 -632 146
43 20 2 -592 166
44 20 2 -576 156
45 20 2 -616 180
46 20 2 -616 176
47 20 2 -580 170
48 20 2 -584 178
49 20 2 -588 194
50 20 2 -580 184
51 20 2 -580 164
52 20 2 -576 190
53 20 2 -572 184
54 20 2 -604 198
55 20 2 -600 214
56 20 2 -600 220
57 20 2 -604 244
58 20 2 -588 240
59 20 2 -540 220
60 20 2 -568 226
61 20 2 -548 194
62 20 2 -604 198
63 20 2 -612 214
64 20 2 -608 208
65 20 2 -600 192
66 20 2 -588 194
67 20 2 -612 184
68 20 2 -620 180
69 20 2 -620 176
70 20 2 -576 196
71 20 2 -584 188
72 20 2 -592 168
73 20 2 -604 184
74 20 2 -588 200
75 20 2 -556 188
76 20 2 -636 206
77 20 2 -616 202
78 20 2 -600 196
79 20 2 -620 194
80 20 2 -608 216
81 20 2 -632 228
82 20 2 -608 224
83 20 2 -580 212
84 20 2 -580 204
85 20 2 -576 208
86 20 2 -584 190
88 20 2 -652 208
89 20 2 -632 226
90 20 2 -644 222
91 20 2 -628 240
92 20 2 -656 266
93 20 2 -616 264
95 20 2 -680 288
96 20 2 -636 278
97 20 2 -620 268
98 20 2 -640 288
99 20 2 -644 290
101 20 2 -616 284
102 20 2 -620 308
103 20 2 -636 306
105 20 2 -600 298
106 20 2 -644 314
107 20 2 -620 298
109 20 2 -664 338
110 20 2 -628 334
112 20 2 -716 364
113 20 2 -744 372
114 20 2 -684 368
116 20 2 -704 370
117 20 2 -728 380
119 20 2 -700 370
120 20 2 -704 366
122 20 2 -672 358
124 20 2 -652 352
125 20 2 -684 358
127 20 2 -676 350
128 20 2 -692 356
130 20 2 -652 352
132 20 2 -704 366
133 20 2 -728 380
135 20 2 -748 384
137 20 2 -768 388
139 20 2 -728 372
140 20 2 -720 372
142 20 2 -692 368
144 20 2 -768 392
146 20 2 -732 380
148 20 2 -656 354
150 20 2 -728 378
152 20 2 -736 380
154 20 2 -736 382
155 20 2 -732 378
157 20 2 -744 382
160 20 2 -740 384
162 20 2 -736 384
164 20 2 -724 376
166 20 2 -724 380
168 20 2 -716 376
170 20 2 -680 368
172 20 2 -716 376
174 20 2 -752 388
177 20 2 -720 376
179 20 2 -700 370
181 20 2 -744 386
184 20 2 -700 364
186 20 2 -760 390
188 20 2 -660 350
191 20 2 -708 356
193 20 2 -676 360
196 20 2 -712 366
198 20 2 -660 354
201 20 2 -660 334
203 20 2 -648 346
206 20 2 -700 370
209 20 2 -704 372
211 20 2 -664 358
214 20 2 -668 362
217 20 2 -684 362
220 20 2 -740 382
222 20 2 -700 366
225 20 2 -628 346
228 20 2 -672 362
231 20 2 -696 368
234 20 2 -720 366
237 20 2 -628 348
240 20 2 -700 370
243 20 2 -696 362
246 20 2 -704 372
250 20 2 -696 364
253 20 2 -696 364
256 20 2 -716 372
259 20 2 -708 374
263 20 2 -728 376
266 20 2 -716 374
269 20 2 -716 374
273 20 2 -672 362
276 20 2 -736 380
280 20 2 -660 346
284 20 2 -708 372
287 20 2 -760 388
291 20 2 -736 382
295 20 2 -696 370
298 20 2 -680 364
302 20 2 -720 378
306 20 2 -688 368
310 20 2 -728 382
314 20 2 -736 384
318 20 2 -732 378
322 20 2 -696 358
326 20 2 -744 384
331 20 2 -716 378
335 20 2 -708 374
339 20 2 -724 372
344 20 2 -752 386
348 20 2 -732 380
352 20 2 -700 370
357 20 2 -744 376
362 20 2 -720 380
366 20 2 -724 380
371 20 2 -652 354
376 20 2 -648 336
381 20 2 -636 340
385 20 2 -728 378
390 20 2 -676 364
395 20 2 -720 376
401 20 2 -688 360
406 20 2 -712 374
411 20 2 -740 380
416 20 2 -720 376
422 20 2 -700 368
427 20 2 -724 378
433 20 2 -696 362
438 20 2 -692 366
444 20 2 -668 350
449 20 2 -716 372
455 20 2 -676 354
461 20 2 -732 374
467 20 2 -708 370
473 20 2 -696 370
479 20 2 -660 346
485 20 2 -736 380
492 20 2 -716 376
498 20 2 -664 352
504 20 2 -752 388
511 20 2 -672 360
517 20 2 -684 358
524 20 2 -736 380
531 20 2 -664 346
538 20 2 -692 370
545 20 2 -656 348
552 20 2 -652 352
559 20 2 -716 376
566 20 2 -692 372
573 20 2 -672 356
581 20 2 -672 344
588 20 2 -676 360
596 20 2 -716 378
603 20 2 -732 378
611 20 2 -728 380
619 20 2 -696 370
627 20 2 -752 388
635 20 2 -640 340
643 20 2 -716 374
652 20 2 -744 384
660 20 2 -708 374
668 20 2 -648 342
677 20 2 -688 360
686 20 2 -700 364
695 20 2 -708 370
704 20 2 -688 360
713 20 2 -680 362
722 20 2 -688 366
731 20 2 -660 360
741 20 2 -696 370
750 20 2 -744 378
760 20 2 -700 366
770 20 2 -736 380
780 20 2 -680 364
790 20 2 -728 380
800 20 2 -728 380
810 20 2 -780 394
821 20 2 -676 356
831 20 2 -744 382
842 20 2 -712 378
853 20 2 -708 374
864 20 2 -656 348
875 20 2 -672 364
886 20 2 -736 380
897 20 2 -728 380
909 20 2 -700 366
921 20 2 -660 344
933 20 2 -720 380
945 20 2 -696 368
957 20 2 -720 368
969 20 2 -648 348
982 20 2 -728 376
994 20 2 -680 360
1007 20 2 -712 376
1020 20 2 -672 338
1033 20 2 -652 328
1047 20 2 -656 354
1060 20 2 -692 368
1074 20 2 -732 380
1088 20 2 -740 382
1102 20 2 -700 368
1116 20 2 -744 384
1130 20 2 -684 366
1145 20 2 -720 372
1160 20 2 -752 386
1174 20 2 -652 350
1190 20 2 -696 350
1205 20 2 -736 382
1220 20 2 -748 384
1236 20 2 -704 372
1252 20 2 -700 366
1268 20 2 -652 354
1285 20 2 -700 368
1301 20 2 -680 360
1318 20 2 -684 360
1335 20 2 -680 348
1352 20 2 -700 362
1370 20 2 -688 364
1387 20 2 -696 368
1405 20 2 -700 358
1423 20 2 -720 376
1442 20 2 -712 372
1460 20 2 -704 368
1479 20 2 -636 334
1498 20 2 -612 336
1517 20 2 -632 292
1537 20 2 -732 364
1557 20 2 -708 376
1577 20 2 -684 358
1597 20 2 -728 368
1618 20 2 -724 378
1639 20 2 -688 362
1660 20 2 -744 384
1681 20 2 -684 358
1703 20 2 -728 364
1725 20 2 -716 376
1747 20 2 -720 372
1770 20 2 -732 380
1792 20 2 -684 364
1816 20 2 -692 350
1839 20 2 -708 374
1863 20 2 -696 354
1887 20 2 -700 370
1911 20 2 -716 370
1936 20 2 -692 370
1961 20 2 -740 382
1986 20 2 -728 376
2012 20 2 -708 376
2037 20 2 -680 360
2064 20 2 -688 368
2090 20 2 -652 324
2117 20 2 -712 364
2145 20 2 -604 324
2172 20 2 -720 374
2200 20 2 -692 366
2229 20 2 -692 352
2257 20 2 -660 360
2286 20 2 -704 374
2316 20 2 -744 384
2346 20 2 -700 368
2376 20 2 -700 370
2407 20 2 -652 344
2438 20 2 -736 382
2469 20 2 -724 376
2501 20 2 -688 362
2533 20 2 -724 378
2566 20 2 -688 362
2599 20 2 -648 340
2633 20 2 -608 326
2667 20 2 -696 364
2701 20 2 -728 374
2736 20 2 -692 364
2771 20 2 -696 370
2807 20 2 -688 362
2843 20 2 -752 386
2880 20 2 -692 366
2917 20 2 -716 374
2954 20 2 -696 370
2992 20 2 -700 370
3031 20 2 -732 376
3070 20 2 -656 354
3110 20 2 -660 358
3150 20 2 -636 344
3190 20 2 -632 336
3232 20 2 -728 378
3273 20 2 -692 352
3315 20 2 -668 358
3358 20 2 -724 380
3402 20 2 -684 358
3445 20 2 -648 342
3490 20 2 -632 334
3535 20 2 -748 382
3580 20 2 -604 322
3627 20 2 -724 376
3673 20 2 -660 312
3721 20 2 -672 354
3769 20 2 -732 380
3817 20 2 -696 362
3867 20 2 -660 356
3916 20 2 -760 390
3967 20 2 -756 388
4018 20 2 -680 358
4070 20 2 -656 352
4122 20 2 -728 378
4176 20 2 -760 388
4229 20 2 -700 354
4284 20 2 -696 364
4339 20 2 -700 364
4395 20 2 -684 360
4452 20 2 -752 384
4509 20 2 -676 358
4567 20 2 -724 376
4626 20 2 -720 374
4686 20 2 -676 360
4746 20 2 -608 302
4808 20 2 -688 360
4870 20 2 -712 376
4932 20 2 -696 364
4996 20 2 -736 384
5060 20 2 -712 368
5126 20 2 -656 356
5192 20 2 -696 370
5259 20 2 -656 350
5327 20 2 -692 368
5395 20 2 -740 384
5465 20 2 -716 378
5535 20 2 -760 388
5607 20 2 -760 390
5679 20 2 -740 384
5752 20 2 -668 354
5826 20 2 -696 362
5902 20 2 -716 372
5978 20 2 -708 372
6055 20 2 -720 378
6133 20 2 -680 362
6212 20 2 -692 358
6292 20 2 -700 370
6373 20 2 -684 366
6455 20 2 -724 360
6539 20 2 -748 386
6623 20 2 -624 334
6708 20 2 -712 376
6795 20 2 -700 368
6883 20 2 -700 366
6971 20 2 -728 378
7061 20 2 -724 376
7152 20 2 -728 380
7245 20 2 -720 378
7338 20 2 -760 388
7433 20 2 -740 382
7529 20 2 -676 356
7626 20 2 -692 362
7724 20 2 -664 358
7824 20 2 -712 366
7925 20 2 -652 344
8027 20 2 -712 378
8130 20 2 -712 372
8235 20 2 -728 382
8341 20 2 -716 376
8449 20 2 -672 360
8558 20 2 -688 368
8668 20 2 -684 364
8780 20 2 -720 370
8893 20 2 -712 374
9008 20 2 -672 352
9124 20 2 -704 366
9242 20 2 -696 360
9361 20 2 -628 346
9482 20 2 -664 334
9604 20 2 -712 376
9728 20 2 -728 380
9853 20 2 -708 352
9980 20 2 -732 376
10109 20 2 -716 372
10240 20 2 -728 382
10372 20 2 -708 368
10505 20 2 -720 374
10641 20 2 -736 374
10778 20 2 -680 360
10917 20 2 -660 356
11058 20 2 -720 364
11201 20 2 -712 372
11345 20 2 -684 360
11491 20 2 -720 372
11640 20 2 -656 336
11790 20 2 -704 372
11942 20 2 -688 362
12096 20 2 -704 364
12252 20 2 -732 382
12410 20 2 -656 350
12570 20 2 -616 320
12732 20 2 -712 368
12896 20 2 -712 374
13062 20 2 -680 362
13231 20 2 -692 364
13402 20 2 -736 376
13574 20 2 -708 372
13750 20 2 -664 354
13927 20 2 -660 346
14106 20 2 -692 370
14288 20 2 -708 372
14473 20 2 -760 388
14659 20 2 -720 378
14848 20 2 -736 384
15040 20 2 -700 374
15234 20 2 -736 382
15430 20 2 -724 380
15629 20 2 -676 356
15831 20 2 -692 354
16035 20 2 -732 382
16242 20 2 -704 366
16451 20 2 -684 358
16664 20 2 -692 366
16879 20 2 -700 364
17096 20 2 -696 364
17317 20 2 -724 376
17540 20 2 -708 372
17766 20 2 -692 352
17995 20 2 -740 378
18228 20 2 -704 370
18463 20 2 -684 360
18701 20 2 -700 370
18942 20 2 -720 378
19186 20 2 -688 366
19434 20 2 -740 384
19684 20 2 -644 352
19938 20 2 -700 362
20195 20 2 -704 366
20456 20 2 -708 376
20720 20 2 -620 328
20987 20 2 -692 336
21258 20 2 -628 326
21532 20 2 -664 338
21810 20 2 -696 362
22091 20 2 -720 374
22376 20 2 -656 354
22664 20 2 -704 362
22957 20 2 -736 380
23253 20 2 -756 388
23553 20 2 -644 348
23856 20 2 -748 380
24164 20 2 -672 344
24476 20 2 -700 352
24791 20 2 -760 390
25111 20 2 -704 368
25435 20 2 -680 358
25763 20 2 -700 350
26095 20 2 -708 374
26432 20 2 -732 382
26773 20 2 -684 366
27118 20 2 -748 386
27468 20 2 -704 350
27822 20 2 -728 374
28181 20 2 -720 378
28545 20 2 -652 350
28913 20 2 -688 364
29286 20 2 -708 374
29663 20 2 -748 386
30046 20 2 -688 362
30434 20 2 -676 362
30826 20 2 -732 378
31224 20 2 -760 390
31626 20 2 -668 354
32034 20 2 -676 348
32447 20 2 -656 332
32866 20 2 -632 338
33290 20 2 -672 346
33719 20 2 -676 360
34154 20 2 -728 380
34595 20 2 -704 368
35041 20 2 -700 360
35493 20 2 -744 386
35951 20 2 -672 358
36414 20 2 -740 384
36884 20 2 -676 356
37360 20 2 -688 366
37841 20 2 -764 386
38330 20 2 -724 366
38824 20 2 -672 358
39325 20 2 -708 372
39832 20 2 -716 376
40346 20 2 -676 360
40866 20 2 -664 362
41393 20 2 -712 368
41927 20 2 -740 384
42468 20 2 -704 368
43015 20 2 -672 360
43570 20 2 -680 366
44132 20 2 -680 346
44701 20 2 -716 376
45278 20 2 -652 352
45862 20 2 -708 374
46453 20 2 -620 322
47053 20 2 -680 364
47660 20 2 -688 362
48274 20 2 -720 376
48897 20 2 -712 362
49528 20 2 -760 390
50166 20 2 -592 290
50813 20 2 -680 360
51469 20 2 -756 388
52133 20 2 -680 350
52805 20 2 -732 380
53486 20 2 -680 364
54176 20 2 -680 364
54875 20 2 -664 350
55582 20 2 -656 342
56299 20 2 -724 378
57025 20 2 -756 386
57761 20 2 -724 374
58506 20 2 -712 372
59261 20 2 -716 376
60025 20 2 -776 394
60799 20 2 -732 374
61583 20 2 -716 378
62378 20 2 -708 376
63182 20 2 -732 378
63997 20 2 -712 358
64822 20 2 -700 372
65658 20 2 -660 346
66505 20 2 -660 358
67363 20 2 -688 364
68232 20 2 -740 384
69112 20 2 -660 362
70003 20 2 -760 390
70906 20 2 -724 378
71821 20 2 -704 372
72747 20 2 -696 368
73685 20 2 -728 378
74636 20 2 -752 386
75599 20 2 -700 368
76574 20 2 -656 346
77561 20 2 -640 326
78562 20 2 -692 358
79575 20 2 -684 354
80601 20 2 -700 370
81641 20 2 -700 372
82694 20 2 -688 366
83760 20 2 -668 360
84841 20 2 -716 364
85935 20 2 -692 356
87043 20 2 -696 370
88166 20 2 -704 368
89303 20 2 -696 372
90455 20 2 -716 372
91622 20 2 -680 360
92803 20 2 -740 384
94000 20 2 -696 370
95213 20 2 -624 332
96441 20 2 -712 360
97685 20 2 -748 382
98945 20 2 -668 360
100221 20 2 -704 374
101513 20 2 -624 320
102823 20 2 -696 364
104149 20 2 -688 370
105492 20 2 -720 376
106853 20 2 -740 384
108231 20 2 -704 360
109627 20 2 -724 374
111041 20 2 -712 374
112473 20 2 -708 368
113924 20 2 -668 360
115393 20 2 -712 368
116882 20 2 -704 370
118389 20 2 -620 336
119916 20 2 -728 380
121463 20 2 -728 376
123029 20 2 -664 348
124616 20 2 -768 392
126224 20 2 -696 368
127852 20 2 -696 372
129501 20 2 -696 366
131171 20 2 -724 372
132863 20 2 -720 376
134576 20 2 -680 360
136312 20 2 -688 350
138070 20 2 -700 366
139851 20 2 -748 382
141655 20 2 -692 364
143482 20 2 -636 336
145333 20 2 -716 374
147207 20 2 -736 384
149106 20 2 -664 320
151029 20 2 -692 364
152977 20 2 -708 370
154950 20 2 -712 372
156948 20 2 -668 358
158973 20 2 -704 372
161023 20 2 -696 370
163100 20 2 -716 372
165204 20 2 -692 368
167334 20 2 -756 388
169493 20 2 -724 374
171679 20 2 -696 370
173893 20 2 -700 368
176136 20 2 -736 378
178408 20 2 -696 366
180709 20 2 -656 348
183040 20 2 -744 384
185400 20 2 -664 324
187792 20 2 -692 366
190214 20 2 -760 386
192667 20 2 -684 366
195152 20 2 -696 366
197669 20 2 -668 354
200219 20 2 -652 330
202801 20 2 -708 372
205417 20 2 -636 280
208066 20 2 -760 390
210750 20 2 -712 376
213468 20 2 -700 370
216222 20 2 -736 382
219010 20 2 -724 374
221835 20 2 -728 382
224696 20 2 -728 380
227595 20 2 -704 370
230530 20 2 -728 378
233503 20 2 -668 354
236515 20 2 -700 374
239566 20 2 -720 374
242656 20 2 -684 360
245785 20 2 -676 360
248956 20 2 -676 352
252167 20 2 -708 364
255419 20 2 -660 356
258713 20 2 -740 380
262050 20 2 -680 362
265430 20 2 -656 352
268854 20 2 -692 366
272321 20 2 -688 354
275834 20 2 -688 362
279391 20 2 -684 360
282995 20 2 -744 386
286645 20 2 -740 384
290342 20 2 -680 356
294087 20 2 -696 372
297880 20 2 -744 382
301722 20 2 -724 380
305614 20 2 -624 318
309556 20 2 -732 378
313548 20 2 -752 388
317592 20 2 -676 354
321689 20 2 -676 352
325838 20 2 -696 364
330040 20 2 -696 368
334297 20 2 -660 352
338609 20 2 -708 364
342976 20 2 -728 376
347400 20 2 -704 370
351881 20 2 -728 376
356419 20 2 -732 378
361016 20 2 -692 368
365673 20 2 -672 350
370389 20 2 -708 370
375167 20 2 -644 340
380005 20 2 -708 364
384907 20 2 -712 370
389871 20 2 -708 366
394900 20 2 -672 358
399993 20 2 -640 340
405152 20 2 -744 382
410378 20 2 -712 376
415671 20 2 -700 372
421032 20 2 -632 346
426463 20 2 -656 356
431963 20 2 -700 368
437535 20 2 -672 338
443178 20 2 -668 342
448894 20 2 -736 374
454684 20 2 -732 378
460548 20 2 -700 368
466489 20 2 -692 364
472505 20 2 -732 382
478600 20 2 -716 376
484773 20 2 -700 370
491025 20 2 -748 386
497358 20 2 -688 362
503773 20 2 -712 376
510271 20 2 -748 380
516852 20 2 -660 358
523519 20 2 -684 362
530271 20 2 -716 374
537111 20 2 -664 352
544038 20 2 -716 374
551055 20 2 -704 372
558163 20 2 -628 336
565362 20 2 -716 374
572654 20 2 -668 314
580040 20 2 -740 384
587521 20 2 -660 350
595099 20 2 -716 374
602775 20 2 -672 344
610549 20 2 -740 378
618424 20 2 -724 380
626400 20 2 -672 352
634480 20 2 -676 362
642663 20 2 -676 362
650952 20 2 -728 382
659348 20 2 -708 358
667853 20 2 -696 364
676467 20 2 -668 358
685192 20 2 -688 360
694029 20 2 -692 362
702981 20 2 -692 366
712048 20 2 -548 232
721232 20 2 -656 352
730534 20 2 -708 372
739957 20 2 -612 324
749500 20 2 -660 352
759168 20 2 -728 378
768959 20 2 -668 352
778877 20 2 -732 380
788923 20 2 -704 368
799099 20 2 -716 372
809405 20 2 -732 382
819845 20 2 -756 388
830419 20 2 -688 358
841130 20 2 -736 382
851979 20 2 -728 382
862968 20 2 -688 362
874098 20 2 -688 364
885373 20 2 -692 358
896792 20 2 -628 328
908359 20 2 -672 328
920075 20 2 -636 350
931942 20 2 -704 374
943962 20 2 -644 324
956137 20 2 -724 380
968470 20 2 -668 354
980961 20 2 -652 352
993613 20 2 -732 380
999999 20 2 -680 364
