3 60 2.3 -3476 -214
4 60 2.3 -3688 -102
5 60 2.3 -3748 -118
6 60 2.3 -3876 -118
7 60 2.3 -4008 -146
8 60 2.3 -4040 -128
9 60 2.3 -4100 -130
10 60 2.3 -4072 -80
11 60 2.3 -4076 -26
12 60 2.3 -4008 48
13 60 2.3 -4120 166
14 60 2.3 -4084 236
15 60 2.3 -4112 126
16 60 2.3 -4136 48
17 60 2.3 -4176 -12
18 60 2.3 -4244 12
19 60 2.3 -4116 -64
20 60 2.3 -4320 -80
21 60 2.3 -4324 -82
22 60 2.3 -4232 -40
23 60 2.3 -4272 26
24 60 2.3 -4408 100
25 60 2.3 -4336 124
26 60 2.3 -4252 -6
27 60 2.3 -4308 -18
28 60 2.3 -4384 -40
29 60 2.3 -4452 6
30 60 2.3 -4448 -22
31 60 2.3 -4524 50
32 60 2.3 -4680 88
33 60 2.3 -4760 80
34 60 2.3 -4416 134
35 60 2.3 -4608 144
36 60 2.3 -4404 156
37 60 2.3 -4492 90
38 60 2.3 -4492 6
39 60 2.3 -4568 -72
40 60 2.3 -4592 -122
41 60 2.3 -4576 -104
42 60 2.3 -4596 -62
43 60 2.3 -4664 -56
44 60 2.3 -4708 60
45 60 2.3 -4612 40
46 60 2.3 -4560 112
47 60 2.3 -4576 128
48 60 2.3 -4568 120
49 60 2.3 -4404 150
50 60 2.3 -4388 72
51 60 2.3 -4384 122
52 60 2.3 -4292 84
53 60 2.3 -4364 68
54 60 2.3 -4332 184
55 60 2.3 -4456 148
56 60 2.3 -4492 166
57 60 2.3 -4484 128
58 60 2.3 -4532 150
59 60 2.3 -4512 52
60 60 2.3 -4400 44
61 60 2.3 -4480 14
62 60 2.3 -4676 54
63 60 2.3 -4460 74
64 60 2.3 -4716 128
65 60 2.3 -4568 18
66 60 2.3 -4544 40
67 60 2.3 -4480 -2
68 60 2.3 -4560 -18
69 60 2.3 -4472 46
70 60 2.3 -4460 62
71 60 2.3 -4344 68
72 60 2.3 -4616 104
73 60 2.3 -4440 144
74 60 2.3 -4536 148
75 60 2.3 -4540 34
76 60 2.3 -4568 14
77 60 2.3 -4688 -10
78 60 2.3 -4668 60
79 60 2.3 -4540 42
80 60 2.3 -4404 90
81 60 2.3 -4500 58
82 60 2.3 -4508 8
83 60 2.3 -4380 -104
84 60 2.3 -4380 -84
85 60 2.3 -4480 -50
86 60 2.3 -4552 -92
88 60 2.3 -4592 -198
89 60 2.3 -4608 -338
90 60 2.3 -4468 -370
91 60 2.3 -4472 -370
92 60 2.3 -4364 -366
93 60 2.3 -4408 -426
95 60 2.3 -4484 -474
96 60 2.3 -4508 -522
97 60 2.3 -4460 -572
98 60 2.3 -4584 -552
99 60 2.3 -4596 -664
101 60 2.3 -4496 -480
102 60 2.3 -4464 -420
103 60 2.3 -4500 -420
105 60 2.3 -4320 -404
106 60 2.3 -4460 -386
107 60 2.3 -4488 -378
109 60 2.3 -4464 -482
110 60 2.3 -4520 -484
112 60 2.3 -4532 -456
113 60 2.3 -4648 -490
114 60 2.3 -4540 -644
116 60 2.3 -4416 -466
117 60 2.3 -4356 -480
119 60 2.3 -4340 -388
120 60 2.3 -4260 -256
122 60 2.3 -4180 -128
124 60 2.3 -4428 -198
125 60 2.3 -4496 -156
127 60 2.3 -4332 -198
128 60 2.3 -4432 -214
130 60 2.3 -4560 -246
132 60 2.3 -4396 -308
133 60 2.3 -4356 -228
135 60 2.3 -4336 -228
137 60 2.3 -4384 -182
139 60 2.3 -4356 -254
140 60 2.3 -4504 -240
142 60 2.3 -4380 -234
144 60 2.3 -4484 -150
146 60 2.3 -4716 -138
148 60 2.3 -4448 -188
150 60 2.3 -4492 -106
152 60 2.3 -4340 -194
154 60 2.3 -4436 -366
155 60 2.3 -4548 -412
157 60 2.3 -4260 -438
160 60 2.3 -4452 -248
162 60 2.3 -4664 -316
164 60 2.3 -4784 -426
166 60 2.3 -4864 -204
168 60 2.3 -4604 -172
170 60 2.3 -4604 -20
172 60 2.3 -4376 160
174 60 2.3 -4344 68
177 60 2.3 -4536 -146
179 60 2.3 -4556 -74
181 60 2.3 -4728 -140
184 60 2.3 -4364 112
186 60 2.3 -4468 104
188 60 2.3 -4500 96
191 60 2.3 -4516 64
193 60 2.3 -4600 142
196 60 2.3 -4428 190
198 60 2.3 -4460 116
201 60 2.3 -4524 118
203 60 2.3 -4532 58
206 60 2.3 -4436 90
209 60 2.3 -4324 158
211 60 2.3 -4560 74
214 60 2.3 -4528 70
217 60 2.3 -4252 172
220 60 2.3 -4520 200
222 60 2.3 -4532 38
225 60 2.3 -4524 76
228 60 2.3 -4776 30
231 60 2.3 -4860 -184
234 60 2.3 -4744 -246
237 60 2.3 -4916 -280
240 60 2.3 -4888 -296
243 60 2.3 -4820 -502
246 60 2.3 -4964 -504
250 60 2.3 -4976 -430
253 60 2.3 -4980 -434
256 60 2.3 -5008 -412
259 60 2.3 -4916 -446
263 60 2.3 -4832 -282
266 60 2.3 -5012 -190
269 60 2.3 -4832 -40
273 60 2.3 -4792 -130
276 60 2.3 -4624 -168
280 60 2.3 -4748 -184
284 60 2.3 -4676 -4
287 60 2.3 -4792 -98
291 60 2.3 -4720 -6
295 60 2.3 -4860 132
298 60 2.3 -4756 82
302 60 2.3 -4928 150
306 60 2.3 -4972 128
310 60 2.3 -4816 36
314 60 2.3 -4516 82
318 60 2.3 -4708 118
322 60 2.3 -4640 18
326 60 2.3 -4468 54
331 60 2.3 -4544 82
335 60 2.3 -4620 70
339 60 2.3 -4640 -100
344 60 2.3 -4556 -26
348 60 2.3 -4692 64
352 60 2.3 -4640 126
357 60 2.3 -4912 228
362 60 2.3 -4700 378
366 60 2.3 -4560 366
371 60 2.3 -4848 486
376 60 2.3 -4776 378
381 60 2.3 -4896 168
385 60 2.3 -4844 238
390 60 2.3 -4724 92
395 60 2.3 -4672 -98
401 60 2.3 -4560 -76
406 60 2.3 -4592 64
411 60 2.3 -4512 192
416 60 2.3 -4836 226
422 60 2.3 -4820 292
427 60 2.3 -4784 150
433 60 2.3 -4568 276
438 60 2.3 -4648 288
444 60 2.3 -4844 338
449 60 2.3 -4880 346
455 60 2.3 -4664 432
461 60 2.3 -4936 348
467 60 2.3 -4680 528
473 60 2.3 -4788 742
479 60 2.3 -4904 582
485 60 2.3 -4780 656
492 60 2.3 -4708 762
498 60 2.3 -4812 708
504 60 2.3 -4728 606
511 60 2.3 -4736 708
517 60 2.3 -4732 742
524 60 2.3 -4360 580
531 60 2.3 -4488 580
538 60 2.3 -4652 574
545 60 2.3 -4604 500
552 60 2.3 -4636 532
559 60 2.3 -4772 550
566 60 2.3 -4764 516
573 60 2.3 -4596 772
581 60 2.3 -4572 724
588 60 2.3 -4688 678
596 60 2.3 -4684 844
603 60 2.3 -4596 944
611 60 2.3 -4936 1042
619 60 2.3 -4596 1074
627 60 2.3 -4672 1356
635 60 2.3 -4796 1266
643 60 2.3 -4956 1318
652 60 2.3 -5064 1558
660 60 2.3 -4936 1642
668 60 2.3 -4956 1486
677 60 2.3 -4808 1412
686 60 2.3 -4748 1486
695 60 2.3 -4728 1638
704 60 2.3 -4680 1872
713 60 2.3 -4924 2116
722 60 2.3 -4992 2282
731 60 2.3 -4996 2338
741 60 2.3 -5224 2510
750 60 2.3 -4836 2218
760 60 2.3 -4916 2166
770 60 2.3 -4824 2094
780 60 2.3 -5028 2324
790 60 2.3 -5056 2410
800 60 2.3 -5028 2404
810 60 2.3 -5028 2418
821 60 2.3 -4932 2278
831 60 2.3 -4932 2162
842 60 2.3 -4776 2074
853 60 2.3 -5044 2306
864 60 2.3 -4940 2184
875 60 2.3 -5100 2304
886 60 2.3 -4992 2068
897 60 2.3 -5112 2266
909 60 2.3 -5224 2268
921 60 2.3 -5004 2120
933 60 2.3 -5220 2386
945 60 2.3 -4972 2164
957 60 2.3 -4884 2194
969 60 2.3 -4776 1940
982 60 2.3 -4876 1982
994 60 2.3 -5092 2144
1007 60 2.3 -4920 2076
1020 60 2.3 -5112 2210
1033 60 2.3 -5000 2238
1047 60 2.3 -5144 2426
1060 60 2.3 -5068 2288
1074 60 2.3 -4936 2060
1088 60 2.3 -4740 1762
1102 60 2.3 -4968 2086
1116 60 2.3 -5068 2362
1130 60 2.3 -5060 2136
1145 60 2.3 -4772 1800
1160 60 2.3 -4900 1768
1174 60 2.3 -4956 1956
1190 60 2.3 -5200 2354
1205 60 2.3 -5276 2280
1220 60 2.3 -5004 2358
1236 60 2.3 -4932 2348
1252 60 2.3 -5060 2326
1268 60 2.3 -5032 2170
1285 60 2.3 -5072 2100
1301 60 2.3 -5020 1874
1318 60 2.3 -4796 1672
1335 60 2.3 -4700 1652
1352 60 2.3 -4644 1600
1370 60 2.3 -4916 1984
1387 60 2.3 -4796 1760
1405 60 2.3 -4804 1722
1423 60 2.3 -5176 2190
1442 60 2.3 -4888 1744
1460 60 2.3 -4924 1724
1479 60 2.3 -4924 1710
1498 60 2.3 -4596 1372
1517 60 2.3 -4648 1152
1537 60 2.3 -4624 722
1557 60 2.3 -4716 918
1577 60 2.3 -4748 796
1597 60 2.3 -4688 704
1618 60 2.3 -4912 1094
1639 60 2.3 -4772 728
1660 60 2.3 -4688 858
1681 60 2.3 -4508 700
1703 60 2.3 -4656 666
1725 60 2.3 -4836 632
1747 60 2.3 -4476 384
1770 60 2.3 -4484 -140
1792 60 2.3 -4528 -2
1816 60 2.3 -4624 236
1839 60 2.3 -4496 250
1863 60 2.3 -4440 830
1887 60 2.3 -4808 662
1911 60 2.3 -4752 502
1936 60 2.3 -4816 1104
1961 60 2.3 -4588 1108
1986 60 2.3 -4792 1308
2012 60 2.3 -4952 1430
2037 60 2.3 -4832 1350
2064 60 2.3 -4980 1662
2090 60 2.3 -4608 1804
2117 60 2.3 -4880 1714
2145 60 2.3 -4692 1838
2172 60 2.3 -4940 2082
2200 60 2.3 -4640 1992
2229 60 2.3 -4792 2038
2257 60 2.3 -4996 2220
2286 60 2.3 -4996 2122
2316 60 2.3 -5008 2266
2346 60 2.3 -4860 2190
2376 60 2.3 -5176 2506
2407 60 2.3 -5192 2378
2438 60 2.3 -4932 2498
2469 60 2.3 -5304 2408
2501 60 2.3 -5088 2334
2533 60 2.3 -4704 1724
2566 60 2.3 -5108 2022
2599 60 2.3 -4844 1718
2633 60 2.3 -4868 1412
2667 60 2.3 -4876 1230
2701 60 2.3 -4792 1172
2736 60 2.3 -4660 948
2771 60 2.3 -4708 978
2807 60 2.3 -4732 946
2843 60 2.3 -4736 882
2880 60 2.3 -4556 342
2917 60 2.3 -4676 120
2954 60 2.3 -4588 -34
2992 60 2.3 -4624 136
3031 60 2.3 -4772 452
3070 60 2.3 -4592 394
3110 60 2.3 -4532 356
3150 60 2.3 -4772 370
3190 60 2.3 -4780 748
3232 60 2.3 -4856 1224
3273 60 2.3 -5004 1070
3315 60 2.3 -4908 1012
3358 60 2.3 -4720 1360
3402 60 2.3 -4804 1700
3445 60 2.3 -4672 1776
3490 60 2.3 -4792 1670
3535 60 2.3 -4904 2166
3580 60 2.3 -4960 1892
3627 60 2.3 -5056 1582
3673 60 2.3 -4940 1568
3721 60 2.3 -4908 1596
3769 60 2.3 -4944 1610
3817 60 2.3 -4580 1034
3867 60 2.3 -5108 1590
3916 60 2.3 -4956 1726
3967 60 2.3 -5000 1808
4018 60 2.3 -4680 1702
4070 60 2.3 -4932 1586
4122 60 2.3 -4672 1544
4176 60 2.3 -4940 1740
4229 60 2.3 -4952 2140
4284 60 2.3 -5276 2444
4339 60 2.3 -4948 1994
4395 60 2.3 -4792 1460
4452 60 2.3 -4776 1206
4509 60 2.3 -4856 1274
4567 60 2.3 -5012 1956
4626 60 2.3 -5080 1994
4686 60 2.3 -5044 1954
4746 60 2.3 -4932 1818
4808 60 2.3 -4952 1878
4870 60 2.3 -4880 1812
4932 60 2.3 -4792 1128
4996 60 2.3 -4864 938
5060 60 2.3 -4728 382
5126 60 2.3 -4764 52
5192 60 2.3 -4632 352
5259 60 2.3 -4872 320
5327 60 2.3 -4824 856
5395 60 2.3 -4676 790
5465 60 2.3 -4824 1304
5535 60 2.3 -4644 1444
5607 60 2.3 -4916 1692
5679 60 2.3 -4520 1308
5752 60 2.3 -4996 1624
5826 60 2.3 -4688 696
5902 60 2.3 -4844 1374
5978 60 2.3 -4904 2120
6055 60 2.3 -4660 1354
6133 60 2.3 -4892 1768
6212 60 2.3 -4972 2084
6292 60 2.3 -4940 2068
6373 60 2.3 -4896 1948
6455 60 2.3 -5120 2100
6539 60 2.3 -5176 2530
6623 60 2.3 -4608 1868
6708 60 2.3 -4916 2230
6795 60 2.3 -4952 1812
6883 60 2.3 -5152 1974
6971 60 2.3 -4556 1258
7061 60 2.3 -4976 2016
7152 60 2.3 -5296 2628
7245 60 2.3 -5240 2576
7338 60 2.3 -5100 2318
7433 60 2.3 -4964 1906
7529 60 2.3 -5228 2358
7626 60 2.3 -5212 2762
7724 60 2.3 -4812 2156
7824 60 2.3 -5200 2442
7925 60 2.3 -5364 2496
8027 60 2.3 -5240 2580
8130 60 2.3 -4964 2276
8235 60 2.3 -4564 1690
8341 60 2.3 -4964 2280
8449 60 2.3 -5212 2586
8558 60 2.3 -4940 2390
8668 60 2.3 -5052 2282
8780 60 2.3 -4704 1988
8893 60 2.3 -4956 2384
9008 60 2.3 -4716 2206
9124 60 2.3 -4796 2100
9242 60 2.3 -4968 2194
9361 60 2.3 -5092 2538
9482 60 2.3 -4888 2454
9604 60 2.3 -4956 1958
9728 60 2.3 -4936 2042
9853 60 2.3 -5104 2298
9980 60 2.3 -5116 2328
10109 60 2.3 -5180 2524
10240 60 2.3 -4808 2208
10372 60 2.3 -5108 2502
10505 60 2.3 -4884 1728
10641 60 2.3 -4748 1994
10778 60 2.3 -4816 2306
10917 60 2.3 -5100 2402
11058 60 2.3 -5008 2188
11201 60 2.3 -4824 2228
11345 60 2.3 -5320 2668
11491 60 2.3 -4584 1350
11640 60 2.3 -4800 2090
11790 60 2.3 -4776 1794
11942 60 2.3 -5296 2632
12096 60 2.3 -4868 2216
12252 60 2.3 -5000 2448
12410 60 2.3 -4892 2130
12570 60 2.3 -5168 2500
12732 60 2.3 -4768 2046
12896 60 2.3 -5036 2324
13062 60 2.3 -5152 2552
13231 60 2.3 -5312 2666
13402 60 2.3 -4836 2222
13574 60 2.3 -4636 1812
13750 60 2.3 -5252 1884
13927 60 2.3 -4900 1458
14106 60 2.3 -4716 1482
14288 60 2.3 -5064 2468
14473 60 2.3 -4884 1726
14659 60 2.3 -4512 1102
14848 60 2.3 -5076 1252
15040 60 2.3 -4800 654
15234 60 2.3 -4664 620
15430 60 2.3 -4536 50
15629 60 2.3 -4900 952
15831 60 2.3 -4628 594
16035 60 2.3 -4556 1276
16242 60 2.3 -4524 794
16451 60 2.3 -5148 1988
16664 60 2.3 -4828 1848
16879 60 2.3 -5096 2298
17096 60 2.3 -4740 1940
17317 60 2.3 -5116 2348
17540 60 2.3 -4844 1684
17766 60 2.3 -5260 2504
17995 60 2.3 -4844 2052
18228 60 2.3 -4820 2162
18463 60 2.3 -4836 1918
18701 60 2.3 -4764 1052
18942 60 2.3 -4952 2188
19186 60 2.3 -4916 2182
19434 60 2.3 -4892 2320
19684 60 2.3 -5020 2432
19938 60 2.3 -5016 2180
20195 60 2.3 -4900 1844
20456 60 2.3 -4856 1412
20720 60 2.3 -4796 1172
20987 60 2.3 -4772 1272
21258 60 2.3 -5064 2558
21532 60 2.3 -5076 2544
21810 60 2.3 -4512 900
22091 60 2.3 -4924 1198
22376 60 2.3 -5176 1902
22664 60 2.3 -5260 2734
22957 60 2.3 -4704 1924
23253 60 2.3 -4724 2094
23553 60 2.3 -4788 772
23856 60 2.3 -4820 1152
24164 60 2.3 -5020 714
24476 60 2.3 -4632 814
24791 60 2.3 -4552 1028
25111 60 2.3 -4952 1648
25435 60 2.3 -4880 1720
25763 60 2.3 -4620 486
26095 60 2.3 -4728 960
26432 60 2.3 -4580 -554
26773 60 2.3 -4800 -122
27118 60 2.3 -4872 1974
27468 60 2.3 -5016 2408
27822 60 2.3 -4788 1990
28181 60 2.3 -5168 2540
28545 60 2.3 -4956 2258
28913 60 2.3 -4916 1664
29286 60 2.3 -5208 2518
29663 60 2.3 -5012 1716
30046 60 2.3 -5084 2190
30434 60 2.3 -5092 2420
30826 60 2.3 -4876 1964
31224 60 2.3 -5056 2200
31626 60 2.3 -5060 2326
32034 60 2.3 -5336 2586
32447 60 2.3 -5112 1958
32866 60 2.3 -4404 370
33290 60 2.3 -4952 1658
33719 60 2.3 -5052 1550
34154 60 2.3 -4728 1646
34595 60 2.3 -4800 1468
35041 60 2.3 -5212 2486
35493 60 2.3 -4816 1686
35951 60 2.3 -4952 2278
36414 60 2.3 -5028 1686
36884 60 2.3 -5020 2050
37360 60 2.3 -5008 2280
37841 60 2.3 -5068 2450
38330 60 2.3 -5080 1756
38824 60 2.3 -4752 1668
39325 60 2.3 -4724 -112
39832 60 2.3 -4680 552
40346 60 2.3 -4528 394
40866 60 2.3 -4812 1370
41393 60 2.3 -4856 1372
41927 60 2.3 -5052 2256
42468 60 2.3 -4944 2518
43015 60 2.3 -5176 2518
43570 60 2.3 -5152 2446
44132 60 2.3 -5336 2706
44701 60 2.3 -4960 1894
45278 60 2.3 -5256 2538
45862 60 2.3 -4948 2330
46453 60 2.3 -5012 2332
47053 60 2.3 -4620 1134
47660 60 2.3 -4840 1930
48274 60 2.3 -5244 2358
48897 60 2.3 -4876 1728
49528 60 2.3 -4708 1688
50166 60 2.3 -4872 1776
50813 60 2.3 -4832 428
51469 60 2.3 -5176 2384
52133 60 2.3 -4972 2380
52805 60 2.3 -5092 1652
53486 60 2.3 -4972 1946
54176 60 2.3 -5364 2676
54875 60 2.3 -4776 1878
55582 60 2.3 -5112 2420
56299 60 2.3 -4652 1328
57025 60 2.3 -5072 1514
57761 60 2.3 -4828 1264
58506 60 2.3 -4552 780
59261 60 2.3 -4880 186
60025 60 2.3 -4960 94
60799 60 2.3 -4964 1444
61583 60 2.3 -5176 2104
62378 60 2.3 -5052 2588
63182 60 2.3 -5044 1660
63997 60 2.3 -5160 2190
64822 60 2.3 -4776 1298
65658 60 2.3 -4796 324
66505 60 2.3 -4576 -468
67363 60 2.3 -4760 664
68232 60 2.3 -4996 1940
69112 60 2.3 -5124 1916
70003 60 2.3 -4988 2352
70906 60 2.3 -4800 732
71821 60 2.3 -4928 -134
72747 60 2.3 -5152 -2348
73685 60 2.3 -4928 -2092
74636 60 2.3 -4780 -1792
75599 60 2.3 -5136 -2276
76574 60 2.3 -4904 -1520
77561 60 2.3 -4736 -888
78562 60 2.3 -5164 -2636
79575 60 2.3 -4988 -950
80601 60 2.3 -4768 -1808
81641 60 2.3 -4896 -1958
82694 60 2.3 -4720 -1062
83760 60 2.3 -5016 -2672
84841 60 2.3 -4804 -2178
85935 60 2.3 -5420 -2752
87043 60 2.3 -4752 -842
88166 60 2.3 -4952 278
89303 60 2.3 -4544 -322
90455 60 2.3 -4892 1822
91622 60 2.3 -4956 1990
92803 60 2.3 -5168 2652
94000 60 2.3 -4888 1382
95213 60 2.3 -4992 2212
96441 60 2.3 -4432 440
97685 60 2.3 -4956 2108
98945 60 2.3 -4884 2412
100221 60 2.3 -4844 -216
101513 60 2.3 -4952 856
102823 60 2.3 -4656 -908
104149 60 2.3 -4988 -2084
105492 60 2.3 -5112 -2198
106853 60 2.3 -4868 -2058
108231 60 2.3 -4824 -684
109627 60 2.3 -4932 1798
111041 60 2.3 -4500 1258
112473 60 2.3 -4796 1652
113924 60 2.3 -4456 490
115393 60 2.3 -4556 726
116882 60 2.3 -4608 -228
118389 60 2.3 -5012 2250
119916 60 2.3 -5188 2426
121463 60 2.3 -4848 828
123029 60 2.3 -4776 1812
124616 60 2.3 -4756 416
126224 60 2.3 -4592 888
127852 60 2.3 -4848 1798
129501 60 2.3 -5048 1948
131171 60 2.3 -5016 2072
132863 60 2.3 -4752 1916
134576 60 2.3 -5220 2462
136312 60 2.3 -5296 2558
138070 60 2.3 -4912 2076
139851 60 2.3 -5196 2560
141655 60 2.3 -5044 2464
143482 60 2.3 -4988 2206
145333 60 2.3 -4900 1430
147207 60 2.3 -4800 648
149106 60 2.3 -4824 -1328
151029 60 2.3 -5228 -2460
152977 60 2.3 -4844 2304
154950 60 2.3 -5112 2250
156948 60 2.3 -5004 1758
158973 60 2.3 -5304 2654
161023 60 2.3 -5000 2424
163100 60 2.3 -5028 2320
165204 60 2.3 -4908 1762
167334 60 2.3 -5132 2568
169493 60 2.3 -4880 -220
171679 60 2.3 -4972 -2106
173893 60 2.3 -5048 -2582
176136 60 2.3 -5052 2248
178408 60 2.3 -5332 2116
180709 60 2.3 -5084 2298
183040 60 2.3 -4784 1566
185400 60 2.3 -4668 1628
187792 60 2.3 -4524 582
190214 60 2.3 -4964 1972
192667 60 2.3 -4776 -1292
195152 60 2.3 -4884 -650
197669 60 2.3 -5064 -1496
200219 60 2.3 -4980 1276
202801 60 2.3 -4808 1776
205417 60 2.3 -4980 -1980
208066 60 2.3 -4956 -248
210750 60 2.3 -4720 304
213468 60 2.3 -4764 -1086
216222 60 2.3 -4976 -2436
219010 60 2.3 -4984 -2252
221835 60 2.3 -5020 -1958
224696 60 2.3 -4876 -2210
227595 60 2.3 -5112 -1664
230530 60 2.3 -4896 -1272
233503 60 2.3 -5436 -2756
236515 60 2.3 -4884 -2014
239566 60 2.3 -4344 298
242656 60 2.3 -5000 -2500
245785 60 2.3 -4576 -1342
248956 60 2.3 -4940 -2140
252167 60 2.3 -5148 -2206
255419 60 2.3 -4824 -1806
258713 60 2.3 -4732 -1518
262050 60 2.3 -4576 -1204
265430 60 2.3 -4984 -1928
268854 60 2.3 -4812 -192
272321 60 2.3 -4784 1020
275834 60 2.3 -4716 116
279391 60 2.3 -4656 982
282995 60 2.3 -4900 1714
286645 60 2.3 -5072 2348
290342 60 2.3 -4804 1580
294087 60 2.3 -5168 2734
297880 60 2.3 -4904 1684
301722 60 2.3 -4844 -1454
305614 60 2.3 -4848 -1870
309556 60 2.3 -4680 -894
313548 60 2.3 -4452 1184
317592 60 2.3 -4888 -1728
321689 60 2.3 -5016 -2344
325838 60 2.3 -5352 -2282
330040 60 2.3 -4960 -1962
334297 60 2.3 -5008 -2492
338609 60 2.3 -4876 2026
342976 60 2.3 -4784 250
347400 60 2.3 -4964 2162
351881 60 2.3 -4824 -2042
356419 60 2.3 -4856 2056
361016 60 2.3 -5084 2332
365673 60 2.3 -5060 2246
370389 60 2.3 -4728 -1226
375167 60 2.3 -4840 1132
380005 60 2.3 -5200 -2396
384907 60 2.3 -4536 1086
389871 60 2.3 -4912 1852
394900 60 2.3 -4808 1372
399993 60 2.3 -5120 2382
405152 60 2.3 -5036 2682
410378 60 2.3 -4880 1956
415671 60 2.3 -4344 -630
421032 60 2.3 -4868 -496
426463 60 2.3 -4828 2062
431963 60 2.3 -5336 2660
437535 60 2.3 -4576 -346
443178 60 2.3 -4844 1486
448894 60 2.3 -4868 -1318
454684 60 2.3 -4924 1690
460548 60 2.3 -4884 1530
466489 60 2.3 -4988 1896
472505 60 2.3 -5064 -2090
478600 60 2.3 -4932 2322
484773 60 2.3 -4736 504
491025 60 2.3 -4944 -1570
497358 60 2.3 -4776 -1502
503773 60 2.3 -4732 -1462
510271 60 2.3 -5036 2436
516852 60 2.3 -4716 -1264
523519 60 2.3 -4708 -1680
530271 60 2.3 -5172 -2412
537111 60 2.3 -4852 1058
544038 60 2.3 -4632 1780
551055 60 2.3 -5012 -1900
558163 60 2.3 -5252 -2558
565362 60 2.3 -4860 -1122
572654 60 2.3 -4700 2154
580040 60 2.3 -4872 2398
587521 60 2.3 -4928 -2330
595099 60 2.3 -5016 -1640
602775 60 2.3 -5056 -1962
610549 60 2.3 -4656 -2112
618424 60 2.3 -5060 -2126
626400 60 2.3 -5016 -2446
634480 60 2.3 -4720 -1668
642663 60 2.3 -4552 130
650952 60 2.3 -4976 1172
659348 60 2.3 -4616 1440
667853 60 2.3 -5060 2342
676467 60 2.3 -4952 342
685192 60 2.3 -5032 -2324
694029 60 2.3 -4516 -1026
702981 60 2.3 -4888 -1480
712048 60 2.3 -4872 -2312
721232 60 2.3 -4724 596
730534 60 2.3 -4712 76
739957 60 2.3 -4376 1098
749500 60 2.3 -4580 1498
759168 60 2.3 -4760 -1698
768959 60 2.3 -4852 2110
778877 60 2.3 -4900 392
788923 60 2.3 -4556 -352
799099 60 2.3 -4568 -450
809405 60 2.3 -5152 -1948
819845 60 2.3 -4760 176
830419 60 2.3 -4580 58
841130 60 2.3 -5148 2334
851979 60 2.3 -5104 2374
862968 60 2.3 -4816 318
874098 60 2.3 -4868 -2222
885373 60 2.3 -4824 -2082
896792 60 2.3 -4672 -1352
908359 60 2.3 -4460 -1214
920075 60 2.3 -5072 -1772
931942 60 2.3 -4680 -2222
943962 60 2.3 -4916 192
956137 60 2.3 -5060 -2628
968470 60 2.3 -4820 -2008
980961 60 2.3 -5040 -1786
993613 60 2.3 -4772 -1298
999999 60 2.3 -4572 -2104
