3 20 2 -436 -22
4 20 2 -440 -20
5 20 2 -480 10
6 20 2 -492 8
7 20 2 -492 30
8 20 2 -484 0
9 20 2 -488 14
10 20 2 -520 4
11 20 2 -524 28
12 20 2 -572 14
13 20 2 -560 10
14 20 2 -572 8
15 20 2 -536 -16
16 20 2 -532 -12
17 20 2 -552 18
18 20 2 -536 28
19 20 2 -544 22
20 20 2 -580 20
21 20 2 -572 10
22 20 2 -544 0
23 20 2 -572 8
24 20 2 -584 12
25 20 2 -572 -10
26 20 2 -556 42
27 20 2 -572 66
28 20 2 -548 62
29 20 2 -528 66
30 20 2 -540 56
31 20 2 -556 66
32 20 2 -532 104
33 20 2 -516 128
34 20 2 -516 120
35 20 2 -544 84
36 20 2 -540 126
37 20 2 -568 128
38 20 2 -536 128
39 20 2 -556 156
40 20 2 -624 142
41 20 2 -620 156
42 20 2 -592 152
43 20 2 -592 168
44 20 2 -584 182
45 20 2 -640 204
46 20 2 -632 196
47 20 2 -600 198
48 20 2 -592 188
49 20 2 -604 212
50 20 2 -612 224
51 20 2 -588 240
52 20 2 -584 246
53 20 2 -588 252
54 20 2 -600 252
55 20 2 -640 260
56 20 2 -620 250
57 20 2 -592 252
58 20 2 -588 268
59 20 2 -588 252
60 20 2 -652 292
61 20 2 -668 312
62 20 2 -680 322
63 20 2 -640 322
64 20 2 -608 306
65 20 2 -612 290
66 20 2 -596 292
67 20 2 -596 292
68 20 2 -628 306
69 20 2 -592 298
70 20 2 -664 308
71 20 2 -604 302
72 20 2 -668 326
73 20 2 -692 326
74 20 2 -684 334
75 20 2 -680 336
76 20 2 -700 354
77 20 2 -680 356
78 20 2 -684 356
79 20 2 -692 356
80 20 2 -656 342
81 20 2 -656 340
82 20 2 -644 346
83 20 2 -660 346
84 20 2 -704 358
85 20 2 -648 342
86 20 2 -632 340
88 20 2 -644 348
89 20 2 -676 360
90 20 2 -684 362
91 20 2 -672 366
92 20 2 -708 372
93 20 2 -736 382
95 20 2 -736 380
96 20 2 -748 384
97 20 2 -764 388
98 20 2 -748 382
99 20 2 -728 376
101 20 2 -660 358
102 20 2 -696 370
103 20 2 -712 370
105 20 2 -716 372
106 20 2 -696 366
107 20 2 -708 370
109 20 2 -692 366
110 20 2 -660 356
112 20 2 -688 366
113 20 2 -688 370
114 20 2 -704 372
116 20 2 -720 378
117 20 2 -748 386
119 20 2 -760 386
120 20 2 -704 368
122 20 2 -680 362
124 20 2 -676 354
125 20 2 -676 358
127 20 2 -676 358
128 20 2 -696 368
130 20 2 -708 366
132 20 2 -652 340
133 20 2 -668 350
135 20 2 -616 330
137 20 2 -668 356
139 20 2 -708 360
140 20 2 -668 346
142 20 2 -728 368
144 20 2 -648 354
146 20 2 -696 370
148 20 2 -740 382
150 20 2 -684 364
152 20 2 -636 350
154 20 2 -728 374
155 20 2 -724 378
157 20 2 -736 380
160 20 2 -716 372
162 20 2 -704 370
164 20 2 -704 372
166 20 2 -656 356
168 20 2 -728 380
170 20 2 -748 386
172 20 2 -732 376
174 20 2 -760 388
177 20 2 -692 360
179 20 2 -728 378
181 20 2 -700 370
184 20 2 -732 376
186 20 2 -732 382
188 20 2 -748 386
191 20 2 -744 384
193 20 2 -748 386
196 20 2 -732 382
198 20 2 -644 348
201 20 2 -600 306
203 20 2 -620 300
206 20 2 -600 304
209 20 2 -628 316
211 20 2 -632 328
214 20 2 -656 348
217 20 2 -648 328
220 20 2 -656 344
222 20 2 -676 356
225 20 2 -672 360
228 20 2 -736 378
231 20 2 -700 368
234 20 2 -728 378
237 20 2 -764 390
240 20 2 -740 384
243 20 2 -700 370
246 20 2 -696 370
250 20 2 -732 380
253 20 2 -652 350
256 20 2 -668 354
259 20 2 -652 342
263 20 2 -664 360
266 20 2 -692 364
269 20 2 -680 356
273 20 2 -668 362
276 20 2 -700 370
280 20 2 -652 334
284 20 2 -660 346
287 20 2 -664 344
291 20 2 -668 352
295 20 2 -648 352
298 20 2 -660 350
302 20 2 -720 378
306 20 2 -728 382
310 20 2 -700 364
314 20 2 -744 382
318 20 2 -744 384
322 20 2 -724 372
326 20 2 -716 374
331 20 2 -708 360
335 20 2 -652 328
339 20 2 -648 314
344 20 2 -684 342
348 20 2 -688 370
352 20 2 -660 354
357 20 2 -736 382
362 20 2 -724 376
366 20 2 -712 364
371 20 2 -720 366
376 20 2 -728 376
381 20 2 -684 360
385 20 2 -760 386
390 20 2 -748 386
395 20 2 -708 360
401 20 2 -708 372
406 20 2 -732 382
411 20 2 -636 328
416 20 2 -656 336
422 20 2 -712 374
427 20 2 -664 340
433 20 2 -672 362
438 20 2 -692 364
444 20 2 -692 360
449 20 2 -680 336
455 20 2 -612 288
461 20 2 -636 296
467 20 2 -652 328
473 20 2 -672 364
479 20 2 -724 380
485 20 2 -676 350
492 20 2 -720 380
498 20 2 -756 388
504 20 2 -700 370
511 20 2 -724 374
517 20 2 -696 372
524 20 2 -692 366
531 20 2 -640 332
538 20 2 -648 348
545 20 2 -680 362
552 20 2 -724 374
559 20 2 -768 390
566 20 2 -724 378
573 20 2 -676 364
581 20 2 -712 374
588 20 2 -708 372
596 20 2 -692 364
603 20 2 -744 380
611 20 2 -716 370
619 20 2 -688 364
627 20 2 -708 374
635 20 2 -708 376
643 20 2 -632 320
652 20 2 -684 334
660 20 2 -644 320
668 20 2 -720 380
677 20 2 -716 376
686 20 2 -636 350
695 20 2 -696 370
704 20 2 -672 350
713 20 2 -708 370
722 20 2 -676 362
731 20 2 -712 368
741 20 2 -728 380
750 20 2 -716 374
760 20 2 -700 368
770 20 2 -692 366
780 20 2 -704 358
790 20 2 -728 378
800 20 2 -720 378
810 20 2 -728 380
821 20 2 -744 382
831 20 2 -692 368
842 20 2 -684 360
853 20 2 -692 362
864 20 2 -680 362
875 20 2 -652 332
886 20 2 -696 368
897 20 2 -680 322
909 20 2 -748 382
921 20 2 -724 374
933 20 2 -708 366
945 20 2 -704 372
957 20 2 -712 376
969 20 2 -728 376
982 20 2 -700 372
994 20 2 -700 372
1007 20 2 -660 336
1020 20 2 -664 342
1033 20 2 -676 366
1047 20 2 -680 346
1060 20 2 -756 388
1074 20 2 -732 376
1088 20 2 -672 358
1102 20 2 -676 354
1116 20 2 -692 360
1130 20 2 -692 356
1145 20 2 -684 366
1160 20 2 -704 372
1174 20 2 -700 370
1190 20 2 -692 362
1205 20 2 -724 378
1220 20 2 -736 382
1236 20 2 -708 370
1252 20 2 -720 380
1268 20 2 -660 352
1285 20 2 -716 378
1301 20 2 -708 374
1318 20 2 -684 366
1335 20 2 -724 376
1352 20 2 -668 338
1370 20 2 -700 366
1387 20 2 -728 382
1405 20 2 -652 358
1423 20 2 -628 310
1442 20 2 -648 336
1460 20 2 -700 360
1479 20 2 -680 356
1498 20 2 -720 376
1517 20 2 -728 378
1537 20 2 -728 380
1557 20 2 -676 354
1577 20 2 -748 382
1597 20 2 -716 378
1618 20 2 -692 366
1639 20 2 -688 362
1660 20 2 -692 364
1681 20 2 -716 376
1703 20 2 -700 360
1725 20 2 -700 366
1747 20 2 -712 372
1770 20 2 -668 362
1792 20 2 -696 366
1816 20 2 -676 358
1839 20 2 -672 358
1863 20 2 -712 376
1887 20 2 -704 370
1911 20 2 -752 382
1936 20 2 -720 372
1961 20 2 -752 384
1986 20 2 -720 372
2012 20 2 -720 376
2037 20 2 -700 366
2064 20 2 -732 374
2090 20 2 -728 378
2117 20 2 -652 354
2145 20 2 -700 374
2172 20 2 -740 380
2200 20 2 -700 374
2229 20 2 -712 372
2257 20 2 -748 384
2286 20 2 -668 330
2316 20 2 -720 376
2346 20 2 -676 352
2376 20 2 -716 378
2407 20 2 -752 388
2438 20 2 -748 384
2469 20 2 -696 364
2501 20 2 -712 376
2533 20 2 -652 332
2566 20 2 -664 364
2599 20 2 -680 366
2633 20 2 -684 356
2667 20 2 -692 362
2701 20 2 -700 374
2736 20 2 -756 388
2771 20 2 -740 380
2807 20 2 -668 356
2843 20 2 -616 294
2880 20 2 -580 304
2917 20 2 -696 364
2954 20 2 -740 384
2992 20 2 -712 378
3031 20 2 -696 358
3070 20 2 -720 374
3110 20 2 -676 364
3150 20 2 -716 376
3190 20 2 -680 362
3232 20 2 -756 388
3273 20 2 -716 368
3315 20 2 -700 366
3358 20 2 -668 352
3402 20 2 -680 350
3445 20 2 -696 364
3490 20 2 -776 394
3535 20 2 -688 358
3580 20 2 -656 352
3627 20 2 -692 366
3673 20 2 -716 374
3721 20 2 -700 366
3769 20 2 -720 378
3817 20 2 -696 366
3867 20 2 -708 368
3916 20 2 -668 354
3967 20 2 -672 354
4018 20 2 -672 354
4070 20 2 -652 344
4122 20 2 -708 364
4176 20 2 -732 380
4229 20 2 -700 364
4284 20 2 -712 376
4339 20 2 -748 380
4395 20 2 -744 382
4452 20 2 -668 354
4509 20 2 -672 362
4567 20 2 -684 360
4626 20 2 -692 366
4686 20 2 -660 352
4746 20 2 -660 356
4808 20 2 -664 352
4870 20 2 -624 314
4932 20 2 -680 362
4996 20 2 -700 370
5060 20 2 -748 382
5126 20 2 -756 388
5192 20 2 -700 358
5259 20 2 -680 364
5327 20 2 -708 368
5395 20 2 -716 376
5465 20 2 -724 380
5535 20 2 -680 358
5607 20 2 -684 346
5679 20 2 -740 382
5752 20 2 -680 358
5826 20 2 -708 364
5902 20 2 -724 380
5978 20 2 -728 374
6055 20 2 -708 374
6133 20 2 -696 370
6212 20 2 -664 344
6292 20 2 -640 322
6373 20 2 -724 376
6455 20 2 -744 384
6539 20 2 -692 364
6623 20 2 -636 336
6708 20 2 -664 358
6795 20 2 -660 336
6883 20 2 -760 390
6971 20 2 -752 388
7061 20 2 -736 382
7152 20 2 -652 346
7245 20 2 -688 366
7338 20 2 -660 354
7433 20 2 -700 368
7529 20 2 -720 376
7626 20 2 -688 364
7724 20 2 -648 346
7824 20 2 -728 370
7925 20 2 -736 376
8027 20 2 -768 392
8130 20 2 -656 356
8235 20 2 -684 364
8341 20 2 -696 366
8449 20 2 -752 388
8558 20 2 -700 360
8668 20 2 -740 384
8780 20 2 -676 358
8893 20 2 -736 380
9008 20 2 -692 372
9124 20 2 -724 372
9242 20 2 -764 390
9361 20 2 -704 370
9482 20 2 -688 364
9604 20 2 -704 368
9728 20 2 -720 376
9853 20 2 -700 364
9980 20 2 -704 362
10109 20 2 -652 336
10240 20 2 -724 376
10372 20 2 -732 382
10505 20 2 -748 386
10641 20 2 -644 342
10778 20 2 -704 368
10917 20 2 -716 372
11058 20 2 -660 354
11201 20 2 -716 372
11345 20 2 -748 386
11491 20 2 -748 386
11640 20 2 -648 356
11790 20 2 -684 362
11942 20 2 -700 364
12096 20 2 -724 374
12252 20 2 -712 376
12410 20 2 -684 358
12570 20 2 -704 374
12732 20 2 -676 362
12896 20 2 -732 382
13062 20 2 -720 378
13231 20 2 -724 372
13402 20 2 -684 366
13574 20 2 -708 374
13750 20 2 -700 372
13927 20 2 -696 356
14106 20 2 -752 388
14288 20 2 -740 384
14473 20 2 -664 350
14659 20 2 -720 374
14848 20 2 -712 374
15040 20 2 -676 336
15234 20 2 -720 376
15430 20 2 -720 376
15629 20 2 -692 368
15831 20 2 -724 376
16035 20 2 -664 346
16242 20 2 -688 368
16451 20 2 -716 378
16664 20 2 -740 384
16879 20 2 -760 390
17096 20 2 -640 344
17317 20 2 -684 362
17540 20 2 -684 354
17766 20 2 -660 358
17995 20 2 -716 378
18228 20 2 -644 342
18463 20 2 -688 354
18701 20 2 -640 318
18942 20 2 -712 372
19186 20 2 -752 388
19434 20 2 -740 382
19684 20 2 -680 348
19938 20 2 -620 332
20195 20 2 -720 376
20456 20 2 -724 378
20720 20 2 -704 360
20987 20 2 -724 364
21258 20 2 -720 380
21532 20 2 -684 356
21810 20 2 -688 358
22091 20 2 -748 382
22376 20 2 -696 372
22664 20 2 -672 350
22957 20 2 -740 382
23253 20 2 -696 368
23553 20 2 -724 378
23856 20 2 -712 370
24164 20 2 -692 368
24476 20 2 -712 360
24791 20 2 -712 372
25111 20 2 -712 370
25435 20 2 -592 298
25763 20 2 -680 360
26095 20 2 -700 368
26432 20 2 -708 374
26773 20 2 -736 382
27118 20 2 -732 374
27468 20 2 -740 378
27822 20 2 -708 374
28181 20 2 -584 322
28545 20 2 -704 368
28913 20 2 -720 376
29286 20 2 -712 374
29663 20 2 -648 330
30046 20 2 -752 388
30434 20 2 -644 350
30826 20 2 -728 382
31224 20 2 -708 372
31626 20 2 -684 358
32034 20 2 -676 358
32447 20 2 -716 370
32866 20 2 -728 380
33290 20 2 -692 368
33719 20 2 -676 362
34154 20 2 -656 348
34595 20 2 -660 346
35041 20 2 -712 370
35493 20 2 -576 310
35951 20 2 -696 370
36414 20 2 -724 378
36884 20 2 -752 384
37360 20 2 -676 334
37841 20 2 -740 382
38330 20 2 -708 374
38824 20 2 -748 384
39325 20 2 -756 388
39832 20 2 -644 342
40346 20 2 -604 328
40866 20 2 -700 366
41393 20 2 -736 378
41927 20 2 -732 376
42468 20 2 -676 356
43015 20 2 -720 378
43570 20 2 -620 330
44132 20 2 -752 386
44701 20 2 -696 370
45278 20 2 -608 256
45862 20 2 -720 376
46453 20 2 -732 382
47053 20 2 -688 366
47660 20 2 -736 380
48274 20 2 -716 374
48897 20 2 -660 356
49528 20 2 -712 374
50166 20 2 -656 344
50813 20 2 -656 354
51469 20 2 -680 362
52133 20 2 -656 356
52805 20 2 -720 372
53486 20 2 -704 368
54176 20 2 -736 384
54875 20 2 -652 358
55582 20 2 -740 382
56299 20 2 -664 358
57025 20 2 -676 352
57761 20 2 -720 380
58506 20 2 -724 376
59261 20 2 -736 382
60025 20 2 -672 356
60799 20 2 -660 356
61583 20 2 -716 378
62378 20 2 -724 370
63182 20 2 -644 346
63997 20 2 -740 382
64822 20 2 -764 390
65658 20 2 -732 382
66505 20 2 -704 362
67363 20 2 -712 374
68232 20 2 -700 370
69112 20 2 -712 362
70003 20 2 -724 376
70906 20 2 -720 376
71821 20 2 -668 346
72747 20 2 -716 374
73685 20 2 -728 382
74636 20 2 -656 348
75599 20 2 -688 360
76574 20 2 -700 368
77561 20 2 -672 350
78562 20 2 -704 370
79575 20 2 -708 374
80601 20 2 -700 372
81641 20 2 -692 368
82694 20 2 -720 378
83760 20 2 -656 362
84841 20 2 -700 370
85935 20 2 -664 350
87043 20 2 -680 366
88166 20 2 -656 348
89303 20 2 -728 378
90455 20 2 -652 350
91622 20 2 -684 364
92803 20 2 -704 368
94000 20 2 -740 384
95213 20 2 -668 350
96441 20 2 -660 352
97685 20 2 -748 386
98945 20 2 -700 368
100221 20 2 -728 382
101513 20 2 -640 346
102823 20 2 -704 366
104149 20 2 -668 350
105492 20 2 -668 352
106853 20 2 -728 378
108231 20 2 -704 360
109627 20 2 -736 382
111041 20 2 -732 380
112473 20 2 -712 372
113924 20 2 -668 320
115393 20 2 -692 366
116882 20 2 -708 374
118389 20 2 -740 382
119916 20 2 -680 352
121463 20 2 -696 370
123029 20 2 -712 370
124616 20 2 -776 394
126224 20 2 -664 340
127852 20 2 -672 356
129501 20 2 -680 358
131171 20 2 -704 368
132863 20 2 -596 312
134576 20 2 -668 338
136312 20 2 -672 360
138070 20 2 -700 370
139851 20 2 -684 362
141655 20 2 -644 356
143482 20 2 -680 362
145333 20 2 -676 358
147207 20 2 -704 372
149106 20 2 -628 322
151029 20 2 -708 374
152977 20 2 -700 366
154950 20 2 -704 372
156948 20 2 -692 366
158973 20 2 -704 370
161023 20 2 -716 372
163100 20 2 -716 376
165204 20 2 -728 382
167334 20 2 -712 370
169493 20 2 -704 370
171679 20 2 -692 364
173893 20 2 -676 356
176136 20 2 -696 364
178408 20 2 -732 376
180709 20 2 -708 364
183040 20 2 -688 360
185400 20 2 -656 354
187792 20 2 -672 352
190214 20 2 -708 372
192667 20 2 -728 376
195152 20 2 -648 296
197669 20 2 -748 386
200219 20 2 -712 366
202801 20 2 -672 346
205417 20 2 -744 380
208066 20 2 -756 386
210750 20 2 -708 370
213468 20 2 -644 346
216222 20 2 -656 348
219010 20 2 -684 360
221835 20 2 -680 362
224696 20 2 -720 370
227595 20 2 -708 372
230530 20 2 -676 348
233503 20 2 -724 378
236515 20 2 -676 362
239566 20 2 -656 356
242656 20 2 -688 360
245785 20 2 -608 326
248956 20 2 -752 386
252167 20 2 -720 376
255419 20 2 -736 382
258713 20 2 -748 386
262050 20 2 -600 330
265430 20 2 -712 372
268854 20 2 -744 386
272321 20 2 -684 366
275834 20 2 -664 354
279391 20 2 -712 370
282995 20 2 -712 372
286645 20 2 -696 368
290342 20 2 -716 378
294087 20 2 -732 376
297880 20 2 -688 366
301722 20 2 -664 362
305614 20 2 -696 364
309556 20 2 -700 368
313548 20 2 -644 354
317592 20 2 -708 364
321689 20 2 -700 366
325838 20 2 -708 372
330040 20 2 -732 380
334297 20 2 -696 370
338609 20 2 -728 380
342976 20 2 -728 380
347400 20 2 -700 366
351881 20 2 -724 370
356419 20 2 -660 350
361016 20 2 -672 366
365673 20 2 -712 362
370389 20 2 -700 362
375167 20 2 -704 370
380005 20 2 -736 380
384907 20 2 -676 356
389871 20 2 -708 372
394900 20 2 -680 338
399993 20 2 -716 368
405152 20 2 -696 372
410378 20 2 -732 380
415671 20 2 -688 362
421032 20 2 -648 326
426463 20 2 -712 370
431963 20 2 -724 -376
437535 20 2 -708 -360
443178 20 2 -724 -374
448894 20 2 -748 -384
454684 20 2 -708 -362
460548 20 2 -640 -338
466489 20 2 -760 -390
472505 20 2 -676 -360
478600 20 2 -720 -374
484773 20 2 -692 -364
491025 20 2 -692 -362
497358 20 2 -700 -368
503773 20 2 -724 -380
510271 20 2 -732 -372
516852 20 2 -688 -366
523519 20 2 -716 -376
530271 20 2 -700 -368
537111 20 2 -756 -384
544038 20 2 -680 -336
551055 20 2 -728 -376
558163 20 2 -708 -374
565362 20 2 -716 -368
572654 20 2 -748 -384
580040 20 2 -636 -340
587521 20 2 -732 -382
595099 20 2 -684 -360
602775 20 2 -680 -342
610549 20 2 -724 -380
618424 20 2 -648 -358
626400 20 2 -672 -362
634480 20 2 -728 -378
642663 20 2 -680 -362
650952 20 2 -760 -386
659348 20 2 -776 -394
667853 20 2 -696 -368
676467 20 2 -748 -386
685192 20 2 -688 -360
694029 20 2 -684 -364
702981 20 2 -720 -368
712048 20 2 -684 -344
721232 20 2 -704 -370
730534 20 2 -736 -384
739957 20 2 -632 -330
749500 20 2 -752 -376
759168 20 2 -732 -378
768959 20 2 -740 -384
778877 20 2 -652 -350
788923 20 2 -692 -368
799099 20 2 -712 -376
809405 20 2 -700 -368
819845 20 2 -676 -364
830419 20 2 -696 -364
841130 20 2 -748 -382
851979 20 2 -656 -356
862968 20 2 -676 -342
874098 20 2 -712 -370
885373 20 2 -692 -368
896792 20 2 -724 380
908359 20 2 -700 354
920075 20 2 -716 372
931942 20 2 -660 354
943962 20 2 -664 348
956137 20 2 -640 350
968470 20 2 -736 382
980961 20 2 -656 348
993613 20 2 -748 386
999999 20 2 -700 370
