3 20 2.2 -304 36
4 20 2.2 -380 86
5 20 2.2 -384 114
6 20 2.2 -376 116
7 20 2.2 -408 98
8 20 2.2 -424 106
9 20 2.2 -420 100
10 20 2.2 -448 96
11 20 2.2 -436 96
12 20 2.2 -488 86
13 20 2.2 -452 104
14 20 2.2 -448 152
15 20 2.2 -468 184
16 20 2.2 -444 178
17 20 2.2 -488 184
18 20 2.2 -492 192
19 20 2.2 -564 210
20 20 2.2 -544 198
21 20 2.2 -520 206
22 20 2.2 -536 196
23 20 2.2 -524 184
24 20 2.2 -532 194
25 20 2.2 -524 204
26 20 2.2 -516 218
27 20 2.2 -584 224
28 20 2.2 -568 222
29 20 2.2 -616 242
30 20 2.2 -612 264
31 20 2.2 -556 250
32 20 2.2 -488 218
33 20 2.2 -516 198
34 20 2.2 -528 200
35 20 2.2 -500 182
36 20 2.2 -544 212
37 20 2.2 -548 224
38 20 2.2 -500 206
39 20 2.2 -556 234
40 20 2.2 -576 242
41 20 2.2 -608 234
42 20 2.2 -600 232
43 20 2.2 -608 242
44 20 2.2 -604 272
45 20 2.2 -568 262
46 20 2.2 -548 262
47 20 2.2 -572 250
48 20 2.2 -560 258
49 20 2.2 -532 248
50 20 2.2 -564 254
51 20 2.2 -560 256
52 20 2.2 -568 264
53 20 2.2 -552 270
54 20 2.2 -512 268
55 20 2.2 -468 248
56 20 2.2 -540 254
57 20 2.2 -564 292
58 20 2.2 -588 292
59 20 2.2 -612 326
60 20 2.2 -616 334
61 20 2.2 -616 324
62 20 2.2 -668 350
63 20 2.2 -700 354
64 20 2.2 -676 354
65 20 2.2 -672 348
66 20 2.2 -640 346
67 20 2.2 -648 344
68 20 2.2 -604 324
69 20 2.2 -612 310
70 20 2.2 -612 336
71 20 2.2 -572 326
72 20 2.2 -584 318
73 20 2.2 -572 312
74 20 2.2 -576 310
75 20 2.2 -604 312
76 20 2.2 -624 316
77 20 2.2 -632 330
78 20 2.2 -640 340
79 20 2.2 -640 340
80 20 2.2 -612 330
81 20 2.2 -604 324
82 20 2.2 -640 330
83 20 2.2 -632 330
84 20 2.2 -648 340
85 20 2.2 -612 332
86 20 2.2 -704 368
88 20 2.2 -736 376
89 20 2.2 -700 368
90 20 2.2 -740 380
91 20 2.2 -684 360
92 20 2.2 -720 378
93 20 2.2 -708 368
95 20 2.2 -648 348
96 20 2.2 -612 336
97 20 2.2 -632 334
98 20 2.2 -672 360
99 20 2.2 -688 364
101 20 2.2 -696 366
102 20 2.2 -668 358
103 20 2.2 -640 346
105 20 2.2 -704 372
106 20 2.2 -684 366
107 20 2.2 -660 356
109 20 2.2 -632 332
110 20 2.2 -640 330
112 20 2.2 -648 330
113 20 2.2 -636 312
114 20 2.2 -624 314
116 20 2.2 -568 292
117 20 2.2 -532 242
119 20 2.2 -548 268
120 20 2.2 -512 272
122 20 2.2 -532 266
124 20 2.2 -532 236
125 20 2.2 -588 268
127 20 2.2 -656 278
128 20 2.2 -624 296
130 20 2.2 -584 248
132 20 2.2 -604 260
133 20 2.2 -584 286
135 20 2.2 -652 300
137 20 2.2 -620 304
139 20 2.2 -624 326
140 20 2.2 -604 314
142 20 2.2 -604 328
144 20 2.2 -652 332
146 20 2.2 -636 334
148 20 2.2 -652 352
150 20 2.2 -692 364
152 20 2.2 -704 374
154 20 2.2 -684 368
155 20 2.2 -684 366
157 20 2.2 -640 348
160 20 2.2 -572 294
162 20 2.2 -588 328
164 20 2.2 -536 292
166 20 2.2 -624 326
168 20 2.2 -600 306
170 20 2.2 -604 298
172 20 2.2 -608 294
174 20 2.2 -620 322
177 20 2.2 -540 284
179 20 2.2 -556 302
181 20 2.2 -544 286
184 20 2.2 -556 218
186 20 2.2 -540 238
188 20 2.2 -596 272
191 20 2.2 -604 302
193 20 2.2 -652 320
196 20 2.2 -660 314
198 20 2.2 -580 300
201 20 2.2 -576 314
203 20 2.2 -572 302
206 20 2.2 -528 288
209 20 2.2 -592 288
211 20 2.2 -568 288
214 20 2.2 -504 284
217 20 2.2 -528 268
220 20 2.2 -516 272
222 20 2.2 -516 270
225 20 2.2 -580 322
228 20 2.2 -692 362
231 20 2.2 -644 346
234 20 2.2 -648 344
237 20 2.2 -592 320
240 20 2.2 -632 328
243 20 2.2 -644 322
246 20 2.2 -684 370
250 20 2.2 -648 354
253 20 2.2 -580 324
256 20 2.2 -612 328
259 20 2.2 -708 362
263 20 2.2 -672 356
266 20 2.2 -588 326
269 20 2.2 -624 346
273 20 2.2 -668 354
276 20 2.2 -712 370
280 20 2.2 -680 364
284 20 2.2 -676 346
287 20 2.2 -580 314
291 20 2.2 -596 304
295 20 2.2 -564 288
298 20 2.2 -624 324
302 20 2.2 -664 350
306 20 2.2 -624 322
310 20 2.2 -656 346
314 20 2.2 -568 256
318 20 2.2 -548 290
322 20 2.2 -672 356
326 20 2.2 -668 358
331 20 2.2 -672 344
335 20 2.2 -624 344
339 20 2.2 -684 364
344 20 2.2 -560 310
348 20 2.2 -592 326
352 20 2.2 -652 358
357 20 2.2 -644 348
362 20 2.2 -652 344
366 20 2.2 -640 338
371 20 2.2 -588 328
376 20 2.2 -564 302
381 20 2.2 -636 336
385 20 2.2 -572 298
390 20 2.2 -540 260
395 20 2.2 -596 302
401 20 2.2 -576 314
406 20 2.2 -672 342
411 20 2.2 -732 382
416 20 2.2 -648 350
422 20 2.2 -652 358
427 20 2.2 -692 370
433 20 2.2 -712 370
438 20 2.2 -676 364
444 20 2.2 -656 356
449 20 2.2 -676 350
455 20 2.2 -676 356
461 20 2.2 -556 294
467 20 2.2 -624 342
473 20 2.2 -692 362
479 20 2.2 -576 272
485 20 2.2 -600 312
492 20 2.2 -672 356
498 20 2.2 -668 352
504 20 2.2 -660 352
511 20 2.2 -620 342
517 20 2.2 -672 360
524 20 2.2 -708 374
531 20 2.2 -644 346
538 20 2.2 -664 354
545 20 2.2 -596 286
552 20 2.2 -528 248
559 20 2.2 -564 248
566 20 2.2 -544 236
573 20 2.2 -596 302
581 20 2.2 -620 334
588 20 2.2 -708 376
596 20 2.2 -600 320
603 20 2.2 -676 358
611 20 2.2 -712 374
619 20 2.2 -564 278
627 20 2.2 -548 276
635 20 2.2 -560 256
643 20 2.2 -588 254
652 20 2.2 -628 250
660 20 2.2 -480 216
668 20 2.2 -596 270
677 20 2.2 -676 332
686 20 2.2 -648 342
695 20 2.2 -672 358
704 20 2.2 -584 310
713 20 2.2 -584 300
722 20 2.2 -632 314
731 20 2.2 -588 294
741 20 2.2 -636 336
750 20 2.2 -660 346
760 20 2.2 -672 352
770 20 2.2 -568 308
780 20 2.2 -584 312
790 20 2.2 -532 284
800 20 2.2 -600 340
810 20 2.2 -648 344
821 20 2.2 -692 358
831 20 2.2 -652 350
842 20 2.2 -576 322
853 20 2.2 -612 304
864 20 2.2 -640 350
875 20 2.2 -692 368
886 20 2.2 -600 322
897 20 2.2 -656 358
909 20 2.2 -672 362
921 20 2.2 -604 300
933 20 2.2 -616 332
945 20 2.2 -604 324
957 20 2.2 -672 358
969 20 2.2 -592 326
982 20 2.2 -604 334
994 20 2.2 -640 342
1007 20 2.2 -660 356
1020 20 2.2 -612 312
1033 20 2.2 -648 342
1047 20 2.2 -664 358
1060 20 2.2 -672 358
1074 20 2.2 -616 338
1088 20 2.2 -676 352
1102 20 2.2 -696 368
1116 20 2.2 -696 366
1130 20 2.2 -588 324
1145 20 2.2 -584 312
1160 20 2.2 -660 352
1174 20 2.2 -600 292
1190 20 2.2 -580 306
1205 20 2.2 -652 342
1220 20 2.2 -624 324
1236 20 2.2 -652 358
1252 20 2.2 -640 352
1268 20 2.2 -604 332
1285 20 2.2 -652 336
1301 20 2.2 -592 324
1318 20 2.2 -548 280
1335 20 2.2 -660 344
1352 20 2.2 -692 360
1370 20 2.2 -644 342
1387 20 2.2 -636 322
1405 20 2.2 -652 336
1423 20 2.2 -552 312
1442 20 2.2 -660 352
1460 20 2.2 -668 348
1479 20 2.2 -648 338
1498 20 2.2 -584 284
1517 20 2.2 -636 342
1537 20 2.2 -676 360
1557 20 2.2 -676 358
1577 20 2.2 -652 350
1597 20 2.2 -628 342
1618 20 2.2 -628 312
1639 20 2.2 -672 364
1660 20 2.2 -672 350
1681 20 2.2 -572 312
1703 20 2.2 -632 338
1725 20 2.2 -672 362
1747 20 2.2 -588 298
1770 20 2.2 -568 282
1792 20 2.2 -552 240
1816 20 2.2 -540 164
1839 20 2.2 -496 104
1863 20 2.2 -600 142
1887 20 2.2 -568 194
1911 20 2.2 -636 244
1936 20 2.2 -616 338
1961 20 2.2 -628 330
1986 20 2.2 -636 338
2012 20 2.2 -648 344
2037 20 2.2 -660 352
2064 20 2.2 -616 324
2090 20 2.2 -616 330
2117 20 2.2 -592 302
2145 20 2.2 -588 302
2172 20 2.2 -616 292
2200 20 2.2 -652 352
2229 20 2.2 -660 352
2257 20 2.2 -600 328
2286 20 2.2 -660 350
2316 20 2.2 -612 326
2346 20 2.2 -660 348
2376 20 2.2 -632 336
2407 20 2.2 -604 322
2438 20 2.2 -728 378
2469 20 2.2 -736 384
2501 20 2.2 -664 348
2533 20 2.2 -652 348
2566 20 2.2 -580 328
2599 20 2.2 -696 368
2633 20 2.2 -532 268
2667 20 2.2 -544 200
2701 20 2.2 -676 340
2736 20 2.2 -636 352
2771 20 2.2 -652 352
2807 20 2.2 -620 332
2843 20 2.2 -604 328
2880 20 2.2 -624 334
2917 20 2.2 -692 368
2954 20 2.2 -608 332
2992 20 2.2 -640 324
3031 20 2.2 -540 228
3070 20 2.2 -604 292
3110 20 2.2 -628 324
3150 20 2.2 -628 304
3190 20 2.2 -580 324
3232 20 2.2 -576 300
3273 20 2.2 -576 294
3315 20 2.2 -576 248
3358 20 2.2 -476 110
3402 20 2.2 -532 196
3445 20 2.2 -596 320
3490 20 2.2 -648 344
3535 20 2.2 -620 334
3580 20 2.2 -664 348
3627 20 2.2 -596 304
3673 20 2.2 -552 246
3721 20 2.2 -548 264
3769 20 2.2 -552 268
3817 20 2.2 -688 364
3867 20 2.2 -584 288
3916 20 2.2 -608 302
3967 20 2.2 -644 328
4018 20 2.2 -592 286
4070 20 2.2 -632 340
4122 20 2.2 -536 308
4176 20 2.2 -588 198
4229 20 2.2 -532 16
4284 20 2.2 -596 318
4339 20 2.2 -596 178
4395 20 2.2 -528 124
4452 20 2.2 -528 186
4509 20 2.2 -628 338
4567 20 2.2 -636 326
4626 20 2.2 -592 320
4686 20 2.2 -568 298
4746 20 2.2 -600 328
4808 20 2.2 -516 214
4870 20 2.2 -584 306
4932 20 2.2 -640 336
4996 20 2.2 -608 324
5060 20 2.2 -584 262
5126 20 2.2 -552 268
5192 20 2.2 -620 322
5259 20 2.2 -656 356
5327 20 2.2 -664 358
5395 20 2.2 -664 342
5465 20 2.2 -656 334
5535 20 2.2 -604 330
5607 20 2.2 -652 346
5679 20 2.2 -648 350
5752 20 2.2 -636 340
5826 20 2.2 -668 354
5902 20 2.2 -600 328
5978 20 2.2 -500 178
6055 20 2.2 -636 324
6133 20 2.2 -636 348
6212 20 2.2 -476 214
6292 20 2.2 -680 360
6373 20 2.2 -704 372
6455 20 2.2 -692 368
6539 20 2.2 -456 148
6623 20 2.2 -552 246
6708 20 2.2 -688 340
6795 20 2.2 -552 280
6883 20 2.2 -660 348
6971 20 2.2 -608 324
7061 20 2.2 -656 358
7152 20 2.2 -620 332
7245 20 2.2 -568 294
7338 20 2.2 -620 342
7433 20 2.2 -524 148
7529 20 2.2 -472 -60
7626 20 2.2 -604 304
7724 20 2.2 -696 346
7824 20 2.2 -620 336
7925 20 2.2 -640 332
8027 20 2.2 -716 378
8130 20 2.2 -712 362
8235 20 2.2 -660 316
8341 20 2.2 -612 302
8449 20 2.2 -580 290
8558 20 2.2 -592 316
8668 20 2.2 -584 310
8780 20 2.2 -636 342
8893 20 2.2 -636 336
9008 20 2.2 -596 338
9124 20 2.2 -540 108
9242 20 2.2 -568 220
9361 20 2.2 -652 346
9482 20 2.2 -688 356
9604 20 2.2 -680 354
9728 20 2.2 -732 380
9853 20 2.2 -628 328
9980 20 2.2 -608 324
10109 20 2.2 -616 334
10240 20 2.2 -596 300
10372 20 2.2 -640 340
10505 20 2.2 -724 378
10641 20 2.2 -676 350
10778 20 2.2 -660 326
10917 20 2.2 -520 272
11058 20 2.2 -684 364
11201 20 2.2 -728 382
11345 20 2.2 -612 298
11491 20 2.2 -680 366
11640 20 2.2 -524 294
11790 20 2.2 -500 210
11942 20 2.2 -612 338
12096 20 2.2 -680 352
12252 20 2.2 -640 336
12410 20 2.2 -688 354
12570 20 2.2 -648 354
12732 20 2.2 -604 326
12896 20 2.2 -612 334
13062 20 2.2 -548 178
13231 20 2.2 -608 326
13402 20 2.2 -616 320
13574 20 2.2 -708 372
13750 20 2.2 -700 370
13927 20 2.2 -608 336
14106 20 2.2 -548 166
14288 20 2.2 -636 348
14473 20 2.2 -644 340
14659 20 2.2 -580 262
14848 20 2.2 -624 -296
15040 20 2.2 -580 -302
15234 20 2.2 -608 -328
15430 20 2.2 -648 -350
15629 20 2.2 -692 -348
15831 20 2.2 -592 -318
16035 20 2.2 -548 -240
16242 20 2.2 -668 -356
16451 20 2.2 -616 -294
16664 20 2.2 -676 -360
16879 20 2.2 -680 -338
17096 20 2.2 -616 -330
17317 20 2.2 -628 -230
17540 20 2.2 -648 -316
17766 20 2.2 -656 -360
17995 20 2.2 -592 -312
18228 20 2.2 -716 -372
18463 20 2.2 -616 -342
18701 20 2.2 -596 -320
18942 20 2.2 -556 -254
19186 20 2.2 -620 -296
19434 20 2.2 -704 -374
19684 20 2.2 -608 -314
19938 20 2.2 -620 -328
20195 20 2.2 -648 -354
20456 20 2.2 -656 -346
20720 20 2.2 -652 -350
20987 20 2.2 -664 -352
21258 20 2.2 -524 -266
21532 20 2.2 -676 -356
21810 20 2.2 -516 -286
22091 20 2.2 -652 -358
22376 20 2.2 -620 -350
22664 20 2.2 -644 -352
22957 20 2.2 -564 -276
23253 20 2.2 -656 -356
23553 20 2.2 -644 -334
23856 20 2.2 -660 -334
24164 20 2.2 -608 -328
24476 20 2.2 -696 -366
24791 20 2.2 -564 -266
25111 20 2.2 -536 -266
25435 20 2.2 -672 -358
25763 20 2.2 -664 -346
26095 20 2.2 -668 -360
26432 20 2.2 -604 -330
26773 20 2.2 -624 -328
27118 20 2.2 -568 -274
27468 20 2.2 -640 -346
27822 20 2.2 -504 -182
28181 20 2.2 -668 -354
28545 20 2.2 -624 -328
28913 20 2.2 -648 -326
29286 20 2.2 -616 -334
29663 20 2.2 -692 -354
30046 20 2.2 -656 -344
30434 20 2.2 -540 226
30826 20 2.2 -592 308
31224 20 2.2 -600 322
31626 20 2.2 -604 310
32034 20 2.2 -584 292
32447 20 2.2 -568 230
32866 20 2.2 -544 192
33290 20 2.2 -664 352
33719 20 2.2 -568 318
34154 20 2.2 -568 302
34595 20 2.2 -604 310
35041 20 2.2 -592 334
35493 20 2.2 -656 346
35951 20 2.2 -704 368
36414 20 2.2 -660 342
36884 20 2.2 -596 328
37360 20 2.2 -568 242
37841 20 2.2 -692 368
38330 20 2.2 -648 310
38824 20 2.2 -612 330
39325 20 2.2 -680 356
39832 20 2.2 -712 374
40346 20 2.2 -620 328
40866 20 2.2 -528 278
41393 20 2.2 -584 336
41927 20 2.2 -668 358
42468 20 2.2 -656 356
43015 20 2.2 -588 310
43570 20 2.2 -692 358
44132 20 2.2 -624 342
44701 20 2.2 -660 352
45278 20 2.2 -652 352
45862 20 2.2 -580 304
46453 20 2.2 -632 348
47053 20 2.2 -588 318
47660 20 2.2 -660 324
48274 20 2.2 -624 326
48897 20 2.2 -628 336
49528 20 2.2 -664 350
50166 20 2.2 -576 236
50813 20 2.2 -580 306
51469 20 2.2 -600 310
52133 20 2.2 -644 346
52805 20 2.2 -612 300
53486 20 2.2 -576 294
54176 20 2.2 -624 324
54875 20 2.2 -692 364
55582 20 2.2 -544 254
56299 20 2.2 -668 358
57025 20 2.2 -556 260
57761 20 2.2 -676 358
58506 20 2.2 -552 224
59261 20 2.2 -640 336
60025 20 2.2 -672 356
60799 20 2.2 -648 340
61583 20 2.2 -656 350
62378 20 2.2 -600 300
63182 20 2.2 -616 326
63997 20 2.2 -632 348
64822 20 2.2 -628 324
65658 20 2.2 -628 332
66505 20 2.2 -524 258
67363 20 2.2 -628 328
68232 20 2.2 -632 -328
69112 20 2.2 -568 -276
70003 20 2.2 -568 -276
70906 20 2.2 -608 -326
71821 20 2.2 -636 -324
72747 20 2.2 -708 -376
73685 20 2.2 -568 -320
74636 20 2.2 -620 -316
75599 20 2.2 -628 -336
76574 20 2.2 -576 228
77561 20 2.2 -508 250
78562 20 2.2 -612 334
79575 20 2.2 -604 332
80601 20 2.2 -648 344
81641 20 2.2 -680 360
82694 20 2.2 -712 372
83760 20 2.2 -584 -268
84841 20 2.2 -624 -328
85935 20 2.2 -588 -272
87043 20 2.2 -700 -364
88166 20 2.2 -536 -296
89303 20 2.2 -620 -336
90455 20 2.2 -724 -378
91622 20 2.2 -664 -358
92803 20 2.2 -632 -344
94000 20 2.2 -604 338
95213 20 2.2 -680 368
96441 20 2.2 -608 314
97685 20 2.2 -564 326
98945 20 2.2 -636 328
100221 20 2.2 -648 -324
101513 20 2.2 -624 -344
102823 20 2.2 -664 -346
104149 20 2.2 -632 -340
105492 20 2.2 -568 -252
106853 20 2.2 -692 -368
108231 20 2.2 -616 -326
109627 20 2.2 -624 -330
111041 20 2.2 -644 320
112473 20 2.2 -624 346
113924 20 2.2 -616 340
115393 20 2.2 -664 352
116882 20 2.2 -624 340
118389 20 2.2 -536 228
119916 20 2.2 -672 344
121463 20 2.2 -648 356
123029 20 2.2 -652 354
124616 20 2.2 -556 202
126224 20 2.2 -604 334
127852 20 2.2 -672 -348
129501 20 2.2 -652 -340
131171 20 2.2 -644 338
132863 20 2.2 -624 330
134576 20 2.2 -640 348
136312 20 2.2 -580 254
138070 20 2.2 -528 186
139851 20 2.2 -660 356
141655 20 2.2 -576 306
143482 20 2.2 -620 322
145333 20 2.2 -672 -360
147207 20 2.2 -576 -322
149106 20 2.2 -568 -294
151029 20 2.2 -560 -274
152977 20 2.2 -600 -322
154950 20 2.2 -628 314
156948 20 2.2 -608 294
158973 20 2.2 -676 358
161023 20 2.2 -628 296
163100 20 2.2 -628 340
165204 20 2.2 -520 -254
167334 20 2.2 -580 -246
169493 20 2.2 -672 360
171679 20 2.2 -608 338
173893 20 2.2 -668 362
176136 20 2.2 -636 318
178408 20 2.2 -580 302
180709 20 2.2 -648 352
183040 20 2.2 -564 178
185400 20 2.2 -488 -42
187792 20 2.2 -692 348
190214 20 2.2 -528 -280
192667 20 2.2 -568 282
195152 20 2.2 -568 264
197669 20 2.2 -668 348
200219 20 2.2 -636 338
202801 20 2.2 -684 326
205417 20 2.2 -696 368
208066 20 2.2 -672 344
210750 20 2.2 -616 290
213468 20 2.2 -640 334
216222 20 2.2 -660 -350
219010 20 2.2 -664 -346
221835 20 2.2 -640 -330
224696 20 2.2 -640 -336
227595 20 2.2 -612 284
230530 20 2.2 -632 342
233503 20 2.2 -624 324
236515 20 2.2 -560 -314
239566 20 2.2 -644 -340
242656 20 2.2 -676 364
245785 20 2.2 -688 370
248956 20 2.2 -576 306
252167 20 2.2 -612 -324
255419 20 2.2 -500 -248
258713 20 2.2 -692 -364
262050 20 2.2 -640 -348
265430 20 2.2 -624 -308
268854 20 2.2 -572 -316
272321 20 2.2 -636 -350
275834 20 2.2 -572 -288
279391 20 2.2 -600 -308
282995 20 2.2 -564 282
286645 20 2.2 -624 328
290342 20 2.2 -608 346
294087 20 2.2 -628 342
297880 20 2.2 -692 364
301722 20 2.2 -648 352
305614 20 2.2 -672 360
309556 20 2.2 -548 260
313548 20 2.2 -580 304
317592 20 2.2 -616 338
321689 20 2.2 -612 312
325838 20 2.2 -560 -284
330040 20 2.2 -616 -284
334297 20 2.2 -620 -342
338609 20 2.2 -704 -374
342976 20 2.2 -648 -316
347400 20 2.2 -624 -342
351881 20 2.2 -648 -348
356419 20 2.2 -680 -364
361016 20 2.2 -604 -302
365673 20 2.2 -468 -110
370389 20 2.2 -612 -332
375167 20 2.2 -716 -374
380005 20 2.2 -676 -344
384907 20 2.2 -504 -242
389871 20 2.2 -640 -348
394900 20 2.2 -572 -294
399993 20 2.2 -620 -316
405152 20 2.2 -620 -340
410378 20 2.2 -580 -318
415671 20 2.2 -632 342
421032 20 2.2 -632 344
426463 20 2.2 -596 312
431963 20 2.2 -516 76
437535 20 2.2 -676 362
443178 20 2.2 -680 358
448894 20 2.2 -664 356
454684 20 2.2 -632 336
460548 20 2.2 -600 -330
466489 20 2.2 -552 -280
472505 20 2.2 -704 -364
478600 20 2.2 -624 -340
484773 20 2.2 -712 -372
491025 20 2.2 -644 -340
497358 20 2.2 -620 -334
503773 20 2.2 -576 296
510271 20 2.2 -692 -366
516852 20 2.2 -668 -356
523519 20 2.2 -620 -332
530271 20 2.2 -664 -350
537111 20 2.2 -636 -352
544038 20 2.2 -632 -348
551055 20 2.2 -608 -326
558163 20 2.2 -680 -352
565362 20 2.2 -608 336
572654 20 2.2 -704 372
580040 20 2.2 -624 314
587521 20 2.2 -668 350
595099 20 2.2 -668 352
602775 20 2.2 -568 272
610549 20 2.2 -620 312
618424 20 2.2 -624 -292
626400 20 2.2 -628 286
634480 20 2.2 -636 348
642663 20 2.2 -636 -342
650952 20 2.2 -648 346
659348 20 2.2 -580 -286
667853 20 2.2 -600 300
676467 20 2.2 -604 -294
685192 20 2.2 -664 -358
694029 20 2.2 -660 -350
702981 20 2.2 -684 364
712048 20 2.2 -572 296
721232 20 2.2 -644 350
730534 20 2.2 -648 352
739957 20 2.2 -608 -324
749500 20 2.2 -648 -330
759168 20 2.2 -648 -350
768959 20 2.2 -556 -296
778877 20 2.2 -640 348
788923 20 2.2 -676 366
799099 20 2.2 -632 344
809405 20 2.2 -524 -256
819845 20 2.2 -652 -356
830419 20 2.2 -568 -312
841130 20 2.2 -676 -350
851979 20 2.2 -684 358
862968 20 2.2 -652 348
874098 20 2.2 -684 358
885373 20 2.2 -616 -342
896792 20 2.2 -620 -334
908359 20 2.2 -648 350
920075 20 2.2 -620 -316
931942 20 2.2 -584 296
943962 20 2.2 -544 260
956137 20 2.2 -640 246
968470 20 2.2 -652 340
980961 20 2.2 -688 -366
993613 20 2.2 -624 320
999999 20 2.2 -584 268
