3 100 2.4 -9080 -228
4 100 2.4 -9500 -232
5 100 2.4 -10096 -380
6 100 2.4 -9972 -348
7 100 2.4 -10196 -480
8 100 2.4 -10512 -572
9 100 2.4 -10872 -638
10 100 2.4 -10940 -650
11 100 2.4 -10784 -502
12 100 2.4 -10976 -426
13 100 2.4 -11280 -440
14 100 2.4 -11264 -588
15 100 2.4 -11408 -650
16 100 2.4 -10840 -526
17 100 2.4 -11088 -590
18 100 2.4 -11304 -888
19 100 2.4 -11452 -974
20 100 2.4 -11476 -946
21 100 2.4 -11380 -1128
22 100 2.4 -11528 -1144
23 100 2.4 -11484 -1204
24 100 2.4 -11352 -1030
25 100 2.4 -11252 -958
26 100 2.4 -11240 -698
27 100 2.4 -11512 -694
28 100 2.4 -11664 -600
29 100 2.4 -11580 -564
30 100 2.4 -11724 -694
31 100 2.4 -11676 -752
32 100 2.4 -11584 -660
33 100 2.4 -11652 -506
34 100 2.4 -11592 -598
35 100 2.4 -11704 -922
36 100 2.4 -11440 -978
37 100 2.4 -11524 -1016
38 100 2.4 -11476 -998
39 100 2.4 -11476 -1270
40 100 2.4 -11568 -1090
41 100 2.4 -11660 -1192
42 100 2.4 -11792 -1412
43 100 2.4 -11832 -1492
44 100 2.4 -11832 -1178
45 100 2.4 -12164 -1382
46 100 2.4 -12276 -1374
47 100 2.4 -12392 -1486
48 100 2.4 -12388 -1432
49 100 2.4 -12328 -1344
50 100 2.4 -12304 -1340
51 100 2.4 -11936 -1298
52 100 2.4 -12172 -1264
53 100 2.4 -12132 -1260
54 100 2.4 -11944 -1278
55 100 2.4 -12024 -1102
56 100 2.4 -11900 -1142
57 100 2.4 -11948 -1104
58 100 2.4 -12380 -932
59 100 2.4 -12340 -952
60 100 2.4 -12036 -952
61 100 2.4 -12024 -972
62 100 2.4 -11672 -936
63 100 2.4 -11980 -866
64 100 2.4 -12336 -882
65 100 2.4 -12304 -754
66 100 2.4 -12276 -868
67 100 2.4 -12340 -760
68 100 2.4 -11984 -578
69 100 2.4 -11860 -678
70 100 2.4 -12032 -696
71 100 2.4 -12092 -774
72 100 2.4 -12268 -642
73 100 2.4 -11960 -706
74 100 2.4 -12268 -690
75 100 2.4 -12308 -588
76 100 2.4 -12192 -628
77 100 2.4 -12220 -544
78 100 2.4 -12188 -544
79 100 2.4 -12460 -606
80 100 2.4 -12328 -650
81 100 2.4 -12300 -638
82 100 2.4 -12096 -654
83 100 2.4 -12224 -510
84 100 2.4 -11812 -330
85 100 2.4 -12104 -228
86 100 2.4 -12088 -172
88 100 2.4 -12104 -138
89 100 2.4 -11904 -190
90 100 2.4 -11964 -262
91 100 2.4 -11844 -242
92 100 2.4 -11944 -50
93 100 2.4 -11940 4
95 100 2.4 -11884 -164
96 100 2.4 -11732 174
97 100 2.4 -11612 210
98 100 2.4 -11696 146
99 100 2.4 -11848 128
101 100 2.4 -11724 316
102 100 2.4 -11756 130
103 100 2.4 -11828 36
105 100 2.4 -11884 -102
106 100 2.4 -11788 -28
107 100 2.4 -11892 -28
109 100 2.4 -11892 -104
110 100 2.4 -11952 -92
112 100 2.4 -12064 -202
113 100 2.4 -12272 -126
114 100 2.4 -12244 -80
116 100 2.4 -12136 168
117 100 2.4 -12228 -56
119 100 2.4 -12180 -96
120 100 2.4 -12052 -332
122 100 2.4 -12268 -438
124 100 2.4 -12140 -420
125 100 2.4 -12084 -358
127 100 2.4 -12220 -166
128 100 2.4 -11968 -250
130 100 2.4 -12000 -428
132 100 2.4 -12056 -364
133 100 2.4 -12180 -436
135 100 2.4 -12064 -518
137 100 2.4 -11860 -224
139 100 2.4 -11876 -402
140 100 2.4 -11772 -288
142 100 2.4 -12000 -352
144 100 2.4 -12220 -406
146 100 2.4 -12360 -378
148 100 2.4 -12068 -430
150 100 2.4 -12324 -510
152 100 2.4 -12188 -632
154 100 2.4 -12196 -734
155 100 2.4 -11964 -770
157 100 2.4 -12056 -732
160 100 2.4 -11748 -910
162 100 2.4 -12016 -844
164 100 2.4 -11948 -1122
166 100 2.4 -12224 -1160
168 100 2.4 -12096 -948
170 100 2.4 -12164 -914
172 100 2.4 -12408 -1144
174 100 2.4 -12396 -988
177 100 2.4 -12244 -994
179 100 2.4 -12364 -934
181 100 2.4 -12000 -886
184 100 2.4 -11864 -918
186 100 2.4 -11788 -974
188 100 2.4 -11868 -1086
191 100 2.4 -11808 -896
193 100 2.4 -12040 -830
196 100 2.4 -12052 -826
198 100 2.4 -12028 -1052
201 100 2.4 -11868 -1084
203 100 2.4 -12044 -1258
206 100 2.4 -11704 -1044
209 100 2.4 -11824 -886
211 100 2.4 -11916 -730
214 100 2.4 -11776 -696
217 100 2.4 -11580 -686
220 100 2.4 -11444 -912
222 100 2.4 -11616 -966
225 100 2.4 -12092 -838
228 100 2.4 -12276 -814
231 100 2.4 -11988 -786
234 100 2.4 -11888 -1126
237 100 2.4 -11900 -1178
240 100 2.4 -11720 -1052
243 100 2.4 -11852 -1228
246 100 2.4 -11784 -1120
250 100 2.4 -11804 -1196
253 100 2.4 -11756 -1360
256 100 2.4 -11864 -1554
259 100 2.4 -12028 -1608
263 100 2.4 -12084 -1492
266 100 2.4 -12092 -1544
269 100 2.4 -11936 -1234
273 100 2.4 -11992 -1308
276 100 2.4 -11792 -1444
280 100 2.4 -11816 -1646
284 100 2.4 -11860 -1534
287 100 2.4 -11356 -1492
291 100 2.4 -11688 -1682
295 100 2.4 -12080 -1470
298 100 2.4 -11948 -1482
302 100 2.4 -12156 -1700
306 100 2.4 -12084 -1840
310 100 2.4 -12016 -1888
314 100 2.4 -12056 -1550
318 100 2.4 -11820 -1538
322 100 2.4 -12320 -1686
326 100 2.4 -12400 -1486
331 100 2.4 -12156 -1582
335 100 2.4 -12428 -1630
339 100 2.4 -12372 -1848
344 100 2.4 -12180 -1916
348 100 2.4 -12060 -1536
352 100 2.4 -12372 -1442
357 100 2.4 -12028 -1462
362 100 2.4 -12124 -1498
366 100 2.4 -11932 -1278
371 100 2.4 -11996 -1126
376 100 2.4 -12280 -598
381 100 2.4 -12084 -578
385 100 2.4 -11824 -796
390 100 2.4 -11820 -906
395 100 2.4 -11900 -760
401 100 2.4 -11468 -1050
406 100 2.4 -11676 -1024
411 100 2.4 -11876 -1150
416 100 2.4 -12404 -1282
422 100 2.4 -12128 -1374
427 100 2.4 -11848 -1076
433 100 2.4 -12040 -788
438 100 2.4 -11376 -928
444 100 2.4 -11800 -1412
449 100 2.4 -11748 -1658
455 100 2.4 -11784 -1910
461 100 2.4 -12072 -1630
467 100 2.4 -11600 -1404
473 100 2.4 -11696 -1068
479 100 2.4 -11600 -1096
485 100 2.4 -12116 -1060
492 100 2.4 -11656 -972
498 100 2.4 -12104 -780
504 100 2.4 -12268 -606
511 100 2.4 -12224 -968
517 100 2.4 -11980 -996
524 100 2.4 -11552 -978
531 100 2.4 -12232 -1296
538 100 2.4 -12144 -1558
545 100 2.4 -12052 -1602
552 100 2.4 -12196 -1726
559 100 2.4 -11964 -1664
566 100 2.4 -11832 -1592
573 100 2.4 -11968 -1620
581 100 2.4 -12196 -1756
588 100 2.4 -12112 -1702
596 100 2.4 -12096 -1800
603 100 2.4 -12092 -1810
611 100 2.4 -12048 -1532
619 100 2.4 -11984 -1402
627 100 2.4 -12092 -1096
635 100 2.4 -11628 -876
643 100 2.4 -11828 -1204
652 100 2.4 -11976 -924
660 100 2.4 -12012 -676
668 100 2.4 -11920 -520
677 100 2.4 -11940 -548
686 100 2.4 -12168 -548
695 100 2.4 -12080 -942
704 100 2.4 -12144 -746
713 100 2.4 -12376 -740
722 100 2.4 -11828 -1454
731 100 2.4 -12164 -1586
741 100 2.4 -12128 -1388
750 100 2.4 -12112 -1544
760 100 2.4 -11824 -880
770 100 2.4 -12304 -248
780 100 2.4 -12176 -182
790 100 2.4 -12220 -176
800 100 2.4 -11820 -698
810 100 2.4 -11916 -476
821 100 2.4 -12176 -460
831 100 2.4 -11816 -76
842 100 2.4 -12296 -262
853 100 2.4 -11712 -452
864 100 2.4 -12076 -496
875 100 2.4 -11676 -558
886 100 2.4 -11952 -360
897 100 2.4 -12424 -542
909 100 2.4 -11896 -752
921 100 2.4 -12396 -796
933 100 2.4 -12016 -730
945 100 2.4 -12340 -760
957 100 2.4 -12416 -546
969 100 2.4 -12324 -514
982 100 2.4 -12028 342
994 100 2.4 -11896 -236
1007 100 2.4 -12328 -612
1020 100 2.4 -12416 -1012
1033 100 2.4 -12288 -588
1047 100 2.4 -12264 -512
1060 100 2.4 -12356 -146
1074 100 2.4 -12488 -248
1088 100 2.4 -12272 -514
1102 100 2.4 -12040 -668
1116 100 2.4 -12232 -1202
1130 100 2.4 -12244 -1888
1145 100 2.4 -12196 -2124
1160 100 2.4 -11932 -1738
1174 100 2.4 -11824 -1552
1190 100 2.4 -11804 -2120
1205 100 2.4 -11796 -2224
1220 100 2.4 -11684 -2236
1236 100 2.4 -11600 -2452
1252 100 2.4 -12256 -1954
1268 100 2.4 -12432 -2876
1285 100 2.4 -12240 -2524
1301 100 2.4 -12088 -2206
1318 100 2.4 -11612 -2214
1335 100 2.4 -11736 -2550
1352 100 2.4 -12132 -3214
1370 100 2.4 -12016 -3336
1387 100 2.4 -12204 -3860
1405 100 2.4 -12664 -3940
1423 100 2.4 -12496 -4336
1442 100 2.4 -12272 -4318
1460 100 2.4 -12000 -3736
1479 100 2.4 -12536 -3788
1498 100 2.4 -12496 -3062
1517 100 2.4 -11916 -2658
1537 100 2.4 -11932 -2846
1557 100 2.4 -12080 -3010
1577 100 2.4 -11860 -2170
1597 100 2.4 -11844 -1680
1618 100 2.4 -11904 -1932
1639 100 2.4 -12288 -2500
1660 100 2.4 -12200 -2550
1681 100 2.4 -11752 -2456
1703 100 2.4 -12368 -2292
1725 100 2.4 -12412 -2148
1747 100 2.4 -12164 -1580
1770 100 2.4 -12260 -920
1792 100 2.4 -12364 -944
1816 100 2.4 -12132 -584
1839 100 2.4 -11920 486
1863 100 2.4 -12216 -38
1887 100 2.4 -11920 -432
1911 100 2.4 -12264 -818
1936 100 2.4 -12084 -1394
1961 100 2.4 -11728 -850
1986 100 2.4 -11816 -252
2012 100 2.4 -12196 -762
2037 100 2.4 -12296 -314
2064 100 2.4 -12272 -402
2090 100 2.4 -12260 -34
2117 100 2.4 -11904 250
2145 100 2.4 -12004 1178
2172 100 2.4 -12040 1536
2200 100 2.4 -11708 1068
2229 100 2.4 -11796 920
2257 100 2.4 -11760 344
2286 100 2.4 -11852 400
2316 100 2.4 -11944 646
2346 100 2.4 -12048 578
2376 100 2.4 -12028 -554
2407 100 2.4 -12148 -608
2438 100 2.4 -12064 132
2469 100 2.4 -12212 -384
2501 100 2.4 -12016 204
2533 100 2.4 -12180 -444
2566 100 2.4 -12408 -742
2599 100 2.4 -11568 -474
2633 100 2.4 -12308 -1448
2667 100 2.4 -12656 -1680
2701 100 2.4 -12020 -1766
2736 100 2.4 -11824 -1864
2771 100 2.4 -12240 -1942
2807 100 2.4 -12308 -1282
2843 100 2.4 -11956 -730
2880 100 2.4 -11992 -280
2917 100 2.4 -11988 -618
2954 100 2.4 -12128 -360
2992 100 2.4 -12096 -1658
3031 100 2.4 -12136 -1918
3070 100 2.4 -11964 -1940
3110 100 2.4 -12332 -1786
3150 100 2.4 -12096 -1798
3190 100 2.4 -11792 -1820
3232 100 2.4 -12424 -2088
3273 100 2.4 -12064 -1612
3315 100 2.4 -11980 -1130
3358 100 2.4 -12116 -1028
3402 100 2.4 -11824 -956
3445 100 2.4 -11828 -1342
3490 100 2.4 -12320 1266
3535 100 2.4 -11856 -38
3580 100 2.4 -11588 474
3627 100 2.4 -11528 -170
3673 100 2.4 -11888 -186
3721 100 2.4 -11400 -536
3769 100 2.4 -11952 -1484
3817 100 2.4 -12528 -1340
3867 100 2.4 -12272 -1186
3916 100 2.4 -12172 -596
3967 100 2.4 -11852 -922
4018 100 2.4 -12152 -1620
4070 100 2.4 -12060 -574
4122 100 2.4 -12188 -218
4176 100 2.4 -11988 90
4229 100 2.4 -11888 430
4284 100 2.4 -12148 48
4339 100 2.4 -12168 -464
4395 100 2.4 -12732 -188
4452 100 2.4 -12352 -188
4509 100 2.4 -12316 428
4567 100 2.4 -12244 -164
4626 100 2.4 -12144 236
4686 100 2.4 -12336 -846
4746 100 2.4 -11876 100
4808 100 2.4 -12288 -732
4870 100 2.4 -12536 -1048
4932 100 2.4 -12260 -1162
4996 100 2.4 -11564 -1030
5060 100 2.4 -11884 -74
5126 100 2.4 -12184 -8
5192 100 2.4 -12076 128
5259 100 2.4 -11556 210
5327 100 2.4 -11712 22
5395 100 2.4 -12076 -1068
5465 100 2.4 -11540 -576
5535 100 2.4 -11792 86
5607 100 2.4 -11816 -70
5679 100 2.4 -12196 -1632
5752 100 2.4 -11568 -1360
5826 100 2.4 -11608 -688
5902 100 2.4 -11928 150
5978 100 2.4 -11872 -576
6055 100 2.4 -12112 -670
6133 100 2.4 -12408 222
6212 100 2.4 -12160 -732
6292 100 2.4 -11916 -6
6373 100 2.4 -12180 -1070
6455 100 2.4 -12012 -1378
6539 100 2.4 -12196 -730
6623 100 2.4 -12604 -692
6708 100 2.4 -11940 -22
6795 100 2.4 -12040 -1000
6883 100 2.4 -12404 -494
6971 100 2.4 -12268 -770
7061 100 2.4 -11876 654
7152 100 2.4 -11824 -648
7245 100 2.4 -12100 612
7338 100 2.4 -12136 -460
7433 100 2.4 -12560 -1186
7529 100 2.4 -12204 -1186
7626 100 2.4 -11816 -424
7724 100 2.4 -11980 1174
7824 100 2.4 -12392 1114
7925 100 2.4 -12036 1396
8027 100 2.4 -11772 1176
8130 100 2.4 -11824 1924
8235 100 2.4 -12112 2874
8341 100 2.4 -12028 718
8449 100 2.4 -12428 2012
8558 100 2.4 -11716 658
8668 100 2.4 -12008 892
8780 100 2.4 -12060 1690
8893 100 2.4 -11972 2116
9008 100 2.4 -12016 1940
9124 100 2.4 -12008 872
9242 100 2.4 -12016 852
9361 100 2.4 -11932 682
9482 100 2.4 -11932 1356
9604 100 2.4 -12156 2814
9728 100 2.4 -11820 2552
9853 100 2.4 -12008 2902
9980 100 2.4 -11860 2638
10109 100 2.4 -12076 1810
10240 100 2.4 -12484 1010
10372 100 2.4 -11808 1392
10505 100 2.4 -12220 1282
10641 100 2.4 -11976 1780
10778 100 2.4 -11896 976
10917 100 2.4 -12544 1580
11058 100 2.4 -12220 1828
11201 100 2.4 -11740 1290
11345 100 2.4 -12344 2020
11491 100 2.4 -12176 466
11640 100 2.4 -12388 346
11790 100 2.4 -11832 -56
11942 100 2.4 -12228 -984
12096 100 2.4 -11768 -188
12252 100 2.4 -11856 -1780
12410 100 2.4 -11824 -836
12570 100 2.4 -12128 -454
12732 100 2.4 -12028 -988
12896 100 2.4 -12268 180
13062 100 2.4 -12228 1688
13231 100 2.4 -12228 6
13402 100 2.4 -11932 -1006
13574 100 2.4 -12256 264
13750 100 2.4 -12316 -194
13927 100 2.4 -12080 550
14106 100 2.4 -12012 2110
14288 100 2.4 -12152 1504
14473 100 2.4 -11888 388
14659 100 2.4 -11868 -76
14848 100 2.4 -12088 1762
15040 100 2.4 -11908 1372
15234 100 2.4 -12036 1008
15430 100 2.4 -11948 944
15629 100 2.4 -11608 330
15831 100 2.4 -11808 -38
16035 100 2.4 -12176 544
16242 100 2.4 -12636 828
16451 100 2.4 -11752 754
16664 100 2.4 -12400 852
16879 100 2.4 -12296 210
17096 100 2.4 -12088 1832
17317 100 2.4 -11748 1424
17540 100 2.4 -12076 -612
17766 100 2.4 -11816 282
17995 100 2.4 -12040 2912
18228 100 2.4 -11960 1444
18463 100 2.4 -11788 -264
18701 100 2.4 -11896 -520
18942 100 2.4 -12112 -1258
19186 100 2.4 -12236 -810
19434 100 2.4 -11860 -60
19684 100 2.4 -12264 6
19938 100 2.4 -12060 324
20195 100 2.4 -11684 54
20456 100 2.4 -12072 -2128
20720 100 2.4 -11812 -1990
20987 100 2.4 -11892 -242
21258 100 2.4 -12488 -2754
21532 100 2.4 -11996 -2912
21810 100 2.4 -12228 -2212
22091 100 2.4 -11428 -562
22376 100 2.4 -12060 1936
22664 100 2.4 -11852 1074
22957 100 2.4 -12128 2214
23253 100 2.4 -11940 1244
23553 100 2.4 -12132 -520
23856 100 2.4 -12344 -2210
24164 100 2.4 -12048 -2516
24476 100 2.4 -12140 184
24791 100 2.4 -12228 -1280
25111 100 2.4 -11648 728
25435 100 2.4 -11740 1526
25763 100 2.4 -12220 866
26095 100 2.4 -12168 -510
26432 100 2.4 -11784 -158
26773 100 2.4 -11920 150
27118 100 2.4 -12012 348
27468 100 2.4 -11376 -698
27822 100 2.4 -12160 -1620
28181 100 2.4 -12072 -640
28545 100 2.4 -11848 -176
28913 100 2.4 -11696 1148
29286 100 2.4 -11752 1734
29663 100 2.4 -11976 712
30046 100 2.4 -12396 1242
30434 100 2.4 -11884 582
30826 100 2.4 -12128 1812
31224 100 2.4 -12328 1390
31626 100 2.4 -12108 -1264
32034 100 2.4 -11800 -668
32447 100 2.4 -12448 -2316
32866 100 2.4 -12396 -2362
33290 100 2.4 -11996 378
33719 100 2.4 -11952 -372
34154 100 2.4 -11564 -104
34595 100 2.4 -11852 -74
35041 100 2.4 -11872 190
35493 100 2.4 -11888 1702
35951 100 2.4 -12184 1866
36414 100 2.4 -11736 -938
36884 100 2.4 -12328 -2036
37360 100 2.4 -12296 -1178
37841 100 2.4 -12108 -1586
38330 100 2.4 -12172 -1240
38824 100 2.4 -11688 440
39325 100 2.4 -12076 1968
39832 100 2.4 -12356 -1786
40346 100 2.4 -11628 24
40866 100 2.4 -12136 1760
41393 100 2.4 -11968 -2368
41927 100 2.4 -12040 -1840
42468 100 2.4 -11772 1226
43015 100 2.4 -12184 -376
43570 100 2.4 -12156 -1952
44132 100 2.4 -12204 -160
44701 100 2.4 -11896 18
45278 100 2.4 -12144 -38
45862 100 2.4 -11724 152
46453 100 2.4 -11812 -658
47053 100 2.4 -11936 -584
47660 100 2.4 -12028 -1068
48274 100 2.4 -12148 1748
48897 100 2.4 -12044 1512
49528 100 2.4 -12164 1618
50166 100 2.4 -12168 440
50813 100 2.4 -11836 1750
51469 100 2.4 -12372 1890
52133 100 2.4 -11872 -158
52805 100 2.4 -12008 -544
53486 100 2.4 -12324 -770
54176 100 2.4 -12536 -52
54875 100 2.4 -12016 332
55582 100 2.4 -12224 -1718
56299 100 2.4 -11908 1250
57025 100 2.4 -12260 -980
57761 100 2.4 -12164 -2420
58506 100 2.4 -12100 -930
59261 100 2.4 -12448 -308
60025 100 2.4 -11900 108
60799 100 2.4 -12336 726
61583 100 2.4 -11844 1120
62378 100 2.4 -12020 -530
63182 100 2.4 -11928 -472
63997 100 2.4 -12060 -650
64822 100 2.4 -11932 300
65658 100 2.4 -12420 -432
66505 100 2.4 -11980 -278
67363 100 2.4 -12352 2500
68232 100 2.4 -12204 940
69112 100 2.4 -12392 -1954
70003 100 2.4 -12396 1898
70906 100 2.4 -11800 528
71821 100 2.4 -11620 -468
72747 100 2.4 -11744 -600
73685 100 2.4 -12140 454
74636 100 2.4 -12052 1542
75599 100 2.4 -11592 -1222
76574 100 2.4 -12248 2016
77561 100 2.4 -11848 -460
78562 100 2.4 -11732 1498
79575 100 2.4 -12216 1892
80601 100 2.4 -11976 -244
81641 100 2.4 -11728 -648
82694 100 2.4 -12184 -1822
83760 100 2.4 -12040 1658
84841 100 2.4 -12148 696
85935 100 2.4 -11892 -488
87043 100 2.4 -12236 -836
88166 100 2.4 -11888 2166
89303 100 2.4 -12048 890
90455 100 2.4 -12216 -1194
91622 100 2.4 -11768 -262
92803 100 2.4 -11896 -232
94000 100 2.4 -12100 -690
95213 100 2.4 -12232 -484
96441 100 2.4 -12360 -1178
97685 100 2.4 -12100 1648
98945 100 2.4 -12332 156
100221 100 2.4 -11856 -1684
101513 100 2.4 -12164 852
102823 100 2.4 -12216 -118
104149 100 2.4 -12784 -1096
105492 100 2.4 -12264 1408
106853 100 2.4 -12036 -1424
108231 100 2.4 -11596 -1158
109627 100 2.4 -11896 558
111041 100 2.4 -12236 1346
112473 100 2.4 -12348 -1676
113924 100 2.4 -12100 -58
115393 100 2.4 -11552 -432
116882 100 2.4 -12092 -1826
118389 100 2.4 -11964 -378
119916 100 2.4 -12164 -1262
121463 100 2.4 -12028 1418
123029 100 2.4 -12024 -2106
124616 100 2.4 -11968 1454
126224 100 2.4 -12256 -594
127852 100 2.4 -12332 -714
129501 100 2.4 -11876 2034
131171 100 2.4 -11436 1436
132863 100 2.4 -12156 -874
134576 100 2.4 -12240 -1100
136312 100 2.4 -12360 -870
138070 100 2.4 -12020 760
139851 100 2.4 -12160 -680
141655 100 2.4 -12412 178
143482 100 2.4 -11816 -872
145333 100 2.4 -11952 -1668
147207 100 2.4 -11976 -1148
149106 100 2.4 -11776 496
151029 100 2.4 -11820 -806
152977 100 2.4 -12264 -418
154950 100 2.4 -11964 1616
156948 100 2.4 -11992 -228
158973 100 2.4 -12272 -296
161023 100 2.4 -12296 2140
163100 100 2.4 -12204 42
165204 100 2.4 -11852 -56
167334 100 2.4 -12148 -1076
169493 100 2.4 -12168 1462
171679 100 2.4 -11716 -964
173893 100 2.4 -11868 -876
176136 100 2.4 -11824 -758
178408 100 2.4 -12268 -1304
180709 100 2.4 -11992 -874
183040 100 2.4 -12160 -1930
185400 100 2.4 -11756 536
187792 100 2.4 -12324 1058
190214 100 2.4 -11872 1682
192667 100 2.4 -12224 -250
195152 100 2.4 -12428 -1142
197669 100 2.4 -11796 134
200219 100 2.4 -12052 -730
202801 100 2.4 -12024 -416
205417 100 2.4 -11524 900
208066 100 2.4 -12176 1084
210750 100 2.4 -12020 -160
213468 100 2.4 -12472 -964
216222 100 2.4 -11864 -1878
219010 100 2.4 -12268 -1146
221835 100 2.4 -12284 392
224696 100 2.4 -11828 -398
227595 100 2.4 -12108 -1104
230530 100 2.4 -12072 2194
233503 100 2.4 -12028 876
236515 100 2.4 -11908 -1450
239566 100 2.4 -12312 232
242656 100 2.4 -11944 1158
245785 100 2.4 -11788 -1294
248956 100 2.4 -12016 -590
252167 100 2.4 -12180 -26
255419 100 2.4 -11928 788
258713 100 2.4 -12400 -972
262050 100 2.4 -12076 1278
265430 100 2.4 -12176 3308
268854 100 2.4 -12120 -956
272321 100 2.4 -12336 -94
275834 100 2.4 -11992 -1460
279391 100 2.4 -11668 -688
282995 100 2.4 -12040 792
286645 100 2.4 -12040 1278
290342 100 2.4 -12004 658
294087 100 2.4 -12028 -424
297880 100 2.4 -12040 392
301722 100 2.4 -11632 1118
305614 100 2.4 -12088 -670
309556 100 2.4 -11944 686
313548 100 2.4 -11796 -1382
317592 100 2.4 -12284 1708
321689 100 2.4 -11840 -1702
325838 100 2.4 -12232 -988
330040 100 2.4 -11840 1526
334297 100 2.4 -11940 -788
338609 100 2.4 -11948 1284
342976 100 2.4 -11880 -1110
347400 100 2.4 -12064 -1634
351881 100 2.4 -11988 -1834
356419 100 2.4 -12060 -338
361016 100 2.4 -12080 14
365673 100 2.4 -12416 792
370389 100 2.4 -12120 1770
375167 100 2.4 -12376 450
380005 100 2.4 -12696 -1248
384907 100 2.4 -11624 1462
389871 100 2.4 -11368 1092
394900 100 2.4 -11936 1204
399993 100 2.4 -12632 -216
405152 100 2.4 -11836 -340
410378 100 2.4 -11924 -1236
415671 100 2.4 -11936 122
421032 100 2.4 -11936 -632
426463 100 2.4 -12268 -1110
431963 100 2.4 -12464 2018
437535 100 2.4 -12052 238
443178 100 2.4 -11732 -380
448894 100 2.4 -11808 -2270
454684 100 2.4 -11724 78
460548 100 2.4 -11908 -1638
466489 100 2.4 -12392 266
472505 100 2.4 -11916 -642
478600 100 2.4 -11956 -1248
484773 100 2.4 -11892 1220
491025 100 2.4 -11768 -1190
497358 100 2.4 -11860 -1172
503773 100 2.4 -12320 -1512
510271 100 2.4 -12072 286
516852 100 2.4 -12304 696
523519 100 2.4 -12276 -1764
530271 100 2.4 -11748 -262
537111 100 2.4 -12016 -344
544038 100 2.4 -12304 3490
551055 100 2.4 -12140 -3716
558163 100 2.4 -12032 -1246
565362 100 2.4 -12176 -500
572654 100 2.4 -12000 1106
580040 100 2.4 -11804 -1240
587521 100 2.4 -12124 840
595099 100 2.4 -11820 814
602775 100 2.4 -11784 -314
610549 100 2.4 -11992 790
618424 100 2.4 -11924 746
626400 100 2.4 -11680 -586
634480 100 2.4 -12356 1688
642663 100 2.4 -12072 -1580
650952 100 2.4 -12496 -3588
659348 100 2.4 -11996 -3294
667853 100 2.4 -12312 564
676467 100 2.4 -11920 -294
685192 100 2.4 -12164 76
694029 100 2.4 -11796 -972
702981 100 2.4 -11972 -1350
712048 100 2.4 -12092 1366
721232 100 2.4 -12236 -3484
730534 100 2.4 -12024 -942
739957 100 2.4 -11964 412
749500 100 2.4 -11748 56
759168 100 2.4 -11956 126
768959 100 2.4 -12156 -370
778877 100 2.4 -12020 -694
788923 100 2.4 -11996 1038
799099 100 2.4 -12068 -1892
809405 100 2.4 -12184 -886
819845 100 2.4 -12176 796
830419 100 2.4 -12016 -534
841130 100 2.4 -11972 -1300
851979 100 2.4 -12256 -1268
862968 100 2.4 -11888 -332
874098 100 2.4 -11996 1060
885373 100 2.4 -12096 1396
896792 100 2.4 -11836 -448
908359 100 2.4 -11524 96
920075 100 2.4 -11848 1214
931942 100 2.4 -12100 68
943962 100 2.4 -11928 -662
956137 100 2.4 -12032 682
968470 100 2.4 -11872 956
980961 100 2.4 -12096 1204
993613 100 2.4 -12380 -506
999999 100 2.4 -12020 2460
