3 100 2 -10216 390
4 100 2 -10948 316
5 100 2 -11344 420
6 100 2 -11908 588
7 100 2 -12164 534
8 100 2 -12552 412
9 100 2 -12720 320
10 100 2 -12832 256
11 100 2 -12928 326
12 100 2 -12920 354
13 100 2 -12872 402
14 100 2 -13128 366
15 100 2 -13396 426
16 100 2 -13400 438
17 100 2 -13692 448
18 100 2 -13568 304
19 100 2 -13772 248
20 100 2 -14004 308
21 100 2 -14004 342
22 100 2 -14012 380
23 100 2 -14148 344
24 100 2 -14108 452
25 100 2 -14068 564
26 100 2 -14052 740
27 100 2 -14148 898
28 100 2 -14144 908
29 100 2 -14052 970
30 100 2 -13992 1124
31 100 2 -14016 1198
32 100 2 -14220 1172
33 100 2 -14284 1188
34 100 2 -14532 1258
35 100 2 -14524 1254
36 100 2 -14356 1244
37 100 2 -14300 1302
38 100 2 -14408 1362
39 100 2 -14540 1314
40 100 2 -14436 1328
41 100 2 -14744 1422
42 100 2 -14632 1506
43 100 2 -14708 1618
44 100 2 -14868 1706
45 100 2 -14776 1658
46 100 2 -15140 1630
47 100 2 -15248 1742
48 100 2 -14996 1808
49 100 2 -15100 1864
50 100 2 -15260 1886
51 100 2 -15304 1956
52 100 2 -15368 1972
53 100 2 -15100 1986
54 100 2 -15172 1982
55 100 2 -15204 1896
56 100 2 -15232 1828
57 100 2 -14876 1822
58 100 2 -14964 1864
59 100 2 -15128 1910
60 100 2 -15148 2092
61 100 2 -15136 2178
62 100 2 -15240 2178
63 100 2 -15184 2150
64 100 2 -15488 2182
65 100 2 -15452 2294
66 100 2 -15428 2330
67 100 2 -15316 2358
68 100 2 -15448 2372
69 100 2 -15408 2400
70 100 2 -15296 2466
71 100 2 -15384 2542
72 100 2 -15292 2496
73 100 2 -15268 2604
74 100 2 -15268 2564
75 100 2 -15160 2540
76 100 2 -15248 2380
77 100 2 -15384 2392
78 100 2 -15420 2384
79 100 2 -15412 2444
80 100 2 -15400 2392
81 100 2 -15716 2298
82 100 2 -15484 2264
83 100 2 -15644 2312
84 100 2 -15692 2284
85 100 2 -15612 2212
86 100 2 -15624 2136
88 100 2 -15480 2108
89 100 2 -15460 2068
90 100 2 -15480 1980
91 100 2 -15400 1888
92 100 2 -15536 1936
93 100 2 -15608 1952
95 100 2 -15508 1878
96 100 2 -15576 1938
97 100 2 -15624 1996
98 100 2 -15464 1956
99 100 2 -15544 1984
101 100 2 -15700 1916
102 100 2 -15844 1958
103 100 2 -15848 1834
105 100 2 -15820 1772
106 100 2 -15776 1796
107 100 2 -15680 1884
109 100 2 -15880 2010
110 100 2 -15704 2066
112 100 2 -15772 2274
113 100 2 -15560 2214
114 100 2 -15536 2168
116 100 2 -15636 2106
117 100 2 -15840 2222
119 100 2 -15904 2232
120 100 2 -15708 2188
122 100 2 -15936 2218
124 100 2 -15972 2232
125 100 2 -16136 2332
127 100 2 -16276 2378
128 100 2 -15984 2394
130 100 2 -15944 2284
132 100 2 -15916 2228
133 100 2 -16024 2278
135 100 2 -16076 2280
137 100 2 -15892 2238
139 100 2 -15936 2430
140 100 2 -16204 2458
142 100 2 -16176 2636
144 100 2 -16232 2698
146 100 2 -15984 2636
148 100 2 -16204 2694
150 100 2 -16224 2762
152 100 2 -16056 2830
154 100 2 -16072 2984
155 100 2 -15980 2920
157 100 2 -16136 2880
160 100 2 -16096 2794
162 100 2 -16108 2736
164 100 2 -15996 2664
166 100 2 -16068 2870
168 100 2 -16060 2836
170 100 2 -16264 2876
172 100 2 -16440 2966
174 100 2 -16408 2982
177 100 2 -16092 2964
179 100 2 -16412 2964
181 100 2 -16132 2958
184 100 2 -16152 3004
186 100 2 -15960 2998
188 100 2 -16212 2996
191 100 2 -16472 2816
193 100 2 -16072 2842
196 100 2 -16048 2868
198 100 2 -16096 2742
201 100 2 -16328 2640
203 100 2 -16404 2566
206 100 2 -16244 2692
209 100 2 -16120 2618
211 100 2 -16328 2608
214 100 2 -16156 2612
217 100 2 -16312 2696
220 100 2 -16472 2960
222 100 2 -16524 3004
225 100 2 -16376 2842
228 100 2 -16704 2708
231 100 2 -16500 2644
234 100 2 -16688 2670
237 100 2 -16628 2726
240 100 2 -16516 2626
243 100 2 -16728 2792
246 100 2 -16548 2886
250 100 2 -16292 2808
253 100 2 -16464 2922
256 100 2 -16372 2870
259 100 2 -16100 2850
263 100 2 -16240 2876
266 100 2 -16184 2860
269 100 2 -16268 2750
273 100 2 -16480 2758
276 100 2 -16404 2764
280 100 2 -16428 2768
284 100 2 -16448 3000
287 100 2 -16336 2986
291 100 2 -16240 3190
295 100 2 -16236 3146
298 100 2 -16364 3072
302 100 2 -16476 2884
306 100 2 -16280 2826
310 100 2 -16236 2982
314 100 2 -16060 2982
318 100 2 -16440 3296
322 100 2 -16416 3306
326 100 2 -16056 3090
331 100 2 -16328 3226
335 100 2 -16388 3202
339 100 2 -16492 3230
344 100 2 -16464 3136
348 100 2 -16636 3238
352 100 2 -16700 3494
357 100 2 -16344 3520
362 100 2 -16552 3596
366 100 2 -16376 3640
371 100 2 -16344 3868
376 100 2 -16676 3906
381 100 2 -16616 3748
385 100 2 -16744 3726
390 100 2 -16672 3694
395 100 2 -16552 3662
401 100 2 -16704 3772
406 100 2 -16528 3940
411 100 2 -16076 3792
416 100 2 -16684 3788
422 100 2 -16716 3940
427 100 2 -16856 3996
433 100 2 -16844 4280
438 100 2 -16384 4218
444 100 2 -16544 4214
449 100 2 -16528 4222
455 100 2 -16228 4224
461 100 2 -16548 4220
467 100 2 -16416 4024
473 100 2 -16620 4146
479 100 2 -16644 4314
485 100 2 -16552 4228
492 100 2 -16284 4326
498 100 2 -16452 4388
504 100 2 -16428 4278
511 100 2 -16608 4486
517 100 2 -16684 4262
524 100 2 -16728 4386
531 100 2 -16920 4402
538 100 2 -16772 4260
545 100 2 -16620 4120
552 100 2 -16452 4022
559 100 2 -16856 4216
566 100 2 -16740 4188
573 100 2 -16384 3972
581 100 2 -16812 4194
588 100 2 -16592 4122
596 100 2 -16772 4084
603 100 2 -16728 4226
611 100 2 -17060 4354
619 100 2 -16504 4108
627 100 2 -16616 4302
635 100 2 -16840 4108
643 100 2 -17036 4226
652 100 2 -16784 4216
660 100 2 -16800 4080
668 100 2 -16688 3928
677 100 2 -16680 4044
686 100 2 -16412 4104
695 100 2 -16532 4210
704 100 2 -16432 4308
713 100 2 -16784 4142
722 100 2 -16460 3920
731 100 2 -16816 4106
741 100 2 -16676 4302
750 100 2 -16464 4306
760 100 2 -16692 4280
770 100 2 -16768 3968
780 100 2 -16668 3842
790 100 2 -16536 3766
800 100 2 -16620 3774
810 100 2 -16896 3936
821 100 2 -16676 3826
831 100 2 -16768 4012
842 100 2 -16732 4202
853 100 2 -16872 3868
864 100 2 -16916 3902
875 100 2 -16684 4086
886 100 2 -16696 4208
897 100 2 -16588 3906
909 100 2 -16608 3936
921 100 2 -16768 3818
933 100 2 -17020 3942
945 100 2 -16720 4034
957 100 2 -16828 3974
969 100 2 -16668 3920
982 100 2 -16496 4280
994 100 2 -16784 4442
1007 100 2 -16992 4808
1020 100 2 -16340 4544
1033 100 2 -16432 4580
1047 100 2 -16800 4876
1060 100 2 -16836 4886
1074 100 2 -16676 5048
1088 100 2 -16836 5122
1102 100 2 -16852 5428
1116 100 2 -16660 5420
1130 100 2 -16904 5580
1145 100 2 -16752 5606
1160 100 2 -16916 5668
1174 100 2 -17192 5904
1190 100 2 -17004 5796
1205 100 2 -17296 5926
1220 100 2 -17000 5826
1236 100 2 -17288 6094
1252 100 2 -16772 6034
1268 100 2 -17092 6156
1285 100 2 -17044 6150
1301 100 2 -17084 6432
1318 100 2 -17144 6460
1335 100 2 -16972 6498
1352 100 2 -16992 6820
1370 100 2 -17196 6738
1387 100 2 -17224 7006
1405 100 2 -16836 7076
1423 100 2 -16872 7048
1442 100 2 -16832 7224
1460 100 2 -17072 7110
1479 100 2 -16968 7092
1498 100 2 -16972 6914
1517 100 2 -17172 6930
1537 100 2 -17080 6842
1557 100 2 -16812 6998
1577 100 2 -17152 7018
1597 100 2 -16584 7026
1618 100 2 -16692 6972
1639 100 2 -16956 7038
1660 100 2 -17076 7282
1681 100 2 -17232 7248
1703 100 2 -17004 7268
1725 100 2 -17012 7386
1747 100 2 -17188 7590
1770 100 2 -17100 7776
1792 100 2 -17188 7838
1816 100 2 -17104 8032
1839 100 2 -17096 8028
1863 100 2 -17276 8206
1887 100 2 -16980 8216
1911 100 2 -17132 8210
1936 100 2 -17180 8322
1961 100 2 -17096 8238
1986 100 2 -17456 8600
2012 100 2 -17252 8438
2037 100 2 -17544 8590
2064 100 2 -17416 8560
2090 100 2 -17168 8456
2117 100 2 -17380 8564
2145 100 2 -17380 8690
2172 100 2 -17004 8500
2200 100 2 -17436 8702
2229 100 2 -17032 8608
2257 100 2 -17368 8960
2286 100 2 -17400 8908
2316 100 2 -17388 9080
2346 100 2 -17724 9140
2376 100 2 -17392 9080
2407 100 2 -17196 9014
2438 100 2 -17524 9172
2469 100 2 -17828 9302
2501 100 2 -17656 9074
2533 100 2 -17312 9114
2566 100 2 -17372 9126
2599 100 2 -17216 9010
2633 100 2 -17408 9134
2667 100 2 -17428 9062
2701 100 2 -17492 9132
2736 100 2 -17396 9048
2771 100 2 -17388 9158
2807 100 2 -17152 9000
2843 100 2 -17400 9086
2880 100 2 -17468 9142
2917 100 2 -17468 9170
2954 100 2 -17652 9188
2992 100 2 -17496 9134
3031 100 2 -17260 9082
3070 100 2 -17556 9134
3110 100 2 -17548 9222
3150 100 2 -17184 9052
3190 100 2 -17692 9216
3232 100 2 -17536 9114
3273 100 2 -17704 9206
3315 100 2 -17632 9202
3358 100 2 -17524 9160
3402 100 2 -17524 9160
3445 100 2 -17284 9032
3490 100 2 -17388 9120
3535 100 2 -17408 9130
3580 100 2 -17376 9030
3627 100 2 -17304 9128
3673 100 2 -17836 9284
3721 100 2 -17528 9172
3769 100 2 -17600 9236
3817 100 2 -17700 9204
3867 100 2 -17412 9076
3916 100 2 -17516 9072
3967 100 2 -17244 9022
4018 100 2 -17508 9180
4070 100 2 -17548 9150
4122 100 2 -17704 9232
4176 100 2 -17500 9142
4229 100 2 -17456 9102
4284 100 2 -17596 9230
4339 100 2 -18012 9394
4395 100 2 -17548 9208
4452 100 2 -17336 9014
4509 100 2 -17604 9176
4567 100 2 -17572 9116
4626 100 2 -17812 9214
4686 100 2 -17680 9240
4746 100 2 -17476 9078
4808 100 2 -17444 9064
4870 100 2 -17332 9144
4932 100 2 -17408 9088
4996 100 2 -17352 9072
5060 100 2 -17364 9116
5126 100 2 -17492 9132
5192 100 2 -17544 9142
5259 100 2 -17432 9088
5327 100 2 -17444 9074
5395 100 2 -17500 9218
5465 100 2 -17632 9220
5535 100 2 -17460 9166
5607 100 2 -17392 9090
5679 100 2 -17596 9224
5752 100 2 -17480 8978
5826 100 2 -17568 9134
5902 100 2 -17564 9116
5978 100 2 -17728 9190
6055 100 2 -17252 9050
6133 100 2 -17524 9094
6212 100 2 -17496 9154
6292 100 2 -17720 9232
6373 100 2 -17384 9110
6455 100 2 -17776 9290
6539 100 2 -17244 9038
6623 100 2 -17220 9008
6708 100 2 -17484 9168
6795 100 2 -17368 9072
6883 100 2 -17308 8982
6971 100 2 -17288 9008
7061 100 2 -17516 9116
7152 100 2 -17404 9140
7245 100 2 -17348 9066
7338 100 2 -17492 9190
7433 100 2 -17684 9194
7529 100 2 -17676 9256
7626 100 2 -17428 9046
7724 100 2 -17544 9186
7824 100 2 -17420 9100
7925 100 2 -17456 9062
8027 100 2 -17348 9102
8130 100 2 -17440 9126
8235 100 2 -17536 9096
8341 100 2 -17288 9044
8449 100 2 -17388 9080
8558 100 2 -17652 9262
8668 100 2 -17176 8872
8780 100 2 -17432 9066
8893 100 2 -17524 9152
9008 100 2 -17668 9204
9124 100 2 -17860 9252
9242 100 2 -17436 9092
9361 100 2 -17372 9048
9482 100 2 -17336 9072
9604 100 2 -17552 9170
9728 100 2 -17188 8906
9853 100 2 -17544 9174
9980 100 2 -17316 9088
10109 100 2 -17504 9172
10240 100 2 -17296 9042
10372 100 2 -17752 9266
10505 100 2 -17452 9162
10641 100 2 -17284 8988
10778 100 2 -17324 9040
10917 100 2 -17644 9206
11058 100 2 -17548 9160
11201 100 2 -17536 9034
11345 100 2 -17092 8948
11491 100 2 -17416 9114
11640 100 2 -17372 9118
11790 100 2 -17296 9048
11942 100 2 -17672 9236
12096 100 2 -17368 9128
12252 100 2 -17740 9294
12410 100 2 -17684 9242
12570 100 2 -17196 9004
12732 100 2 -17216 8976
12896 100 2 -17680 9192
13062 100 2 -17732 9212
13231 100 2 -17556 9144
13402 100 2 -17712 9280
13574 100 2 -17160 9008
13750 100 2 -17500 9096
13927 100 2 -17540 9104
14106 100 2 -17500 9118
14288 100 2 -17696 9184
14473 100 2 -17252 9058
14659 100 2 -17500 9106
14848 100 2 -17332 9088
15040 100 2 -17664 9198
15234 100 2 -17376 9080
15430 100 2 -17256 9024
15629 100 2 -17588 9156
15831 100 2 -17280 9002
16035 100 2 -17556 9164
16242 100 2 -17492 9150
16451 100 2 -17212 8956
16664 100 2 -17464 9144
16879 100 2 -17340 9068
17096 100 2 -17508 9138
17317 100 2 -17532 9132
17540 100 2 -17428 9120
17766 100 2 -17380 9034
17995 100 2 -17532 9136
18228 100 2 -17260 9032
18463 100 2 -17452 9004
18701 100 2 -17544 9212
18942 100 2 -17452 9058
19186 100 2 -17324 8982
19434 100 2 -17660 9242
19684 100 2 -17296 9006
19938 100 2 -17044 8928
20195 100 2 -17468 9108
20456 100 2 -17376 9138
20720 100 2 -17588 9168
20987 100 2 -17428 9098
21258 100 2 -17252 9038
21532 100 2 -17508 9144
21810 100 2 -17456 9106
22091 100 2 -17356 9066
22376 100 2 -17396 9074
22664 100 2 -17452 9122
22957 100 2 -17436 9102
23253 100 2 -17548 9104
23553 100 2 -17800 9328
23856 100 2 -17496 9194
24164 100 2 -17512 9114
24476 100 2 -17516 9182
24791 100 2 -17700 9266
25111 100 2 -17788 9284
25435 100 2 -17576 9134
25763 100 2 -17576 9166
26095 100 2 -17380 9110
26432 100 2 -17324 9048
26773 100 2 -17444 9120
27118 100 2 -17296 9040
27468 100 2 -17088 8960
27822 100 2 -17640 9216
28181 100 2 -17464 9186
28545 100 2 -17672 9180
28913 100 2 -17300 9020
29286 100 2 -17616 9164
29663 100 2 -17332 9016
30046 100 2 -17380 9110
30434 100 2 -17520 9116
30826 100 2 -17480 9108
31224 100 2 -17632 9112
31626 100 2 -17420 9140
32034 100 2 -17352 9032
32447 100 2 -17688 9234
32866 100 2 -17440 9162
33290 100 2 -17560 9086
33719 100 2 -17396 9090
34154 100 2 -17176 9006
34595 100 2 -17264 9036
35041 100 2 -17796 9298
35493 100 2 -17476 9126
35951 100 2 -17692 9184
36414 100 2 -17056 8888
36884 100 2 -17384 9072
37360 100 2 -17460 9184
37841 100 2 -17488 9174
38330 100 2 -17544 9114
38824 100 2 -17400 9098
39325 100 2 -17568 9172
39832 100 2 -17656 9226
40346 100 2 -17380 9126
40866 100 2 -17608 9194
41393 100 2 -17480 9086
41927 100 2 -17256 8976
42468 100 2 -17468 9120
43015 100 2 -17428 8988
43570 100 2 -17448 9068
44132 100 2 -17512 9058
44701 100 2 -17436 8988
45278 100 2 -17344 8994
45862 100 2 -17404 9080
46453 100 2 -17340 9052
47053 100 2 -17180 9010
47660 100 2 -17184 9058
48274 100 2 -17560 9202
48897 100 2 -17456 9118
49528 100 2 -17160 8984
50166 100 2 -17448 9106
50813 100 2 -17292 9088
51469 100 2 -17472 9084
52133 100 2 -17440 9110
52805 100 2 -17504 9130
53486 100 2 -17532 9152
54176 100 2 -17188 8972
54875 100 2 -17492 9130
55582 100 2 -17528 9200
56299 100 2 -17624 9078
57025 100 2 -17520 9090
57761 100 2 -17648 9224
58506 100 2 -17412 9036
59261 100 2 -17388 9124
60025 100 2 -17120 8976
60799 100 2 -17300 9110
61583 100 2 -17904 9322
62378 100 2 -17608 9180
63182 100 2 -17656 9188
63997 100 2 -17256 9002
64822 100 2 -17372 9094
65658 100 2 -17260 9020
66505 100 2 -17576 9176
67363 100 2 -17452 9124
68232 100 2 -17556 9132
69112 100 2 -17452 9124
70003 100 2 -17136 8948
70906 100 2 -17340 9062
71821 100 2 -17684 9216
72747 100 2 -17344 9076
73685 100 2 -17520 9086
74636 100 2 -17340 9106
75599 100 2 -17580 9210
76574 100 2 -17676 9288
77561 100 2 -17392 9042
78562 100 2 -17820 9250
79575 100 2 -17500 9220
80601 100 2 -17308 8964
81641 100 2 -17528 9190
82694 100 2 -17456 9100
83760 100 2 -17392 9052
84841 100 2 -17612 9200
85935 100 2 -17484 9154
87043 100 2 -17372 9100
88166 100 2 -17612 9202
89303 100 2 -17328 9114
90455 100 2 -17400 9016
91622 100 2 -17436 9154
92803 100 2 -17524 9174
94000 100 2 -17388 9118
95213 100 2 -17240 8968
96441 100 2 -17284 8938
97685 100 2 -17428 9154
98945 100 2 -17580 9190
100221 100 2 -17540 9168
101513 100 2 -17468 9160
102823 100 2 -17584 9178
104149 100 2 -17452 9132
105492 100 2 -17268 9052
106853 100 2 -17840 9292
108231 100 2 -17596 9136
109627 100 2 -17792 9290
111041 100 2 -17100 8918
112473 100 2 -17292 9084
113924 100 2 -17316 9014
115393 100 2 -17788 9240
116882 100 2 -17140 8998
118389 100 2 -17188 8986
119916 100 2 -17420 9130
121463 100 2 -17808 9220
123029 100 2 -17392 9004
124616 100 2 -17388 9076
126224 100 2 -17424 9096
127852 100 2 -17620 9180
129501 100 2 -17560 9168
131171 100 2 -17632 9110
132863 100 2 -17216 9046
134576 100 2 -17412 9112
136312 100 2 -17348 9050
138070 100 2 -17524 9156
139851 100 2 -17404 9038
141655 100 2 -17760 9254
143482 100 2 -17508 9114
145333 100 2 -17564 9194
147207 100 2 -17336 8960
149106 100 2 -17680 9276
151029 100 2 -17240 9018
152977 100 2 -17424 9156
154950 100 2 -17808 9288
156948 100 2 -17448 9190
158973 100 2 -17768 9284
161023 100 2 -17592 9182
163100 100 2 -17640 9196
165204 100 2 -17288 9014
167334 100 2 -17360 9060
169493 100 2 -17408 9124
171679 100 2 -17532 9142
173893 100 2 -17184 8978
176136 100 2 -17296 9078
178408 100 2 -17056 8990
180709 100 2 -17488 9224
183040 100 2 -17812 9194
185400 100 2 -17364 9046
187792 100 2 -17620 9148
190214 100 2 -17412 9162
192667 100 2 -17156 8944
195152 100 2 -17372 9092
197669 100 2 -17752 9248
200219 100 2 -17432 9108
202801 100 2 -17556 9156
205417 100 2 -17620 9198
208066 100 2 -17508 9144
210750 100 2 -17532 9186
213468 100 2 -17412 9084
216222 100 2 -17244 9102
219010 100 2 -17352 9090
221835 100 2 -17768 9224
224696 100 2 -17428 9108
227595 100 2 -17544 9164
230530 100 2 -17612 9132
233503 100 2 -17400 9104
236515 100 2 -17340 9122
239566 100 2 -17888 9314
242656 100 2 -17628 9216
245785 100 2 -17384 9092
248956 100 2 -17756 9250
252167 100 2 -17420 9164
255419 100 2 -17356 8936
258713 100 2 -17508 9140
262050 100 2 -17624 9090
265430 100 2 -16972 9000
268854 100 2 -17752 9248
272321 100 2 -17624 9184
275834 100 2 -17644 9204
279391 100 2 -17524 9200
282995 100 2 -17492 9062
286645 100 2 -17312 9060
290342 100 2 -17428 9144
294087 100 2 -17536 9156
297880 100 2 -17580 9172
301722 100 2 -17348 9030
305614 100 2 -17380 9086
309556 100 2 -17572 9198
313548 100 2 -17628 9120
317592 100 2 -17640 9158
321689 100 2 -17428 9118
325838 100 2 -17604 9174
330040 100 2 -17424 9130
334297 100 2 -17492 9166
338609 100 2 -17464 9018
342976 100 2 -17360 9108
347400 100 2 -17296 9066
351881 100 2 -17416 9040
356419 100 2 -17548 9198
361016 100 2 -17652 9178
365673 100 2 -17360 9082
370389 100 2 -17180 9020
375167 100 2 -17460 9104
380005 100 2 -17520 9154
384907 100 2 -17460 9074
389871 100 2 -17248 9056
394900 100 2 -17484 9132
399993 100 2 -17600 9152
405152 100 2 -17408 9136
410378 100 2 -17328 9004
415671 100 2 -17644 9208
421032 100 2 -17608 9200
426463 100 2 -17156 9026
431963 100 2 -17148 9016
437535 100 2 -17120 9032
443178 100 2 -17416 8972
448894 100 2 -17224 8948
454684 100 2 -17552 9188
460548 100 2 -17596 9204
466489 100 2 -17628 9226
472505 100 2 -17120 9014
478600 100 2 -17296 9016
484773 100 2 -17788 9288
491025 100 2 -17604 9076
497358 100 2 -17496 9150
503773 100 2 -17520 9132
510271 100 2 -17292 9104
516852 100 2 -17556 9152
523519 100 2 -17492 9132
530271 100 2 -17208 9030
537111 100 2 -17532 9144
544038 100 2 -17392 9042
551055 100 2 -17516 9150
558163 100 2 -17608 9132
565362 100 2 -17268 9072
572654 100 2 -17500 9202
580040 100 2 -17608 9112
587521 100 2 -17688 9180
595099 100 2 -17660 9228
602775 100 2 -17428 9076
610549 100 2 -17332 9030
618424 100 2 -17304 8970
626400 100 2 -17276 9026
634480 100 2 -17688 9212
642663 100 2 -17468 9124
650952 100 2 -17464 9118
659348 100 2 -17428 9116
667853 100 2 -17588 9198
676467 100 2 -17616 9212
685192 100 2 -17464 9196
694029 100 2 -17592 9130
702981 100 2 -17404 9160
712048 100 2 -17300 9050
721232 100 2 -17628 9222
730534 100 2 -17648 9242
739957 100 2 -17384 9014
749500 100 2 -17604 9194
759168 100 2 -17456 9148
768959 100 2 -17228 9076
778877 100 2 -17248 9030
788923 100 2 -17636 9212
799099 100 2 -17340 9070
809405 100 2 -17604 9166
819845 100 2 -17524 9172
830419 100 2 -17396 9100
841130 100 2 -17368 9090
851979 100 2 -17448 9096
862968 100 2 -17380 9122
874098 100 2 -17508 9072
885373 100 2 -17500 9142
896792 100 2 -17352 9092
908359 100 2 -17528 9192
920075 100 2 -17320 9072
931942 100 2 -17532 9180
943962 100 2 -17448 9094
956137 100 2 -17744 9262
968470 100 2 -17312 9068
980961 100 2 -17448 9140
993613 100 2 -17544 9168
999999 100 2 -17472 9020
