3 60 2.3 -3264 158
4 60 2.3 -3208 254
5 60 2.3 -3428 68
6 60 2.3 -3640 -38
7 60 2.3 -3784 -100
8 60 2.3 -3828 -86
9 60 2.3 -3920 -140
10 60 2.3 -4104 -82
11 60 2.3 -4060 -10
12 60 2.3 -4208 -24
13 60 2.3 -4060 -24
14 60 2.3 -4228 -36
15 60 2.3 -4284 -50
16 60 2.3 -4368 -80
17 60 2.3 -4500 -18
18 60 2.3 -4392 -38
19 60 2.3 -4540 -8
20 60 2.3 -4564 32
21 60 2.3 -4552 -26
22 60 2.3 -4524 -54
23 60 2.3 -4568 -78
24 60 2.3 -4460 -188
25 60 2.3 -4436 -202
26 60 2.3 -4324 -158
27 60 2.3 -4308 -138
28 60 2.3 -4412 -86
29 60 2.3 -4468 -122
30 60 2.3 -4612 -92
31 60 2.3 -4580 -100
32 60 2.3 -4432 -8
33 60 2.3 -4308 14
34 60 2.3 -4412 56
35 60 2.3 -4428 10
36 60 2.3 -4348 26
37 60 2.3 -4516 34
38 60 2.3 -4356 4
39 60 2.3 -4456 -22
40 60 2.3 -4596 -56
41 60 2.3 -4324 -34
42 60 2.3 -4324 -100
43 60 2.3 -4240 -100
44 60 2.3 -4316 -134
45 60 2.3 -4432 -222
46 60 2.3 -4300 -248
47 60 2.3 -4368 -278
48 60 2.3 -4368 -256
49 60 2.3 -4368 -272
50 60 2.3 -4416 -238
51 60 2.3 -4432 -186
52 60 2.3 -4528 -260
53 60 2.3 -4508 -256
54 60 2.3 -4512 -252
55 60 2.3 -4500 -352
56 60 2.3 -4484 -440
57 60 2.3 -4472 -390
58 60 2.3 -4308 -300
59 60 2.3 -4160 -238
60 60 2.3 -4212 -116
61 60 2.3 -4388 -200
62 60 2.3 -4356 -124
63 60 2.3 -4352 -54
64 60 2.3 -4368 -98
65 60 2.3 -4332 -108
66 60 2.3 -4344 -126
67 60 2.3 -4324 -42
68 60 2.3 -4340 10
69 60 2.3 -4296 56
70 60 2.3 -4232 28
71 60 2.3 -4328 126
72 60 2.3 -4444 246
73 60 2.3 -4492 200
74 60 2.3 -4592 314
75 60 2.3 -4624 252
76 60 2.3 -4640 264
77 60 2.3 -4456 278
78 60 2.3 -4540 216
79 60 2.3 -4576 162
80 60 2.3 -4652 94
81 60 2.3 -4756 144
82 60 2.3 -4532 64
83 60 2.3 -4644 120
84 60 2.3 -4608 152
85 60 2.3 -4464 252
86 60 2.3 -4556 326
88 60 2.3 -4404 276
89 60 2.3 -4448 260
90 60 2.3 -4392 238
91 60 2.3 -4300 236
92 60 2.3 -4316 258
93 60 2.3 -4472 220
95 60 2.3 -4548 286
96 60 2.3 -4548 418
97 60 2.3 -4444 430
98 60 2.3 -4512 324
99 60 2.3 -4648 360
101 60 2.3 -4680 242
102 60 2.3 -4632 238
103 60 2.3 -4692 310
105 60 2.3 -4704 354
106 60 2.3 -4696 214
107 60 2.3 -4600 220
109 60 2.3 -4660 124
110 60 2.3 -4660 184
112 60 2.3 -4628 218
113 60 2.3 -4432 188
114 60 2.3 -4500 226
116 60 2.3 -4832 334
117 60 2.3 -4736 368
119 60 2.3 -4600 328
120 60 2.3 -4628 384
122 60 2.3 -4744 236
124 60 2.3 -4696 168
125 60 2.3 -4652 94
127 60 2.3 -4508 16
128 60 2.3 -4580 62
130 60 2.3 -4676 142
132 60 2.3 -4564 228
133 60 2.3 -4576 264
135 60 2.3 -4652 418
137 60 2.3 -4716 278
139 60 2.3 -4616 360
140 60 2.3 -4648 226
142 60 2.3 -4620 272
144 60 2.3 -4708 310
146 60 2.3 -4636 390
148 60 2.3 -4768 326
150 60 2.3 -4536 288
152 60 2.3 -4568 156
154 60 2.3 -4500 -90
155 60 2.3 -4404 6
157 60 2.3 -4616 -30
160 60 2.3 -4512 -82
162 60 2.3 -4700 -46
164 60 2.3 -4700 -26
166 60 2.3 -4656 -86
168 60 2.3 -4748 -100
170 60 2.3 -4908 -164
172 60 2.3 -4744 -84
174 60 2.3 -4740 -100
177 60 2.3 -4624 -256
179 60 2.3 -4732 -194
181 60 2.3 -4792 -196
184 60 2.3 -4852 -140
186 60 2.3 -4856 -130
188 60 2.3 -4864 -84
191 60 2.3 -4844 -116
193 60 2.3 -5016 -166
196 60 2.3 -4700 -48
198 60 2.3 -4812 -124
201 60 2.3 -4632 -228
203 60 2.3 -4708 -168
206 60 2.3 -4688 90
209 60 2.3 -4692 192
211 60 2.3 -4884 248
214 60 2.3 -4944 82
217 60 2.3 -4748 50
220 60 2.3 -4784 -2
222 60 2.3 -4616 -74
225 60 2.3 -4652 -218
228 60 2.3 -4612 -220
231 60 2.3 -4476 -254
234 60 2.3 -4728 -154
237 60 2.3 -4808 -192
240 60 2.3 -4760 -144
243 60 2.3 -4768 -140
246 60 2.3 -4840 -112
250 60 2.3 -4916 -120
253 60 2.3 -4788 -166
256 60 2.3 -4900 -176
259 60 2.3 -4740 -40
263 60 2.3 -4836 72
266 60 2.3 -4848 186
269 60 2.3 -4804 216
273 60 2.3 -4868 310
276 60 2.3 -4964 362
280 60 2.3 -4740 476
284 60 2.3 -4916 400
287 60 2.3 -4996 436
291 60 2.3 -4920 322
295 60 2.3 -4816 190
298 60 2.3 -4836 292
302 60 2.3 -4756 308
306 60 2.3 -4952 506
310 60 2.3 -4952 514
314 60 2.3 -4780 552
318 60 2.3 -4752 558
322 60 2.3 -4740 746
326 60 2.3 -4804 782
331 60 2.3 -4792 918
335 60 2.3 -4792 1010
339 60 2.3 -5056 932
344 60 2.3 -4560 780
348 60 2.3 -4628 708
352 60 2.3 -4736 610
357 60 2.3 -4820 796
362 60 2.3 -4684 806
366 60 2.3 -4644 560
371 60 2.3 -4452 612
376 60 2.3 -4576 714
381 60 2.3 -4312 582
385 60 2.3 -4636 918
390 60 2.3 -4732 874
395 60 2.3 -4416 898
401 60 2.3 -4576 956
406 60 2.3 -4672 1190
411 60 2.3 -4752 1232
416 60 2.3 -4976 1298
422 60 2.3 -4860 1216
427 60 2.3 -4616 1050
433 60 2.3 -4756 1232
438 60 2.3 -4828 1180
444 60 2.3 -4772 1006
449 60 2.3 -4696 1082
455 60 2.3 -4876 1138
461 60 2.3 -4848 1056
467 60 2.3 -4924 1132
473 60 2.3 -4760 1126
479 60 2.3 -4944 1036
485 60 2.3 -5040 960
492 60 2.3 -4976 768
498 60 2.3 -4596 612
504 60 2.3 -4728 596
511 60 2.3 -4884 694
517 60 2.3 -4732 836
524 60 2.3 -4720 818
531 60 2.3 -4640 982
538 60 2.3 -4692 840
545 60 2.3 -4408 798
552 60 2.3 -4788 950
559 60 2.3 -4736 854
566 60 2.3 -4616 1004
573 60 2.3 -4700 954
581 60 2.3 -4608 1074
588 60 2.3 -4728 1330
596 60 2.3 -4844 1276
603 60 2.3 -4716 1264
611 60 2.3 -4744 1314
619 60 2.3 -4744 1140
627 60 2.3 -4736 1296
635 60 2.3 -4920 1448
643 60 2.3 -4796 1456
652 60 2.3 -4860 1444
660 60 2.3 -5100 1604
668 60 2.3 -5172 1810
677 60 2.3 -4852 1756
686 60 2.3 -5096 2060
695 60 2.3 -5192 2016
704 60 2.3 -5260 2178
713 60 2.3 -5084 2128
722 60 2.3 -5060 2138
731 60 2.3 -4920 2094
741 60 2.3 -4988 2042
750 60 2.3 -4756 1632
760 60 2.3 -4840 1788
770 60 2.3 -4916 2180
780 60 2.3 -5024 2256
790 60 2.3 -4912 2300
800 60 2.3 -4964 2180
810 60 2.3 -5212 2348
821 60 2.3 -4976 2422
831 60 2.3 -5220 2592
842 60 2.3 -5000 2492
853 60 2.3 -5172 2694
864 60 2.3 -5340 2742
875 60 2.3 -5064 2602
886 60 2.3 -5080 2574
897 60 2.3 -5228 2742
909 60 2.3 -5596 2920
921 60 2.3 -5276 2556
933 60 2.3 -5320 2632
945 60 2.3 -4984 2358
957 60 2.3 -4936 2166
969 60 2.3 -5220 2142
982 60 2.3 -4876 1880
994 60 2.3 -4900 2052
1007 60 2.3 -4936 1952
1020 60 2.3 -5040 1924
1033 60 2.3 -4864 1790
1047 60 2.3 -4740 1532
1060 60 2.3 -4928 1732
1074 60 2.3 -4692 1468
1088 60 2.3 -4488 1524
1102 60 2.3 -4844 1522
1116 60 2.3 -4920 1858
1130 60 2.3 -5024 1970
1145 60 2.3 -4932 1948
1160 60 2.3 -4876 1822
1174 60 2.3 -4872 2200
1190 60 2.3 -5204 2538
1205 60 2.3 -5060 2450
1220 60 2.3 -5208 2578
1236 60 2.3 -5352 2658
1252 60 2.3 -5244 2504
1268 60 2.3 -5108 2620
1285 60 2.3 -5316 2604
1301 60 2.3 -4964 2542
1318 60 2.3 -4992 2426
1335 60 2.3 -5120 2292
1352 60 2.3 -4920 2178
1370 60 2.3 -5004 2234
1387 60 2.3 -4996 2388
1405 60 2.3 -4944 2414
1423 60 2.3 -5076 2510
1442 60 2.3 -5304 2806
1460 60 2.3 -5148 2590
1479 60 2.3 -4856 2428
1498 60 2.3 -5284 2626
1517 60 2.3 -5148 2606
1537 60 2.3 -5164 2458
1557 60 2.3 -5124 2576
1577 60 2.3 -5012 2340
1597 60 2.3 -5092 2496
1618 60 2.3 -4988 2462
1639 60 2.3 -5012 2436
1660 60 2.3 -5268 2516
1681 60 2.3 -5100 2438
1703 60 2.3 -4868 2310
1725 60 2.3 -5048 2468
1747 60 2.3 -5048 2224
1770 60 2.3 -5028 2504
1792 60 2.3 -4980 2478
1816 60 2.3 -5056 2150
1839 60 2.3 -4916 2190
1863 60 2.3 -5096 2344
1887 60 2.3 -5180 2494
1911 60 2.3 -4504 1848
1936 60 2.3 -4688 1864
1961 60 2.3 -5072 2404
1986 60 2.3 -5080 2368
2012 60 2.3 -5164 2548
2037 60 2.3 -5184 2714
2064 60 2.3 -5440 2812
2090 60 2.3 -5232 2602
2117 60 2.3 -5288 2736
2145 60 2.3 -5200 2734
2172 60 2.3 -5148 2630
2200 60 2.3 -5272 2698
2229 60 2.3 -5372 2708
2257 60 2.3 -5384 2762
2286 60 2.3 -5168 2744
2316 60 2.3 -5396 2916
2346 60 2.3 -5120 2590
2376 60 2.3 -5340 2754
2407 60 2.3 -5040 2182
2438 60 2.3 -4924 2338
2469 60 2.3 -5192 2656
2501 60 2.3 -5176 2676
2533 60 2.3 -4980 2366
2566 60 2.3 -5004 2234
2599 60 2.3 -5068 2280
2633 60 2.3 -5148 2432
2667 60 2.3 -4876 1996
2701 60 2.3 -5020 2120
2736 60 2.3 -5012 2294
2771 60 2.3 -5208 2098
2807 60 2.3 -4944 2144
2843 60 2.3 -4836 1772
2880 60 2.3 -4592 1918
2917 60 2.3 -5120 2324
2954 60 2.3 -5208 2434
2992 60 2.3 -5052 2584
3031 60 2.3 -5204 2430
3070 60 2.3 -4984 1958
3110 60 2.3 -4588 1808
3150 60 2.3 -4748 1904
3190 60 2.3 -4952 2190
3232 60 2.3 -4728 2000
3273 60 2.3 -4968 1848
3315 60 2.3 -4624 1504
3358 60 2.3 -4960 1944
3402 60 2.3 -5056 1928
3445 60 2.3 -5020 1662
3490 60 2.3 -5116 1768
3535 60 2.3 -4912 1678
3580 60 2.3 -4844 1738
3627 60 2.3 -4796 1132
3673 60 2.3 -4516 1136
3721 60 2.3 -4776 1114
3769 60 2.3 -4428 484
3817 60 2.3 -4756 692
3867 60 2.3 -4672 1202
3916 60 2.3 -4756 1420
3967 60 2.3 -4768 1090
4018 60 2.3 -4764 1470
4070 60 2.3 -4888 2104
4122 60 2.3 -5312 2342
4176 60 2.3 -5024 2000
4229 60 2.3 -4692 1876
4284 60 2.3 -5188 2332
4339 60 2.3 -4956 2462
4395 60 2.3 -5216 2564
4452 60 2.3 -5100 2648
4509 60 2.3 -5640 2972
4567 60 2.3 -4916 2332
4626 60 2.3 -5340 2540
4686 60 2.3 -4928 2178
4746 60 2.3 -5012 2362
4808 60 2.3 -5032 2560
4870 60 2.3 -5124 2240
4932 60 2.3 -5016 2082
4996 60 2.3 -4756 1938
5060 60 2.3 -5068 2526
5126 60 2.3 -4948 2350
5192 60 2.3 -5100 2142
5259 60 2.3 -4912 2124
5327 60 2.3 -5084 2076
5395 60 2.3 -4804 1612
5465 60 2.3 -4796 1742
5535 60 2.3 -4544 1320
5607 60 2.3 -4860 1194
5679 60 2.3 -4840 1198
5752 60 2.3 -4848 1224
5826 60 2.3 -4960 1320
5902 60 2.3 -4812 1196
5978 60 2.3 -4908 970
6055 60 2.3 -4824 1542
6133 60 2.3 -4592 1342
6212 60 2.3 -4644 1560
6292 60 2.3 -4816 1492
6373 60 2.3 -4876 2216
6455 60 2.3 -4788 1686
6539 60 2.3 -4736 1524
6623 60 2.3 -4992 1844
6708 60 2.3 -4584 1220
6795 60 2.3 -4736 1224
6883 60 2.3 -4740 1618
6971 60 2.3 -4860 1898
7061 60 2.3 -4800 1964
7152 60 2.3 -5076 2490
7245 60 2.3 -5208 2158
7338 60 2.3 -5084 2190
7433 60 2.3 -5048 2186
7529 60 2.3 -5148 2282
7626 60 2.3 -5072 2290
7724 60 2.3 -5152 2526
7824 60 2.3 -5220 2592
7925 60 2.3 -5064 2544
8027 60 2.3 -4752 2288
8130 60 2.3 -4764 1878
8235 60 2.3 -5200 2092
8341 60 2.3 -4864 2142
8449 60 2.3 -4976 2262
8558 60 2.3 -5300 2626
8668 60 2.3 -5036 2106
8780 60 2.3 -4908 2350
8893 60 2.3 -4804 2058
9008 60 2.3 -5048 1984
9124 60 2.3 -4808 1534
9242 60 2.3 -4868 2220
9361 60 2.3 -4876 2188
9482 60 2.3 -4984 2354
9604 60 2.3 -4724 1586
9728 60 2.3 -4924 2080
9853 60 2.3 -5352 2490
9980 60 2.3 -4688 1950
10109 60 2.3 -4720 1998
10240 60 2.3 -4712 1862
10372 60 2.3 -5120 2476
10505 60 2.3 -5244 2542
10641 60 2.3 -4932 2412
10778 60 2.3 -5168 2500
10917 60 2.3 -5340 2200
11058 60 2.3 -4892 1848
11201 60 2.3 -5064 2416
11345 60 2.3 -4796 2080
11491 60 2.3 -4908 1790
11640 60 2.3 -5144 2218
11790 60 2.3 -4820 1832
11942 60 2.3 -4872 1922
12096 60 2.3 -4968 2184
12252 60 2.3 -5132 2690
12410 60 2.3 -5300 2686
12570 60 2.3 -4996 2356
12732 60 2.3 -4892 2304
12896 60 2.3 -5016 2046
13062 60 2.3 -4712 562
13231 60 2.3 -5020 2370
13402 60 2.3 -5104 2568
13574 60 2.3 -5320 2738
13750 60 2.3 -5156 2552
13927 60 2.3 -4756 2196
14106 60 2.3 -5012 2220
14288 60 2.3 -4948 2270
14473 60 2.3 -4832 1678
14659 60 2.3 -5004 1700
14848 60 2.3 -4944 2068
15040 60 2.3 -5056 2492
15234 60 2.3 -5044 2418
15430 60 2.3 -4776 1788
15629 60 2.3 -4924 1450
15831 60 2.3 -4752 1292
16035 60 2.3 -4816 1272
16242 60 2.3 -4976 1992
16451 60 2.3 -5116 2238
16664 60 2.3 -5004 1950
16879 60 2.3 -5284 2536
17096 60 2.3 -4784 1166
17317 60 2.3 -4884 1518
17540 60 2.3 -4640 1392
17766 60 2.3 -4992 1960
17995 60 2.3 -4844 1204
18228 60 2.3 -4772 128
18463 60 2.3 -4804 462
18701 60 2.3 -4596 842
18942 60 2.3 -4980 1604
19186 60 2.3 -4996 1398
19434 60 2.3 -4804 1738
19684 60 2.3 -4928 328
19938 60 2.3 -4868 -330
20195 60 2.3 -4460 -836
20456 60 2.3 -4996 -2226
20720 60 2.3 -5096 -2424
20987 60 2.3 -4692 -1612
21258 60 2.3 -4596 -988
21532 60 2.3 -4892 -1408
21810 60 2.3 -4836 -1104
22091 60 2.3 -4724 -924
22376 60 2.3 -4756 754
22664 60 2.3 -4832 2374
22957 60 2.3 -5212 2448
23253 60 2.3 -4952 2386
23553 60 2.3 -5152 2470
23856 60 2.3 -4816 2360
24164 60 2.3 -4668 828
24476 60 2.3 -4636 1258
24791 60 2.3 -4428 586
25111 60 2.3 -4708 846
25435 60 2.3 -4660 926
25763 60 2.3 -4772 1526
26095 60 2.3 -5056 2484
26432 60 2.3 -5072 2454
26773 60 2.3 -5196 2320
27118 60 2.3 -4828 1950
27468 60 2.3 -4808 1020
27822 60 2.3 -4836 1458
28181 60 2.3 -4904 2084
28545 60 2.3 -4996 2030
28913 60 2.3 -5148 2362
29286 60 2.3 -4872 2138
29663 60 2.3 -4732 1676
30046 60 2.3 -4644 1288
30434 60 2.3 -4800 1430
30826 60 2.3 -4712 1364
31224 60 2.3 -4576 840
31626 60 2.3 -4556 838
32034 60 2.3 -4840 -20
32447 60 2.3 -4748 -214
32866 60 2.3 -4516 528
33290 60 2.3 -4772 -270
33719 60 2.3 -4748 122
34154 60 2.3 -4552 -516
34595 60 2.3 -4624 -1156
35041 60 2.3 -4736 694
35493 60 2.3 -4856 732
35951 60 2.3 -4968 672
36414 60 2.3 -4412 986
36884 60 2.3 -4940 1854
37360 60 2.3 -4728 1506
37841 60 2.3 -4760 -480
38330 60 2.3 -4812 -1754
38824 60 2.3 -5348 -2608
39325 60 2.3 -4916 -2098
39832 60 2.3 -5012 -1832
40346 60 2.3 -5128 -2096
40866 60 2.3 -4860 -1788
41393 60 2.3 -4912 -1886
41927 60 2.3 -4824 -830
42468 60 2.3 -4640 120
43015 60 2.3 -4908 -926
43570 60 2.3 -4796 -720
44132 60 2.3 -4956 228
44701 60 2.3 -4740 1318
45278 60 2.3 -4860 2060
45862 60 2.3 -4816 994
46453 60 2.3 -5084 2378
47053 60 2.3 -5364 2560
47660 60 2.3 -5256 2494
48274 60 2.3 -4996 2474
48897 60 2.3 -4736 984
49528 60 2.3 -4844 1902
50166 60 2.3 -4968 2390
50813 60 2.3 -4764 1268
51469 60 2.3 -4616 -52
52133 60 2.3 -4816 -1926
52805 60 2.3 -4892 -1680
53486 60 2.3 -5112 -2392
54176 60 2.3 -5004 -2308
54875 60 2.3 -4568 -306
55582 60 2.3 -4912 -768
56299 60 2.3 -4908 -1728
57025 60 2.3 -5260 -2622
57761 60 2.3 -4980 -2294
58506 60 2.3 -4616 -1434
59261 60 2.3 -4996 -2062
60025 60 2.3 -4788 -1420
60799 60 2.3 -4668 -1898
61583 60 2.3 -5152 -1612
62378 60 2.3 -4956 -2074
63182 60 2.3 -4524 -666
63997 60 2.3 -4888 2022
64822 60 2.3 -4768 1978
65658 60 2.3 -4608 1318
66505 60 2.3 -4680 -878
67363 60 2.3 -5000 1386
68232 60 2.3 -5200 1912
69112 60 2.3 -5004 2448
70003 60 2.3 -4840 -1404
70906 60 2.3 -4972 -1386
71821 60 2.3 -5212 -2642
72747 60 2.3 -4808 -1162
73685 60 2.3 -4736 -768
74636 60 2.3 -4560 142
75599 60 2.3 -5020 -1624
76574 60 2.3 -4992 -2372
77561 60 2.3 -4792 -1662
78562 60 2.3 -5192 -2472
79575 60 2.3 -4940 -2258
80601 60 2.3 -5008 -2156
81641 60 2.3 -4976 -2000
82694 60 2.3 -5060 -1846
83760 60 2.3 -4940 -2078
84841 60 2.3 -4436 -1246
85935 60 2.3 -5060 -700
87043 60 2.3 -4880 -914
88166 60 2.3 -4836 -62
89303 60 2.3 -4608 -166
90455 60 2.3 -4812 -1740
91622 60 2.3 -4812 -1974
92803 60 2.3 -5048 -1792
94000 60 2.3 -4640 832
95213 60 2.3 -5128 1568
96441 60 2.3 -4632 -550
97685 60 2.3 -5008 -2022
98945 60 2.3 -5100 -2312
100221 60 2.3 -5096 -1950
101513 60 2.3 -4916 -2090
102823 60 2.3 -4648 -404
104149 60 2.3 -4916 1858
105492 60 2.3 -4660 1354
106853 60 2.3 -5040 1968
108231 60 2.3 -4692 -352
109627 60 2.3 -4872 -1854
111041 60 2.3 -4924 -568
112473 60 2.3 -4676 -1234
113924 60 2.3 -4996 -1806
115393 60 2.3 -4908 -898
116882 60 2.3 -4752 1102
118389 60 2.3 -4924 -1148
119916 60 2.3 -4672 -1486
121463 60 2.3 -5116 -2056
123029 60 2.3 -5012 -2152
124616 60 2.3 -5036 -1840
126224 60 2.3 -5264 -2684
127852 60 2.3 -4996 -1924
129501 60 2.3 -4960 -1948
131171 60 2.3 -4652 362
132863 60 2.3 -5076 1580
134576 60 2.3 -4556 820
136312 60 2.3 -4996 1666
138070 60 2.3 -4512 -964
139851 60 2.3 -4956 -310
141655 60 2.3 -4900 -1720
143482 60 2.3 -4896 -1146
145333 60 2.3 -4712 -662
147207 60 2.3 -4944 -1762
149106 60 2.3 -5160 -2438
151029 60 2.3 -4888 -2102
152977 60 2.3 -4900 -2302
154950 60 2.3 -4636 -356
156948 60 2.3 -4672 -1728
158973 60 2.3 -5080 -2166
161023 60 2.3 -4996 -1482
163100 60 2.3 -5032 2336
165204 60 2.3 -4892 1266
167334 60 2.3 -5172 2566
169493 60 2.3 -5008 2108
171679 60 2.3 -4780 1484
173893 60 2.3 -4648 580
176136 60 2.3 -4848 2082
178408 60 2.3 -4628 -634
180709 60 2.3 -4776 1222
183040 60 2.3 -5000 2480
185400 60 2.3 -4920 1618
187792 60 2.3 -4920 -1694
190214 60 2.3 -4696 -1946
192667 60 2.3 -5144 1436
195152 60 2.3 -5284 2062
197669 60 2.3 -5172 2480
200219 60 2.3 -5148 2390
202801 60 2.3 -4872 1724
205417 60 2.3 -4824 -2072
208066 60 2.3 -5084 -1192
210750 60 2.3 -4800 -2050
213468 60 2.3 -5260 -2722
216222 60 2.3 -4704 384
219010 60 2.3 -4900 706
221835 60 2.3 -4556 422
224696 60 2.3 -4944 2410
227595 60 2.3 -4412 948
230530 60 2.3 -5172 2572
233503 60 2.3 -4724 1898
236515 60 2.3 -4908 2138
239566 60 2.3 -4848 1804
242656 60 2.3 -4900 1920
245785 60 2.3 -5020 -1912
248956 60 2.3 -5016 2270
252167 60 2.3 -4872 1706
255419 60 2.3 -5176 2422
258713 60 2.3 -4964 2232
262050 60 2.3 -5232 2610
265430 60 2.3 -5040 1868
268854 60 2.3 -4808 1930
272321 60 2.3 -4752 1674
275834 60 2.3 -5164 2242
279391 60 2.3 -4384 218
282995 60 2.3 -4660 110
286645 60 2.3 -4496 1334
290342 60 2.3 -4780 1530
294087 60 2.3 -4596 -1458
297880 60 2.3 -5024 2258
301722 60 2.3 -4972 1756
305614 60 2.3 -4748 -1906
309556 60 2.3 -4996 -1426
313548 60 2.3 -5008 -1624
317592 60 2.3 -5096 -2156
321689 60 2.3 -5288 -2408
325838 60 2.3 -4852 -2274
330040 60 2.3 -4728 -2006
334297 60 2.3 -4780 -1108
338609 60 2.3 -5196 -2472
342976 60 2.3 -5060 -2012
347400 60 2.3 -4660 14
351881 60 2.3 -4864 2502
356419 60 2.3 -4540 -872
361016 60 2.3 -4912 1834
365673 60 2.3 -5120 -2382
370389 60 2.3 -5144 -2480
375167 60 2.3 -5088 -1698
380005 60 2.3 -4932 862
384907 60 2.3 -4740 2094
389871 60 2.3 -4816 608
394900 60 2.3 -4680 972
399993 60 2.3 -4604 1718
405152 60 2.3 -4932 -2032
410378 60 2.3 -5084 -2150
415671 60 2.3 -4712 -428
421032 60 2.3 -5004 2286
426463 60 2.3 -5132 -2134
431963 60 2.3 -4756 -1400
437535 60 2.3 -5032 2084
443178 60 2.3 -5308 -2786
448894 60 2.3 -4940 2044
454684 60 2.3 -5016 -1826
460548 60 2.3 -4904 -2354
466489 60 2.3 -4708 -1256
472505 60 2.3 -4876 -1916
478600 60 2.3 -4944 -2250
484773 60 2.3 -4776 1566
491025 60 2.3 -4468 -300
497358 60 2.3 -4856 -2050
503773 60 2.3 -5184 -2030
510271 60 2.3 -4848 -1940
516852 60 2.3 -4704 -372
523519 60 2.3 -5064 1872
530271 60 2.3 -4820 -638
537111 60 2.3 -5304 -2540
544038 60 2.3 -4560 1342
551055 60 2.3 -4584 1248
558163 60 2.3 -4788 -1706
565362 60 2.3 -4976 -2462
572654 60 2.3 -4732 374
580040 60 2.3 -4984 2058
587521 60 2.3 -4656 1312
595099 60 2.3 -5108 2294
602775 60 2.3 -4640 -2000
610549 60 2.3 -5068 2232
618424 60 2.3 -5112 -2520
626400 60 2.3 -5200 -2506
634480 60 2.3 -5080 -2634
642663 60 2.3 -5140 2342
650952 60 2.3 -4796 -1384
659348 60 2.3 -4888 -1932
667853 60 2.3 -4756 -572
676467 60 2.3 -4812 -2144
685192 60 2.3 -5036 -1986
694029 60 2.3 -4928 -2024
702981 60 2.3 -5008 -1924
712048 60 2.3 -4720 50
721232 60 2.3 -4520 1142
730534 60 2.3 -5084 1878
739957 60 2.3 -4900 2038
749500 60 2.3 -4508 -442
759168 60 2.3 -4984 1264
768959 60 2.3 -4816 542
778877 60 2.3 -4548 -874
788923 60 2.3 -5020 -2178
799099 60 2.3 -4844 578
809405 60 2.3 -4944 1742
819845 60 2.3 -4800 1154
830419 60 2.3 -4852 2074
841130 60 2.3 -4944 -1984
851979 60 2.3 -4708 -1502
862968 60 2.3 -4900 1840
874098 60 2.3 -4596 -430
885373 60 2.3 -4972 -2464
896792 60 2.3 -4820 1626
908359 60 2.3 -4880 -2472
920075 60 2.3 -4856 1616
931942 60 2.3 -4856 -1040
943962 60 2.3 -5072 2298
956137 60 2.3 -4916 1336
968470 60 2.3 -4724 1710
980961 60 2.3 -4752 -798
993613 60 2.3 -4820 -2110
999999 60 2.3 -4784 1474
