3 20 2.2 -384 -96
4 20 2.2 -400 -142
5 20 2.2 -492 -182
6 20 2.2 -544 -194
7 20 2.2 -520 -202
8 20 2.2 -496 -184
9 20 2.2 -516 -178
10 20 2.2 -484 -164
11 20 2.2 -524 -154
12 20 2.2 -504 -176
13 20 2.2 -532 -226
14 20 2.2 -580 -230
15 20 2.2 -512 -214
16 20 2.2 -512 -174
17 20 2.2 -536 -170
18 20 2.2 -520 -168
19 20 2.2 -528 -170
20 20 2.2 -532 -158
21 20 2.2 -548 -158
22 20 2.2 -540 -160
23 20 2.2 -568 -150
24 20 2.2 -508 -150
25 20 2.2 -536 -154
26 20 2.2 -460 -154
27 20 2.2 -516 -144
28 20 2.2 -528 -152
29 20 2.2 -516 -162
30 20 2.2 -508 -164
31 20 2.2 -516 -128
32 20 2.2 -552 -138
33 20 2.2 -540 -152
34 20 2.2 -560 -144
35 20 2.2 -548 -170
36 20 2.2 -580 -206
37 20 2.2 -556 -196
38 20 2.2 -532 -182
39 20 2.2 -504 -188
40 20 2.2 -516 -184
41 20 2.2 -516 -202
42 20 2.2 -484 -204
43 20 2.2 -528 -210
44 20 2.2 -592 -232
45 20 2.2 -588 -218
46 20 2.2 -508 -196
47 20 2.2 -540 -142
48 20 2.2 -548 -118
49 20 2.2 -508 -116
50 20 2.2 -544 -116
51 20 2.2 -548 -120
52 20 2.2 -544 -126
53 20 2.2 -520 -144
54 20 2.2 -552 -166
55 20 2.2 -552 -170
56 20 2.2 -540 -172
57 20 2.2 -568 -172
58 20 2.2 -580 -200
59 20 2.2 -552 -214
60 20 2.2 -548 -230
61 20 2.2 -532 -222
62 20 2.2 -524 -222
63 20 2.2 -516 -208
64 20 2.2 -492 -202
65 20 2.2 -508 -192
66 20 2.2 -580 -214
67 20 2.2 -632 -260
68 20 2.2 -640 -274
69 20 2.2 -592 -254
70 20 2.2 -600 -272
71 20 2.2 -564 -240
72 20 2.2 -588 -254
73 20 2.2 -544 -232
74 20 2.2 -536 -242
75 20 2.2 -564 -260
76 20 2.2 -552 -242
77 20 2.2 -644 -260
78 20 2.2 -608 -256
79 20 2.2 -576 -250
80 20 2.2 -580 -244
81 20 2.2 -516 -226
82 20 2.2 -620 -210
83 20 2.2 -636 -222
84 20 2.2 -588 -208
85 20 2.2 -524 -202
86 20 2.2 -544 -218
88 20 2.2 -500 -214
89 20 2.2 -520 -202
90 20 2.2 -528 -194
91 20 2.2 -536 -178
92 20 2.2 -568 -180
93 20 2.2 -560 -150
95 20 2.2 -556 -174
96 20 2.2 -552 -194
97 20 2.2 -524 -208
98 20 2.2 -488 -208
99 20 2.2 -472 -202
101 20 2.2 -540 -190
102 20 2.2 -504 -202
103 20 2.2 -548 -218
105 20 2.2 -544 -234
106 20 2.2 -572 -246
107 20 2.2 -576 -262
109 20 2.2 -580 -286
110 20 2.2 -560 -264
112 20 2.2 -532 -264
113 20 2.2 -500 -262
114 20 2.2 -552 -266
116 20 2.2 -564 -296
117 20 2.2 -580 -310
119 20 2.2 -668 -354
120 20 2.2 -640 -346
122 20 2.2 -644 -338
124 20 2.2 -652 -338
125 20 2.2 -648 -334
127 20 2.2 -640 -344
128 20 2.2 -644 -346
130 20 2.2 -668 -356
132 20 2.2 -604 -328
133 20 2.2 -644 -326
135 20 2.2 -612 -314
137 20 2.2 -628 -312
139 20 2.2 -628 -308
140 20 2.2 -640 -312
142 20 2.2 -608 -320
144 20 2.2 -612 -312
146 20 2.2 -600 -302
148 20 2.2 -616 -304
150 20 2.2 -612 -280
152 20 2.2 -544 -256
154 20 2.2 -568 -260
155 20 2.2 -548 -260
157 20 2.2 -588 -308
160 20 2.2 -592 -316
162 20 2.2 -592 -314
164 20 2.2 -648 -346
166 20 2.2 -684 -358
168 20 2.2 -664 -346
170 20 2.2 -640 -332
172 20 2.2 -604 -322
174 20 2.2 -628 -326
177 20 2.2 -684 -348
179 20 2.2 -668 -352
181 20 2.2 -652 -346
184 20 2.2 -624 -344
186 20 2.2 -620 -342
188 20 2.2 -636 -338
191 20 2.2 -676 -356
193 20 2.2 -672 -358
196 20 2.2 -644 -348
198 20 2.2 -636 -342
201 20 2.2 -624 -338
203 20 2.2 -628 -332
206 20 2.2 -660 -356
209 20 2.2 -668 -352
211 20 2.2 -728 -380
214 20 2.2 -616 -332
217 20 2.2 -560 -310
220 20 2.2 -668 -346
222 20 2.2 -684 -364
225 20 2.2 -692 -366
228 20 2.2 -604 -322
231 20 2.2 -616 -300
234 20 2.2 -608 -328
237 20 2.2 -596 -334
240 20 2.2 -588 -322
243 20 2.2 -708 -374
246 20 2.2 -692 -370
250 20 2.2 -680 -362
253 20 2.2 -656 -358
256 20 2.2 -596 -318
259 20 2.2 -652 -332
263 20 2.2 -572 -286
266 20 2.2 -560 -284
269 20 2.2 -596 -318
273 20 2.2 -548 -282
276 20 2.2 -680 -352
280 20 2.2 -548 -296
284 20 2.2 -604 -322
287 20 2.2 -664 -346
291 20 2.2 -676 -364
295 20 2.2 -608 -330
298 20 2.2 -620 -340
302 20 2.2 -604 -340
306 20 2.2 -648 -344
310 20 2.2 -592 -326
314 20 2.2 -564 -300
318 20 2.2 -628 -328
322 20 2.2 -700 -366
326 20 2.2 -604 -326
331 20 2.2 -584 -306
335 20 2.2 -620 -336
339 20 2.2 -596 -318
344 20 2.2 -672 -348
348 20 2.2 -672 -324
352 20 2.2 -648 -312
357 20 2.2 -636 -346
362 20 2.2 -608 -338
366 20 2.2 -652 -348
371 20 2.2 -592 -328
376 20 2.2 -576 -320
381 20 2.2 -580 -318
385 20 2.2 -624 -328
390 20 2.2 -664 -352
395 20 2.2 -688 -350
401 20 2.2 -668 -338
406 20 2.2 -640 -334
411 20 2.2 -592 -306
416 20 2.2 -624 -304
422 20 2.2 -636 -298
427 20 2.2 -608 -302
433 20 2.2 -656 -342
438 20 2.2 -684 -348
444 20 2.2 -728 -380
449 20 2.2 -648 -346
455 20 2.2 -668 -346
461 20 2.2 -632 -338
467 20 2.2 -664 -338
473 20 2.2 -636 -342
479 20 2.2 -600 -322
485 20 2.2 -652 -348
492 20 2.2 -600 -314
498 20 2.2 -616 -330
504 20 2.2 -644 -342
511 20 2.2 -648 -354
517 20 2.2 -612 -330
524 20 2.2 -608 -316
531 20 2.2 -584 -318
538 20 2.2 -572 -314
545 20 2.2 -576 -300
552 20 2.2 -556 -282
559 20 2.2 -656 -316
566 20 2.2 -560 -272
573 20 2.2 -556 -260
581 20 2.2 -616 -342
588 20 2.2 -676 -364
596 20 2.2 -632 -346
603 20 2.2 -644 -340
611 20 2.2 -668 -348
619 20 2.2 -628 -336
627 20 2.2 -620 -316
635 20 2.2 -660 -348
643 20 2.2 -596 -316
652 20 2.2 -608 -342
660 20 2.2 -668 -334
668 20 2.2 -660 -348
677 20 2.2 -636 -332
686 20 2.2 -584 -316
695 20 2.2 -524 -262
704 20 2.2 -560 -306
713 20 2.2 -632 -332
722 20 2.2 -628 -326
731 20 2.2 -640 -330
741 20 2.2 -680 -354
750 20 2.2 -608 -328
760 20 2.2 -568 -312
770 20 2.2 -584 -304
780 20 2.2 -616 -330
790 20 2.2 -708 -368
800 20 2.2 -708 -372
810 20 2.2 -708 -374
821 20 2.2 -676 -364
831 20 2.2 -676 -358
842 20 2.2 -712 -376
853 20 2.2 -684 -352
864 20 2.2 -624 -340
875 20 2.2 -640 -344
886 20 2.2 -684 -360
897 20 2.2 -636 -344
909 20 2.2 -648 -350
921 20 2.2 -636 -340
933 20 2.2 -704 -368
945 20 2.2 -656 -354
957 20 2.2 -648 -348
969 20 2.2 -536 -232
982 20 2.2 -652 -352
994 20 2.2 -600 -332
1007 20 2.2 -668 -356
1020 20 2.2 -640 -340
1033 20 2.2 -664 -360
1047 20 2.2 -564 -290
1060 20 2.2 -604 -324
1074 20 2.2 -628 -322
1088 20 2.2 -600 -316
1102 20 2.2 -616 -304
1116 20 2.2 -568 -298
1130 20 2.2 -660 -332
1145 20 2.2 -644 -314
1160 20 2.2 -732 -380
1174 20 2.2 -644 -346
1190 20 2.2 -688 -368
1205 20 2.2 -564 -298
1220 20 2.2 -616 -296
1236 20 2.2 -620 -340
1252 20 2.2 -656 -352
1268 20 2.2 -600 -326
1285 20 2.2 -560 -302
1301 20 2.2 -688 -352
1318 20 2.2 -644 -346
1335 20 2.2 -664 -344
1352 20 2.2 -628 -342
1370 20 2.2 -660 -356
1387 20 2.2 -584 -290
1405 20 2.2 -620 -340
1423 20 2.2 -584 -292
1442 20 2.2 -604 -308
1460 20 2.2 -676 -324
1479 20 2.2 -640 -332
1498 20 2.2 -648 -342
1517 20 2.2 -660 -346
1537 20 2.2 -680 -364
1557 20 2.2 -652 -352
1577 20 2.2 -656 -356
1597 20 2.2 -632 -344
1618 20 2.2 -636 -340
1639 20 2.2 -656 -354
1660 20 2.2 -684 -358
1681 20 2.2 -560 -262
1703 20 2.2 -560 -314
1725 20 2.2 -612 -328
1747 20 2.2 -544 -264
1770 20 2.2 -648 -344
1792 20 2.2 -664 -350
1816 20 2.2 -684 -366
1839 20 2.2 -696 -368
1863 20 2.2 -604 -312
1887 20 2.2 -680 -360
1911 20 2.2 -628 -346
1936 20 2.2 -688 -366
1961 20 2.2 -564 -272
1986 20 2.2 -620 -324
2012 20 2.2 -660 -352
2037 20 2.2 -684 -362
2064 20 2.2 -652 -336
2090 20 2.2 -652 -350
2117 20 2.2 -584 -312
2145 20 2.2 -620 -336
2172 20 2.2 -604 -204
2200 20 2.2 -528 -232
2229 20 2.2 -508 -164
2257 20 2.2 -556 -262
2286 20 2.2 -608 -314
2316 20 2.2 -492 -118
2346 20 2.2 -560 -206
2376 20 2.2 -700 -368
2407 20 2.2 -612 -254
2438 20 2.2 -672 -362
2469 20 2.2 -620 -338
2501 20 2.2 -688 -368
2533 20 2.2 -672 -346
2566 20 2.2 -576 -294
2599 20 2.2 -660 -356
2633 20 2.2 -592 -324
2667 20 2.2 -524 -300
2701 20 2.2 -624 -310
2736 20 2.2 -644 -308
2771 20 2.2 -700 -366
2807 20 2.2 -656 -354
2843 20 2.2 -656 -356
2880 20 2.2 -644 -350
2917 20 2.2 -604 -324
2954 20 2.2 -612 -328
2992 20 2.2 -676 -356
3031 20 2.2 -656 -298
3070 20 2.2 -624 -322
3110 20 2.2 -592 -324
3150 20 2.2 -632 -312
3190 20 2.2 -640 -326
3232 20 2.2 -612 -320
3273 20 2.2 -592 -318
3315 20 2.2 -580 -330
3358 20 2.2 -652 -352
3402 20 2.2 -584 -312
3445 20 2.2 -632 -318
3490 20 2.2 -604 -322
3535 20 2.2 -612 -336
3580 20 2.2 -536 -244
3627 20 2.2 -544 -278
3673 20 2.2 -620 -318
3721 20 2.2 -672 -356
3769 20 2.2 -696 -370
3817 20 2.2 -628 -344
3867 20 2.2 -520 -250
3916 20 2.2 -572 -282
3967 20 2.2 -680 -350
4018 20 2.2 -664 -352
4070 20 2.2 -660 -344
4122 20 2.2 -632 -350
4176 20 2.2 -616 -340
4229 20 2.2 -608 -324
4284 20 2.2 -604 -306
4339 20 2.2 -596 -316
4395 20 2.2 -644 -338
4452 20 2.2 -628 -278
4509 20 2.2 -520 -158
4567 20 2.2 -580 -208
4626 20 2.2 -680 -354
4686 20 2.2 -640 -344
4746 20 2.2 -560 -286
4808 20 2.2 -584 -304
4870 20 2.2 -620 -346
4932 20 2.2 -612 -282
4996 20 2.2 -556 -222
5060 20 2.2 -608 -328
5126 20 2.2 -612 -292
5192 20 2.2 -620 -316
5259 20 2.2 -648 -346
5327 20 2.2 -680 -338
5395 20 2.2 -696 -366
5465 20 2.2 -652 -348
5535 20 2.2 -644 -342
5607 20 2.2 -556 -242
5679 20 2.2 -684 -366
5752 20 2.2 -656 -340
5826 20 2.2 -672 -346
5902 20 2.2 -700 -370
5978 20 2.2 -484 -26
6055 20 2.2 -576 154
6133 20 2.2 -488 42
6212 20 2.2 -476 -42
6292 20 2.2 -528 -196
6373 20 2.2 -592 -320
6455 20 2.2 -688 -344
6539 20 2.2 -568 -294
6623 20 2.2 -600 -294
6708 20 2.2 -616 -312
6795 20 2.2 -680 -360
6883 20 2.2 -576 -246
6971 20 2.2 -628 -318
7061 20 2.2 -652 -358
7152 20 2.2 -620 -330
7245 20 2.2 -528 -220
7338 20 2.2 -676 -362
7433 20 2.2 -588 -286
7529 20 2.2 -552 -250
7626 20 2.2 -640 -338
7724 20 2.2 -676 -352
7824 20 2.2 -652 -348
7925 20 2.2 -684 -362
8027 20 2.2 -604 -334
8130 20 2.2 -600 -314
8235 20 2.2 -660 -350
8341 20 2.2 -576 -296
8449 20 2.2 -640 -346
8558 20 2.2 -560 -298
8668 20 2.2 -672 -356
8780 20 2.2 -572 -312
8893 20 2.2 -624 -338
9008 20 2.2 -648 -340
9124 20 2.2 -656 -354
9242 20 2.2 -712 -376
9361 20 2.2 -564 -234
9482 20 2.2 -628 -344
9604 20 2.2 -604 -284
9728 20 2.2 -660 -354
9853 20 2.2 -644 -358
9980 20 2.2 -628 -338
10109 20 2.2 -608 -332
10240 20 2.2 -592 -288
10372 20 2.2 -548 -272
10505 20 2.2 -588 -304
10641 20 2.2 -676 -356
10778 20 2.2 -644 -344
10917 20 2.2 -596 -310
11058 20 2.2 -688 -370
11201 20 2.2 -576 -274
11345 20 2.2 -616 -342
11491 20 2.2 -688 -358
11640 20 2.2 -660 -344
11790 20 2.2 -652 -350
11942 20 2.2 -576 -284
12096 20 2.2 -656 -350
12252 20 2.2 -692 -366
12410 20 2.2 -640 -296
12570 20 2.2 -584 -310
12732 20 2.2 -600 -300
12896 20 2.2 -680 -364
13062 20 2.2 -588 -296
13231 20 2.2 -552 -294
13402 20 2.2 -532 -282
13574 20 2.2 -632 -298
13750 20 2.2 -576 242
13927 20 2.2 -640 332
14106 20 2.2 -612 328
14288 20 2.2 -604 320
14473 20 2.2 -608 326
14659 20 2.2 -624 326
14848 20 2.2 -628 320
15040 20 2.2 -628 346
15234 20 2.2 -648 348
15430 20 2.2 -632 342
15629 20 2.2 -672 354
15831 20 2.2 -692 362
16035 20 2.2 -608 346
16242 20 2.2 -612 338
16451 20 2.2 -644 338
16664 20 2.2 -592 188
16879 20 2.2 -656 334
17096 20 2.2 -628 348
17317 20 2.2 -608 328
17540 20 2.2 -656 342
17766 20 2.2 -676 356
17995 20 2.2 -640 326
18228 20 2.2 -688 368
18463 20 2.2 -552 296
18701 20 2.2 -608 304
18942 20 2.2 -656 324
19186 20 2.2 -592 284
19434 20 2.2 -608 290
19684 20 2.2 -660 352
19938 20 2.2 -556 224
20195 20 2.2 -676 362
20456 20 2.2 -700 366
20720 20 2.2 -564 248
20987 20 2.2 -576 264
21258 20 2.2 -620 320
21532 20 2.2 -684 360
21810 20 2.2 -648 350
22091 20 2.2 -620 336
22376 20 2.2 -620 336
22664 20 2.2 -616 306
22957 20 2.2 -680 344
23253 20 2.2 -628 344
23553 20 2.2 -584 238
23856 20 2.2 -624 304
24164 20 2.2 -648 342
24476 20 2.2 -644 342
24791 20 2.2 -508 188
25111 20 2.2 -680 360
25435 20 2.2 -596 300
25763 20 2.2 -672 362
26095 20 2.2 -680 352
26432 20 2.2 -612 310
26773 20 2.2 -632 346
27118 20 2.2 -620 332
27468 20 2.2 -676 358
27822 20 2.2 -556 -172
28181 20 2.2 -668 -362
28545 20 2.2 -684 -366
28913 20 2.2 -680 -364
29286 20 2.2 -556 -278
29663 20 2.2 -600 -334
30046 20 2.2 -560 -290
30434 20 2.2 -728 -380
30826 20 2.2 -588 -330
31224 20 2.2 -644 -344
31626 20 2.2 -680 -356
32034 20 2.2 -676 -360
32447 20 2.2 -656 -346
32866 20 2.2 -596 -328
33290 20 2.2 -524 -178
33719 20 2.2 -692 -366
34154 20 2.2 -616 -334
34595 20 2.2 -508 -202
35041 20 2.2 -704 -368
35493 20 2.2 -676 364
35951 20 2.2 -592 314
36414 20 2.2 -628 314
36884 20 2.2 -608 320
37360 20 2.2 -636 338
37841 20 2.2 -600 312
38330 20 2.2 -644 334
38824 20 2.2 -588 276
39325 20 2.2 -600 334
39832 20 2.2 -636 346
40346 20 2.2 -612 294
40866 20 2.2 -640 350
41393 20 2.2 -596 334
41927 20 2.2 -624 330
42468 20 2.2 -500 96
43015 20 2.2 -584 306
43570 20 2.2 -612 330
44132 20 2.2 -640 334
44701 20 2.2 -568 278
45278 20 2.2 -576 244
45862 20 2.2 -692 368
46453 20 2.2 -656 340
47053 20 2.2 -668 358
47660 20 2.2 -696 330
48274 20 2.2 -672 360
48897 20 2.2 -580 314
49528 20 2.2 -568 294
50166 20 2.2 -624 328
50813 20 2.2 -660 354
51469 20 2.2 -496 284
52133 20 2.2 -588 316
52805 20 2.2 -580 266
53486 20 2.2 -632 346
54176 20 2.2 -596 278
54875 20 2.2 -600 298
55582 20 2.2 -608 310
56299 20 2.2 -568 264
57025 20 2.2 -600 332
57761 20 2.2 -588 316
58506 20 2.2 -708 374
59261 20 2.2 -628 338
60025 20 2.2 -528 244
60799 20 2.2 -584 300
61583 20 2.2 -624 338
62378 20 2.2 -608 326
63182 20 2.2 -608 322
63997 20 2.2 -592 312
64822 20 2.2 -624 338
65658 20 2.2 -672 360
66505 20 2.2 -448 118
67363 20 2.2 -544 288
68232 20 2.2 -632 284
69112 20 2.2 -648 352
70003 20 2.2 -656 350
70906 20 2.2 -624 328
71821 20 2.2 -672 344
72747 20 2.2 -636 350
73685 20 2.2 -616 334
74636 20 2.2 -640 348
75599 20 2.2 -492 -20
76574 20 2.2 -484 -96
77561 20 2.2 -600 -312
78562 20 2.2 -656 -356
79575 20 2.2 -532 -246
80601 20 2.2 -672 -352
81641 20 2.2 -640 -346
82694 20 2.2 -648 -336
83760 20 2.2 -648 -352
84841 20 2.2 -540 -218
85935 20 2.2 -576 -300
87043 20 2.2 -624 -318
88166 20 2.2 -608 -314
89303 20 2.2 -676 -362
90455 20 2.2 -612 -306
91622 20 2.2 -656 -352
92803 20 2.2 -596 -306
94000 20 2.2 -660 -348
95213 20 2.2 -616 -306
96441 20 2.2 -684 -360
97685 20 2.2 -724 -378
98945 20 2.2 -644 -344
100221 20 2.2 -612 -302
101513 20 2.2 -496 -166
102823 20 2.2 -576 292
104149 20 2.2 -652 348
105492 20 2.2 -668 354
106853 20 2.2 -604 338
108231 20 2.2 -536 244
109627 20 2.2 -508 248
111041 20 2.2 -584 286
112473 20 2.2 -652 356
113924 20 2.2 -580 240
115393 20 2.2 -632 334
116882 20 2.2 -528 284
118389 20 2.2 -676 -352
119916 20 2.2 -636 -316
121463 20 2.2 -700 -362
123029 20 2.2 -604 -292
124616 20 2.2 -644 -330
126224 20 2.2 -612 -328
127852 20 2.2 -628 -306
129501 20 2.2 -660 -342
131171 20 2.2 -728 370
132863 20 2.2 -584 -314
134576 20 2.2 -560 -264
136312 20 2.2 -636 -332
138070 20 2.2 -680 -360
139851 20 2.2 -600 -326
141655 20 2.2 -640 -340
143482 20 2.2 -576 -300
145333 20 2.2 -732 -380
147207 20 2.2 -656 -348
149106 20 2.2 -648 -322
151029 20 2.2 -664 -354
152977 20 2.2 -612 -284
154950 20 2.2 -572 -280
156948 20 2.2 -664 -352
158973 20 2.2 -620 -320
161023 20 2.2 -652 -352
163100 20 2.2 -584 -302
165204 20 2.2 -656 -352
167334 20 2.2 -596 -290
169493 20 2.2 -668 -364
171679 20 2.2 -572 -252
173893 20 2.2 -596 -316
176136 20 2.2 -632 -344
178408 20 2.2 -664 -348
180709 20 2.2 -656 -346
183040 20 2.2 -524 -242
185400 20 2.2 -592 -298
187792 20 2.2 -620 -316
190214 20 2.2 -608 -278
192667 20 2.2 -592 -298
195152 20 2.2 -648 -338
197669 20 2.2 -660 -360
200219 20 2.2 -680 -354
202801 20 2.2 -604 -250
205417 20 2.2 -620 -182
208066 20 2.2 -560 -312
210750 20 2.2 -532 -152
213468 20 2.2 -640 354
216222 20 2.2 -600 332
219010 20 2.2 -656 -342
221835 20 2.2 -544 258
224696 20 2.2 -688 334
227595 20 2.2 -584 304
230530 20 2.2 -636 330
233503 20 2.2 -548 224
236515 20 2.2 -656 342
239566 20 2.2 -572 278
242656 20 2.2 -624 330
245785 20 2.2 -624 332
248956 20 2.2 -600 272
252167 20 2.2 -656 348
255419 20 2.2 -608 306
258713 20 2.2 -624 280
262050 20 2.2 -668 364
265430 20 2.2 -668 356
268854 20 2.2 -648 -346
272321 20 2.2 -608 326
275834 20 2.2 -636 336
279391 20 2.2 -616 304
282995 20 2.2 -668 360
286645 20 2.2 -608 310
290342 20 2.2 -636 348
294087 20 2.2 -640 328
297880 20 2.2 -492 124
301722 20 2.2 -588 -302
305614 20 2.2 -648 350
309556 20 2.2 -620 332
313548 20 2.2 -640 336
317592 20 2.2 -564 308
321689 20 2.2 -696 348
325838 20 2.2 -572 298
330040 20 2.2 -656 356
334297 20 2.2 -652 -342
338609 20 2.2 -624 -340
342976 20 2.2 -632 -340
347400 20 2.2 -632 -334
351881 20 2.2 -692 -338
356419 20 2.2 -592 -316
361016 20 2.2 -604 -334
365673 20 2.2 -572 -284
370389 20 2.2 -588 326
375167 20 2.2 -572 -198
380005 20 2.2 -720 -378
384907 20 2.2 -592 310
389871 20 2.2 -584 302
394900 20 2.2 -660 354
399993 20 2.2 -564 -320
405152 20 2.2 -576 -296
410378 20 2.2 -672 354
415671 20 2.2 -584 322
421032 20 2.2 -616 296
426463 20 2.2 -596 296
431963 20 2.2 -632 -332
437535 20 2.2 -640 -346
443178 20 2.2 -628 -334
448894 20 2.2 -632 -328
454684 20 2.2 -604 328
460548 20 2.2 -648 344
466489 20 2.2 -696 370
472505 20 2.2 -560 300
478600 20 2.2 -676 344
484773 20 2.2 -604 316
491025 20 2.2 -528 242
497358 20 2.2 -656 -356
503773 20 2.2 -672 352
510271 20 2.2 -728 374
516852 20 2.2 -604 298
523519 20 2.2 -632 -328
530271 20 2.2 -612 -302
537111 20 2.2 -560 294
544038 20 2.2 -616 -342
551055 20 2.2 -596 -306
558163 20 2.2 -596 -330
565362 20 2.2 -616 326
572654 20 2.2 -584 -316
580040 20 2.2 -600 -250
587521 20 2.2 -660 348
595099 20 2.2 -708 376
602775 20 2.2 -668 354
610549 20 2.2 -588 324
618424 20 2.2 -652 -350
626400 20 2.2 -684 -364
634480 20 2.2 -612 -338
642663 20 2.2 -632 338
650952 20 2.2 -652 344
659348 20 2.2 -596 -338
667853 20 2.2 -660 -358
676467 20 2.2 -620 -316
685192 20 2.2 -664 -354
694029 20 2.2 -600 -320
702981 20 2.2 -644 -336
712048 20 2.2 -628 -336
721232 20 2.2 -676 364
730534 20 2.2 -624 340
739957 20 2.2 -640 342
749500 20 2.2 -652 336
759168 20 2.2 -588 -304
768959 20 2.2 -548 252
778877 20 2.2 -608 340
788923 20 2.2 -700 -366
799099 20 2.2 -640 -344
809405 20 2.2 -588 -312
819845 20 2.2 -560 288
830419 20 2.2 -664 350
841130 20 2.2 -628 334
851979 20 2.2 -656 344
862968 20 2.2 -584 226
874098 20 2.2 -536 270
885373 20 2.2 -616 322
896792 20 2.2 -612 -332
908359 20 2.2 -684 -358
920075 20 2.2 -664 -330
931942 20 2.2 -588 302
943962 20 2.2 -544 230
956137 20 2.2 -588 328
968470 20 2.2 -660 -356
980961 20 2.2 -680 -368
993613 20 2.2 -672 360
999999 20 2.2 -616 -310
