3 140 2.4 -17544 -82
4 140 2.4 -18388 98
5 140 2.4 -19268 346
6 140 2.4 -19744 640
7 140 2.4 -20068 552
8 140 2.4 -20280 908
9 140 2.4 -20596 818
10 140 2.4 -20872 714
11 140 2.4 -21308 610
12 140 2.4 -21508 1018
13 140 2.4 -21572 942
14 140 2.4 -21512 718
15 140 2.4 -21504 780
16 140 2.4 -21592 762
17 140 2.4 -21964 614
18 140 2.4 -22176 656
19 140 2.4 -22364 678
20 140 2.4 -22316 528
21 140 2.4 -22528 568
22 140 2.4 -22516 500
23 140 2.4 -22608 378
24 140 2.4 -22676 364
25 140 2.4 -22944 348
26 140 2.4 -22988 254
27 140 2.4 -22832 426
28 140 2.4 -22540 328
29 140 2.4 -22748 352
30 140 2.4 -22796 262
31 140 2.4 -22772 366
32 140 2.4 -23124 310
33 140 2.4 -23032 342
34 140 2.4 -22900 242
35 140 2.4 -22932 124
36 140 2.4 -22768 258
37 140 2.4 -22988 444
38 140 2.4 -23324 356
39 140 2.4 -23044 46
40 140 2.4 -23032 60
41 140 2.4 -23188 40
42 140 2.4 -23280 104
43 140 2.4 -23160 -54
44 140 2.4 -23340 320
45 140 2.4 -23312 404
46 140 2.4 -23160 324
47 140 2.4 -22944 384
48 140 2.4 -23412 410
49 140 2.4 -23120 528
50 140 2.4 -23060 492
51 140 2.4 -22988 338
52 140 2.4 -22788 202
53 140 2.4 -23008 102
54 140 2.4 -23128 162
55 140 2.4 -22508 -42
56 140 2.4 -22924 -46
57 140 2.4 -22888 -122
58 140 2.4 -23084 -122
59 140 2.4 -23452 180
60 140 2.4 -23172 102
61 140 2.4 -23264 274
62 140 2.4 -23228 318
63 140 2.4 -23292 164
64 140 2.4 -22956 260
65 140 2.4 -22808 146
66 140 2.4 -23092 368
67 140 2.4 -23076 500
68 140 2.4 -23272 608
69 140 2.4 -23376 382
70 140 2.4 -23036 372
71 140 2.4 -23548 364
72 140 2.4 -23564 98
73 140 2.4 -23556 -126
74 140 2.4 -23480 -196
75 140 2.4 -23324 -152
76 140 2.4 -23336 -86
77 140 2.4 -23744 -122
78 140 2.4 -23444 22
79 140 2.4 -23488 -202
80 140 2.4 -23300 -28
81 140 2.4 -22804 4
82 140 2.4 -22964 122
83 140 2.4 -22896 -46
84 140 2.4 -23068 -42
85 140 2.4 -23008 -26
86 140 2.4 -23364 -150
88 140 2.4 -23592 -312
89 140 2.4 -23296 -240
90 140 2.4 -23844 -216
91 140 2.4 -23980 -138
92 140 2.4 -23556 -246
93 140 2.4 -23620 38
95 140 2.4 -23516 68
96 140 2.4 -23308 232
97 140 2.4 -23300 216
98 140 2.4 -23312 246
99 140 2.4 -23724 38
101 140 2.4 -23680 210
102 140 2.4 -23576 150
103 140 2.4 -23844 42
105 140 2.4 -24004 -88
106 140 2.4 -23800 -28
107 140 2.4 -23700 -394
109 140 2.4 -23808 -452
110 140 2.4 -23824 -354
112 140 2.4 -23704 -406
113 140 2.4 -23620 -482
114 140 2.4 -23756 -316
116 140 2.4 -23628 -200
117 140 2.4 -23600 -64
119 140 2.4 -23720 -370
120 140 2.4 -23628 -398
122 140 2.4 -23008 -482
124 140 2.4 -23360 -612
125 140 2.4 -23340 -760
127 140 2.4 -23668 -968
128 140 2.4 -23888 -1062
130 140 2.4 -23332 -1142
132 140 2.4 -23832 -988
133 140 2.4 -23760 -802
135 140 2.4 -23944 -770
137 140 2.4 -23836 -834
139 140 2.4 -23252 -794
140 140 2.4 -23092 -844
142 140 2.4 -23236 -734
144 140 2.4 -22936 -430
146 140 2.4 -23012 -588
148 140 2.4 -23032 -148
150 140 2.4 -23360 282
152 140 2.4 -23008 444
154 140 2.4 -23268 714
155 140 2.4 -23216 752
157 140 2.4 -23216 810
160 140 2.4 -23228 1036
162 140 2.4 -23128 978
164 140 2.4 -23700 1218
166 140 2.4 -23628 1568
168 140 2.4 -23992 1964
170 140 2.4 -23720 1974
172 140 2.4 -23396 1772
174 140 2.4 -23572 2206
177 140 2.4 -23120 1836
179 140 2.4 -23468 1676
181 140 2.4 -23584 1768
184 140 2.4 -22988 1776
186 140 2.4 -23652 1920
188 140 2.4 -23392 2100
191 140 2.4 -23428 2420
193 140 2.4 -23528 2562
196 140 2.4 -24052 2298
198 140 2.4 -23660 1776
201 140 2.4 -23968 1572
203 140 2.4 -23728 1748
206 140 2.4 -23488 1676
209 140 2.4 -23456 1296
211 140 2.4 -23160 1368
214 140 2.4 -23736 1712
217 140 2.4 -23300 1598
220 140 2.4 -23180 1746
222 140 2.4 -23812 1424
225 140 2.4 -23464 1574
228 140 2.4 -23632 1618
231 140 2.4 -23784 1446
234 140 2.4 -23752 712
237 140 2.4 -23924 758
240 140 2.4 -23664 1144
243 140 2.4 -23180 744
246 140 2.4 -22928 324
250 140 2.4 -23432 568
253 140 2.4 -23724 848
256 140 2.4 -23576 678
259 140 2.4 -23540 626
263 140 2.4 -23852 -216
266 140 2.4 -23316 -350
269 140 2.4 -23132 74
273 140 2.4 -23356 26
276 140 2.4 -23992 -62
280 140 2.4 -23396 -10
284 140 2.4 -23336 -356
287 140 2.4 -23188 -246
291 140 2.4 -23432 -226
295 140 2.4 -23404 -96
298 140 2.4 -23284 -420
302 140 2.4 -23280 -466
306 140 2.4 -23268 -244
310 140 2.4 -23192 -992
314 140 2.4 -23656 -1716
318 140 2.4 -23580 -1388
322 140 2.4 -23256 -1488
326 140 2.4 -23644 -1894
331 140 2.4 -23700 -2138
335 140 2.4 -24036 -2904
339 140 2.4 -23728 -2788
344 140 2.4 -23336 -2690
348 140 2.4 -23788 -3192
352 140 2.4 -23752 -3278
357 140 2.4 -24092 -3538
362 140 2.4 -23436 -3606
366 140 2.4 -24128 -3464
371 140 2.4 -23556 -3356
376 140 2.4 -23404 -2992
381 140 2.4 -23844 -3394
385 140 2.4 -23496 -3146
390 140 2.4 -23840 -2676
395 140 2.4 -23644 -2908
401 140 2.4 -23596 -2638
406 140 2.4 -23488 -2474
411 140 2.4 -22996 -2390
416 140 2.4 -22776 -2862
422 140 2.4 -23224 -2984
427 140 2.4 -22848 -2894
433 140 2.4 -23616 -3322
438 140 2.4 -22840 -3678
444 140 2.4 -24032 -3656
449 140 2.4 -23344 -3596
455 140 2.4 -22940 -3622
461 140 2.4 -23500 -3436
467 140 2.4 -23388 -2878
473 140 2.4 -23668 -3540
479 140 2.4 -23396 -2310
485 140 2.4 -23648 -2498
492 140 2.4 -23944 -2122
498 140 2.4 -24404 -2366
504 140 2.4 -24240 -2138
511 140 2.4 -23932 -1806
517 140 2.4 -23636 -1598
524 140 2.4 -23252 -1586
531 140 2.4 -23724 -1482
538 140 2.4 -23880 -2166
545 140 2.4 -23964 -2926
552 140 2.4 -23972 -3410
559 140 2.4 -24068 -3494
566 140 2.4 -23824 -2794
573 140 2.4 -23768 -2964
581 140 2.4 -23564 -3150
588 140 2.4 -23752 -3116
596 140 2.4 -23904 -3362
603 140 2.4 -23324 -2622
611 140 2.4 -23564 -2812
619 140 2.4 -23524 -2468
627 140 2.4 -23640 -2266
635 140 2.4 -23768 -2374
643 140 2.4 -24208 -2252
652 140 2.4 -23896 -2392
660 140 2.4 -24072 -2762
668 140 2.4 -23808 -1846
677 140 2.4 -23284 -1454
686 140 2.4 -23196 -1506
695 140 2.4 -23484 -1410
704 140 2.4 -23588 -1436
713 140 2.4 -23724 -1564
722 140 2.4 -23660 -1902
731 140 2.4 -23640 -1870
741 140 2.4 -23996 -2256
750 140 2.4 -23444 -1532
760 140 2.4 -23516 -1580
770 140 2.4 -23952 -1472
780 140 2.4 -23404 -1906
790 140 2.4 -23500 -1472
800 140 2.4 -24208 -1946
810 140 2.4 -23960 -2436
821 140 2.4 -23328 -2558
831 140 2.4 -23408 -1946
842 140 2.4 -23388 -2172
853 140 2.4 -23356 -1992
864 140 2.4 -23840 -2314
875 140 2.4 -23072 -2782
886 140 2.4 -23652 -3242
897 140 2.4 -23416 -3148
909 140 2.4 -23316 -3126
921 140 2.4 -22948 -1804
933 140 2.4 -23312 -2504
945 140 2.4 -22784 -2672
957 140 2.4 -23572 -2198
969 140 2.4 -23204 -2248
982 140 2.4 -23448 -1134
994 140 2.4 -23128 -654
1007 140 2.4 -23364 -1342
1020 140 2.4 -23516 -978
1033 140 2.4 -23712 -432
1047 140 2.4 -23452 -790
1060 140 2.4 -23644 -1676
1074 140 2.4 -23324 -1660
1088 140 2.4 -23672 -1396
1102 140 2.4 -24092 -542
1116 140 2.4 -23780 -670
1130 140 2.4 -23060 -302
1145 140 2.4 -23780 -60
1160 140 2.4 -24192 -310
1174 140 2.4 -23208 -400
1190 140 2.4 -23720 -1024
1205 140 2.4 -23420 -776
1220 140 2.4 -23756 -992
1236 140 2.4 -24064 -350
1252 140 2.4 -24240 138
1268 140 2.4 -23304 74
1285 140 2.4 -23636 -1362
1301 140 2.4 -23416 -1100
1318 140 2.4 -23656 -1162
1335 140 2.4 -23548 -1328
1352 140 2.4 -23764 -2096
1370 140 2.4 -23744 -2174
1387 140 2.4 -24152 -2512
1405 140 2.4 -23528 -2058
1423 140 2.4 -23540 -3040
1442 140 2.4 -23592 -3508
1460 140 2.4 -23880 -2470
1479 140 2.4 -24020 -2020
1498 140 2.4 -24196 -1370
1517 140 2.4 -23404 -450
1537 140 2.4 -23632 -1294
1557 140 2.4 -23340 -1044
1577 140 2.4 -23228 -1726
1597 140 2.4 -24140 -2392
1618 140 2.4 -23312 -1678
1639 140 2.4 -23796 -1348
1660 140 2.4 -23244 -1552
1681 140 2.4 -23324 -1854
1703 140 2.4 -23240 -1342
1725 140 2.4 -23412 -70
1747 140 2.4 -23252 -138
1770 140 2.4 -23576 -652
1792 140 2.4 -23144 -490
1816 140 2.4 -23492 60
1839 140 2.4 -24416 -1148
1863 140 2.4 -23652 -1822
1887 140 2.4 -23468 -1648
1911 140 2.4 -23856 -564
1936 140 2.4 -23628 -70
1961 140 2.4 -23352 930
1986 140 2.4 -23328 652
2012 140 2.4 -23524 2
2037 140 2.4 -23108 -280
2064 140 2.4 -23252 -472
2090 140 2.4 -23648 -1528
2117 140 2.4 -23708 -660
2145 140 2.4 -23260 316
2172 140 2.4 -23352 170
2200 140 2.4 -23660 -324
2229 140 2.4 -23316 2
2257 140 2.4 -23184 352
2286 140 2.4 -23692 134
2316 140 2.4 -23164 590
2346 140 2.4 -23700 432
2376 140 2.4 -23844 -244
2407 140 2.4 -24052 270
2438 140 2.4 -24236 604
2469 140 2.4 -24048 -1468
2501 140 2.4 -23484 -722
2533 140 2.4 -23456 696
2566 140 2.4 -24016 1444
2599 140 2.4 -23464 1358
2633 140 2.4 -23124 782
2667 140 2.4 -24364 -366
2701 140 2.4 -23540 -884
2736 140 2.4 -23344 -1762
2771 140 2.4 -23324 -504
2807 140 2.4 -23540 -1420
2843 140 2.4 -24096 -2680
2880 140 2.4 -24148 -3008
2917 140 2.4 -23492 -3738
2954 140 2.4 -23612 -3400
2992 140 2.4 -23516 -3328
3031 140 2.4 -23344 -3762
3070 140 2.4 -24216 -3764
3110 140 2.4 -23256 -3596
3150 140 2.4 -23876 -3318
3190 140 2.4 -24444 -4282
3232 140 2.4 -24276 -4458
3273 140 2.4 -24100 -3244
3315 140 2.4 -23900 -3034
3358 140 2.4 -23060 -3022
3402 140 2.4 -23980 -3482
3445 140 2.4 -23600 -3308
3490 140 2.4 -23720 -3586
3535 140 2.4 -23448 -2532
3580 140 2.4 -23972 -2682
3627 140 2.4 -23856 -2110
3673 140 2.4 -23496 -1410
3721 140 2.4 -23472 -1498
3769 140 2.4 -23764 -902
3817 140 2.4 -23920 -824
3867 140 2.4 -23520 188
3916 140 2.4 -23688 -578
3967 140 2.4 -23728 -706
4018 140 2.4 -24256 -844
4070 140 2.4 -24064 -1504
4122 140 2.4 -23512 -202
4176 140 2.4 -24092 736
4229 140 2.4 -23624 108
4284 140 2.4 -23556 2262
4339 140 2.4 -23840 1572
4395 140 2.4 -23820 1790
4452 140 2.4 -23716 308
4509 140 2.4 -23716 480
4567 140 2.4 -23692 468
4626 140 2.4 -23424 302
4686 140 2.4 -23480 -1114
4746 140 2.4 -23544 -234
4808 140 2.4 -23788 -2156
4870 140 2.4 -24292 -1152
4932 140 2.4 -23592 -1750
4996 140 2.4 -23304 -778
5060 140 2.4 -23200 1358
5126 140 2.4 -22992 2192
5192 140 2.4 -23908 2142
5259 140 2.4 -23676 2524
5327 140 2.4 -23540 2686
5395 140 2.4 -23124 988
5465 140 2.4 -23424 924
5535 140 2.4 -23400 1906
5607 140 2.4 -23496 266
5679 140 2.4 -23800 682
5752 140 2.4 -23600 956
5826 140 2.4 -24392 -416
5902 140 2.4 -22836 -342
5978 140 2.4 -23896 878
6055 140 2.4 -24064 838
6133 140 2.4 -23028 566
6212 140 2.4 -23832 840
6292 140 2.4 -23300 158
6373 140 2.4 -24136 -1084
6455 140 2.4 -23688 806
6539 140 2.4 -23780 218
6623 140 2.4 -23480 1632
6708 140 2.4 -23548 -442
6795 140 2.4 -23176 -2086
6883 140 2.4 -23872 -2260
6971 140 2.4 -23344 -556
7061 140 2.4 -24244 -1730
7152 140 2.4 -22892 -116
7245 140 2.4 -23448 -596
7338 140 2.4 -22900 -116
7433 140 2.4 -23588 -372
7529 140 2.4 -24000 -96
7626 140 2.4 -23512 -1524
7724 140 2.4 -23556 -1134
7824 140 2.4 -23496 1166
7925 140 2.4 -23996 3458
8027 140 2.4 -24000 4706
8130 140 2.4 -23704 3040
8235 140 2.4 -23388 1156
8341 140 2.4 -23476 502
8449 140 2.4 -23636 1176
8558 140 2.4 -23968 2134
8668 140 2.4 -23904 3636
8780 140 2.4 -23584 2588
8893 140 2.4 -23332 1324
9008 140 2.4 -23124 1384
9124 140 2.4 -23348 846
9242 140 2.4 -23344 1508
9361 140 2.4 -23132 1388
9482 140 2.4 -23980 -792
9604 140 2.4 -23984 1900
9728 140 2.4 -23916 3444
9853 140 2.4 -23700 2484
9980 140 2.4 -23748 510
10109 140 2.4 -23800 -1214
10240 140 2.4 -23740 -1226
10372 140 2.4 -23688 -2770
10505 140 2.4 -23880 -44
10641 140 2.4 -23524 810
10778 140 2.4 -23892 -186
10917 140 2.4 -23820 1052
11058 140 2.4 -23580 -470
11201 140 2.4 -23548 -1600
11345 140 2.4 -23456 -940
11491 140 2.4 -24256 -2456
11640 140 2.4 -23800 -1000
11790 140 2.4 -23476 -1960
11942 140 2.4 -23460 -1268
12096 140 2.4 -22556 74
12252 140 2.4 -23608 140
12410 140 2.4 -23440 -124
12570 140 2.4 -23024 -378
12732 140 2.4 -23452 -978
12896 140 2.4 -23468 -2928
13062 140 2.4 -23696 -1150
13231 140 2.4 -23196 304
13402 140 2.4 -23632 110
13574 140 2.4 -24032 28
13750 140 2.4 -23268 -1394
13927 140 2.4 -23800 0
14106 140 2.4 -23704 1110
14288 140 2.4 -23424 2104
14473 140 2.4 -23148 810
14659 140 2.4 -23848 -3070
14848 140 2.4 -23860 -1112
15040 140 2.4 -23544 -812
15234 140 2.4 -23884 -80
15430 140 2.4 -23544 -578
15629 140 2.4 -23172 -806
15831 140 2.4 -23400 1224
16035 140 2.4 -23036 616
16242 140 2.4 -23404 -222
16451 140 2.4 -23660 128
16664 140 2.4 -23056 378
16879 140 2.4 -23588 396
17096 140 2.4 -23736 884
17317 140 2.4 -23504 276
17540 140 2.4 -23624 -2064
17766 140 2.4 -24276 134
17995 140 2.4 -24276 -1100
18228 140 2.4 -23960 -1230
18463 140 2.4 -23844 -552
18701 140 2.4 -23596 -1924
18942 140 2.4 -23476 -3108
19186 140 2.4 -23640 -780
19434 140 2.4 -23656 -948
19684 140 2.4 -23828 -1564
19938 140 2.4 -23900 744
20195 140 2.4 -23956 2374
20456 140 2.4 -23440 1978
20720 140 2.4 -23368 1182
20987 140 2.4 -23356 1460
21258 140 2.4 -23816 60
21532 140 2.4 -23896 -1846
21810 140 2.4 -24056 -3216
22091 140 2.4 -23588 368
22376 140 2.4 -23116 -642
22664 140 2.4 -23148 -22
22957 140 2.4 -23380 2138
23253 140 2.4 -23896 2012
23553 140 2.4 -23572 1880
23856 140 2.4 -24216 4338
24164 140 2.4 -23844 -1118
24476 140 2.4 -23436 -1516
24791 140 2.4 -23456 -852
25111 140 2.4 -23920 -282
25435 140 2.4 -23212 368
25763 140 2.4 -24176 1064
26095 140 2.4 -23628 -1826
26432 140 2.4 -23592 -652
26773 140 2.4 -23524 -838
27118 140 2.4 -23472 -90
27468 140 2.4 -23936 -3464
27822 140 2.4 -23568 -790
28181 140 2.4 -23632 -514
28545 140 2.4 -23660 -1606
28913 140 2.4 -23092 -952
29286 140 2.4 -23780 422
29663 140 2.4 -23608 288
30046 140 2.4 -22860 -2210
30434 140 2.4 -23408 -988
30826 140 2.4 -23536 1342
31224 140 2.4 -23432 1222
31626 140 2.4 -23780 1544
32034 140 2.4 -23740 2038
32447 140 2.4 -24244 1854
32866 140 2.4 -23108 -836
33290 140 2.4 -23132 1240
33719 140 2.4 -23984 -2758
34154 140 2.4 -23692 -2676
34595 140 2.4 -23860 -1900
35041 140 2.4 -23688 -436
35493 140 2.4 -23848 -1518
35951 140 2.4 -23824 -768
36414 140 2.4 -23420 -1292
36884 140 2.4 -23948 -3188
37360 140 2.4 -23792 -602
37841 140 2.4 -23780 -1218
38330 140 2.4 -24100 -1766
38824 140 2.4 -23392 -1370
39325 140 2.4 -23928 -2588
39832 140 2.4 -23272 224
40346 140 2.4 -23520 556
40866 140 2.4 -23472 -1126
41393 140 2.4 -23496 318
41927 140 2.4 -23100 484
42468 140 2.4 -23660 -478
43015 140 2.4 -23384 -22
43570 140 2.4 -23884 2118
44132 140 2.4 -23120 1604
44701 140 2.4 -23564 1838
45278 140 2.4 -23708 -356
45862 140 2.4 -23552 1184
46453 140 2.4 -23988 -2856
47053 140 2.4 -23476 -2346
47660 140 2.4 -23516 104
48274 140 2.4 -23696 -1740
48897 140 2.4 -23676 1894
49528 140 2.4 -23724 1534
50166 140 2.4 -24192 1008
50813 140 2.4 -23652 886
51469 140 2.4 -23896 -1148
52133 140 2.4 -23800 1176
52805 140 2.4 -23928 1410
53486 140 2.4 -23248 486
54176 140 2.4 -23356 1338
54875 140 2.4 -23720 3156
55582 140 2.4 -23912 2410
56299 140 2.4 -23500 350
57025 140 2.4 -23900 1190
57761 140 2.4 -24092 -2854
58506 140 2.4 -23188 48
59261 140 2.4 -23740 -1764
60025 140 2.4 -23560 -2930
60799 140 2.4 -23248 54
61583 140 2.4 -23312 -82
62378 140 2.4 -24048 568
63182 140 2.4 -23480 2892
63997 140 2.4 -23336 2018
64822 140 2.4 -23992 -2874
65658 140 2.4 -23640 526
66505 140 2.4 -22976 1700
67363 140 2.4 -22924 -1720
68232 140 2.4 -23840 600
69112 140 2.4 -23788 -1138
70003 140 2.4 -24164 1404
70906 140 2.4 -23616 -1480
71821 140 2.4 -23752 -1920
72747 140 2.4 -23248 -332
73685 140 2.4 -23244 -1648
74636 140 2.4 -23872 -146
75599 140 2.4 -23136 532
76574 140 2.4 -23524 -1376
77561 140 2.4 -23800 -2396
78562 140 2.4 -23824 778
79575 140 2.4 -23988 348
80601 140 2.4 -23920 1678
81641 140 2.4 -23956 -1704
82694 140 2.4 -23608 2898
83760 140 2.4 -23864 -4734
84841 140 2.4 -23784 -312
85935 140 2.4 -23188 2396
87043 140 2.4 -23768 980
88166 140 2.4 -23208 1382
89303 140 2.4 -22292 -2102
90455 140 2.4 -23312 -400
91622 140 2.4 -23456 2546
92803 140 2.4 -23460 -648
94000 140 2.4 -23920 -1224
95213 140 2.4 -23800 2076
96441 140 2.4 -23480 1464
97685 140 2.4 -23612 -3742
98945 140 2.4 -23716 -760
100221 140 2.4 -23552 -2816
101513 140 2.4 -24404 2296
102823 140 2.4 -23668 1430
104149 140 2.4 -23796 916
105492 140 2.4 -23688 3798
106853 140 2.4 -24120 2484
108231 140 2.4 -24320 -452
109627 140 2.4 -23228 634
111041 140 2.4 -23924 974
112473 140 2.4 -24168 -450
113924 140 2.4 -23740 -1476
115393 140 2.4 -24340 -480
116882 140 2.4 -23548 -758
118389 140 2.4 -23136 -354
119916 140 2.4 -23712 -508
121463 140 2.4 -23384 -1862
123029 140 2.4 -23476 590
124616 140 2.4 -23400 790
126224 140 2.4 -23472 -408
127852 140 2.4 -23728 -882
129501 140 2.4 -24096 -604
131171 140 2.4 -24120 -2602
132863 140 2.4 -23292 -556
134576 140 2.4 -23468 -382
136312 140 2.4 -23572 560
138070 140 2.4 -23432 -724
139851 140 2.4 -23408 -1050
141655 140 2.4 -23608 1058
143482 140 2.4 -23840 -2332
145333 140 2.4 -23568 -1088
147207 140 2.4 -23384 1420
149106 140 2.4 -23608 -3318
151029 140 2.4 -23032 -1438
152977 140 2.4 -23136 -1824
154950 140 2.4 -23820 -548
156948 140 2.4 -23836 -2274
158973 140 2.4 -23544 -314
161023 140 2.4 -23160 3030
163100 140 2.4 -23368 -1006
165204 140 2.4 -23660 1062
167334 140 2.4 -23408 -1032
169493 140 2.4 -23648 206
171679 140 2.4 -24060 -1976
173893 140 2.4 -23792 3462
176136 140 2.4 -23720 -120
178408 140 2.4 -23704 -252
180709 140 2.4 -23664 -2856
183040 140 2.4 -23372 2304
185400 140 2.4 -23376 1832
187792 140 2.4 -23804 -866
190214 140 2.4 -23484 732
192667 140 2.4 -23180 -1038
195152 140 2.4 -23524 -1650
197669 140 2.4 -23500 -1718
200219 140 2.4 -23420 976
202801 140 2.4 -22840 1774
205417 140 2.4 -23796 2904
208066 140 2.4 -22848 -1274
210750 140 2.4 -23584 -2850
213468 140 2.4 -23292 -1038
216222 140 2.4 -23676 -1516
219010 140 2.4 -23524 -262
221835 140 2.4 -23348 -174
224696 140 2.4 -23920 -1604
227595 140 2.4 -23468 2098
230530 140 2.4 -23192 272
233503 140 2.4 -24424 4640
236515 140 2.4 -23700 266
239566 140 2.4 -23956 3054
242656 140 2.4 -23576 190
245785 140 2.4 -24232 584
248956 140 2.4 -23844 -1246
252167 140 2.4 -23464 122
255419 140 2.4 -23396 -1392
258713 140 2.4 -23744 -2052
262050 140 2.4 -23260 1058
265430 140 2.4 -23856 -946
268854 140 2.4 -23344 932
272321 140 2.4 -23764 1362
275834 140 2.4 -23780 -294
279391 140 2.4 -24536 174
282995 140 2.4 -23324 336
286645 140 2.4 -24100 2256
290342 140 2.4 -23128 -320
294087 140 2.4 -23416 728
297880 140 2.4 -23556 -1746
301722 140 2.4 -23560 -642
305614 140 2.4 -22772 1346
309556 140 2.4 -23924 900
313548 140 2.4 -23168 -2040
317592 140 2.4 -23608 -2904
321689 140 2.4 -24032 -2592
325838 140 2.4 -23304 -1626
330040 140 2.4 -23372 -1456
334297 140 2.4 -23372 1060
338609 140 2.4 -23448 338
342976 140 2.4 -23856 1214
347400 140 2.4 -23780 -3212
351881 140 2.4 -22960 536
356419 140 2.4 -23668 618
361016 140 2.4 -23848 1060
365673 140 2.4 -23160 -604
370389 140 2.4 -23948 -400
375167 140 2.4 -23416 -2656
380005 140 2.4 -23720 -2448
384907 140 2.4 -23316 -1646
389871 140 2.4 -23844 -3498
394900 140 2.4 -23588 152
399993 140 2.4 -23412 1120
405152 140 2.4 -23516 1714
410378 140 2.4 -23272 -540
415671 140 2.4 -23304 -644
421032 140 2.4 -23532 978
426463 140 2.4 -23656 506
431963 140 2.4 -23968 934
437535 140 2.4 -23676 1014
443178 140 2.4 -23300 1576
448894 140 2.4 -23520 1504
454684 140 2.4 -23692 -64
460548 140 2.4 -23832 208
466489 140 2.4 -23504 384
472505 140 2.4 -23272 -1212
478600 140 2.4 -23256 -4180
484773 140 2.4 -23420 -290
491025 140 2.4 -23720 1378
497358 140 2.4 -23620 -4088
503773 140 2.4 -23376 -1226
510271 140 2.4 -23824 2484
516852 140 2.4 -23400 -1716
523519 140 2.4 -23312 1364
530271 140 2.4 -23788 3462
537111 140 2.4 -23436 -248
544038 140 2.4 -22792 -722
551055 140 2.4 -23768 -746
558163 140 2.4 -23344 -242
565362 140 2.4 -24128 -3144
572654 140 2.4 -23680 1212
580040 140 2.4 -23228 -1944
587521 140 2.4 -24040 -478
595099 140 2.4 -24164 -556
602775 140 2.4 -23648 -1984
610549 140 2.4 -23976 -502
618424 140 2.4 -23044 1888
626400 140 2.4 -23656 -520
634480 140 2.4 -23496 114
642663 140 2.4 -22892 -184
650952 140 2.4 -23468 814
659348 140 2.4 -23792 -1344
667853 140 2.4 -23528 -728
676467 140 2.4 -23380 -1978
685192 140 2.4 -23396 -1020
694029 140 2.4 -23256 -1546
702981 140 2.4 -23344 -2088
712048 140 2.4 -23324 -188
721232 140 2.4 -24000 1594
730534 140 2.4 -23640 1390
739957 140 2.4 -23488 724
749500 140 2.4 -23908 -1392
759168 140 2.4 -24156 -1144
768959 140 2.4 -23440 -3152
778877 140 2.4 -23756 -1328
788923 140 2.4 -24392 -384
799099 140 2.4 -24088 38
809405 140 2.4 -23240 1166
819845 140 2.4 -24116 -618
830419 140 2.4 -23656 298
841130 140 2.4 -23396 -1594
851979 140 2.4 -23916 -2666
862968 140 2.4 -23284 2314
874098 140 2.4 -24464 1358
885373 140 2.4 -23536 48
896792 140 2.4 -23160 286
908359 140 2.4 -23704 4134
920075 140 2.4 -23700 2256
931942 140 2.4 -23824 -366
943962 140 2.4 -23960 -2612
956137 140 2.4 -23756 8
968470 140 2.4 -23756 3584
980961 140 2.4 -23444 1866
993613 140 2.4 -24204 1038
999999 140 2.4 -23496 202
