3 60 2 -3716 -8
4 60 2 -3916 -84
5 60 2 -4312 -30
6 60 2 -4456 -90
7 60 2 -4532 -150
8 60 2 -4668 -88
9 60 2 -4700 -46
10 60 2 -4696 -78
11 60 2 -4668 -188
12 60 2 -4836 -232
13 60 2 -4840 -210
14 60 2 -4916 -300
15 60 2 -4964 -420
16 60 2 -4904 -358
17 60 2 -4836 -346
18 60 2 -4848 -386
19 60 2 -4944 -480
20 60 2 -4900 -388
21 60 2 -4972 -370
22 60 2 -4912 -370
23 60 2 -5092 -376
24 60 2 -5076 -370
25 60 2 -5080 -362
26 60 2 -5244 -282
27 60 2 -5240 -320
28 60 2 -5284 -294
29 60 2 -5224 -198
30 60 2 -5252 -194
31 60 2 -5188 -240
32 60 2 -5196 -234
33 60 2 -5300 -284
34 60 2 -5432 -316
35 60 2 -5412 -320
36 60 2 -5436 -316
37 60 2 -5384 -304
38 60 2 -5320 -252
39 60 2 -5308 -236
40 60 2 -5276 -320
41 60 2 -5376 -396
42 60 2 -5416 -300
43 60 2 -5328 -334
44 60 2 -5392 -318
45 60 2 -5300 -268
46 60 2 -5248 -224
47 60 2 -5172 -320
48 60 2 -5280 -446
49 60 2 -5276 -444
50 60 2 -5328 -494
51 60 2 -5364 -542
52 60 2 -5220 -560
53 60 2 -5276 -630
54 60 2 -5260 -646
55 60 2 -5360 -596
56 60 2 -5436 -614
57 60 2 -5308 -578
58 60 2 -5468 -574
59 60 2 -5476 -650
60 60 2 -5472 -668
61 60 2 -5488 -626
62 60 2 -5372 -570
63 60 2 -5380 -550
64 60 2 -5484 -530
65 60 2 -5508 -606
66 60 2 -5264 -562
67 60 2 -5264 -486
68 60 2 -5224 -470
69 60 2 -5224 -500
70 60 2 -5336 -454
71 60 2 -5264 -364
72 60 2 -5276 -330
73 60 2 -5384 -398
74 60 2 -5368 -374
75 60 2 -5420 -386
76 60 2 -5368 -352
77 60 2 -5384 -302
78 60 2 -5352 -264
79 60 2 -5376 -176
80 60 2 -5436 -186
81 60 2 -5364 -192
82 60 2 -5436 -214
83 60 2 -5472 -168
84 60 2 -5400 -194
85 60 2 -5380 -206
86 60 2 -5400 -272
88 60 2 -5476 -242
89 60 2 -5492 -186
90 60 2 -5408 -148
91 60 2 -5516 -110
92 60 2 -5632 -128
93 60 2 -5656 -112
95 60 2 -5540 -160
96 60 2 -5484 -92
97 60 2 -5572 -44
98 60 2 -5388 -78
99 60 2 -5428 -100
101 60 2 -5452 -72
102 60 2 -5464 -70
103 60 2 -5496 -72
105 60 2 -5436 -88
106 60 2 -5432 -50
107 60 2 -5444 4
109 60 2 -5476 18
110 60 2 -5564 12
112 60 2 -5616 -24
113 60 2 -5500 -96
114 60 2 -5556 -102
116 60 2 -5464 -106
117 60 2 -5520 -114
119 60 2 -5500 -186
120 60 2 -5484 -294
122 60 2 -5468 -288
124 60 2 -5604 -202
125 60 2 -5392 -304
127 60 2 -5616 -264
128 60 2 -5676 -226
130 60 2 -5616 -250
132 60 2 -5692 -300
133 60 2 -5700 -330
135 60 2 -5656 -382
137 60 2 -5668 -350
139 60 2 -5788 -318
140 60 2 -5672 -290
142 60 2 -5632 -312
144 60 2 -5756 -314
146 60 2 -5648 -350
148 60 2 -5772 -278
150 60 2 -5668 -240
152 60 2 -5596 -256
154 60 2 -5728 -264
155 60 2 -5748 -308
157 60 2 -5684 -398
160 60 2 -5692 -348
162 60 2 -5672 -410
164 60 2 -5820 -366
166 60 2 -5780 -356
168 60 2 -5652 -308
170 60 2 -5760 -236
172 60 2 -5796 -196
174 60 2 -5624 -138
177 60 2 -5556 -278
179 60 2 -5652 -292
181 60 2 -5720 -194
184 60 2 -5668 -198
186 60 2 -5756 -210
188 60 2 -5748 -210
191 60 2 -5804 -310
193 60 2 -5824 -250
196 60 2 -5688 -274
198 60 2 -5724 -320
201 60 2 -5600 -348
203 60 2 -5800 -406
206 60 2 -5764 -320
209 60 2 -5752 -400
211 60 2 -5792 -412
214 60 2 -5692 -272
217 60 2 -5708 -254
220 60 2 -5656 -362
222 60 2 -5748 -366
225 60 2 -5636 -294
228 60 2 -5596 -296
231 60 2 -5776 -336
234 60 2 -5664 -334
237 60 2 -5672 -330
240 60 2 -5560 -238
243 60 2 -5532 -306
246 60 2 -5532 -238
250 60 2 -5492 -208
253 60 2 -5584 -286
256 60 2 -5548 -238
259 60 2 -5660 -280
263 60 2 -5632 -240
266 60 2 -5576 -154
269 60 2 -5592 -184
273 60 2 -5704 -248
276 60 2 -5628 -102
280 60 2 -5756 -56
284 60 2 -5712 -40
287 60 2 -5772 -104
291 60 2 -5672 -130
295 60 2 -5644 -98
298 60 2 -5780 -188
302 60 2 -5688 -364
306 60 2 -5556 -414
310 60 2 -5524 -452
314 60 2 -5676 -494
318 60 2 -5660 -538
322 60 2 -5500 -518
326 60 2 -5516 -500
331 60 2 -5416 -466
335 60 2 -5560 -514
339 60 2 -5720 -526
344 60 2 -5812 -536
348 60 2 -5828 -546
352 60 2 -5588 -510
357 60 2 -5740 -566
362 60 2 -5496 -498
366 60 2 -5444 -324
371 60 2 -5520 -394
376 60 2 -5628 -338
381 60 2 -5684 -352
385 60 2 -5712 -380
390 60 2 -5552 -340
395 60 2 -5780 -176
401 60 2 -5676 -250
406 60 2 -5792 -136
411 60 2 -5656 -78
416 60 2 -5820 -156
422 60 2 -5704 -282
427 60 2 -5816 -142
433 60 2 -5896 -224
438 60 2 -5628 -198
444 60 2 -5812 -198
449 60 2 -5864 -218
455 60 2 -5892 -386
461 60 2 -5796 -334
467 60 2 -5676 -380
473 60 2 -5768 -320
479 60 2 -5712 -202
485 60 2 -5876 -188
492 60 2 -5856 -334
498 60 2 -5816 -292
504 60 2 -5680 -326
511 60 2 -5860 -260
517 60 2 -5784 -322
524 60 2 -5764 -330
531 60 2 -5920 -310
538 60 2 -5972 -432
545 60 2 -6012 -424
552 60 2 -5932 -596
559 60 2 -5900 -516
566 60 2 -5772 -408
573 60 2 -5944 -786
581 60 2 -5768 -706
588 60 2 -5696 -914
596 60 2 -5676 -762
603 60 2 -5824 -474
611 60 2 -5732 -686
619 60 2 -5912 -842
627 60 2 -5752 -856
635 60 2 -5772 -856
643 60 2 -5716 -920
652 60 2 -5892 -1034
660 60 2 -5712 -1054
668 60 2 -5812 -938
677 60 2 -5716 -882
686 60 2 -5844 -858
695 60 2 -5748 -858
704 60 2 -5928 -816
713 60 2 -5780 -850
722 60 2 -5720 -784
731 60 2 -5696 -690
741 60 2 -5824 -646
750 60 2 -5700 -670
760 60 2 -5728 -708
770 60 2 -5832 -516
780 60 2 -5856 -662
790 60 2 -5812 -534
800 60 2 -6024 -508
810 60 2 -5660 -538
821 60 2 -5780 -874
831 60 2 -5792 -776
842 60 2 -5816 -836
853 60 2 -5896 -852
864 60 2 -5804 -846
875 60 2 -6040 -994
886 60 2 -6052 -1118
897 60 2 -5804 -1298
909 60 2 -5916 -1290
921 60 2 -6032 -1332
933 60 2 -5808 -1414
945 60 2 -5896 -1536
957 60 2 -5940 -1614
969 60 2 -5644 -1660
982 60 2 -5724 -1754
994 60 2 -5704 -1708
1007 60 2 -5936 -2166
1020 60 2 -5884 -2274
1033 60 2 -5788 -2268
1047 60 2 -5924 -2512
1060 60 2 -5804 -2452
1074 60 2 -5916 -2636
1088 60 2 -6076 -2878
1102 60 2 -6108 -2934
1116 60 2 -6152 -2966
1130 60 2 -6024 -2836
1145 60 2 -6096 -2936
1160 60 2 -6180 -2946
1174 60 2 -5956 -2900
1190 60 2 -6184 -3070
1205 60 2 -6428 -3232
1220 60 2 -5964 -3100
1236 60 2 -6356 -3134
1252 60 2 -6244 -3122
1268 60 2 -6084 -3128
1285 60 2 -6416 -3344
1301 60 2 -6252 -3234
1318 60 2 -6280 -3232
1335 60 2 -6332 -3318
1352 60 2 -6256 -3296
1370 60 2 -6280 -3312
1387 60 2 -6284 -3254
1405 60 2 -6360 -3316
1423 60 2 -6364 -3342
1442 60 2 -6228 -3222
1460 60 2 -6208 -3268
1479 60 2 -6356 -3330
1498 60 2 -6444 -3364
1517 60 2 -6352 -3326
1537 60 2 -6348 -3306
1557 60 2 -6436 -3340
1577 60 2 -6192 -3180
1597 60 2 -6336 -3324
1618 60 2 -6328 -3306
1639 60 2 -6340 -3286
1660 60 2 -6200 -3262
1681 60 2 -6280 -3302
1703 60 2 -6332 -3302
1725 60 2 -6096 -3208
1747 60 2 -6296 -3290
1770 60 2 -6444 -3328
1792 60 2 -6332 -3300
1816 60 2 -6468 -3376
1839 60 2 -6236 -3268
1863 60 2 -6376 -3332
1887 60 2 -6268 -3282
1911 60 2 -6204 -3244
1936 60 2 -6284 -3266
1961 60 2 -6440 -3342
1986 60 2 -6212 -3266
2012 60 2 -6360 -3282
2037 60 2 -6280 -3282
2064 60 2 -6440 -3382
2090 60 2 -6388 -3310
2117 60 2 -6024 -3118
2145 60 2 -6224 -3230
2172 60 2 -6264 -3236
2200 60 2 -6408 -3284
2229 60 2 -6332 -3296
2257 60 2 -6168 -3252
2286 60 2 -6312 -3290
2316 60 2 -6404 -3360
2346 60 2 -6080 -3208
2376 60 2 -6400 -3350
2407 60 2 -6468 -3362
2438 60 2 -6208 -3232
2469 60 2 -6244 -3270
2501 60 2 -6360 -3294
2533 60 2 -6276 -3280
2566 60 2 -6232 -3270
2599 60 2 -6328 -3260
2633 60 2 -6320 -3314
2667 60 2 -6448 -3372
2701 60 2 -6288 -3254
2736 60 2 -6104 -3200
2771 60 2 -6096 -3214
2807 60 2 -6184 -3258
2843 60 2 -6344 -3314
2880 60 2 -6332 -3322
2917 60 2 -6176 -3182
2954 60 2 -6380 -3352
2992 60 2 -6356 -3282
3031 60 2 -6176 -3222
3070 60 2 -6308 -3330
3110 60 2 -6260 -3290
3150 60 2 -6296 -3296
3190 60 2 -6192 -3254
3232 60 2 -6308 -3314
3273 60 2 -6332 -3284
3315 60 2 -6308 -3286
3358 60 2 -6316 -3314
3402 60 2 -6260 -3254
3445 60 2 -6172 -3252
3490 60 2 -6160 -3252
3535 60 2 -6244 -3210
3580 60 2 -6396 -3332
3627 60 2 -6120 -3194
3673 60 2 -6272 -3316
3721 60 2 -6320 -3258
3769 60 2 -6192 -3250
3817 60 2 -6328 -3334
3867 60 2 -6280 -3310
3916 60 2 -6268 -3210
3967 60 2 -6148 -3234
4018 60 2 -6196 -3228
4070 60 2 -6296 -3308
4122 60 2 -6208 -3272
4176 60 2 -6260 -3276
4229 60 2 -6128 -3192
4284 60 2 -6340 -3312
4339 60 2 -6188 -3252
4395 60 2 -6260 -3234
4452 60 2 -6240 -3286
4509 60 2 -6360 -3326
4567 60 2 -6524 -3388
4626 60 2 -6112 -3202
4686 60 2 -6224 -3250
4746 60 2 -6400 -3332
4808 60 2 -6252 -3280
4870 60 2 -6392 -3322
4932 60 2 -6284 -3306
4996 60 2 -6408 -3342
5060 60 2 -6280 -3278
5126 60 2 -6112 -3206
5192 60 2 -6180 -3256
5259 60 2 -6340 -3282
5327 60 2 -6280 -3244
5395 60 2 -6400 -3346
5465 60 2 -6404 -3324
5535 60 2 -6340 -3298
5607 60 2 -6292 -3282
5679 60 2 -6316 -3306
5752 60 2 -6392 -3356
5826 60 2 -6268 -3258
5902 60 2 -6376 -3334
5978 60 2 -6324 -3320
6055 60 2 -6100 -3200
6133 60 2 -6284 -3266
6212 60 2 -6340 -3320
6292 60 2 -6224 -3266
6373 60 2 -6256 -3298
6455 60 2 -6056 -3176
6539 60 2 -6324 -3328
6623 60 2 -6404 -3338
6708 60 2 -6024 -3150
6795 60 2 -6144 -3246
6883 60 2 -6304 -3254
6971 60 2 -6340 -3276
7061 60 2 -6020 -3170
7152 60 2 -6232 -3216
7245 60 2 -6148 -3264
7338 60 2 -6060 -3142
7433 60 2 -6308 -3316
7529 60 2 -6208 -3262
7626 60 2 -6420 -3332
7724 60 2 -6240 -3220
7824 60 2 -6304 -3302
7925 60 2 -6236 -3278
8027 60 2 -6240 -3286
8130 60 2 -6500 -3388
8235 60 2 -6140 -3166
8341 60 2 -6196 -3268
8449 60 2 -6244 -3230
8558 60 2 -6332 -3318
8668 60 2 -6404 -3318
8780 60 2 -6248 -3256
8893 60 2 -6144 -3190
9008 60 2 -6072 -3202
9124 60 2 -6352 -3326
9242 60 2 -6172 -3244
9361 60 2 -6232 -3222
9482 60 2 -6356 -3308
9604 60 2 -6188 -3252
9728 60 2 -6360 -3314
9853 60 2 -6288 -3300
9980 60 2 -6220 -3244
10109 60 2 -6300 -3302
10240 60 2 -6388 -3334
10372 60 2 -6352 -3302
10505 60 2 -6188 -3248
10641 60 2 -6176 -3236
10778 60 2 -6232 -3236
10917 60 2 -6324 -3312
11058 60 2 -6208 -3280
11201 60 2 -6284 -3268
11345 60 2 -6468 -3364
11491 60 2 -6368 -3300
11640 60 2 -6292 -3272
11790 60 2 -6320 -3272
11942 60 2 -6224 -3272
12096 60 2 -6320 -3258
12252 60 2 -6244 -3230
12410 60 2 -6344 -3338
12570 60 2 -6132 -3158
12732 60 2 -6328 -3328
12896 60 2 -6268 -3260
13062 60 2 -6384 -3340
13231 60 2 -6240 -3220
13402 60 2 -6192 -3266
13574 60 2 -6300 -3292
13750 60 2 -6180 -3216
13927 60 2 -6368 -3312
14106 60 2 -6220 -3266
14288 60 2 -6300 -3272
14473 60 2 -6300 -3296
14659 60 2 -6180 -3200
14848 60 2 -6328 -3312
15040 60 2 -6524 -3386
15234 60 2 -6392 -3334
15430 60 2 -6340 -3312
15629 60 2 -6284 -3292
15831 60 2 -6076 -3240
16035 60 2 -6392 -3342
16242 60 2 -6380 -3338
16451 60 2 -6316 -3302
16664 60 2 -6292 -3298
16879 60 2 -6260 -3222
17096 60 2 -6168 -3100
17317 60 2 -6344 -3316
17540 60 2 -6240 -3272
17766 60 2 -6444 -3352
17995 60 2 -6268 -3260
18228 60 2 -6360 -3310
18463 60 2 -6216 -3226
18701 60 2 -6192 -3262
18942 60 2 -6316 -3280
19186 60 2 -6092 -3178
19434 60 2 -6156 -3234
19684 60 2 -6240 -3266
19938 60 2 -6204 -3222
20195 60 2 -6324 -3302
20456 60 2 -6288 -3272
20720 60 2 -6240 -3292
20987 60 2 -6288 -3264
21258 60 2 -6204 -3252
21532 60 2 -6176 -3270
21810 60 2 -6308 -3310
22091 60 2 -6224 -3232
22376 60 2 -6240 -3288
22664 60 2 -6288 -3320
22957 60 2 -6484 -3384
23253 60 2 -6100 -3216
23553 60 2 -6292 -3264
23856 60 2 -6224 -3232
24164 60 2 -6324 -3306
24476 60 2 -6288 -3266
24791 60 2 -6308 -3296
25111 60 2 -6244 -3260
25435 60 2 -6380 -3330
25763 60 2 -6472 -3368
26095 60 2 -6256 -3284
26432 60 2 -6248 -3248
26773 60 2 -6172 -3232
27118 60 2 -6300 -3312
27468 60 2 -6332 -3306
27822 60 2 -6256 -3284
28181 60 2 -6368 -3336
28545 60 2 -6240 -3294
28913 60 2 -6312 -3322
29286 60 2 -6296 -3308
29663 60 2 -6276 -3282
30046 60 2 -6228 -3266
30434 60 2 -6144 -3208
30826 60 2 -6332 -3314
31224 60 2 -6404 -3338
31626 60 2 -6324 -3326
32034 60 2 -6204 -3212
32447 60 2 -6336 -3316
32866 60 2 -6308 -3322
33290 60 2 -6252 -3298
33719 60 2 -6144 -3244
34154 60 2 -6264 -3280
34595 60 2 -6408 -3330
35041 60 2 -6300 -3290
35493 60 2 -6428 -3350
35951 60 2 -6380 -3354
36414 60 2 -6444 -3368
36884 60 2 -6248 -3288
37360 60 2 -6172 -3244
37841 60 2 -6356 -3324
38330 60 2 -6264 -3260
38824 60 2 -6268 -3204
39325 60 2 -6396 -3344
39832 60 2 -6368 -3314
40346 60 2 -6280 -3232
40866 60 2 -6336 -3298
41393 60 2 -6208 -3276
41927 60 2 -6456 -3372
42468 60 2 -6372 -3358
43015 60 2 -6484 -3374
43570 60 2 -6320 -3312
44132 60 2 -6444 -3372
44701 60 2 -6188 -3250
45278 60 2 -6292 -3296
45862 60 2 -6304 -3276
46453 60 2 -6412 -3334
47053 60 2 -6452 -3350
47660 60 2 -6384 -3310
48274 60 2 -6232 -3244
48897 60 2 -6160 -3174
49528 60 2 -6296 -3300
50166 60 2 -6400 -3352
50813 60 2 -6272 -3274
51469 60 2 -6192 -3222
52133 60 2 -6292 -3278
52805 60 2 -6320 -3320
53486 60 2 -6300 -3272
54176 60 2 -6296 -3312
54875 60 2 -6256 -3298
55582 60 2 -6352 -3272
56299 60 2 -6196 -3248
57025 60 2 -6380 -3310
57761 60 2 -6312 -3268
58506 60 2 -6032 -3172
59261 60 2 -6212 -3182
60025 60 2 -6276 -3292
60799 60 2 -6088 -3194
61583 60 2 -6324 -3304
62378 60 2 -6476 -3360
63182 60 2 -6300 -3296
63997 60 2 -6332 -3298
64822 60 2 -6252 -3290
65658 60 2 -6352 -3322
66505 60 2 -6300 -3280
67363 60 2 -6120 -3224
68232 60 2 -6236 -3254
69112 60 2 -6360 -3330
70003 60 2 -6176 -3226
70906 60 2 -6388 -3320
71821 60 2 -6328 -3294
72747 60 2 -6212 -3264
73685 60 2 -6264 -3298
74636 60 2 -6428 -3320
75599 60 2 -6284 -3278
76574 60 2 -6232 -3294
77561 60 2 -6192 -3294
78562 60 2 -6292 -3290
79575 60 2 -6164 -3244
80601 60 2 -6276 -3292
81641 60 2 -6388 -3320
82694 60 2 -6324 -3308
83760 60 2 -6320 -3298
84841 60 2 -6032 -3062
85935 60 2 -6264 -3296
87043 60 2 -6372 -3340
88166 60 2 -6340 -3294
89303 60 2 -6260 -3296
90455 60 2 -6388 -3272
91622 60 2 -6312 -3308
92803 60 2 -6348 -3292
94000 60 2 -6376 -3314
95213 60 2 -6504 -3374
96441 60 2 -6348 -3336
97685 60 2 -6188 -3254
98945 60 2 -6244 -3300
100221 60 2 -6504 -3368
101513 60 2 -6244 -3256
102823 60 2 -6172 -3186
104149 60 2 -6160 -3236
105492 60 2 -6400 -3334
106853 60 2 -6352 -3288
108231 60 2 -6280 -3274
109627 60 2 -6068 -3192
111041 60 2 -6136 -3232
112473 60 2 -6372 -3340
113924 60 2 -6240 -3280
115393 60 2 -6204 -3264
116882 60 2 -6252 -3254
118389 60 2 -6284 -3266
119916 60 2 -6376 -3350
121463 60 2 -6392 -3326
123029 60 2 -6424 -3340
124616 60 2 -6464 -3368
126224 60 2 -6344 -3324
127852 60 2 -6372 -3314
129501 60 2 -6228 -3156
131171 60 2 -6304 -3278
132863 60 2 -6272 -3262
134576 60 2 -6340 -3308
136312 60 2 -6184 -3262
138070 60 2 -6316 -3308
139851 60 2 -6316 -3270
141655 60 2 -6336 -3310
143482 60 2 -6368 -3318
145333 60 2 -6192 -3240
147207 60 2 -6076 -3246
149106 60 2 -6472 -3372
151029 60 2 -6276 -3304
152977 60 2 -6248 -3264
154950 60 2 -6292 -3248
156948 60 2 -6276 -3284
158973 60 2 -6188 -3234
161023 60 2 -6448 -3332
163100 60 2 -6176 -3132
165204 60 2 -6336 -3300
167334 60 2 -6204 -3230
169493 60 2 -6292 -3294
171679 60 2 -6232 -3250
173893 60 2 -6324 -3288
176136 60 2 -6208 -3248
178408 60 2 -6180 -3220
180709 60 2 -6128 -3136
183040 60 2 -6328 -3318
185400 60 2 -6428 -3340
187792 60 2 -6344 -3288
190214 60 2 -6328 -3318
192667 60 2 -6324 -3294
195152 60 2 -6312 -3246
197669 60 2 -6300 -3312
200219 60 2 -6260 -3280
202801 60 2 -6104 -3202
205417 60 2 -6376 -3340
208066 60 2 -6320 -3306
210750 60 2 -6212 -3244
213468 60 2 -6036 -3158
216222 60 2 -6540 -3388
219010 60 2 -6420 -3338
221835 60 2 -6188 -3252
224696 60 2 -6208 -3224
227595 60 2 -6352 -3306
230530 60 2 -6364 -3268
233503 60 2 -6368 -3290
236515 60 2 -6144 -3240
239566 60 2 -6152 -3222
242656 60 2 -6324 -3262
245785 60 2 -6256 -3310
248956 60 2 -6392 -3340
252167 60 2 -6144 -3230
255419 60 2 -6292 -3300
258713 60 2 -6260 -3262
262050 60 2 -6376 -3332
265430 60 2 -6376 -3294
268854 60 2 -6212 -3266
272321 60 2 -6380 -3346
275834 60 2 -6368 -3324
279391 60 2 -6312 -3314
282995 60 2 -6152 -3154
286645 60 2 -6132 -3206
290342 60 2 -6300 -3252
294087 60 2 -6128 -3184
297880 60 2 -6528 -3360
301722 60 2 -6360 -3286
305614 60 2 -6492 -3330
309556 60 2 -6296 -3308
313548 60 2 -6308 -3328
317592 60 2 -6228 -3268
321689 60 2 -6356 -3260
325838 60 2 -6312 -3294
330040 60 2 -6220 -3232
334297 60 2 -6288 -3300
338609 60 2 -6256 -3280
342976 60 2 -6232 -3242
347400 60 2 -6280 -3258
351881 60 2 -6300 -3304
356419 60 2 -6016 -3208
361016 60 2 -6000 -3124
365673 60 2 -6260 -3242
370389 60 2 -6308 -3326
375167 60 2 -6112 -3196
380005 60 2 -6248 -3284
384907 60 2 -6208 -3218
389871 60 2 -6360 -3332
394900 60 2 -6236 -3274
399993 60 2 -6424 -3320
405152 60 2 -6276 -3260
410378 60 2 -6168 -3150
415671 60 2 -6188 -3252
421032 60 2 -6052 -3080
426463 60 2 -6308 -3300
431963 60 2 -6204 -3246
437535 60 2 -6336 -3312
443178 60 2 -6284 -3298
448894 60 2 -6208 -3204
454684 60 2 -6280 -3304
460548 60 2 -6432 -3342
466489 60 2 -6288 -3286
472505 60 2 -6252 -3264
478600 60 2 -6380 -3350
484773 60 2 -6384 -3348
491025 60 2 -6336 -3302
497358 60 2 -6464 -3366
503773 60 2 -6272 -3246
510271 60 2 -6276 -3270
516852 60 2 -6208 -3268
523519 60 2 -6336 -3330
530271 60 2 -6080 -3170
537111 60 2 -6360 -3304
544038 60 2 -6448 -3358
551055 60 2 -6088 -3228
558163 60 2 -6256 -3268
565362 60 2 -6236 -3248
572654 60 2 -6280 -3272
580040 60 2 -6280 -3304
587521 60 2 -6216 -3266
595099 60 2 -6164 -3238
602775 60 2 -6296 -3280
610549 60 2 -6304 -3280
618424 60 2 -6224 -3262
626400 60 2 -6224 -3256
634480 60 2 -6320 -3328
642663 60 2 -6256 -3282
650952 60 2 -6192 -3256
659348 60 2 -6448 -3346
667853 60 2 -6372 -3338
676467 60 2 -6164 -3244
685192 60 2 -6312 -3320
694029 60 2 -6272 -3260
702981 60 2 -6264 -3278
712048 60 2 -6220 -3282
721232 60 2 -6320 -3338
730534 60 2 -6228 -3232
739957 60 2 -6276 -3306
749500 60 2 -6164 -3192
759168 60 2 -6284 -3262
768959 60 2 -6056 -3188
778877 60 2 -6216 -3258
788923 60 2 -6508 -3390
799099 60 2 -6380 -3340
809405 60 2 -6084 -3224
819845 60 2 -6404 -3326
830419 60 2 -6248 -3256
841130 60 2 -6296 -3332
851979 60 2 -6184 -3238
862968 60 2 -6304 -3296
874098 60 2 -6232 -3244
885373 60 2 -6304 -3314
896792 60 2 -6164 -3242
908359 60 2 -6408 -3328
920075 60 2 -6292 -3306
931942 60 2 -6352 -3306
943962 60 2 -6220 -3210
956137 60 2 -6272 -3312
968470 60 2 -6432 -3342
980961 60 2 -6220 -3230
993613 60 2 -6216 -3228
999999 60 2 -6384 -3316
