3 140 2.3 -17832 -198
4 140 2.3 -19304 -200
5 140 2.3 -20248 -16
6 140 2.3 -20732 176
7 140 2.3 -21244 364
8 140 2.3 -21508 444
9 140 2.3 -21948 490
10 140 2.3 -22112 668
11 140 2.3 -22380 544
12 140 2.3 -22688 742
13 140 2.3 -22944 546
14 140 2.3 -22820 766
15 140 2.3 -23284 770
16 140 2.3 -23160 972
17 140 2.3 -23504 1302
18 140 2.3 -23712 1208
19 140 2.3 -23728 1278
20 140 2.3 -23416 1222
21 140 2.3 -23660 1382
22 140 2.3 -23904 1490
23 140 2.3 -24320 1466
24 140 2.3 -24472 1488
25 140 2.3 -24140 1494
26 140 2.3 -24212 1292
27 140 2.3 -24156 1274
28 140 2.3 -24160 1162
29 140 2.3 -24296 1218
30 140 2.3 -24408 1232
31 140 2.3 -24788 1212
32 140 2.3 -24592 1206
33 140 2.3 -24400 1236
34 140 2.3 -24608 1144
35 140 2.3 -24676 1186
36 140 2.3 -24484 1616
37 140 2.3 -24752 1680
38 140 2.3 -24676 1622
39 140 2.3 -24880 1846
40 140 2.3 -25032 1908
41 140 2.3 -24852 1828
42 140 2.3 -25104 1736
43 140 2.3 -24740 1678
44 140 2.3 -24788 1950
45 140 2.3 -24868 2228
46 140 2.3 -24964 2024
47 140 2.3 -24948 1970
48 140 2.3 -24928 1972
49 140 2.3 -24588 1756
50 140 2.3 -24300 1696
51 140 2.3 -24692 1668
52 140 2.3 -24732 1484
53 140 2.3 -24752 1702
54 140 2.3 -24692 1830
55 140 2.3 -25056 1724
56 140 2.3 -24828 1896
57 140 2.3 -24616 1974
58 140 2.3 -24584 2098
59 140 2.3 -24616 2064
60 140 2.3 -25096 2058
61 140 2.3 -24968 2090
62 140 2.3 -25184 2356
63 140 2.3 -25508 2224
64 140 2.3 -25596 2212
65 140 2.3 -25488 2230
66 140 2.3 -25564 2256
67 140 2.3 -25764 2376
68 140 2.3 -25832 2298
69 140 2.3 -25832 2220
70 140 2.3 -25720 2206
71 140 2.3 -25408 2244
72 140 2.3 -25488 2492
73 140 2.3 -25512 2500
74 140 2.3 -25212 2398
75 140 2.3 -25468 2276
76 140 2.3 -25344 2220
77 140 2.3 -25456 2244
78 140 2.3 -25612 2112
79 140 2.3 -25580 2000
80 140 2.3 -25904 1858
81 140 2.3 -25848 1766
82 140 2.3 -25752 1890
83 140 2.3 -25652 1636
84 140 2.3 -25600 1604
85 140 2.3 -25544 1462
86 140 2.3 -25572 1554
88 140 2.3 -25524 1396
89 140 2.3 -25568 1372
90 140 2.3 -25348 1608
91 140 2.3 -24944 1520
92 140 2.3 -25104 1436
93 140 2.3 -25124 1262
95 140 2.3 -25420 1194
96 140 2.3 -25432 1096
97 140 2.3 -25304 1008
98 140 2.3 -25124 804
99 140 2.3 -25552 656
101 140 2.3 -25456 736
102 140 2.3 -25456 826
103 140 2.3 -25816 886
105 140 2.3 -25624 718
106 140 2.3 -25732 782
107 140 2.3 -25852 854
109 140 2.3 -25744 804
110 140 2.3 -25756 1032
112 140 2.3 -25864 1294
113 140 2.3 -25540 1410
114 140 2.3 -25644 1458
116 140 2.3 -25808 1654
117 140 2.3 -25880 1520
119 140 2.3 -26008 1502
120 140 2.3 -25696 1426
122 140 2.3 -26208 1466
124 140 2.3 -25628 1510
125 140 2.3 -25600 1462
127 140 2.3 -25792 1296
128 140 2.3 -26024 1408
130 140 2.3 -25432 1284
132 140 2.3 -25560 1608
133 140 2.3 -25724 1436
135 140 2.3 -25640 1458
137 140 2.3 -25848 1562
139 140 2.3 -25492 1336
140 140 2.3 -25308 1174
142 140 2.3 -25468 882
144 140 2.3 -25928 748
146 140 2.3 -25784 892
148 140 2.3 -25988 828
150 140 2.3 -25912 822
152 140 2.3 -25952 1212
154 140 2.3 -25748 1068
155 140 2.3 -25816 1256
157 140 2.3 -25940 1014
160 140 2.3 -25544 1114
162 140 2.3 -25920 1106
164 140 2.3 -26008 1136
166 140 2.3 -25812 1090
168 140 2.3 -25888 1184
170 140 2.3 -25988 1114
172 140 2.3 -25872 1150
174 140 2.3 -26272 1026
177 140 2.3 -26084 1116
179 140 2.3 -25740 988
181 140 2.3 -25832 690
184 140 2.3 -26224 590
186 140 2.3 -26080 504
188 140 2.3 -26028 634
191 140 2.3 -26128 590
193 140 2.3 -26240 472
196 140 2.3 -26152 408
198 140 2.3 -25652 542
201 140 2.3 -25628 668
203 140 2.3 -25940 724
206 140 2.3 -25716 500
209 140 2.3 -26068 368
211 140 2.3 -26528 582
214 140 2.3 -26168 686
217 140 2.3 -25924 584
220 140 2.3 -25540 746
222 140 2.3 -25932 940
225 140 2.3 -25672 1202
228 140 2.3 -26124 1514
231 140 2.3 -25540 1178
234 140 2.3 -25368 1082
237 140 2.3 -25748 1460
240 140 2.3 -25920 1668
243 140 2.3 -25892 1688
246 140 2.3 -26296 1798
250 140 2.3 -26168 1112
253 140 2.3 -26020 866
256 140 2.3 -26408 738
259 140 2.3 -26232 782
263 140 2.3 -25668 782
266 140 2.3 -26232 962
269 140 2.3 -26280 692
273 140 2.3 -25808 968
276 140 2.3 -25480 882
280 140 2.3 -25984 1058
284 140 2.3 -25848 718
287 140 2.3 -25292 976
291 140 2.3 -25408 1066
295 140 2.3 -25508 744
298 140 2.3 -25948 560
302 140 2.3 -25392 294
306 140 2.3 -26132 38
310 140 2.3 -25856 -412
314 140 2.3 -25672 -472
318 140 2.3 -25852 -816
322 140 2.3 -25760 -690
326 140 2.3 -25812 -894
331 140 2.3 -26116 -828
335 140 2.3 -25800 -560
339 140 2.3 -25556 -922
344 140 2.3 -25860 -1208
348 140 2.3 -25568 -1256
352 140 2.3 -25472 -1248
357 140 2.3 -25504 -1208
362 140 2.3 -25668 -1194
366 140 2.3 -25204 -1426
371 140 2.3 -25776 -1820
376 140 2.3 -26480 -2000
381 140 2.3 -26252 -2022
385 140 2.3 -26072 -1658
390 140 2.3 -26172 -1584
395 140 2.3 -26108 -1522
401 140 2.3 -26204 -1352
406 140 2.3 -26580 -1866
411 140 2.3 -25824 -1628
416 140 2.3 -26124 -1334
422 140 2.3 -25832 -1674
427 140 2.3 -25796 -1610
433 140 2.3 -26136 -1942
438 140 2.3 -26752 -1900
444 140 2.3 -26496 -1846
449 140 2.3 -26468 -1312
455 140 2.3 -26064 -1036
461 140 2.3 -25312 -1178
467 140 2.3 -25652 -1628
473 140 2.3 -25984 -1134
479 140 2.3 -26024 -1258
485 140 2.3 -26016 -934
492 140 2.3 -26052 -992
498 140 2.3 -25848 -1112
504 140 2.3 -25984 -1156
511 140 2.3 -26400 -1346
517 140 2.3 -26476 -1692
524 140 2.3 -25948 -1776
531 140 2.3 -25808 -1330
538 140 2.3 -25856 -1208
545 140 2.3 -26256 -562
552 140 2.3 -26564 -682
559 140 2.3 -26356 -738
566 140 2.3 -26736 -644
573 140 2.3 -26636 -474
581 140 2.3 -27080 -386
588 140 2.3 -26372 -490
596 140 2.3 -26516 278
603 140 2.3 -26828 328
611 140 2.3 -26608 232
619 140 2.3 -26232 234
627 140 2.3 -27036 490
635 140 2.3 -26384 654
643 140 2.3 -26672 838
652 140 2.3 -26756 718
660 140 2.3 -26640 886
668 140 2.3 -26104 822
677 140 2.3 -26440 880
686 140 2.3 -26480 1108
695 140 2.3 -26900 1468
704 140 2.3 -26636 1306
713 140 2.3 -25396 1320
722 140 2.3 -25864 1186
731 140 2.3 -26432 1040
741 140 2.3 -25924 1316
750 140 2.3 -25744 1488
760 140 2.3 -26608 1408
770 140 2.3 -26412 1334
780 140 2.3 -26184 1032
790 140 2.3 -26060 952
800 140 2.3 -26180 862
810 140 2.3 -25812 944
821 140 2.3 -26208 1058
831 140 2.3 -26428 1112
842 140 2.3 -25760 1006
853 140 2.3 -26212 1668
864 140 2.3 -26064 1806
875 140 2.3 -26556 1972
886 140 2.3 -26308 2486
897 140 2.3 -26392 2568
909 140 2.3 -26504 2882
921 140 2.3 -26200 2692
933 140 2.3 -26028 3076
945 140 2.3 -26184 3114
957 140 2.3 -26820 3410
969 140 2.3 -26716 3506
982 140 2.3 -26468 3174
994 140 2.3 -26640 3234
1007 140 2.3 -26700 3292
1020 140 2.3 -26004 3520
1033 140 2.3 -26836 4246
1047 140 2.3 -26092 4414
1060 140 2.3 -25992 4032
1074 140 2.3 -25944 4836
1088 140 2.3 -26776 5060
1102 140 2.3 -26300 5772
1116 140 2.3 -26620 6002
1130 140 2.3 -26340 5972
1145 140 2.3 -26684 6148
1160 140 2.3 -26216 5894
1174 140 2.3 -26440 6326
1190 140 2.3 -26452 6128
1205 140 2.3 -26384 6298
1220 140 2.3 -26116 6388
1236 140 2.3 -26512 6514
1252 140 2.3 -26036 4854
1268 140 2.3 -26116 4800
1285 140 2.3 -25720 4464
1301 140 2.3 -25816 4264
1318 140 2.3 -25748 3874
1335 140 2.3 -25968 4148
1352 140 2.3 -26188 5362
1370 140 2.3 -25724 5110
1387 140 2.3 -25532 3912
1405 140 2.3 -26480 3782
1423 140 2.3 -26932 4720
1442 140 2.3 -26372 5258
1460 140 2.3 -25652 4990
1479 140 2.3 -25836 4838
1498 140 2.3 -26448 4378
1517 140 2.3 -26000 4664
1537 140 2.3 -26288 4598
1557 140 2.3 -26200 4168
1577 140 2.3 -26212 3842
1597 140 2.3 -26332 4382
1618 140 2.3 -26732 3078
1639 140 2.3 -26372 3054
1660 140 2.3 -26780 2496
1681 140 2.3 -26368 1988
1703 140 2.3 -26028 1624
1725 140 2.3 -26484 2332
1747 140 2.3 -26000 1792
1770 140 2.3 -25784 2262
1792 140 2.3 -26500 2622
1816 140 2.3 -25272 2916
1839 140 2.3 -26408 2854
1863 140 2.3 -26228 2818
1887 140 2.3 -26440 3980
1911 140 2.3 -26020 3984
1936 140 2.3 -26044 4050
1961 140 2.3 -26168 4706
1986 140 2.3 -25688 4730
2012 140 2.3 -26580 5162
2037 140 2.3 -26616 4776
2064 140 2.3 -26444 5306
2090 140 2.3 -26180 5048
2117 140 2.3 -25660 5004
2145 140 2.3 -25524 4404
2172 140 2.3 -25864 4788
2200 140 2.3 -25180 5078
2229 140 2.3 -25484 5330
2257 140 2.3 -25644 6282
2286 140 2.3 -25680 5704
2316 140 2.3 -25312 5154
2346 140 2.3 -25048 4138
2376 140 2.3 -26048 5064
2407 140 2.3 -26112 5794
2438 140 2.3 -26100 6218
2469 140 2.3 -26244 5674
2501 140 2.3 -26132 5332
2533 140 2.3 -26492 6218
2566 140 2.3 -26088 6584
2599 140 2.3 -26304 6012
2633 140 2.3 -25844 4818
2667 140 2.3 -27080 6568
2701 140 2.3 -26084 5948
2736 140 2.3 -26400 6570
2771 140 2.3 -26408 6944
2807 140 2.3 -26456 6700
2843 140 2.3 -26412 6166
2880 140 2.3 -26572 7432
2917 140 2.3 -25460 6466
2954 140 2.3 -26608 7474
2992 140 2.3 -26372 6430
3031 140 2.3 -26172 7100
3070 140 2.3 -26040 7680
3110 140 2.3 -26100 6032
3150 140 2.3 -26740 7454
3190 140 2.3 -26304 6652
3232 140 2.3 -26480 6852
3273 140 2.3 -26380 7638
3315 140 2.3 -27036 7958
3358 140 2.3 -26664 7342
3402 140 2.3 -26432 5762
3445 140 2.3 -25720 6360
3490 140 2.3 -25884 6938
3535 140 2.3 -25904 6402
3580 140 2.3 -26560 7178
3627 140 2.3 -26484 8102
3673 140 2.3 -26712 7732
3721 140 2.3 -27340 6978
3769 140 2.3 -27180 7872
3817 140 2.3 -26456 7376
3867 140 2.3 -25844 6310
3916 140 2.3 -26636 4252
3967 140 2.3 -26056 4564
4018 140 2.3 -26484 4020
4070 140 2.3 -25512 4182
4122 140 2.3 -25708 4410
4176 140 2.3 -25976 5036
4229 140 2.3 -26440 5594
4284 140 2.3 -25728 5540
4339 140 2.3 -26168 5350
4395 140 2.3 -26372 6166
4452 140 2.3 -26740 7442
4509 140 2.3 -26324 7074
4567 140 2.3 -27408 7812
4626 140 2.3 -27128 8740
4686 140 2.3 -26920 7786
4746 140 2.3 -25716 7312
4808 140 2.3 -26656 6820
4870 140 2.3 -26480 6618
4932 140 2.3 -26276 7340
4996 140 2.3 -26164 6760
5060 140 2.3 -25936 5980
5126 140 2.3 -26396 5840
5192 140 2.3 -26316 5192
5259 140 2.3 -26272 5040
5327 140 2.3 -26620 6022
5395 140 2.3 -26020 4712
5465 140 2.3 -26388 5184
5535 140 2.3 -25804 5718
5607 140 2.3 -26220 5054
5679 140 2.3 -26052 4142
5752 140 2.3 -26372 4758
5826 140 2.3 -26408 5814
5902 140 2.3 -26180 6212
5978 140 2.3 -26492 6120
6055 140 2.3 -26188 6286
6133 140 2.3 -26360 6442
6212 140 2.3 -26532 7266
6292 140 2.3 -26424 5500
6373 140 2.3 -26252 5986
6455 140 2.3 -26788 6750
6539 140 2.3 -26368 6552
6623 140 2.3 -26692 5928
6708 140 2.3 -26004 5680
6795 140 2.3 -26416 6200
6883 140 2.3 -26160 7204
6971 140 2.3 -26544 8440
7061 140 2.3 -26124 6978
7152 140 2.3 -26016 6340
7245 140 2.3 -26756 8426
7338 140 2.3 -26280 6946
7433 140 2.3 -25960 5640
7529 140 2.3 -26260 7510
7626 140 2.3 -27312 9638
7724 140 2.3 -27336 9422
7824 140 2.3 -27120 9776
7925 140 2.3 -27100 10174
8027 140 2.3 -26540 9200
8130 140 2.3 -25880 7578
8235 140 2.3 -26020 7100
8341 140 2.3 -25596 5688
8449 140 2.3 -26364 3066
8558 140 2.3 -26032 2280
8668 140 2.3 -25884 3194
8780 140 2.3 -26752 4018
8893 140 2.3 -26052 4756
9008 140 2.3 -25872 3238
9124 140 2.3 -26068 3290
9242 140 2.3 -26068 3778
9361 140 2.3 -26672 4976
9482 140 2.3 -26568 5758
9604 140 2.3 -26224 5370
9728 140 2.3 -26308 6702
9853 140 2.3 -26908 7108
9980 140 2.3 -26168 6978
10109 140 2.3 -27072 6544
10240 140 2.3 -25832 5392
10372 140 2.3 -25788 4372
10505 140 2.3 -26120 3992
10641 140 2.3 -26828 5462
10778 140 2.3 -25948 7040
10917 140 2.3 -26296 6832
11058 140 2.3 -25740 6432
11201 140 2.3 -26492 7482
11345 140 2.3 -26336 8262
11491 140 2.3 -26728 6786
11640 140 2.3 -26848 8110
11790 140 2.3 -25900 7684
11942 140 2.3 -26724 8542
12096 140 2.3 -27428 8998
12252 140 2.3 -26552 7272
12410 140 2.3 -26392 4418
12570 140 2.3 -26432 5466
12732 140 2.3 -26732 7548
12896 140 2.3 -25964 4512
13062 140 2.3 -26232 4472
13231 140 2.3 -25444 3334
13402 140 2.3 -25268 3864
13574 140 2.3 -25984 2810
13750 140 2.3 -26292 534
13927 140 2.3 -25900 -24
14106 140 2.3 -26560 -2928
14288 140 2.3 -26564 -4192
14473 140 2.3 -26632 -5242
14659 140 2.3 -25540 -2468
14848 140 2.3 -26280 -5784
15040 140 2.3 -26556 -5562
15234 140 2.3 -26340 -6646
15430 140 2.3 -26244 -4906
15629 140 2.3 -26400 -5682
15831 140 2.3 -26596 -4184
16035 140 2.3 -26580 -5220
16242 140 2.3 -25284 -3222
16451 140 2.3 -26128 -4996
16664 140 2.3 -26572 -6242
16879 140 2.3 -26596 -7384
17096 140 2.3 -26148 -6066
17317 140 2.3 -25956 -7148
17540 140 2.3 -25444 -4426
17766 140 2.3 -26208 -4452
17995 140 2.3 -26476 -5294
18228 140 2.3 -26200 -3902
18463 140 2.3 -26000 -4410
18701 140 2.3 -26472 -2218
18942 140 2.3 -25984 -3194
19186 140 2.3 -26688 -2898
19434 140 2.3 -25880 -3284
19684 140 2.3 -26740 -1768
19938 140 2.3 -26748 -1942
20195 140 2.3 -26852 -2912
20456 140 2.3 -26288 -2910
20720 140 2.3 -25912 -1780
20987 140 2.3 -26308 -1742
21258 140 2.3 -26064 1232
21532 140 2.3 -25848 -2506
21810 140 2.3 -26572 -5128
22091 140 2.3 -26568 -2648
22376 140 2.3 -26264 -1574
22664 140 2.3 -26816 -2008
22957 140 2.3 -25948 -3350
23253 140 2.3 -26660 -2782
23553 140 2.3 -25756 -3260
23856 140 2.3 -25896 -6260
24164 140 2.3 -26564 -7438
24476 140 2.3 -25968 -4060
24791 140 2.3 -26564 -6038
25111 140 2.3 -25956 -4270
25435 140 2.3 -25980 -1376
25763 140 2.3 -26248 -3966
26095 140 2.3 -25460 -3220
26432 140 2.3 -26924 -3836
26773 140 2.3 -25720 -1746
27118 140 2.3 -26148 -5136
27468 140 2.3 -26196 -4544
27822 140 2.3 -26476 -4362
28181 140 2.3 -26052 -4156
28545 140 2.3 -27116 -3768
28913 140 2.3 -25824 -3666
29286 140 2.3 -26252 -3402
29663 140 2.3 -26300 -2486
30046 140 2.3 -26480 -1458
30434 140 2.3 -26824 -1784
30826 140 2.3 -25988 98
31224 140 2.3 -25616 3314
31626 140 2.3 -26060 1392
32034 140 2.3 -26216 1996
32447 140 2.3 -26112 -3424
32866 140 2.3 -26468 -2376
33290 140 2.3 -25680 -3396
33719 140 2.3 -25888 -3230
34154 140 2.3 -26704 -2408
34595 140 2.3 -26396 -2426
35041 140 2.3 -25752 -4072
35493 140 2.3 -26728 -5976
35951 140 2.3 -25948 -2816
36414 140 2.3 -26424 -2862
36884 140 2.3 -26108 732
37360 140 2.3 -26280 656
37841 140 2.3 -26016 920
38330 140 2.3 -26072 1594
38824 140 2.3 -26524 1776
39325 140 2.3 -26236 3638
39832 140 2.3 -27368 3392
40346 140 2.3 -26784 384
40866 140 2.3 -25888 2774
41393 140 2.3 -25904 6018
41927 140 2.3 -26824 7166
42468 140 2.3 -26136 8302
43015 140 2.3 -26760 4872
43570 140 2.3 -25556 5122
44132 140 2.3 -26688 7300
44701 140 2.3 -26600 6328
45278 140 2.3 -26000 4278
45862 140 2.3 -24960 762
46453 140 2.3 -26644 1010
47053 140 2.3 -26816 5290
47660 140 2.3 -25812 -214
48274 140 2.3 -26072 -476
48897 140 2.3 -25692 780
49528 140 2.3 -26080 2052
50166 140 2.3 -25672 3512
50813 140 2.3 -25580 3568
51469 140 2.3 -25956 2660
52133 140 2.3 -26244 2542
52805 140 2.3 -25904 2596
53486 140 2.3 -26148 3908
54176 140 2.3 -26620 156
54875 140 2.3 -26064 -3024
55582 140 2.3 -26024 -4122
56299 140 2.3 -27188 1976
57025 140 2.3 -26376 468
57761 140 2.3 -25720 2436
58506 140 2.3 -26568 3144
59261 140 2.3 -26920 5056
60025 140 2.3 -26356 -58
60799 140 2.3 -26408 -3584
61583 140 2.3 -27012 -9564
62378 140 2.3 -26572 -7990
63182 140 2.3 -27008 -9780
63997 140 2.3 -26776 -10074
64822 140 2.3 -27160 -5804
65658 140 2.3 -26396 -7740
66505 140 2.3 -27172 -11034
67363 140 2.3 -26668 -10170
68232 140 2.3 -26280 -6288
69112 140 2.3 -25740 -3520
70003 140 2.3 -26664 -7096
70906 140 2.3 -26372 -4722
71821 140 2.3 -25928 -3550
72747 140 2.3 -26436 -8392
73685 140 2.3 -26636 -5806
74636 140 2.3 -26656 -8946
75599 140 2.3 -27192 -10292
76574 140 2.3 -26988 -8652
77561 140 2.3 -26744 -8478
78562 140 2.3 -26644 -6754
79575 140 2.3 -26716 -6100
80601 140 2.3 -26212 -5146
81641 140 2.3 -26768 -9996
82694 140 2.3 -26832 -9744
83760 140 2.3 -26412 -9266
84841 140 2.3 -26068 -11176
85935 140 2.3 -27540 -11354
87043 140 2.3 -26372 -9158
88166 140 2.3 -26368 -7708
89303 140 2.3 -26680 -9088
90455 140 2.3 -25932 -7394
91622 140 2.3 -26460 -7624
92803 140 2.3 -25596 -4668
94000 140 2.3 -25996 -4240
95213 140 2.3 -25924 426
96441 140 2.3 -26196 -4710
97685 140 2.3 -26364 -8580
98945 140 2.3 -27472 -10970
100221 140 2.3 -26172 -9000
101513 140 2.3 -26324 -9978
102823 140 2.3 -25688 -3060
104149 140 2.3 -26492 1622
105492 140 2.3 -25984 -2096
106853 140 2.3 -26380 -2868
108231 140 2.3 -25760 102
109627 140 2.3 -26672 -3604
111041 140 2.3 -26244 2574
112473 140 2.3 -26084 6600
113924 140 2.3 -26408 4192
115393 140 2.3 -26172 6230
116882 140 2.3 -25952 -908
118389 140 2.3 -25500 986
119916 140 2.3 -26408 -692
121463 140 2.3 -26872 -4636
123029 140 2.3 -25616 -4386
124616 140 2.3 -26808 -3388
126224 140 2.3 -25888 1696
127852 140 2.3 -26604 -1604
129501 140 2.3 -26176 1354
131171 140 2.3 -25956 1120
132863 140 2.3 -26248 -1394
134576 140 2.3 -26164 1526
136312 140 2.3 -26096 2394
138070 140 2.3 -26452 -4284
139851 140 2.3 -25532 -3532
141655 140 2.3 -26856 -6590
143482 140 2.3 -26716 -7372
145333 140 2.3 -25664 -1800
147207 140 2.3 -26384 2744
149106 140 2.3 -26516 -2012
151029 140 2.3 -25996 -3168
152977 140 2.3 -26628 -7610
154950 140 2.3 -26072 -3824
156948 140 2.3 -25828 -1396
158973 140 2.3 -26100 -514
161023 140 2.3 -26152 6500
163100 140 2.3 -25856 5460
165204 140 2.3 -26168 3502
167334 140 2.3 -26392 -4514
169493 140 2.3 -25920 1884
171679 140 2.3 -26632 1240
173893 140 2.3 -25980 -854
176136 140 2.3 -25456 3860
178408 140 2.3 -26408 5106
180709 140 2.3 -25916 7996
183040 140 2.3 -26628 7142
185400 140 2.3 -25532 2536
187792 140 2.3 -27064 9628
190214 140 2.3 -27080 8570
192667 140 2.3 -26500 6810
195152 140 2.3 -26752 10848
197669 140 2.3 -27500 10752
200219 140 2.3 -26924 7646
202801 140 2.3 -26800 10154
205417 140 2.3 -26168 7268
208066 140 2.3 -26268 3600
210750 140 2.3 -26544 1892
213468 140 2.3 -27576 7810
216222 140 2.3 -26120 6684
219010 140 2.3 -26204 6638
221835 140 2.3 -26260 -4866
224696 140 2.3 -26036 -5776
227595 140 2.3 -26624 -7180
230530 140 2.3 -26996 -10364
233503 140 2.3 -26348 -7368
236515 140 2.3 -26720 -7842
239566 140 2.3 -26480 -1404
242656 140 2.3 -26596 6032
245785 140 2.3 -26424 8516
248956 140 2.3 -27284 10526
252167 140 2.3 -26096 3594
255419 140 2.3 -26820 3674
258713 140 2.3 -26628 -426
262050 140 2.3 -26564 -4906
265430 140 2.3 -26164 -366
268854 140 2.3 -25552 -6386
272321 140 2.3 -25904 -2262
275834 140 2.3 -26052 806
279391 140 2.3 -26392 -3590
282995 140 2.3 -26696 -11266
286645 140 2.3 -26432 -7438
290342 140 2.3 -25632 2592
294087 140 2.3 -26292 6824
297880 140 2.3 -26604 4660
301722 140 2.3 -25940 2192
305614 140 2.3 -26892 4444
309556 140 2.3 -25844 1100
313548 140 2.3 -26396 8202
317592 140 2.3 -26344 5092
321689 140 2.3 -26512 6942
325838 140 2.3 -26260 536
330040 140 2.3 -25344 -94
334297 140 2.3 -26348 7166
338609 140 2.3 -26076 -4212
342976 140 2.3 -26636 -1206
347400 140 2.3 -25592 -7596
351881 140 2.3 -26248 -4188
356419 140 2.3 -25948 1182
361016 140 2.3 -25952 -6800
365673 140 2.3 -25936 -6166
370389 140 2.3 -26752 -1614
375167 140 2.3 -26356 1298
380005 140 2.3 -27608 8554
384907 140 2.3 -26200 7446
389871 140 2.3 -26476 7734
394900 140 2.3 -26520 4908
399993 140 2.3 -26048 6870
405152 140 2.3 -26368 7224
410378 140 2.3 -26576 11040
415671 140 2.3 -26104 2594
421032 140 2.3 -25936 7128
426463 140 2.3 -25936 -1528
431963 140 2.3 -26320 7356
437535 140 2.3 -26536 2298
443178 140 2.3 -26140 -1296
448894 140 2.3 -25680 -1530
454684 140 2.3 -25756 -3756
460548 140 2.3 -27440 -11656
466489 140 2.3 -26612 -9008
472505 140 2.3 -26512 -1688
478600 140 2.3 -27032 8354
484773 140 2.3 -26708 8852
491025 140 2.3 -26176 3280
497358 140 2.3 -27192 10886
503773 140 2.3 -26040 4930
510271 140 2.3 -26404 7202
516852 140 2.3 -26220 -2002
523519 140 2.3 -26124 -2486
530271 140 2.3 -26188 -7428
537111 140 2.3 -25524 -868
544038 140 2.3 -25880 630
551055 140 2.3 -26944 -8476
558163 140 2.3 -26120 -4150
565362 140 2.3 -25996 -528
572654 140 2.3 -26348 2558
580040 140 2.3 -26904 4350
587521 140 2.3 -25848 1900
595099 140 2.3 -26308 -2726
602775 140 2.3 -26544 -8288
610549 140 2.3 -26292 118
618424 140 2.3 -25804 -2840
626400 140 2.3 -25932 -8484
634480 140 2.3 -25512 74
642663 140 2.3 -26676 9182
650952 140 2.3 -25760 266
659348 140 2.3 -25580 124
667853 140 2.3 -26888 6560
676467 140 2.3 -26384 2124
685192 140 2.3 -26864 9038
694029 140 2.3 -26232 3200
702981 140 2.3 -26184 -4166
712048 140 2.3 -26096 2070
721232 140 2.3 -26356 -7054
730534 140 2.3 -25692 -430
739957 140 2.3 -25616 4636
749500 140 2.3 -26896 9848
759168 140 2.3 -25560 -2714
768959 140 2.3 -26368 3880
778877 140 2.3 -26032 -2292
788923 140 2.3 -25944 1224
799099 140 2.3 -26484 -4596
809405 140 2.3 -26248 -2262
819845 140 2.3 -26400 5914
830419 140 2.3 -27028 1594
841130 140 2.3 -26752 456
851979 140 2.3 -26024 1794
862968 140 2.3 -26124 -1774
874098 140 2.3 -27360 -10128
885373 140 2.3 -25548 4956
896792 140 2.3 -26556 -7524
908359 140 2.3 -26704 -5964
920075 140 2.3 -27216 -838
931942 140 2.3 -26248 -6610
943962 140 2.3 -26208 5356
956137 140 2.3 -26956 7610
968470 140 2.3 -26500 9242
980961 140 2.3 -26308 -7728
993613 140 2.3 -25844 4606
999999 140 2.3 -26856 10238
