3 60 2.2 -3460 114
4 60 2.2 -3700 -62
5 60 2.2 -3832 -70
6 60 2.2 -4052 -120
7 60 2.2 -4012 -158
8 60 2.2 -4124 -148
9 60 2.2 -4216 -28
10 60 2.2 -4176 -6
11 60 2.2 -4192 14
12 60 2.2 -4168 4
13 60 2.2 -4368 140
14 60 2.2 -4332 128
15 60 2.2 -4272 124
16 60 2.2 -4272 52
17 60 2.2 -4244 188
18 60 2.2 -4540 112
19 60 2.2 -4576 126
20 60 2.2 -4600 180
21 60 2.2 -4552 278
22 60 2.2 -4472 296
23 60 2.2 -4628 224
24 60 2.2 -4612 252
25 60 2.2 -4748 212
26 60 2.2 -4700 184
27 60 2.2 -4668 152
28 60 2.2 -4564 160
29 60 2.2 -4696 196
30 60 2.2 -4592 136
31 60 2.2 -4676 148
32 60 2.2 -4820 206
33 60 2.2 -4836 208
34 60 2.2 -4836 170
35 60 2.2 -4740 236
36 60 2.2 -4836 288
37 60 2.2 -4712 224
38 60 2.2 -4844 194
39 60 2.2 -4724 218
40 60 2.2 -4780 166
41 60 2.2 -4844 134
42 60 2.2 -4768 100
43 60 2.2 -4820 204
44 60 2.2 -4800 130
45 60 2.2 -4792 118
46 60 2.2 -4796 80
47 60 2.2 -4868 54
48 60 2.2 -4900 42
49 60 2.2 -4932 74
50 60 2.2 -4884 8
51 60 2.2 -4804 -42
52 60 2.2 -4812 2
53 60 2.2 -4776 -40
54 60 2.2 -4884 -80
55 60 2.2 -4872 -78
56 60 2.2 -4792 -112
57 60 2.2 -4740 -34
58 60 2.2 -4888 -44
59 60 2.2 -4748 -36
60 60 2.2 -4552 -36
61 60 2.2 -4772 2
62 60 2.2 -4740 -38
63 60 2.2 -5004 -80
64 60 2.2 -4892 -70
65 60 2.2 -4904 -116
66 60 2.2 -4916 -82
67 60 2.2 -4828 -22
68 60 2.2 -4928 -130
69 60 2.2 -5052 -56
70 60 2.2 -5100 -106
71 60 2.2 -5036 -152
72 60 2.2 -5088 -106
73 60 2.2 -5016 -250
74 60 2.2 -5068 -226
75 60 2.2 -5104 -330
76 60 2.2 -5068 -334
77 60 2.2 -5064 -338
78 60 2.2 -4872 -328
79 60 2.2 -4980 -308
80 60 2.2 -5028 -284
81 60 2.2 -4944 -292
82 60 2.2 -4944 -322
83 60 2.2 -4900 -352
84 60 2.2 -5072 -344
85 60 2.2 -4932 -314
86 60 2.2 -4996 -328
88 60 2.2 -4988 -284
89 60 2.2 -4992 -268
90 60 2.2 -5024 -298
91 60 2.2 -5064 -278
92 60 2.2 -5112 -198
93 60 2.2 -4904 -168
95 60 2.2 -5072 -188
96 60 2.2 -5172 -214
97 60 2.2 -5108 -172
98 60 2.2 -5104 -188
99 60 2.2 -5224 -178
101 60 2.2 -5124 -198
102 60 2.2 -5168 -206
103 60 2.2 -5152 -256
105 60 2.2 -5068 -186
106 60 2.2 -5176 -248
107 60 2.2 -5188 -256
109 60 2.2 -5180 -222
110 60 2.2 -5140 -188
112 60 2.2 -5032 -158
113 60 2.2 -5260 -154
114 60 2.2 -5044 -130
116 60 2.2 -4996 -14
117 60 2.2 -5012 -60
119 60 2.2 -5196 -60
120 60 2.2 -5036 -46
122 60 2.2 -5044 4
124 60 2.2 -4940 -28
125 60 2.2 -5232 -24
127 60 2.2 -5160 58
128 60 2.2 -5076 70
130 60 2.2 -4980 178
132 60 2.2 -5104 202
133 60 2.2 -5172 82
135 60 2.2 -5124 114
137 60 2.2 -5264 44
139 60 2.2 -5136 64
140 60 2.2 -5100 120
142 60 2.2 -5152 112
144 60 2.2 -5176 -36
146 60 2.2 -5052 -86
148 60 2.2 -5288 -112
150 60 2.2 -5216 -182
152 60 2.2 -5088 -160
154 60 2.2 -4960 -166
155 60 2.2 -4932 -222
157 60 2.2 -4996 -298
160 60 2.2 -4944 -246
162 60 2.2 -4968 -266
164 60 2.2 -4888 -156
166 60 2.2 -5080 -114
168 60 2.2 -5260 -120
170 60 2.2 -5108 -214
172 60 2.2 -5072 -258
174 60 2.2 -5176 -182
177 60 2.2 -5060 -196
179 60 2.2 -4892 -250
181 60 2.2 -4824 -330
184 60 2.2 -5036 -390
186 60 2.2 -5180 -512
188 60 2.2 -5120 -610
191 60 2.2 -5144 -658
193 60 2.2 -5164 -640
196 60 2.2 -5100 -772
198 60 2.2 -5096 -784
201 60 2.2 -5264 -856
203 60 2.2 -5380 -862
206 60 2.2 -5100 -878
209 60 2.2 -5268 -760
211 60 2.2 -5112 -756
214 60 2.2 -5192 -724
217 60 2.2 -5072 -698
220 60 2.2 -5284 -778
222 60 2.2 -5408 -802
225 60 2.2 -5508 -776
228 60 2.2 -5368 -752
231 60 2.2 -5232 -564
234 60 2.2 -5396 -680
237 60 2.2 -5396 -682
240 60 2.2 -5308 -818
243 60 2.2 -5324 -844
246 60 2.2 -5372 -776
250 60 2.2 -5448 -714
253 60 2.2 -5328 -632
256 60 2.2 -5200 -726
259 60 2.2 -5168 -744
263 60 2.2 -5348 -678
266 60 2.2 -5208 -564
269 60 2.2 -5432 -638
273 60 2.2 -5128 -506
276 60 2.2 -5256 -502
280 60 2.2 -5300 -516
284 60 2.2 -5228 -548
287 60 2.2 -5188 -500
291 60 2.2 -5108 -448
295 60 2.2 -4992 -350
298 60 2.2 -5092 -288
302 60 2.2 -5164 -256
306 60 2.2 -5140 -226
310 60 2.2 -5168 -208
314 60 2.2 -5024 -130
318 60 2.2 -5128 -208
322 60 2.2 -5076 16
326 60 2.2 -4864 -62
331 60 2.2 -4848 -32
335 60 2.2 -5068 -254
339 60 2.2 -5000 -156
344 60 2.2 -5160 -274
348 60 2.2 -5060 -378
352 60 2.2 -5312 -522
357 60 2.2 -5276 -424
362 60 2.2 -5316 -326
366 60 2.2 -5368 -470
371 60 2.2 -5100 -426
376 60 2.2 -5056 -348
381 60 2.2 -5140 -282
385 60 2.2 -5124 -222
390 60 2.2 -5248 -140
395 60 2.2 -4984 -128
401 60 2.2 -5248 -158
406 60 2.2 -5292 -240
411 60 2.2 -5180 -278
416 60 2.2 -5312 -498
422 60 2.2 -5092 -694
427 60 2.2 -5296 -722
433 60 2.2 -5312 -770
438 60 2.2 -5168 -780
444 60 2.2 -5224 -876
449 60 2.2 -5176 -724
455 60 2.2 -5276 -954
461 60 2.2 -5132 -1002
467 60 2.2 -5276 -1124
473 60 2.2 -5324 -1294
479 60 2.2 -5052 -1172
485 60 2.2 -5148 -1248
492 60 2.2 -5288 -1276
498 60 2.2 -5368 -1112
504 60 2.2 -5368 -1092
511 60 2.2 -5176 -930
517 60 2.2 -5352 -1138
524 60 2.2 -5248 -1180
531 60 2.2 -5248 -1026
538 60 2.2 -5052 -1030
545 60 2.2 -5072 -1056
552 60 2.2 -4988 -1018
559 60 2.2 -5300 -1016
566 60 2.2 -5168 -988
573 60 2.2 -5040 -1116
581 60 2.2 -5164 -1242
588 60 2.2 -5008 -1406
596 60 2.2 -5112 -1578
603 60 2.2 -5268 -1560
611 60 2.2 -5100 -1294
619 60 2.2 -5372 -1282
627 60 2.2 -5140 -1174
635 60 2.2 -5236 -1218
643 60 2.2 -4952 -1070
652 60 2.2 -5080 -1280
660 60 2.2 -5440 -1380
668 60 2.2 -5444 -1468
677 60 2.2 -5460 -1410
686 60 2.2 -5396 -1392
695 60 2.2 -5244 -1304
704 60 2.2 -5296 -1318
713 60 2.2 -5204 -1250
722 60 2.2 -5144 -1458
731 60 2.2 -5400 -1292
741 60 2.2 -5336 -1324
750 60 2.2 -5232 -1294
760 60 2.2 -5216 -1140
770 60 2.2 -5284 -1124
780 60 2.2 -5332 -1302
790 60 2.2 -5128 -1140
800 60 2.2 -4924 -1192
810 60 2.2 -5484 -1422
821 60 2.2 -5256 -1288
831 60 2.2 -5120 -1362
842 60 2.2 -5048 -1492
853 60 2.2 -5268 -1546
864 60 2.2 -5104 -1728
875 60 2.2 -5036 -1966
886 60 2.2 -5244 -2070
897 60 2.2 -5464 -2084
909 60 2.2 -5100 -1804
921 60 2.2 -5076 -1904
933 60 2.2 -5136 -1846
945 60 2.2 -5472 -2286
957 60 2.2 -5460 -2250
969 60 2.2 -5484 -2292
982 60 2.2 -5328 -2296
994 60 2.2 -5476 -2452
1007 60 2.2 -5300 -2216
1020 60 2.2 -5320 -2388
1033 60 2.2 -5524 -2502
1047 60 2.2 -5712 -2360
1060 60 2.2 -5236 -2230
1074 60 2.2 -5680 -2386
1088 60 2.2 -5600 -2490
1102 60 2.2 -5300 -2370
1116 60 2.2 -5420 -2352
1130 60 2.2 -5696 -2548
1145 60 2.2 -5496 -2342
1160 60 2.2 -5484 -2458
1174 60 2.2 -5332 -2254
1190 60 2.2 -5316 -2284
1205 60 2.2 -5172 -2376
1220 60 2.2 -5344 -2542
1236 60 2.2 -5312 -2610
1252 60 2.2 -5232 -2518
1268 60 2.2 -5520 -2726
1285 60 2.2 -5480 -2622
1301 60 2.2 -5520 -2788
1318 60 2.2 -5684 -2844
1335 60 2.2 -5456 -2898
1352 60 2.2 -5652 -2928
1370 60 2.2 -5716 -3034
1387 60 2.2 -5596 -2922
1405 60 2.2 -5576 -2806
1423 60 2.2 -5476 -2626
1442 60 2.2 -5512 -2804
1460 60 2.2 -5708 -3026
1479 60 2.2 -5800 -3060
1498 60 2.2 -5680 -2930
1517 60 2.2 -5560 -2854
1537 60 2.2 -5804 -3054
1557 60 2.2 -5772 -3046
1577 60 2.2 -5604 -2976
1597 60 2.2 -5508 -2832
1618 60 2.2 -5412 -2762
1639 60 2.2 -5744 -3008
1660 60 2.2 -5852 -3040
1681 60 2.2 -5632 -2868
1703 60 2.2 -5452 -2864
1725 60 2.2 -5588 -2862
1747 60 2.2 -5692 -3060
1770 60 2.2 -5580 -2938
1792 60 2.2 -5688 -3012
1816 60 2.2 -5724 -3018
1839 60 2.2 -5764 -3066
1863 60 2.2 -5644 -2996
1887 60 2.2 -5688 -2984
1911 60 2.2 -5460 -2800
1936 60 2.2 -5776 -2980
1961 60 2.2 -5612 -2992
1986 60 2.2 -5532 -2788
2012 60 2.2 -5548 -2592
2037 60 2.2 -5404 -2544
2064 60 2.2 -5744 -2804
2090 60 2.2 -5624 -2680
2117 60 2.2 -5532 -2554
2145 60 2.2 -5408 -2644
2172 60 2.2 -5404 -2902
2200 60 2.2 -5620 -2896
2229 60 2.2 -5620 -2936
2257 60 2.2 -5840 -2988
2286 60 2.2 -5608 -2892
2316 60 2.2 -5440 -2930
2346 60 2.2 -5452 -2744
2376 60 2.2 -5604 -2808
2407 60 2.2 -5652 -2924
2438 60 2.2 -5736 -2988
2469 60 2.2 -5724 -2980
2501 60 2.2 -5420 -2798
2533 60 2.2 -5564 -2826
2566 60 2.2 -5552 -2968
2599 60 2.2 -5628 -2976
2633 60 2.2 -5592 -2816
2667 60 2.2 -5560 -2742
2701 60 2.2 -5520 -2772
2736 60 2.2 -5520 -2786
2771 60 2.2 -5492 -2854
2807 60 2.2 -5848 -3082
2843 60 2.2 -5708 -3034
2880 60 2.2 -5496 -2888
2917 60 2.2 -5628 -2998
2954 60 2.2 -5560 -2978
2992 60 2.2 -5644 -2914
3031 60 2.2 -5464 -2652
3070 60 2.2 -5652 -2764
3110 60 2.2 -5364 -2534
3150 60 2.2 -5084 -2322
3190 60 2.2 -5776 -2952
3232 60 2.2 -5644 -2976
3273 60 2.2 -5572 -2278
3315 60 2.2 -5244 -2382
3358 60 2.2 -5528 -2518
3402 60 2.2 -5440 -2570
3445 60 2.2 -5516 -2766
3490 60 2.2 -5196 -2500
3535 60 2.2 -5556 -2612
3580 60 2.2 -5340 -2726
3627 60 2.2 -5608 -2786
3673 60 2.2 -5660 -2940
3721 60 2.2 -5728 -2970
3769 60 2.2 -5600 -2948
3817 60 2.2 -5568 -2968
3867 60 2.2 -5664 -2978
3916 60 2.2 -5716 -3008
3967 60 2.2 -5592 -2968
4018 60 2.2 -5400 -2550
4070 60 2.2 -5640 -2846
4122 60 2.2 -5648 -2782
4176 60 2.2 -5568 -2712
4229 60 2.2 -5648 -2806
4284 60 2.2 -5484 -2792
4339 60 2.2 -5468 -2668
4395 60 2.2 -5464 -2830
4452 60 2.2 -5592 -2814
4509 60 2.2 -5732 -3074
4567 60 2.2 -5472 -2802
4626 60 2.2 -5720 -2928
4686 60 2.2 -5776 -3062
4746 60 2.2 -5592 -2972
4808 60 2.2 -5604 -2906
4870 60 2.2 -5440 -2712
4932 60 2.2 -5840 -3108
4996 60 2.2 -5764 -3032
5060 60 2.2 -5872 -3090
5126 60 2.2 -5660 -2856
5192 60 2.2 -5216 -2504
5259 60 2.2 -5284 -2296
5327 60 2.2 -5460 -2348
5395 60 2.2 -5388 -2548
5465 60 2.2 -5708 -2912
5535 60 2.2 -5572 -2936
5607 60 2.2 -5616 -2974
5679 60 2.2 -5492 -2902
5752 60 2.2 -5464 -2884
5826 60 2.2 -5248 -2636
5902 60 2.2 -5396 -2652
5978 60 2.2 -5436 -2710
6055 60 2.2 -5628 -2840
6133 60 2.2 -5300 -2634
6212 60 2.2 -5568 -2940
6292 60 2.2 -5632 -2908
6373 60 2.2 -5616 -2778
6455 60 2.2 -5628 -2962
6539 60 2.2 -5656 -2860
6623 60 2.2 -5464 -2872
6708 60 2.2 -5500 -2826
6795 60 2.2 -5500 -2796
6883 60 2.2 -5488 -2894
6971 60 2.2 -5540 -2882
7061 60 2.2 -5796 -3028
7152 60 2.2 -5532 -2830
7245 60 2.2 -5636 -2920
7338 60 2.2 -5740 -2914
7433 60 2.2 -5424 -2806
7529 60 2.2 -5552 -2752
7626 60 2.2 -5416 -2570
7724 60 2.2 -5620 -2804
7824 60 2.2 -5596 -2846
7925 60 2.2 -5672 -2920
8027 60 2.2 -5700 -2980
8130 60 2.2 -5576 -2828
8235 60 2.2 -5748 -2952
8341 60 2.2 -5596 -2940
8449 60 2.2 -5736 -2912
8558 60 2.2 -5332 -2728
8668 60 2.2 -5656 -2896
8780 60 2.2 -5812 -2992
8893 60 2.2 -5760 -2892
9008 60 2.2 -5612 -2954
9124 60 2.2 -5724 -2978
9242 60 2.2 -5584 -2882
9361 60 2.2 -5408 -2814
9482 60 2.2 -5608 -2808
9604 60 2.2 -5548 -2840
9728 60 2.2 -5324 -2766
9853 60 2.2 -5648 -2920
9980 60 2.2 -5600 -2946
10109 60 2.2 -5664 -2980
10240 60 2.2 -5412 -2608
10372 60 2.2 -5612 -2908
10505 60 2.2 -5844 -3070
10641 60 2.2 -5692 -2790
10778 60 2.2 -5676 -2946
10917 60 2.2 -5404 -2694
11058 60 2.2 -5732 -2900
11201 60 2.2 -5188 -2526
11345 60 2.2 -5656 -2940
11491 60 2.2 -5620 -2788
11640 60 2.2 -5392 -2652
11790 60 2.2 -5572 -2818
11942 60 2.2 -5856 -2932
12096 60 2.2 -5292 -2732
12252 60 2.2 -5284 -2312
12410 60 2.2 -5320 -2022
12570 60 2.2 -5572 -2544
12732 60 2.2 -5824 -3024
12896 60 2.2 -5636 -2882
13062 60 2.2 -5696 -2976
13231 60 2.2 -5328 -2874
13402 60 2.2 -5448 -2818
13574 60 2.2 -5692 -2958
13750 60 2.2 -5796 -3024
13927 60 2.2 -5584 -2820
14106 60 2.2 -5540 -2754
14288 60 2.2 -5336 -2822
14473 60 2.2 -5556 -2926
14659 60 2.2 -5456 -2556
14848 60 2.2 -5516 -2576
15040 60 2.2 -5608 -2930
15234 60 2.2 -5548 -2798
15430 60 2.2 -5696 -3000
15629 60 2.2 -5740 -3036
15831 60 2.2 -5404 -2708
16035 60 2.2 -5548 -2954
16242 60 2.2 -5504 -2844
16451 60 2.2 -5316 -2744
16664 60 2.2 -5420 -2750
16879 60 2.2 -5504 -2434
17096 60 2.2 -5404 -2824
17317 60 2.2 -5616 -2752
17540 60 2.2 -5280 -2674
17766 60 2.2 -5552 -2748
17995 60 2.2 -5676 -3024
18228 60 2.2 -5720 -2972
18463 60 2.2 -5500 -2776
18701 60 2.2 -5604 -2950
18942 60 2.2 -5748 -2960
19186 60 2.2 -5660 -2894
19434 60 2.2 -5796 -2966
19684 60 2.2 -5500 -2368
19938 60 2.2 -5432 -2516
20195 60 2.2 -5368 -2132
20456 60 2.2 -5500 -2188
20720 60 2.2 -5668 -2862
20987 60 2.2 -5740 -2964
21258 60 2.2 -5792 -2950
21532 60 2.2 -5744 -3056
21810 60 2.2 -5796 -3070
22091 60 2.2 -5632 -2830
22376 60 2.2 -5660 -2676
22664 60 2.2 -5588 -2692
22957 60 2.2 -5308 -2654
23253 60 2.2 -5520 -2676
23553 60 2.2 -5708 -2720
23856 60 2.2 -5808 -3030
24164 60 2.2 -5556 -2774
24476 60 2.2 -5584 -2942
24791 60 2.2 -5732 -3060
25111 60 2.2 -5624 -2986
25435 60 2.2 -5916 -3124
25763 60 2.2 -5828 -3004
26095 60 2.2 -5480 -2820
26432 60 2.2 -5368 -2742
26773 60 2.2 -5616 -2868
27118 60 2.2 -5700 -3022
27468 60 2.2 -5692 -2858
27822 60 2.2 -5496 -2738
28181 60 2.2 -5380 -2552
28545 60 2.2 -5368 -2786
28913 60 2.2 -5644 -2440
29286 60 2.2 -5364 -2536
29663 60 2.2 -5596 -2894
30046 60 2.2 -5524 -2812
30434 60 2.2 -5264 -2296
30826 60 2.2 -5428 -2828
31224 60 2.2 -5468 -2554
31626 60 2.2 -5704 -3064
32034 60 2.2 -5824 -3046
32447 60 2.2 -5524 -2702
32866 60 2.2 -5540 -2788
33290 60 2.2 -5636 -2816
33719 60 2.2 -5400 -2738
34154 60 2.2 -5372 -2722
34595 60 2.2 -5624 -2950
35041 60 2.2 -5416 -2710
35493 60 2.2 -5704 -3030
35951 60 2.2 -5504 -2678
36414 60 2.2 -5648 -2950
36884 60 2.2 -5580 -2910
37360 60 2.2 -5296 -2550
37841 60 2.2 -5608 -2806
38330 60 2.2 -5784 -2954
38824 60 2.2 -5516 -2690
39325 60 2.2 -5176 -2654
39832 60 2.2 -5688 -2988
40346 60 2.2 -5536 -2818
40866 60 2.2 -5676 -2952
41393 60 2.2 -5544 -2886
41927 60 2.2 -5588 -2858
42468 60 2.2 -5640 -2898
43015 60 2.2 -5472 -2470
43570 60 2.2 -5412 -2858
44132 60 2.2 -5404 -2804
44701 60 2.2 -5632 -2946
45278 60 2.2 -5272 -1776
45862 60 2.2 -5988 -3132
46453 60 2.2 -5708 -2988
47053 60 2.2 -5584 -2902
47660 60 2.2 -5580 -2626
48274 60 2.2 -5376 -2788
48897 60 2.2 -5504 -2834
49528 60 2.2 -5644 -2922
50166 60 2.2 -5336 -2790
50813 60 2.2 -5692 -2872
51469 60 2.2 -5380 -2724
52133 60 2.2 -5768 -2982
52805 60 2.2 -5492 -2858
53486 60 2.2 -5452 -2632
54176 60 2.2 -5464 -2712
54875 60 2.2 -5504 -2856
55582 60 2.2 -5584 -2796
56299 60 2.2 -5436 -2594
57025 60 2.2 -5528 -2790
57761 60 2.2 -5896 -3128
58506 60 2.2 -5572 -2902
59261 60 2.2 -5432 -2656
60025 60 2.2 -5604 -2856
60799 60 2.2 -5464 -2760
61583 60 2.2 -5468 -2764
62378 60 2.2 -5724 -3002
63182 60 2.2 -5652 -2770
63997 60 2.2 -5384 -2588
64822 60 2.2 -5600 -2954
65658 60 2.2 -5632 -2920
66505 60 2.2 -5392 -2624
67363 60 2.2 -5176 -2434
68232 60 2.2 -5632 -2798
69112 60 2.2 -5560 -2962
70003 60 2.2 -5532 -2700
70906 60 2.2 -5348 -2694
71821 60 2.2 -5332 -2764
72747 60 2.2 -5436 -2788
73685 60 2.2 -5528 -2792
74636 60 2.2 -5840 -3070
75599 60 2.2 -5428 -2774
76574 60 2.2 -5268 -2516
77561 60 2.2 -5584 -2984
78562 60 2.2 -5444 -2824
79575 60 2.2 -5408 -2816
80601 60 2.2 -5672 -2960
81641 60 2.2 -5084 -2254
82694 60 2.2 -5536 -2906
83760 60 2.2 -5560 -2612
84841 60 2.2 -5648 -2890
85935 60 2.2 -5552 -2790
87043 60 2.2 -5632 -2960
88166 60 2.2 -5408 -2764
89303 60 2.2 -5528 -2822
90455 60 2.2 -5708 -2926
91622 60 2.2 -5360 -2852
92803 60 2.2 -5568 -2986
94000 60 2.2 -5408 -2760
95213 60 2.2 -5696 -2998
96441 60 2.2 -5460 -2630
97685 60 2.2 -5900 -3056
98945 60 2.2 -5720 -2938
100221 60 2.2 -5504 -2720
101513 60 2.2 -5596 -2860
102823 60 2.2 -5660 -2978
104149 60 2.2 -5480 -2732
105492 60 2.2 -5820 -3088
106853 60 2.2 -5508 -2396
108231 60 2.2 -5716 -2930
109627 60 2.2 -5680 -2968
111041 60 2.2 -5840 -3132
112473 60 2.2 -5628 -3032
113924 60 2.2 -5616 -2888
115393 60 2.2 -5684 -2858
116882 60 2.2 -5688 -2980
118389 60 2.2 -5844 -3068
119916 60 2.2 -5408 -2802
121463 60 2.2 -5464 -2886
123029 60 2.2 -5356 -2618
124616 60 2.2 -5724 -3010
126224 60 2.2 -5420 -2580
127852 60 2.2 -5516 -2512
129501 60 2.2 -5468 -2820
131171 60 2.2 -5568 -2908
132863 60 2.2 -5356 -2746
134576 60 2.2 -5768 -2888
136312 60 2.2 -5712 -2978
138070 60 2.2 -5728 -2990
139851 60 2.2 -5892 -3122
141655 60 2.2 -5504 -2828
143482 60 2.2 -5652 -2798
145333 60 2.2 -5904 -3038
147207 60 2.2 -5524 -2800
149106 60 2.2 -5708 -3038
151029 60 2.2 -5656 -2852
152977 60 2.2 -5436 -2542
154950 60 2.2 -5448 -2804
156948 60 2.2 -5792 -3046
158973 60 2.2 -5408 -2802
161023 60 2.2 -5592 -2876
163100 60 2.2 -5608 -2876
165204 60 2.2 -5356 -2830
167334 60 2.2 -5580 -2950
169493 60 2.2 -5492 -2758
171679 60 2.2 -5660 -2964
173893 60 2.2 -5372 -2568
176136 60 2.2 -5312 -2318
178408 60 2.2 -5312 -2818
180709 60 2.2 -5584 -2772
183040 60 2.2 -5752 -2916
185400 60 2.2 -5908 -3146
187792 60 2.2 -5412 -2622
190214 60 2.2 -5296 -2612
192667 60 2.2 -5388 -2366
195152 60 2.2 -5652 -2952
197669 60 2.2 -5340 -2768
200219 60 2.2 -5264 -2498
202801 60 2.2 -5504 -2792
205417 60 2.2 -5380 -2684
208066 60 2.2 -5720 -2968
210750 60 2.2 -5684 -3004
213468 60 2.2 -5408 -2844
216222 60 2.2 -5432 -2714
219010 60 2.2 -5492 -2756
221835 60 2.2 -5796 -3008
224696 60 2.2 -5508 -2814
227595 60 2.2 -5192 -2474
230530 60 2.2 -5712 -3048
233503 60 2.2 -5616 -2906
236515 60 2.2 -5532 -2710
239566 60 2.2 -5596 -2866
242656 60 2.2 -5420 -2784
245785 60 2.2 -5528 -2840
248956 60 2.2 -5664 -2942
252167 60 2.2 -5688 -2992
255419 60 2.2 -5748 -3038
258713 60 2.2 -5496 -2900
262050 60 2.2 -5516 -2844
265430 60 2.2 -5896 -3116
268854 60 2.2 -5732 -3058
272321 60 2.2 -5852 -3040
275834 60 2.2 -5480 -2878
279391 60 2.2 -5524 -2856
282995 60 2.2 -5716 -2982
286645 60 2.2 -5588 -2898
290342 60 2.2 -5432 -2764
294087 60 2.2 -5744 -2940
297880 60 2.2 -5592 -2978
301722 60 2.2 -5704 -2970
305614 60 2.2 -5700 -3024
309556 60 2.2 -5524 -2922
313548 60 2.2 -5700 -3042
317592 60 2.2 -5520 -2646
321689 60 2.2 -5752 -3024
325838 60 2.2 -5588 -2928
330040 60 2.2 -5476 -2826
334297 60 2.2 -5228 -2700
338609 60 2.2 -5652 -2942
342976 60 2.2 -5532 -2820
347400 60 2.2 -5316 -2524
351881 60 2.2 -5512 -2850
356419 60 2.2 -5528 -2846
361016 60 2.2 -5484 -2796
365673 60 2.2 -5856 -3046
370389 60 2.2 -5868 -3124
375167 60 2.2 -5328 -2632
380005 60 2.2 -5696 -3034
384907 60 2.2 -5616 -2768
389871 60 2.2 -5736 -3000
394900 60 2.2 -5632 -2962
399993 60 2.2 -5484 -2874
405152 60 2.2 -5652 -2874
410378 60 2.2 -5756 -2854
415671 60 2.2 -5696 -2948
421032 60 2.2 -5404 -2708
426463 60 2.2 -5720 -3028
431963 60 2.2 -5600 -2842
437535 60 2.2 -5676 -2964
443178 60 2.2 -5592 -2876
448894 60 2.2 -5516 -2830
454684 60 2.2 -5572 -2930
460548 60 2.2 -5572 -2938
466489 60 2.2 -5628 -2874
472505 60 2.2 -5668 -2950
478600 60 2.2 -5608 -2964
484773 60 2.2 -5572 -2882
491025 60 2.2 -5456 -2766
497358 60 2.2 -5664 -2858
503773 60 2.2 -5552 -2880
510271 60 2.2 -5948 -3088
516852 60 2.2 -5328 -2678
523519 60 2.2 -5440 -2876
530271 60 2.2 -5628 -2924
537111 60 2.2 -5300 -2528
544038 60 2.2 -5396 -2518
551055 60 2.2 -5884 -3092
558163 60 2.2 -5396 -2662
565362 60 2.2 -5608 -2934
572654 60 2.2 -5636 -2596
580040 60 2.2 -5844 -3106
587521 60 2.2 -5748 -2916
595099 60 2.2 -5704 -2800
602775 60 2.2 -5288 -2394
610549 60 2.2 -5440 -2914
618424 60 2.2 -5736 -2952
626400 60 2.2 -5532 -2770
634480 60 2.2 -5528 -2914
642663 60 2.2 -5556 -2718
650952 60 2.2 -5772 -2992
659348 60 2.2 -5636 -2936
667853 60 2.2 -5368 -2756
676467 60 2.2 -5476 -2586
685192 60 2.2 -5752 -3010
694029 60 2.2 -5448 -2814
702981 60 2.2 -5348 -2768
712048 60 2.2 -5452 -2876
721232 60 2.2 -5268 -2050
730534 60 2.2 -5560 -3020
739957 60 2.2 -5496 -2838
749500 60 2.2 -5452 -2692
759168 60 2.2 -5744 -3060
768959 60 2.2 -5712 -3058
778877 60 2.2 -5440 -2308
788923 60 2.2 -5560 -2902
799099 60 2.2 -5404 -2182
809405 60 2.2 -5716 -2994
819845 60 2.2 -5700 -2976
830419 60 2.2 -5476 -2880
841130 60 2.2 -5716 -2948
851979 60 2.2 -5548 -2934
862968 60 2.2 -5396 -2700
874098 60 2.2 -5368 -2674
885373 60 2.2 -5496 -2732
896792 60 2.2 -5516 -2880
908359 60 2.2 -5388 -2670
920075 60 2.2 -5608 -2942
931942 60 2.2 -5864 -3064
943962 60 2.2 -5432 -2600
956137 60 2.2 -5596 -2904
968470 60 2.2 -5624 -2792
980961 60 2.2 -5324 -2730
993613 60 2.2 -5460 -2762
999999 60 2.2 -5648 -3048
