3 20 2 -376 -34
4 20 2 -456 -98
5 20 2 -500 -124
6 20 2 -496 -148
7 20 2 -520 -162
8 20 2 -524 -168
9 20 2 -524 -172
10 20 2 -568 -212
11 20 2 -580 -212
12 20 2 -568 -240
13 20 2 -592 -236
14 20 2 -576 -224
15 20 2 -544 -224
16 20 2 -584 -238
17 20 2 -640 -244
18 20 2 -608 -222
19 20 2 -588 -232
20 20 2 -580 -222
21 20 2 -624 -244
22 20 2 -600 -238
23 20 2 -660 -266
24 20 2 -588 -266
25 20 2 -616 -282
26 20 2 -620 -286
27 20 2 -632 -270
28 20 2 -620 -266
29 20 2 -612 -268
30 20 2 -600 -274
31 20 2 -592 -286
32 20 2 -600 -284
33 20 2 -624 -292
34 20 2 -616 -274
35 20 2 -608 -280
36 20 2 -608 -300
37 20 2 -580 -278
38 20 2 -576 -302
39 20 2 -628 -324
40 20 2 -664 -330
41 20 2 -664 -346
42 20 2 -676 -338
43 20 2 -652 -336
44 20 2 -680 -352
45 20 2 -668 -356
46 20 2 -656 -344
47 20 2 -716 -372
48 20 2 -688 -362
49 20 2 -708 -366
50 20 2 -688 -370
51 20 2 -720 -370
52 20 2 -700 -360
53 20 2 -688 -360
54 20 2 -688 -362
55 20 2 -704 -362
56 20 2 -684 -352
57 20 2 -704 -364
58 20 2 -720 -370
59 20 2 -728 -378
60 20 2 -720 -376
61 20 2 -716 -378
62 20 2 -716 -374
63 20 2 -724 -380
64 20 2 -684 -364
65 20 2 -676 -360
66 20 2 -672 -362
67 20 2 -664 -356
68 20 2 -712 -372
69 20 2 -684 -362
70 20 2 -704 -370
71 20 2 -696 -372
72 20 2 -736 -382
73 20 2 -712 -376
74 20 2 -668 -360
75 20 2 -648 -356
76 20 2 -664 -356
77 20 2 -664 -350
78 20 2 -684 -356
79 20 2 -712 -372
80 20 2 -740 -380
81 20 2 -728 -376
82 20 2 -704 -374
83 20 2 -740 -384
84 20 2 -720 -378
85 20 2 -724 -378
86 20 2 -704 -370
88 20 2 -704 -358
89 20 2 -672 -340
90 20 2 -708 -340
91 20 2 -672 -332
92 20 2 -668 -334
93 20 2 -700 -352
95 20 2 -704 -356
96 20 2 -720 -368
97 20 2 -756 -384
98 20 2 -728 -378
99 20 2 -732 -378
101 20 2 -660 -354
102 20 2 -700 -368
103 20 2 -712 -376
105 20 2 -704 -370
106 20 2 -696 -368
107 20 2 -720 -374
109 20 2 -724 -376
110 20 2 -748 -386
112 20 2 -704 -366
113 20 2 -668 -356
114 20 2 -684 -362
116 20 2 -688 -364
117 20 2 -684 -366
119 20 2 -708 -370
120 20 2 -716 -374
122 20 2 -744 -382
124 20 2 -724 -376
125 20 2 -676 -354
127 20 2 -620 -342
128 20 2 -656 -352
130 20 2 -684 -356
132 20 2 -704 -368
133 20 2 -672 -356
135 20 2 -688 -366
137 20 2 -696 -366
139 20 2 -656 -346
140 20 2 -640 -348
142 20 2 -652 -348
144 20 2 -708 -360
146 20 2 -704 -366
148 20 2 -732 -378
150 20 2 -756 -388
152 20 2 -720 -376
154 20 2 -732 -380
155 20 2 -732 -382
157 20 2 -728 -378
160 20 2 -740 -384
162 20 2 -704 -374
164 20 2 -660 -350
166 20 2 -676 -354
168 20 2 -680 -358
170 20 2 -696 -370
172 20 2 -728 -376
174 20 2 -716 -378
177 20 2 -732 -378
179 20 2 -756 -388
181 20 2 -744 -382
184 20 2 -668 -360
186 20 2 -724 -376
188 20 2 -720 -372
191 20 2 -728 -374
193 20 2 -704 -374
196 20 2 -700 -372
198 20 2 -676 -362
201 20 2 -720 -374
203 20 2 -776 -394
206 20 2 -720 -378
209 20 2 -716 -374
211 20 2 -720 -378
214 20 2 -700 -374
217 20 2 -660 -358
220 20 2 -692 -362
222 20 2 -708 -370
225 20 2 -728 -372
228 20 2 -680 -350
231 20 2 -684 -354
234 20 2 -700 -366
237 20 2 -664 -352
240 20 2 -692 -368
243 20 2 -688 -354
246 20 2 -736 -380
250 20 2 -696 -372
253 20 2 -712 -376
256 20 2 -728 -382
259 20 2 -776 -394
263 20 2 -752 -388
266 20 2 -692 -360
269 20 2 -688 -360
273 20 2 -624 -320
276 20 2 -656 -344
280 20 2 -648 -326
284 20 2 -632 -330
287 20 2 -700 -372
291 20 2 -688 -358
295 20 2 -712 -370
298 20 2 -704 -370
302 20 2 -708 -364
306 20 2 -740 -384
310 20 2 -692 -368
314 20 2 -740 -382
318 20 2 -720 -378
322 20 2 -720 -378
326 20 2 -708 -374
331 20 2 -732 -372
335 20 2 -736 -382
339 20 2 -732 -382
344 20 2 -696 -366
348 20 2 -656 -340
352 20 2 -720 -370
357 20 2 -692 -362
362 20 2 -712 -374
366 20 2 -696 -372
371 20 2 -684 -362
376 20 2 -688 -354
381 20 2 -688 -362
385 20 2 -688 -366
390 20 2 -736 -376
395 20 2 -696 -360
401 20 2 -660 -344
406 20 2 -688 -358
411 20 2 -692 -358
416 20 2 -728 -380
422 20 2 -712 -370
427 20 2 -652 -354
433 20 2 -656 -340
438 20 2 -740 -384
444 20 2 -664 -362
449 20 2 -672 -358
455 20 2 -724 -374
461 20 2 -744 -384
467 20 2 -684 -364
473 20 2 -724 -378
479 20 2 -700 -366
485 20 2 -712 -372
492 20 2 -748 -384
498 20 2 -712 -366
504 20 2 -712 -354
511 20 2 -664 -354
517 20 2 -716 -372
524 20 2 -752 -382
531 20 2 -692 -368
538 20 2 -768 -392
545 20 2 -716 -368
552 20 2 -684 -364
559 20 2 -712 -366
566 20 2 -744 -384
573 20 2 -652 -352
581 20 2 -680 -356
588 20 2 -676 -362
596 20 2 -764 -390
603 20 2 -676 -346
611 20 2 -708 -370
619 20 2 -672 -356
627 20 2 -708 -376
635 20 2 -668 -358
643 20 2 -748 -386
652 20 2 -728 -380
660 20 2 -704 -370
668 20 2 -724 -376
677 20 2 -728 -374
686 20 2 -680 -360
695 20 2 -724 -378
704 20 2 -680 -356
713 20 2 -696 -366
722 20 2 -748 -386
731 20 2 -684 -368
741 20 2 -704 -372
750 20 2 -744 -386
760 20 2 -696 -370
770 20 2 -672 -356
780 20 2 -692 -364
790 20 2 -724 -378
800 20 2 -664 -362
810 20 2 -704 -364
821 20 2 -716 -376
831 20 2 -708 -376
842 20 2 -656 -340
853 20 2 -752 -384
864 20 2 -656 -342
875 20 2 -688 -348
886 20 2 -664 -346
897 20 2 -700 -372
909 20 2 -716 -358
921 20 2 -720 -376
933 20 2 -700 -374
945 20 2 -720 -378
957 20 2 -696 -370
969 20 2 -724 -372
982 20 2 -680 -362
994 20 2 -704 -362
1007 20 2 -728 -380
1020 20 2 -672 -358
1033 20 2 -712 -366
1047 20 2 -692 -364
1060 20 2 -696 -366
1074 20 2 -692 -368
1088 20 2 -704 -362
1102 20 2 -704 -366
1116 20 2 -712 -372
1130 20 2 -688 -348
1145 20 2 -716 -372
1160 20 2 -620 -342
1174 20 2 -752 -386
1190 20 2 -704 -374
1205 20 2 -668 -356
1220 20 2 -712 -376
1236 20 2 -744 -384
1252 20 2 -636 -326
1268 20 2 -668 -354
1285 20 2 -660 -354
1301 20 2 -760 -388
1318 20 2 -688 -358
1335 20 2 -684 -350
1352 20 2 -696 -370
1370 20 2 -636 -334
1387 20 2 -680 -362
1405 20 2 -700 -370
1423 20 2 -720 -374
1442 20 2 -716 -374
1460 20 2 -732 -378
1479 20 2 -692 -360
1498 20 2 -672 -360
1517 20 2 -680 -356
1537 20 2 -744 -382
1557 20 2 -688 -356
1577 20 2 -672 -342
1597 20 2 -700 -364
1618 20 2 -712 -374
1639 20 2 -744 -382
1660 20 2 -688 -338
1681 20 2 -668 -358
1703 20 2 -692 -366
1725 20 2 -744 -386
1747 20 2 -696 -368
1770 20 2 -720 -378
1792 20 2 -728 -378
1816 20 2 -688 -364
1839 20 2 -696 -372
1863 20 2 -700 -372
1887 20 2 -664 -356
1911 20 2 -656 -348
1936 20 2 -660 -340
1961 20 2 -724 -376
1986 20 2 -664 -348
2012 20 2 -676 -350
2037 20 2 -672 -354
2064 20 2 -712 -376
2090 20 2 -756 -388
2117 20 2 -720 -370
2145 20 2 -760 -388
2172 20 2 -692 -370
2200 20 2 -708 -374
2229 20 2 -712 -374
2257 20 2 -736 -368
2286 20 2 -724 -380
2316 20 2 -652 -350
2346 20 2 -696 -360
2376 20 2 -740 -382
2407 20 2 -660 -348
2438 20 2 -748 -386
2469 20 2 -708 -374
2501 20 2 -700 -370
2533 20 2 -672 -354
2566 20 2 -724 -376
2599 20 2 -672 -364
2633 20 2 -676 -360
2667 20 2 -692 -366
2701 20 2 -628 -324
2736 20 2 -664 -344
2771 20 2 -692 -370
2807 20 2 -688 -356
2843 20 2 -728 -380
2880 20 2 -692 -352
2917 20 2 -708 -370
2954 20 2 -700 -356
2992 20 2 -680 -352
3031 20 2 -740 -384
3070 20 2 -664 -350
3110 20 2 -724 -378
3150 20 2 -668 -362
3190 20 2 -700 -372
3232 20 2 -660 -344
3273 20 2 -640 -332
3315 20 2 -744 -376
3358 20 2 -684 -362
3402 20 2 -712 -366
3445 20 2 -652 -350
3490 20 2 -728 -376
3535 20 2 -704 -370
3580 20 2 -712 -368
3627 20 2 -752 -384
3673 20 2 -676 -342
3721 20 2 -684 -360
3769 20 2 -672 -360
3817 20 2 -696 -362
3867 20 2 -712 -374
3916 20 2 -712 -378
3967 20 2 -672 -352
4018 20 2 -680 -350
4070 20 2 -688 -350
4122 20 2 -704 -374
4176 20 2 -668 -352
4229 20 2 -664 -354
4284 20 2 -708 -372
4339 20 2 -688 -368
4395 20 2 -684 -368
4452 20 2 -756 -388
4509 20 2 -724 -370
4567 20 2 -668 -336
4626 20 2 -668 -352
4686 20 2 -656 -334
4746 20 2 -752 -386
4808 20 2 -648 -326
4870 20 2 -668 -348
4932 20 2 -668 -358
4996 20 2 -684 -358
5060 20 2 -620 -324
5126 20 2 -704 -374
5192 20 2 -704 -366
5259 20 2 -664 -354
5327 20 2 -728 -382
5395 20 2 -644 -344
5465 20 2 -716 -362
5535 20 2 -736 -380
5607 20 2 -716 -372
5679 20 2 -692 -368
5752 20 2 -680 -364
5826 20 2 -740 -382
5902 20 2 -672 -360
5978 20 2 -676 -350
6055 20 2 -740 -378
6133 20 2 -700 -366
6212 20 2 -636 -292
6292 20 2 -700 -370
6373 20 2 -680 -356
6455 20 2 -664 -348
6539 20 2 -732 -378
6623 20 2 -712 -374
6708 20 2 -676 -358
6795 20 2 -700 -362
6883 20 2 -704 -366
6971 20 2 -680 -358
7061 20 2 -704 -372
7152 20 2 -640 -350
7245 20 2 -652 -336
7338 20 2 -716 -372
7433 20 2 -728 -380
7529 20 2 -708 -376
7626 20 2 -720 -376
7724 20 2 -632 -336
7824 20 2 -684 -368
7925 20 2 -680 -358
8027 20 2 -604 -332
8130 20 2 -632 -342
8235 20 2 -664 -356
8341 20 2 -660 -318
8449 20 2 -708 -366
8558 20 2 -716 -376
8668 20 2 -672 -358
8780 20 2 -704 -368
8893 20 2 -648 -342
9008 20 2 -708 -372
9124 20 2 -684 -358
9242 20 2 -720 -378
9361 20 2 -768 -392
9482 20 2 -712 -372
9604 20 2 -712 -376
9728 20 2 -712 -374
9853 20 2 -676 -342
9980 20 2 -712 -374
10109 20 2 -708 -364
10240 20 2 -668 -364
10372 20 2 -700 -364
10505 20 2 -708 -368
10641 20 2 -768 -392
10778 20 2 -716 -374
10917 20 2 -736 -376
11058 20 2 -720 -378
11201 20 2 -708 -376
11345 20 2 -756 -388
11491 20 2 -712 -376
11640 20 2 -724 -376
11790 20 2 -740 -384
11942 20 2 -704 -358
12096 20 2 -688 -342
12252 20 2 -720 -374
12410 20 2 -668 -356
12570 20 2 -700 -372
12732 20 2 -684 -364
12896 20 2 -704 -372
13062 20 2 -720 -374
13231 20 2 -740 -384
13402 20 2 -680 -364
13574 20 2 -724 -376
13750 20 2 -696 -364
13927 20 2 -704 -374
14106 20 2 -664 -360
14288 20 2 -696 -360
14473 20 2 -728 -382
14659 20 2 -728 -378
14848 20 2 -760 -388
15040 20 2 -740 -374
15234 20 2 -740 -380
15430 20 2 -748 -382
15629 20 2 -672 -358
15831 20 2 -660 -358
16035 20 2 -672 -346
16242 20 2 -764 -390
16451 20 2 -640 -340
16664 20 2 -680 -362
16879 20 2 -756 -388
17096 20 2 -676 -362
17317 20 2 -748 -384
17540 20 2 -732 -380
17766 20 2 -572 -292
17995 20 2 -664 -356
18228 20 2 -728 -378
18463 20 2 -708 -370
18701 20 2 -684 -360
18942 20 2 -696 -368
19186 20 2 -728 -378
19434 20 2 -732 -380
19684 20 2 -668 -346
19938 20 2 -700 -364
20195 20 2 -748 -386
20456 20 2 -704 -364
20720 20 2 -676 -364
20987 20 2 -680 -358
21258 20 2 -712 -372
21532 20 2 -712 -368
21810 20 2 -716 -376
22091 20 2 -668 -352
22376 20 2 -700 -368
22664 20 2 -720 -376
22957 20 2 -760 -390
23253 20 2 -680 -362
23553 20 2 -728 -378
23856 20 2 -716 -372
24164 20 2 -632 -336
24476 20 2 -688 -344
24791 20 2 -696 -370
25111 20 2 -672 -352
25435 20 2 -712 -356
25763 20 2 -716 -354
26095 20 2 -716 -374
26432 20 2 -696 -366
26773 20 2 -728 -378
27118 20 2 -704 -372
27468 20 2 -704 -372
27822 20 2 -692 -368
28181 20 2 -712 -368
28545 20 2 -732 -382
28913 20 2 -688 -360
29286 20 2 -676 -356
29663 20 2 -708 -358
30046 20 2 -772 -386
30434 20 2 -660 -338
30826 20 2 -712 -366
31224 20 2 -716 -372
31626 20 2 -724 -376
32034 20 2 -656 -342
32447 20 2 -680 -360
32866 20 2 -680 -366
33290 20 2 -716 -372
33719 20 2 -720 -374
34154 20 2 -676 -360
34595 20 2 -656 -352
35041 20 2 -720 -380
35493 20 2 -712 -366
35951 20 2 -704 -368
36414 20 2 -660 -356
36884 20 2 -744 -384
37360 20 2 -740 -384
37841 20 2 -688 -350
38330 20 2 -700 -354
38824 20 2 -732 -380
39325 20 2 -728 -378
39832 20 2 -704 -358
40346 20 2 -688 -358
40866 20 2 -704 -370
41393 20 2 -688 -366
41927 20 2 -692 -362
42468 20 2 -696 -370
43015 20 2 -684 -362
43570 20 2 -676 -354
44132 20 2 -708 -366
44701 20 2 -668 -336
45278 20 2 -740 -382
45862 20 2 -684 -352
46453 20 2 -704 -370
47053 20 2 -700 -364
47660 20 2 -676 -358
48274 20 2 -736 -380
48897 20 2 -724 -378
49528 20 2 -652 -346
50166 20 2 -688 -360
50813 20 2 -740 -384
51469 20 2 -656 -360
52133 20 2 -648 -336
52805 20 2 -700 -372
53486 20 2 -668 -362
54176 20 2 -716 -368
54875 20 2 -752 -386
55582 20 2 -712 -370
56299 20 2 -760 -388
57025 20 2 -744 -382
57761 20 2 -736 -382
58506 20 2 -748 -384
59261 20 2 -740 -384
60025 20 2 -708 -368
60799 20 2 -684 -364
61583 20 2 -676 -360
62378 20 2 -676 -358
63182 20 2 -728 -376
63997 20 2 -744 -384
64822 20 2 -668 -364
65658 20 2 -732 -382
66505 20 2 -752 -388
67363 20 2 -700 -344
68232 20 2 -740 -384
69112 20 2 -692 -366
70003 20 2 -708 -372
70906 20 2 -728 -378
71821 20 2 -688 -330
72747 20 2 -768 -392
73685 20 2 -744 -384
74636 20 2 -668 -342
75599 20 2 -716 -374
76574 20 2 -704 -362
77561 20 2 -664 -346
78562 20 2 -640 -350
79575 20 2 -664 -344
80601 20 2 -712 -374
81641 20 2 -676 -344
82694 20 2 -740 -384
83760 20 2 -696 -350
84841 20 2 -644 -342
85935 20 2 -716 -378
87043 20 2 -728 -380
88166 20 2 -684 -364
89303 20 2 -712 -376
90455 20 2 -728 -372
91622 20 2 -724 -366
92803 20 2 -740 -384
94000 20 2 -676 -354
95213 20 2 -720 -374
96441 20 2 -700 -370
97685 20 2 -740 -380
98945 20 2 -676 -360
100221 20 2 -752 -386
101513 20 2 -680 -364
102823 20 2 -684 -364
104149 20 2 -744 -386
105492 20 2 -668 -362
106853 20 2 -668 -358
108231 20 2 -672 -352
109627 20 2 -696 -372
111041 20 2 -752 -382
112473 20 2 -672 -356
113924 20 2 -672 -342
115393 20 2 -664 -354
116882 20 2 -708 -370
118389 20 2 -680 -366
119916 20 2 -708 -372
121463 20 2 -720 -376
123029 20 2 -644 -336
124616 20 2 -668 -358
126224 20 2 -704 -372
127852 20 2 -668 -344
129501 20 2 -684 -358
131171 20 2 -764 -390
132863 20 2 -680 -362
134576 20 2 -696 -360
136312 20 2 -700 -370
138070 20 2 -752 -386
139851 20 2 -652 -342
141655 20 2 -784 -394
143482 20 2 -736 -380
145333 20 2 -688 -364
147207 20 2 -680 -352
149106 20 2 -712 -374
151029 20 2 -732 -372
152977 20 2 -668 -364
154950 20 2 -776 -394
156948 20 2 -716 -376
158973 20 2 -736 -372
161023 20 2 -716 -378
163100 20 2 -676 -356
165204 20 2 -696 -364
167334 20 2 -684 -356
169493 20 2 -720 -374
171679 20 2 -648 -346
173893 20 2 -728 -378
176136 20 2 -700 -372
178408 20 2 -644 -352
180709 20 2 -716 -378
183040 20 2 -660 -350
185400 20 2 -620 -344
187792 20 2 -708 -372
190214 20 2 -704 -358
192667 20 2 -704 -358
195152 20 2 -724 -376
197669 20 2 -676 -364
200219 20 2 -720 -372
202801 20 2 -700 -370
205417 20 2 -684 -362
208066 20 2 -708 -368
210750 20 2 -756 -388
213468 20 2 -704 -362
216222 20 2 -692 -370
219010 20 2 -712 -376
221835 20 2 -700 -370
224696 20 2 -696 -336
227595 20 2 -736 -380
230530 20 2 -700 -364
233503 20 2 -672 -358
236515 20 2 -720 -326
239566 20 2 -664 -342
242656 20 2 -700 -370
245785 20 2 -712 -372
248956 20 2 -720 -380
252167 20 2 -664 -344
255419 20 2 -740 -384
258713 20 2 -660 -352
262050 20 2 -708 -362
265430 20 2 -728 -382
268854 20 2 -644 -338
272321 20 2 -668 -350
275834 20 2 -648 -352
279391 20 2 -740 -382
282995 20 2 -688 -348
286645 20 2 -668 -348
290342 20 2 -680 -362
294087 20 2 -740 -382
297880 20 2 -708 -366
301722 20 2 -704 -372
305614 20 2 -720 -372
309556 20 2 -740 -382
313548 20 2 -720 -376
317592 20 2 -704 -364
321689 20 2 -696 -370
325838 20 2 -708 -372
330040 20 2 -748 -384
334297 20 2 -672 -354
338609 20 2 -644 -340
342976 20 2 -736 -382
347400 20 2 -684 -358
351881 20 2 -740 -384
356419 20 2 -716 -368
361016 20 2 -712 -376
365673 20 2 -700 -360
370389 20 2 -760 -388
375167 20 2 -712 -370
380005 20 2 -680 -344
384907 20 2 -664 -338
389871 20 2 -760 -388
394900 20 2 -736 -382
399993 20 2 -672 -364
405152 20 2 -688 -348
410378 20 2 -744 -386
415671 20 2 -728 -382
421032 20 2 -624 -332
426463 20 2 -648 -334
431963 20 2 -676 -332
437535 20 2 -732 -380
443178 20 2 -720 -374
448894 20 2 -724 -376
454684 20 2 -716 -376
460548 20 2 -728 -380
466489 20 2 -716 -376
472505 20 2 -684 -356
478600 20 2 -664 -348
484773 20 2 -740 -384
491025 20 2 -664 -354
497358 20 2 -736 -382
503773 20 2 -680 -360
510271 20 2 -692 -364
516852 20 2 -700 -368
523519 20 2 -764 -390
530271 20 2 -636 -344
537111 20 2 -684 -366
544038 20 2 -676 -358
551055 20 2 -748 -384
558163 20 2 -660 -354
565362 20 2 -656 -356
572654 20 2 -640 -336
580040 20 2 -676 -352
587521 20 2 -652 -344
595099 20 2 -696 -350
602775 20 2 -708 -372
610549 20 2 -740 -378
618424 20 2 -664 -356
626400 20 2 -684 -364
634480 20 2 -716 -368
642663 20 2 -672 -362
650952 20 2 -724 -378
659348 20 2 -632 -332
667853 20 2 -716 -372
676467 20 2 -708 -370
685192 20 2 -748 -386
694029 20 2 -596 -314
702981 20 2 -724 -378
712048 20 2 -652 -334
721232 20 2 -692 -366
730534 20 2 -736 -378
739957 20 2 -636 -340
749500 20 2 -736 -382
759168 20 2 -720 -376
768959 20 2 -692 -364
778877 20 2 -692 -366
788923 20 2 -696 -364
799099 20 2 -692 -358
809405 20 2 -672 -360
819845 20 2 -732 -382
830419 20 2 -648 -338
841130 20 2 -684 -358
851979 20 2 -668 -356
862968 20 2 -708 -376
874098 20 2 -736 -384
885373 20 2 -708 -376
896792 20 2 -724 -380
908359 20 2 -708 -376
920075 20 2 -704 -374
931942 20 2 -676 -362
943962 20 2 -704 -368
956137 20 2 -736 -380
968470 20 2 -688 -358
980961 20 2 -660 -352
993613 20 2 -652 -356
999999 20 2 -728 -380
