3 140 2 -19500 540
4 140 2 -21200 496
5 140 2 -22528 632
6 140 2 -23044 672
7 140 2 -23836 768
8 140 2 -24476 1032
9 140 2 -24780 764
10 140 2 -25204 772
11 140 2 -25520 766
12 140 2 -26016 888
13 140 2 -26116 1056
14 140 2 -26532 1028
15 140 2 -26804 1162
16 140 2 -26428 1288
17 140 2 -26640 1380
18 140 2 -26744 1372
19 140 2 -26820 1166
20 140 2 -27184 1070
21 140 2 -27300 1140
22 140 2 -27524 1058
23 140 2 -27840 1230
24 140 2 -27908 1208
25 140 2 -27892 1144
26 140 2 -28028 1004
27 140 2 -28212 1126
28 140 2 -27972 1184
29 140 2 -28128 934
30 140 2 -28392 890
31 140 2 -28544 1158
32 140 2 -28476 1248
33 140 2 -28472 1422
34 140 2 -28692 1270
35 140 2 -28832 1426
36 140 2 -28972 1426
37 140 2 -29140 1436
38 140 2 -29076 1344
39 140 2 -29128 1180
40 140 2 -29120 1064
41 140 2 -29424 1166
42 140 2 -29424 1140
43 140 2 -29440 1168
44 140 2 -29260 984
45 140 2 -29572 966
46 140 2 -29432 892
47 140 2 -29304 838
48 140 2 -29120 978
49 140 2 -29300 890
50 140 2 -29288 942
51 140 2 -29500 1106
52 140 2 -29336 1088
53 140 2 -29480 962
54 140 2 -29440 1102
55 140 2 -29496 1194
56 140 2 -29516 1048
57 140 2 -29688 1130
58 140 2 -29852 1266
59 140 2 -29760 1450
60 140 2 -30044 1490
61 140 2 -30032 1344
62 140 2 -30092 1358
63 140 2 -30060 1446
64 140 2 -30076 1264
65 140 2 -30084 1432
66 140 2 -29936 1374
67 140 2 -29784 1400
68 140 2 -29876 1398
69 140 2 -30020 1440
70 140 2 -30300 1366
71 140 2 -30172 1424
72 140 2 -30096 1356
73 140 2 -30140 1482
74 140 2 -29764 1592
75 140 2 -30180 1850
76 140 2 -30192 1856
77 140 2 -30288 1614
78 140 2 -30228 1796
79 140 2 -30432 1906
80 140 2 -30524 1852
81 140 2 -30384 1666
82 140 2 -30500 1798
83 140 2 -30228 1550
84 140 2 -30264 1480
85 140 2 -30204 1520
86 140 2 -30468 1532
88 140 2 -30492 1418
89 140 2 -30648 1428
90 140 2 -30788 1546
91 140 2 -30816 1660
92 140 2 -30464 1540
93 140 2 -30780 1562
95 140 2 -30996 1700
96 140 2 -30904 1654
97 140 2 -30868 1684
98 140 2 -30912 1688
99 140 2 -30844 1564
101 140 2 -31112 1712
102 140 2 -30892 1558
103 140 2 -30864 1522
105 140 2 -31028 1444
106 140 2 -31124 1652
107 140 2 -31012 1572
109 140 2 -30908 1592
110 140 2 -30720 1730
112 140 2 -30888 1736
113 140 2 -30980 1654
114 140 2 -30740 1674
116 140 2 -30692 1598
117 140 2 -30888 1470
119 140 2 -30872 1390
120 140 2 -30616 1440
122 140 2 -31156 1576
124 140 2 -30836 1644
125 140 2 -30784 1766
127 140 2 -30692 1746
128 140 2 -30732 1626
130 140 2 -31004 1674
132 140 2 -31128 1588
133 140 2 -31100 1458
135 140 2 -31028 1368
137 140 2 -30916 1344
139 140 2 -31232 1590
140 140 2 -31304 1424
142 140 2 -30920 1746
144 140 2 -31068 1576
146 140 2 -31256 1552
148 140 2 -31244 1646
150 140 2 -31336 1836
152 140 2 -31568 1792
154 140 2 -31224 1792
155 140 2 -31600 1800
157 140 2 -31488 1876
160 140 2 -31396 1844
162 140 2 -31504 2012
164 140 2 -31348 2196
166 140 2 -31760 2290
168 140 2 -31596 2282
170 140 2 -31684 2410
172 140 2 -31756 2310
174 140 2 -31508 2416
177 140 2 -31544 2580
179 140 2 -31348 2654
181 140 2 -31636 2600
184 140 2 -31720 2590
186 140 2 -31628 2600
188 140 2 -31504 2418
191 140 2 -31612 2268
193 140 2 -31356 2392
196 140 2 -31676 2684
198 140 2 -31824 3114
201 140 2 -32004 2852
203 140 2 -31932 2666
206 140 2 -31920 2678
209 140 2 -31824 2776
211 140 2 -31636 2584
214 140 2 -31700 2398
217 140 2 -31556 2404
220 140 2 -31584 2576
222 140 2 -31552 2344
225 140 2 -31460 2512
228 140 2 -31776 2396
231 140 2 -32168 2142
234 140 2 -31948 2092
237 140 2 -32068 2194
240 140 2 -31944 2304
243 140 2 -31828 2462
246 140 2 -31532 2410
250 140 2 -31620 2256
253 140 2 -31616 2056
256 140 2 -31404 1914
259 140 2 -31692 1840
263 140 2 -31712 1952
266 140 2 -31532 2088
269 140 2 -31876 2100
273 140 2 -32120 2246
276 140 2 -32212 2350
280 140 2 -32372 2162
284 140 2 -32432 2114
287 140 2 -32032 2096
291 140 2 -32140 2066
295 140 2 -32284 2194
298 140 2 -31980 2204
302 140 2 -32644 2176
306 140 2 -32012 2512
310 140 2 -31932 2284
314 140 2 -31712 2604
318 140 2 -32000 2324
322 140 2 -31724 2476
326 140 2 -31900 2348
331 140 2 -31844 2604
335 140 2 -32000 2488
339 140 2 -32020 2440
344 140 2 -31864 2510
348 140 2 -31872 2256
352 140 2 -31736 2242
357 140 2 -31896 2146
362 140 2 -31768 2148
366 140 2 -32172 2112
371 140 2 -32348 1956
376 140 2 -32220 2172
381 140 2 -32348 2356
385 140 2 -32516 2296
390 140 2 -32476 2348
395 140 2 -32444 2566
401 140 2 -31940 2678
406 140 2 -31756 2496
411 140 2 -31856 2466
416 140 2 -31768 2672
422 140 2 -32252 2758
427 140 2 -32392 2824
433 140 2 -32156 2992
438 140 2 -32384 3324
444 140 2 -31824 3538
449 140 2 -31876 3658
455 140 2 -32320 3826
461 140 2 -32576 3660
467 140 2 -32788 3576
473 140 2 -32484 3654
479 140 2 -32420 3648
485 140 2 -32408 3884
492 140 2 -32200 4078
498 140 2 -32092 3976
504 140 2 -32692 4146
511 140 2 -32192 4084
517 140 2 -32328 3880
524 140 2 -32588 4058
531 140 2 -32636 4064
538 140 2 -32524 4264
545 140 2 -32488 3850
552 140 2 -32560 3992
559 140 2 -32284 3800
566 140 2 -32812 3874
573 140 2 -32700 3818
581 140 2 -32780 4000
588 140 2 -32620 4032
596 140 2 -32632 4296
603 140 2 -32876 4378
611 140 2 -33168 4394
619 140 2 -32696 4390
627 140 2 -33076 4378
635 140 2 -32556 4026
643 140 2 -32944 4126
652 140 2 -32544 4102
660 140 2 -32812 3998
668 140 2 -32552 4148
677 140 2 -32748 3906
686 140 2 -32516 3854
695 140 2 -32848 3728
704 140 2 -32556 3768
713 140 2 -33428 3658
722 140 2 -32276 4034
731 140 2 -32512 3926
741 140 2 -32752 4182
750 140 2 -32448 4348
760 140 2 -32568 4252
770 140 2 -33072 4200
780 140 2 -32776 4154
790 140 2 -32376 4234
800 140 2 -32460 4478
810 140 2 -32596 4432
821 140 2 -32776 4634
831 140 2 -32528 4654
842 140 2 -32936 4798
853 140 2 -32968 4584
864 140 2 -32788 4502
875 140 2 -33052 5214
886 140 2 -32988 5076
897 140 2 -32912 5454
909 140 2 -32788 5394
921 140 2 -33232 5492
933 140 2 -32860 5108
945 140 2 -32936 5202
957 140 2 -33048 5430
969 140 2 -32812 5492
982 140 2 -32892 5878
994 140 2 -33036 6230
1007 140 2 -32588 6038
1020 140 2 -32684 6024
1033 140 2 -33340 6016
1047 140 2 -32948 6208
1060 140 2 -33224 6220
1074 140 2 -33072 6442
1088 140 2 -32984 6498
1102 140 2 -32840 6736
1116 140 2 -33236 6910
1130 140 2 -33308 7032
1145 140 2 -33088 6906
1160 140 2 -33180 6918
1174 140 2 -32984 7314
1190 140 2 -32824 7552
1205 140 2 -32840 7572
1220 140 2 -32684 7728
1236 140 2 -32756 7614
1252 140 2 -32880 7964
1268 140 2 -32820 7878
1285 140 2 -33000 8490
1301 140 2 -32812 8648
1318 140 2 -32572 8716
1335 140 2 -32432 9080
1352 140 2 -33116 9354
1370 140 2 -33052 9444
1387 140 2 -32944 9188
1405 140 2 -33008 9226
1423 140 2 -33084 9240
1442 140 2 -32612 9280
1460 140 2 -33044 9248
1479 140 2 -33012 9310
1498 140 2 -33640 9374
1517 140 2 -33448 9522
1537 140 2 -33064 8696
1557 140 2 -33108 8686
1577 140 2 -33576 8754
1597 140 2 -33372 8588
1618 140 2 -32792 7886
1639 140 2 -33480 8480
1660 140 2 -33076 8036
1681 140 2 -32820 8456
1703 140 2 -33072 8976
1725 140 2 -33012 8616
1747 140 2 -33152 8526
1770 140 2 -33004 7936
1792 140 2 -33352 8274
1816 140 2 -33128 8472
1839 140 2 -33212 8996
1863 140 2 -33156 9118
1887 140 2 -33460 9300
1911 140 2 -33304 9480
1936 140 2 -32628 9638
1961 140 2 -33304 9736
1986 140 2 -32396 9738
2012 140 2 -32976 10290
2037 140 2 -33440 10512
2064 140 2 -33272 10588
2090 140 2 -33024 10512
2117 140 2 -33668 10476
2145 140 2 -32924 9808
2172 140 2 -33376 10016
2200 140 2 -32924 9978
2229 140 2 -33280 10548
2257 140 2 -33252 10182
2286 140 2 -33360 10798
2316 140 2 -33128 10792
2346 140 2 -32956 11098
2376 140 2 -33044 11430
2407 140 2 -33528 11884
2438 140 2 -33464 11640
2469 140 2 -33268 11320
2501 140 2 -33428 11232
2533 140 2 -33368 11678
2566 140 2 -33564 11684
2599 140 2 -33432 11532
2633 140 2 -33668 11878
2667 140 2 -33484 12012
2701 140 2 -33292 12056
2736 140 2 -33108 12210
2771 140 2 -33708 12324
2807 140 2 -33648 12620
2843 140 2 -33628 12296
2880 140 2 -33288 12404
2917 140 2 -33660 12750
2954 140 2 -33692 12584
2992 140 2 -33520 12792
3031 140 2 -33456 12850
3070 140 2 -33636 12824
3110 140 2 -33704 13354
3150 140 2 -33408 13228
3190 140 2 -33312 13444
3232 140 2 -33592 13350
3273 140 2 -33828 13840
3315 140 2 -33536 13538
3358 140 2 -33232 13828
3402 140 2 -33728 14224
3445 140 2 -33820 14282
3490 140 2 -34012 14430
3535 140 2 -33920 14696
3580 140 2 -33296 14496
3627 140 2 -33960 14774
3673 140 2 -33552 14658
3721 140 2 -33944 14880
3769 140 2 -33656 14864
3817 140 2 -33516 15122
3867 140 2 -33676 15162
3916 140 2 -33880 15092
3967 140 2 -33724 15408
4018 140 2 -34068 16204
4070 140 2 -33500 15960
4122 140 2 -33744 16152
4176 140 2 -34120 16318
4229 140 2 -33860 16930
4284 140 2 -34084 17044
4339 140 2 -33964 17098
4395 140 2 -34240 17676
4452 140 2 -34252 17916
4509 140 2 -34200 17836
4567 140 2 -34576 17928
4626 140 2 -33984 17774
4686 140 2 -34188 17904
4746 140 2 -33696 17678
4808 140 2 -34532 18098
4870 140 2 -34560 18044
4932 140 2 -34320 17866
4996 140 2 -34288 17906
5060 140 2 -34048 17808
5126 140 2 -34200 17898
5192 140 2 -34252 17890
5259 140 2 -34092 17716
5327 140 2 -34536 17966
5395 140 2 -34408 17966
5465 140 2 -33896 17520
5535 140 2 -33816 17604
5607 140 2 -34096 17814
5679 140 2 -34268 17902
5752 140 2 -33848 17688
5826 140 2 -34528 17968
5902 140 2 -34140 17894
5978 140 2 -33944 17608
6055 140 2 -34156 17910
6133 140 2 -34076 17804
6212 140 2 -33988 17710
6292 140 2 -34404 18024
6373 140 2 -34336 17828
6455 140 2 -34380 17974
6539 140 2 -34140 17882
6623 140 2 -34508 18060
6708 140 2 -34468 17994
6795 140 2 -34492 17996
6883 140 2 -34024 17852
6971 140 2 -34232 18012
7061 140 2 -34288 17938
7152 140 2 -34540 18062
7245 140 2 -34092 17806
7338 140 2 -34204 17870
7433 140 2 -33944 17792
7529 140 2 -34344 17862
7626 140 2 -34420 17952
7724 140 2 -33960 17794
7824 140 2 -34792 18050
7925 140 2 -34444 17944
8027 140 2 -34280 17890
8130 140 2 -34232 17854
8235 140 2 -34412 17928
8341 140 2 -34380 17910
8449 140 2 -34304 17874
8558 140 2 -34512 17980
8668 140 2 -34208 17906
8780 140 2 -34316 17972
8893 140 2 -34364 17964
9008 140 2 -33916 17790
9124 140 2 -34276 17742
9242 140 2 -34136 17846
9361 140 2 -34348 17936
9482 140 2 -33616 17700
9604 140 2 -34088 17882
9728 140 2 -34152 17818
9853 140 2 -34376 17948
9980 140 2 -34056 17724
10109 140 2 -34260 17956
10240 140 2 -34128 17782
10372 140 2 -33912 17748
10505 140 2 -34244 17922
10641 140 2 -34040 17778
10778 140 2 -34736 18086
10917 140 2 -34132 17854
11058 140 2 -34560 17998
11201 140 2 -33892 17736
11345 140 2 -34148 17714
11491 140 2 -34020 17786
11640 140 2 -34324 17898
11790 140 2 -33964 17720
11942 140 2 -34616 17984
12096 140 2 -34020 17760
12252 140 2 -34152 17944
12410 140 2 -34304 17912
12570 140 2 -34104 17804
12732 140 2 -34196 17904
12896 140 2 -34132 17684
13062 140 2 -34344 17982
13231 140 2 -33964 17622
13402 140 2 -34096 17822
13574 140 2 -34340 17976
13750 140 2 -34428 18014
13927 140 2 -34688 18120
14106 140 2 -34372 17944
14288 140 2 -33948 17716
14473 140 2 -34236 17912
14659 140 2 -34096 17756
14848 140 2 -34420 17936
15040 140 2 -34260 17902
15234 140 2 -34144 17886
15430 140 2 -34412 17880
15629 140 2 -34356 17922
15831 140 2 -33992 17708
16035 140 2 -34060 17808
16242 140 2 -34416 17938
16451 140 2 -34056 17746
16664 140 2 -34304 17948
16879 140 2 -34220 17840
17096 140 2 -34432 17976
17317 140 2 -34196 17840
17540 140 2 -34164 17850
17766 140 2 -34232 17854
17995 140 2 -33868 17720
18228 140 2 -34488 17944
18463 140 2 -34348 17920
18701 140 2 -34212 17920
18942 140 2 -33872 17660
19186 140 2 -34144 17796
19434 140 2 -34604 17988
19684 140 2 -33896 17730
19938 140 2 -34152 17950
20195 140 2 -33904 17764
20456 140 2 -34052 17740
20720 140 2 -34444 18008
20987 140 2 -34396 17696
21258 140 2 -34184 17942
21532 140 2 -34456 17960
21810 140 2 -33972 17796
22091 140 2 -34004 17840
22376 140 2 -34228 17892
22664 140 2 -34152 17812
22957 140 2 -34196 17830
23253 140 2 -34208 17886
23553 140 2 -34188 17818
23856 140 2 -34512 17994
24164 140 2 -33928 17718
24476 140 2 -33948 17806
24791 140 2 -34068 17724
25111 140 2 -34108 17798
25435 140 2 -33688 17662
25763 140 2 -34292 17904
26095 140 2 -34212 17986
26432 140 2 -34504 18010
26773 140 2 -34536 18014
27118 140 2 -34084 17852
27468 140 2 -34192 17854
27822 140 2 -34048 17780
28181 140 2 -34468 18002
28545 140 2 -34508 18016
28913 140 2 -33816 17646
29286 140 2 -34272 17878
29663 140 2 -33892 17760
30046 140 2 -33888 17742
30434 140 2 -34488 18046
30826 140 2 -34644 18084
31224 140 2 -34396 17948
31626 140 2 -34056 17838
32034 140 2 -34048 17832
32447 140 2 -34464 17948
32866 140 2 -34100 17794
33290 140 2 -34228 17914
33719 140 2 -34340 17842
34154 140 2 -34060 17798
34595 140 2 -34368 17932
35041 140 2 -34332 17910
35493 140 2 -34356 17934
35951 140 2 -34312 17892
36414 140 2 -33492 17124
36884 140 2 -34604 18012
37360 140 2 -34080 17848
37841 140 2 -34224 17822
38330 140 2 -34340 17966
38824 140 2 -34140 17812
39325 140 2 -33628 17570
39832 140 2 -34452 17928
40346 140 2 -34492 17978
40866 140 2 -34268 17894
41393 140 2 -34000 17776
41927 140 2 -34064 17790
42468 140 2 -33732 17546
43015 140 2 -34180 17856
43570 140 2 -34328 17926
44132 140 2 -34392 17964
44701 140 2 -34156 17782
45278 140 2 -34196 17904
45862 140 2 -34280 17822
46453 140 2 -34112 17836
47053 140 2 -34224 17926
47660 140 2 -34156 17876
48274 140 2 -33956 17638
48897 140 2 -34288 17856
49528 140 2 -34136 17778
50166 140 2 -34060 17822
50813 140 2 -34664 18130
51469 140 2 -34352 17914
52133 140 2 -34300 17956
52805 140 2 -34216 17844
53486 140 2 -33988 17678
54176 140 2 -34428 17994
54875 140 2 -34244 17864
55582 140 2 -34164 17850
56299 140 2 -34312 17944
57025 140 2 -34520 17992
57761 140 2 -34196 17922
58506 140 2 -34436 17982
59261 140 2 -33972 17742
60025 140 2 -34676 18134
60799 140 2 -34416 17950
61583 140 2 -34496 18054
62378 140 2 -33988 17750
63182 140 2 -34064 17812
63997 140 2 -34260 17926
64822 140 2 -34224 17892
65658 140 2 -34248 17900
66505 140 2 -34112 17782
67363 140 2 -34104 17892
68232 140 2 -34448 18022
69112 140 2 -34080 17842
70003 140 2 -34392 17878
70906 140 2 -34300 17806
71821 140 2 -34528 17860
72747 140 2 -33936 17776
73685 140 2 -34164 17916
74636 140 2 -33980 17768
75599 140 2 -34348 17888
76574 140 2 -34304 18000
77561 140 2 -33976 17764
78562 140 2 -34312 17856
79575 140 2 -34460 18042
80601 140 2 -34068 17728
81641 140 2 -33780 17624
82694 140 2 -34344 17878
83760 140 2 -33884 17686
84841 140 2 -33868 17742
85935 140 2 -34104 17818
87043 140 2 -34288 17882
88166 140 2 -33912 17798
89303 140 2 -34384 18026
90455 140 2 -34556 18040
91622 140 2 -34192 17568
92803 140 2 -34760 18134
94000 140 2 -34356 17954
95213 140 2 -34228 17938
96441 140 2 -34032 17898
97685 140 2 -34064 17832
98945 140 2 -34184 17904
100221 140 2 -34284 17948
101513 140 2 -34348 17868
102823 140 2 -34576 18042
104149 140 2 -34364 17934
105492 140 2 -33988 17698
106853 140 2 -33936 17630
108231 140 2 -33724 17726
109627 140 2 -34204 17844
111041 140 2 -34228 17910
112473 140 2 -34060 17866
113924 140 2 -34776 18124
115393 140 2 -34284 17818
116882 140 2 -34032 17860
118389 140 2 -34592 18092
119916 140 2 -34428 17988
121463 140 2 -34508 17970
123029 140 2 -34268 17818
124616 140 2 -34136 17892
126224 140 2 -34056 17782
127852 140 2 -34364 17946
129501 140 2 -34296 17882
131171 140 2 -33732 17622
132863 140 2 -33948 17776
134576 140 2 -34164 17764
136312 140 2 -33916 17758
138070 140 2 -33784 17728
139851 140 2 -34444 18030
141655 140 2 -34380 17892
143482 140 2 -34144 17848
145333 140 2 -34012 17854
147207 140 2 -34400 17992
149106 140 2 -34456 17978
151029 140 2 -34136 17764
152977 140 2 -34124 17740
154950 140 2 -34644 18094
156948 140 2 -34128 17778
158973 140 2 -34308 17962
161023 140 2 -34740 18146
163100 140 2 -34384 17850
165204 140 2 -34056 17806
167334 140 2 -34364 17920
169493 140 2 -34084 17806
171679 140 2 -34484 17986
173893 140 2 -34248 17948
176136 140 2 -33960 17802
178408 140 2 -34480 17910
180709 140 2 -34336 17918
183040 140 2 -34532 18016
185400 140 2 -34620 17976
187792 140 2 -34148 17914
190214 140 2 -34100 17870
192667 140 2 -34564 17996
195152 140 2 -34144 17854
197669 140 2 -34332 17952
200219 140 2 -34588 17954
202801 140 2 -34052 17838
205417 140 2 -34100 17824
208066 140 2 -34104 17814
210750 140 2 -34140 17788
213468 140 2 -34400 17892
216222 140 2 -34616 17988
219010 140 2 -34552 18046
221835 140 2 -33940 17694
224696 140 2 -34200 17932
227595 140 2 -34296 17918
230530 140 2 -34432 17940
233503 140 2 -34424 17866
236515 140 2 -34516 18002
239566 140 2 -34292 17952
242656 140 2 -34196 17820
245785 140 2 -34480 17928
248956 140 2 -34544 17996
252167 140 2 -34280 17934
255419 140 2 -34120 17720
258713 140 2 -34236 17848
262050 140 2 -34360 18002
265430 140 2 -34624 17970
268854 140 2 -33920 17800
272321 140 2 -34080 17880
275834 140 2 -34312 17926
279391 140 2 -34096 17818
282995 140 2 -34120 17858
286645 140 2 -34616 18020
290342 140 2 -34392 17982
294087 140 2 -34060 17748
297880 140 2 -34076 17844
301722 140 2 -34216 17866
305614 140 2 -34136 17884
309556 140 2 -34480 17982
313548 140 2 -34324 17814
317592 140 2 -34672 18130
321689 140 2 -34296 17868
325838 140 2 -34048 17566
330040 140 2 -34384 18000
334297 140 2 -34460 17974
338609 140 2 -34192 17730
342976 140 2 -33804 17698
347400 140 2 -33684 17630
351881 140 2 -33916 17814
356419 140 2 -34180 17882
361016 140 2 -34300 17916
365673 140 2 -33600 17476
370389 140 2 -34068 17790
375167 140 2 -34272 17870
380005 140 2 -33956 17760
384907 140 2 -34076 17816
389871 140 2 -34180 17814
394900 140 2 -34704 18172
399993 140 2 -34392 17916
405152 140 2 -34176 17898
410378 140 2 -34356 17958
415671 140 2 -34220 17866
421032 140 2 -33832 17784
426463 140 2 -34356 17936
431963 140 2 -34272 17884
437535 140 2 -34020 17864
443178 140 2 -34236 17862
448894 140 2 -34388 18032
454684 140 2 -34200 17934
460548 140 2 -34452 17996
466489 140 2 -34232 17884
472505 140 2 -34276 17908
478600 140 2 -33876 17720
484773 140 2 -34364 17966
491025 140 2 -33992 17718
497358 140 2 -33748 17734
503773 140 2 -34256 17906
510271 140 2 -34160 17804
516852 140 2 -33760 17654
523519 140 2 -33836 17736
530271 140 2 -34484 18052
537111 140 2 -34172 17868
544038 140 2 -33856 17606
551055 140 2 -33916 17762
558163 140 2 -34416 17952
565362 140 2 -34508 18020
572654 140 2 -34024 17834
580040 140 2 -34196 17870
587521 140 2 -34448 17974
595099 140 2 -34340 17920
602775 140 2 -34252 17850
610549 140 2 -34284 17860
618424 140 2 -34172 17898
626400 140 2 -33904 17768
634480 140 2 -34220 17858
642663 140 2 -33960 17656
650952 140 2 -34456 17900
659348 140 2 -34144 17876
667853 140 2 -34216 17912
676467 140 2 -34304 18008
685192 140 2 -34644 17966
694029 140 2 -34224 17842
702981 140 2 -34096 17728
712048 140 2 -34140 17872
721232 140 2 -33748 17604
730534 140 2 -34652 18040
739957 140 2 -34112 17902
749500 140 2 -34096 17780
759168 140 2 -34252 17848
768959 140 2 -34192 17860
778877 140 2 -34492 18004
788923 140 2 -34044 17900
799099 140 2 -34228 17816
809405 140 2 -34376 17944
819845 140 2 -34540 18070
830419 140 2 -34548 18004
841130 140 2 -34180 17864
851979 140 2 -33976 17786
862968 140 2 -34100 17794
874098 140 2 -34260 17852
885373 140 2 -34504 17924
896792 140 2 -34340 17916
908359 140 2 -34116 17866
920075 140 2 -33788 17618
931942 140 2 -33768 17676
943962 140 2 -34124 17868
956137 140 2 -34048 17874
968470 140 2 -34212 17840
980961 140 2 -34228 17884
993613 140 2 -34396 17876
999999 140 2 -34108 17826
