3 100 2.3 -9116 66
4 100 2.3 -9836 -152
5 100 2.3 -10028 -294
6 100 2.3 -10772 -446
7 100 2.3 -11048 -350
8 100 2.3 -11480 -486
9 100 2.3 -11648 -400
10 100 2.3 -11516 -394
11 100 2.3 -11568 -506
12 100 2.3 -11772 -428
13 100 2.3 -11768 -332
14 100 2.3 -12060 -218
15 100 2.3 -11908 -10
16 100 2.3 -12036 -124
17 100 2.3 -12144 54
18 100 2.3 -12104 196
19 100 2.3 -12456 130
20 100 2.3 -12312 198
21 100 2.3 -12436 222
22 100 2.3 -12576 224
23 100 2.3 -12552 202
24 100 2.3 -12368 250
25 100 2.3 -12304 378
26 100 2.3 -12656 400
27 100 2.3 -12568 350
28 100 2.3 -12824 502
29 100 2.3 -12724 412
30 100 2.3 -12756 650
31 100 2.3 -13028 538
32 100 2.3 -13056 822
33 100 2.3 -12860 770
34 100 2.3 -12872 818
35 100 2.3 -12864 810
36 100 2.3 -12980 990
37 100 2.3 -12928 1048
38 100 2.3 -12976 1140
39 100 2.3 -13136 1076
40 100 2.3 -12932 968
41 100 2.3 -12716 978
42 100 2.3 -12832 1010
43 100 2.3 -12784 788
44 100 2.3 -13096 674
45 100 2.3 -13108 732
46 100 2.3 -13256 802
47 100 2.3 -13284 760
48 100 2.3 -13184 902
49 100 2.3 -13312 998
50 100 2.3 -13328 928
51 100 2.3 -13156 1098
52 100 2.3 -13192 1164
53 100 2.3 -13300 1206
54 100 2.3 -13328 1056
55 100 2.3 -13280 1156
56 100 2.3 -13368 1210
57 100 2.3 -13356 1142
58 100 2.3 -13316 1162
59 100 2.3 -13212 1020
60 100 2.3 -13048 1068
61 100 2.3 -13244 1090
62 100 2.3 -13244 1056
63 100 2.3 -13032 1060
64 100 2.3 -12968 950
65 100 2.3 -12932 1094
66 100 2.3 -12900 1128
67 100 2.3 -12736 1030
68 100 2.3 -12844 956
69 100 2.3 -12984 1020
70 100 2.3 -12892 1010
71 100 2.3 -12980 1204
72 100 2.3 -13184 1082
73 100 2.3 -13140 996
74 100 2.3 -13152 846
75 100 2.3 -12960 952
76 100 2.3 -12752 1016
77 100 2.3 -12568 1062
78 100 2.3 -12584 982
79 100 2.3 -12540 940
80 100 2.3 -12612 986
81 100 2.3 -12732 970
82 100 2.3 -12888 976
83 100 2.3 -13092 1054
84 100 2.3 -13444 1134
85 100 2.3 -13276 1104
86 100 2.3 -12764 1162
88 100 2.3 -12952 1038
89 100 2.3 -13024 942
90 100 2.3 -13072 890
91 100 2.3 -12948 922
92 100 2.3 -12808 752
93 100 2.3 -12960 648
95 100 2.3 -12612 596
96 100 2.3 -12484 658
97 100 2.3 -12600 778
98 100 2.3 -12520 756
99 100 2.3 -12772 700
101 100 2.3 -12708 470
102 100 2.3 -12828 364
103 100 2.3 -12920 394
105 100 2.3 -12632 370
106 100 2.3 -12768 506
107 100 2.3 -12772 374
109 100 2.3 -12972 572
110 100 2.3 -12984 514
112 100 2.3 -12960 442
113 100 2.3 -13120 506
114 100 2.3 -13004 384
116 100 2.3 -13072 390
117 100 2.3 -13012 456
119 100 2.3 -12852 280
120 100 2.3 -12832 290
122 100 2.3 -13076 670
124 100 2.3 -13092 594
125 100 2.3 -13288 466
127 100 2.3 -13288 328
128 100 2.3 -13332 314
130 100 2.3 -13368 392
132 100 2.3 -13404 436
133 100 2.3 -13132 474
135 100 2.3 -12764 568
137 100 2.3 -12920 626
139 100 2.3 -12924 828
140 100 2.3 -13244 832
142 100 2.3 -13384 718
144 100 2.3 -13080 784
146 100 2.3 -13016 858
148 100 2.3 -13116 968
150 100 2.3 -13100 996
152 100 2.3 -13028 1104
154 100 2.3 -13216 1108
155 100 2.3 -12992 1000
157 100 2.3 -12864 882
160 100 2.3 -13096 868
162 100 2.3 -13312 956
164 100 2.3 -13276 1044
166 100 2.3 -13220 1168
168 100 2.3 -13156 1202
170 100 2.3 -12824 1128
172 100 2.3 -13104 970
174 100 2.3 -13296 1014
177 100 2.3 -13004 924
179 100 2.3 -13028 1090
181 100 2.3 -13000 1150
184 100 2.3 -13028 1080
186 100 2.3 -13008 948
188 100 2.3 -13188 1154
191 100 2.3 -13040 1064
193 100 2.3 -13188 1136
196 100 2.3 -13116 1274
198 100 2.3 -13408 1468
201 100 2.3 -13488 1424
203 100 2.3 -13512 1628
206 100 2.3 -13468 1516
209 100 2.3 -13724 1386
211 100 2.3 -13620 1312
214 100 2.3 -13188 1258
217 100 2.3 -13104 1262
220 100 2.3 -13256 1556
222 100 2.3 -13256 1324
225 100 2.3 -13200 1288
228 100 2.3 -13356 1130
231 100 2.3 -13176 790
234 100 2.3 -12856 622
237 100 2.3 -13096 874
240 100 2.3 -13072 904
243 100 2.3 -13120 870
246 100 2.3 -12948 600
250 100 2.3 -13084 742
253 100 2.3 -12912 670
256 100 2.3 -12880 290
259 100 2.3 -12996 428
263 100 2.3 -13104 396
266 100 2.3 -13064 120
269 100 2.3 -12848 -136
273 100 2.3 -13156 36
276 100 2.3 -13220 -206
280 100 2.3 -13348 -248
284 100 2.3 -12988 -190
287 100 2.3 -13060 -250
291 100 2.3 -12632 -24
295 100 2.3 -12888 10
298 100 2.3 -12904 -18
302 100 2.3 -12708 64
306 100 2.3 -12956 310
310 100 2.3 -12972 430
314 100 2.3 -12964 192
318 100 2.3 -12744 554
322 100 2.3 -12724 860
326 100 2.3 -12752 892
331 100 2.3 -13072 1264
335 100 2.3 -12940 962
339 100 2.3 -13040 808
344 100 2.3 -12892 1024
348 100 2.3 -13296 1296
352 100 2.3 -13152 1290
357 100 2.3 -13036 1280
362 100 2.3 -13064 1494
366 100 2.3 -13208 1704
371 100 2.3 -13320 1496
376 100 2.3 -13556 1674
381 100 2.3 -13252 1544
385 100 2.3 -13208 1506
390 100 2.3 -13220 1086
395 100 2.3 -12792 1192
401 100 2.3 -12860 1298
406 100 2.3 -12968 1268
411 100 2.3 -13380 1220
416 100 2.3 -13124 1112
422 100 2.3 -12956 970
427 100 2.3 -12968 1030
433 100 2.3 -13152 1298
438 100 2.3 -13264 1402
444 100 2.3 -13256 1446
449 100 2.3 -12832 1382
455 100 2.3 -13160 1560
461 100 2.3 -13120 1334
467 100 2.3 -12908 1576
473 100 2.3 -13068 1778
479 100 2.3 -13092 1480
485 100 2.3 -12700 1188
492 100 2.3 -13112 952
498 100 2.3 -13300 1044
504 100 2.3 -13032 1112
511 100 2.3 -13024 840
517 100 2.3 -13280 372
524 100 2.3 -13820 470
531 100 2.3 -13508 416
538 100 2.3 -13812 590
545 100 2.3 -13124 216
552 100 2.3 -13424 750
559 100 2.3 -13228 964
566 100 2.3 -13584 1218
573 100 2.3 -13112 1032
581 100 2.3 -13160 1028
588 100 2.3 -13356 1136
596 100 2.3 -12868 1480
603 100 2.3 -13196 1588
611 100 2.3 -13320 1614
619 100 2.3 -13008 1872
627 100 2.3 -13048 1590
635 100 2.3 -13108 1744
643 100 2.3 -13192 1736
652 100 2.3 -12956 1892
660 100 2.3 -13080 1646
668 100 2.3 -13352 1632
677 100 2.3 -13136 1686
686 100 2.3 -13244 2078
695 100 2.3 -13032 1542
704 100 2.3 -13116 1450
713 100 2.3 -13056 1918
722 100 2.3 -12932 1728
731 100 2.3 -13368 1896
741 100 2.3 -13232 2306
750 100 2.3 -13524 2184
760 100 2.3 -13388 1978
770 100 2.3 -12772 2152
780 100 2.3 -12916 1586
790 100 2.3 -12864 1360
800 100 2.3 -12980 1422
810 100 2.3 -13220 1914
821 100 2.3 -13112 2096
831 100 2.3 -13088 1846
842 100 2.3 -12812 1418
853 100 2.3 -13108 1580
864 100 2.3 -13296 1412
875 100 2.3 -13132 1656
886 100 2.3 -13240 1386
897 100 2.3 -13344 1516
909 100 2.3 -13036 1806
921 100 2.3 -12708 1798
933 100 2.3 -12908 2484
945 100 2.3 -12964 2702
957 100 2.3 -13424 3004
969 100 2.3 -13252 2648
982 100 2.3 -13276 2610
994 100 2.3 -13436 1986
1007 100 2.3 -13236 1780
1020 100 2.3 -12960 1422
1033 100 2.3 -13500 1706
1047 100 2.3 -13496 2006
1060 100 2.3 -13428 2438
1074 100 2.3 -13728 2404
1088 100 2.3 -13424 2804
1102 100 2.3 -13400 2552
1116 100 2.3 -13700 2732
1130 100 2.3 -13244 2688
1145 100 2.3 -13300 2654
1160 100 2.3 -13328 3066
1174 100 2.3 -13212 2780
1190 100 2.3 -13648 2448
1205 100 2.3 -13140 2476
1220 100 2.3 -13748 2886
1236 100 2.3 -13188 2874
1252 100 2.3 -13248 3320
1268 100 2.3 -13220 2934
1285 100 2.3 -13580 2498
1301 100 2.3 -13348 2832
1318 100 2.3 -13076 2688
1335 100 2.3 -13168 2628
1352 100 2.3 -13140 2590
1370 100 2.3 -13508 3154
1387 100 2.3 -12932 2956
1405 100 2.3 -13368 2858
1423 100 2.3 -13148 2958
1442 100 2.3 -13216 3140
1460 100 2.3 -13452 3184
1479 100 2.3 -12892 3338
1498 100 2.3 -13268 3560
1517 100 2.3 -13108 3556
1537 100 2.3 -13520 3810
1557 100 2.3 -13644 4062
1577 100 2.3 -13400 3956
1597 100 2.3 -13184 3958
1618 100 2.3 -13472 4402
1639 100 2.3 -13416 4508
1660 100 2.3 -13476 4548
1681 100 2.3 -13488 5268
1703 100 2.3 -13592 4552
1725 100 2.3 -13304 4150
1747 100 2.3 -13096 4132
1770 100 2.3 -13116 4032
1792 100 2.3 -13196 3188
1816 100 2.3 -13004 3390
1839 100 2.3 -13692 4444
1863 100 2.3 -13792 5364
1887 100 2.3 -13852 5360
1911 100 2.3 -13344 4664
1936 100 2.3 -12980 4404
1961 100 2.3 -13812 4602
1986 100 2.3 -13636 4536
2012 100 2.3 -13588 5058
2037 100 2.3 -13804 5204
2064 100 2.3 -14116 5518
2090 100 2.3 -13664 5130
2117 100 2.3 -13704 4624
2145 100 2.3 -13692 4710
2172 100 2.3 -13352 4714
2200 100 2.3 -14056 5130
2229 100 2.3 -14172 5328
2257 100 2.3 -13992 5422
2286 100 2.3 -13816 5346
2316 100 2.3 -13380 4972
2346 100 2.3 -13664 4680
2376 100 2.3 -13224 4644
2407 100 2.3 -13216 5434
2438 100 2.3 -13476 5054
2469 100 2.3 -13768 5376
2501 100 2.3 -13216 4922
2533 100 2.3 -13840 5482
2566 100 2.3 -13760 5444
2599 100 2.3 -13932 5742
2633 100 2.3 -13444 5316
2667 100 2.3 -13848 5476
2701 100 2.3 -14204 5778
2736 100 2.3 -13840 5808
2771 100 2.3 -13868 5918
2807 100 2.3 -13912 6060
2843 100 2.3 -14136 6278
2880 100 2.3 -13712 5488
2917 100 2.3 -13808 5806
2954 100 2.3 -14140 5548
2992 100 2.3 -13124 5290
3031 100 2.3 -13540 5426
3070 100 2.3 -13764 5594
3110 100 2.3 -13980 5586
3150 100 2.3 -13944 5350
3190 100 2.3 -13684 5716
3232 100 2.3 -13484 4852
3273 100 2.3 -13788 5618
3315 100 2.3 -13592 5350
3358 100 2.3 -13588 5156
3402 100 2.3 -13676 5850
3445 100 2.3 -13788 6146
3490 100 2.3 -14644 6838
3535 100 2.3 -13832 6236
3580 100 2.3 -13964 6284
3627 100 2.3 -13780 6012
3673 100 2.3 -13624 6044
3721 100 2.3 -13476 5688
3769 100 2.3 -14268 6526
3817 100 2.3 -13812 6326
3867 100 2.3 -14056 6386
3916 100 2.3 -13616 5884
3967 100 2.3 -14196 6250
4018 100 2.3 -14344 6608
4070 100 2.3 -13248 4734
4122 100 2.3 -13308 5290
4176 100 2.3 -14064 5680
4229 100 2.3 -13372 6054
4284 100 2.3 -13760 6304
4339 100 2.3 -14356 7030
4395 100 2.3 -14056 6532
4452 100 2.3 -14056 6502
4509 100 2.3 -13844 5706
4567 100 2.3 -13940 5774
4626 100 2.3 -14152 5784
4686 100 2.3 -13868 4652
4746 100 2.3 -13620 4542
4808 100 2.3 -13336 3802
4870 100 2.3 -13232 3732
4932 100 2.3 -13460 3204
4996 100 2.3 -12704 1848
5060 100 2.3 -12856 1598
5126 100 2.3 -13156 2908
5192 100 2.3 -13816 2760
5259 100 2.3 -13476 2632
5327 100 2.3 -13484 3274
5395 100 2.3 -13228 3490
5465 100 2.3 -14080 4400
5535 100 2.3 -13504 3608
5607 100 2.3 -13056 2812
5679 100 2.3 -13500 4024
5752 100 2.3 -13452 4698
5826 100 2.3 -13784 5676
5902 100 2.3 -13528 5792
5978 100 2.3 -13896 5464
6055 100 2.3 -13860 4712
6133 100 2.3 -13864 4260
6212 100 2.3 -13556 3262
6292 100 2.3 -13536 2522
6373 100 2.3 -13548 2976
6455 100 2.3 -13168 2718
6539 100 2.3 -13356 3074
6623 100 2.3 -13408 3962
6708 100 2.3 -13692 4726
6795 100 2.3 -13380 4124
6883 100 2.3 -13924 5250
6971 100 2.3 -13728 5660
7061 100 2.3 -13880 5818
7152 100 2.3 -13776 5860
7245 100 2.3 -13996 6012
7338 100 2.3 -13876 5022
7433 100 2.3 -13384 5142
7529 100 2.3 -13520 5210
7626 100 2.3 -13400 4852
7724 100 2.3 -13476 4354
7824 100 2.3 -13844 5110
7925 100 2.3 -14020 5158
8027 100 2.3 -13664 4732
8130 100 2.3 -13696 5412
8235 100 2.3 -14348 6186
8341 100 2.3 -14272 6042
8449 100 2.3 -13652 5602
8558 100 2.3 -14176 6288
8668 100 2.3 -13824 6146
8780 100 2.3 -14180 6320
8893 100 2.3 -13748 6096
9008 100 2.3 -14228 6656
9124 100 2.3 -13904 6438
9242 100 2.3 -13708 5682
9361 100 2.3 -13488 5556
9482 100 2.3 -13880 4500
9604 100 2.3 -13640 4360
9728 100 2.3 -13456 4532
9853 100 2.3 -13192 4764
9980 100 2.3 -13540 4060
10109 100 2.3 -13772 5190
10240 100 2.3 -13812 5012
10372 100 2.3 -13896 4484
10505 100 2.3 -13084 2640
10641 100 2.3 -13768 2484
10778 100 2.3 -13324 1622
10917 100 2.3 -13476 2960
11058 100 2.3 -13352 2806
11201 100 2.3 -13264 2180
11345 100 2.3 -13572 952
11491 100 2.3 -12872 1100
11640 100 2.3 -13596 1802
11790 100 2.3 -13116 2412
11942 100 2.3 -13148 1844
12096 100 2.3 -13756 1130
12252 100 2.3 -13364 2398
12410 100 2.3 -13612 2846
12570 100 2.3 -13536 1632
12732 100 2.3 -13596 1486
12896 100 2.3 -13140 1652
13062 100 2.3 -12928 2264
13231 100 2.3 -13712 2470
13402 100 2.3 -13300 2486
13574 100 2.3 -13456 1830
13750 100 2.3 -13712 2932
13927 100 2.3 -13556 3034
14106 100 2.3 -13196 3008
14288 100 2.3 -13084 2498
14473 100 2.3 -13756 3692
14659 100 2.3 -13380 4588
14848 100 2.3 -13824 4424
15040 100 2.3 -13940 5882
15234 100 2.3 -13944 6646
15430 100 2.3 -13568 6328
15629 100 2.3 -13400 5502
15831 100 2.3 -13688 5514
16035 100 2.3 -13876 5804
16242 100 2.3 -13840 4208
16451 100 2.3 -13092 4084
16664 100 2.3 -13176 4632
16879 100 2.3 -13292 3622
17096 100 2.3 -13380 3000
17317 100 2.3 -14052 4878
17540 100 2.3 -13572 3716
17766 100 2.3 -13236 4218
17995 100 2.3 -13784 5312
18228 100 2.3 -13848 5774
18463 100 2.3 -13588 6018
18701 100 2.3 -14528 6698
18942 100 2.3 -13704 6076
19186 100 2.3 -14168 6018
19434 100 2.3 -14072 5970
19684 100 2.3 -13600 5052
19938 100 2.3 -13564 4932
20195 100 2.3 -13728 4864
20456 100 2.3 -13616 5348
20720 100 2.3 -13740 5118
20987 100 2.3 -13812 6032
21258 100 2.3 -13960 6426
21532 100 2.3 -14148 6380
21810 100 2.3 -13840 6096
22091 100 2.3 -13440 4724
22376 100 2.3 -13660 4104
22664 100 2.3 -13416 3386
22957 100 2.3 -14064 2838
23253 100 2.3 -13792 3552
23553 100 2.3 -13760 3066
23856 100 2.3 -13528 1876
24164 100 2.3 -13636 3588
24476 100 2.3 -13844 4034
24791 100 2.3 -13792 5342
25111 100 2.3 -13668 3884
25435 100 2.3 -13856 4830
25763 100 2.3 -13416 5702
26095 100 2.3 -13500 3330
26432 100 2.3 -13380 -132
26773 100 2.3 -13040 -1312
27118 100 2.3 -13704 -1112
27468 100 2.3 -12940 -1806
27822 100 2.3 -13024 -3554
28181 100 2.3 -13304 -1470
28545 100 2.3 -13908 -2648
28913 100 2.3 -13328 -2630
29286 100 2.3 -13672 -4114
29663 100 2.3 -13448 -3438
30046 100 2.3 -13240 -4288
30434 100 2.3 -13472 -4432
30826 100 2.3 -13436 -4326
31224 100 2.3 -13580 -5200
31626 100 2.3 -13996 -6230
32034 100 2.3 -14612 -7226
32447 100 2.3 -14424 -6780
32866 100 2.3 -13912 -6582
33290 100 2.3 -14260 -6620
33719 100 2.3 -14160 -6416
34154 100 2.3 -13556 -4678
34595 100 2.3 -13104 -3412
35041 100 2.3 -13656 -4530
35493 100 2.3 -13776 -5618
35951 100 2.3 -13708 -5504
36414 100 2.3 -13620 -5302
36884 100 2.3 -13260 -5570
37360 100 2.3 -13380 -2402
37841 100 2.3 -13296 104
38330 100 2.3 -13224 -424
38824 100 2.3 -13176 -994
39325 100 2.3 -13324 -4496
39832 100 2.3 -13752 -4076
40346 100 2.3 -13512 -3468
40866 100 2.3 -13120 -4208
41393 100 2.3 -14004 -6450
41927 100 2.3 -13792 -6600
42468 100 2.3 -13876 -4550
43015 100 2.3 -13692 -5380
43570 100 2.3 -14160 -6586
44132 100 2.3 -13196 -4884
44701 100 2.3 -13908 -5104
45278 100 2.3 -13276 -4660
45862 100 2.3 -13796 -5036
46453 100 2.3 -13676 -4028
47053 100 2.3 -13216 -2484
47660 100 2.3 -13668 -874
48274 100 2.3 -13684 892
48897 100 2.3 -13352 1656
49528 100 2.3 -13600 1958
50166 100 2.3 -13468 2774
50813 100 2.3 -13348 736
51469 100 2.3 -13508 -124
52133 100 2.3 -13284 1602
52805 100 2.3 -12988 2612
53486 100 2.3 -13288 96
54176 100 2.3 -13264 218
54875 100 2.3 -13112 3042
55582 100 2.3 -13664 4734
56299 100 2.3 -13356 3138
57025 100 2.3 -13308 2796
57761 100 2.3 -13532 3318
58506 100 2.3 -13252 3884
59261 100 2.3 -13120 3690
60025 100 2.3 -13620 4668
60799 100 2.3 -13016 2976
61583 100 2.3 -13248 324
62378 100 2.3 -13004 2750
63182 100 2.3 -12896 3816
63997 100 2.3 -13396 -2804
64822 100 2.3 -12788 -1132
65658 100 2.3 -13260 142
66505 100 2.3 -13316 -1588
67363 100 2.3 -13148 -1754
68232 100 2.3 -13840 -4194
69112 100 2.3 -13668 -5852
70003 100 2.3 -13268 -2232
70906 100 2.3 -13060 -2484
71821 100 2.3 -12964 -2862
72747 100 2.3 -13672 -5186
73685 100 2.3 -13592 -4322
74636 100 2.3 -13380 -3910
75599 100 2.3 -13716 -5604
76574 100 2.3 -13476 -3738
77561 100 2.3 -13664 -4684
78562 100 2.3 -13620 -5580
79575 100 2.3 -13376 -4564
80601 100 2.3 -13744 -3386
81641 100 2.3 -13016 -2126
82694 100 2.3 -13564 -3640
83760 100 2.3 -14052 -3438
84841 100 2.3 -12924 -1630
85935 100 2.3 -13088 -1742
87043 100 2.3 -13404 -2218
88166 100 2.3 -13232 -4216
89303 100 2.3 -13516 146
90455 100 2.3 -13412 -4736
91622 100 2.3 -13476 -3530
92803 100 2.3 -13724 -3844
94000 100 2.3 -13312 -3336
95213 100 2.3 -13088 -3500
96441 100 2.3 -13244 -4976
97685 100 2.3 -14092 -6384
98945 100 2.3 -13580 -4162
100221 100 2.3 -13020 -1500
101513 100 2.3 -13780 -2502
102823 100 2.3 -13076 2686
104149 100 2.3 -13880 5818
105492 100 2.3 -13584 4782
106853 100 2.3 -13448 2178
108231 100 2.3 -13024 4600
109627 100 2.3 -13512 4892
111041 100 2.3 -13140 1328
112473 100 2.3 -13392 1762
113924 100 2.3 -13492 2098
115393 100 2.3 -13028 2908
116882 100 2.3 -12816 3834
118389 100 2.3 -13896 2460
119916 100 2.3 -13408 3388
121463 100 2.3 -13680 3522
123029 100 2.3 -13528 4494
124616 100 2.3 -13828 5640
126224 100 2.3 -13668 1954
127852 100 2.3 -13032 -3212
129501 100 2.3 -13368 -2374
131171 100 2.3 -13592 -5932
132863 100 2.3 -14140 -5466
134576 100 2.3 -13448 -3960
136312 100 2.3 -13472 -1400
138070 100 2.3 -13192 1122
139851 100 2.3 -13316 3684
141655 100 2.3 -13420 4688
143482 100 2.3 -13724 1206
145333 100 2.3 -13940 5718
147207 100 2.3 -13316 1412
149106 100 2.3 -12884 -3118
151029 100 2.3 -13400 -5160
152977 100 2.3 -13672 -4168
154950 100 2.3 -13824 -3454
156948 100 2.3 -13332 -4826
158973 100 2.3 -13624 -2126
161023 100 2.3 -13536 -5456
163100 100 2.3 -13468 -5000
165204 100 2.3 -12768 -2202
167334 100 2.3 -13816 -5486
169493 100 2.3 -13480 -3482
171679 100 2.3 -12948 -1548
173893 100 2.3 -13468 1016
176136 100 2.3 -13128 494
178408 100 2.3 -13492 -2070
180709 100 2.3 -13728 -3064
183040 100 2.3 -13460 -2972
185400 100 2.3 -13324 -4386
187792 100 2.3 -13212 -5018
190214 100 2.3 -13704 -4788
192667 100 2.3 -13572 -2572
195152 100 2.3 -13112 1658
197669 100 2.3 -13364 -4258
200219 100 2.3 -13400 -4274
202801 100 2.3 -13420 -1552
205417 100 2.3 -13824 -5838
208066 100 2.3 -13224 -4090
210750 100 2.3 -13412 -4062
213468 100 2.3 -13504 -4632
216222 100 2.3 -13256 -2520
219010 100 2.3 -13492 -1630
221835 100 2.3 -13624 -5812
224696 100 2.3 -13536 -3620
227595 100 2.3 -13924 -4530
230530 100 2.3 -13208 848
233503 100 2.3 -13236 3150
236515 100 2.3 -13600 2754
239566 100 2.3 -13384 3932
242656 100 2.3 -13532 -3748
245785 100 2.3 -13864 -4444
248956 100 2.3 -13004 -2566
252167 100 2.3 -13136 -252
255419 100 2.3 -12872 308
258713 100 2.3 -12832 2136
262050 100 2.3 -13808 5606
265430 100 2.3 -13388 5200
268854 100 2.3 -13472 540
272321 100 2.3 -13380 4064
275834 100 2.3 -13924 5938
279391 100 2.3 -13660 -5004
282995 100 2.3 -14468 -7050
286645 100 2.3 -13348 -1700
290342 100 2.3 -12996 -1272
294087 100 2.3 -13448 -4336
297880 100 2.3 -13460 -2978
301722 100 2.3 -13832 -2294
305614 100 2.3 -12736 -272
309556 100 2.3 -13752 -3740
313548 100 2.3 -14128 2350
317592 100 2.3 -13220 -2710
321689 100 2.3 -13580 -5280
325838 100 2.3 -13012 -1716
330040 100 2.3 -12992 452
334297 100 2.3 -13164 4994
338609 100 2.3 -13856 -5448
342976 100 2.3 -13328 -4794
347400 100 2.3 -12948 842
351881 100 2.3 -13280 1714
356419 100 2.3 -13856 -544
361016 100 2.3 -13512 5322
365673 100 2.3 -12956 4626
370389 100 2.3 -12968 120
375167 100 2.3 -13344 -1720
380005 100 2.3 -14152 -6420
384907 100 2.3 -13820 -6084
389871 100 2.3 -13644 -5450
394900 100 2.3 -13764 -2152
399993 100 2.3 -13528 -5366
405152 100 2.3 -13432 -1454
410378 100 2.3 -13596 -930
415671 100 2.3 -13900 -2004
421032 100 2.3 -13516 -1852
426463 100 2.3 -13896 -4128
431963 100 2.3 -13804 5482
437535 100 2.3 -13516 4516
443178 100 2.3 -13140 3014
448894 100 2.3 -13132 164
454684 100 2.3 -13400 2666
460548 100 2.3 -13484 5970
466489 100 2.3 -13736 5552
472505 100 2.3 -13308 4030
478600 100 2.3 -13424 5028
484773 100 2.3 -13304 2518
491025 100 2.3 -14008 6358
497358 100 2.3 -13472 3778
503773 100 2.3 -13848 4864
510271 100 2.3 -13756 -4930
516852 100 2.3 -13396 -510
523519 100 2.3 -13528 5110
530271 100 2.3 -13316 3086
537111 100 2.3 -14104 6026
544038 100 2.3 -13532 4688
551055 100 2.3 -13884 4022
558163 100 2.3 -13624 4452
565362 100 2.3 -13500 -1104
572654 100 2.3 -13108 3416
580040 100 2.3 -13288 -2794
587521 100 2.3 -13988 -5188
595099 100 2.3 -13744 -4758
602775 100 2.3 -13904 4604
610549 100 2.3 -13320 3782
618424 100 2.3 -13028 1310
626400 100 2.3 -13752 -5866
634480 100 2.3 -13308 -3626
642663 100 2.3 -13364 -3568
650952 100 2.3 -13644 -4610
659348 100 2.3 -13660 -574
667853 100 2.3 -14124 6184
676467 100 2.3 -12836 1172
685192 100 2.3 -13204 -582
694029 100 2.3 -13652 1956
702981 100 2.3 -13296 1120
712048 100 2.3 -13632 2964
721232 100 2.3 -13792 -4616
730534 100 2.3 -13176 2788
739957 100 2.3 -13232 3168
749500 100 2.3 -13412 -3674
759168 100 2.3 -13524 -2928
768959 100 2.3 -13284 -3232
778877 100 2.3 -13040 1102
788923 100 2.3 -13180 2178
799099 100 2.3 -13132 -394
809405 100 2.3 -13652 -3206
819845 100 2.3 -13548 -5704
830419 100 2.3 -13552 -298
841130 100 2.3 -13388 -3788
851979 100 2.3 -12960 2580
862968 100 2.3 -13668 -5884
874098 100 2.3 -13292 -3496
885373 100 2.3 -13624 5700
896792 100 2.3 -13888 -5734
908359 100 2.3 -13568 5012
920075 100 2.3 -13472 2344
931942 100 2.3 -13152 926
943962 100 2.3 -13780 -5358
956137 100 2.3 -13364 -1910
968470 100 2.3 -13120 -2680
980961 100 2.3 -13004 3418
993613 100 2.3 -14312 6318
999999 100 2.3 -13252 -668
