3 100 2.4 -8900 -26
4 100 2.4 -9472 -52
5 100 2.4 -10000 120
6 100 2.4 -10112 134
7 100 2.4 -10600 180
8 100 2.4 -10624 254
9 100 2.4 -10452 326
10 100 2.4 -10608 260
11 100 2.4 -10556 382
12 100 2.4 -10604 338
13 100 2.4 -10972 274
14 100 2.4 -10784 320
15 100 2.4 -10820 150
16 100 2.4 -10856 240
17 100 2.4 -10832 268
18 100 2.4 -11164 256
19 100 2.4 -11092 618
20 100 2.4 -11160 592
21 100 2.4 -11252 436
22 100 2.4 -11220 508
23 100 2.4 -11200 706
24 100 2.4 -11044 720
25 100 2.4 -11320 684
26 100 2.4 -11588 436
27 100 2.4 -11484 376
28 100 2.4 -11428 550
29 100 2.4 -11492 646
30 100 2.4 -11716 594
31 100 2.4 -11664 454
32 100 2.4 -11712 434
33 100 2.4 -11444 468
34 100 2.4 -11804 528
35 100 2.4 -11616 410
36 100 2.4 -11764 300
37 100 2.4 -11704 280
38 100 2.4 -11584 328
39 100 2.4 -11668 306
40 100 2.4 -11692 432
41 100 2.4 -11952 546
42 100 2.4 -11872 512
43 100 2.4 -11596 578
44 100 2.4 -11704 570
45 100 2.4 -11612 594
46 100 2.4 -11632 604
47 100 2.4 -11380 710
48 100 2.4 -11500 754
49 100 2.4 -11608 708
50 100 2.4 -11744 688
51 100 2.4 -11876 624
52 100 2.4 -11792 814
53 100 2.4 -11856 762
54 100 2.4 -11568 804
55 100 2.4 -11640 774
56 100 2.4 -11792 816
57 100 2.4 -11724 956
58 100 2.4 -11856 918
59 100 2.4 -11952 748
60 100 2.4 -11880 794
61 100 2.4 -11788 866
62 100 2.4 -12092 1002
63 100 2.4 -11964 1274
64 100 2.4 -11996 1300
65 100 2.4 -12056 1276
66 100 2.4 -11900 1316
67 100 2.4 -12060 1210
68 100 2.4 -11632 1032
69 100 2.4 -11832 864
70 100 2.4 -11988 770
71 100 2.4 -12244 830
72 100 2.4 -12244 798
73 100 2.4 -12104 794
74 100 2.4 -11948 814
75 100 2.4 -12404 692
76 100 2.4 -12244 620
77 100 2.4 -12292 472
78 100 2.4 -12384 374
79 100 2.4 -12328 332
80 100 2.4 -12352 320
81 100 2.4 -12388 156
82 100 2.4 -12472 240
83 100 2.4 -12376 274
84 100 2.4 -12236 182
85 100 2.4 -12200 6
86 100 2.4 -12268 52
88 100 2.4 -12268 296
89 100 2.4 -11952 156
90 100 2.4 -12016 130
91 100 2.4 -12072 280
92 100 2.4 -12232 198
93 100 2.4 -12040 204
95 100 2.4 -12456 150
96 100 2.4 -12452 292
97 100 2.4 -12712 320
98 100 2.4 -12952 550
99 100 2.4 -12676 664
101 100 2.4 -12328 666
102 100 2.4 -12300 586
103 100 2.4 -12572 546
105 100 2.4 -12372 516
106 100 2.4 -12512 728
107 100 2.4 -12512 740
109 100 2.4 -12560 718
110 100 2.4 -12472 892
112 100 2.4 -12152 660
113 100 2.4 -12108 642
114 100 2.4 -12104 690
116 100 2.4 -12064 596
117 100 2.4 -12044 698
119 100 2.4 -11932 560
120 100 2.4 -11552 540
122 100 2.4 -11816 654
124 100 2.4 -11804 800
125 100 2.4 -11732 530
127 100 2.4 -11776 814
128 100 2.4 -11724 648
130 100 2.4 -11788 710
132 100 2.4 -11992 704
133 100 2.4 -11896 446
135 100 2.4 -12036 386
137 100 2.4 -11916 334
139 100 2.4 -11784 466
140 100 2.4 -11888 568
142 100 2.4 -12044 720
144 100 2.4 -12192 736
146 100 2.4 -12020 876
148 100 2.4 -12072 816
150 100 2.4 -11972 856
152 100 2.4 -11976 814
154 100 2.4 -12216 1094
155 100 2.4 -12172 994
157 100 2.4 -12276 894
160 100 2.4 -12276 728
162 100 2.4 -12344 742
164 100 2.4 -12100 480
166 100 2.4 -12252 574
168 100 2.4 -11992 672
170 100 2.4 -11972 414
172 100 2.4 -12116 288
174 100 2.4 -11972 362
177 100 2.4 -12000 600
179 100 2.4 -12140 448
181 100 2.4 -12020 378
184 100 2.4 -11916 362
186 100 2.4 -11876 452
188 100 2.4 -12020 530
191 100 2.4 -12268 968
193 100 2.4 -12400 1102
196 100 2.4 -12404 1154
198 100 2.4 -12624 1142
201 100 2.4 -12364 1060
203 100 2.4 -12144 1424
206 100 2.4 -12148 1596
209 100 2.4 -11944 1606
211 100 2.4 -12240 1414
214 100 2.4 -12092 1320
217 100 2.4 -12108 1282
220 100 2.4 -12216 1118
222 100 2.4 -11840 970
225 100 2.4 -11760 892
228 100 2.4 -11760 612
231 100 2.4 -11892 466
234 100 2.4 -11908 484
237 100 2.4 -11828 456
240 100 2.4 -12148 686
243 100 2.4 -12000 824
246 100 2.4 -12032 450
250 100 2.4 -12156 570
253 100 2.4 -11948 806
256 100 2.4 -12044 662
259 100 2.4 -12024 770
263 100 2.4 -12204 568
266 100 2.4 -11952 390
269 100 2.4 -11696 776
273 100 2.4 -11860 880
276 100 2.4 -11872 458
280 100 2.4 -12124 496
284 100 2.4 -11772 428
287 100 2.4 -12340 370
291 100 2.4 -12020 294
295 100 2.4 -12208 466
298 100 2.4 -12016 390
302 100 2.4 -12004 416
306 100 2.4 -12076 182
310 100 2.4 -12000 94
314 100 2.4 -11748 -196
318 100 2.4 -12008 -336
322 100 2.4 -12016 -642
326 100 2.4 -12316 -754
331 100 2.4 -11792 -866
335 100 2.4 -11476 -876
339 100 2.4 -11780 -1118
344 100 2.4 -11832 -850
348 100 2.4 -11804 -556
352 100 2.4 -11812 -916
357 100 2.4 -11720 -1198
362 100 2.4 -11920 -1128
366 100 2.4 -11704 -1126
371 100 2.4 -12056 -1422
376 100 2.4 -12300 -1030
381 100 2.4 -12504 -1084
385 100 2.4 -12192 -916
390 100 2.4 -12012 -1054
395 100 2.4 -12288 -1348
401 100 2.4 -12220 -1338
406 100 2.4 -12080 -978
411 100 2.4 -12052 -844
416 100 2.4 -11920 -632
422 100 2.4 -12016 -666
427 100 2.4 -12016 -826
433 100 2.4 -11888 -538
438 100 2.4 -11828 -540
444 100 2.4 -11740 -240
449 100 2.4 -11464 -484
455 100 2.4 -11664 -576
461 100 2.4 -11636 -122
467 100 2.4 -11864 -466
473 100 2.4 -11916 -242
479 100 2.4 -12160 -200
485 100 2.4 -11936 -160
492 100 2.4 -11912 80
498 100 2.4 -11736 84
504 100 2.4 -11928 -134
511 100 2.4 -11896 -182
517 100 2.4 -12144 -428
524 100 2.4 -11648 -476
531 100 2.4 -11768 -1212
538 100 2.4 -11784 -1100
545 100 2.4 -11848 -1096
552 100 2.4 -11804 -1106
559 100 2.4 -12004 -1734
566 100 2.4 -11964 -1526
573 100 2.4 -12308 -1682
581 100 2.4 -12108 -1674
588 100 2.4 -11956 -1604
596 100 2.4 -12188 -1512
603 100 2.4 -12364 -1704
611 100 2.4 -12164 -1438
619 100 2.4 -12176 -1568
627 100 2.4 -12604 -1754
635 100 2.4 -12456 -1686
643 100 2.4 -12452 -1536
652 100 2.4 -12092 -1220
660 100 2.4 -12004 -1060
668 100 2.4 -12220 -1042
677 100 2.4 -11844 -1068
686 100 2.4 -12216 -662
695 100 2.4 -11716 -936
704 100 2.4 -11740 -880
713 100 2.4 -11624 -676
722 100 2.4 -11668 -1242
731 100 2.4 -12008 -1760
741 100 2.4 -11812 -962
750 100 2.4 -12020 -1182
760 100 2.4 -11536 -938
770 100 2.4 -12176 -1030
780 100 2.4 -12276 -1244
790 100 2.4 -12032 -888
800 100 2.4 -12016 -910
810 100 2.4 -12136 -820
821 100 2.4 -11580 -824
831 100 2.4 -12212 -1242
842 100 2.4 -12088 -552
853 100 2.4 -12240 -840
864 100 2.4 -12176 -1064
875 100 2.4 -12456 -330
886 100 2.4 -12176 -848
897 100 2.4 -12312 -470
909 100 2.4 -12380 -514
921 100 2.4 -12436 -614
933 100 2.4 -12272 -564
945 100 2.4 -12280 -564
957 100 2.4 -12132 -56
969 100 2.4 -12128 -210
982 100 2.4 -12296 -754
994 100 2.4 -12224 -878
1007 100 2.4 -12156 -620
1020 100 2.4 -11928 -848
1033 100 2.4 -12268 -768
1047 100 2.4 -11972 -1042
1060 100 2.4 -12044 -958
1074 100 2.4 -12012 -812
1088 100 2.4 -12440 -1468
1102 100 2.4 -12260 -2062
1116 100 2.4 -12356 -1714
1130 100 2.4 -12460 -1872
1145 100 2.4 -11708 -1700
1160 100 2.4 -12216 -1428
1174 100 2.4 -12208 -1358
1190 100 2.4 -12352 -1962
1205 100 2.4 -11860 -2464
1220 100 2.4 -11920 -2360
1236 100 2.4 -11884 -2562
1252 100 2.4 -11908 -2140
1268 100 2.4 -12104 -1868
1285 100 2.4 -12248 -2446
1301 100 2.4 -12244 -2770
1318 100 2.4 -12388 -2770
1335 100 2.4 -12260 -2916
1352 100 2.4 -11780 -2388
1370 100 2.4 -11676 -1624
1387 100 2.4 -12008 -1274
1405 100 2.4 -11684 -2084
1423 100 2.4 -11928 -1440
1442 100 2.4 -12496 -2746
1460 100 2.4 -12348 -2306
1479 100 2.4 -12340 -2522
1498 100 2.4 -12000 -2242
1517 100 2.4 -12024 -2246
1537 100 2.4 -12080 -1590
1557 100 2.4 -11940 -1178
1577 100 2.4 -11356 -1174
1597 100 2.4 -12208 -2132
1618 100 2.4 -11864 -2212
1639 100 2.4 -11880 -1088
1660 100 2.4 -11792 -1940
1681 100 2.4 -12380 -1450
1703 100 2.4 -12164 -1398
1725 100 2.4 -12056 -1530
1747 100 2.4 -11700 -1692
1770 100 2.4 -11796 -1548
1792 100 2.4 -12228 -1660
1816 100 2.4 -12000 -958
1839 100 2.4 -11740 -1420
1863 100 2.4 -11912 -790
1887 100 2.4 -11828 -794
1911 100 2.4 -12616 -464
1936 100 2.4 -11940 -968
1961 100 2.4 -12280 -436
1986 100 2.4 -12440 -498
2012 100 2.4 -12028 -922
2037 100 2.4 -12800 -760
2064 100 2.4 -12244 -922
2090 100 2.4 -12288 -756
2117 100 2.4 -11864 -1448
2145 100 2.4 -12016 -728
2172 100 2.4 -11640 -420
2200 100 2.4 -11500 -318
2229 100 2.4 -12136 -792
2257 100 2.4 -11956 -316
2286 100 2.4 -12000 170
2316 100 2.4 -12208 -182
2346 100 2.4 -12440 -80
2376 100 2.4 -12076 -114
2407 100 2.4 -11464 -608
2438 100 2.4 -12056 -350
2469 100 2.4 -11936 22
2501 100 2.4 -11832 -128
2533 100 2.4 -12164 -222
2566 100 2.4 -12416 -112
2599 100 2.4 -12020 1048
2633 100 2.4 -12268 384
2667 100 2.4 -12388 -346
2701 100 2.4 -12256 -148
2736 100 2.4 -11884 -876
2771 100 2.4 -12032 -922
2807 100 2.4 -11828 -370
2843 100 2.4 -11728 -574
2880 100 2.4 -12188 -1300
2917 100 2.4 -11928 -996
2954 100 2.4 -12452 -1380
2992 100 2.4 -11892 -1354
3031 100 2.4 -12028 -1326
3070 100 2.4 -12320 -1202
3110 100 2.4 -12432 -2024
3150 100 2.4 -12356 -1444
3190 100 2.4 -11796 -894
3232 100 2.4 -11484 -518
3273 100 2.4 -11984 -472
3315 100 2.4 -11836 -116
3358 100 2.4 -11856 144
3402 100 2.4 -12024 -304
3445 100 2.4 -11460 -554
3490 100 2.4 -11760 -1084
3535 100 2.4 -11836 -334
3580 100 2.4 -11668 218
3627 100 2.4 -11872 -182
3673 100 2.4 -12040 -66
3721 100 2.4 -12212 -1000
3769 100 2.4 -12192 -394
3817 100 2.4 -12204 -886
3867 100 2.4 -11812 -804
3916 100 2.4 -11660 -1322
3967 100 2.4 -12120 -2300
4018 100 2.4 -11724 -1312
4070 100 2.4 -11924 -1116
4122 100 2.4 -12076 -2270
4176 100 2.4 -12432 -2398
4229 100 2.4 -11988 -528
4284 100 2.4 -12200 -540
4339 100 2.4 -12212 -642
4395 100 2.4 -12284 -544
4452 100 2.4 -11792 -830
4509 100 2.4 -11604 132
4567 100 2.4 -11612 664
4626 100 2.4 -11884 1064
4686 100 2.4 -11716 1118
4746 100 2.4 -12292 2034
4808 100 2.4 -12444 2678
4870 100 2.4 -11988 2068
4932 100 2.4 -12404 2840
4996 100 2.4 -12020 1772
5060 100 2.4 -11972 2394
5126 100 2.4 -12168 2936
5192 100 2.4 -12040 3360
5259 100 2.4 -12264 3678
5327 100 2.4 -12392 3128
5395 100 2.4 -11904 1756
5465 100 2.4 -11792 1018
5535 100 2.4 -12320 1112
5607 100 2.4 -12144 1482
5679 100 2.4 -12256 1370
5752 100 2.4 -12160 1168
5826 100 2.4 -12412 1892
5902 100 2.4 -12188 -330
5978 100 2.4 -12172 124
6055 100 2.4 -11956 768
6133 100 2.4 -12260 800
6212 100 2.4 -11864 962
6292 100 2.4 -11780 -756
6373 100 2.4 -11836 -306
6455 100 2.4 -11708 242
6539 100 2.4 -12080 170
6623 100 2.4 -12500 -176
6708 100 2.4 -12324 -896
6795 100 2.4 -11796 318
6883 100 2.4 -11880 -148
6971 100 2.4 -11596 -1228
7061 100 2.4 -12376 108
7152 100 2.4 -11768 -256
7245 100 2.4 -11688 -1020
7338 100 2.4 -12128 -1268
7433 100 2.4 -12116 -954
7529 100 2.4 -11784 -1388
7626 100 2.4 -12332 -1062
7724 100 2.4 -12372 -954
7824 100 2.4 -12240 -1610
7925 100 2.4 -11932 -1362
8027 100 2.4 -12208 -252
8130 100 2.4 -12120 1740
8235 100 2.4 -12012 1242
8341 100 2.4 -12112 -362
8449 100 2.4 -12136 134
8558 100 2.4 -12164 -754
8668 100 2.4 -11520 -660
8780 100 2.4 -11544 510
8893 100 2.4 -12276 -208
9008 100 2.4 -11804 816
9124 100 2.4 -11768 -50
9242 100 2.4 -12124 516
9361 100 2.4 -11088 -230
9482 100 2.4 -12460 -788
9604 100 2.4 -12120 506
9728 100 2.4 -12136 786
9853 100 2.4 -11588 996
9980 100 2.4 -12064 758
10109 100 2.4 -12244 1976
10240 100 2.4 -11496 998
10372 100 2.4 -12320 818
10505 100 2.4 -11932 82
10641 100 2.4 -11944 -322
10778 100 2.4 -12424 -1156
10917 100 2.4 -12212 -1696
11058 100 2.4 -12372 -2950
11201 100 2.4 -12400 -3698
11345 100 2.4 -12316 -3246
11491 100 2.4 -11656 -2322
11640 100 2.4 -11956 -1322
11790 100 2.4 -12268 -2460
11942 100 2.4 -12288 -1568
12096 100 2.4 -12224 -1350
12252 100 2.4 -11652 -778
12410 100 2.4 -12040 -258
12570 100 2.4 -12096 906
12732 100 2.4 -12164 152
12896 100 2.4 -12008 -94
13062 100 2.4 -12168 756
13231 100 2.4 -12384 364
13402 100 2.4 -12548 1762
13574 100 2.4 -12500 1262
13750 100 2.4 -11872 238
13927 100 2.4 -12552 -708
14106 100 2.4 -11744 -724
14288 100 2.4 -11584 708
14473 100 2.4 -12068 48
14659 100 2.4 -12120 374
14848 100 2.4 -12228 496
15040 100 2.4 -12528 -1384
15234 100 2.4 -12064 -986
15430 100 2.4 -12240 -506
15629 100 2.4 -12224 -1984
15831 100 2.4 -12276 -1678
16035 100 2.4 -12184 -392
16242 100 2.4 -12168 -784
16451 100 2.4 -11744 438
16664 100 2.4 -11916 -700
16879 100 2.4 -12464 -1350
17096 100 2.4 -12172 -792
17317 100 2.4 -12316 -246
17540 100 2.4 -12060 312
17766 100 2.4 -12384 2020
17995 100 2.4 -11808 1644
18228 100 2.4 -12012 1382
18463 100 2.4 -12060 1012
18701 100 2.4 -12516 -966
18942 100 2.4 -11784 1986
19186 100 2.4 -11856 254
19434 100 2.4 -11824 -508
19684 100 2.4 -12280 -2314
19938 100 2.4 -12320 248
20195 100 2.4 -11960 -302
20456 100 2.4 -12016 -746
20720 100 2.4 -12160 -50
20987 100 2.4 -12340 730
21258 100 2.4 -11860 -746
21532 100 2.4 -12560 -672
21810 100 2.4 -11800 -60
22091 100 2.4 -11756 -868
22376 100 2.4 -11876 -556
22664 100 2.4 -12308 -2936
22957 100 2.4 -12212 -3328
23253 100 2.4 -12156 -2262
23553 100 2.4 -11804 -2160
23856 100 2.4 -12076 1374
24164 100 2.4 -12384 -198
24476 100 2.4 -12064 932
24791 100 2.4 -12256 1708
25111 100 2.4 -11876 -636
25435 100 2.4 -11932 -660
25763 100 2.4 -12112 -1474
26095 100 2.4 -12168 -1538
26432 100 2.4 -12076 170
26773 100 2.4 -12092 1872
27118 100 2.4 -12296 -136
27468 100 2.4 -12256 816
27822 100 2.4 -11784 1152
28181 100 2.4 -12096 1762
28545 100 2.4 -12028 2162
28913 100 2.4 -11924 266
29286 100 2.4 -12112 1534
29663 100 2.4 -12132 1426
30046 100 2.4 -12100 938
30434 100 2.4 -11624 -1530
30826 100 2.4 -11972 -1242
31224 100 2.4 -11952 -512
31626 100 2.4 -11928 1650
32034 100 2.4 -12296 1638
32447 100 2.4 -12208 2522
32866 100 2.4 -12024 802
33290 100 2.4 -12188 2150
33719 100 2.4 -11952 -390
34154 100 2.4 -12368 406
34595 100 2.4 -11816 1018
35041 100 2.4 -12340 -2170
35493 100 2.4 -11816 -1262
35951 100 2.4 -12816 1986
36414 100 2.4 -12064 -756
36884 100 2.4 -11732 -1492
37360 100 2.4 -12064 -4
37841 100 2.4 -11804 140
38330 100 2.4 -11668 -1004
38824 100 2.4 -12184 26
39325 100 2.4 -11912 312
39832 100 2.4 -12320 -890
40346 100 2.4 -12104 -930
40866 100 2.4 -11968 -1204
41393 100 2.4 -12068 220
41927 100 2.4 -12036 890
42468 100 2.4 -11840 540
43015 100 2.4 -12308 968
43570 100 2.4 -12176 -64
44132 100 2.4 -11984 -778
44701 100 2.4 -12088 -1040
45278 100 2.4 -11720 176
45862 100 2.4 -11704 418
46453 100 2.4 -11552 910
47053 100 2.4 -12252 1146
47660 100 2.4 -12092 -760
48274 100 2.4 -12036 -2044
48897 100 2.4 -11944 -1436
49528 100 2.4 -12104 792
50166 100 2.4 -12296 1902
50813 100 2.4 -12032 1180
51469 100 2.4 -11968 -502
52133 100 2.4 -12104 -1230
52805 100 2.4 -11772 -524
53486 100 2.4 -12016 38
54176 100 2.4 -12308 -1038
54875 100 2.4 -11988 1110
55582 100 2.4 -12168 -2676
56299 100 2.4 -12532 -1720
57025 100 2.4 -12412 -2296
57761 100 2.4 -12252 -3658
58506 100 2.4 -12100 574
59261 100 2.4 -12004 -1376
60025 100 2.4 -12408 -712
60799 100 2.4 -12468 2110
61583 100 2.4 -12496 1746
62378 100 2.4 -11944 16
63182 100 2.4 -12408 -772
63997 100 2.4 -11816 676
64822 100 2.4 -11640 -988
65658 100 2.4 -12056 464
66505 100 2.4 -11668 1960
67363 100 2.4 -11976 1616
68232 100 2.4 -12208 -2812
69112 100 2.4 -12548 1480
70003 100 2.4 -12216 -694
70906 100 2.4 -12040 334
71821 100 2.4 -11976 1408
72747 100 2.4 -11964 672
73685 100 2.4 -12400 -620
74636 100 2.4 -12356 -1078
75599 100 2.4 -12296 -702
76574 100 2.4 -12208 196
77561 100 2.4 -11868 1496
78562 100 2.4 -11804 1214
79575 100 2.4 -11688 1040
80601 100 2.4 -11652 -2310
81641 100 2.4 -12036 74
82694 100 2.4 -12216 358
83760 100 2.4 -12140 -1198
84841 100 2.4 -11780 -190
85935 100 2.4 -11904 376
87043 100 2.4 -11736 1000
88166 100 2.4 -12352 1168
89303 100 2.4 -12100 2018
90455 100 2.4 -11828 1046
91622 100 2.4 -11952 -2332
92803 100 2.4 -11916 -1012
94000 100 2.4 -11476 -1208
95213 100 2.4 -11424 -330
96441 100 2.4 -11964 1312
97685 100 2.4 -11944 1262
98945 100 2.4 -12444 2006
100221 100 2.4 -11440 10
101513 100 2.4 -11832 1328
102823 100 2.4 -11676 1234
104149 100 2.4 -11964 1218
105492 100 2.4 -12476 -1034
106853 100 2.4 -12200 180
108231 100 2.4 -12448 3136
109627 100 2.4 -12116 774
111041 100 2.4 -11956 -210
112473 100 2.4 -11872 762
113924 100 2.4 -12056 1166
115393 100 2.4 -11664 -216
116882 100 2.4 -11848 -528
118389 100 2.4 -11736 446
119916 100 2.4 -11692 786
121463 100 2.4 -12404 -2414
123029 100 2.4 -12180 -128
124616 100 2.4 -11748 1140
126224 100 2.4 -12396 -726
127852 100 2.4 -12032 1040
129501 100 2.4 -12376 -518
131171 100 2.4 -11792 -34
132863 100 2.4 -11988 530
134576 100 2.4 -12076 -1090
136312 100 2.4 -12396 2824
138070 100 2.4 -12352 2176
139851 100 2.4 -12096 1942
141655 100 2.4 -11824 -1122
143482 100 2.4 -12052 218
145333 100 2.4 -11956 402
147207 100 2.4 -12196 1890
149106 100 2.4 -11816 -440
151029 100 2.4 -12200 -584
152977 100 2.4 -12328 -66
154950 100 2.4 -11864 1248
156948 100 2.4 -12012 -1468
158973 100 2.4 -11672 -720
161023 100 2.4 -11964 206
163100 100 2.4 -12172 1998
165204 100 2.4 -11860 -862
167334 100 2.4 -12400 1554
169493 100 2.4 -12220 464
171679 100 2.4 -12140 1186
173893 100 2.4 -11924 926
176136 100 2.4 -11748 -364
178408 100 2.4 -12172 466
180709 100 2.4 -12316 1616
183040 100 2.4 -12092 248
185400 100 2.4 -11936 -436
187792 100 2.4 -12064 -42
190214 100 2.4 -11672 -634
192667 100 2.4 -12124 1594
195152 100 2.4 -12404 -1568
197669 100 2.4 -11816 -548
200219 100 2.4 -11940 1244
202801 100 2.4 -11912 1582
205417 100 2.4 -11388 -168
208066 100 2.4 -12080 -2356
210750 100 2.4 -11676 -846
213468 100 2.4 -11644 446
216222 100 2.4 -11812 772
219010 100 2.4 -11904 -464
221835 100 2.4 -11608 -804
224696 100 2.4 -12060 1246
227595 100 2.4 -12272 -1054
230530 100 2.4 -11720 -570
233503 100 2.4 -12064 528
236515 100 2.4 -12236 -1328
239566 100 2.4 -11448 -12
242656 100 2.4 -12036 718
245785 100 2.4 -12056 -654
248956 100 2.4 -12040 1336
252167 100 2.4 -12128 1388
255419 100 2.4 -11880 212
258713 100 2.4 -12124 2724
262050 100 2.4 -12324 340
265430 100 2.4 -11620 1020
268854 100 2.4 -11748 -806
272321 100 2.4 -12044 -508
275834 100 2.4 -11996 -480
279391 100 2.4 -11712 -130
282995 100 2.4 -12236 -782
286645 100 2.4 -12220 -1806
290342 100 2.4 -12268 884
294087 100 2.4 -12188 -1494
297880 100 2.4 -12156 2056
301722 100 2.4 -12080 -1498
305614 100 2.4 -11496 -332
309556 100 2.4 -11636 -122
313548 100 2.4 -11796 508
317592 100 2.4 -11628 -690
321689 100 2.4 -11800 -38
325838 100 2.4 -11844 1900
330040 100 2.4 -12684 -956
334297 100 2.4 -12056 -124
338609 100 2.4 -12228 -1324
342976 100 2.4 -11912 -532
347400 100 2.4 -11992 534
351881 100 2.4 -12248 1194
356419 100 2.4 -11860 -1880
361016 100 2.4 -12172 316
365673 100 2.4 -12360 136
370389 100 2.4 -11936 314
375167 100 2.4 -12060 -2878
380005 100 2.4 -12164 872
384907 100 2.4 -12236 -1222
389871 100 2.4 -11872 -1078
394900 100 2.4 -12004 -1166
399993 100 2.4 -11948 -1240
405152 100 2.4 -12048 232
410378 100 2.4 -12460 -2006
415671 100 2.4 -11852 18
421032 100 2.4 -12268 1006
426463 100 2.4 -12100 710
431963 100 2.4 -11896 -212
437535 100 2.4 -11988 1032
443178 100 2.4 -12244 -334
448894 100 2.4 -12184 -2122
454684 100 2.4 -11940 1408
460548 100 2.4 -12116 -1432
466489 100 2.4 -11772 -704
472505 100 2.4 -11932 -540
478600 100 2.4 -12368 -748
484773 100 2.4 -11748 -326
491025 100 2.4 -12264 1778
497358 100 2.4 -12044 -390
503773 100 2.4 -11720 -292
510271 100 2.4 -11956 -284
516852 100 2.4 -11780 -108
523519 100 2.4 -12132 -2318
530271 100 2.4 -11996 666
537111 100 2.4 -11548 44
544038 100 2.4 -12316 526
551055 100 2.4 -12128 110
558163 100 2.4 -11816 1412
565362 100 2.4 -12044 -590
572654 100 2.4 -12024 258
580040 100 2.4 -12124 46
587521 100 2.4 -11776 -1696
595099 100 2.4 -11692 1184
602775 100 2.4 -12216 -1086
610549 100 2.4 -12116 -276
618424 100 2.4 -12180 912
626400 100 2.4 -12100 -534
634480 100 2.4 -11852 842
642663 100 2.4 -12280 -1428
650952 100 2.4 -12024 -126
659348 100 2.4 -11988 452
667853 100 2.4 -11960 -940
676467 100 2.4 -12092 1994
685192 100 2.4 -11496 -692
694029 100 2.4 -12012 1908
702981 100 2.4 -12272 3356
712048 100 2.4 -12616 1968
721232 100 2.4 -11992 -828
730534 100 2.4 -11892 796
739957 100 2.4 -11644 702
749500 100 2.4 -11724 856
759168 100 2.4 -11972 524
768959 100 2.4 -11832 -430
778877 100 2.4 -11872 472
788923 100 2.4 -11776 -10
799099 100 2.4 -12264 -102
809405 100 2.4 -11756 224
819845 100 2.4 -11820 -1788
830419 100 2.4 -11536 -654
841130 100 2.4 -12052 -1746
851979 100 2.4 -11888 892
862968 100 2.4 -12452 2578
874098 100 2.4 -12280 724
885373 100 2.4 -11988 638
896792 100 2.4 -11952 -1920
908359 100 2.4 -12292 24
920075 100 2.4 -12492 -1234
931942 100 2.4 -12308 -1190
943962 100 2.4 -11720 360
956137 100 2.4 -12160 828
968470 100 2.4 -11636 484
980961 100 2.4 -12136 -62
993613 100 2.4 -12404 660
999999 100 2.4 -12692 -646
