3 60 2.1 -3704 194
4 60 2.1 -3988 194
5 60 2.1 -4016 178
6 60 2.1 -4244 140
7 60 2.1 -4256 182
8 60 2.1 -4320 222
9 60 2.1 -4508 218
10 60 2.1 -4500 284
11 60 2.1 -4392 210
12 60 2.1 -4588 282
13 60 2.1 -4648 440
14 60 2.1 -4680 488
15 60 2.1 -4844 486
16 60 2.1 -4872 474
17 60 2.1 -4828 500
18 60 2.1 -4916 442
19 60 2.1 -4916 500
20 60 2.1 -4956 538
21 60 2.1 -5004 598
22 60 2.1 -5076 646
23 60 2.1 -5156 634
24 60 2.1 -5128 672
25 60 2.1 -5044 622
26 60 2.1 -5100 652
27 60 2.1 -5100 582
28 60 2.1 -5092 436
29 60 2.1 -5064 472
30 60 2.1 -5072 494
31 60 2.1 -5212 480
32 60 2.1 -5240 652
33 60 2.1 -5324 562
34 60 2.1 -5300 634
35 60 2.1 -5224 482
36 60 2.1 -5232 572
37 60 2.1 -5300 534
38 60 2.1 -5168 516
39 60 2.1 -5244 508
40 60 2.1 -5320 562
41 60 2.1 -5292 546
42 60 2.1 -5224 546
43 60 2.1 -5296 616
44 60 2.1 -5308 650
45 60 2.1 -5328 598
46 60 2.1 -5212 684
47 60 2.1 -5212 662
48 60 2.1 -5220 630
49 60 2.1 -5144 588
50 60 2.1 -5272 592
51 60 2.1 -5200 570
52 60 2.1 -5072 578
53 60 2.1 -5228 634
54 60 2.1 -5332 672
55 60 2.1 -5372 614
56 60 2.1 -5388 554
57 60 2.1 -5280 518
58 60 2.1 -5416 500
59 60 2.1 -5484 548
60 60 2.1 -5400 626
61 60 2.1 -5320 512
62 60 2.1 -5364 540
63 60 2.1 -5328 616
64 60 2.1 -5328 592
65 60 2.1 -5356 640
66 60 2.1 -5380 610
67 60 2.1 -5404 552
68 60 2.1 -5308 542
69 60 2.1 -5224 500
70 60 2.1 -5220 478
71 60 2.1 -5232 502
72 60 2.1 -5248 498
73 60 2.1 -5228 574
74 60 2.1 -5132 498
75 60 2.1 -5156 380
76 60 2.1 -5224 362
77 60 2.1 -5068 406
78 60 2.1 -5224 378
79 60 2.1 -5240 342
80 60 2.1 -5124 358
81 60 2.1 -5260 346
82 60 2.1 -5220 340
83 60 2.1 -5264 366
84 60 2.1 -5292 282
85 60 2.1 -5168 354
86 60 2.1 -5184 286
88 60 2.1 -5104 208
89 60 2.1 -5088 106
90 60 2.1 -5120 6
91 60 2.1 -5144 -52
92 60 2.1 -5152 -72
93 60 2.1 -4956 -50
95 60 2.1 -5204 -104
96 60 2.1 -5120 -74
97 60 2.1 -5188 -96
98 60 2.1 -5172 -128
99 60 2.1 -5180 -110
101 60 2.1 -5176 -84
102 60 2.1 -5220 -32
103 60 2.1 -5192 -116
105 60 2.1 -5172 -36
106 60 2.1 -5140 12
107 60 2.1 -5120 150
109 60 2.1 -5184 70
110 60 2.1 -5068 26
112 60 2.1 -5080 24
113 60 2.1 -5204 124
114 60 2.1 -5244 66
116 60 2.1 -5200 60
117 60 2.1 -5188 -76
119 60 2.1 -5084 88
120 60 2.1 -5168 96
122 60 2.1 -5336 110
124 60 2.1 -5264 68
125 60 2.1 -5444 30
127 60 2.1 -5432 96
128 60 2.1 -5268 84
130 60 2.1 -5424 22
132 60 2.1 -5360 72
133 60 2.1 -5384 90
135 60 2.1 -5392 -2
137 60 2.1 -5416 36
139 60 2.1 -5440 6
140 60 2.1 -5468 36
142 60 2.1 -5328 34
144 60 2.1 -5308 -8
146 60 2.1 -5432 -40
148 60 2.1 -5496 30
150 60 2.1 -5548 56
152 60 2.1 -5544 -22
154 60 2.1 -5464 -28
155 60 2.1 -5384 -40
157 60 2.1 -5560 -78
160 60 2.1 -5348 -156
162 60 2.1 -5260 -260
164 60 2.1 -5312 -154
166 60 2.1 -5348 -122
168 60 2.1 -5212 -50
170 60 2.1 -5288 -30
172 60 2.1 -5168 6
174 60 2.1 -5264 -8
177 60 2.1 -5148 106
179 60 2.1 -5168 90
181 60 2.1 -5276 78
184 60 2.1 -5184 302
186 60 2.1 -5148 302
188 60 2.1 -5156 248
191 60 2.1 -5160 332
193 60 2.1 -5220 312
196 60 2.1 -5212 288
198 60 2.1 -5332 296
201 60 2.1 -5140 312
203 60 2.1 -5336 378
206 60 2.1 -5320 468
209 60 2.1 -5440 438
211 60 2.1 -5336 452
214 60 2.1 -5272 374
217 60 2.1 -5132 356
220 60 2.1 -5236 314
222 60 2.1 -5256 392
225 60 2.1 -5300 380
228 60 2.1 -5284 446
231 60 2.1 -5188 492
234 60 2.1 -5056 510
237 60 2.1 -5220 590
240 60 2.1 -5300 698
243 60 2.1 -5272 552
246 60 2.1 -5444 598
250 60 2.1 -5408 626
253 60 2.1 -5260 488
256 60 2.1 -5240 566
259 60 2.1 -5360 400
263 60 2.1 -5464 372
266 60 2.1 -5484 372
269 60 2.1 -5392 354
273 60 2.1 -5192 372
276 60 2.1 -5356 526
280 60 2.1 -5288 458
284 60 2.1 -5268 430
287 60 2.1 -5252 394
291 60 2.1 -5276 506
295 60 2.1 -5296 518
298 60 2.1 -5492 590
302 60 2.1 -5348 478
306 60 2.1 -5476 498
310 60 2.1 -5356 408
314 60 2.1 -5452 434
318 60 2.1 -5468 588
322 60 2.1 -5448 692
326 60 2.1 -5440 716
331 60 2.1 -5380 662
335 60 2.1 -5376 726
339 60 2.1 -5540 566
344 60 2.1 -5532 756
348 60 2.1 -5616 670
352 60 2.1 -5560 658
357 60 2.1 -5636 614
362 60 2.1 -5464 604
366 60 2.1 -5544 550
371 60 2.1 -5468 564
376 60 2.1 -5692 564
381 60 2.1 -5352 704
385 60 2.1 -5440 688
390 60 2.1 -5336 824
395 60 2.1 -5380 774
401 60 2.1 -5672 782
406 60 2.1 -5616 734
411 60 2.1 -5460 718
416 60 2.1 -5464 766
422 60 2.1 -5660 754
427 60 2.1 -5588 730
433 60 2.1 -5504 682
438 60 2.1 -5532 680
444 60 2.1 -5728 742
449 60 2.1 -5448 612
455 60 2.1 -5460 728
461 60 2.1 -5468 590
467 60 2.1 -5412 682
473 60 2.1 -5680 696
479 60 2.1 -5608 642
485 60 2.1 -5520 574
492 60 2.1 -5864 498
498 60 2.1 -5660 524
504 60 2.1 -5648 352
511 60 2.1 -5536 278
517 60 2.1 -5704 134
524 60 2.1 -5664 124
531 60 2.1 -5528 114
538 60 2.1 -5584 22
545 60 2.1 -5464 58
552 60 2.1 -5512 6
559 60 2.1 -5356 -64
566 60 2.1 -5276 -104
573 60 2.1 -5496 -44
581 60 2.1 -5532 24
588 60 2.1 -5416 172
596 60 2.1 -5568 140
603 60 2.1 -5672 248
611 60 2.1 -5532 134
619 60 2.1 -5612 298
627 60 2.1 -5536 190
635 60 2.1 -5704 328
643 60 2.1 -5804 342
652 60 2.1 -5516 112
660 60 2.1 -5656 96
668 60 2.1 -5472 142
677 60 2.1 -5516 234
686 60 2.1 -5408 306
695 60 2.1 -5492 396
704 60 2.1 -5512 534
713 60 2.1 -5516 576
722 60 2.1 -5400 556
731 60 2.1 -5508 518
741 60 2.1 -5572 796
750 60 2.1 -5480 916
760 60 2.1 -5476 1122
770 60 2.1 -5428 1076
780 60 2.1 -5532 982
790 60 2.1 -5692 906
800 60 2.1 -5496 926
810 60 2.1 -5728 1070
821 60 2.1 -5568 1058
831 60 2.1 -5456 974
842 60 2.1 -5576 870
853 60 2.1 -5672 980
864 60 2.1 -5576 862
875 60 2.1 -5712 984
886 60 2.1 -5704 1070
897 60 2.1 -5608 1010
909 60 2.1 -5664 1086
921 60 2.1 -5636 1174
933 60 2.1 -5608 1236
945 60 2.1 -5732 1322
957 60 2.1 -5512 1136
969 60 2.1 -5488 1068
982 60 2.1 -5704 1078
994 60 2.1 -5548 958
1007 60 2.1 -5700 1006
1020 60 2.1 -5524 960
1033 60 2.1 -5512 1066
1047 60 2.1 -5748 1370
1060 60 2.1 -5572 1156
1074 60 2.1 -5548 1020
1088 60 2.1 -5748 1094
1102 60 2.1 -5648 1212
1116 60 2.1 -5568 1292
1130 60 2.1 -5620 1472
1145 60 2.1 -5592 1630
1160 60 2.1 -5580 1644
1174 60 2.1 -5488 1826
1190 60 2.1 -5464 1820
1205 60 2.1 -5624 1770
1220 60 2.1 -5712 1686
1236 60 2.1 -5916 1876
1252 60 2.1 -5552 1744
1268 60 2.1 -5608 1760
1285 60 2.1 -5684 2114
1301 60 2.1 -5644 2020
1318 60 2.1 -5832 2258
1335 60 2.1 -5568 2178
1352 60 2.1 -5684 2380
1370 60 2.1 -5868 2404
1387 60 2.1 -5704 2490
1405 60 2.1 -5824 2748
1423 60 2.1 -5688 2786
1442 60 2.1 -5896 2934
1460 60 2.1 -5884 2922
1479 60 2.1 -5756 2906
1498 60 2.1 -5996 3052
1517 60 2.1 -6000 2972
1537 60 2.1 -5724 2986
1557 60 2.1 -5972 3148
1577 60 2.1 -5988 3128
1597 60 2.1 -5932 3102
1618 60 2.1 -6040 3216
1639 60 2.1 -5956 3100
1660 60 2.1 -5980 3182
1681 60 2.1 -6188 3224
1703 60 2.1 -6084 3126
1725 60 2.1 -5888 3080
1747 60 2.1 -6160 3226
1770 60 2.1 -6064 3212
1792 60 2.1 -5972 3118
1816 60 2.1 -5796 2950
1839 60 2.1 -5868 3016
1863 60 2.1 -6276 3278
1887 60 2.1 -6112 3152
1911 60 2.1 -6172 3106
1936 60 2.1 -5896 3094
1961 60 2.1 -5752 2980
1986 60 2.1 -5948 3116
2012 60 2.1 -6028 3200
2037 60 2.1 -6096 3200
2064 60 2.1 -6052 3192
2090 60 2.1 -5940 3148
2117 60 2.1 -6000 3142
2145 60 2.1 -6036 3174
2172 60 2.1 -5960 3104
2200 60 2.1 -5752 2986
2229 60 2.1 -5792 3062
2257 60 2.1 -6132 3202
2286 60 2.1 -6140 3214
2316 60 2.1 -5864 3096
2346 60 2.1 -5988 3136
2376 60 2.1 -5932 3120
2407 60 2.1 -5796 2966
2438 60 2.1 -6268 3258
2469 60 2.1 -5984 3026
2501 60 2.1 -5812 3026
2533 60 2.1 -5952 3026
2566 60 2.1 -5916 3080
2599 60 2.1 -5768 3088
2633 60 2.1 -5964 3104
2667 60 2.1 -5876 3066
2701 60 2.1 -6140 3178
2736 60 2.1 -5828 3084
2771 60 2.1 -5924 3096
2807 60 2.1 -5988 3092
2843 60 2.1 -5904 3118
2880 60 2.1 -5992 3128
2917 60 2.1 -5872 3118
2954 60 2.1 -5944 3128
2992 60 2.1 -5856 3080
3031 60 2.1 -6380 3328
3070 60 2.1 -6196 3250
3110 60 2.1 -5988 3160
3150 60 2.1 -6096 3216
3190 60 2.1 -6056 3162
3232 60 2.1 -5824 3052
3273 60 2.1 -5956 3136
3315 60 2.1 -6172 3232
3358 60 2.1 -5884 3048
3402 60 2.1 -5968 3138
3445 60 2.1 -5916 3140
3490 60 2.1 -5876 3000
3535 60 2.1 -6180 3160
3580 60 2.1 -6124 3272
3627 60 2.1 -6032 3126
3673 60 2.1 -5840 2862
3721 60 2.1 -6004 3002
3769 60 2.1 -5848 3114
3817 60 2.1 -5964 3100
3867 60 2.1 -5984 3116
3916 60 2.1 -6052 3190
3967 60 2.1 -5912 3048
4018 60 2.1 -6032 3106
4070 60 2.1 -5832 3076
4122 60 2.1 -6160 3274
4176 60 2.1 -6020 3168
4229 60 2.1 -5928 3126
4284 60 2.1 -5928 3096
4339 60 2.1 -5932 3128
4395 60 2.1 -5872 3130
4452 60 2.1 -6000 3130
4509 60 2.1 -5828 2980
4567 60 2.1 -5904 3110
4626 60 2.1 -5940 3060
4686 60 2.1 -5716 3004
4746 60 2.1 -5768 3072
4808 60 2.1 -5836 3056
4870 60 2.1 -6060 3190
4932 60 2.1 -6076 3210
4996 60 2.1 -6192 3250
5060 60 2.1 -6252 3286
5126 60 2.1 -6080 3192
5192 60 2.1 -5980 3086
5259 60 2.1 -5944 3162
5327 60 2.1 -5892 3070
5395 60 2.1 -6040 3152
5465 60 2.1 -5916 3064
5535 60 2.1 -6092 3180
5607 60 2.1 -5968 3158
5679 60 2.1 -6068 3128
5752 60 2.1 -6112 3212
5826 60 2.1 -6148 3246
5902 60 2.1 -5888 3086
5978 60 2.1 -6108 3214
6055 60 2.1 -5968 3106
6133 60 2.1 -5968 3076
6212 60 2.1 -5844 3090
6292 60 2.1 -6040 3190
6373 60 2.1 -5980 3100
6455 60 2.1 -5904 3002
6539 60 2.1 -6036 3174
6623 60 2.1 -5780 3066
6708 60 2.1 -6104 3216
6795 60 2.1 -6048 3138
6883 60 2.1 -6048 3166
6971 60 2.1 -6000 3174
7061 60 2.1 -6260 3216
7152 60 2.1 -6132 3244
7245 60 2.1 -5788 3050
7338 60 2.1 -6020 3162
7433 60 2.1 -5884 3102
7529 60 2.1 -6152 3150
7626 60 2.1 -5984 3144
7724 60 2.1 -5896 3120
7824 60 2.1 -6132 3232
7925 60 2.1 -6144 3220
8027 60 2.1 -5960 3080
8130 60 2.1 -6104 3082
8235 60 2.1 -6052 3226
8341 60 2.1 -5800 3030
8449 60 2.1 -6016 3164
8558 60 2.1 -5856 3082
8668 60 2.1 -5948 3140
8780 60 2.1 -5988 3154
8893 60 2.1 -5968 3152
9008 60 2.1 -6060 3146
9124 60 2.1 -6208 3234
9242 60 2.1 -5780 3032
9361 60 2.1 -6216 3258
9482 60 2.1 -6084 3178
9604 60 2.1 -6264 3284
9728 60 2.1 -6032 3128
9853 60 2.1 -5972 3152
9980 60 2.1 -6064 3222
10109 60 2.1 -5860 3026
10240 60 2.1 -6060 3126
10372 60 2.1 -5988 3168
10505 60 2.1 -6032 3100
10641 60 2.1 -5852 3154
10778 60 2.1 -5996 3138
10917 60 2.1 -6124 3058
11058 60 2.1 -6104 3206
11201 60 2.1 -6132 3182
11345 60 2.1 -6012 3134
11491 60 2.1 -5892 3090
11640 60 2.1 -5952 3082
11790 60 2.1 -5804 3024
11942 60 2.1 -5900 2942
12096 60 2.1 -6056 3168
12252 60 2.1 -6064 3156
12410 60 2.1 -6016 3172
12570 60 2.1 -5956 3162
12732 60 2.1 -6072 3114
12896 60 2.1 -6060 3152
13062 60 2.1 -5932 3092
13231 60 2.1 -5992 3170
13402 60 2.1 -5952 3148
13574 60 2.1 -5964 3120
13750 60 2.1 -5908 3134
13927 60 2.1 -6048 3126
14106 60 2.1 -6116 3214
14288 60 2.1 -6032 3182
14473 60 2.1 -6124 3192
14659 60 2.1 -5884 3126
14848 60 2.1 -6048 3172
15040 60 2.1 -6188 3244
15234 60 2.1 -5852 3044
15430 60 2.1 -5968 3116
15629 60 2.1 -5924 3066
15831 60 2.1 -5848 3048
16035 60 2.1 -6104 3168
16242 60 2.1 -6100 3218
16451 60 2.1 -6040 3166
16664 60 2.1 -6020 3146
16879 60 2.1 -5632 2962
17096 60 2.1 -6348 3264
17317 60 2.1 -5924 3118
17540 60 2.1 -5908 3144
17766 60 2.1 -6052 3190
17995 60 2.1 -5752 3054
18228 60 2.1 -5740 3048
18463 60 2.1 -5824 3046
18701 60 2.1 -6040 3124
18942 60 2.1 -6040 3200
19186 60 2.1 -5972 3136
19434 60 2.1 -6148 3244
19684 60 2.1 -5952 3074
19938 60 2.1 -5864 3122
20195 60 2.1 -5976 3100
20456 60 2.1 -6032 3220
20720 60 2.1 -6016 3176
20987 60 2.1 -6044 3126
21258 60 2.1 -5776 2982
21532 60 2.1 -6032 3200
21810 60 2.1 -6224 3286
22091 60 2.1 -5948 3132
22376 60 2.1 -5992 3138
22664 60 2.1 -5856 3094
22957 60 2.1 -5980 3156
23253 60 2.1 -5884 3090
23553 60 2.1 -5880 3098
23856 60 2.1 -5872 3148
24164 60 2.1 -5896 3134
24476 60 2.1 -6020 3126
24791 60 2.1 -5832 3050
25111 60 2.1 -6200 3264
25435 60 2.1 -5924 3024
25763 60 2.1 -6136 3250
26095 60 2.1 -6140 3204
26432 60 2.1 -5920 3050
26773 60 2.1 -5792 3048
27118 60 2.1 -6096 3160
27468 60 2.1 -5980 3170
27822 60 2.1 -6036 3166
28181 60 2.1 -6012 3152
28545 60 2.1 -6136 3230
28913 60 2.1 -5900 3010
29286 60 2.1 -6108 3222
29663 60 2.1 -5880 3138
30046 60 2.1 -5928 3048
30434 60 2.1 -6144 3200
30826 60 2.1 -5960 3106
31224 60 2.1 -6088 3204
31626 60 2.1 -5972 3162
32034 60 2.1 -5932 3126
32447 60 2.1 -5908 3116
32866 60 2.1 -5796 3028
33290 60 2.1 -5984 3164
33719 60 2.1 -6040 3184
34154 60 2.1 -6160 3224
34595 60 2.1 -5960 3164
35041 60 2.1 -6048 3158
35493 60 2.1 -5788 2996
35951 60 2.1 -5872 3056
36414 60 2.1 -6072 3208
36884 60 2.1 -6032 3164
37360 60 2.1 -5888 3134
37841 60 2.1 -5936 3088
38330 60 2.1 -6160 3204
38824 60 2.1 -5732 2938
39325 60 2.1 -5900 3172
39832 60 2.1 -6064 3140
40346 60 2.1 -5980 3158
40866 60 2.1 -5856 2986
41393 60 2.1 -5744 3084
41927 60 2.1 -5948 3170
42468 60 2.1 -6144 3228
43015 60 2.1 -5904 3080
43570 60 2.1 -6072 3224
44132 60 2.1 -5912 3108
44701 60 2.1 -6024 3192
45278 60 2.1 -5984 3148
45862 60 2.1 -5900 3130
46453 60 2.1 -5884 3050
47053 60 2.1 -5912 3072
47660 60 2.1 -6128 3132
48274 60 2.1 -5664 2918
48897 60 2.1 -6032 3164
49528 60 2.1 -5948 3052
50166 60 2.1 -6020 3210
50813 60 2.1 -6044 3136
51469 60 2.1 -6016 3160
52133 60 2.1 -5856 3094
52805 60 2.1 -6092 3212
53486 60 2.1 -5900 3136
54176 60 2.1 -5784 3006
54875 60 2.1 -5868 2998
55582 60 2.1 -6080 3184
56299 60 2.1 -6064 3166
57025 60 2.1 -6164 3190
57761 60 2.1 -6016 3156
58506 60 2.1 -5836 3016
59261 60 2.1 -5984 2930
60025 60 2.1 -6116 3230
60799 60 2.1 -6132 3242
61583 60 2.1 -5936 3114
62378 60 2.1 -5952 3124
63182 60 2.1 -6128 3246
63997 60 2.1 -5928 3064
64822 60 2.1 -5872 3128
65658 60 2.1 -5936 3152
66505 60 2.1 -5904 3078
67363 60 2.1 -6048 3176
68232 60 2.1 -6084 3222
69112 60 2.1 -5656 2910
70003 60 2.1 -5980 3050
70906 60 2.1 -6076 3214
71821 60 2.1 -5936 3144
72747 60 2.1 -5708 2972
73685 60 2.1 -5876 3102
74636 60 2.1 -5916 3086
75599 60 2.1 -6276 3266
76574 60 2.1 -6036 3174
77561 60 2.1 -5952 3108
78562 60 2.1 -5872 3092
79575 60 2.1 -6180 3254
80601 60 2.1 -6020 3192
81641 60 2.1 -6144 3114
82694 60 2.1 -5888 3120
83760 60 2.1 -6032 3172
84841 60 2.1 -5792 2984
85935 60 2.1 -6008 3096
87043 60 2.1 -5964 3174
88166 60 2.1 -5832 3090
89303 60 2.1 -6104 3130
90455 60 2.1 -5980 3120
91622 60 2.1 -5780 3112
92803 60 2.1 -5920 3130
94000 60 2.1 -6164 3272
95213 60 2.1 -6000 3092
96441 60 2.1 -5888 3098
97685 60 2.1 -6036 3196
98945 60 2.1 -5736 3008
100221 60 2.1 -5880 3116
101513 60 2.1 -6216 3256
102823 60 2.1 -6000 3116
104149 60 2.1 -6032 3198
105492 60 2.1 -5928 3048
106853 60 2.1 -5996 3128
108231 60 2.1 -6000 3138
109627 60 2.1 -5884 3124
111041 60 2.1 -6180 3254
112473 60 2.1 -5808 3042
113924 60 2.1 -5972 3158
115393 60 2.1 -6060 3150
116882 60 2.1 -5892 3086
118389 60 2.1 -6056 3210
119916 60 2.1 -5936 3086
121463 60 2.1 -5824 2938
123029 60 2.1 -6008 3172
124616 60 2.1 -6080 3202
126224 60 2.1 -6020 3152
127852 60 2.1 -6076 3114
129501 60 2.1 -6120 3096
131171 60 2.1 -5944 3096
132863 60 2.1 -6164 3248
134576 60 2.1 -6008 3160
136312 60 2.1 -5896 2844
138070 60 2.1 -5940 3106
139851 60 2.1 -5924 3116
141655 60 2.1 -5612 2864
143482 60 2.1 -5824 3034
145333 60 2.1 -6092 3198
147207 60 2.1 -5752 2948
149106 60 2.1 -5900 3042
151029 60 2.1 -5828 3032
152977 60 2.1 -6152 3244
154950 60 2.1 -5952 3098
156948 60 2.1 -6040 3144
158973 60 2.1 -5728 3060
161023 60 2.1 -6016 3162
163100 60 2.1 -5956 3136
165204 60 2.1 -5904 3034
167334 60 2.1 -6044 3098
169493 60 2.1 -6100 3134
171679 60 2.1 -6044 3160
173893 60 2.1 -5948 3128
176136 60 2.1 -5812 3084
178408 60 2.1 -5724 3024
180709 60 2.1 -5900 3020
183040 60 2.1 -6132 3076
185400 60 2.1 -5952 3146
187792 60 2.1 -6160 3182
190214 60 2.1 -5824 2896
192667 60 2.1 -5904 3138
195152 60 2.1 -5880 3126
197669 60 2.1 -5864 3044
200219 60 2.1 -5928 3118
202801 60 2.1 -5992 3094
205417 60 2.1 -6052 3200
208066 60 2.1 -6004 3164
210750 60 2.1 -6132 3232
213468 60 2.1 -5928 3120
216222 60 2.1 -5980 3046
219010 60 2.1 -5928 3160
221835 60 2.1 -6068 3136
224696 60 2.1 -6240 3280
227595 60 2.1 -5972 3088
230530 60 2.1 -5856 3118
233503 60 2.1 -5872 3118
236515 60 2.1 -5996 3156
239566 60 2.1 -6168 3214
242656 60 2.1 -5948 3142
245785 60 2.1 -5996 3076
248956 60 2.1 -6004 3180
252167 60 2.1 -6084 3182
255419 60 2.1 -6084 3212
258713 60 2.1 -6188 3258
262050 60 2.1 -5952 3158
265430 60 2.1 -6096 3120
268854 60 2.1 -5924 3112
272321 60 2.1 -5880 3068
275834 60 2.1 -5924 3136
279391 60 2.1 -5808 3104
282995 60 2.1 -5808 3012
286645 60 2.1 -6172 3198
290342 60 2.1 -6080 3206
294087 60 2.1 -6020 3182
297880 60 2.1 -5864 3062
301722 60 2.1 -5996 3186
305614 60 2.1 -5884 3054
309556 60 2.1 -5900 3122
313548 60 2.1 -5900 3084
317592 60 2.1 -5956 3008
321689 60 2.1 -6120 3222
325838 60 2.1 -5892 3060
330040 60 2.1 -5940 3162
334297 60 2.1 -6096 3188
338609 60 2.1 -5844 3032
342976 60 2.1 -5960 3150
347400 60 2.1 -6012 3174
351881 60 2.1 -6032 3172
356419 60 2.1 -6072 3194
361016 60 2.1 -6116 3210
365673 60 2.1 -5888 3114
370389 60 2.1 -6028 3152
375167 60 2.1 -6160 3246
380005 60 2.1 -5860 3116
384907 60 2.1 -5988 3144
389871 60 2.1 -6072 3180
394900 60 2.1 -5952 3118
399993 60 2.1 -6004 3164
405152 60 2.1 -5972 3168
410378 60 2.1 -6172 3186
415671 60 2.1 -5968 3034
421032 60 2.1 -6176 3230
426463 60 2.1 -5900 3116
431963 60 2.1 -5760 3080
437535 60 2.1 -5912 3024
443178 60 2.1 -6108 3236
448894 60 2.1 -5940 3144
454684 60 2.1 -5968 3124
460548 60 2.1 -5888 3078
466489 60 2.1 -5932 3048
472505 60 2.1 -6032 3188
478600 60 2.1 -5876 3030
484773 60 2.1 -5912 3164
491025 60 2.1 -5948 3044
497358 60 2.1 -6104 3160
503773 60 2.1 -5864 3134
510271 60 2.1 -6248 3198
516852 60 2.1 -5984 3188
523519 60 2.1 -5984 3126
530271 60 2.1 -5872 3024
537111 60 2.1 -6104 3210
544038 60 2.1 -5804 3012
551055 60 2.1 -5972 3032
558163 60 2.1 -6052 3166
565362 60 2.1 -6192 3234
572654 60 2.1 -6116 3108
580040 60 2.1 -5956 3186
587521 60 2.1 -5924 3062
595099 60 2.1 -6084 3166
602775 60 2.1 -6128 3164
610549 60 2.1 -5976 3112
618424 60 2.1 -5992 3108
626400 60 2.1 -5936 3106
634480 60 2.1 -6080 3194
642663 60 2.1 -5848 3080
650952 60 2.1 -6092 3160
659348 60 2.1 -5904 3140
667853 60 2.1 -5908 2930
676467 60 2.1 -6140 3196
685192 60 2.1 -6028 3140
694029 60 2.1 -5924 3072
702981 60 2.1 -6000 3176
712048 60 2.1 -6040 3184
721232 60 2.1 -6240 3238
730534 60 2.1 -6084 3168
739957 60 2.1 -6180 3218
749500 60 2.1 -5820 3010
759168 60 2.1 -6040 3136
768959 60 2.1 -6076 3226
778877 60 2.1 -6032 3196
788923 60 2.1 -5920 3072
799099 60 2.1 -5960 3104
809405 60 2.1 -6064 3186
819845 60 2.1 -6012 3188
830419 60 2.1 -5972 3142
841130 60 2.1 -5928 3148
851979 60 2.1 -5952 3116
862968 60 2.1 -6004 3112
874098 60 2.1 -5952 3110
885373 60 2.1 -5880 3006
896792 60 2.1 -5780 3084
908359 60 2.1 -6028 3198
920075 60 2.1 -5880 3152
931942 60 2.1 -5984 3148
943962 60 2.1 -5940 2844
956137 60 2.1 -6044 3200
968470 60 2.1 -6068 3160
980961 60 2.1 -5948 3046
993613 60 2.1 -5912 3058
999999 60 2.1 -5984 3190
