3 20 2.1 -380 36
4 20 2.1 -404 26
5 20 2.1 -384 30
6 20 2.1 -424 30
7 20 2.1 -428 -2
8 20 2.1 -508 0
9 20 2.1 -532 -26
10 20 2.1 -516 -8
11 20 2.1 -476 -34
12 20 2.1 -472 -14
13 20 2.1 -464 -22
14 20 2.1 -472 -24
15 20 2.1 -528 -34
16 20 2.1 -536 -52
17 20 2.1 -600 -70
18 20 2.1 -576 -78
19 20 2.1 -544 -70
20 20 2.1 -532 -92
21 20 2.1 -524 -90
22 20 2.1 -524 -48
23 20 2.1 -568 -54
24 20 2.1 -552 -52
25 20 2.1 -564 -46
26 20 2.1 -572 -60
27 20 2.1 -560 -80
28 20 2.1 -552 -92
29 20 2.1 -556 -112
30 20 2.1 -520 -102
31 20 2.1 -556 -106
32 20 2.1 -520 -104
33 20 2.1 -552 -130
34 20 2.1 -544 -116
35 20 2.1 -504 -72
36 20 2.1 -508 -84
37 20 2.1 -504 -66
38 20 2.1 -504 -90
39 20 2.1 -500 -118
40 20 2.1 -492 -142
41 20 2.1 -496 -172
42 20 2.1 -476 -154
43 20 2.1 -460 -170
44 20 2.1 -500 -170
45 20 2.1 -508 -186
46 20 2.1 -556 -202
47 20 2.1 -552 -196
48 20 2.1 -516 -204
49 20 2.1 -504 -232
50 20 2.1 -536 -234
51 20 2.1 -548 -270
52 20 2.1 -536 -294
53 20 2.1 -516 -282
54 20 2.1 -572 -316
55 20 2.1 -580 -318
56 20 2.1 -600 -312
57 20 2.1 -592 -328
58 20 2.1 -608 -334
59 20 2.1 -596 -322
60 20 2.1 -596 -328
61 20 2.1 -620 -346
62 20 2.1 -596 -328
63 20 2.1 -676 -356
64 20 2.1 -712 -372
65 20 2.1 -728 -380
66 20 2.1 -680 -366
67 20 2.1 -680 -362
68 20 2.1 -660 -360
69 20 2.1 -656 -358
70 20 2.1 -676 -362
71 20 2.1 -656 -356
72 20 2.1 -708 -372
73 20 2.1 -696 -366
74 20 2.1 -672 -352
75 20 2.1 -644 -336
76 20 2.1 -684 -348
77 20 2.1 -656 -344
78 20 2.1 -648 -338
79 20 2.1 -588 -322
80 20 2.1 -600 -328
81 20 2.1 -608 -314
82 20 2.1 -584 -294
83 20 2.1 -580 -304
84 20 2.1 -636 -316
85 20 2.1 -668 -336
86 20 2.1 -636 -322
88 20 2.1 -628 -336
89 20 2.1 -612 -334
90 20 2.1 -624 -340
91 20 2.1 -652 -352
92 20 2.1 -700 -358
93 20 2.1 -648 -348
95 20 2.1 -688 -364
96 20 2.1 -712 -376
97 20 2.1 -720 -378
98 20 2.1 -704 -372
99 20 2.1 -720 -372
101 20 2.1 -712 -368
102 20 2.1 -696 -364
103 20 2.1 -660 -350
105 20 2.1 -664 -350
106 20 2.1 -700 -364
107 20 2.1 -700 -366
109 20 2.1 -716 -376
110 20 2.1 -704 -366
112 20 2.1 -692 -368
113 20 2.1 -684 -366
114 20 2.1 -696 -372
116 20 2.1 -668 -358
117 20 2.1 -672 -358
119 20 2.1 -648 -348
120 20 2.1 -664 -344
122 20 2.1 -664 -348
124 20 2.1 -696 -372
125 20 2.1 -676 -362
127 20 2.1 -636 -340
128 20 2.1 -660 -338
130 20 2.1 -660 -340
132 20 2.1 -640 -336
133 20 2.1 -676 -358
135 20 2.1 -616 -336
137 20 2.1 -636 -334
139 20 2.1 -652 -342
140 20 2.1 -660 -348
142 20 2.1 -712 -374
144 20 2.1 -724 -380
146 20 2.1 -652 -356
148 20 2.1 -660 -358
150 20 2.1 -656 -362
152 20 2.1 -644 -338
154 20 2.1 -628 -318
155 20 2.1 -668 -334
157 20 2.1 -608 -324
160 20 2.1 -644 -352
162 20 2.1 -656 -352
164 20 2.1 -604 -314
166 20 2.1 -572 -318
168 20 2.1 -628 -330
170 20 2.1 -648 -354
172 20 2.1 -712 -368
174 20 2.1 -708 -374
177 20 2.1 -712 -370
179 20 2.1 -692 -368
181 20 2.1 -688 -362
184 20 2.1 -636 -336
186 20 2.1 -692 -364
188 20 2.1 -680 -360
191 20 2.1 -656 -350
193 20 2.1 -704 -366
196 20 2.1 -708 -370
198 20 2.1 -696 -366
201 20 2.1 -688 -360
203 20 2.1 -700 -364
206 20 2.1 -640 -346
209 20 2.1 -676 -360
211 20 2.1 -660 -362
214 20 2.1 -692 -362
217 20 2.1 -704 -372
220 20 2.1 -708 -374
222 20 2.1 -672 -360
225 20 2.1 -668 -332
228 20 2.1 -644 -318
231 20 2.1 -608 -292
234 20 2.1 -688 -330
237 20 2.1 -676 -350
240 20 2.1 -640 -348
243 20 2.1 -728 -378
246 20 2.1 -660 -354
250 20 2.1 -736 -380
253 20 2.1 -648 -354
256 20 2.1 -644 -350
259 20 2.1 -608 -338
263 20 2.1 -696 -358
266 20 2.1 -664 -340
269 20 2.1 -700 -366
273 20 2.1 -644 -320
276 20 2.1 -596 -302
280 20 2.1 -664 -358
284 20 2.1 -672 -360
287 20 2.1 -648 -344
291 20 2.1 -716 -368
295 20 2.1 -672 -356
298 20 2.1 -660 -356
302 20 2.1 -712 -372
306 20 2.1 -688 -356
310 20 2.1 -652 -328
314 20 2.1 -660 -358
318 20 2.1 -688 -360
322 20 2.1 -684 -356
326 20 2.1 -640 -344
331 20 2.1 -632 -340
335 20 2.1 -728 -374
339 20 2.1 -708 -362
344 20 2.1 -700 -370
348 20 2.1 -624 -332
352 20 2.1 -640 -330
357 20 2.1 -708 -364
362 20 2.1 -660 -358
366 20 2.1 -656 -354
371 20 2.1 -580 -330
376 20 2.1 -644 -354
381 20 2.1 -768 -392
385 20 2.1 -648 -354
390 20 2.1 -668 -362
395 20 2.1 -684 -366
401 20 2.1 -660 -356
406 20 2.1 -656 -350
411 20 2.1 -696 -372
416 20 2.1 -692 -368
422 20 2.1 -640 -330
427 20 2.1 -568 -308
433 20 2.1 -692 -364
438 20 2.1 -712 -370
444 20 2.1 -596 -334
449 20 2.1 -636 -338
455 20 2.1 -696 -368
461 20 2.1 -704 -372
467 20 2.1 -624 -342
473 20 2.1 -536 -296
479 20 2.1 -564 -296
485 20 2.1 -600 -330
492 20 2.1 -704 -368
498 20 2.1 -720 -378
504 20 2.1 -668 -346
511 20 2.1 -680 -362
517 20 2.1 -664 -340
524 20 2.1 -640 -320
531 20 2.1 -728 -378
538 20 2.1 -688 -364
545 20 2.1 -684 -366
552 20 2.1 -708 -370
559 20 2.1 -676 -366
566 20 2.1 -736 -380
573 20 2.1 -696 -368
581 20 2.1 -692 -368
588 20 2.1 -652 -342
596 20 2.1 -668 -360
603 20 2.1 -612 -330
611 20 2.1 -600 -330
619 20 2.1 -676 -358
627 20 2.1 -688 -362
635 20 2.1 -752 -386
643 20 2.1 -744 -380
652 20 2.1 -744 -384
660 20 2.1 -680 -368
668 20 2.1 -672 -352
677 20 2.1 -708 -366
686 20 2.1 -676 -362
695 20 2.1 -660 -342
704 20 2.1 -576 -318
713 20 2.1 -676 -358
722 20 2.1 -708 -370
731 20 2.1 -624 -342
741 20 2.1 -632 -338
750 20 2.1 -632 -338
760 20 2.1 -692 -366
770 20 2.1 -740 -384
780 20 2.1 -684 -344
790 20 2.1 -628 -342
800 20 2.1 -628 -340
810 20 2.1 -664 -344
821 20 2.1 -632 -336
831 20 2.1 -620 -332
842 20 2.1 -620 -344
853 20 2.1 -704 -368
864 20 2.1 -688 -360
875 20 2.1 -676 -362
886 20 2.1 -644 -346
897 20 2.1 -676 -362
909 20 2.1 -668 -336
921 20 2.1 -680 -362
933 20 2.1 -648 -314
945 20 2.1 -612 -280
957 20 2.1 -544 -284
969 20 2.1 -620 -340
982 20 2.1 -748 -386
994 20 2.1 -644 -352
1007 20 2.1 -688 -362
1020 20 2.1 -712 -362
1033 20 2.1 -624 -330
1047 20 2.1 -656 -350
1060 20 2.1 -716 -372
1074 20 2.1 -700 -366
1088 20 2.1 -712 -366
1102 20 2.1 -684 -368
1116 20 2.1 -656 -354
1130 20 2.1 -704 -370
1145 20 2.1 -696 -368
1160 20 2.1 -656 -356
1174 20 2.1 -668 -356
1190 20 2.1 -628 -338
1205 20 2.1 -704 -370
1220 20 2.1 -608 -334
1236 20 2.1 -692 -366
1252 20 2.1 -676 -358
1268 20 2.1 -628 -336
1285 20 2.1 -708 -376
1301 20 2.1 -644 -356
1318 20 2.1 -708 -374
1335 20 2.1 -708 -372
1352 20 2.1 -696 -358
1370 20 2.1 -700 -360
1387 20 2.1 -716 -374
1405 20 2.1 -692 -362
1423 20 2.1 -704 -374
1442 20 2.1 -680 -362
1460 20 2.1 -664 -352
1479 20 2.1 -624 -340
1498 20 2.1 -660 -298
1517 20 2.1 -632 -310
1537 20 2.1 -692 -368
1557 20 2.1 -652 -342
1577 20 2.1 -652 -328
1597 20 2.1 -668 -332
1618 20 2.1 -596 -318
1639 20 2.1 -684 -364
1660 20 2.1 -704 -368
1681 20 2.1 -620 -324
1703 20 2.1 -676 -358
1725 20 2.1 -652 -350
1747 20 2.1 -672 -348
1770 20 2.1 -664 -360
1792 20 2.1 -684 -348
1816 20 2.1 -652 -336
1839 20 2.1 -656 -342
1863 20 2.1 -712 -368
1887 20 2.1 -728 -382
1911 20 2.1 -688 -358
1936 20 2.1 -644 -350
1961 20 2.1 -668 -348
1986 20 2.1 -696 -370
2012 20 2.1 -628 -332
2037 20 2.1 -684 -356
2064 20 2.1 -612 -262
2090 20 2.1 -680 -366
2117 20 2.1 -680 -364
2145 20 2.1 -676 -358
2172 20 2.1 -704 -364
2200 20 2.1 -656 -342
2229 20 2.1 -576 -288
2257 20 2.1 -652 -346
2286 20 2.1 -692 -372
2316 20 2.1 -684 -362
2346 20 2.1 -664 -330
2376 20 2.1 -612 -282
2407 20 2.1 -680 -346
2438 20 2.1 -756 -388
2469 20 2.1 -616 -328
2501 20 2.1 -692 -366
2533 20 2.1 -644 -348
2566 20 2.1 -640 -346
2599 20 2.1 -644 -336
2633 20 2.1 -712 -376
2667 20 2.1 -704 -368
2701 20 2.1 -648 -332
2736 20 2.1 -664 -354
2771 20 2.1 -640 -340
2807 20 2.1 -560 -290
2843 20 2.1 -680 -364
2880 20 2.1 -664 -344
2917 20 2.1 -620 -286
2954 20 2.1 -620 -336
2992 20 2.1 -656 -348
3031 20 2.1 -652 -346
3070 20 2.1 -696 -366
3110 20 2.1 -556 -296
3150 20 2.1 -668 -350
3190 20 2.1 -644 -352
3232 20 2.1 -612 -304
3273 20 2.1 -632 -344
3315 20 2.1 -628 -334
3358 20 2.1 -688 -364
3402 20 2.1 -708 -358
3445 20 2.1 -712 -366
3490 20 2.1 -680 -366
3535 20 2.1 -712 -374
3580 20 2.1 -688 -350
3627 20 2.1 -644 -344
3673 20 2.1 -636 -346
3721 20 2.1 -660 -344
3769 20 2.1 -688 -366
3817 20 2.1 -684 -364
3867 20 2.1 -628 -300
3916 20 2.1 -648 -352
3967 20 2.1 -656 -342
4018 20 2.1 -712 -376
4070 20 2.1 -632 -344
4122 20 2.1 -644 -346
4176 20 2.1 -636 -348
4229 20 2.1 -676 -346
4284 20 2.1 -660 -352
4339 20 2.1 -632 -312
4395 20 2.1 -696 -334
4452 20 2.1 -616 -326
4509 20 2.1 -668 -350
4567 20 2.1 -652 -346
4626 20 2.1 -716 -372
4686 20 2.1 -664 -352
4746 20 2.1 -704 -366
4808 20 2.1 -664 -360
4870 20 2.1 -708 -368
4932 20 2.1 -636 -344
4996 20 2.1 -668 -360
5060 20 2.1 -692 -368
5126 20 2.1 -708 -366
5192 20 2.1 -760 -390
5259 20 2.1 -592 -320
5327 20 2.1 -652 -336
5395 20 2.1 -648 -344
5465 20 2.1 -732 -376
5535 20 2.1 -632 -336
5607 20 2.1 -680 -354
5679 20 2.1 -636 -334
5752 20 2.1 -628 -340
5826 20 2.1 -724 -378
5902 20 2.1 -704 -364
5978 20 2.1 -684 -366
6055 20 2.1 -656 -344
6133 20 2.1 -668 -362
6212 20 2.1 -664 -336
6292 20 2.1 -688 -368
6373 20 2.1 -664 -348
6455 20 2.1 -672 -356
6539 20 2.1 -664 -346
6623 20 2.1 -692 -364
6708 20 2.1 -688 -370
6795 20 2.1 -728 -382
6883 20 2.1 -708 -372
6971 20 2.1 -700 -368
7061 20 2.1 -732 -382
7152 20 2.1 -644 -346
7245 20 2.1 -644 -348
7338 20 2.1 -700 -370
7433 20 2.1 -724 -372
7529 20 2.1 -660 -348
7626 20 2.1 -764 -390
7724 20 2.1 -620 -328
7824 20 2.1 -676 -358
7925 20 2.1 -728 -382
8027 20 2.1 -684 -366
8130 20 2.1 -676 -358
8235 20 2.1 -624 -344
8341 20 2.1 -636 -342
8449 20 2.1 -672 -328
8558 20 2.1 -652 -348
8668 20 2.1 -656 -354
8780 20 2.1 -660 -350
8893 20 2.1 -720 -374
9008 20 2.1 -724 -380
9124 20 2.1 -636 -340
9242 20 2.1 -736 -378
9361 20 2.1 -628 -342
9482 20 2.1 -644 -342
9604 20 2.1 -688 -360
9728 20 2.1 -688 -370
9853 20 2.1 -680 -360
9980 20 2.1 -688 -364
10109 20 2.1 -620 -296
10240 20 2.1 -608 -326
10372 20 2.1 -652 -310
10505 20 2.1 -664 -356
10641 20 2.1 -708 -372
10778 20 2.1 -644 -354
10917 20 2.1 -656 -332
11058 20 2.1 -640 -340
11201 20 2.1 -668 -354
11345 20 2.1 -740 -382
11491 20 2.1 -716 -374
11640 20 2.1 -676 -362
11790 20 2.1 -664 -346
11942 20 2.1 -640 -348
12096 20 2.1 -652 -336
12252 20 2.1 -660 -354
12410 20 2.1 -668 -352
12570 20 2.1 -672 -358
12732 20 2.1 -636 -332
12896 20 2.1 -648 -328
13062 20 2.1 -664 -350
13231 20 2.1 -636 -338
13402 20 2.1 -676 -348
13574 20 2.1 -660 -358
13750 20 2.1 -656 -358
13927 20 2.1 -700 -372
14106 20 2.1 -684 -362
14288 20 2.1 -656 -350
14473 20 2.1 -744 -384
14659 20 2.1 -672 -362
14848 20 2.1 -620 -332
15040 20 2.1 -672 -364
15234 20 2.1 -644 -342
15430 20 2.1 -708 -374
15629 20 2.1 -664 -358
15831 20 2.1 -700 -364
16035 20 2.1 -664 -362
16242 20 2.1 -668 -336
16451 20 2.1 -676 -356
16664 20 2.1 -584 -308
16879 20 2.1 -680 -354
17096 20 2.1 -712 -376
17317 20 2.1 -672 -346
17540 20 2.1 -668 -356
17766 20 2.1 -760 -390
17995 20 2.1 -676 -360
18228 20 2.1 -620 -342
18463 20 2.1 -636 -334
18701 20 2.1 -704 -364
18942 20 2.1 -696 -372
19186 20 2.1 -688 -356
19434 20 2.1 -608 -294
19684 20 2.1 -704 -368
19938 20 2.1 -668 -354
20195 20 2.1 -624 -314
20456 20 2.1 -648 -348
20720 20 2.1 -608 -330
20987 20 2.1 -684 -358
21258 20 2.1 -656 -350
21532 20 2.1 -704 -366
21810 20 2.1 -620 -326
22091 20 2.1 -636 -334
22376 20 2.1 -636 -320
22664 20 2.1 -712 -366
22957 20 2.1 -728 -380
23253 20 2.1 -636 -330
23553 20 2.1 -660 -360
23856 20 2.1 -576 -244
24164 20 2.1 -640 -334
24476 20 2.1 -600 -326
24791 20 2.1 -640 -342
25111 20 2.1 -616 -340
25435 20 2.1 -700 -368
25763 20 2.1 -668 -352
26095 20 2.1 -684 -344
26432 20 2.1 -672 -340
26773 20 2.1 -680 -354
27118 20 2.1 -680 -356
27468 20 2.1 -692 -366
27822 20 2.1 -704 -372
28181 20 2.1 -644 -354
28545 20 2.1 -664 -320
28913 20 2.1 -636 -328
29286 20 2.1 -664 -340
29663 20 2.1 -600 -314
30046 20 2.1 -660 -356
30434 20 2.1 -616 -336
30826 20 2.1 -736 -380
31224 20 2.1 -700 -370
31626 20 2.1 -632 -348
32034 20 2.1 -688 -356
32447 20 2.1 -708 -368
32866 20 2.1 -704 -368
33290 20 2.1 -628 -332
33719 20 2.1 -660 -348
34154 20 2.1 -660 -358
34595 20 2.1 -656 -332
35041 20 2.1 -668 -358
35493 20 2.1 -624 -318
35951 20 2.1 -664 -338
36414 20 2.1 -636 -326
36884 20 2.1 -688 -362
37360 20 2.1 -692 -368
37841 20 2.1 -672 -360
38330 20 2.1 -688 -362
38824 20 2.1 -648 -326
39325 20 2.1 -740 -380
39832 20 2.1 -664 -346
40346 20 2.1 -712 -372
40866 20 2.1 -676 -348
41393 20 2.1 -652 -338
41927 20 2.1 -676 -362
42468 20 2.1 -732 -382
43015 20 2.1 -712 -376
43570 20 2.1 -676 -366
44132 20 2.1 -720 -376
44701 20 2.1 -600 -310
45278 20 2.1 -712 -368
45862 20 2.1 -620 -338
46453 20 2.1 -632 -342
47053 20 2.1 -652 -350
47660 20 2.1 -700 -368
48274 20 2.1 -716 -376
48897 20 2.1 -608 -316
49528 20 2.1 -612 -322
50166 20 2.1 -652 -350
50813 20 2.1 -672 -358
51469 20 2.1 -624 -334
52133 20 2.1 -592 -322
52805 20 2.1 -660 -348
53486 20 2.1 -652 -342
54176 20 2.1 -660 -346
54875 20 2.1 -640 -350
55582 20 2.1 -692 -358
56299 20 2.1 -660 -344
57025 20 2.1 -716 -374
57761 20 2.1 -616 -324
58506 20 2.1 -608 -326
59261 20 2.1 -672 -358
60025 20 2.1 -672 -354
60799 20 2.1 -684 -364
61583 20 2.1 -652 -342
62378 20 2.1 -648 -306
63182 20 2.1 -636 -348
63997 20 2.1 -644 -342
64822 20 2.1 -704 -364
65658 20 2.1 -628 -334
66505 20 2.1 -704 -370
67363 20 2.1 -672 -362
68232 20 2.1 -676 -350
69112 20 2.1 -596 -302
70003 20 2.1 -644 -338
70906 20 2.1 -612 -346
71821 20 2.1 -688 -356
72747 20 2.1 -660 -352
73685 20 2.1 -568 -278
74636 20 2.1 -592 -276
75599 20 2.1 -700 -370
76574 20 2.1 -692 -350
77561 20 2.1 -692 -364
78562 20 2.1 -656 -350
79575 20 2.1 -652 -348
80601 20 2.1 -656 -350
81641 20 2.1 -636 -312
82694 20 2.1 -708 -370
83760 20 2.1 -672 -332
84841 20 2.1 -676 -356
85935 20 2.1 -576 -296
87043 20 2.1 -664 -346
88166 20 2.1 -692 -366
89303 20 2.1 -672 -360
90455 20 2.1 -744 -380
91622 20 2.1 -628 -334
92803 20 2.1 -700 -362
94000 20 2.1 -628 -328
95213 20 2.1 -668 -352
96441 20 2.1 -700 -352
97685 20 2.1 -700 -370
98945 20 2.1 -692 -354
100221 20 2.1 -660 -356
101513 20 2.1 -604 -326
102823 20 2.1 -736 -382
104149 20 2.1 -592 -336
105492 20 2.1 -624 -318
106853 20 2.1 -688 -366
108231 20 2.1 -660 -358
109627 20 2.1 -704 -374
111041 20 2.1 -652 -328
112473 20 2.1 -680 -350
113924 20 2.1 -640 -348
115393 20 2.1 -696 -364
116882 20 2.1 -620 -324
118389 20 2.1 -640 -346
119916 20 2.1 -668 -362
121463 20 2.1 -648 -354
123029 20 2.1 -628 -334
124616 20 2.1 -620 -204
126224 20 2.1 -688 -368
127852 20 2.1 -696 -350
129501 20 2.1 -728 -378
131171 20 2.1 -664 -350
132863 20 2.1 -724 -380
134576 20 2.1 -660 -344
136312 20 2.1 -680 -354
138070 20 2.1 -560 -280
139851 20 2.1 -660 -334
141655 20 2.1 -680 -362
143482 20 2.1 -640 -328
145333 20 2.1 -664 -342
147207 20 2.1 -696 -360
149106 20 2.1 -584 -300
151029 20 2.1 -680 -358
152977 20 2.1 -688 -370
154950 20 2.1 -620 -346
156948 20 2.1 -672 -346
158973 20 2.1 -624 -312
161023 20 2.1 -692 -362
163100 20 2.1 -660 -352
165204 20 2.1 -656 -354
167334 20 2.1 -688 -364
169493 20 2.1 -652 -328
171679 20 2.1 -664 -354
173893 20 2.1 -680 -360
176136 20 2.1 -640 -330
178408 20 2.1 -720 -378
180709 20 2.1 -676 -362
183040 20 2.1 -712 -370
185400 20 2.1 -700 -372
187792 20 2.1 -664 -360
190214 20 2.1 -636 -332
192667 20 2.1 -716 -376
195152 20 2.1 -620 -332
197669 20 2.1 -668 -350
200219 20 2.1 -672 -364
202801 20 2.1 -624 -346
205417 20 2.1 -660 -348
208066 20 2.1 -704 -368
210750 20 2.1 -608 -336
213468 20 2.1 -644 -336
216222 20 2.1 -652 -338
219010 20 2.1 -688 -370
221835 20 2.1 -716 -378
224696 20 2.1 -692 -352
227595 20 2.1 -680 -364
230530 20 2.1 -716 -376
233503 20 2.1 -552 -284
236515 20 2.1 -652 -354
239566 20 2.1 -692 -356
242656 20 2.1 -612 -336
245785 20 2.1 -620 -328
248956 20 2.1 -700 -366
252167 20 2.1 -604 -330
255419 20 2.1 -612 -324
258713 20 2.1 -648 -356
262050 20 2.1 -708 -374
265430 20 2.1 -600 -326
268854 20 2.1 -616 -314
272321 20 2.1 -636 -348
275834 20 2.1 -728 -380
279391 20 2.1 -724 -374
282995 20 2.1 -640 -326
286645 20 2.1 -672 -356
290342 20 2.1 -636 -342
294087 20 2.1 -656 -346
297880 20 2.1 -620 -332
301722 20 2.1 -600 -326
305614 20 2.1 -732 -382
309556 20 2.1 -608 -282
313548 20 2.1 -640 -310
317592 20 2.1 -632 -336
321689 20 2.1 -688 -368
325838 20 2.1 -620 -318
330040 20 2.1 -644 -344
334297 20 2.1 -708 -372
338609 20 2.1 -628 -338
342976 20 2.1 -692 -366
347400 20 2.1 -632 -306
351881 20 2.1 -724 -378
356419 20 2.1 -684 -356
361016 20 2.1 -704 -370
365673 20 2.1 -632 -330
370389 20 2.1 -604 -330
375167 20 2.1 -712 -374
380005 20 2.1 -672 -358
384907 20 2.1 -648 -354
389871 20 2.1 -664 -330
394900 20 2.1 -708 -372
399993 20 2.1 -676 -360
405152 20 2.1 -636 -352
410378 20 2.1 -660 -352
415671 20 2.1 -652 -354
421032 20 2.1 -704 -370
426463 20 2.1 -692 -370
431963 20 2.1 -644 -338
437535 20 2.1 -672 -338
443178 20 2.1 -688 -366
448894 20 2.1 -720 -374
454684 20 2.1 -624 -342
460548 20 2.1 -636 -330
466489 20 2.1 -604 -306
472505 20 2.1 -652 -352
478600 20 2.1 -608 -320
484773 20 2.1 -724 -378
491025 20 2.1 -676 -358
497358 20 2.1 -580 -308
503773 20 2.1 -656 -336
510271 20 2.1 -700 -370
516852 20 2.1 -632 -334
523519 20 2.1 -680 -360
530271 20 2.1 -676 -356
537111 20 2.1 -672 -360
544038 20 2.1 -628 338
551055 20 2.1 -660 352
558163 20 2.1 -632 344
565362 20 2.1 -732 382
572654 20 2.1 -704 370
580040 20 2.1 -720 374
587521 20 2.1 -640 330
595099 20 2.1 -660 358
602775 20 2.1 -712 368
610549 20 2.1 -696 368
618424 20 2.1 -700 370
626400 20 2.1 -668 366
634480 20 2.1 -724 374
642663 20 2.1 -632 346
650952 20 2.1 -596 314
659348 20 2.1 -716 378
667853 20 2.1 -616 334
676467 20 2.1 -648 354
685192 20 2.1 -700 370
694029 20 2.1 -712 374
702981 20 2.1 -728 376
712048 20 2.1 -656 350
721232 20 2.1 -676 360
730534 20 2.1 -716 378
739957 20 2.1 -676 332
749500 20 2.1 -676 352
759168 20 2.1 -636 318
768959 20 2.1 -544 294
778877 20 2.1 -704 -370
788923 20 2.1 -668 -346
799099 20 2.1 -680 -360
809405 20 2.1 -708 -374
819845 20 2.1 -704 -370
830419 20 2.1 -704 370
841130 20 2.1 -640 344
851979 20 2.1 -652 340
862968 20 2.1 -652 314
874098 20 2.1 -648 348
885373 20 2.1 -656 350
896792 20 2.1 -748 386
908359 20 2.1 -664 360
920075 20 2.1 -716 374
931942 20 2.1 -624 338
943962 20 2.1 -644 334
956137 20 2.1 -708 370
968470 20 2.1 -668 336
980961 20 2.1 -664 354
993613 20 2.1 -716 356
999999 20 2.1 -692 370
