3 60 2.4 -3312 26
4 60 2.4 -3396 -114
5 60 2.4 -3536 -102
6 60 2.4 -3696 -198
7 60 2.4 -3876 -216
8 60 2.4 -3868 -140
9 60 2.4 -3824 -30
10 60 2.4 -3960 114
11 60 2.4 -4036 112
12 60 2.4 -4088 132
13 60 2.4 -4312 94
14 60 2.4 -4124 108
15 60 2.4 -4084 8
16 60 2.4 -4240 -34
17 60 2.4 -4236 -72
18 60 2.4 -4376 2
19 60 2.4 -4148 124
20 60 2.4 -4124 134
21 60 2.4 -4204 78
22 60 2.4 -4288 -48
23 60 2.4 -4388 8
24 60 2.4 -4324 74
25 60 2.4 -4356 156
26 60 2.4 -4432 274
27 60 2.4 -4280 186
28 60 2.4 -4260 188
29 60 2.4 -4244 340
30 60 2.4 -4404 320
31 60 2.4 -4360 216
32 60 2.4 -4368 262
33 60 2.4 -4236 226
34 60 2.4 -4232 220
35 60 2.4 -4148 198
36 60 2.4 -4140 126
37 60 2.4 -4204 214
38 60 2.4 -4284 202
39 60 2.4 -4264 270
40 60 2.4 -4340 278
41 60 2.4 -4264 268
42 60 2.4 -4180 150
43 60 2.4 -4184 92
44 60 2.4 -4284 112
45 60 2.4 -4276 146
46 60 2.4 -4284 170
47 60 2.4 -4256 194
48 60 2.4 -4288 194
49 60 2.4 -4212 316
50 60 2.4 -4188 310
51 60 2.4 -4168 336
52 60 2.4 -4184 396
53 60 2.4 -4252 458
54 60 2.4 -4156 484
55 60 2.4 -4168 494
56 60 2.4 -4260 482
57 60 2.4 -4312 466
58 60 2.4 -4260 568
59 60 2.4 -4220 680
60 60 2.4 -4152 668
61 60 2.4 -4156 662
62 60 2.4 -4156 680
63 60 2.4 -4224 710
64 60 2.4 -4312 674
65 60 2.4 -4296 564
66 60 2.4 -4412 572
67 60 2.4 -4424 526
68 60 2.4 -4492 538
69 60 2.4 -4436 422
70 60 2.4 -4388 324
71 60 2.4 -4396 308
72 60 2.4 -4280 292
73 60 2.4 -4092 386
74 60 2.4 -4104 410
75 60 2.4 -4220 326
76 60 2.4 -4464 440
77 60 2.4 -4336 478
78 60 2.4 -4320 608
79 60 2.4 -4312 690
80 60 2.4 -4452 848
81 60 2.4 -4348 804
82 60 2.4 -4256 772
83 60 2.4 -4180 682
84 60 2.4 -4188 656
85 60 2.4 -4364 694
86 60 2.4 -4476 726
88 60 2.4 -4552 690
89 60 2.4 -4620 708
90 60 2.4 -4484 580
91 60 2.4 -4508 604
92 60 2.4 -4508 732
93 60 2.4 -4340 642
95 60 2.4 -4352 458
96 60 2.4 -4168 358
97 60 2.4 -4168 292
98 60 2.4 -4276 316
99 60 2.4 -4412 272
101 60 2.4 -4500 268
102 60 2.4 -4556 304
103 60 2.4 -4472 310
105 60 2.4 -4396 418
106 60 2.4 -4404 330
107 60 2.4 -4408 398
109 60 2.4 -4212 496
110 60 2.4 -4348 444
112 60 2.4 -4412 366
113 60 2.4 -4296 328
114 60 2.4 -4232 314
116 60 2.4 -4196 374
117 60 2.4 -4364 390
119 60 2.4 -3996 358
120 60 2.4 -4012 382
122 60 2.4 -4048 294
124 60 2.4 -4100 334
125 60 2.4 -3988 298
127 60 2.4 -4132 294
128 60 2.4 -4220 260
130 60 2.4 -4448 296
132 60 2.4 -4292 270
133 60 2.4 -4360 262
135 60 2.4 -4416 398
137 60 2.4 -4500 222
139 60 2.4 -4496 78
140 60 2.4 -4380 186
142 60 2.4 -4408 210
144 60 2.4 -4332 218
146 60 2.4 -4160 78
148 60 2.4 -4316 118
150 60 2.4 -4132 0
152 60 2.4 -4160 38
154 60 2.4 -4168 46
155 60 2.4 -4196 40
157 60 2.4 -4180 -44
160 60 2.4 -4000 58
162 60 2.4 -4040 84
164 60 2.4 -4100 200
166 60 2.4 -4080 346
168 60 2.4 -4124 286
170 60 2.4 -4068 164
172 60 2.4 -4060 346
174 60 2.4 -4112 454
177 60 2.4 -4108 608
179 60 2.4 -4164 538
181 60 2.4 -4184 388
184 60 2.4 -4132 502
186 60 2.4 -4268 438
188 60 2.4 -4460 554
191 60 2.4 -4488 616
193 60 2.4 -4388 576
196 60 2.4 -4596 424
198 60 2.4 -4752 610
201 60 2.4 -4656 718
203 60 2.4 -4296 784
206 60 2.4 -4324 768
209 60 2.4 -4444 594
211 60 2.4 -4584 646
214 60 2.4 -4284 558
217 60 2.4 -4332 542
220 60 2.4 -4540 506
222 60 2.4 -4472 364
225 60 2.4 -4492 478
228 60 2.4 -4288 424
231 60 2.4 -4268 626
234 60 2.4 -4328 682
237 60 2.4 -4216 622
240 60 2.4 -4156 672
243 60 2.4 -4280 766
246 60 2.4 -4248 688
250 60 2.4 -4492 1110
253 60 2.4 -4432 1104
256 60 2.4 -4448 996
259 60 2.4 -4424 956
263 60 2.4 -4324 976
266 60 2.4 -4248 1122
269 60 2.4 -4492 1310
273 60 2.4 -4564 1150
276 60 2.4 -4584 1204
280 60 2.4 -4264 1026
284 60 2.4 -4508 1112
287 60 2.4 -4580 956
291 60 2.4 -4384 920
295 60 2.4 -4380 826
298 60 2.4 -4364 874
302 60 2.4 -4524 956
306 60 2.4 -4412 820
310 60 2.4 -4632 828
314 60 2.4 -4364 782
318 60 2.4 -4540 820
322 60 2.4 -4456 874
326 60 2.4 -4564 956
331 60 2.4 -4568 1068
335 60 2.4 -4640 1062
339 60 2.4 -4612 972
344 60 2.4 -4324 804
348 60 2.4 -4344 866
352 60 2.4 -4568 846
357 60 2.4 -4464 990
362 60 2.4 -4492 1180
366 60 2.4 -4416 1148
371 60 2.4 -4488 1372
376 60 2.4 -4336 1046
381 60 2.4 -4480 1134
385 60 2.4 -4412 1238
390 60 2.4 -4100 1072
395 60 2.4 -4412 1254
401 60 2.4 -4412 1440
406 60 2.4 -4436 1246
411 60 2.4 -4300 1274
416 60 2.4 -4504 1308
422 60 2.4 -4664 1404
427 60 2.4 -4548 1112
433 60 2.4 -4156 778
438 60 2.4 -4128 676
444 60 2.4 -4456 688
449 60 2.4 -4276 510
455 60 2.4 -4524 630
461 60 2.4 -4240 426
467 60 2.4 -4132 328
473 60 2.4 -4252 360
479 60 2.4 -4328 418
485 60 2.4 -4160 210
492 60 2.4 -4296 540
498 60 2.4 -4372 740
504 60 2.4 -4240 640
511 60 2.4 -4552 812
517 60 2.4 -4312 944
524 60 2.4 -4212 816
531 60 2.4 -4340 852
538 60 2.4 -4408 650
545 60 2.4 -4192 544
552 60 2.4 -4220 534
559 60 2.4 -4548 526
566 60 2.4 -4428 646
573 60 2.4 -4136 466
581 60 2.4 -4288 746
588 60 2.4 -4420 584
596 60 2.4 -4548 312
603 60 2.4 -4392 354
611 60 2.4 -4184 294
619 60 2.4 -4028 134
627 60 2.4 -4328 274
635 60 2.4 -4492 494
643 60 2.4 -4404 624
652 60 2.4 -4528 734
660 60 2.4 -4688 502
668 60 2.4 -4400 538
677 60 2.4 -4556 546
686 60 2.4 -4700 856
695 60 2.4 -4448 482
704 60 2.4 -4632 648
713 60 2.4 -4320 586
722 60 2.4 -4428 472
731 60 2.4 -4504 372
741 60 2.4 -4236 208
750 60 2.4 -4500 416
760 60 2.4 -4332 68
770 60 2.4 -4608 -28
780 60 2.4 -4420 -112
790 60 2.4 -4140 -70
800 60 2.4 -4564 -250
810 60 2.4 -4468 -316
821 60 2.4 -4216 -470
831 60 2.4 -4428 -266
842 60 2.4 -4288 -130
853 60 2.4 -4308 -140
864 60 2.4 -4536 -92
875 60 2.4 -4340 -430
886 60 2.4 -4192 -616
897 60 2.4 -4384 -610
909 60 2.4 -4216 -196
921 60 2.4 -4136 -424
933 60 2.4 -4096 -184
945 60 2.4 -4388 -318
957 60 2.4 -4332 -652
969 60 2.4 -4192 -266
982 60 2.4 -4220 -450
994 60 2.4 -4288 -736
1007 60 2.4 -4300 -650
1020 60 2.4 -3912 -478
1033 60 2.4 -4044 -292
1047 60 2.4 -4284 -214
1060 60 2.4 -4404 -518
1074 60 2.4 -4352 -658
1088 60 2.4 -4252 -564
1102 60 2.4 -4428 -884
1116 60 2.4 -4532 -656
1130 60 2.4 -4236 -612
1145 60 2.4 -4296 -644
1160 60 2.4 -4304 -438
1174 60 2.4 -4220 -660
1190 60 2.4 -4256 -608
1205 60 2.4 -4296 -416
1220 60 2.4 -4096 -762
1236 60 2.4 -4380 -928
1252 60 2.4 -4480 -1016
1268 60 2.4 -4216 -1466
1285 60 2.4 -4184 -1332
1301 60 2.4 -4232 -1388
1318 60 2.4 -4468 -1770
1335 60 2.4 -4352 -1596
1352 60 2.4 -4228 -1566
1370 60 2.4 -4312 -1592
1387 60 2.4 -4476 -1828
1405 60 2.4 -4324 -1650
1423 60 2.4 -4140 -1196
1442 60 2.4 -4328 -1432
1460 60 2.4 -4304 -1540
1479 60 2.4 -4328 -1538
1498 60 2.4 -4368 -1498
1517 60 2.4 -4592 -1778
1537 60 2.4 -4436 -2002
1557 60 2.4 -4348 -1622
1577 60 2.4 -4272 -1606
1597 60 2.4 -4568 -2004
1618 60 2.4 -4552 -1636
1639 60 2.4 -4400 -1474
1660 60 2.4 -4508 -1528
1681 60 2.4 -4376 -1436
1703 60 2.4 -4364 -1502
1725 60 2.4 -4668 -1680
1747 60 2.4 -4584 -1726
1770 60 2.4 -4200 -1660
1792 60 2.4 -4648 -1614
1816 60 2.4 -4616 -1692
1839 60 2.4 -4372 -1534
1863 60 2.4 -4544 -1716
1887 60 2.4 -4440 -1310
1911 60 2.4 -4312 -1328
1936 60 2.4 -4216 -1204
1961 60 2.4 -4612 -1468
1986 60 2.4 -4792 -1946
2012 60 2.4 -4356 -1462
2037 60 2.4 -4772 -1348
2064 60 2.4 -4308 -754
2090 60 2.4 -4472 -666
2117 60 2.4 -4348 -768
2145 60 2.4 -4368 -442
2172 60 2.4 -4344 -432
2200 60 2.4 -4808 -968
2229 60 2.4 -4416 -718
2257 60 2.4 -4372 -1126
2286 60 2.4 -4236 -576
2316 60 2.4 -4604 -778
2346 60 2.4 -4416 -574
2376 60 2.4 -4580 -656
2407 60 2.4 -4152 -142
2438 60 2.4 -4464 -174
2469 60 2.4 -4728 -702
2501 60 2.4 -4404 -486
2533 60 2.4 -4392 -806
2566 60 2.4 -4200 -372
2599 60 2.4 -4472 -572
2633 60 2.4 -4328 -222
2667 60 2.4 -4372 186
2701 60 2.4 -4320 450
2736 60 2.4 -4156 118
2771 60 2.4 -4340 -452
2807 60 2.4 -4048 268
2843 60 2.4 -4324 -108
2880 60 2.4 -4468 426
2917 60 2.4 -4116 356
2954 60 2.4 -4068 352
2992 60 2.4 -4284 190
3031 60 2.4 -4048 278
3070 60 2.4 -4436 320
3110 60 2.4 -4228 82
3150 60 2.4 -4220 -162
3190 60 2.4 -4340 -242
3232 60 2.4 -4224 -620
3273 60 2.4 -4292 -318
3315 60 2.4 -4072 228
3358 60 2.4 -4244 -256
3402 60 2.4 -4264 -780
3445 60 2.4 -4452 -778
3490 60 2.4 -4548 -1332
3535 60 2.4 -4264 -724
3580 60 2.4 -4468 -652
3627 60 2.4 -4136 -348
3673 60 2.4 -4256 248
3721 60 2.4 -4452 238
3769 60 2.4 -4264 334
3817 60 2.4 -4180 622
3867 60 2.4 -4364 1030
3916 60 2.4 -4192 946
3967 60 2.4 -4388 1190
4018 60 2.4 -3996 640
4070 60 2.4 -4392 -98
4122 60 2.4 -4176 184
4176 60 2.4 -4360 710
4229 60 2.4 -4676 974
4284 60 2.4 -4532 1454
4339 60 2.4 -4560 714
4395 60 2.4 -4340 -114
4452 60 2.4 -4760 -654
4509 60 2.4 -4388 -428
4567 60 2.4 -4420 -468
4626 60 2.4 -4408 -726
4686 60 2.4 -4176 -460
4746 60 2.4 -4104 -260
4808 60 2.4 -4164 464
4870 60 2.4 -4280 270
4932 60 2.4 -4548 362
4996 60 2.4 -4376 -144
5060 60 2.4 -4500 -142
5126 60 2.4 -4644 578
5192 60 2.4 -4500 710
5259 60 2.4 -4360 372
5327 60 2.4 -4124 746
5395 60 2.4 -4252 376
5465 60 2.4 -4332 282
5535 60 2.4 -4196 212
5607 60 2.4 -4068 416
5679 60 2.4 -4300 262
5752 60 2.4 -4336 -208
5826 60 2.4 -4436 -686
5902 60 2.4 -4280 -582
5978 60 2.4 -4280 -248
6055 60 2.4 -4368 234
6133 60 2.4 -4316 544
6212 60 2.4 -4408 1072
6292 60 2.4 -4180 896
6373 60 2.4 -4344 564
6455 60 2.4 -4068 1028
6539 60 2.4 -4276 1322
6623 60 2.4 -4504 1302
6708 60 2.4 -4312 198
6795 60 2.4 -4420 -164
6883 60 2.4 -4380 -350
6971 60 2.4 -4144 152
7061 60 2.4 -4132 558
7152 60 2.4 -4220 218
7245 60 2.4 -4376 896
7338 60 2.4 -4164 604
7433 60 2.4 -4084 476
7529 60 2.4 -4420 126
7626 60 2.4 -4344 660
7724 60 2.4 -4316 1144
7824 60 2.4 -4340 -260
7925 60 2.4 -4532 -14
8027 60 2.4 -4252 38
8130 60 2.4 -4428 -386
8235 60 2.4 -4296 -894
8341 60 2.4 -4212 -318
8449 60 2.4 -4284 490
8558 60 2.4 -4432 400
8668 60 2.4 -4340 -454
8780 60 2.4 -4252 800
8893 60 2.4 -4172 758
9008 60 2.4 -4344 440
9124 60 2.4 -4132 -572
9242 60 2.4 -4328 -136
9361 60 2.4 -4176 -414
9482 60 2.4 -4380 -970
9604 60 2.4 -4188 -1234
9728 60 2.4 -4468 -932
9853 60 2.4 -4596 -750
9980 60 2.4 -4408 -1056
10109 60 2.4 -4500 -168
10240 60 2.4 -4292 416
10372 60 2.4 -4276 226
10505 60 2.4 -4512 -660
10641 60 2.4 -4368 -1492
10778 60 2.4 -4340 -462
10917 60 2.4 -4284 -150
11058 60 2.4 -4348 -46
11201 60 2.4 -4188 -78
11345 60 2.4 -4288 66
11491 60 2.4 -4356 742
11640 60 2.4 -4476 -296
11790 60 2.4 -4400 -252
11942 60 2.4 -4372 356
12096 60 2.4 -3992 -114
12252 60 2.4 -4164 -680
12410 60 2.4 -4260 -854
12570 60 2.4 -4164 238
12732 60 2.4 -4276 -448
12896 60 2.4 -4188 -282
13062 60 2.4 -4292 -126
13231 60 2.4 -4416 756
13402 60 2.4 -4100 472
13574 60 2.4 -4464 -162
13750 60 2.4 -4000 174
13927 60 2.4 -4140 412
14106 60 2.4 -4644 30
14288 60 2.4 -4180 198
14473 60 2.4 -4384 434
14659 60 2.4 -4304 986
14848 60 2.4 -4156 328
15040 60 2.4 -4212 -332
15234 60 2.4 -4352 418
15430 60 2.4 -4488 382
15629 60 2.4 -4132 -188
15831 60 2.4 -4316 -46
16035 60 2.4 -4316 700
16242 60 2.4 -4500 940
16451 60 2.4 -4324 514
16664 60 2.4 -4344 420
16879 60 2.4 -4288 -248
17096 60 2.4 -4436 -530
17317 60 2.4 -4292 -856
17540 60 2.4 -4400 -288
17766 60 2.4 -4300 -362
17995 60 2.4 -4512 -908
18228 60 2.4 -4300 -938
18463 60 2.4 -4048 -30
18701 60 2.4 -4384 164
18942 60 2.4 -4212 -192
19186 60 2.4 -4412 -260
19434 60 2.4 -4448 130
19684 60 2.4 -4252 -1344
19938 60 2.4 -4320 -426
20195 60 2.4 -4216 -230
20456 60 2.4 -4496 -346
20720 60 2.4 -4400 -130
20987 60 2.4 -4316 274
21258 60 2.4 -4236 452
21532 60 2.4 -4592 366
21810 60 2.4 -4220 296
22091 60 2.4 -4080 44
22376 60 2.4 -4388 212
22664 60 2.4 -4488 -944
22957 60 2.4 -4408 148
23253 60 2.4 -4260 -538
23553 60 2.4 -4776 -1150
23856 60 2.4 -4252 -192
24164 60 2.4 -4308 1248
24476 60 2.4 -4296 82
24791 60 2.4 -4260 -1284
25111 60 2.4 -4408 -792
25435 60 2.4 -4460 -470
25763 60 2.4 -4496 512
26095 60 2.4 -4336 112
26432 60 2.4 -4316 -156
26773 60 2.4 -4268 436
27118 60 2.4 -4396 688
27468 60 2.4 -4700 856
27822 60 2.4 -4396 688
28181 60 2.4 -4280 482
28545 60 2.4 -4424 354
28913 60 2.4 -4276 -842
29286 60 2.4 -4376 -184
29663 60 2.4 -4308 494
30046 60 2.4 -4372 0
30434 60 2.4 -4200 -674
30826 60 2.4 -4228 -364
31224 60 2.4 -4304 -662
31626 60 2.4 -4012 -460
32034 60 2.4 -4312 -918
32447 60 2.4 -4516 -1588
32866 60 2.4 -4484 -974
33290 60 2.4 -4304 -482
33719 60 2.4 -4088 -396
34154 60 2.4 -4380 -674
34595 60 2.4 -4332 -260
35041 60 2.4 -4440 514
35493 60 2.4 -4276 1068
35951 60 2.4 -4232 -934
36414 60 2.4 -4712 -1026
36884 60 2.4 -4004 -232
37360 60 2.4 -4448 -154
37841 60 2.4 -4372 -88
38330 60 2.4 -4164 -180
38824 60 2.4 -4256 -626
39325 60 2.4 -4284 -106
39832 60 2.4 -4376 -14
40346 60 2.4 -4260 -256
40866 60 2.4 -4260 -764
41393 60 2.4 -4416 -376
41927 60 2.4 -4548 -1704
42468 60 2.4 -4384 78
43015 60 2.4 -4336 666
43570 60 2.4 -4272 -1380
44132 60 2.4 -4448 2132
44701 60 2.4 -4464 -822
45278 60 2.4 -4268 -180
45862 60 2.4 -4420 18
46453 60 2.4 -4348 -574
47053 60 2.4 -4072 14
47660 60 2.4 -4364 676
48274 60 2.4 -4528 1454
48897 60 2.4 -4500 90
49528 60 2.4 -4320 234
50166 60 2.4 -4156 388
50813 60 2.4 -4252 -132
51469 60 2.4 -4400 -254
52133 60 2.4 -4208 -536
52805 60 2.4 -4292 792
53486 60 2.4 -4216 350
54176 60 2.4 -4500 -142
54875 60 2.4 -4392 144
55582 60 2.4 -4184 380
56299 60 2.4 -4232 -352
57025 60 2.4 -4292 -598
57761 60 2.4 -4332 110
58506 60 2.4 -4280 122
59261 60 2.4 -4320 -448
60025 60 2.4 -4324 -1494
60799 60 2.4 -4308 220
61583 60 2.4 -4136 -368
62378 60 2.4 -3944 -102
63182 60 2.4 -4488 420
63997 60 2.4 -4368 1020
64822 60 2.4 -4216 702
65658 60 2.4 -4464 -1056
66505 60 2.4 -4272 -1302
67363 60 2.4 -4208 266
68232 60 2.4 -4348 166
69112 60 2.4 -4396 -934
70003 60 2.4 -4208 -394
70906 60 2.4 -4680 -1612
71821 60 2.4 -4228 338
72747 60 2.4 -4164 -866
73685 60 2.4 -4172 -1162
74636 60 2.4 -3980 470
75599 60 2.4 -4392 -186
76574 60 2.4 -4136 -898
77561 60 2.4 -4388 1050
78562 60 2.4 -4440 -1160
79575 60 2.4 -4364 1148
80601 60 2.4 -4504 -1044
81641 60 2.4 -4508 -480
82694 60 2.4 -4256 -268
83760 60 2.4 -4108 -144
84841 60 2.4 -4520 -386
85935 60 2.4 -4384 -144
87043 60 2.4 -4384 542
88166 60 2.4 -4248 632
89303 60 2.4 -4364 -450
90455 60 2.4 -4240 340
91622 60 2.4 -4256 200
92803 60 2.4 -4356 36
94000 60 2.4 -4336 202
95213 60 2.4 -4256 890
96441 60 2.4 -4356 -502
97685 60 2.4 -4324 -684
98945 60 2.4 -4192 792
100221 60 2.4 -4032 642
101513 60 2.4 -4544 954
102823 60 2.4 -4360 534
104149 60 2.4 -4264 -954
105492 60 2.4 -4376 -768
106853 60 2.4 -4100 -120
108231 60 2.4 -4316 370
109627 60 2.4 -4076 -10
111041 60 2.4 -4288 -176
112473 60 2.4 -4224 -802
113924 60 2.4 -4344 -46
115393 60 2.4 -4632 424
116882 60 2.4 -4324 -726
118389 60 2.4 -4320 454
119916 60 2.4 -4192 -634
121463 60 2.4 -4408 -434
123029 60 2.4 -4180 -298
124616 60 2.4 -4168 154
126224 60 2.4 -4028 330
127852 60 2.4 -4532 758
129501 60 2.4 -4012 650
131171 60 2.4 -4168 68
132863 60 2.4 -4616 -652
134576 60 2.4 -4272 -238
136312 60 2.4 -4392 362
138070 60 2.4 -4528 774
139851 60 2.4 -4252 1176
141655 60 2.4 -4608 -1264
143482 60 2.4 -4328 418
145333 60 2.4 -4344 -1010
147207 60 2.4 -4524 -250
149106 60 2.4 -4348 -134
151029 60 2.4 -4488 1232
152977 60 2.4 -4320 -612
154950 60 2.4 -4324 -866
156948 60 2.4 -4348 586
158973 60 2.4 -4080 702
161023 60 2.4 -4596 -1552
163100 60 2.4 -4356 -112
165204 60 2.4 -4492 356
167334 60 2.4 -4460 1182
169493 60 2.4 -4360 1248
171679 60 2.4 -4180 -270
173893 60 2.4 -4440 -326
176136 60 2.4 -4364 -314
178408 60 2.4 -4564 678
180709 60 2.4 -4644 1950
183040 60 2.4 -4200 42
185400 60 2.4 -4272 -132
187792 60 2.4 -4324 604
190214 60 2.4 -4128 602
192667 60 2.4 -4328 698
195152 60 2.4 -4380 -1068
197669 60 2.4 -4292 854
200219 60 2.4 -4292 -494
202801 60 2.4 -4488 1472
205417 60 2.4 -4344 64
208066 60 2.4 -4696 -1834
210750 60 2.4 -4484 410
213468 60 2.4 -4500 140
216222 60 2.4 -4312 -628
219010 60 2.4 -4368 942
221835 60 2.4 -4348 608
224696 60 2.4 -4196 -1074
227595 60 2.4 -4488 530
230530 60 2.4 -4080 -1036
233503 60 2.4 -4476 488
236515 60 2.4 -4204 -1218
239566 60 2.4 -4564 -70
242656 60 2.4 -4596 -864
245785 60 2.4 -4420 -212
248956 60 2.4 -4344 1048
252167 60 2.4 -4316 -616
255419 60 2.4 -4416 -1272
258713 60 2.4 -4260 590
262050 60 2.4 -4296 -858
265430 60 2.4 -4324 -190
268854 60 2.4 -4100 -324
272321 60 2.4 -4404 -154
275834 60 2.4 -4224 66
279391 60 2.4 -4116 270
282995 60 2.4 -4620 166
286645 60 2.4 -4320 -672
290342 60 2.4 -4276 1016
294087 60 2.4 -4332 514
297880 60 2.4 -4208 892
301722 60 2.4 -4452 420
305614 60 2.4 -4720 -324
309556 60 2.4 -4324 -90
313548 60 2.4 -4180 -196
317592 60 2.4 -4276 552
321689 60 2.4 -4164 -272
325838 60 2.4 -4168 -488
330040 60 2.4 -4380 -766
334297 60 2.4 -4560 62
338609 60 2.4 -4132 92
342976 60 2.4 -4116 244
347400 60 2.4 -4528 -1282
351881 60 2.4 -4176 -822
356419 60 2.4 -4316 654
361016 60 2.4 -4376 -846
365673 60 2.4 -4364 -270
370389 60 2.4 -4304 60
375167 60 2.4 -4328 550
380005 60 2.4 -4468 190
384907 60 2.4 -4308 328
389871 60 2.4 -4188 160
394900 60 2.4 -4072 -22
399993 60 2.4 -4244 960
405152 60 2.4 -4368 750
410378 60 2.4 -4348 -612
415671 60 2.4 -4468 -590
421032 60 2.4 -4388 -180
426463 60 2.4 -4548 1046
431963 60 2.4 -4292 -340
437535 60 2.4 -3980 30
443178 60 2.4 -4248 -46
448894 60 2.4 -4368 418
454684 60 2.4 -4252 264
460548 60 2.4 -4196 168
466489 60 2.4 -3888 -346
472505 60 2.4 -3908 -280
478600 60 2.4 -4684 -1446
484773 60 2.4 -4288 610
491025 60 2.4 -4096 -160
497358 60 2.4 -4452 1152
503773 60 2.4 -4240 -814
510271 60 2.4 -4352 126
516852 60 2.4 -4152 250
523519 60 2.4 -4356 -954
530271 60 2.4 -4416 -1088
537111 60 2.4 -4272 -932
544038 60 2.4 -4232 116
551055 60 2.4 -4216 12
558163 60 2.4 -4296 -542
565362 60 2.4 -4084 306
572654 60 2.4 -4040 366
580040 60 2.4 -4344 496
587521 60 2.4 -4220 550
595099 60 2.4 -4392 -368
602775 60 2.4 -4584 468
610549 60 2.4 -4136 412
618424 60 2.4 -4244 270
626400 60 2.4 -4236 1082
634480 60 2.4 -4288 -1014
642663 60 2.4 -4024 636
650952 60 2.4 -4272 -994
659348 60 2.4 -4768 -432
667853 60 2.4 -4240 -72
676467 60 2.4 -4220 704
685192 60 2.4 -4340 264
694029 60 2.4 -4296 -172
702981 60 2.4 -4652 902
712048 60 2.4 -4068 -94
721232 60 2.4 -4212 178
730534 60 2.4 -4336 -204
739957 60 2.4 -4224 524
749500 60 2.4 -4336 -684
759168 60 2.4 -4500 -944
768959 60 2.4 -4176 -26
778877 60 2.4 -4156 842
788923 60 2.4 -4296 -670
799099 60 2.4 -4380 1054
809405 60 2.4 -4412 -150
819845 60 2.4 -4328 -618
830419 60 2.4 -4060 -394
841130 60 2.4 -4060 194
851979 60 2.4 -4480 -924
862968 60 2.4 -4312 124
874098 60 2.4 -4548 1124
885373 60 2.4 -4196 202
896792 60 2.4 -4224 -148
908359 60 2.4 -4272 156
920075 60 2.4 -4296 -340
931942 60 2.4 -4384 176
943962 60 2.4 -4384 -198
956137 60 2.4 -4700 -1666
968470 60 2.4 -4188 46
980961 60 2.4 -4148 62
993613 60 2.4 -4236 -1260
999999 60 2.4 -4084 70
