3 20 2.2 -424 66
4 20 2.2 -412 82
5 20 2.2 -428 86
6 20 2.2 -452 126
7 20 2.2 -480 146
8 20 2.2 -496 164
9 20 2.2 -508 174
10 20 2.2 -480 178
11 20 2.2 -440 150
12 20 2.2 -476 170
13 20 2.2 -432 200
14 20 2.2 -488 208
15 20 2.2 -468 200
16 20 2.2 -436 192
17 20 2.2 -472 188
18 20 2.2 -484 168
19 20 2.2 -496 196
20 20 2.2 -504 214
21 20 2.2 -520 222
22 20 2.2 -568 222
23 20 2.2 -600 222
24 20 2.2 -584 228
25 20 2.2 -556 230
26 20 2.2 -572 258
27 20 2.2 -568 270
28 20 2.2 -584 284
29 20 2.2 -584 286
30 20 2.2 -580 314
31 20 2.2 -612 314
32 20 2.2 -604 310
33 20 2.2 -580 292
34 20 2.2 -556 286
35 20 2.2 -552 288
36 20 2.2 -604 310
37 20 2.2 -616 302
38 20 2.2 -588 282
39 20 2.2 -608 300
40 20 2.2 -620 304
41 20 2.2 -612 306
42 20 2.2 -592 316
43 20 2.2 -600 310
44 20 2.2 -604 320
45 20 2.2 -616 336
46 20 2.2 -612 328
47 20 2.2 -600 326
48 20 2.2 -612 340
49 20 2.2 -648 352
50 20 2.2 -684 356
51 20 2.2 -688 360
52 20 2.2 -664 352
53 20 2.2 -680 360
54 20 2.2 -664 354
55 20 2.2 -636 350
56 20 2.2 -652 350
57 20 2.2 -712 366
58 20 2.2 -716 368
59 20 2.2 -676 354
60 20 2.2 -680 364
61 20 2.2 -656 354
62 20 2.2 -632 346
63 20 2.2 -664 358
64 20 2.2 -704 370
65 20 2.2 -744 384
66 20 2.2 -692 372
67 20 2.2 -648 352
68 20 2.2 -672 350
69 20 2.2 -712 374
70 20 2.2 -680 366
71 20 2.2 -684 362
72 20 2.2 -696 368
73 20 2.2 -688 358
74 20 2.2 -664 352
75 20 2.2 -632 350
76 20 2.2 -596 334
77 20 2.2 -580 326
78 20 2.2 -636 344
79 20 2.2 -632 348
80 20 2.2 -688 366
81 20 2.2 -704 370
82 20 2.2 -724 380
83 20 2.2 -700 370
84 20 2.2 -648 352
85 20 2.2 -664 362
86 20 2.2 -680 364
88 20 2.2 -656 354
89 20 2.2 -640 344
90 20 2.2 -656 356
91 20 2.2 -652 348
92 20 2.2 -616 336
93 20 2.2 -608 332
95 20 2.2 -652 336
96 20 2.2 -644 340
97 20 2.2 -628 340
98 20 2.2 -620 346
99 20 2.2 -632 350
101 20 2.2 -652 358
102 20 2.2 -660 356
103 20 2.2 -664 360
105 20 2.2 -660 350
106 20 2.2 -664 356
107 20 2.2 -664 354
109 20 2.2 -652 354
110 20 2.2 -620 322
112 20 2.2 -652 334
113 20 2.2 -636 318
114 20 2.2 -592 294
116 20 2.2 -548 270
117 20 2.2 -568 278
119 20 2.2 -572 294
120 20 2.2 -564 304
122 20 2.2 -576 322
124 20 2.2 -600 314
125 20 2.2 -556 294
127 20 2.2 -600 320
128 20 2.2 -668 342
130 20 2.2 -664 348
132 20 2.2 -632 344
133 20 2.2 -632 338
135 20 2.2 -612 330
137 20 2.2 -620 330
139 20 2.2 -608 330
140 20 2.2 -600 322
142 20 2.2 -628 328
144 20 2.2 -600 326
146 20 2.2 -656 348
148 20 2.2 -624 320
150 20 2.2 -608 318
152 20 2.2 -584 302
154 20 2.2 -552 284
155 20 2.2 -608 308
157 20 2.2 -584 320
160 20 2.2 -604 306
162 20 2.2 -628 314
164 20 2.2 -568 306
166 20 2.2 -584 290
168 20 2.2 -608 296
170 20 2.2 -612 294
172 20 2.2 -644 318
174 20 2.2 -664 334
177 20 2.2 -664 352
179 20 2.2 -676 354
181 20 2.2 -640 338
184 20 2.2 -648 350
186 20 2.2 -688 360
188 20 2.2 -644 332
191 20 2.2 -652 350
193 20 2.2 -652 336
196 20 2.2 -540 274
198 20 2.2 -564 302
201 20 2.2 -624 314
203 20 2.2 -576 322
206 20 2.2 -704 370
209 20 2.2 -696 372
211 20 2.2 -680 364
214 20 2.2 -704 374
217 20 2.2 -688 364
220 20 2.2 -704 368
222 20 2.2 -664 362
225 20 2.2 -628 322
228 20 2.2 -632 316
231 20 2.2 -592 310
234 20 2.2 -588 300
237 20 2.2 -608 336
240 20 2.2 -648 346
243 20 2.2 -600 328
246 20 2.2 -636 336
250 20 2.2 -696 366
253 20 2.2 -656 354
256 20 2.2 -636 346
259 20 2.2 -688 362
263 20 2.2 -692 360
266 20 2.2 -636 356
269 20 2.2 -620 332
273 20 2.2 -636 328
276 20 2.2 -580 314
280 20 2.2 -608 326
284 20 2.2 -672 360
287 20 2.2 -664 346
291 20 2.2 -624 316
295 20 2.2 -668 348
298 20 2.2 -652 348
302 20 2.2 -644 336
306 20 2.2 -648 346
310 20 2.2 -672 356
314 20 2.2 -620 346
318 20 2.2 -588 326
322 20 2.2 -584 312
326 20 2.2 -640 338
331 20 2.2 -632 332
335 20 2.2 -616 320
339 20 2.2 -600 328
344 20 2.2 -692 356
348 20 2.2 -640 328
352 20 2.2 -652 328
357 20 2.2 -628 338
362 20 2.2 -572 302
366 20 2.2 -568 270
371 20 2.2 -544 230
376 20 2.2 -560 238
381 20 2.2 -548 262
385 20 2.2 -588 300
390 20 2.2 -584 284
395 20 2.2 -556 308
401 20 2.2 -576 316
406 20 2.2 -684 362
411 20 2.2 -652 352
416 20 2.2 -624 314
422 20 2.2 -636 338
427 20 2.2 -640 348
433 20 2.2 -600 318
438 20 2.2 -576 270
444 20 2.2 -596 290
449 20 2.2 -600 322
455 20 2.2 -532 292
461 20 2.2 -620 316
467 20 2.2 -660 352
473 20 2.2 -588 298
479 20 2.2 -672 316
485 20 2.2 -688 360
492 20 2.2 -636 344
498 20 2.2 -704 368
504 20 2.2 -664 356
511 20 2.2 -656 352
517 20 2.2 -628 346
524 20 2.2 -588 288
531 20 2.2 -692 370
538 20 2.2 -632 342
545 20 2.2 -564 302
552 20 2.2 -604 326
559 20 2.2 -652 354
566 20 2.2 -688 364
573 20 2.2 -640 336
581 20 2.2 -672 358
588 20 2.2 -632 324
596 20 2.2 -640 336
603 20 2.2 -620 312
611 20 2.2 -644 346
619 20 2.2 -664 354
627 20 2.2 -592 318
635 20 2.2 -596 324
643 20 2.2 -636 324
652 20 2.2 -612 320
660 20 2.2 -628 320
668 20 2.2 -608 338
677 20 2.2 -704 364
686 20 2.2 -648 334
695 20 2.2 -604 300
704 20 2.2 -608 306
713 20 2.2 -652 350
722 20 2.2 -632 326
731 20 2.2 -532 290
741 20 2.2 -632 342
750 20 2.2 -648 318
760 20 2.2 -620 342
770 20 2.2 -672 342
780 20 2.2 -632 348
790 20 2.2 -568 316
800 20 2.2 -668 344
810 20 2.2 -636 332
821 20 2.2 -600 338
831 20 2.2 -688 356
842 20 2.2 -592 308
853 20 2.2 -660 350
864 20 2.2 -636 348
875 20 2.2 -692 366
886 20 2.2 -636 320
897 20 2.2 -648 346
909 20 2.2 -656 346
921 20 2.2 -612 312
933 20 2.2 -704 372
945 20 2.2 -652 354
957 20 2.2 -664 356
969 20 2.2 -664 346
982 20 2.2 -676 350
994 20 2.2 -604 322
1007 20 2.2 -684 360
1020 20 2.2 -716 374
1033 20 2.2 -680 334
1047 20 2.2 -636 348
1060 20 2.2 -692 354
1074 20 2.2 -548 222
1088 20 2.2 -636 302
1102 20 2.2 -556 284
1116 20 2.2 -656 330
1130 20 2.2 -652 336
1145 20 2.2 -656 338
1160 20 2.2 -648 346
1174 20 2.2 -608 324
1190 20 2.2 -616 332
1205 20 2.2 -640 346
1220 20 2.2 -544 314
1236 20 2.2 -624 334
1252 20 2.2 -740 384
1268 20 2.2 -544 264
1285 20 2.2 -688 366
1301 20 2.2 -608 318
1318 20 2.2 -584 258
1335 20 2.2 -624 334
1352 20 2.2 -604 282
1370 20 2.2 -588 280
1387 20 2.2 -604 320
1405 20 2.2 -608 334
1423 20 2.2 -644 348
1442 20 2.2 -592 300
1460 20 2.2 -660 342
1479 20 2.2 -700 366
1498 20 2.2 -688 362
1517 20 2.2 -540 284
1537 20 2.2 -652 342
1557 20 2.2 -612 340
1577 20 2.2 -644 336
1597 20 2.2 -640 342
1618 20 2.2 -676 358
1639 20 2.2 -664 356
1660 20 2.2 -676 350
1681 20 2.2 -672 360
1703 20 2.2 -652 348
1725 20 2.2 -600 316
1747 20 2.2 -660 358
1770 20 2.2 -592 332
1792 20 2.2 -676 356
1816 20 2.2 -660 356
1839 20 2.2 -480 202
1863 20 2.2 -572 214
1887 20 2.2 -540 276
1911 20 2.2 -652 346
1936 20 2.2 -652 334
1961 20 2.2 -632 328
1986 20 2.2 -552 282
2012 20 2.2 -604 300
2037 20 2.2 -544 284
2064 20 2.2 -456 240
2090 20 2.2 -564 280
2117 20 2.2 -632 332
2145 20 2.2 -652 350
2172 20 2.2 -652 352
2200 20 2.2 -680 362
2229 20 2.2 -676 356
2257 20 2.2 -676 366
2286 20 2.2 -520 240
2316 20 2.2 -528 170
2346 20 2.2 -652 350
2376 20 2.2 -572 318
2407 20 2.2 -600 310
2438 20 2.2 -568 294
2469 20 2.2 -592 290
2501 20 2.2 -620 334
2533 20 2.2 -552 280
2566 20 2.2 -656 344
2599 20 2.2 -684 362
2633 20 2.2 -556 302
2667 20 2.2 -664 360
2701 20 2.2 -616 334
2736 20 2.2 -636 334
2771 20 2.2 -548 306
2807 20 2.2 -640 350
2843 20 2.2 -624 336
2880 20 2.2 -584 318
2917 20 2.2 -600 324
2954 20 2.2 -628 332
2992 20 2.2 -688 360
3031 20 2.2 -576 320
3070 20 2.2 -664 358
3110 20 2.2 -640 352
3150 20 2.2 -636 314
3190 20 2.2 -592 278
3232 20 2.2 -656 344
3273 20 2.2 -564 220
3315 20 2.2 -604 318
3358 20 2.2 -692 358
3402 20 2.2 -656 346
3445 20 2.2 -620 316
3490 20 2.2 -628 332
3535 20 2.2 -604 324
3580 20 2.2 -524 224
3627 20 2.2 -596 302
3673 20 2.2 -612 338
3721 20 2.2 -648 356
3769 20 2.2 -724 372
3817 20 2.2 -540 270
3867 20 2.2 -632 334
3916 20 2.2 -600 328
3967 20 2.2 -640 342
4018 20 2.2 -616 310
4070 20 2.2 -688 366
4122 20 2.2 -664 344
4176 20 2.2 -724 376
4229 20 2.2 -600 310
4284 20 2.2 -616 312
4339 20 2.2 -596 318
4395 20 2.2 -640 344
4452 20 2.2 -564 246
4509 20 2.2 -588 326
4567 20 2.2 -700 360
4626 20 2.2 -660 352
4686 20 2.2 -604 338
4746 20 2.2 -684 342
4808 20 2.2 -632 344
4870 20 2.2 -608 336
4932 20 2.2 -668 348
4996 20 2.2 -616 324
5060 20 2.2 -660 352
5126 20 2.2 -640 328
5192 20 2.2 -700 372
5259 20 2.2 -612 318
5327 20 2.2 -572 298
5395 20 2.2 -588 324
5465 20 2.2 -556 260
5535 20 2.2 -588 294
5607 20 2.2 -596 314
5679 20 2.2 -592 280
5752 20 2.2 -640 352
5826 20 2.2 -580 314
5902 20 2.2 -624 318
5978 20 2.2 -572 324
6055 20 2.2 -656 346
6133 20 2.2 -564 284
6212 20 2.2 -676 360
6292 20 2.2 -624 322
6373 20 2.2 -672 362
6455 20 2.2 -644 354
6539 20 2.2 -700 366
6623 20 2.2 -648 348
6708 20 2.2 -648 340
6795 20 2.2 -612 324
6883 20 2.2 -644 346
6971 20 2.2 -672 346
7061 20 2.2 -520 240
7152 20 2.2 -604 338
7245 20 2.2 -620 336
7338 20 2.2 -628 310
7433 20 2.2 -700 366
7529 20 2.2 -632 338
7626 20 2.2 -640 334
7724 20 2.2 -620 294
7824 20 2.2 -532 296
7925 20 2.2 -668 364
8027 20 2.2 -652 354
8130 20 2.2 -672 360
8235 20 2.2 -640 322
8341 20 2.2 -552 296
8449 20 2.2 -612 326
8558 20 2.2 -624 336
8668 20 2.2 -596 298
8780 20 2.2 -660 358
8893 20 2.2 -588 286
9008 20 2.2 -568 214
9124 20 2.2 -512 234
9242 20 2.2 -664 352
9361 20 2.2 -568 288
9482 20 2.2 -640 332
9604 20 2.2 -648 342
9728 20 2.2 -636 316
9853 20 2.2 -604 342
9980 20 2.2 -676 366
10109 20 2.2 -616 318
10240 20 2.2 -688 364
10372 20 2.2 -572 314
10505 20 2.2 -656 346
10641 20 2.2 -616 330
10778 20 2.2 -560 318
10917 20 2.2 -640 332
11058 20 2.2 -596 306
11201 20 2.2 -620 344
11345 20 2.2 -504 162
11491 20 2.2 -588 276
11640 20 2.2 -612 342
11790 20 2.2 -636 312
11942 20 2.2 -664 352
12096 20 2.2 -716 378
12252 20 2.2 -684 352
12410 20 2.2 -660 356
12570 20 2.2 -656 346
12732 20 2.2 -592 256
12896 20 2.2 -564 280
13062 20 2.2 -604 328
13231 20 2.2 -624 316
13402 20 2.2 -628 326
13574 20 2.2 -644 352
13750 20 2.2 -640 352
13927 20 2.2 -624 294
14106 20 2.2 -628 342
14288 20 2.2 -512 246
14473 20 2.2 -576 252
14659 20 2.2 -688 368
14848 20 2.2 -552 240
15040 20 2.2 -528 222
15234 20 2.2 -536 296
15430 20 2.2 -696 352
15629 20 2.2 -660 336
15831 20 2.2 -616 340
16035 20 2.2 -648 336
16242 20 2.2 -596 312
16451 20 2.2 -652 356
16664 20 2.2 -612 332
16879 20 2.2 -532 136
17096 20 2.2 -652 294
17317 20 2.2 -588 314
17540 20 2.2 -516 188
17766 20 2.2 -556 -92
17995 20 2.2 -628 -330
18228 20 2.2 -640 -348
18463 20 2.2 -660 -338
18701 20 2.2 -620 -330
18942 20 2.2 -576 -248
19186 20 2.2 -680 -356
19434 20 2.2 -692 -366
19684 20 2.2 -620 -340
19938 20 2.2 -544 -48
20195 20 2.2 -640 -346
20456 20 2.2 -660 -356
20720 20 2.2 -672 -356
20987 20 2.2 -676 -358
21258 20 2.2 -600 -326
21532 20 2.2 -640 -336
21810 20 2.2 -596 -260
22091 20 2.2 -588 -318
22376 20 2.2 -616 -322
22664 20 2.2 -596 -308
22957 20 2.2 -496 -126
23253 20 2.2 -672 358
23553 20 2.2 -652 346
23856 20 2.2 -676 348
24164 20 2.2 -640 340
24476 20 2.2 -604 298
24791 20 2.2 -676 352
25111 20 2.2 -672 360
25435 20 2.2 -628 334
25763 20 2.2 -664 350
26095 20 2.2 -608 304
26432 20 2.2 -632 344
26773 20 2.2 -568 230
27118 20 2.2 -524 270
27468 20 2.2 -660 354
27822 20 2.2 -672 362
28181 20 2.2 -632 332
28545 20 2.2 -636 344
28913 20 2.2 -676 360
29286 20 2.2 -604 192
29663 20 2.2 -600 278
30046 20 2.2 -492 146
30434 20 2.2 -528 270
30826 20 2.2 -584 302
31224 20 2.2 -604 332
31626 20 2.2 -544 208
32034 20 2.2 -652 346
32447 20 2.2 -672 346
32866 20 2.2 -660 348
33290 20 2.2 -572 310
33719 20 2.2 -576 288
34154 20 2.2 -560 186
34595 20 2.2 -580 304
35041 20 2.2 -612 330
35493 20 2.2 -684 332
35951 20 2.2 -624 336
36414 20 2.2 -652 352
36884 20 2.2 -724 360
37360 20 2.2 -572 196
37841 20 2.2 -648 354
38330 20 2.2 -528 240
38824 20 2.2 -616 308
39325 20 2.2 -564 -296
39832 20 2.2 -644 -350
40346 20 2.2 -588 -322
40866 20 2.2 -672 -336
41393 20 2.2 -564 -238
41927 20 2.2 -712 -374
42468 20 2.2 -640 -344
43015 20 2.2 -568 -286
43570 20 2.2 -580 -240
44132 20 2.2 -664 -356
44701 20 2.2 -660 -358
45278 20 2.2 -528 -140
45862 20 2.2 -600 -338
46453 20 2.2 -648 -348
47053 20 2.2 -600 -330
47660 20 2.2 -628 -334
48274 20 2.2 -648 -346
48897 20 2.2 -536 -278
49528 20 2.2 -684 -360
50166 20 2.2 -592 -278
50813 20 2.2 -616 -290
51469 20 2.2 -668 -342
52133 20 2.2 -604 -296
52805 20 2.2 -660 -348
53486 20 2.2 -676 -360
54176 20 2.2 -596 -320
54875 20 2.2 -716 -374
55582 20 2.2 -536 -198
56299 20 2.2 -576 -312
57025 20 2.2 -648 -338
57761 20 2.2 -540 -300
58506 20 2.2 -624 -342
59261 20 2.2 -652 -346
60025 20 2.2 -700 -368
60799 20 2.2 -556 -288
61583 20 2.2 -672 -362
62378 20 2.2 -660 -356
63182 20 2.2 -688 -358
63997 20 2.2 -620 -332
64822 20 2.2 -620 -304
65658 20 2.2 -652 -352
66505 20 2.2 -564 -300
67363 20 2.2 -620 -332
68232 20 2.2 -548 -254
69112 20 2.2 -676 -332
70003 20 2.2 -600 -326
70906 20 2.2 -664 -326
71821 20 2.2 -696 366
72747 20 2.2 -624 318
73685 20 2.2 -596 286
74636 20 2.2 -608 334
75599 20 2.2 -688 366
76574 20 2.2 -512 202
77561 20 2.2 -520 248
78562 20 2.2 -676 358
79575 20 2.2 -600 286
80601 20 2.2 -664 356
81641 20 2.2 -664 338
82694 20 2.2 -644 344
83760 20 2.2 -644 350
84841 20 2.2 -616 330
85935 20 2.2 -672 356
87043 20 2.2 -588 292
88166 20 2.2 -740 384
89303 20 2.2 -592 314
90455 20 2.2 -688 364
91622 20 2.2 -684 364
92803 20 2.2 -676 346
94000 20 2.2 -568 264
95213 20 2.2 -724 378
96441 20 2.2 -676 362
97685 20 2.2 -588 306
98945 20 2.2 -596 -330
100221 20 2.2 -596 -334
101513 20 2.2 -644 -340
102823 20 2.2 -608 -338
104149 20 2.2 -672 -358
105492 20 2.2 -640 -342
106853 20 2.2 -580 -302
108231 20 2.2 -588 -270
109627 20 2.2 -676 -362
111041 20 2.2 -612 -338
112473 20 2.2 -696 -364
113924 20 2.2 -628 -338
115393 20 2.2 -664 -354
116882 20 2.2 -644 -344
118389 20 2.2 -560 -272
119916 20 2.2 -668 -360
121463 20 2.2 -608 -324
123029 20 2.2 -508 -228
124616 20 2.2 -616 -330
126224 20 2.2 -588 -314
127852 20 2.2 -460 -106
129501 20 2.2 -656 -354
131171 20 2.2 -660 -344
132863 20 2.2 -688 -356
134576 20 2.2 -640 -340
136312 20 2.2 -664 338
138070 20 2.2 -576 284
139851 20 2.2 -668 338
141655 20 2.2 -604 328
143482 20 2.2 -660 352
145333 20 2.2 -644 292
147207 20 2.2 -620 340
149106 20 2.2 -548 288
151029 20 2.2 -648 350
152977 20 2.2 -672 346
154950 20 2.2 -656 332
156948 20 2.2 -564 -304
158973 20 2.2 -540 -280
161023 20 2.2 -700 -358
163100 20 2.2 -640 -336
165204 20 2.2 -632 -342
167334 20 2.2 -572 -164
169493 20 2.2 -604 -324
171679 20 2.2 -660 -332
173893 20 2.2 -608 -310
176136 20 2.2 -536 188
178408 20 2.2 -568 254
180709 20 2.2 -500 230
183040 20 2.2 -584 296
185400 20 2.2 -660 348
187792 20 2.2 -716 376
190214 20 2.2 -612 304
192667 20 2.2 -692 358
195152 20 2.2 -584 314
197669 20 2.2 -660 -358
200219 20 2.2 -612 -298
202801 20 2.2 -672 -360
205417 20 2.2 -684 -362
208066 20 2.2 -600 268
210750 20 2.2 -524 266
213468 20 2.2 -592 320
216222 20 2.2 -652 352
219010 20 2.2 -604 334
221835 20 2.2 -624 -308
224696 20 2.2 -672 -334
227595 20 2.2 -564 -226
230530 20 2.2 -672 -360
233503 20 2.2 -628 -348
236515 20 2.2 -608 -326
239566 20 2.2 -600 -292
242656 20 2.2 -628 342
245785 20 2.2 -676 356
248956 20 2.2 -600 328
252167 20 2.2 -596 302
255419 20 2.2 -644 344
258713 20 2.2 -616 -302
262050 20 2.2 -520 -146
265430 20 2.2 -656 -340
268854 20 2.2 -604 -326
272321 20 2.2 -636 352
275834 20 2.2 -624 342
279391 20 2.2 -616 320
282995 20 2.2 -624 298
286645 20 2.2 -628 -346
290342 20 2.2 -604 -334
294087 20 2.2 -532 -312
297880 20 2.2 -640 -346
301722 20 2.2 -540 -166
305614 20 2.2 -596 -282
309556 20 2.2 -556 -210
313548 20 2.2 -616 -328
317592 20 2.2 -588 -306
321689 20 2.2 -628 -310
325838 20 2.2 -660 -360
330040 20 2.2 -672 348
334297 20 2.2 -544 162
338609 20 2.2 -652 348
342976 20 2.2 -668 -354
347400 20 2.2 -668 360
351881 20 2.2 -652 350
356419 20 2.2 -640 338
361016 20 2.2 -572 -300
365673 20 2.2 -680 -360
370389 20 2.2 -692 360
375167 20 2.2 -644 -344
380005 20 2.2 -588 302
384907 20 2.2 -636 346
389871 20 2.2 -688 -360
394900 20 2.2 -644 -352
399993 20 2.2 -584 -302
405152 20 2.2 -616 -216
410378 20 2.2 -608 278
415671 20 2.2 -512 272
421032 20 2.2 -696 366
426463 20 2.2 -492 128
431963 20 2.2 -644 348
437535 20 2.2 -588 308
443178 20 2.2 -540 214
448894 20 2.2 -568 304
454684 20 2.2 -632 320
460548 20 2.2 -620 332
466489 20 2.2 -608 338
472505 20 2.2 -604 322
478600 20 2.2 -480 228
484773 20 2.2 -632 340
491025 20 2.2 -580 320
497358 20 2.2 -648 354
503773 20 2.2 -656 356
510271 20 2.2 -612 316
516852 20 2.2 -612 328
523519 20 2.2 -616 340
530271 20 2.2 -568 -320
537111 20 2.2 -624 318
544038 20 2.2 -584 -312
551055 20 2.2 -576 314
558163 20 2.2 -660 342
565362 20 2.2 -604 -230
572654 20 2.2 -620 -302
580040 20 2.2 -592 -286
587521 20 2.2 -672 -356
595099 20 2.2 -556 254
602775 20 2.2 -660 342
610549 20 2.2 -632 342
618424 20 2.2 -668 352
626400 20 2.2 -640 324
634480 20 2.2 -584 312
642663 20 2.2 -568 -276
650952 20 2.2 -604 -328
659348 20 2.2 -544 -200
667853 20 2.2 -588 -334
676467 20 2.2 -596 330
685192 20 2.2 -632 344
694029 20 2.2 -624 -336
702981 20 2.2 -564 316
712048 20 2.2 -592 306
721232 20 2.2 -668 358
730534 20 2.2 -624 322
739957 20 2.2 -620 -312
749500 20 2.2 -680 -352
759168 20 2.2 -644 -338
768959 20 2.2 -640 -322
778877 20 2.2 -628 -346
788923 20 2.2 -568 -312
799099 20 2.2 -616 -324
809405 20 2.2 -684 -368
819845 20 2.2 -628 -336
830419 20 2.2 -636 342
841130 20 2.2 -556 -276
851979 20 2.2 -536 -258
862968 20 2.2 -560 264
874098 20 2.2 -660 344
885373 20 2.2 -544 266
896792 20 2.2 -696 366
908359 20 2.2 -720 -376
920075 20 2.2 -664 338
931942 20 2.2 -620 316
943962 20 2.2 -680 -358
956137 20 2.2 -680 356
968470 20 2.2 -568 314
980961 20 2.2 -572 298
993613 20 2.2 -608 310
999999 20 2.2 -620 324
