3 140 2.3 -18380 80
4 140 2.3 -19552 -100
5 140 2.3 -20480 -256
6 140 2.3 -21096 -136
7 140 2.3 -21784 -242
8 140 2.3 -22144 -126
9 140 2.3 -22432 88
10 140 2.3 -22588 92
11 140 2.3 -22780 118
12 140 2.3 -22848 110
13 140 2.3 -22992 152
14 140 2.3 -23100 142
15 140 2.3 -23616 186
16 140 2.3 -23772 14
17 140 2.3 -23984 34
18 140 2.3 -24172 10
19 140 2.3 -24116 -144
20 140 2.3 -24484 -318
21 140 2.3 -24268 -304
22 140 2.3 -24064 -508
23 140 2.3 -24404 -398
24 140 2.3 -24612 -806
25 140 2.3 -24360 -674
26 140 2.3 -24504 -760
27 140 2.3 -24484 -826
28 140 2.3 -24316 -724
29 140 2.3 -24392 -654
30 140 2.3 -23944 -850
31 140 2.3 -24196 -982
32 140 2.3 -24144 -1022
33 140 2.3 -24520 -874
34 140 2.3 -24696 -902
35 140 2.3 -24692 -872
36 140 2.3 -24496 -716
37 140 2.3 -24716 -886
38 140 2.3 -24928 -988
39 140 2.3 -25304 -976
40 140 2.3 -25196 -896
41 140 2.3 -25120 -946
42 140 2.3 -24740 -956
43 140 2.3 -24924 -1104
44 140 2.3 -24704 -1494
45 140 2.3 -24788 -1454
46 140 2.3 -24912 -1512
47 140 2.3 -25032 -1526
48 140 2.3 -25116 -1712
49 140 2.3 -24796 -1642
50 140 2.3 -24876 -1744
51 140 2.3 -24632 -1636
52 140 2.3 -25200 -1486
53 140 2.3 -25296 -1720
54 140 2.3 -25124 -1756
55 140 2.3 -24888 -1610
56 140 2.3 -25028 -1546
57 140 2.3 -24764 -1688
58 140 2.3 -24864 -1772
59 140 2.3 -24756 -1734
60 140 2.3 -25128 -1824
61 140 2.3 -24776 -1526
62 140 2.3 -24884 -1424
63 140 2.3 -24596 -1608
64 140 2.3 -24564 -1582
65 140 2.3 -24920 -1696
66 140 2.3 -24940 -1736
67 140 2.3 -24888 -1616
68 140 2.3 -24900 -1684
69 140 2.3 -24840 -1754
70 140 2.3 -24776 -1784
71 140 2.3 -24860 -1880
72 140 2.3 -24684 -1746
73 140 2.3 -25012 -1826
74 140 2.3 -24944 -1768
75 140 2.3 -25120 -1596
76 140 2.3 -25104 -1888
77 140 2.3 -25160 -1850
78 140 2.3 -24988 -2046
79 140 2.3 -24828 -2162
80 140 2.3 -25180 -2044
81 140 2.3 -25028 -2086
82 140 2.3 -24872 -1810
83 140 2.3 -24812 -2052
84 140 2.3 -24700 -1892
85 140 2.3 -24616 -1888
86 140 2.3 -24696 -2050
88 140 2.3 -24852 -2186
89 140 2.3 -24716 -2110
90 140 2.3 -24776 -2056
91 140 2.3 -24732 -1984
92 140 2.3 -24748 -1840
93 140 2.3 -24716 -1688
95 140 2.3 -24980 -1950
96 140 2.3 -24996 -1840
97 140 2.3 -25024 -1750
98 140 2.3 -25088 -1686
99 140 2.3 -24872 -1536
101 140 2.3 -25204 -1306
102 140 2.3 -25448 -1232
103 140 2.3 -25324 -1292
105 140 2.3 -25248 -1158
106 140 2.3 -25036 -1314
107 140 2.3 -25520 -1370
109 140 2.3 -25460 -1570
110 140 2.3 -25648 -1186
112 140 2.3 -25744 -954
113 140 2.3 -25856 -722
114 140 2.3 -26020 -702
116 140 2.3 -25960 -488
117 140 2.3 -25836 -600
119 140 2.3 -25536 -646
120 140 2.3 -25696 -576
122 140 2.3 -26136 -296
124 140 2.3 -25888 -256
125 140 2.3 -25536 -192
127 140 2.3 -25300 -200
128 140 2.3 -25288 -174
130 140 2.3 -25304 -66
132 140 2.3 -25548 -178
133 140 2.3 -25504 -238
135 140 2.3 -25648 -440
137 140 2.3 -25628 -304
139 140 2.3 -25684 -194
140 140 2.3 -25816 -330
142 140 2.3 -26048 -412
144 140 2.3 -25768 -428
146 140 2.3 -25488 -564
148 140 2.3 -25768 -646
150 140 2.3 -25756 -464
152 140 2.3 -25672 -572
154 140 2.3 -25740 -446
155 140 2.3 -25668 -436
157 140 2.3 -25564 -346
160 140 2.3 -25824 -330
162 140 2.3 -25784 -396
164 140 2.3 -25736 -1028
166 140 2.3 -25580 -954
168 140 2.3 -25476 -956
170 140 2.3 -25816 -1218
172 140 2.3 -25788 -1214
174 140 2.3 -25460 -1192
177 140 2.3 -25876 -878
179 140 2.3 -26208 -588
181 140 2.3 -26316 -756
184 140 2.3 -26092 -752
186 140 2.3 -25640 -490
188 140 2.3 -25748 -500
191 140 2.3 -25916 -742
193 140 2.3 -25904 -462
196 140 2.3 -25672 -112
198 140 2.3 -25736 58
201 140 2.3 -26176 362
203 140 2.3 -25692 400
206 140 2.3 -25836 680
209 140 2.3 -25672 988
211 140 2.3 -25448 998
214 140 2.3 -25084 1286
217 140 2.3 -25600 1186
220 140 2.3 -25060 1100
222 140 2.3 -25592 1382
225 140 2.3 -25468 1128
228 140 2.3 -25744 924
231 140 2.3 -25520 786
234 140 2.3 -25332 750
237 140 2.3 -26152 940
240 140 2.3 -25812 1116
243 140 2.3 -26144 1132
246 140 2.3 -26380 798
250 140 2.3 -26056 1278
253 140 2.3 -26292 1406
256 140 2.3 -26300 1488
259 140 2.3 -26128 1518
263 140 2.3 -26160 1344
266 140 2.3 -26644 1266
269 140 2.3 -26216 1340
273 140 2.3 -26064 1290
276 140 2.3 -26436 1478
280 140 2.3 -26088 1282
284 140 2.3 -26116 1464
287 140 2.3 -25824 1376
291 140 2.3 -25912 1650
295 140 2.3 -26044 1586
298 140 2.3 -26316 1640
302 140 2.3 -26140 1574
306 140 2.3 -26156 1662
310 140 2.3 -26068 1872
314 140 2.3 -26212 1974
318 140 2.3 -26068 2190
322 140 2.3 -26036 2156
326 140 2.3 -25532 1874
331 140 2.3 -25200 1488
335 140 2.3 -25428 1462
339 140 2.3 -25720 1212
344 140 2.3 -25504 1136
348 140 2.3 -25532 804
352 140 2.3 -25440 804
357 140 2.3 -25772 868
362 140 2.3 -26124 1036
366 140 2.3 -26132 1146
371 140 2.3 -25548 724
376 140 2.3 -25780 738
381 140 2.3 -26072 612
385 140 2.3 -25956 248
390 140 2.3 -26124 62
395 140 2.3 -26324 -638
401 140 2.3 -25880 -536
406 140 2.3 -26164 -676
411 140 2.3 -26072 -1060
416 140 2.3 -25992 -520
422 140 2.3 -26136 -832
427 140 2.3 -26000 -814
433 140 2.3 -25580 -490
438 140 2.3 -25552 -136
444 140 2.3 -25324 -312
449 140 2.3 -26120 -164
455 140 2.3 -25340 -600
461 140 2.3 -25964 -202
467 140 2.3 -25712 78
473 140 2.3 -26180 384
479 140 2.3 -25888 68
485 140 2.3 -26028 -88
492 140 2.3 -25880 -154
498 140 2.3 -25732 -198
504 140 2.3 -26052 -500
511 140 2.3 -25484 -280
517 140 2.3 -26232 -792
524 140 2.3 -25820 -798
531 140 2.3 -25752 -500
538 140 2.3 -25184 -1006
545 140 2.3 -25856 -664
552 140 2.3 -26024 -1040
559 140 2.3 -26164 -964
566 140 2.3 -25884 -794
573 140 2.3 -25824 -448
581 140 2.3 -26584 -850
588 140 2.3 -26396 -770
596 140 2.3 -26304 -502
603 140 2.3 -25724 -854
611 140 2.3 -26024 -440
619 140 2.3 -26460 -118
627 140 2.3 -26036 -132
635 140 2.3 -26484 214
643 140 2.3 -26352 -116
652 140 2.3 -26268 134
660 140 2.3 -26496 -68
668 140 2.3 -26212 378
677 140 2.3 -25984 578
686 140 2.3 -26552 616
695 140 2.3 -26288 196
704 140 2.3 -25548 254
713 140 2.3 -25720 218
722 140 2.3 -26148 -232
731 140 2.3 -25864 220
741 140 2.3 -26032 462
750 140 2.3 -26472 910
760 140 2.3 -26424 808
770 140 2.3 -26028 744
780 140 2.3 -26464 1066
790 140 2.3 -26200 784
800 140 2.3 -26240 616
810 140 2.3 -26020 692
821 140 2.3 -26512 650
831 140 2.3 -26416 1056
842 140 2.3 -26484 664
853 140 2.3 -26608 114
864 140 2.3 -26892 76
875 140 2.3 -26588 -464
886 140 2.3 -26260 -780
897 140 2.3 -26260 -1324
909 140 2.3 -26160 -1170
921 140 2.3 -25792 -1206
933 140 2.3 -25572 -734
945 140 2.3 -25596 -1486
957 140 2.3 -25648 -1610
969 140 2.3 -26388 -2164
982 140 2.3 -26352 -2180
994 140 2.3 -26064 -2764
1007 140 2.3 -26364 -3076
1020 140 2.3 -25752 -2694
1033 140 2.3 -26728 -3396
1047 140 2.3 -26056 -3608
1060 140 2.3 -26352 -4376
1074 140 2.3 -26516 -3918
1088 140 2.3 -26444 -3772
1102 140 2.3 -26180 -3530
1116 140 2.3 -25804 -3498
1130 140 2.3 -26368 -2856
1145 140 2.3 -26616 -2384
1160 140 2.3 -25932 -2300
1174 140 2.3 -26364 -2238
1190 140 2.3 -26600 -2552
1205 140 2.3 -25740 -2776
1220 140 2.3 -26572 -2410
1236 140 2.3 -26200 -1494
1252 140 2.3 -26268 -1606
1268 140 2.3 -26420 -2048
1285 140 2.3 -26000 -2806
1301 140 2.3 -25948 -2642
1318 140 2.3 -26184 -2126
1335 140 2.3 -25556 -2170
1352 140 2.3 -25992 -2736
1370 140 2.3 -26312 -3104
1387 140 2.3 -26656 -2342
1405 140 2.3 -26296 -2472
1423 140 2.3 -25948 -2610
1442 140 2.3 -26236 -3224
1460 140 2.3 -26276 -3036
1479 140 2.3 -25640 -2520
1498 140 2.3 -25976 -2006
1517 140 2.3 -26136 -1402
1537 140 2.3 -25980 -1752
1557 140 2.3 -25624 -1956
1577 140 2.3 -26304 -1642
1597 140 2.3 -26040 -2248
1618 140 2.3 -26308 -2852
1639 140 2.3 -25748 -3270
1660 140 2.3 -25928 -3800
1681 140 2.3 -26916 -3478
1703 140 2.3 -25944 -3208
1725 140 2.3 -26308 -2052
1747 140 2.3 -26464 -2290
1770 140 2.3 -25984 -1614
1792 140 2.3 -27120 -1550
1816 140 2.3 -26612 -700
1839 140 2.3 -26120 -42
1863 140 2.3 -26920 342
1887 140 2.3 -25756 632
1911 140 2.3 -26092 1246
1936 140 2.3 -26656 1702
1961 140 2.3 -26240 2386
1986 140 2.3 -26300 2692
2012 140 2.3 -25716 2696
2037 140 2.3 -26292 3662
2064 140 2.3 -26040 2770
2090 140 2.3 -26028 3674
2117 140 2.3 -26068 4332
2145 140 2.3 -26084 4508
2172 140 2.3 -26020 3622
2200 140 2.3 -25640 4038
2229 140 2.3 -25696 3372
2257 140 2.3 -26040 4084
2286 140 2.3 -26136 4308
2316 140 2.3 -26276 5504
2346 140 2.3 -26564 6222
2376 140 2.3 -26068 5852
2407 140 2.3 -26308 5448
2438 140 2.3 -26144 5058
2469 140 2.3 -26860 5326
2501 140 2.3 -25920 5106
2533 140 2.3 -26144 5038
2566 140 2.3 -26168 5004
2599 140 2.3 -26556 5668
2633 140 2.3 -26304 6470
2667 140 2.3 -26540 6122
2701 140 2.3 -26060 5704
2736 140 2.3 -25892 5660
2771 140 2.3 -26324 6388
2807 140 2.3 -25924 6192
2843 140 2.3 -26372 6200
2880 140 2.3 -25760 5582
2917 140 2.3 -26016 6206
2954 140 2.3 -26484 5970
2992 140 2.3 -26232 6512
3031 140 2.3 -26476 7128
3070 140 2.3 -26532 6182
3110 140 2.3 -26852 5092
3150 140 2.3 -26684 4370
3190 140 2.3 -26320 4104
3232 140 2.3 -26916 4834
3273 140 2.3 -26440 4248
3315 140 2.3 -26660 4116
3358 140 2.3 -25888 4114
3402 140 2.3 -25888 2906
3445 140 2.3 -26252 2956
3490 140 2.3 -26204 1834
3535 140 2.3 -25392 1508
3580 140 2.3 -25828 508
3627 140 2.3 -26168 1718
3673 140 2.3 -25816 2180
3721 140 2.3 -25808 1426
3769 140 2.3 -25892 1910
3817 140 2.3 -25944 -274
3867 140 2.3 -26048 466
3916 140 2.3 -25516 -884
3967 140 2.3 -25624 -652
4018 140 2.3 -25916 182
4070 140 2.3 -25644 -1132
4122 140 2.3 -26020 -2158
4176 140 2.3 -26464 -1748
4229 140 2.3 -25604 -3394
4284 140 2.3 -26060 -2466
4339 140 2.3 -26776 -2646
4395 140 2.3 -27184 -4124
4452 140 2.3 -26700 -3550
4509 140 2.3 -26536 -3296
4567 140 2.3 -25720 -2492
4626 140 2.3 -25316 -2296
4686 140 2.3 -25976 -2810
4746 140 2.3 -25732 -3708
4808 140 2.3 -26148 -4112
4870 140 2.3 -26068 -5124
4932 140 2.3 -26744 -5224
4996 140 2.3 -26300 -4800
5060 140 2.3 -26092 -5350
5126 140 2.3 -26468 -5858
5192 140 2.3 -26432 -5774
5259 140 2.3 -26472 -6284
5327 140 2.3 -26728 -7316
5395 140 2.3 -26232 -5960
5465 140 2.3 -26548 -7484
5535 140 2.3 -26708 -8772
5607 140 2.3 -26952 -8034
5679 140 2.3 -26328 -6720
5752 140 2.3 -26380 -6112
5826 140 2.3 -26676 -7244
5902 140 2.3 -26344 -7670
5978 140 2.3 -26280 -7926
6055 140 2.3 -26576 -8378
6133 140 2.3 -26564 -9318
6212 140 2.3 -27656 -10550
6292 140 2.3 -26448 -8330
6373 140 2.3 -26888 -7800
6455 140 2.3 -26676 -8332
6539 140 2.3 -25636 -5826
6623 140 2.3 -26364 -6590
6708 140 2.3 -27024 -7540
6795 140 2.3 -26528 -8366
6883 140 2.3 -26276 -7776
6971 140 2.3 -26716 -8064
7061 140 2.3 -27380 -7886
7152 140 2.3 -26824 -7500
7245 140 2.3 -26224 -9114
7338 140 2.3 -27052 -9616
7433 140 2.3 -26832 -10010
7529 140 2.3 -26492 -9312
7626 140 2.3 -27264 -10348
7724 140 2.3 -27276 -9038
7824 140 2.3 -26656 -7868
7925 140 2.3 -26052 -6880
8027 140 2.3 -26732 -7580
8130 140 2.3 -26248 -6622
8235 140 2.3 -26020 -5366
8341 140 2.3 -26332 -4834
8449 140 2.3 -26384 -4726
8558 140 2.3 -26524 -5886
8668 140 2.3 -26236 -4302
8780 140 2.3 -25992 -5266
8893 140 2.3 -26408 -6610
9008 140 2.3 -26016 -3614
9124 140 2.3 -26644 -4752
9242 140 2.3 -26536 -6876
9361 140 2.3 -26332 -5578
9482 140 2.3 -26120 -7224
9604 140 2.3 -26000 -7490
9728 140 2.3 -26760 -8662
9853 140 2.3 -27172 -10590
9980 140 2.3 -26696 -11176
10109 140 2.3 -25520 -8282
10240 140 2.3 -26284 -9164
10372 140 2.3 -26116 -8138
10505 140 2.3 -26612 -6954
10641 140 2.3 -26488 -7554
10778 140 2.3 -26696 -8830
10917 140 2.3 -26672 -7326
11058 140 2.3 -26852 -5548
11201 140 2.3 -26380 -6472
11345 140 2.3 -25876 -5598
11491 140 2.3 -26172 -4416
11640 140 2.3 -26448 -5984
11790 140 2.3 -25828 -5134
11942 140 2.3 -26192 -5846
12096 140 2.3 -26240 -5552
12252 140 2.3 -26692 -4924
12410 140 2.3 -26828 -2644
12570 140 2.3 -26624 -1374
12732 140 2.3 -25792 -2634
12896 140 2.3 -26208 -2118
13062 140 2.3 -25196 -1522
13231 140 2.3 -25760 -1876
13402 140 2.3 -26408 -1476
13574 140 2.3 -25896 -3638
13750 140 2.3 -25772 -3368
13927 140 2.3 -26068 -2178
14106 140 2.3 -26384 1866
14288 140 2.3 -25692 1014
14473 140 2.3 -26544 4598
14659 140 2.3 -26232 4534
14848 140 2.3 -26444 3724
15040 140 2.3 -25340 2130
15234 140 2.3 -25280 -172
15430 140 2.3 -26840 2102
15629 140 2.3 -26252 2260
15831 140 2.3 -25824 750
16035 140 2.3 -26280 -1310
16242 140 2.3 -25864 -1100
16451 140 2.3 -26004 444
16664 140 2.3 -25776 -1658
16879 140 2.3 -26292 -1788
17096 140 2.3 -25828 -3514
17317 140 2.3 -26580 -4504
17540 140 2.3 -25640 -4328
17766 140 2.3 -25936 -4406
17995 140 2.3 -25992 -4544
18228 140 2.3 -26092 -6504
18463 140 2.3 -27144 -7214
18701 140 2.3 -26236 -5190
18942 140 2.3 -26208 -6690
19186 140 2.3 -26944 -8500
19434 140 2.3 -26020 -8226
19684 140 2.3 -26620 -7024
19938 140 2.3 -26500 -5338
20195 140 2.3 -26692 -5508
20456 140 2.3 -26108 -3292
20720 140 2.3 -27088 -3076
20987 140 2.3 -26468 -5584
21258 140 2.3 -26336 -5620
21532 140 2.3 -26192 -7734
21810 140 2.3 -26700 -7248
22091 140 2.3 -25612 -4584
22376 140 2.3 -26372 -6262
22664 140 2.3 -25932 -6536
22957 140 2.3 -25948 -7828
23253 140 2.3 -26748 -6660
23553 140 2.3 -26660 -4938
23856 140 2.3 -26392 -7942
24164 140 2.3 -26160 -6788
24476 140 2.3 -26844 -8196
24791 140 2.3 -26144 -7042
25111 140 2.3 -26568 -7990
25435 140 2.3 -26796 -5982
25763 140 2.3 -26480 -5756
26095 140 2.3 -26756 -5162
26432 140 2.3 -25864 -4258
26773 140 2.3 -26004 -3972
27118 140 2.3 -26500 -5066
27468 140 2.3 -26252 -4860
27822 140 2.3 -26596 -2574
28181 140 2.3 -26456 -4268
28545 140 2.3 -26612 -2868
28913 140 2.3 -26704 -3218
29286 140 2.3 -25924 -1862
29663 140 2.3 -26500 -858
30046 140 2.3 -26108 -960
30434 140 2.3 -26316 2488
30826 140 2.3 -26584 4432
31224 140 2.3 -26372 3866
31626 140 2.3 -25980 -938
32034 140 2.3 -25980 -3186
32447 140 2.3 -26548 -4006
32866 140 2.3 -26784 -5426
33290 140 2.3 -26504 -3340
33719 140 2.3 -26352 -702
34154 140 2.3 -26548 -1180
34595 140 2.3 -26664 930
35041 140 2.3 -27300 -294
35493 140 2.3 -25800 -206
35951 140 2.3 -25692 2634
36414 140 2.3 -26168 2770
36884 140 2.3 -26552 4958
37360 140 2.3 -26656 6898
37841 140 2.3 -26816 8142
38330 140 2.3 -26568 9474
38824 140 2.3 -26856 9766
39325 140 2.3 -26376 6620
39832 140 2.3 -26816 10492
40346 140 2.3 -27064 10334
40866 140 2.3 -26088 7908
41393 140 2.3 -26644 5280
41927 140 2.3 -26608 3112
42468 140 2.3 -25992 3852
43015 140 2.3 -26124 2804
43570 140 2.3 -26436 1452
44132 140 2.3 -26196 1330
44701 140 2.3 -26432 4992
45278 140 2.3 -26024 2944
45862 140 2.3 -26044 5058
46453 140 2.3 -26620 5260
47053 140 2.3 -26736 7614
47660 140 2.3 -26616 6572
48274 140 2.3 -26600 4790
48897 140 2.3 -26592 6066
49528 140 2.3 -26096 4980
50166 140 2.3 -26780 3716
50813 140 2.3 -26104 1928
51469 140 2.3 -26384 1234
52133 140 2.3 -26096 -790
52805 140 2.3 -26364 -2148
53486 140 2.3 -26664 -522
54176 140 2.3 -26208 -2878
54875 140 2.3 -26412 -5398
55582 140 2.3 -26020 -4024
56299 140 2.3 -26956 -5852
57025 140 2.3 -26248 -5064
57761 140 2.3 -26116 -3890
58506 140 2.3 -26424 -5892
59261 140 2.3 -26188 -8910
60025 140 2.3 -26744 -8064
60799 140 2.3 -25660 -3370
61583 140 2.3 -27096 -9578
62378 140 2.3 -25416 -6830
63182 140 2.3 -26024 -7292
63997 140 2.3 -26408 -6694
64822 140 2.3 -25536 -3386
65658 140 2.3 -26632 -2152
66505 140 2.3 -26180 -484
67363 140 2.3 -25716 3920
68232 140 2.3 -25700 4702
69112 140 2.3 -26404 3772
70003 140 2.3 -26420 2326
70906 140 2.3 -26804 3766
71821 140 2.3 -26508 4974
72747 140 2.3 -26348 3262
73685 140 2.3 -27452 8666
74636 140 2.3 -26672 1504
75599 140 2.3 -26900 -960
76574 140 2.3 -26296 -924
77561 140 2.3 -26544 2020
78562 140 2.3 -25952 -2924
79575 140 2.3 -26228 1502
80601 140 2.3 -25944 -3166
81641 140 2.3 -25912 -1080
82694 140 2.3 -26492 316
83760 140 2.3 -25820 3492
84841 140 2.3 -26432 -1342
85935 140 2.3 -26964 7550
87043 140 2.3 -26064 1350
88166 140 2.3 -26888 3200
89303 140 2.3 -26472 1868
90455 140 2.3 -26392 5086
91622 140 2.3 -26200 5662
92803 140 2.3 -26340 3372
94000 140 2.3 -26428 2452
95213 140 2.3 -26416 296
96441 140 2.3 -26324 -282
97685 140 2.3 -26020 -2254
98945 140 2.3 -26576 -1870
100221 140 2.3 -26856 2088
101513 140 2.3 -26668 -4110
102823 140 2.3 -25916 -7658
104149 140 2.3 -26912 -6574
105492 140 2.3 -26488 -4930
106853 140 2.3 -26788 -5200
108231 140 2.3 -25968 -6124
109627 140 2.3 -25524 68
111041 140 2.3 -26728 -1632
112473 140 2.3 -26020 -4434
113924 140 2.3 -25644 -6514
115393 140 2.3 -26040 -2690
116882 140 2.3 -26160 -2794
118389 140 2.3 -26108 -1052
119916 140 2.3 -26288 2984
121463 140 2.3 -26636 4560
123029 140 2.3 -26592 7700
124616 140 2.3 -25836 5420
126224 140 2.3 -27028 8254
127852 140 2.3 -26572 4224
129501 140 2.3 -25656 4792
131171 140 2.3 -26880 8890
132863 140 2.3 -26388 8198
134576 140 2.3 -26176 7532
136312 140 2.3 -26868 9042
138070 140 2.3 -27516 10612
139851 140 2.3 -26404 4746
141655 140 2.3 -27172 7846
143482 140 2.3 -26752 7900
145333 140 2.3 -26376 9820
147207 140 2.3 -26196 8202
149106 140 2.3 -26700 5602
151029 140 2.3 -26208 2344
152977 140 2.3 -26412 6998
154950 140 2.3 -25612 4330
156948 140 2.3 -27020 7082
158973 140 2.3 -26036 9722
161023 140 2.3 -26588 7202
163100 140 2.3 -26500 7282
165204 140 2.3 -26424 4054
167334 140 2.3 -26772 -4630
169493 140 2.3 -26324 5376
171679 140 2.3 -26764 7994
173893 140 2.3 -27060 9430
176136 140 2.3 -26904 8510
178408 140 2.3 -25884 4050
180709 140 2.3 -26328 8950
183040 140 2.3 -26688 6318
185400 140 2.3 -26656 -1786
187792 140 2.3 -26260 -258
190214 140 2.3 -25688 -1276
192667 140 2.3 -25912 -40
195152 140 2.3 -26668 -10306
197669 140 2.3 -25984 -2048
200219 140 2.3 -26660 1708
202801 140 2.3 -26408 7692
205417 140 2.3 -26192 1778
208066 140 2.3 -26564 3282
210750 140 2.3 -26456 8448
213468 140 2.3 -27136 8474
216222 140 2.3 -26840 9652
219010 140 2.3 -26264 8528
221835 140 2.3 -27456 10440
224696 140 2.3 -26244 6808
227595 140 2.3 -25484 7558
230530 140 2.3 -27184 11112
233503 140 2.3 -26660 4478
236515 140 2.3 -26100 3504
239566 140 2.3 -26428 1032
242656 140 2.3 -26352 -7842
245785 140 2.3 -26804 -6012
248956 140 2.3 -25548 2472
252167 140 2.3 -25788 -848
255419 140 2.3 -25656 3058
258713 140 2.3 -26248 2866
262050 140 2.3 -26336 -572
265430 140 2.3 -25928 5248
268854 140 2.3 -27204 5282
272321 140 2.3 -26516 -748
275834 140 2.3 -26744 3778
279391 140 2.3 -26412 -6960
282995 140 2.3 -26512 -6214
286645 140 2.3 -27956 -13188
290342 140 2.3 -26600 -8884
294087 140 2.3 -26164 -1466
297880 140 2.3 -26552 -4860
301722 140 2.3 -26900 9642
305614 140 2.3 -27224 9228
309556 140 2.3 -26656 7690
313548 140 2.3 -26648 2994
317592 140 2.3 -25940 2002
321689 140 2.3 -26108 5212
325838 140 2.3 -26196 1486
330040 140 2.3 -26740 -808
334297 140 2.3 -26180 -2094
338609 140 2.3 -26264 -3270
342976 140 2.3 -27132 -9078
347400 140 2.3 -26620 -7646
351881 140 2.3 -27496 -8632
356419 140 2.3 -26548 -6414
361016 140 2.3 -26668 -7476
365673 140 2.3 -26280 -3418
370389 140 2.3 -26724 -10268
375167 140 2.3 -26308 -8522
380005 140 2.3 -26344 -676
384907 140 2.3 -27332 5222
389871 140 2.3 -26856 4918
394900 140 2.3 -25776 3634
399993 140 2.3 -26688 -618
405152 140 2.3 -26576 2682
410378 140 2.3 -26352 5640
415671 140 2.3 -26412 2364
421032 140 2.3 -26012 1462
426463 140 2.3 -26604 9334
431963 140 2.3 -26796 3436
437535 140 2.3 -27456 10576
443178 140 2.3 -25752 7464
448894 140 2.3 -26980 7458
454684 140 2.3 -26688 2330
460548 140 2.3 -25680 1810
466489 140 2.3 -26184 -6632
472505 140 2.3 -25964 6912
478600 140 2.3 -26424 -1724
484773 140 2.3 -26708 7926
491025 140 2.3 -26508 -960
497358 140 2.3 -26572 1334
503773 140 2.3 -26660 -1316
510271 140 2.3 -26720 10198
516852 140 2.3 -26180 -4364
523519 140 2.3 -25648 -4028
530271 140 2.3 -25900 38
537111 140 2.3 -26436 5448
544038 140 2.3 -26992 10690
551055 140 2.3 -25608 -1972
558163 140 2.3 -27148 -2544
565362 140 2.3 -26228 -6482
572654 140 2.3 -26328 -198
580040 140 2.3 -26736 6904
587521 140 2.3 -26304 6298
595099 140 2.3 -26940 7772
602775 140 2.3 -25852 424
610549 140 2.3 -26296 6604
618424 140 2.3 -26112 1810
626400 140 2.3 -27520 -9268
634480 140 2.3 -25472 -5084
642663 140 2.3 -26312 654
650952 140 2.3 -25804 -3446
659348 140 2.3 -26504 10266
667853 140 2.3 -27196 9466
676467 140 2.3 -26156 108
685192 140 2.3 -25588 678
694029 140 2.3 -26644 -4806
702981 140 2.3 -25556 2382
712048 140 2.3 -26472 6600
721232 140 2.3 -26064 7088
730534 140 2.3 -26552 6586
739957 140 2.3 -26176 3168
749500 140 2.3 -26620 -3690
759168 140 2.3 -25860 -1560
768959 140 2.3 -26476 2908
778877 140 2.3 -26132 5424
788923 140 2.3 -26532 172
799099 140 2.3 -26204 -5508
809405 140 2.3 -26340 -5230
819845 140 2.3 -26092 -7162
830419 140 2.3 -25952 -5400
841130 140 2.3 -26668 -9810
851979 140 2.3 -26304 -444
862968 140 2.3 -26436 4136
874098 140 2.3 -26244 1980
885373 140 2.3 -26128 -4322
896792 140 2.3 -26520 -2044
908359 140 2.3 -26448 -9494
920075 140 2.3 -25372 -4352
931942 140 2.3 -25996 2112
943962 140 2.3 -26372 5962
956137 140 2.3 -26116 84
968470 140 2.3 -26044 -2414
980961 140 2.3 -26676 -4930
993613 140 2.3 -26908 -3874
999999 140 2.3 -26028 -5644
