3 100 2.2 -9304 96
4 100 2.2 -10024 222
5 100 2.2 -10636 116
6 100 2.2 -11288 218
7 100 2.2 -11548 266
8 100 2.2 -11472 294
9 100 2.2 -11700 214
10 100 2.2 -11980 326
11 100 2.2 -12220 332
12 100 2.2 -12116 348
13 100 2.2 -12392 520
14 100 2.2 -12148 452
15 100 2.2 -12240 600
16 100 2.2 -12324 532
17 100 2.2 -12408 296
18 100 2.2 -12472 132
19 100 2.2 -12572 80
20 100 2.2 -12560 14
21 100 2.2 -12844 -8
22 100 2.2 -12752 96
23 100 2.2 -12800 74
24 100 2.2 -13000 164
25 100 2.2 -12924 108
26 100 2.2 -12980 4
27 100 2.2 -13212 -28
28 100 2.2 -13456 28
29 100 2.2 -13488 20
30 100 2.2 -13468 -164
31 100 2.2 -13392 -234
32 100 2.2 -13300 -198
33 100 2.2 -13268 -142
34 100 2.2 -13468 -70
35 100 2.2 -13388 -256
36 100 2.2 -13500 -308
37 100 2.2 -13444 -366
38 100 2.2 -13192 -484
39 100 2.2 -13340 -406
40 100 2.2 -13536 -428
41 100 2.2 -13624 -432
42 100 2.2 -13528 -354
43 100 2.2 -13416 -340
44 100 2.2 -13520 -404
45 100 2.2 -13620 -306
46 100 2.2 -13676 -196
47 100 2.2 -13736 -150
48 100 2.2 -13664 -104
49 100 2.2 -13828 -166
50 100 2.2 -13740 -190
51 100 2.2 -13680 -260
52 100 2.2 -13772 -282
53 100 2.2 -13656 -118
54 100 2.2 -13720 -50
55 100 2.2 -13876 -78
56 100 2.2 -14048 10
57 100 2.2 -13900 -14
58 100 2.2 -14012 -246
59 100 2.2 -14228 -268
60 100 2.2 -14176 -118
61 100 2.2 -14200 -132
62 100 2.2 -14348 -180
63 100 2.2 -14052 -176
64 100 2.2 -14020 -128
65 100 2.2 -14088 12
66 100 2.2 -14052 58
67 100 2.2 -13996 74
68 100 2.2 -13800 48
69 100 2.2 -13792 164
70 100 2.2 -13612 194
71 100 2.2 -13656 202
72 100 2.2 -13856 262
73 100 2.2 -13912 322
74 100 2.2 -14116 232
75 100 2.2 -14036 162
76 100 2.2 -14012 206
77 100 2.2 -14160 264
78 100 2.2 -14144 226
79 100 2.2 -14016 238
80 100 2.2 -14212 150
81 100 2.2 -14472 12
82 100 2.2 -14428 32
83 100 2.2 -14476 -94
84 100 2.2 -14272 -40
85 100 2.2 -14144 -60
86 100 2.2 -14072 -88
88 100 2.2 -14424 108
89 100 2.2 -14344 20
90 100 2.2 -14224 -24
91 100 2.2 -14480 -184
92 100 2.2 -14532 -244
93 100 2.2 -14344 -156
95 100 2.2 -14252 -106
96 100 2.2 -14328 -208
97 100 2.2 -14440 -132
98 100 2.2 -14496 -266
99 100 2.2 -14232 -222
101 100 2.2 -14304 -282
102 100 2.2 -14596 -186
103 100 2.2 -14624 -162
105 100 2.2 -14884 -34
106 100 2.2 -14728 10
107 100 2.2 -14616 -36
109 100 2.2 -14432 26
110 100 2.2 -14344 -72
112 100 2.2 -14540 38
113 100 2.2 -14392 -40
114 100 2.2 -14316 50
116 100 2.2 -14388 116
117 100 2.2 -14368 -54
119 100 2.2 -14620 42
120 100 2.2 -14748 -60
122 100 2.2 -14652 -182
124 100 2.2 -14488 -64
125 100 2.2 -14524 -90
127 100 2.2 -14416 -38
128 100 2.2 -14416 -212
130 100 2.2 -14288 -192
132 100 2.2 -14392 -280
133 100 2.2 -14376 -236
135 100 2.2 -14740 -168
137 100 2.2 -14504 -240
139 100 2.2 -14572 -200
140 100 2.2 -14904 -196
142 100 2.2 -14708 -320
144 100 2.2 -14536 -156
146 100 2.2 -14284 -170
148 100 2.2 -14448 -346
150 100 2.2 -14408 -492
152 100 2.2 -14612 -484
154 100 2.2 -14432 -380
155 100 2.2 -14456 -404
157 100 2.2 -14588 -224
160 100 2.2 -14572 -260
162 100 2.2 -14672 -306
164 100 2.2 -14564 -434
166 100 2.2 -14560 -478
168 100 2.2 -14368 -672
170 100 2.2 -14400 -630
172 100 2.2 -14636 -408
174 100 2.2 -14648 -354
177 100 2.2 -14404 -280
179 100 2.2 -14400 -322
181 100 2.2 -14268 -360
184 100 2.2 -14304 -340
186 100 2.2 -14292 -216
188 100 2.2 -14192 -442
191 100 2.2 -14568 -646
193 100 2.2 -14460 -468
196 100 2.2 -14464 -250
198 100 2.2 -14412 -124
201 100 2.2 -14592 -152
203 100 2.2 -14468 -238
206 100 2.2 -14504 -10
209 100 2.2 -14644 -152
211 100 2.2 -14680 -344
214 100 2.2 -14640 -414
217 100 2.2 -14720 -438
220 100 2.2 -14820 -42
222 100 2.2 -14972 -82
225 100 2.2 -14760 70
228 100 2.2 -14820 -64
231 100 2.2 -14672 -122
234 100 2.2 -14612 26
237 100 2.2 -14500 150
240 100 2.2 -14436 178
243 100 2.2 -14732 246
246 100 2.2 -14588 306
250 100 2.2 -14668 204
253 100 2.2 -14568 280
256 100 2.2 -14500 140
259 100 2.2 -14340 172
263 100 2.2 -14480 290
266 100 2.2 -14472 34
269 100 2.2 -14576 -242
273 100 2.2 -14596 -292
276 100 2.2 -14348 -272
280 100 2.2 -14448 -310
284 100 2.2 -14716 -642
287 100 2.2 -14524 -494
291 100 2.2 -14232 -388
295 100 2.2 -14080 -390
298 100 2.2 -14356 -434
302 100 2.2 -14184 -336
306 100 2.2 -14388 -218
310 100 2.2 -14392 -184
314 100 2.2 -14244 52
318 100 2.2 -14276 -182
322 100 2.2 -14496 398
326 100 2.2 -14284 272
331 100 2.2 -14000 268
335 100 2.2 -14324 192
339 100 2.2 -14640 26
344 100 2.2 -14256 -8
348 100 2.2 -14072 -36
352 100 2.2 -14332 284
357 100 2.2 -14412 592
362 100 2.2 -14644 370
366 100 2.2 -14560 406
371 100 2.2 -14356 548
376 100 2.2 -14628 272
381 100 2.2 -14392 232
385 100 2.2 -14488 116
390 100 2.2 -14076 212
395 100 2.2 -14256 354
401 100 2.2 -14500 308
406 100 2.2 -14536 210
411 100 2.2 -14440 346
416 100 2.2 -14644 322
422 100 2.2 -14624 142
427 100 2.2 -14528 344
433 100 2.2 -14436 222
438 100 2.2 -14456 382
444 100 2.2 -14412 310
449 100 2.2 -14396 84
455 100 2.2 -14456 68
461 100 2.2 -14668 -182
467 100 2.2 -14708 -194
473 100 2.2 -14572 100
479 100 2.2 -14496 -118
485 100 2.2 -14956 -150
492 100 2.2 -14076 -374
498 100 2.2 -14248 -254
504 100 2.2 -14296 -210
511 100 2.2 -14252 -244
517 100 2.2 -14456 -264
524 100 2.2 -14584 -158
531 100 2.2 -14460 190
538 100 2.2 -14464 -212
545 100 2.2 -14276 78
552 100 2.2 -14364 78
559 100 2.2 -14380 -20
566 100 2.2 -14288 -8
573 100 2.2 -14408 40
581 100 2.2 -14548 118
588 100 2.2 -14732 574
596 100 2.2 -14720 332
603 100 2.2 -14524 570
611 100 2.2 -14880 662
619 100 2.2 -14260 648
627 100 2.2 -14344 464
635 100 2.2 -14884 218
643 100 2.2 -14960 276
652 100 2.2 -14908 220
660 100 2.2 -14572 544
668 100 2.2 -14672 366
677 100 2.2 -14856 532
686 100 2.2 -14536 -130
695 100 2.2 -14788 -174
704 100 2.2 -14812 -226
713 100 2.2 -14828 48
722 100 2.2 -14404 -6
731 100 2.2 -14624 -280
741 100 2.2 -14884 -134
750 100 2.2 -14624 108
760 100 2.2 -14764 -30
770 100 2.2 -14780 14
780 100 2.2 -14432 166
790 100 2.2 -14524 248
800 100 2.2 -14404 444
810 100 2.2 -14556 448
821 100 2.2 -14892 196
831 100 2.2 -14324 60
842 100 2.2 -14292 -78
853 100 2.2 -14364 184
864 100 2.2 -14208 572
875 100 2.2 -14348 374
886 100 2.2 -14696 322
897 100 2.2 -14220 238
909 100 2.2 -14312 102
921 100 2.2 -14620 160
933 100 2.2 -14444 -450
945 100 2.2 -14772 -144
957 100 2.2 -14428 -236
969 100 2.2 -14456 -418
982 100 2.2 -15008 -572
994 100 2.2 -14584 -306
1007 100 2.2 -14572 -630
1020 100 2.2 -14432 -638
1033 100 2.2 -14680 -618
1047 100 2.2 -14684 -736
1060 100 2.2 -14728 -666
1074 100 2.2 -14652 -558
1088 100 2.2 -14812 -1166
1102 100 2.2 -14564 -1478
1116 100 2.2 -14544 -1306
1130 100 2.2 -14852 -1772
1145 100 2.2 -14796 -2030
1160 100 2.2 -14656 -2096
1174 100 2.2 -14548 -1870
1190 100 2.2 -14508 -1746
1205 100 2.2 -14672 -1812
1220 100 2.2 -14588 -2076
1236 100 2.2 -14204 -2256
1252 100 2.2 -14468 -2066
1268 100 2.2 -14796 -2532
1285 100 2.2 -14640 -2446
1301 100 2.2 -14452 -2082
1318 100 2.2 -15204 -2458
1335 100 2.2 -14884 -2262
1352 100 2.2 -14980 -1934
1370 100 2.2 -14344 -1974
1387 100 2.2 -14464 -2180
1405 100 2.2 -14880 -2650
1423 100 2.2 -15128 -2560
1442 100 2.2 -14720 -2438
1460 100 2.2 -14440 -2714
1479 100 2.2 -14484 -2708
1498 100 2.2 -14700 -2512
1517 100 2.2 -14492 -2254
1537 100 2.2 -14660 -2176
1557 100 2.2 -14832 -1704
1577 100 2.2 -14840 -2038
1597 100 2.2 -14236 -2538
1618 100 2.2 -14856 -2574
1639 100 2.2 -14736 -2412
1660 100 2.2 -14804 -2684
1681 100 2.2 -14556 -2402
1703 100 2.2 -14536 -2306
1725 100 2.2 -14844 -2460
1747 100 2.2 -14788 -2044
1770 100 2.2 -14600 -2158
1792 100 2.2 -14624 -2578
1816 100 2.2 -14792 -2540
1839 100 2.2 -14776 -2638
1863 100 2.2 -14676 -3206
1887 100 2.2 -15244 -3368
1911 100 2.2 -14728 -3534
1936 100 2.2 -14860 -3606
1961 100 2.2 -15088 -3634
1986 100 2.2 -14976 -3290
2012 100 2.2 -14884 -3360
2037 100 2.2 -15144 -3868
2064 100 2.2 -14988 -3952
2090 100 2.2 -15064 -3868
2117 100 2.2 -14968 -3640
2145 100 2.2 -14740 -3480
2172 100 2.2 -15184 -4138
2200 100 2.2 -14476 -4164
2229 100 2.2 -14804 -4370
2257 100 2.2 -14996 -4106
2286 100 2.2 -14848 -3980
2316 100 2.2 -14560 -4438
2346 100 2.2 -14752 -4274
2376 100 2.2 -14680 -4642
2407 100 2.2 -15264 -4882
2438 100 2.2 -15068 -4766
2469 100 2.2 -14752 -4840
2501 100 2.2 -15060 -4726
2533 100 2.2 -15412 -5136
2566 100 2.2 -15472 -5012
2599 100 2.2 -15084 -5072
2633 100 2.2 -15040 -5036
2667 100 2.2 -15156 -5338
2701 100 2.2 -14736 -5878
2736 100 2.2 -14848 -6560
2771 100 2.2 -15500 -7558
2807 100 2.2 -15512 -7524
2843 100 2.2 -15460 -7670
2880 100 2.2 -15412 -7762
2917 100 2.2 -15416 -7772
2954 100 2.2 -15580 -7644
2992 100 2.2 -15264 -7692
3031 100 2.2 -14964 -7402
3070 100 2.2 -15532 -7974
3110 100 2.2 -15600 -8138
3150 100 2.2 -15020 -7606
3190 100 2.2 -14860 -7254
3232 100 2.2 -15508 -7872
3273 100 2.2 -15368 -7954
3315 100 2.2 -15756 -8170
3358 100 2.2 -15436 -7900
3402 100 2.2 -15312 -7706
3445 100 2.2 -15424 -8054
3490 100 2.2 -15568 -8020
3535 100 2.2 -16008 -8354
3580 100 2.2 -15276 -8030
3627 100 2.2 -15664 -8084
3673 100 2.2 -15504 -8272
3721 100 2.2 -15476 -8026
3769 100 2.2 -15460 -8054
3817 100 2.2 -15420 -7922
3867 100 2.2 -15636 -8040
3916 100 2.2 -15536 -8202
3967 100 2.2 -16200 -8344
4018 100 2.2 -15376 -7642
4070 100 2.2 -15252 -7496
4122 100 2.2 -15564 -7242
4176 100 2.2 -15184 -7026
4229 100 2.2 -15232 -7328
4284 100 2.2 -15220 -7124
4339 100 2.2 -15492 -7656
4395 100 2.2 -15052 -7392
4452 100 2.2 -15424 -7344
4509 100 2.2 -15464 -7570
4567 100 2.2 -15584 -7694
4626 100 2.2 -15496 -7904
4686 100 2.2 -15508 -7996
4746 100 2.2 -15628 -8280
4808 100 2.2 -15524 -7936
4870 100 2.2 -15840 -8050
4932 100 2.2 -15088 -7276
4996 100 2.2 -15304 -7664
5060 100 2.2 -15336 -7374
5126 100 2.2 -15736 -8076
5192 100 2.2 -15680 -7964
5259 100 2.2 -15664 -7902
5327 100 2.2 -15276 -7700
5395 100 2.2 -15532 -7862
5465 100 2.2 -15648 -8098
5535 100 2.2 -15416 -7970
5607 100 2.2 -15296 -8058
5679 100 2.2 -15904 -8222
5752 100 2.2 -15264 -7768
5826 100 2.2 -15056 -7706
5902 100 2.2 -15796 -8230
5978 100 2.2 -15544 -7902
6055 100 2.2 -15840 -7996
6133 100 2.2 -15344 -7832
6212 100 2.2 -15644 -8154
6292 100 2.2 -15108 -7566
6373 100 2.2 -15260 -7624
6455 100 2.2 -15148 -7350
6539 100 2.2 -15368 -7536
6623 100 2.2 -15288 -7682
6708 100 2.2 -15504 -8010
6795 100 2.2 -15720 -8132
6883 100 2.2 -15636 -8162
6971 100 2.2 -15592 -8210
7061 100 2.2 -14848 -7272
7152 100 2.2 -15704 -8144
7245 100 2.2 -15068 -7726
7338 100 2.2 -15800 -8106
7433 100 2.2 -14948 -7522
7529 100 2.2 -15440 -7932
7626 100 2.2 -15732 -7732
7724 100 2.2 -15532 -7896
7824 100 2.2 -15880 -8120
7925 100 2.2 -15656 -8220
8027 100 2.2 -15652 -8218
8130 100 2.2 -15328 -7712
8235 100 2.2 -15200 -7474
8341 100 2.2 -15388 -7202
8449 100 2.2 -14984 -7594
8558 100 2.2 -15008 -7160
8668 100 2.2 -15452 -7776
8780 100 2.2 -15412 -7952
8893 100 2.2 -15604 -8152
9008 100 2.2 -14924 -7292
9124 100 2.2 -15500 -8010
9242 100 2.2 -15420 -7750
9361 100 2.2 -15496 -7844
9482 100 2.2 -14984 -7032
9604 100 2.2 -15292 -7364
9728 100 2.2 -15516 -7618
9853 100 2.2 -15632 -7654
9980 100 2.2 -15608 -8096
10109 100 2.2 -15484 -7650
10240 100 2.2 -15652 -7896
10372 100 2.2 -15576 -8122
10505 100 2.2 -15628 -8276
10641 100 2.2 -15692 -8186
10778 100 2.2 -15380 -7608
10917 100 2.2 -15496 -8040
11058 100 2.2 -15936 -8268
11201 100 2.2 -15424 -7200
11345 100 2.2 -15188 -7642
11491 100 2.2 -15548 -8004
11640 100 2.2 -15416 -7748
11790 100 2.2 -15440 -7820
11942 100 2.2 -15784 -8086
12096 100 2.2 -15408 -7966
12252 100 2.2 -15616 -8258
12410 100 2.2 -15544 -7942
12570 100 2.2 -15992 -8196
12732 100 2.2 -15428 -7994
12896 100 2.2 -15364 -7528
13062 100 2.2 -15404 -7834
13231 100 2.2 -15696 -7818
13402 100 2.2 -15320 -7464
13574 100 2.2 -15044 -7788
13750 100 2.2 -15464 -7916
13927 100 2.2 -15636 -8118
14106 100 2.2 -15612 -8118
14288 100 2.2 -15184 -7750
14473 100 2.2 -15584 -7952
14659 100 2.2 -15472 -7752
14848 100 2.2 -15492 -7984
15040 100 2.2 -15608 -8236
15234 100 2.2 -15752 -8108
15430 100 2.2 -14784 -7516
15629 100 2.2 -15944 -8280
15831 100 2.2 -14972 -7396
16035 100 2.2 -14828 -6342
16242 100 2.2 -15348 -6988
16451 100 2.2 -15704 -7928
16664 100 2.2 -15112 -7452
16879 100 2.2 -15344 -7932
17096 100 2.2 -15576 -7952
17317 100 2.2 -15972 -8364
17540 100 2.2 -15032 -7666
17766 100 2.2 -15592 -8088
17995 100 2.2 -15460 -8130
18228 100 2.2 -15616 -8156
18463 100 2.2 -15572 -8060
18701 100 2.2 -15396 -7630
18942 100 2.2 -15672 -8056
19186 100 2.2 -15728 -8120
19434 100 2.2 -15584 -7778
19684 100 2.2 -15080 -7164
19938 100 2.2 -15308 -7718
20195 100 2.2 -15176 -7618
20456 100 2.2 -15180 -7814
20720 100 2.2 -15416 -8128
20987 100 2.2 -15432 -7740
21258 100 2.2 -15272 -7550
21532 100 2.2 -15620 -7944
21810 100 2.2 -15344 -7960
22091 100 2.2 -15308 -7592
22376 100 2.2 -15568 -8092
22664 100 2.2 -15464 -7982
22957 100 2.2 -15664 -8084
23253 100 2.2 -15260 -7634
23553 100 2.2 -15864 -8006
23856 100 2.2 -15244 -7930
24164 100 2.2 -14980 -7540
24476 100 2.2 -15584 -7986
24791 100 2.2 -15692 -7938
25111 100 2.2 -16064 -8478
25435 100 2.2 -15448 -7878
25763 100 2.2 -15520 -8060
26095 100 2.2 -15748 -8282
26432 100 2.2 -15828 -8114
26773 100 2.2 -16088 -8384
27118 100 2.2 -15184 -7588
27468 100 2.2 -15540 -8048
27822 100 2.2 -15204 -7968
28181 100 2.2 -15084 -7428
28545 100 2.2 -15520 -7798
28913 100 2.2 -15268 -7810
29286 100 2.2 -15484 -7712
29663 100 2.2 -15784 -8264
30046 100 2.2 -15128 -7746
30434 100 2.2 -15648 -8208
30826 100 2.2 -15280 -7812
31224 100 2.2 -15220 -7788
31626 100 2.2 -16172 -8470
32034 100 2.2 -15276 -7654
32447 100 2.2 -15476 -7956
32866 100 2.2 -15476 -7874
33290 100 2.2 -15660 -8020
33719 100 2.2 -15128 -7638
34154 100 2.2 -15496 -7662
34595 100 2.2 -15608 -8168
35041 100 2.2 -14952 -7426
35493 100 2.2 -15208 -7472
35951 100 2.2 -15672 -8002
36414 100 2.2 -15368 -7936
36884 100 2.2 -15296 -7828
37360 100 2.2 -15636 -8044
37841 100 2.2 -15208 -7618
38330 100 2.2 -15508 -8066
38824 100 2.2 -15640 -8256
39325 100 2.2 -15276 -7792
39832 100 2.2 -15340 -7724
40346 100 2.2 -15472 -7878
40866 100 2.2 -15456 -7534
41393 100 2.2 -15568 -8136
41927 100 2.2 -15548 -8084
42468 100 2.2 -15896 -8326
43015 100 2.2 -15612 -7952
43570 100 2.2 -15536 -7996
44132 100 2.2 -15468 -7730
44701 100 2.2 -15900 -8230
45278 100 2.2 -15332 -7770
45862 100 2.2 -15144 -7564
46453 100 2.2 -15984 -8410
47053 100 2.2 -15652 -7994
47660 100 2.2 -14840 -7350
48274 100 2.2 -15688 -8124
48897 100 2.2 -15340 -8014
49528 100 2.2 -15428 -8058
50166 100 2.2 -15560 -7944
50813 100 2.2 -15432 -8036
51469 100 2.2 -15536 -7758
52133 100 2.2 -15372 -7840
52805 100 2.2 -15028 -7626
53486 100 2.2 -15168 -7156
54176 100 2.2 -15316 -7852
54875 100 2.2 -15716 -7868
55582 100 2.2 -15080 -7466
56299 100 2.2 -15308 -7868
57025 100 2.2 -15640 -8082
57761 100 2.2 -15128 -7842
58506 100 2.2 -15272 -7518
59261 100 2.2 -15452 -7782
60025 100 2.2 -15076 -7904
60799 100 2.2 -15684 -8326
61583 100 2.2 -15272 -7622
62378 100 2.2 -15388 -7618
63182 100 2.2 -15812 -8332
63997 100 2.2 -15648 -8152
64822 100 2.2 -15596 -8178
65658 100 2.2 -15020 -7168
66505 100 2.2 -15616 -8226
67363 100 2.2 -15480 -7872
68232 100 2.2 -15860 -8368
69112 100 2.2 -15644 -8080
70003 100 2.2 -15380 -7768
70906 100 2.2 -15564 -8094
71821 100 2.2 -15324 -8022
72747 100 2.2 -15336 -7894
73685 100 2.2 -15576 -7496
74636 100 2.2 -15512 -7938
75599 100 2.2 -15016 -7496
76574 100 2.2 -15384 -8008
77561 100 2.2 -15448 -7598
78562 100 2.2 -15580 -7918
79575 100 2.2 -15528 -7834
80601 100 2.2 -15448 -7748
81641 100 2.2 -15708 -8066
82694 100 2.2 -15324 -8006
83760 100 2.2 -15652 -8024
84841 100 2.2 -15528 -7988
85935 100 2.2 -15492 -8014
87043 100 2.2 -15432 -8110
88166 100 2.2 -14912 -7462
89303 100 2.2 -16032 -8348
90455 100 2.2 -15372 -8100
91622 100 2.2 -15456 -7990
92803 100 2.2 -15604 -8246
94000 100 2.2 -15720 -7990
95213 100 2.2 -15608 -7920
96441 100 2.2 -15800 -7988
97685 100 2.2 -15576 -8058
98945 100 2.2 -15568 -7918
100221 100 2.2 -15432 -7576
101513 100 2.2 -15064 -7272
102823 100 2.2 -15640 -7938
104149 100 2.2 -15352 -8028
105492 100 2.2 -15696 -8122
106853 100 2.2 -15588 -7810
108231 100 2.2 -15056 -7540
109627 100 2.2 -14992 -7174
111041 100 2.2 -15312 -7594
112473 100 2.2 -15244 -7698
113924 100 2.2 -14948 -6992
115393 100 2.2 -15700 -7840
116882 100 2.2 -15464 -7900
118389 100 2.2 -15904 -8226
119916 100 2.2 -15336 -8012
121463 100 2.2 -15432 -7892
123029 100 2.2 -15464 -7834
124616 100 2.2 -15316 -7782
126224 100 2.2 -15604 -8166
127852 100 2.2 -15156 -7910
129501 100 2.2 -15388 -7804
131171 100 2.2 -15592 -8122
132863 100 2.2 -14920 -7014
134576 100 2.2 -15612 -7820
136312 100 2.2 -15624 -8076
138070 100 2.2 -15288 -7474
139851 100 2.2 -15436 -7918
141655 100 2.2 -15376 -7724
143482 100 2.2 -15764 -7980
145333 100 2.2 -15780 -8008
147207 100 2.2 -14776 -7228
149106 100 2.2 -15684 -7892
151029 100 2.2 -15412 -7630
152977 100 2.2 -15340 -7574
154950 100 2.2 -15620 -7994
156948 100 2.2 -15300 -7146
158973 100 2.2 -15460 -7992
161023 100 2.2 -15768 -8206
163100 100 2.2 -15664 -7976
165204 100 2.2 -15752 -8114
167334 100 2.2 -15928 -8038
169493 100 2.2 -15668 -8082
171679 100 2.2 -15772 -8190
173893 100 2.2 -15148 -7790
176136 100 2.2 -15200 -7890
178408 100 2.2 -15748 -7734
180709 100 2.2 -15660 -8170
183040 100 2.2 -15852 -8090
185400 100 2.2 -15708 -8282
187792 100 2.2 -15264 -7954
190214 100 2.2 -15932 -8266
192667 100 2.2 -15084 -7542
195152 100 2.2 -15248 -7628
197669 100 2.2 -15764 -8000
200219 100 2.2 -15516 -8230
202801 100 2.2 -15416 -7994
205417 100 2.2 -15644 -7774
208066 100 2.2 -15828 -8058
210750 100 2.2 -15576 -8036
213468 100 2.2 -15656 -8234
216222 100 2.2 -15468 -7870
219010 100 2.2 -15328 -7846
221835 100 2.2 -15524 -7932
224696 100 2.2 -15672 -8210
227595 100 2.2 -15208 -7602
230530 100 2.2 -15440 -7994
233503 100 2.2 -16000 -8002
236515 100 2.2 -15844 -8384
239566 100 2.2 -15712 -7882
242656 100 2.2 -14920 -6886
245785 100 2.2 -15200 -7546
248956 100 2.2 -15484 -7910
252167 100 2.2 -15792 -8046
255419 100 2.2 -15500 -8000
258713 100 2.2 -15436 -7854
262050 100 2.2 -15292 -7492
265430 100 2.2 -15312 -7756
268854 100 2.2 -15456 -7764
272321 100 2.2 -14908 -6790
275834 100 2.2 -15468 -7468
279391 100 2.2 -15092 -7474
282995 100 2.2 -15740 -8226
286645 100 2.2 -15640 -8066
290342 100 2.2 -15504 -7660
294087 100 2.2 -15308 -7654
297880 100 2.2 -15432 -7784
301722 100 2.2 -15208 -7600
305614 100 2.2 -15260 -7716
309556 100 2.2 -15468 -7420
313548 100 2.2 -15580 -8298
317592 100 2.2 -15440 -6896
321689 100 2.2 -15628 -8012
325838 100 2.2 -15008 -7758
330040 100 2.2 -15404 -7648
334297 100 2.2 -14728 -6666
338609 100 2.2 -15616 -8018
342976 100 2.2 -15736 -8024
347400 100 2.2 -15456 -7858
351881 100 2.2 -15176 -7750
356419 100 2.2 -15316 -7672
361016 100 2.2 -15328 -7712
365673 100 2.2 -15496 -8006
370389 100 2.2 -15672 -8072
375167 100 2.2 -15472 -8032
380005 100 2.2 -15688 -8136
384907 100 2.2 -14944 -6906
389871 100 2.2 -15552 -8046
394900 100 2.2 -15792 -8142
399993 100 2.2 -15224 -7194
405152 100 2.2 -15388 -7780
410378 100 2.2 -15464 -7510
415671 100 2.2 -15880 -8056
421032 100 2.2 -15660 -8202
426463 100 2.2 -15708 -8008
431963 100 2.2 -15104 -7284
437535 100 2.2 -15708 -7656
443178 100 2.2 -15876 -8262
448894 100 2.2 -15388 -7866
454684 100 2.2 -15060 -7808
460548 100 2.2 -15640 -7824
466489 100 2.2 -15500 -8124
472505 100 2.2 -15780 -8210
478600 100 2.2 -15644 -7748
484773 100 2.2 -15556 -8136
491025 100 2.2 -15352 -7788
497358 100 2.2 -15532 -8158
503773 100 2.2 -15072 -7388
510271 100 2.2 -15932 -8380
516852 100 2.2 -15736 -7892
523519 100 2.2 -15392 -8112
530271 100 2.2 -15380 -7794
537111 100 2.2 -15356 -7462
544038 100 2.2 -15220 -7806
551055 100 2.2 -15368 -7708
558163 100 2.2 -15568 -7902
565362 100 2.2 -15924 -8208
572654 100 2.2 -15184 -7580
580040 100 2.2 -15548 -7988
587521 100 2.2 -15668 -8018
595099 100 2.2 -15564 -7762
602775 100 2.2 -15108 -7486
610549 100 2.2 -15704 -8258
618424 100 2.2 -15244 -7556
626400 100 2.2 -15424 -8018
634480 100 2.2 -15424 -7878
642663 100 2.2 -15324 -7616
650952 100 2.2 -15348 -7434
659348 100 2.2 -15768 -8106
667853 100 2.2 -15208 -7490
676467 100 2.2 -15700 -7960
685192 100 2.2 -15356 -7896
694029 100 2.2 -15284 -7808
702981 100 2.2 -15672 -8110
712048 100 2.2 -15176 -7436
721232 100 2.2 -15084 -6714
730534 100 2.2 -15552 -8150
739957 100 2.2 -15308 -7686
749500 100 2.2 -15412 -7858
759168 100 2.2 -15692 -8120
768959 100 2.2 -15512 -7958
778877 100 2.2 -15640 -7966
788923 100 2.2 -15292 -7274
799099 100 2.2 -15212 -7752
809405 100 2.2 -15496 -8044
819845 100 2.2 -15652 -8126
830419 100 2.2 -15728 -8068
841130 100 2.2 -15480 -7780
851979 100 2.2 -15500 -7600
862968 100 2.2 -15364 -7740
874098 100 2.2 -15444 -8040
885373 100 2.2 -15532 -7304
896792 100 2.2 -15448 -7834
908359 100 2.2 -15976 -8242
920075 100 2.2 -15340 -7992
931942 100 2.2 -15664 -7690
943962 100 2.2 -15552 -7956
956137 100 2.2 -15860 -8124
968470 100 2.2 -15844 -8192
980961 100 2.2 -15728 -8112
993613 100 2.2 -15604 -8024
999999 100 2.2 -15536 -7856
