3 100 2 -9748 -42
4 100 2 -10580 -112
5 100 2 -11068 -270
6 100 2 -11536 -156
7 100 2 -11964 -146
8 100 2 -12148 -238
9 100 2 -12476 -240
10 100 2 -12872 -408
11 100 2 -13044 -264
12 100 2 -13080 -190
13 100 2 -13056 -174
14 100 2 -13268 -54
15 100 2 -13328 -8
16 100 2 -13540 12
17 100 2 -13896 -88
18 100 2 -13668 -28
19 100 2 -13844 74
20 100 2 -13940 18
21 100 2 -14084 148
22 100 2 -14316 306
23 100 2 -14460 288
24 100 2 -14444 360
25 100 2 -14580 426
26 100 2 -14440 406
27 100 2 -14592 398
28 100 2 -14668 400
29 100 2 -14764 498
30 100 2 -14788 438
31 100 2 -14824 442
32 100 2 -14732 494
33 100 2 -14720 486
34 100 2 -15092 512
35 100 2 -14956 494
36 100 2 -14660 336
37 100 2 -14656 270
38 100 2 -14800 150
39 100 2 -14888 226
40 100 2 -14784 134
41 100 2 -14896 256
42 100 2 -14856 252
43 100 2 -14688 358
44 100 2 -14712 364
45 100 2 -14788 364
46 100 2 -14764 380
47 100 2 -14936 342
48 100 2 -14928 378
49 100 2 -14640 342
50 100 2 -14944 164
51 100 2 -14704 128
52 100 2 -14856 142
53 100 2 -15052 112
54 100 2 -14776 220
55 100 2 -14828 268
56 100 2 -14804 354
57 100 2 -14948 308
58 100 2 -15096 434
59 100 2 -15212 470
60 100 2 -15116 428
61 100 2 -15132 480
62 100 2 -15096 488
63 100 2 -15332 352
64 100 2 -15288 246
65 100 2 -15320 228
66 100 2 -15140 278
67 100 2 -15288 302
68 100 2 -15228 322
69 100 2 -15128 362
70 100 2 -15144 278
71 100 2 -15216 238
72 100 2 -15060 348
73 100 2 -15420 256
74 100 2 -15428 306
75 100 2 -15408 276
76 100 2 -15240 298
77 100 2 -15460 250
78 100 2 -15472 326
79 100 2 -15584 460
80 100 2 -15432 396
81 100 2 -15604 470
82 100 2 -15432 528
83 100 2 -15604 484
84 100 2 -15568 424
85 100 2 -15716 354
86 100 2 -15512 300
88 100 2 -15532 202
89 100 2 -15508 124
90 100 2 -15764 118
91 100 2 -15680 220
92 100 2 -15772 224
93 100 2 -15628 180
95 100 2 -15616 126
96 100 2 -15564 180
97 100 2 -15796 200
98 100 2 -15892 100
99 100 2 -15924 136
101 100 2 -15832 98
102 100 2 -15784 50
103 100 2 -15656 28
105 100 2 -15632 182
106 100 2 -15520 164
107 100 2 -15400 178
109 100 2 -15516 128
110 100 2 -15556 150
112 100 2 -15800 216
113 100 2 -15912 252
114 100 2 -15776 124
116 100 2 -15868 140
117 100 2 -16012 212
119 100 2 -15984 258
120 100 2 -15996 202
122 100 2 -15956 344
124 100 2 -16180 492
125 100 2 -16288 542
127 100 2 -16088 566
128 100 2 -16124 554
130 100 2 -15952 342
132 100 2 -15976 242
133 100 2 -16124 192
135 100 2 -15932 226
137 100 2 -15848 392
139 100 2 -15948 460
140 100 2 -16084 614
142 100 2 -16020 584
144 100 2 -15976 708
146 100 2 -16024 766
148 100 2 -16184 900
150 100 2 -15884 956
152 100 2 -15956 840
154 100 2 -15952 832
155 100 2 -15876 836
157 100 2 -15840 856
160 100 2 -15972 800
162 100 2 -16080 1008
164 100 2 -16348 1024
166 100 2 -16352 1040
168 100 2 -16008 1118
170 100 2 -16152 1142
172 100 2 -15856 998
174 100 2 -16036 1108
177 100 2 -16100 1106
179 100 2 -15928 1110
181 100 2 -16048 1222
184 100 2 -16080 1196
186 100 2 -16108 1244
188 100 2 -16448 1354
191 100 2 -16340 1464
193 100 2 -16160 1368
196 100 2 -16336 1370
198 100 2 -16440 1536
201 100 2 -16236 1468
203 100 2 -16336 1608
206 100 2 -16304 1604
209 100 2 -16436 1684
211 100 2 -16496 1644
214 100 2 -16216 1790
217 100 2 -16344 1778
220 100 2 -16468 1624
222 100 2 -16480 1642
225 100 2 -16652 1596
228 100 2 -16448 1676
231 100 2 -16416 1670
234 100 2 -16676 1480
237 100 2 -16352 1448
240 100 2 -16608 1366
243 100 2 -16676 1320
246 100 2 -16664 1244
250 100 2 -16936 1270
253 100 2 -16884 1432
256 100 2 -16624 1448
259 100 2 -16488 1364
263 100 2 -16348 1382
266 100 2 -16176 1514
269 100 2 -16252 1480
273 100 2 -16132 1508
276 100 2 -16260 1560
280 100 2 -16424 1562
284 100 2 -16316 1524
287 100 2 -16560 1592
291 100 2 -16280 1542
295 100 2 -16196 1562
298 100 2 -16492 1350
302 100 2 -16428 1610
306 100 2 -16168 1488
310 100 2 -16348 1464
314 100 2 -16656 1402
318 100 2 -16732 1366
322 100 2 -16348 1216
326 100 2 -16384 1320
331 100 2 -16540 1190
335 100 2 -16408 1300
339 100 2 -16428 1474
344 100 2 -16412 1652
348 100 2 -15988 1466
352 100 2 -16236 1452
357 100 2 -16344 1564
362 100 2 -16544 1682
366 100 2 -16396 1852
371 100 2 -16204 1730
376 100 2 -16392 1744
381 100 2 -16596 1780
385 100 2 -16416 1872
390 100 2 -16512 1766
395 100 2 -16432 1848
401 100 2 -16540 1832
406 100 2 -16612 1920
411 100 2 -16676 2054
416 100 2 -16660 2064
422 100 2 -16644 2090
427 100 2 -16584 2086
433 100 2 -16668 2188
438 100 2 -16428 1968
444 100 2 -16604 1946
449 100 2 -16532 1904
455 100 2 -16740 1902
461 100 2 -16448 1864
467 100 2 -16652 1878
473 100 2 -16384 1898
479 100 2 -16480 2086
485 100 2 -16300 2042
492 100 2 -16280 1876
498 100 2 -16568 2138
504 100 2 -16488 2246
511 100 2 -16840 2130
517 100 2 -16496 2334
524 100 2 -16620 2606
531 100 2 -16496 2442
538 100 2 -16504 2312
545 100 2 -16604 2200
552 100 2 -16100 2152
559 100 2 -16324 2304
566 100 2 -16204 2268
573 100 2 -16564 2274
581 100 2 -16416 2238
588 100 2 -16616 2330
596 100 2 -16408 2084
603 100 2 -16260 2322
611 100 2 -16352 2152
619 100 2 -16420 2046
627 100 2 -16668 2010
635 100 2 -16572 2024
643 100 2 -16404 1772
652 100 2 -16476 1634
660 100 2 -16640 1744
668 100 2 -16744 1832
677 100 2 -16656 1968
686 100 2 -16520 2028
695 100 2 -16472 1780
704 100 2 -16352 1504
713 100 2 -16396 1570
722 100 2 -16392 1676
731 100 2 -16500 1888
741 100 2 -16468 1984
750 100 2 -16676 1898
760 100 2 -16736 1846
770 100 2 -16536 2050
780 100 2 -16232 2082
790 100 2 -16404 2144
800 100 2 -16524 2134
810 100 2 -16612 2052
821 100 2 -16432 2244
831 100 2 -16296 2242
842 100 2 -16712 2228
853 100 2 -16344 2438
864 100 2 -16592 1964
875 100 2 -16824 2150
886 100 2 -16616 2192
897 100 2 -16344 2112
909 100 2 -16444 2148
921 100 2 -16572 2190
933 100 2 -16768 2386
945 100 2 -16556 2356
957 100 2 -16768 2622
969 100 2 -16796 2368
982 100 2 -16552 2326
994 100 2 -16648 2244
1007 100 2 -16592 2460
1020 100 2 -16588 2338
1033 100 2 -16364 2484
1047 100 2 -16360 2522
1060 100 2 -16820 2802
1074 100 2 -16544 2534
1088 100 2 -16556 2620
1102 100 2 -16852 2720
1116 100 2 -16792 2698
1130 100 2 -16784 2878
1145 100 2 -16752 3130
1160 100 2 -16652 3194
1174 100 2 -16608 3526
1190 100 2 -16548 3496
1205 100 2 -16812 3476
1220 100 2 -16720 3666
1236 100 2 -16788 3714
1252 100 2 -16392 3416
1268 100 2 -16564 3608
1285 100 2 -16788 3722
1301 100 2 -16740 3750
1318 100 2 -16660 3822
1335 100 2 -16604 3808
1352 100 2 -16552 3700
1370 100 2 -16816 3798
1387 100 2 -16628 3504
1405 100 2 -16616 3890
1423 100 2 -16864 3688
1442 100 2 -16728 3786
1460 100 2 -16452 3694
1479 100 2 -16764 3572
1498 100 2 -16440 3368
1517 100 2 -16608 3280
1537 100 2 -16780 3482
1557 100 2 -16608 3722
1577 100 2 -16684 3560
1597 100 2 -16640 3814
1618 100 2 -16920 4008
1639 100 2 -16484 3870
1660 100 2 -16688 3558
1681 100 2 -16776 3662
1703 100 2 -17072 3912
1725 100 2 -16732 3830
1747 100 2 -16608 3974
1770 100 2 -16980 4546
1792 100 2 -16824 4476
1816 100 2 -16784 4436
1839 100 2 -17072 4988
1863 100 2 -16472 4700
1887 100 2 -16980 4886
1911 100 2 -16552 4932
1936 100 2 -16820 4788
1961 100 2 -17112 4946
1986 100 2 -16816 4934
2012 100 2 -16716 5186
2037 100 2 -17056 5326
2064 100 2 -17024 5586
2090 100 2 -17020 5930
2117 100 2 -16776 5818
2145 100 2 -16972 5798
2172 100 2 -16812 5938
2200 100 2 -16840 6128
2229 100 2 -17100 6032
2257 100 2 -17056 6816
2286 100 2 -16920 6760
2316 100 2 -17196 7196
2346 100 2 -16892 7002
2376 100 2 -17116 7302
2407 100 2 -17256 7470
2438 100 2 -16776 7132
2469 100 2 -17068 7372
2501 100 2 -17316 7358
2533 100 2 -17060 7528
2566 100 2 -17284 7716
2599 100 2 -17228 7798
2633 100 2 -17100 7948
2667 100 2 -17008 7942
2701 100 2 -17032 7786
2736 100 2 -17004 7766
2771 100 2 -16892 7712
2807 100 2 -17440 7920
2843 100 2 -17392 8176
2880 100 2 -17112 8264
2917 100 2 -17272 8450
2954 100 2 -17104 8474
2992 100 2 -17248 8726
3031 100 2 -17376 8798
3070 100 2 -17284 8778
3110 100 2 -17224 8888
3150 100 2 -17324 9116
3190 100 2 -17376 9136
3232 100 2 -17368 8948
3273 100 2 -17640 9156
3315 100 2 -17192 9002
3358 100 2 -17648 9238
3402 100 2 -17332 9110
3445 100 2 -17768 9278
3490 100 2 -17348 9088
3535 100 2 -17552 9186
3580 100 2 -17560 9112
3627 100 2 -17336 9106
3673 100 2 -17416 9090
3721 100 2 -17368 9090
3769 100 2 -17080 8948
3817 100 2 -17380 9060
3867 100 2 -17484 9142
3916 100 2 -17936 9264
3967 100 2 -17292 9034
4018 100 2 -17336 9070
4070 100 2 -17300 9018
4122 100 2 -17584 9188
4176 100 2 -17464 9176
4229 100 2 -17740 9228
4284 100 2 -17532 9172
4339 100 2 -17448 8994
4395 100 2 -17576 9166
4452 100 2 -17296 9050
4509 100 2 -17432 9002
4567 100 2 -17592 9238
4626 100 2 -17672 9256
4686 100 2 -17640 9214
4746 100 2 -17592 9116
4808 100 2 -17164 9012
4870 100 2 -17564 9144
4932 100 2 -17512 9160
4996 100 2 -17216 8920
5060 100 2 -17704 9252
5126 100 2 -17700 9238
5192 100 2 -17692 9202
5259 100 2 -17444 9138
5327 100 2 -17420 9068
5395 100 2 -17600 9136
5465 100 2 -17260 9018
5535 100 2 -17504 9122
5607 100 2 -17212 9018
5679 100 2 -17520 9084
5752 100 2 -17680 9250
5826 100 2 -17388 9128
5902 100 2 -17452 9094
5978 100 2 -17540 9126
6055 100 2 -17280 9082
6133 100 2 -17536 9170
6212 100 2 -17320 9120
6292 100 2 -17388 9114
6373 100 2 -17372 9088
6455 100 2 -17452 9112
6539 100 2 -17612 9232
6623 100 2 -17748 9322
6708 100 2 -17736 9210
6795 100 2 -17588 9172
6883 100 2 -17548 9118
6971 100 2 -17312 9102
7061 100 2 -17564 9194
7152 100 2 -17300 9032
7245 100 2 -17528 9174
7338 100 2 -17652 9206
7433 100 2 -17440 9108
7529 100 2 -17184 9020
7626 100 2 -17492 9176
7724 100 2 -17376 9062
7824 100 2 -17216 8876
7925 100 2 -17464 9066
8027 100 2 -17432 9108
8130 100 2 -17528 9198
8235 100 2 -17268 9024
8341 100 2 -17604 9152
8449 100 2 -17480 9146
8558 100 2 -17464 9120
8668 100 2 -17460 9034
8780 100 2 -17228 8984
8893 100 2 -17596 9162
9008 100 2 -17700 9250
9124 100 2 -17544 9170
9242 100 2 -17392 9082
9361 100 2 -17356 9050
9482 100 2 -17332 9074
9604 100 2 -17452 9158
9728 100 2 -17656 9188
9853 100 2 -17412 9122
9980 100 2 -17484 9116
10109 100 2 -17608 9232
10240 100 2 -17408 9082
10372 100 2 -17616 9156
10505 100 2 -17844 9278
10641 100 2 -17204 8952
10778 100 2 -17568 9186
10917 100 2 -17532 9172
11058 100 2 -17440 9024
11201 100 2 -17412 9110
11345 100 2 -17696 9220
11491 100 2 -17408 9018
11640 100 2 -17404 9136
11790 100 2 -17140 8950
11942 100 2 -17424 9084
12096 100 2 -17508 9088
12252 100 2 -17524 9148
12410 100 2 -17524 9124
12570 100 2 -17500 9116
12732 100 2 -17224 9074
12896 100 2 -17300 9016
13062 100 2 -17604 9218
13231 100 2 -17640 9234
13402 100 2 -17156 8994
13574 100 2 -17804 9268
13750 100 2 -17448 9144
13927 100 2 -17912 9328
14106 100 2 -17212 8940
14288 100 2 -17356 9130
14473 100 2 -17680 9198
14659 100 2 -17280 9064
14848 100 2 -17432 9066
15040 100 2 -17256 9062
15234 100 2 -17600 9182
15430 100 2 -17296 9026
15629 100 2 -17676 9252
15831 100 2 -17564 9126
16035 100 2 -17376 9068
16242 100 2 -17560 9172
16451 100 2 -17460 9130
16664 100 2 -17460 9142
16879 100 2 -17204 9004
17096 100 2 -17576 9130
17317 100 2 -17124 8976
17540 100 2 -17200 8926
17766 100 2 -17412 9086
17995 100 2 -17360 9114
18228 100 2 -17072 8900
18463 100 2 -17312 9052
18701 100 2 -17336 9026
18942 100 2 -17724 9248
19186 100 2 -17612 9196
19434 100 2 -17672 9244
19684 100 2 -17208 9062
19938 100 2 -17436 9080
20195 100 2 -17156 9000
20456 100 2 -17300 9074
20720 100 2 -17704 9246
20987 100 2 -17536 9092
21258 100 2 -17292 9002
21532 100 2 -17304 9074
21810 100 2 -17460 9050
22091 100 2 -17636 9244
22376 100 2 -17272 9004
22664 100 2 -17840 9254
22957 100 2 -17412 9132
23253 100 2 -17644 9242
23553 100 2 -17376 9114
23856 100 2 -17536 9116
24164 100 2 -17480 9138
24476 100 2 -17440 9132
24791 100 2 -17344 9054
25111 100 2 -17440 9132
25435 100 2 -17776 9256
25763 100 2 -17476 9176
26095 100 2 -17448 9098
26432 100 2 -17160 9008
26773 100 2 -17424 9108
27118 100 2 -17512 9170
27468 100 2 -17604 9198
27822 100 2 -17440 9048
28181 100 2 -17376 9120
28545 100 2 -17516 9142
28913 100 2 -17556 9180
29286 100 2 -17344 9084
29663 100 2 -17520 9074
30046 100 2 -17296 9040
30434 100 2 -17520 9194
30826 100 2 -17264 9010
31224 100 2 -17464 9114
31626 100 2 -17476 9086
32034 100 2 -17612 9170
32447 100 2 -17360 9088
32866 100 2 -17516 9132
33290 100 2 -17844 9258
33719 100 2 -17456 9150
34154 100 2 -17380 9056
34595 100 2 -17772 9214
35041 100 2 -17512 9184
35493 100 2 -17340 9096
35951 100 2 -17496 9174
36414 100 2 -17332 9058
36884 100 2 -17392 9146
37360 100 2 -17396 9128
37841 100 2 -17292 9000
38330 100 2 -17208 9072
38824 100 2 -17800 9238
39325 100 2 -17396 9028
39832 100 2 -17812 9304
40346 100 2 -17300 9096
40866 100 2 -17628 9058
41393 100 2 -17576 9134
41927 100 2 -17540 9144
42468 100 2 -17568 9154
43015 100 2 -17436 9058
43570 100 2 -17504 9180
44132 100 2 -17364 9046
44701 100 2 -17480 9158
45278 100 2 -17644 9228
45862 100 2 -17468 9108
46453 100 2 -17300 9104
47053 100 2 -17396 9004
47660 100 2 -17164 8994
48274 100 2 -17976 9344
48897 100 2 -17300 9036
49528 100 2 -17384 9034
50166 100 2 -17372 9114
50813 100 2 -17512 9148
51469 100 2 -17268 9048
52133 100 2 -16996 8912
52805 100 2 -17244 9022
53486 100 2 -17488 9146
54176 100 2 -17572 9174
54875 100 2 -17544 9142
55582 100 2 -17928 9318
56299 100 2 -17760 9252
57025 100 2 -17504 9176
57761 100 2 -17320 9020
58506 100 2 -17708 9200
59261 100 2 -17400 9096
60025 100 2 -17348 9082
60799 100 2 -17412 9092
61583 100 2 -17576 9170
62378 100 2 -17228 8986
63182 100 2 -17508 9164
63997 100 2 -17452 9100
64822 100 2 -17412 9098
65658 100 2 -17384 9132
66505 100 2 -17640 9148
67363 100 2 -17308 9076
68232 100 2 -17584 9208
69112 100 2 -17216 8998
70003 100 2 -17476 9038
70906 100 2 -17484 9154
71821 100 2 -17716 9228
72747 100 2 -17244 8924
73685 100 2 -17424 9120
74636 100 2 -17252 9068
75599 100 2 -17572 9182
76574 100 2 -17420 9126
77561 100 2 -17804 9252
78562 100 2 -17480 9160
79575 100 2 -17440 9092
80601 100 2 -17488 9086
81641 100 2 -17472 9164
82694 100 2 -17732 9284
83760 100 2 -17312 9054
84841 100 2 -17260 9098
85935 100 2 -17536 9096
87043 100 2 -17208 9054
88166 100 2 -17644 9204
89303 100 2 -17856 9310
90455 100 2 -17516 9192
91622 100 2 -17580 9188
92803 100 2 -17272 9082
94000 100 2 -17536 9166
95213 100 2 -17728 9250
96441 100 2 -17316 8984
97685 100 2 -17596 9232
98945 100 2 -17532 9206
100221 100 2 -17456 9102
101513 100 2 -17112 8966
102823 100 2 -17728 9252
104149 100 2 -17408 9114
105492 100 2 -17652 9210
106853 100 2 -17704 9258
108231 100 2 -17400 9072
109627 100 2 -17436 9134
111041 100 2 -17348 9010
112473 100 2 -17296 8960
113924 100 2 -17476 9080
115393 100 2 -17288 8984
116882 100 2 -17324 9078
118389 100 2 -17484 9138
119916 100 2 -17628 9198
121463 100 2 -17380 9072
123029 100 2 -17388 9046
124616 100 2 -17532 9160
126224 100 2 -17492 9130
127852 100 2 -17392 9098
129501 100 2 -17464 9056
131171 100 2 -17472 9158
132863 100 2 -17620 9202
134576 100 2 -17700 9184
136312 100 2 -17568 9144
138070 100 2 -17504 9140
139851 100 2 -17676 9194
141655 100 2 -17788 9242
143482 100 2 -17588 9146
145333 100 2 -17540 9180
147207 100 2 -17320 9034
149106 100 2 -17556 9212
151029 100 2 -17420 9094
152977 100 2 -17548 9210
154950 100 2 -17508 9168
156948 100 2 -17544 9184
158973 100 2 -17552 9170
161023 100 2 -17516 9208
163100 100 2 -17368 9094
165204 100 2 -17468 9130
167334 100 2 -17396 9086
169493 100 2 -17472 9056
171679 100 2 -17840 9216
173893 100 2 -17520 9132
176136 100 2 -17404 9038
178408 100 2 -17068 8906
180709 100 2 -17620 9094
183040 100 2 -17472 9186
185400 100 2 -17228 9020
187792 100 2 -17752 9210
190214 100 2 -17332 9108
192667 100 2 -17504 9174
195152 100 2 -17684 9166
197669 100 2 -17484 9142
200219 100 2 -17292 9050
202801 100 2 -17428 9132
205417 100 2 -17512 9176
208066 100 2 -17636 9174
210750 100 2 -17604 9198
213468 100 2 -17552 9148
216222 100 2 -17328 9072
219010 100 2 -17532 9214
221835 100 2 -17476 9124
224696 100 2 -17712 9206
227595 100 2 -17232 8964
230530 100 2 -17336 9026
233503 100 2 -17312 9064
236515 100 2 -17120 8988
239566 100 2 -17392 9118
242656 100 2 -17592 9204
245785 100 2 -17412 9122
248956 100 2 -17584 9160
252167 100 2 -17484 9056
255419 100 2 -17680 9188
258713 100 2 -17184 8906
262050 100 2 -17572 9146
265430 100 2 -17324 9070
268854 100 2 -17380 8982
272321 100 2 -17292 9002
275834 100 2 -17564 9176
279391 100 2 -17464 9084
282995 100 2 -17284 9110
286645 100 2 -17416 8978
290342 100 2 -17584 9174
294087 100 2 -17508 9128
297880 100 2 -17476 9124
301722 100 2 -17264 9040
305614 100 2 -17372 9116
309556 100 2 -17564 9164
313548 100 2 -17456 9178
317592 100 2 -17232 9040
321689 100 2 -17740 9230
325838 100 2 -17880 9334
330040 100 2 -17280 9032
334297 100 2 -17648 9156
338609 100 2 -17592 9208
342976 100 2 -17464 9078
347400 100 2 -17588 9130
351881 100 2 -17400 9106
356419 100 2 -17372 9122
361016 100 2 -17432 9088
365673 100 2 -17356 8994
370389 100 2 -17300 9044
375167 100 2 -17540 9212
380005 100 2 -17580 9136
384907 100 2 -17480 9104
389871 100 2 -17376 9032
394900 100 2 -17164 8960
399993 100 2 -17524 9136
405152 100 2 -17296 8992
410378 100 2 -17516 9164
415671 100 2 -17600 9212
421032 100 2 -17264 8996
426463 100 2 -17028 8934
431963 100 2 -17532 9124
437535 100 2 -17448 9128
443178 100 2 -17176 8944
448894 100 2 -17696 9254
454684 100 2 -17256 9062
460548 100 2 -17288 8988
466489 100 2 -17332 9044
472505 100 2 -17432 9078
478600 100 2 -17372 9016
484773 100 2 -17544 9174
491025 100 2 -17432 9080
497358 100 2 -17320 9062
503773 100 2 -17276 9026
510271 100 2 -17648 9140
516852 100 2 -17272 9056
523519 100 2 -17332 9084
530271 100 2 -17576 9230
537111 100 2 -17364 9048
544038 100 2 -17344 9070
551055 100 2 -17372 9034
558163 100 2 -17384 9152
565362 100 2 -17324 9054
572654 100 2 -17568 9218
580040 100 2 -17276 8952
587521 100 2 -17216 8984
595099 100 2 -17512 9206
602775 100 2 -17448 9126
610549 100 2 -17356 9040
618424 100 2 -17744 9198
626400 100 2 -17388 9044
634480 100 2 -17440 9070
642663 100 2 -17584 9172
650952 100 2 -17656 9216
659348 100 2 -17728 9218
667853 100 2 -17296 9064
676467 100 2 -17368 9010
685192 100 2 -17460 9174
694029 100 2 -17268 9088
702981 100 2 -17576 9186
712048 100 2 -17468 9094
721232 100 2 -17424 9108
730534 100 2 -17348 9088
739957 100 2 -17240 9062
749500 100 2 -17704 9252
759168 100 2 -17560 9218
768959 100 2 -17840 9324
778877 100 2 -17272 9078
788923 100 2 -17628 9266
799099 100 2 -17572 9188
809405 100 2 -17356 9068
819845 100 2 -17440 9158
830419 100 2 -17416 9144
841130 100 2 -17240 9058
851979 100 2 -17008 8936
862968 100 2 -17548 9018
874098 100 2 -17280 9084
885373 100 2 -17272 9010
896792 100 2 -17280 9032
908359 100 2 -17448 9120
920075 100 2 -17272 8916
931942 100 2 -17268 9050
943962 100 2 -17640 9228
956137 100 2 -17560 9120
968470 100 2 -17632 9194
980961 100 2 -17284 8980
993613 100 2 -17340 9116
999999 100 2 -17516 9144
