3 60 2.1 -3536 4
4 60 2.1 -3772 90
5 60 2.1 -4040 78
6 60 2.1 -4112 270
7 60 2.1 -4284 344
8 60 2.1 -4516 336
9 60 2.1 -4556 266
10 60 2.1 -4476 166
11 60 2.1 -4480 274
12 60 2.1 -4576 324
13 60 2.1 -4780 252
14 60 2.1 -4716 108
15 60 2.1 -4688 142
16 60 2.1 -4756 76
17 60 2.1 -4716 -66
18 60 2.1 -4792 -48
19 60 2.1 -4872 24
20 60 2.1 -4824 -66
21 60 2.1 -4884 -134
22 60 2.1 -4896 -132
23 60 2.1 -4960 -92
24 60 2.1 -4896 -36
25 60 2.1 -5076 -114
26 60 2.1 -5028 -38
27 60 2.1 -5148 6
28 60 2.1 -5180 -76
29 60 2.1 -5116 -2
30 60 2.1 -5188 20
31 60 2.1 -5168 56
32 60 2.1 -5120 46
33 60 2.1 -5036 -10
34 60 2.1 -5140 -10
35 60 2.1 -5024 -78
36 60 2.1 -5144 -116
37 60 2.1 -5084 16
38 60 2.1 -5004 20
39 60 2.1 -4968 14
40 60 2.1 -4872 20
41 60 2.1 -4964 -10
42 60 2.1 -5100 -60
43 60 2.1 -5236 -68
44 60 2.1 -5188 -40
45 60 2.1 -5224 8
46 60 2.1 -5316 14
47 60 2.1 -5320 -34
48 60 2.1 -5224 -124
49 60 2.1 -5156 -40
50 60 2.1 -5296 -64
51 60 2.1 -5284 24
52 60 2.1 -5176 32
53 60 2.1 -5168 18
54 60 2.1 -5292 54
55 60 2.1 -5212 116
56 60 2.1 -5296 132
57 60 2.1 -5188 46
58 60 2.1 -5092 22
59 60 2.1 -5196 -108
60 60 2.1 -5168 -118
61 60 2.1 -5192 -94
62 60 2.1 -5144 -16
63 60 2.1 -5152 -28
64 60 2.1 -5168 -106
65 60 2.1 -5268 -196
66 60 2.1 -5156 -68
67 60 2.1 -5116 -78
68 60 2.1 -5024 -8
69 60 2.1 -5284 -40
70 60 2.1 -5264 -48
71 60 2.1 -5276 -154
72 60 2.1 -5272 -122
73 60 2.1 -5228 -98
74 60 2.1 -5140 -88
75 60 2.1 -5172 -78
76 60 2.1 -5112 -74
77 60 2.1 -5264 -38
78 60 2.1 -5164 -128
79 60 2.1 -5116 -146
80 60 2.1 -5144 -160
81 60 2.1 -5224 -250
82 60 2.1 -5272 -330
83 60 2.1 -5196 -258
84 60 2.1 -5100 -176
85 60 2.1 -5220 -162
86 60 2.1 -5204 -102
88 60 2.1 -5424 -104
89 60 2.1 -5272 -66
90 60 2.1 -5288 -60
91 60 2.1 -5264 -68
92 60 2.1 -5304 -88
93 60 2.1 -5204 -86
95 60 2.1 -5324 -144
96 60 2.1 -5332 -194
97 60 2.1 -5304 -196
98 60 2.1 -5300 -224
99 60 2.1 -5260 -214
101 60 2.1 -5316 -284
102 60 2.1 -5404 -290
103 60 2.1 -5444 -282
105 60 2.1 -5284 -336
106 60 2.1 -5360 -294
107 60 2.1 -5308 -292
109 60 2.1 -5304 -380
110 60 2.1 -5280 -360
112 60 2.1 -5304 -394
113 60 2.1 -5360 -374
114 60 2.1 -5336 -334
116 60 2.1 -5376 -286
117 60 2.1 -5328 -276
119 60 2.1 -5380 -224
120 60 2.1 -5408 -184
122 60 2.1 -5372 -276
124 60 2.1 -5276 -304
125 60 2.1 -5340 -270
127 60 2.1 -5416 -316
128 60 2.1 -5364 -310
130 60 2.1 -5296 -298
132 60 2.1 -5272 -386
133 60 2.1 -5200 -420
135 60 2.1 -5276 -560
137 60 2.1 -5228 -724
139 60 2.1 -5160 -634
140 60 2.1 -5256 -682
142 60 2.1 -5308 -836
144 60 2.1 -5268 -758
146 60 2.1 -5432 -890
148 60 2.1 -5344 -708
150 60 2.1 -5356 -760
152 60 2.1 -5364 -664
154 60 2.1 -5200 -718
155 60 2.1 -5140 -734
157 60 2.1 -5376 -766
160 60 2.1 -5448 -694
162 60 2.1 -5372 -674
164 60 2.1 -5204 -632
166 60 2.1 -5396 -660
168 60 2.1 -5416 -726
170 60 2.1 -5416 -830
172 60 2.1 -5384 -734
174 60 2.1 -5376 -714
177 60 2.1 -5244 -700
179 60 2.1 -5304 -640
181 60 2.1 -5284 -800
184 60 2.1 -5316 -866
186 60 2.1 -5216 -826
188 60 2.1 -5320 -796
191 60 2.1 -5424 -980
193 60 2.1 -5412 -1114
196 60 2.1 -5344 -1162
198 60 2.1 -5388 -1192
201 60 2.1 -5548 -1206
203 60 2.1 -5560 -1186
206 60 2.1 -5520 -1178
209 60 2.1 -5552 -1298
211 60 2.1 -5608 -1172
214 60 2.1 -5588 -1162
217 60 2.1 -5436 -1144
220 60 2.1 -5560 -1116
222 60 2.1 -5476 -1110
225 60 2.1 -5508 -1152
228 60 2.1 -5504 -1144
231 60 2.1 -5408 -1114
234 60 2.1 -5348 -1112
237 60 2.1 -5636 -1084
240 60 2.1 -5692 -1150
243 60 2.1 -5560 -1050
246 60 2.1 -5428 -984
250 60 2.1 -5524 -1088
253 60 2.1 -5488 -1168
256 60 2.1 -5400 -1196
259 60 2.1 -5328 -1146
263 60 2.1 -5456 -1178
266 60 2.1 -5496 -1122
269 60 2.1 -5432 -1080
273 60 2.1 -5512 -1000
276 60 2.1 -5604 -978
280 60 2.1 -5596 -974
284 60 2.1 -5632 -1000
287 60 2.1 -5536 -1046
291 60 2.1 -5432 -936
295 60 2.1 -5480 -906
298 60 2.1 -5432 -916
302 60 2.1 -5512 -898
306 60 2.1 -5648 -854
310 60 2.1 -5352 -820
314 60 2.1 -5264 -948
318 60 2.1 -5536 -830
322 60 2.1 -5484 -788
326 60 2.1 -5500 -780
331 60 2.1 -5604 -800
335 60 2.1 -5572 -740
339 60 2.1 -5476 -752
344 60 2.1 -5644 -822
348 60 2.1 -5668 -670
352 60 2.1 -5636 -648
357 60 2.1 -5740 -644
362 60 2.1 -5648 -602
366 60 2.1 -5748 -590
371 60 2.1 -5696 -420
376 60 2.1 -5536 -492
381 60 2.1 -5636 -436
385 60 2.1 -5560 -292
390 60 2.1 -5460 -336
395 60 2.1 -5368 -504
401 60 2.1 -5640 -482
406 60 2.1 -5452 -584
411 60 2.1 -5508 -612
416 60 2.1 -5592 -566
422 60 2.1 -5668 -548
427 60 2.1 -5612 -606
433 60 2.1 -5660 -548
438 60 2.1 -5712 -460
444 60 2.1 -5620 -540
449 60 2.1 -5608 -552
455 60 2.1 -5568 -612
461 60 2.1 -5520 -772
467 60 2.1 -5580 -926
473 60 2.1 -5648 -940
479 60 2.1 -5476 -1072
485 60 2.1 -5516 -996
492 60 2.1 -5528 -1066
498 60 2.1 -5424 -1134
504 60 2.1 -5568 -1100
511 60 2.1 -5756 -1170
517 60 2.1 -5608 -1154
524 60 2.1 -5388 -1046
531 60 2.1 -5416 -1056
538 60 2.1 -5576 -1078
545 60 2.1 -5564 -988
552 60 2.1 -5668 -984
559 60 2.1 -5396 -694
566 60 2.1 -5492 -762
573 60 2.1 -5452 -678
581 60 2.1 -5468 -600
588 60 2.1 -5572 -490
596 60 2.1 -5336 -532
603 60 2.1 -5608 -380
611 60 2.1 -5540 -394
619 60 2.1 -5512 -320
627 60 2.1 -5588 -180
635 60 2.1 -5572 -232
643 60 2.1 -5608 -368
652 60 2.1 -5608 -374
660 60 2.1 -5660 -318
668 60 2.1 -5704 -384
677 60 2.1 -5760 -246
686 60 2.1 -5748 -220
695 60 2.1 -5612 -444
704 60 2.1 -5336 -264
713 60 2.1 -5304 -36
722 60 2.1 -5344 112
731 60 2.1 -5392 120
741 60 2.1 -5456 184
750 60 2.1 -5488 124
760 60 2.1 -5416 82
770 60 2.1 -5504 28
780 60 2.1 -5496 18
790 60 2.1 -5364 206
800 60 2.1 -5480 -46
810 60 2.1 -5424 108
821 60 2.1 -5428 152
831 60 2.1 -5532 130
842 60 2.1 -5572 88
853 60 2.1 -5884 84
864 60 2.1 -5612 234
875 60 2.1 -5660 108
886 60 2.1 -5768 496
897 60 2.1 -5732 468
909 60 2.1 -5608 460
921 60 2.1 -5504 470
933 60 2.1 -5624 328
945 60 2.1 -5584 336
957 60 2.1 -5592 346
969 60 2.1 -5596 514
982 60 2.1 -5704 582
994 60 2.1 -5724 724
1007 60 2.1 -5432 518
1020 60 2.1 -5656 558
1033 60 2.1 -5672 544
1047 60 2.1 -5740 410
1060 60 2.1 -5420 474
1074 60 2.1 -5612 450
1088 60 2.1 -5580 486
1102 60 2.1 -5700 508
1116 60 2.1 -5392 436
1130 60 2.1 -5592 592
1145 60 2.1 -5544 454
1160 60 2.1 -5628 438
1174 60 2.1 -5240 366
1190 60 2.1 -5464 404
1205 60 2.1 -5500 50
1220 60 2.1 -5416 68
1236 60 2.1 -5520 20
1252 60 2.1 -5580 196
1268 60 2.1 -5444 76
1285 60 2.1 -5472 390
1301 60 2.1 -5492 440
1318 60 2.1 -5564 488
1335 60 2.1 -5644 442
1352 60 2.1 -5664 468
1370 60 2.1 -5604 550
1387 60 2.1 -5532 462
1405 60 2.1 -5304 562
1423 60 2.1 -5764 676
1442 60 2.1 -5452 558
1460 60 2.1 -5504 626
1479 60 2.1 -5548 668
1498 60 2.1 -5588 490
1517 60 2.1 -5344 712
1537 60 2.1 -5588 734
1557 60 2.1 -5500 552
1577 60 2.1 -5568 420
1597 60 2.1 -5572 386
1618 60 2.1 -5620 168
1639 60 2.1 -5720 240
1660 60 2.1 -5332 334
1681 60 2.1 -5604 348
1703 60 2.1 -5496 492
1725 60 2.1 -5540 614
1747 60 2.1 -5608 764
1770 60 2.1 -5372 766
1792 60 2.1 -5360 734
1816 60 2.1 -5588 652
1839 60 2.1 -5636 608
1863 60 2.1 -5712 670
1887 60 2.1 -5568 828
1911 60 2.1 -5472 1142
1936 60 2.1 -5580 1436
1961 60 2.1 -5704 1530
1986 60 2.1 -5452 1328
2012 60 2.1 -5676 1380
2037 60 2.1 -5416 1206
2064 60 2.1 -5476 1262
2090 60 2.1 -5624 1408
2117 60 2.1 -5584 1386
2145 60 2.1 -5620 1618
2172 60 2.1 -5608 2032
2200 60 2.1 -5556 2014
2229 60 2.1 -5560 1990
2257 60 2.1 -5840 2222
2286 60 2.1 -5636 2538
2316 60 2.1 -5824 2506
2346 60 2.1 -5836 2712
2376 60 2.1 -6120 3016
2407 60 2.1 -6100 3166
2438 60 2.1 -6076 3210
2469 60 2.1 -5836 3102
2501 60 2.1 -5696 2884
2533 60 2.1 -6228 3238
2566 60 2.1 -6156 3220
2599 60 2.1 -6080 3204
2633 60 2.1 -6060 3196
2667 60 2.1 -6080 3196
2701 60 2.1 -5684 2932
2736 60 2.1 -6084 3212
2771 60 2.1 -5876 3028
2807 60 2.1 -6044 3192
2843 60 2.1 -6148 3216
2880 60 2.1 -6176 3242
2917 60 2.1 -5796 2898
2954 60 2.1 -5976 3034
2992 60 2.1 -6116 3216
3031 60 2.1 -6096 3166
3070 60 2.1 -5900 3072
3110 60 2.1 -5932 3144
3150 60 2.1 -6080 3214
3190 60 2.1 -6192 3294
3232 60 2.1 -5880 3026
3273 60 2.1 -6164 3222
3315 60 2.1 -5924 3166
3358 60 2.1 -5916 3070
3402 60 2.1 -5928 3082
3445 60 2.1 -5664 2974
3490 60 2.1 -5924 3152
3535 60 2.1 -5988 3134
3580 60 2.1 -5924 3176
3627 60 2.1 -5900 3126
3673 60 2.1 -6156 3204
3721 60 2.1 -6056 3178
3769 60 2.1 -5924 3076
3817 60 2.1 -5848 3018
3867 60 2.1 -6136 3200
3916 60 2.1 -5888 3146
3967 60 2.1 -6272 3256
4018 60 2.1 -6188 3238
4070 60 2.1 -6096 3180
4122 60 2.1 -5924 3146
4176 60 2.1 -5996 3138
4229 60 2.1 -6092 3234
4284 60 2.1 -5996 3170
4339 60 2.1 -6044 3114
4395 60 2.1 -6056 3178
4452 60 2.1 -6148 3124
4509 60 2.1 -6256 3314
4567 60 2.1 -6088 3194
4626 60 2.1 -5952 3138
4686 60 2.1 -6120 3182
4746 60 2.1 -6168 3222
4808 60 2.1 -6000 3168
4870 60 2.1 -5864 3118
4932 60 2.1 -5880 3080
4996 60 2.1 -5992 3132
5060 60 2.1 -5692 2964
5126 60 2.1 -5956 3074
5192 60 2.1 -5956 3150
5259 60 2.1 -5936 3154
5327 60 2.1 -5896 3090
5395 60 2.1 -5960 3124
5465 60 2.1 -6020 3164
5535 60 2.1 -5720 2998
5607 60 2.1 -5732 2944
5679 60 2.1 -5956 3106
5752 60 2.1 -6040 3144
5826 60 2.1 -5976 3116
5902 60 2.1 -5968 3006
5978 60 2.1 -6076 3206
6055 60 2.1 -6172 3226
6133 60 2.1 -6300 3304
6212 60 2.1 -5676 2924
6292 60 2.1 -5836 3096
6373 60 2.1 -6164 3274
6455 60 2.1 -5956 3090
6539 60 2.1 -5968 3130
6623 60 2.1 -5956 3128
6708 60 2.1 -6040 3204
6795 60 2.1 -5924 3118
6883 60 2.1 -6164 3204
6971 60 2.1 -5844 3026
7061 60 2.1 -5852 3034
7152 60 2.1 -5928 3032
7245 60 2.1 -5920 3082
7338 60 2.1 -6116 3104
7433 60 2.1 -6172 3276
7529 60 2.1 -5748 2974
7626 60 2.1 -5808 2928
7724 60 2.1 -5980 3124
7824 60 2.1 -6000 3052
7925 60 2.1 -5984 3106
8027 60 2.1 -6160 3238
8130 60 2.1 -6100 3204
8235 60 2.1 -5972 3114
8341 60 2.1 -6044 3214
8449 60 2.1 -6060 3168
8558 60 2.1 -5932 3134
8668 60 2.1 -6208 3188
8780 60 2.1 -6252 3244
8893 60 2.1 -6072 3168
9008 60 2.1 -5920 3162
9124 60 2.1 -5964 3126
9242 60 2.1 -5936 3120
9361 60 2.1 -5896 3086
9482 60 2.1 -5744 2854
9604 60 2.1 -6080 3204
9728 60 2.1 -5980 3128
9853 60 2.1 -5984 3010
9980 60 2.1 -5964 3104
10109 60 2.1 -6096 3210
10240 60 2.1 -6100 3176
10372 60 2.1 -6104 3190
10505 60 2.1 -6252 3286
10641 60 2.1 -6008 3134
10778 60 2.1 -6024 3166
10917 60 2.1 -6024 3156
11058 60 2.1 -6160 3180
11201 60 2.1 -5824 3066
11345 60 2.1 -5984 3142
11491 60 2.1 -5852 3018
11640 60 2.1 -5852 3068
11790 60 2.1 -5768 2932
11942 60 2.1 -5844 3048
12096 60 2.1 -5880 3112
12252 60 2.1 -6188 3200
12410 60 2.1 -6020 3166
12570 60 2.1 -6144 3134
12732 60 2.1 -6164 3210
12896 60 2.1 -5960 3166
13062 60 2.1 -5764 3026
13231 60 2.1 -5800 3092
13402 60 2.1 -6000 3182
13574 60 2.1 -6008 3084
13750 60 2.1 -6060 3174
13927 60 2.1 -5784 3044
14106 60 2.1 -5944 3012
14288 60 2.1 -6064 3220
14473 60 2.1 -6172 3228
14659 60 2.1 -5972 3088
14848 60 2.1 -6224 3254
15040 60 2.1 -6128 3234
15234 60 2.1 -5892 3130
15430 60 2.1 -5960 3170
15629 60 2.1 -5900 3090
15831 60 2.1 -5840 2970
16035 60 2.1 -6148 3190
16242 60 2.1 -6116 3212
16451 60 2.1 -6008 3152
16664 60 2.1 -6052 3112
16879 60 2.1 -6100 3132
17096 60 2.1 -6060 3176
17317 60 2.1 -6124 3236
17540 60 2.1 -6052 3178
17766 60 2.1 -6032 3184
17995 60 2.1 -6088 3164
18228 60 2.1 -6020 3160
18463 60 2.1 -5772 2952
18701 60 2.1 -6076 3210
18942 60 2.1 -6008 3162
19186 60 2.1 -6112 3240
19434 60 2.1 -6068 3202
19684 60 2.1 -5844 3066
19938 60 2.1 -5992 3092
20195 60 2.1 -6020 3128
20456 60 2.1 -5796 3018
20720 60 2.1 -5948 3094
20987 60 2.1 -5760 3014
21258 60 2.1 -6104 3174
21532 60 2.1 -6128 3196
21810 60 2.1 -6044 3158
22091 60 2.1 -5756 2964
22376 60 2.1 -5988 3158
22664 60 2.1 -6144 3238
22957 60 2.1 -6072 3146
23253 60 2.1 -5960 3140
23553 60 2.1 -6036 3170
23856 60 2.1 -5864 3006
24164 60 2.1 -6108 3198
24476 60 2.1 -5748 3000
24791 60 2.1 -6060 3182
25111 60 2.1 -5932 3104
25435 60 2.1 -6004 3184
25763 60 2.1 -5860 3040
26095 60 2.1 -5840 3072
26432 60 2.1 -5964 3032
26773 60 2.1 -6036 3182
27118 60 2.1 -5952 3154
27468 60 2.1 -6128 3186
27822 60 2.1 -6016 3134
28181 60 2.1 -6000 3116
28545 60 2.1 -5980 3170
28913 60 2.1 -5864 3114
29286 60 2.1 -6188 3282
29663 60 2.1 -6144 3204
30046 60 2.1 -6036 3204
30434 60 2.1 -5876 3092
30826 60 2.1 -5824 3014
31224 60 2.1 -5972 3170
31626 60 2.1 -6016 3120
32034 60 2.1 -5996 3106
32447 60 2.1 -6184 3276
32866 60 2.1 -5720 2964
33290 60 2.1 -6108 3212
33719 60 2.1 -5708 2972
34154 60 2.1 -6024 3108
34595 60 2.1 -5864 3118
35041 60 2.1 -5956 3130
35493 60 2.1 -5864 3046
35951 60 2.1 -5944 3046
36414 60 2.1 -6012 3184
36884 60 2.1 -5880 2980
37360 60 2.1 -5976 3176
37841 60 2.1 -5960 3076
38330 60 2.1 -5888 3060
38824 60 2.1 -6064 3174
39325 60 2.1 -6200 3248
39832 60 2.1 -5792 3012
40346 60 2.1 -6168 3264
40866 60 2.1 -5880 3054
41393 60 2.1 -6032 3162
41927 60 2.1 -5992 3174
42468 60 2.1 -6160 3236
43015 60 2.1 -5732 2858
43570 60 2.1 -5928 3120
44132 60 2.1 -5960 3142
44701 60 2.1 -5880 3030
45278 60 2.1 -6044 3172
45862 60 2.1 -5972 3108
46453 60 2.1 -5908 3108
47053 60 2.1 -5848 3042
47660 60 2.1 -5996 3198
48274 60 2.1 -5928 3086
48897 60 2.1 -6036 3148
49528 60 2.1 -6180 3250
50166 60 2.1 -6112 3230
50813 60 2.1 -5956 3126
51469 60 2.1 -5892 3054
52133 60 2.1 -5920 3070
52805 60 2.1 -6048 3156
53486 60 2.1 -6060 3208
54176 60 2.1 -6212 3252
54875 60 2.1 -6072 3192
55582 60 2.1 -6036 3202
56299 60 2.1 -6192 3248
57025 60 2.1 -6248 3270
57761 60 2.1 -6048 3212
58506 60 2.1 -5996 3168
59261 60 2.1 -5924 3128
60025 60 2.1 -5908 3114
60799 60 2.1 -5996 3162
61583 60 2.1 -5664 2818
62378 60 2.1 -6036 3136
63182 60 2.1 -6108 3224
63997 60 2.1 -6164 3230
64822 60 2.1 -5984 3136
65658 60 2.1 -6060 3148
66505 60 2.1 -5812 3100
67363 60 2.1 -6044 3152
68232 60 2.1 -5980 3130
69112 60 2.1 -6048 3244
70003 60 2.1 -6208 3246
70906 60 2.1 -5952 3132
71821 60 2.1 -6088 3204
72747 60 2.1 -5880 3062
73685 60 2.1 -6064 3174
74636 60 2.1 -6008 3132
75599 60 2.1 -6184 3250
76574 60 2.1 -6228 3290
77561 60 2.1 -5820 3102
78562 60 2.1 -5968 3176
79575 60 2.1 -5892 2924
80601 60 2.1 -5956 3120
81641 60 2.1 -5880 3082
82694 60 2.1 -5980 3130
83760 60 2.1 -6108 3214
84841 60 2.1 -5904 3096
85935 60 2.1 -5928 3132
87043 60 2.1 -5816 3040
88166 60 2.1 -5896 3108
89303 60 2.1 -6096 3144
90455 60 2.1 -5896 3028
91622 60 2.1 -6028 3178
92803 60 2.1 -6148 3236
94000 60 2.1 -6032 3084
95213 60 2.1 -5940 3066
96441 60 2.1 -5848 3056
97685 60 2.1 -6020 3086
98945 60 2.1 -5996 3198
100221 60 2.1 -6024 3160
101513 60 2.1 -5904 3096
102823 60 2.1 -5892 3128
104149 60 2.1 -6240 3258
105492 60 2.1 -5980 3164
106853 60 2.1 -5992 3152
108231 60 2.1 -5852 3100
109627 60 2.1 -6056 3176
111041 60 2.1 -6168 3222
112473 60 2.1 -5820 3054
113924 60 2.1 -5680 2988
115393 60 2.1 -5964 3090
116882 60 2.1 -5752 2986
118389 60 2.1 -5880 3012
119916 60 2.1 -5940 2996
121463 60 2.1 -6024 3162
123029 60 2.1 -6080 3154
124616 60 2.1 -6008 3138
126224 60 2.1 -5908 3076
127852 60 2.1 -6040 3192
129501 60 2.1 -6060 3206
131171 60 2.1 -5868 3074
132863 60 2.1 -6052 3184
134576 60 2.1 -6112 3192
136312 60 2.1 -6216 3274
138070 60 2.1 -5920 3088
139851 60 2.1 -5960 3138
141655 60 2.1 -5964 3156
143482 60 2.1 -5952 3040
145333 60 2.1 -6140 3164
147207 60 2.1 -5964 3098
149106 60 2.1 -5932 3096
151029 60 2.1 -5936 3134
152977 60 2.1 -6148 3220
154950 60 2.1 -5976 3172
156948 60 2.1 -6068 3174
158973 60 2.1 -6048 3182
161023 60 2.1 -6040 3172
163100 60 2.1 -5832 3086
165204 60 2.1 -5928 3042
167334 60 2.1 -5880 2978
169493 60 2.1 -6052 3138
171679 60 2.1 -6232 3262
173893 60 2.1 -6004 3128
176136 60 2.1 -6140 3180
178408 60 2.1 -5908 3130
180709 60 2.1 -5968 3166
183040 60 2.1 -6032 3198
185400 60 2.1 -5940 3158
187792 60 2.1 -5908 3088
190214 60 2.1 -5716 3026
192667 60 2.1 -5980 3162
195152 60 2.1 -5924 3096
197669 60 2.1 -6056 3180
200219 60 2.1 -5956 3150
202801 60 2.1 -6056 3190
205417 60 2.1 -5992 3148
208066 60 2.1 -6076 3162
210750 60 2.1 -5780 3006
213468 60 2.1 -6168 3190
216222 60 2.1 -5920 3134
219010 60 2.1 -6144 3210
221835 60 2.1 -5768 3032
224696 60 2.1 -6068 3160
227595 60 2.1 -5972 3142
230530 60 2.1 -5656 2936
233503 60 2.1 -6072 3190
236515 60 2.1 -5648 2894
239566 60 2.1 -5980 3058
242656 60 2.1 -6056 3096
245785 60 2.1 -6144 3230
248956 60 2.1 -5928 3122
252167 60 2.1 -5972 3176
255419 60 2.1 -6256 3254
258713 60 2.1 -6048 3170
262050 60 2.1 -6148 3226
265430 60 2.1 -6116 3206
268854 60 2.1 -5988 3112
272321 60 2.1 -5936 3154
275834 60 2.1 -6036 3196
279391 60 2.1 -5992 3138
282995 60 2.1 -6076 3180
286645 60 2.1 -5816 3116
290342 60 2.1 -6012 3168
294087 60 2.1 -6036 3144
297880 60 2.1 -5948 3102
301722 60 2.1 -5912 3026
305614 60 2.1 -5868 2950
309556 60 2.1 -5972 3168
313548 60 2.1 -5988 3152
317592 60 2.1 -5936 3106
321689 60 2.1 -5912 3126
325838 60 2.1 -6012 3144
330040 60 2.1 -5972 3080
334297 60 2.1 -6020 3186
338609 60 2.1 -5840 2914
342976 60 2.1 -5892 3062
347400 60 2.1 -6016 3156
351881 60 2.1 -5844 3032
356419 60 2.1 -6096 3212
361016 60 2.1 -5932 3044
365673 60 2.1 -5952 2934
370389 60 2.1 -5820 3058
375167 60 2.1 -6132 3228
380005 60 2.1 -6132 3200
384907 60 2.1 -6072 3180
389871 60 2.1 -6012 3144
394900 60 2.1 -6092 3128
399993 60 2.1 -6112 3132
405152 60 2.1 -6148 3232
410378 60 2.1 -6160 3258
415671 60 2.1 -5792 2868
421032 60 2.1 -6232 3216
426463 60 2.1 -6020 3184
431963 60 2.1 -6040 3192
437535 60 2.1 -5896 3098
443178 60 2.1 -5964 3206
448894 60 2.1 -5940 3082
454684 60 2.1 -5604 2982
460548 60 2.1 -6148 3190
466489 60 2.1 -5988 3126
472505 60 2.1 -6084 3208
478600 60 2.1 -6052 3176
484773 60 2.1 -5908 3136
491025 60 2.1 -5792 2986
497358 60 2.1 -6172 3260
503773 60 2.1 -6320 3308
510271 60 2.1 -5932 3090
516852 60 2.1 -6176 3236
523519 60 2.1 -5900 3080
530271 60 2.1 -5788 3086
537111 60 2.1 -5872 2972
544038 60 2.1 -5944 3120
551055 60 2.1 -6060 3184
558163 60 2.1 -6024 3132
565362 60 2.1 -5796 3042
572654 60 2.1 -6056 3166
580040 60 2.1 -6020 3128
587521 60 2.1 -6184 3240
595099 60 2.1 -5984 3118
602775 60 2.1 -6056 3174
610549 60 2.1 -5876 2982
618424 60 2.1 -6092 3238
626400 60 2.1 -5864 3096
634480 60 2.1 -5976 3142
642663 60 2.1 -5952 3028
650952 60 2.1 -5924 3016
659348 60 2.1 -6044 3212
667853 60 2.1 -6192 3254
676467 60 2.1 -5928 3120
685192 60 2.1 -5948 3148
694029 60 2.1 -5852 3004
702981 60 2.1 -5936 3158
712048 60 2.1 -6152 3152
721232 60 2.1 -5892 3074
730534 60 2.1 -6068 3156
739957 60 2.1 -6232 3298
749500 60 2.1 -6036 3088
759168 60 2.1 -6096 3200
768959 60 2.1 -6176 3258
778877 60 2.1 -5908 3092
788923 60 2.1 -5880 3110
799099 60 2.1 -6096 3224
809405 60 2.1 -5976 3140
819845 60 2.1 -5960 3104
830419 60 2.1 -5968 3114
841130 60 2.1 -5784 3086
851979 60 2.1 -6124 3120
862968 60 2.1 -5948 3156
874098 60 2.1 -5984 3114
885373 60 2.1 -5852 3004
896792 60 2.1 -5756 2922
908359 60 2.1 -6012 3158
920075 60 2.1 -6148 3228
931942 60 2.1 -6048 3168
943962 60 2.1 -6056 3196
956137 60 2.1 -5976 3116
968470 60 2.1 -6260 3272
980961 60 2.1 -6012 3150
993613 60 2.1 -6236 3270
999999 60 2.1 -6232 3264
