3 20 2.1 -396 60
4 20 2.1 -372 56
5 20 2.1 -416 74
6 20 2.1 -488 112
7 20 2.1 -468 88
8 20 2.1 -532 82
9 20 2.1 -528 108
10 20 2.1 -536 112
11 20 2.1 -524 158
12 20 2.1 -528 176
13 20 2.1 -508 178
14 20 2.1 -528 166
15 20 2.1 -572 174
16 20 2.1 -544 170
17 20 2.1 -552 188
18 20 2.1 -540 224
19 20 2.1 -540 248
20 20 2.1 -600 268
21 20 2.1 -628 284
22 20 2.1 -624 284
23 20 2.1 -624 266
24 20 2.1 -620 266
25 20 2.1 -584 252
26 20 2.1 -584 234
27 20 2.1 -568 224
28 20 2.1 -576 236
29 20 2.1 -580 252
30 20 2.1 -604 248
31 20 2.1 -568 258
32 20 2.1 -576 270
33 20 2.1 -616 292
34 20 2.1 -580 304
35 20 2.1 -584 318
36 20 2.1 -612 324
37 20 2.1 -584 310
38 20 2.1 -620 314
39 20 2.1 -608 318
40 20 2.1 -612 310
41 20 2.1 -628 322
42 20 2.1 -636 322
43 20 2.1 -604 324
44 20 2.1 -664 328
45 20 2.1 -676 318
46 20 2.1 -652 328
47 20 2.1 -616 308
48 20 2.1 -624 304
49 20 2.1 -604 314
50 20 2.1 -600 302
51 20 2.1 -632 318
52 20 2.1 -636 302
53 20 2.1 -620 288
54 20 2.1 -596 268
55 20 2.1 -572 278
56 20 2.1 -592 292
57 20 2.1 -596 304
58 20 2.1 -596 306
59 20 2.1 -640 326
60 20 2.1 -608 306
61 20 2.1 -624 302
62 20 2.1 -588 298
63 20 2.1 -612 312
64 20 2.1 -636 328
65 20 2.1 -636 322
66 20 2.1 -640 330
67 20 2.1 -644 332
68 20 2.1 -668 354
69 20 2.1 -708 372
70 20 2.1 -736 382
71 20 2.1 -696 370
72 20 2.1 -684 366
73 20 2.1 -680 366
74 20 2.1 -660 356
75 20 2.1 -736 382
76 20 2.1 -704 368
77 20 2.1 -716 374
78 20 2.1 -692 366
79 20 2.1 -640 344
80 20 2.1 -672 356
81 20 2.1 -684 362
82 20 2.1 -672 358
83 20 2.1 -708 368
84 20 2.1 -704 370
85 20 2.1 -708 372
86 20 2.1 -700 364
88 20 2.1 -652 358
89 20 2.1 -692 364
90 20 2.1 -700 370
91 20 2.1 -708 372
92 20 2.1 -668 354
93 20 2.1 -680 360
95 20 2.1 -684 364
96 20 2.1 -648 344
97 20 2.1 -596 324
98 20 2.1 -580 314
99 20 2.1 -624 348
101 20 2.1 -688 360
102 20 2.1 -676 358
103 20 2.1 -680 364
105 20 2.1 -732 374
106 20 2.1 -712 372
107 20 2.1 -696 368
109 20 2.1 -688 364
110 20 2.1 -744 384
112 20 2.1 -728 382
113 20 2.1 -692 368
114 20 2.1 -660 348
116 20 2.1 -612 340
117 20 2.1 -656 350
119 20 2.1 -664 352
120 20 2.1 -728 376
122 20 2.1 -660 360
124 20 2.1 -644 348
125 20 2.1 -656 354
127 20 2.1 -692 366
128 20 2.1 -648 348
130 20 2.1 -628 332
132 20 2.1 -700 362
133 20 2.1 -668 352
135 20 2.1 -680 356
137 20 2.1 -676 336
139 20 2.1 -720 366
140 20 2.1 -716 378
142 20 2.1 -652 348
144 20 2.1 -660 344
146 20 2.1 -640 348
148 20 2.1 -700 358
150 20 2.1 -712 360
152 20 2.1 -676 344
154 20 2.1 -684 360
155 20 2.1 -660 354
157 20 2.1 -700 362
160 20 2.1 -668 354
162 20 2.1 -644 352
164 20 2.1 -640 346
166 20 2.1 -584 320
168 20 2.1 -584 304
170 20 2.1 -604 320
172 20 2.1 -620 340
174 20 2.1 -688 352
177 20 2.1 -640 340
179 20 2.1 -644 346
181 20 2.1 -712 370
184 20 2.1 -644 338
186 20 2.1 -676 350
188 20 2.1 -644 338
191 20 2.1 -700 372
193 20 2.1 -696 370
196 20 2.1 -672 362
198 20 2.1 -664 356
201 20 2.1 -708 372
203 20 2.1 -672 352
206 20 2.1 -656 348
209 20 2.1 -632 328
211 20 2.1 -600 326
214 20 2.1 -628 322
217 20 2.1 -660 334
220 20 2.1 -664 338
222 20 2.1 -656 338
225 20 2.1 -740 382
228 20 2.1 -696 368
231 20 2.1 -644 310
234 20 2.1 -688 338
237 20 2.1 -680 354
240 20 2.1 -660 340
243 20 2.1 -568 296
246 20 2.1 -616 340
250 20 2.1 -656 336
253 20 2.1 -624 336
256 20 2.1 -636 326
259 20 2.1 -648 330
263 20 2.1 -660 340
266 20 2.1 -636 324
269 20 2.1 -716 334
273 20 2.1 -660 322
276 20 2.1 -632 326
280 20 2.1 -616 338
284 20 2.1 -664 356
287 20 2.1 -712 368
291 20 2.1 -672 364
295 20 2.1 -716 374
298 20 2.1 -664 352
302 20 2.1 -688 368
306 20 2.1 -644 346
310 20 2.1 -704 366
314 20 2.1 -612 326
318 20 2.1 -664 352
322 20 2.1 -656 350
326 20 2.1 -676 358
331 20 2.1 -644 342
335 20 2.1 -696 368
339 20 2.1 -636 340
344 20 2.1 -636 328
348 20 2.1 -656 336
352 20 2.1 -652 336
357 20 2.1 -636 310
362 20 2.1 -672 348
366 20 2.1 -620 344
371 20 2.1 -664 350
376 20 2.1 -724 378
381 20 2.1 -664 356
385 20 2.1 -680 362
390 20 2.1 -736 382
395 20 2.1 -716 376
401 20 2.1 -620 336
406 20 2.1 -664 352
411 20 2.1 -712 372
416 20 2.1 -672 362
422 20 2.1 -600 336
427 20 2.1 -700 366
433 20 2.1 -652 342
438 20 2.1 -640 342
444 20 2.1 -624 336
449 20 2.1 -652 340
455 20 2.1 -652 324
461 20 2.1 -616 336
467 20 2.1 -628 336
473 20 2.1 -604 328
479 20 2.1 -700 360
485 20 2.1 -672 332
492 20 2.1 -624 294
498 20 2.1 -672 348
504 20 2.1 -640 336
511 20 2.1 -748 386
517 20 2.1 -672 356
524 20 2.1 -676 354
531 20 2.1 -636 344
538 20 2.1 -728 378
545 20 2.1 -716 372
552 20 2.1 -724 376
559 20 2.1 -632 350
566 20 2.1 -696 368
573 20 2.1 -752 386
581 20 2.1 -628 336
588 20 2.1 -640 344
596 20 2.1 -624 324
603 20 2.1 -632 334
611 20 2.1 -632 338
619 20 2.1 -708 370
627 20 2.1 -732 370
635 20 2.1 -664 362
643 20 2.1 -732 380
652 20 2.1 -664 354
660 20 2.1 -636 350
668 20 2.1 -700 370
677 20 2.1 -716 376
686 20 2.1 -704 372
695 20 2.1 -680 356
704 20 2.1 -632 336
713 20 2.1 -700 372
722 20 2.1 -680 358
731 20 2.1 -680 348
741 20 2.1 -692 364
750 20 2.1 -744 380
760 20 2.1 -664 348
770 20 2.1 -624 342
780 20 2.1 -684 362
790 20 2.1 -664 358
800 20 2.1 -736 384
810 20 2.1 -684 368
821 20 2.1 -664 344
831 20 2.1 -728 380
842 20 2.1 -740 380
853 20 2.1 -684 360
864 20 2.1 -712 370
875 20 2.1 -620 340
886 20 2.1 -712 372
897 20 2.1 -704 370
909 20 2.1 -604 322
921 20 2.1 -660 330
933 20 2.1 -708 370
945 20 2.1 -612 310
957 20 2.1 -656 344
969 20 2.1 -572 298
982 20 2.1 -728 378
994 20 2.1 -696 370
1007 20 2.1 -660 342
1020 20 2.1 -668 350
1033 20 2.1 -616 334
1047 20 2.1 -648 320
1060 20 2.1 -668 356
1074 20 2.1 -644 334
1088 20 2.1 -724 380
1102 20 2.1 -680 354
1116 20 2.1 -712 374
1130 20 2.1 -644 334
1145 20 2.1 -688 362
1160 20 2.1 -736 382
1174 20 2.1 -696 372
1190 20 2.1 -572 314
1205 20 2.1 -668 352
1220 20 2.1 -692 362
1236 20 2.1 -716 368
1252 20 2.1 -652 340
1268 20 2.1 -676 362
1285 20 2.1 -660 350
1301 20 2.1 -668 356
1318 20 2.1 -700 374
1335 20 2.1 -664 342
1352 20 2.1 -672 334
1370 20 2.1 -684 360
1387 20 2.1 -712 374
1405 20 2.1 -644 322
1423 20 2.1 -652 312
1442 20 2.1 -608 254
1460 20 2.1 -596 282
1479 20 2.1 -692 368
1498 20 2.1 -680 362
1517 20 2.1 -608 296
1537 20 2.1 -628 270
1557 20 2.1 -712 376
1577 20 2.1 -708 372
1597 20 2.1 -644 346
1618 20 2.1 -640 346
1639 20 2.1 -632 342
1660 20 2.1 -676 362
1681 20 2.1 -616 324
1703 20 2.1 -664 352
1725 20 2.1 -652 340
1747 20 2.1 -692 368
1770 20 2.1 -744 384
1792 20 2.1 -724 376
1816 20 2.1 -624 338
1839 20 2.1 -600 302
1863 20 2.1 -644 342
1887 20 2.1 -732 380
1911 20 2.1 -612 334
1936 20 2.1 -692 372
1961 20 2.1 -680 366
1986 20 2.1 -720 376
2012 20 2.1 -652 350
2037 20 2.1 -600 340
2064 20 2.1 -648 346
2090 20 2.1 -544 300
2117 20 2.1 -620 318
2145 20 2.1 -712 374
2172 20 2.1 -700 366
2200 20 2.1 -680 368
2229 20 2.1 -656 346
2257 20 2.1 -676 360
2286 20 2.1 -696 362
2316 20 2.1 -652 342
2346 20 2.1 -676 336
2376 20 2.1 -532 220
2407 20 2.1 -676 364
2438 20 2.1 -632 334
2469 20 2.1 -668 358
2501 20 2.1 -600 308
2533 20 2.1 -696 368
2566 20 2.1 -728 380
2599 20 2.1 -644 350
2633 20 2.1 -664 358
2667 20 2.1 -604 316
2701 20 2.1 -692 370
2736 20 2.1 -668 354
2771 20 2.1 -708 374
2807 20 2.1 -684 364
2843 20 2.1 -632 316
2880 20 2.1 -740 384
2917 20 2.1 -600 322
2954 20 2.1 -644 330
2992 20 2.1 -640 312
3031 20 2.1 -688 362
3070 20 2.1 -696 372
3110 20 2.1 -672 360
3150 20 2.1 -712 370
3190 20 2.1 -656 358
3232 20 2.1 -684 364
3273 20 2.1 -696 360
3315 20 2.1 -712 374
3358 20 2.1 -652 346
3402 20 2.1 -716 364
3445 20 2.1 -664 342
3490 20 2.1 -592 328
3535 20 2.1 -708 370
3580 20 2.1 -676 342
3627 20 2.1 -696 368
3673 20 2.1 -660 356
3721 20 2.1 -656 356
3769 20 2.1 -700 372
3817 20 2.1 -724 378
3867 20 2.1 -724 374
3916 20 2.1 -632 342
3967 20 2.1 -664 328
4018 20 2.1 -620 310
4070 20 2.1 -608 342
4122 20 2.1 -660 342
4176 20 2.1 -596 282
4229 20 2.1 -672 360
4284 20 2.1 -568 290
4339 20 2.1 -688 368
4395 20 2.1 -640 348
4452 20 2.1 -672 356
4509 20 2.1 -644 342
4567 20 2.1 -696 356
4626 20 2.1 -692 370
4686 20 2.1 -720 368
4746 20 2.1 -712 370
4808 20 2.1 -752 386
4870 20 2.1 -640 354
4932 20 2.1 -652 352
4996 20 2.1 -664 348
5060 20 2.1 -576 282
5126 20 2.1 -708 372
5192 20 2.1 -700 370
5259 20 2.1 -632 338
5327 20 2.1 -680 362
5395 20 2.1 -676 358
5465 20 2.1 -668 348
5535 20 2.1 -692 366
5607 20 2.1 -644 332
5679 20 2.1 -540 160
5752 20 2.1 -688 364
5826 20 2.1 -684 350
5902 20 2.1 -736 382
5978 20 2.1 -704 372
6055 20 2.1 -688 368
6133 20 2.1 -648 344
6212 20 2.1 -628 340
6292 20 2.1 -632 330
6373 20 2.1 -700 364
6455 20 2.1 -656 338
6539 20 2.1 -632 340
6623 20 2.1 -612 328
6708 20 2.1 -644 356
6795 20 2.1 -608 314
6883 20 2.1 -676 356
6971 20 2.1 -680 364
7061 20 2.1 -648 352
7152 20 2.1 -708 372
7245 20 2.1 -716 376
7338 20 2.1 -668 348
7433 20 2.1 -684 366
7529 20 2.1 -708 374
7626 20 2.1 -692 358
7724 20 2.1 -688 360
7824 20 2.1 -736 374
7925 20 2.1 -664 350
8027 20 2.1 -584 200
8130 20 2.1 -744 380
8235 20 2.1 -612 320
8341 20 2.1 -600 326
8449 20 2.1 -600 296
8558 20 2.1 -664 360
8668 20 2.1 -684 368
8780 20 2.1 -652 354
8893 20 2.1 -644 350
9008 20 2.1 -692 368
9124 20 2.1 -748 384
9242 20 2.1 -628 328
9361 20 2.1 -648 334
9482 20 2.1 -708 372
9604 20 2.1 -628 340
9728 20 2.1 -640 326
9853 20 2.1 -636 326
9980 20 2.1 -632 344
10109 20 2.1 -620 332
10240 20 2.1 -672 362
10372 20 2.1 -676 342
10505 20 2.1 -688 360
10641 20 2.1 -656 342
10778 20 2.1 -644 346
10917 20 2.1 -652 354
11058 20 2.1 -700 368
11201 20 2.1 -636 336
11345 20 2.1 -640 354
11491 20 2.1 -712 376
11640 20 2.1 -632 296
11790 20 2.1 -620 308
11942 20 2.1 -652 348
12096 20 2.1 -748 384
12252 20 2.1 -648 348
12410 20 2.1 -584 320
12570 20 2.1 -628 340
12732 20 2.1 -600 324
12896 20 2.1 -636 348
13062 20 2.1 -680 350
13231 20 2.1 -688 368
13402 20 2.1 -552 278
13574 20 2.1 -584 328
13750 20 2.1 -656 358
13927 20 2.1 -676 360
14106 20 2.1 -640 342
14288 20 2.1 -660 346
14473 20 2.1 -672 362
14659 20 2.1 -684 366
14848 20 2.1 -616 312
15040 20 2.1 -664 330
15234 20 2.1 -624 320
15430 20 2.1 -616 318
15629 20 2.1 -772 392
15831 20 2.1 -716 374
16035 20 2.1 -680 364
16242 20 2.1 -640 322
16451 20 2.1 -688 364
16664 20 2.1 -628 344
16879 20 2.1 -664 358
17096 20 2.1 -688 364
17317 20 2.1 -688 366
17540 20 2.1 -648 334
17766 20 2.1 -736 384
17995 20 2.1 -676 300
18228 20 2.1 -688 366
18463 20 2.1 -608 294
18701 20 2.1 -668 358
18942 20 2.1 -700 368
19186 20 2.1 -652 350
19434 20 2.1 -564 254
19684 20 2.1 -676 356
19938 20 2.1 -564 284
20195 20 2.1 -704 368
20456 20 2.1 -608 282
20720 20 2.1 -628 340
20987 20 2.1 -600 340
21258 20 2.1 -660 348
21532 20 2.1 -572 296
21810 20 2.1 -592 334
22091 20 2.1 -684 364
22376 20 2.1 -728 380
22664 20 2.1 -664 350
22957 20 2.1 -628 316
23253 20 2.1 -692 372
23553 20 2.1 -628 310
23856 20 2.1 -712 370
24164 20 2.1 -648 326
24476 20 2.1 -656 352
24791 20 2.1 -664 352
25111 20 2.1 -728 376
25435 20 2.1 -660 280
25763 20 2.1 -664 344
26095 20 2.1 -704 366
26432 20 2.1 -616 330
26773 20 2.1 -708 372
27118 20 2.1 -708 368
27468 20 2.1 -700 368
27822 20 2.1 -716 376
28181 20 2.1 -652 348
28545 20 2.1 -660 354
28913 20 2.1 -616 334
29286 20 2.1 -644 326
29663 20 2.1 -664 350
30046 20 2.1 -676 358
30434 20 2.1 -720 378
30826 20 2.1 -772 392
31224 20 2.1 -632 340
31626 20 2.1 -624 338
32034 20 2.1 -696 354
32447 20 2.1 -648 350
32866 20 2.1 -644 354
33290 20 2.1 -668 338
33719 20 2.1 -676 342
34154 20 2.1 -684 358
34595 20 2.1 -664 354
35041 20 2.1 -652 344
35493 20 2.1 -612 306
35951 20 2.1 -688 368
36414 20 2.1 -684 360
36884 20 2.1 -580 298
37360 20 2.1 -668 350
37841 20 2.1 -688 346
38330 20 2.1 -676 354
38824 20 2.1 -620 342
39325 20 2.1 -716 376
39832 20 2.1 -704 372
40346 20 2.1 -688 356
40866 20 2.1 -688 358
41393 20 2.1 -668 332
41927 20 2.1 -704 368
42468 20 2.1 -668 350
43015 20 2.1 -672 358
43570 20 2.1 -704 370
44132 20 2.1 -680 358
44701 20 2.1 -548 208
45278 20 2.1 -644 334
45862 20 2.1 -720 378
46453 20 2.1 -676 356
47053 20 2.1 -664 356
47660 20 2.1 -740 384
48274 20 2.1 -656 348
48897 20 2.1 -676 348
49528 20 2.1 -596 260
50166 20 2.1 -568 304
50813 20 2.1 -656 356
51469 20 2.1 -696 366
52133 20 2.1 -588 306
52805 20 2.1 -672 356
53486 20 2.1 -664 356
54176 20 2.1 -728 376
54875 20 2.1 -700 368
55582 20 2.1 -688 354
56299 20 2.1 -700 370
57025 20 2.1 -680 362
57761 20 2.1 -620 228
58506 20 2.1 -668 350
59261 20 2.1 -672 358
60025 20 2.1 -620 340
60799 20 2.1 -740 384
61583 20 2.1 -644 336
62378 20 2.1 -676 350
63182 20 2.1 -676 334
63997 20 2.1 -632 338
64822 20 2.1 -672 358
65658 20 2.1 -632 336
66505 20 2.1 -628 324
67363 20 2.1 -672 360
68232 20 2.1 -596 294
69112 20 2.1 -692 368
70003 20 2.1 -704 372
70906 20 2.1 -636 342
71821 20 2.1 -632 340
72747 20 2.1 -688 362
73685 20 2.1 -716 358
74636 20 2.1 -684 344
75599 20 2.1 -628 334
76574 20 2.1 -648 350
77561 20 2.1 -632 298
78562 20 2.1 -716 358
79575 20 2.1 -652 352
80601 20 2.1 -684 360
81641 20 2.1 -584 302
82694 20 2.1 -768 390
83760 20 2.1 -656 348
84841 20 2.1 -680 354
85935 20 2.1 -716 374
87043 20 2.1 -656 346
88166 20 2.1 -672 354
89303 20 2.1 -660 352
90455 20 2.1 -720 374
91622 20 2.1 -668 356
92803 20 2.1 -644 346
94000 20 2.1 -672 360
95213 20 2.1 -640 342
96441 20 2.1 -580 322
97685 20 2.1 -692 372
98945 20 2.1 -636 314
100221 20 2.1 -608 326
101513 20 2.1 -704 358
102823 20 2.1 -716 372
104149 20 2.1 -684 360
105492 20 2.1 -708 366
106853 20 2.1 -676 340
108231 20 2.1 -644 346
109627 20 2.1 -724 376
111041 20 2.1 -668 356
112473 20 2.1 -648 348
113924 20 2.1 -716 372
115393 20 2.1 -636 332
116882 20 2.1 -600 316
118389 20 2.1 -616 302
119916 20 2.1 -672 360
121463 20 2.1 -668 340
123029 20 2.1 -652 338
124616 20 2.1 -656 350
126224 20 2.1 -668 338
127852 20 2.1 -692 368
129501 20 2.1 -688 360
131171 20 2.1 -696 368
132863 20 2.1 -672 362
134576 20 2.1 -660 342
136312 20 2.1 -644 346
138070 20 2.1 -668 344
139851 20 2.1 -664 360
141655 20 2.1 -668 352
143482 20 2.1 -704 370
145333 20 2.1 -656 336
147207 20 2.1 -580 318
149106 20 2.1 -664 360
151029 20 2.1 -664 348
152977 20 2.1 -672 352
154950 20 2.1 -656 346
156948 20 2.1 -596 282
158973 20 2.1 -676 364
161023 20 2.1 -672 364
163100 20 2.1 -612 322
165204 20 2.1 -720 376
167334 20 2.1 -708 374
169493 20 2.1 -628 338
171679 20 2.1 -688 360
173893 20 2.1 -680 358
176136 20 2.1 -732 382
178408 20 2.1 -684 360
180709 20 2.1 -692 368
183040 20 2.1 -612 300
185400 20 2.1 -700 364
187792 20 2.1 -716 370
190214 20 2.1 -684 366
192667 20 2.1 -688 344
195152 20 2.1 -620 244
197669 20 2.1 -680 350
200219 20 2.1 -720 374
202801 20 2.1 -584 312
205417 20 2.1 -720 376
208066 20 2.1 -612 278
210750 20 2.1 -472 184
213468 20 2.1 -664 352
216222 20 2.1 -644 352
219010 20 2.1 -604 312
221835 20 2.1 -624 322
224696 20 2.1 -728 376
227595 20 2.1 -660 346
230530 20 2.1 -692 364
233503 20 2.1 -608 330
236515 20 2.1 -696 366
239566 20 2.1 -692 368
242656 20 2.1 -708 370
245785 20 2.1 -736 382
248956 20 2.1 -660 350
252167 20 2.1 -628 336
255419 20 2.1 -616 332
258713 20 2.1 -688 368
262050 20 2.1 -624 290
265430 20 2.1 -648 330
268854 20 2.1 -728 370
272321 20 2.1 -652 348
275834 20 2.1 -700 372
279391 20 2.1 -724 378
282995 20 2.1 -716 374
286645 20 2.1 -652 342
290342 20 2.1 -652 354
294087 20 2.1 -624 324
297880 20 2.1 -596 330
301722 20 2.1 -592 328
305614 20 2.1 -672 350
309556 20 2.1 -628 314
313548 20 2.1 -600 316
317592 20 2.1 -632 334
321689 20 2.1 -660 346
325838 20 2.1 -668 344
330040 20 2.1 -632 324
334297 20 2.1 -668 358
338609 20 2.1 -708 368
342976 20 2.1 -640 348
347400 20 2.1 -640 352
351881 20 2.1 -608 332
356419 20 2.1 -628 340
361016 20 2.1 -716 370
365673 20 2.1 -724 380
370389 20 2.1 -640 338
375167 20 2.1 -696 370
380005 20 2.1 -700 358
384907 20 2.1 -708 372
389871 20 2.1 -732 374
394900 20 2.1 -692 368
399993 20 2.1 -644 348
405152 20 2.1 -632 338
410378 20 2.1 -636 350
415671 20 2.1 -676 356
421032 20 2.1 -732 378
426463 20 2.1 -636 350
431963 20 2.1 -688 350
437535 20 2.1 -644 336
443178 20 2.1 -672 -358
448894 20 2.1 -712 -372
454684 20 2.1 -672 -364
460548 20 2.1 -684 -360
466489 20 2.1 -584 -248
472505 20 2.1 -692 -368
478600 20 2.1 -652 -344
484773 20 2.1 -768 -392
491025 20 2.1 -696 -362
497358 20 2.1 -688 -368
503773 20 2.1 -680 -352
510271 20 2.1 -640 -334
516852 20 2.1 -692 -362
523519 20 2.1 -644 -344
530271 20 2.1 -684 -358
537111 20 2.1 -668 -318
544038 20 2.1 -612 -278
551055 20 2.1 -648 -346
558163 20 2.1 -632 -332
565362 20 2.1 -588 -324
572654 20 2.1 -680 -362
580040 20 2.1 -580 -272
587521 20 2.1 -752 -388
595099 20 2.1 -708 -372
602775 20 2.1 -680 -364
610549 20 2.1 -752 -388
618424 20 2.1 -656 -352
626400 20 2.1 -688 -364
634480 20 2.1 -648 -350
642663 20 2.1 -676 -352
650952 20 2.1 -696 -368
659348 20 2.1 -576 -294
667853 20 2.1 -708 -370
676467 20 2.1 -684 -354
685192 20 2.1 -636 -310
694029 20 2.1 -584 -296
702981 20 2.1 -696 -370
712048 20 2.1 -588 -290
721232 20 2.1 -652 -348
730534 20 2.1 -712 -372
739957 20 2.1 -700 -370
749500 20 2.1 -692 -368
759168 20 2.1 -576 -304
768959 20 2.1 -672 -358
778877 20 2.1 -648 -348
788923 20 2.1 -700 370
799099 20 2.1 -696 358
809405 20 2.1 -684 364
819845 20 2.1 -680 364
830419 20 2.1 -688 366
841130 20 2.1 -640 334
851979 20 2.1 -636 330
862968 20 2.1 -764 388
874098 20 2.1 -644 344
885373 20 2.1 -556 228
896792 20 2.1 -624 340
908359 20 2.1 -672 348
920075 20 2.1 -732 378
931942 20 2.1 -740 382
943962 20 2.1 -720 378
956137 20 2.1 -700 366
968470 20 2.1 -668 348
980961 20 2.1 -640 322
993613 20 2.1 -644 348
999999 20 2.1 -672 354
