3 60 2.3 -3252 318
4 60 2.3 -3556 274
5 60 2.3 -3684 292
6 60 2.3 -3716 354
7 60 2.3 -3864 386
8 60 2.3 -3920 378
9 60 2.3 -4056 432
10 60 2.3 -4144 496
11 60 2.3 -4244 542
12 60 2.3 -4376 622
13 60 2.3 -4376 590
14 60 2.3 -4372 602
15 60 2.3 -4392 596
16 60 2.3 -4456 682
17 60 2.3 -4428 636
18 60 2.3 -4416 628
19 60 2.3 -4296 666
20 60 2.3 -4252 646
21 60 2.3 -4308 628
22 60 2.3 -4380 602
23 60 2.3 -4352 580
24 60 2.3 -4492 612
25 60 2.3 -4468 674
26 60 2.3 -4360 620
27 60 2.3 -4436 594
28 60 2.3 -4412 480
29 60 2.3 -4560 512
30 60 2.3 -4708 502
31 60 2.3 -4552 408
32 60 2.3 -4480 448
33 60 2.3 -4420 444
34 60 2.3 -4456 524
35 60 2.3 -4448 476
36 60 2.3 -4512 358
37 60 2.3 -4360 390
38 60 2.3 -4436 454
39 60 2.3 -4468 544
40 60 2.3 -4652 584
41 60 2.3 -4592 538
42 60 2.3 -4596 494
43 60 2.3 -4568 596
44 60 2.3 -4464 538
45 60 2.3 -4520 578
46 60 2.3 -4420 540
47 60 2.3 -4512 578
48 60 2.3 -4540 718
49 60 2.3 -4428 674
50 60 2.3 -4416 606
51 60 2.3 -4456 652
52 60 2.3 -4432 706
53 60 2.3 -4460 668
54 60 2.3 -4444 636
55 60 2.3 -4512 592
56 60 2.3 -4580 674
57 60 2.3 -4416 542
58 60 2.3 -4428 456
59 60 2.3 -4484 446
60 60 2.3 -4460 416
61 60 2.3 -4320 412
62 60 2.3 -4340 374
63 60 2.3 -4472 414
64 60 2.3 -4516 446
65 60 2.3 -4444 506
66 60 2.3 -4344 596
67 60 2.3 -4332 592
68 60 2.3 -4456 596
69 60 2.3 -4432 588
70 60 2.3 -4456 568
71 60 2.3 -4516 590
72 60 2.3 -4404 556
73 60 2.3 -4500 566
74 60 2.3 -4540 594
75 60 2.3 -4672 428
76 60 2.3 -4676 524
77 60 2.3 -4696 548
78 60 2.3 -4624 526
79 60 2.3 -4688 518
80 60 2.3 -4520 370
81 60 2.3 -4476 306
82 60 2.3 -4424 294
83 60 2.3 -4552 414
84 60 2.3 -4712 382
85 60 2.3 -4504 342
86 60 2.3 -4540 434
88 60 2.3 -4536 538
89 60 2.3 -4544 528
90 60 2.3 -4508 498
91 60 2.3 -4660 412
92 60 2.3 -4620 434
93 60 2.3 -4560 408
95 60 2.3 -4736 442
96 60 2.3 -4576 438
97 60 2.3 -4548 398
98 60 2.3 -4644 470
99 60 2.3 -4608 520
101 60 2.3 -4800 610
102 60 2.3 -4700 580
103 60 2.3 -4804 650
105 60 2.3 -4668 734
106 60 2.3 -4732 778
107 60 2.3 -4588 822
109 60 2.3 -4584 894
110 60 2.3 -4564 976
112 60 2.3 -4676 1020
113 60 2.3 -4628 1076
114 60 2.3 -4748 1030
116 60 2.3 -4728 1044
117 60 2.3 -4652 1102
119 60 2.3 -4660 1044
120 60 2.3 -4608 1028
122 60 2.3 -4728 986
124 60 2.3 -4632 990
125 60 2.3 -4648 972
127 60 2.3 -4716 1092
128 60 2.3 -4652 1128
130 60 2.3 -4748 1040
132 60 2.3 -4716 998
133 60 2.3 -4756 1060
135 60 2.3 -4536 984
137 60 2.3 -4640 1056
139 60 2.3 -4840 1062
140 60 2.3 -4736 1084
142 60 2.3 -4632 1066
144 60 2.3 -4692 1052
146 60 2.3 -4700 1096
148 60 2.3 -4732 1102
150 60 2.3 -4720 1158
152 60 2.3 -4908 1094
154 60 2.3 -4980 1116
155 60 2.3 -4992 1138
157 60 2.3 -4980 1066
160 60 2.3 -5056 1024
162 60 2.3 -4888 1080
164 60 2.3 -4660 1010
166 60 2.3 -4636 1098
168 60 2.3 -4728 1126
170 60 2.3 -4732 1146
172 60 2.3 -4652 1048
174 60 2.3 -4576 988
177 60 2.3 -4532 792
179 60 2.3 -4492 856
181 60 2.3 -4860 844
184 60 2.3 -4732 822
186 60 2.3 -4812 950
188 60 2.3 -4848 864
191 60 2.3 -4880 806
193 60 2.3 -4712 856
196 60 2.3 -4752 876
198 60 2.3 -4728 900
201 60 2.3 -4648 820
203 60 2.3 -4852 952
206 60 2.3 -4856 956
209 60 2.3 -4900 974
211 60 2.3 -5004 860
214 60 2.3 -4648 868
217 60 2.3 -4704 1058
220 60 2.3 -4972 1194
222 60 2.3 -4768 1070
225 60 2.3 -4836 1034
228 60 2.3 -4760 1044
231 60 2.3 -4840 1098
234 60 2.3 -4760 1080
237 60 2.3 -4772 1206
240 60 2.3 -4876 1212
243 60 2.3 -4916 1202
246 60 2.3 -4832 1154
250 60 2.3 -4696 1106
253 60 2.3 -4696 1120
256 60 2.3 -4732 1068
259 60 2.3 -4512 1030
263 60 2.3 -4880 880
266 60 2.3 -4740 758
269 60 2.3 -4932 874
273 60 2.3 -4696 828
276 60 2.3 -4728 764
280 60 2.3 -4720 654
284 60 2.3 -4792 604
287 60 2.3 -4668 614
291 60 2.3 -4676 590
295 60 2.3 -4820 500
298 60 2.3 -4712 504
302 60 2.3 -4724 492
306 60 2.3 -4772 442
310 60 2.3 -4832 420
314 60 2.3 -4896 282
318 60 2.3 -4764 216
322 60 2.3 -5028 66
326 60 2.3 -4736 130
331 60 2.3 -4736 164
335 60 2.3 -5016 218
339 60 2.3 -4984 186
344 60 2.3 -4972 306
348 60 2.3 -4864 318
352 60 2.3 -4904 294
357 60 2.3 -4408 332
362 60 2.3 -4580 308
366 60 2.3 -4792 102
371 60 2.3 -4708 192
376 60 2.3 -4832 264
381 60 2.3 -4632 166
385 60 2.3 -4628 170
390 60 2.3 -4584 64
395 60 2.3 -4636 -18
401 60 2.3 -4792 -90
406 60 2.3 -5080 -228
411 60 2.3 -4832 -164
416 60 2.3 -4888 -160
422 60 2.3 -4932 -228
427 60 2.3 -4844 -34
433 60 2.3 -4880 -168
438 60 2.3 -4724 -76
444 60 2.3 -4804 -140
449 60 2.3 -4648 44
455 60 2.3 -4740 64
461 60 2.3 -4880 122
467 60 2.3 -4760 -70
473 60 2.3 -4944 -180
479 60 2.3 -4864 -104
485 60 2.3 -4808 60
492 60 2.3 -4772 32
498 60 2.3 -4852 -134
504 60 2.3 -4920 -190
511 60 2.3 -4960 -218
517 60 2.3 -5032 -284
524 60 2.3 -4952 -122
531 60 2.3 -4868 -96
538 60 2.3 -4704 -188
545 60 2.3 -4616 -328
552 60 2.3 -4808 -150
559 60 2.3 -4736 -176
566 60 2.3 -4776 -26
573 60 2.3 -4772 4
581 60 2.3 -4812 -130
588 60 2.3 -4856 8
596 60 2.3 -4772 38
603 60 2.3 -4788 306
611 60 2.3 -4632 126
619 60 2.3 -4888 220
627 60 2.3 -4732 248
635 60 2.3 -4792 -28
643 60 2.3 -5000 22
652 60 2.3 -4972 -12
660 60 2.3 -4992 56
668 60 2.3 -4608 118
677 60 2.3 -4788 -88
686 60 2.3 -4740 -160
695 60 2.3 -4768 -436
704 60 2.3 -4672 -126
713 60 2.3 -4892 -460
722 60 2.3 -5000 -692
731 60 2.3 -4800 -570
741 60 2.3 -4940 -328
750 60 2.3 -4976 -220
760 60 2.3 -4784 26
770 60 2.3 -4824 176
780 60 2.3 -4660 452
790 60 2.3 -4800 176
800 60 2.3 -4852 -16
810 60 2.3 -4968 88
821 60 2.3 -4908 178
831 60 2.3 -4912 334
842 60 2.3 -4580 46
853 60 2.3 -4628 -100
864 60 2.3 -4740 -136
875 60 2.3 -4656 240
886 60 2.3 -4600 20
897 60 2.3 -4596 208
909 60 2.3 -5044 518
921 60 2.3 -4772 398
933 60 2.3 -4680 664
945 60 2.3 -4820 816
957 60 2.3 -4836 692
969 60 2.3 -4784 724
982 60 2.3 -4768 324
994 60 2.3 -4700 440
1007 60 2.3 -4904 396
1020 60 2.3 -4668 108
1033 60 2.3 -5028 60
1047 60 2.3 -4856 160
1060 60 2.3 -4856 36
1074 60 2.3 -4552 -104
1088 60 2.3 -4720 48
1102 60 2.3 -4592 142
1116 60 2.3 -4880 116
1130 60 2.3 -4720 -96
1145 60 2.3 -4720 -578
1160 60 2.3 -4928 -590
1174 60 2.3 -4536 -514
1190 60 2.3 -4280 -570
1205 60 2.3 -4948 -978
1220 60 2.3 -4600 -756
1236 60 2.3 -4696 -276
1252 60 2.3 -4840 -218
1268 60 2.3 -4612 -508
1285 60 2.3 -4660 -512
1301 60 2.3 -4524 -980
1318 60 2.3 -4972 -1314
1335 60 2.3 -4912 -1214
1352 60 2.3 -4884 -1320
1370 60 2.3 -4936 -1330
1387 60 2.3 -4964 -1208
1405 60 2.3 -4952 -1128
1423 60 2.3 -4944 -990
1442 60 2.3 -4872 -816
1460 60 2.3 -4916 -668
1479 60 2.3 -4652 -448
1498 60 2.3 -4736 -382
1517 60 2.3 -4624 -538
1537 60 2.3 -4780 -394
1557 60 2.3 -4664 -394
1577 60 2.3 -4684 -412
1597 60 2.3 -4696 -120
1618 60 2.3 -4696 -140
1639 60 2.3 -4772 90
1660 60 2.3 -5068 -88
1681 60 2.3 -4868 -298
1703 60 2.3 -4972 -138
1725 60 2.3 -4752 -164
1747 60 2.3 -4728 -284
1770 60 2.3 -4972 -384
1792 60 2.3 -4444 -162
1816 60 2.3 -4736 -380
1839 60 2.3 -4692 -742
1863 60 2.3 -5060 -906
1887 60 2.3 -5028 -926
1911 60 2.3 -4640 -432
1936 60 2.3 -5068 -622
1961 60 2.3 -5084 -402
1986 60 2.3 -4620 -166
2012 60 2.3 -4968 -238
2037 60 2.3 -4852 -178
2064 60 2.3 -4724 -90
2090 60 2.3 -4708 242
2117 60 2.3 -4780 758
2145 60 2.3 -4844 672
2172 60 2.3 -4640 958
2200 60 2.3 -4812 860
2229 60 2.3 -4864 846
2257 60 2.3 -4828 806
2286 60 2.3 -4820 728
2316 60 2.3 -4776 542
2346 60 2.3 -4944 774
2376 60 2.3 -4912 320
2407 60 2.3 -4808 428
2438 60 2.3 -4552 634
2469 60 2.3 -4920 704
2501 60 2.3 -4724 574
2533 60 2.3 -5068 26
2566 60 2.3 -4728 154
2599 60 2.3 -4732 -268
2633 60 2.3 -4620 -130
2667 60 2.3 -4580 38
2701 60 2.3 -4384 342
2736 60 2.3 -4652 452
2771 60 2.3 -4456 84
2807 60 2.3 -4612 -252
2843 60 2.3 -4804 -330
2880 60 2.3 -4992 -76
2917 60 2.3 -4792 -444
2954 60 2.3 -4664 -634
2992 60 2.3 -4520 -1126
3031 60 2.3 -4660 -732
3070 60 2.3 -4600 -330
3110 60 2.3 -4636 -344
3150 60 2.3 -4796 -642
3190 60 2.3 -4888 -1090
3232 60 2.3 -4872 -1002
3273 60 2.3 -4692 -650
3315 60 2.3 -4660 -1142
3358 60 2.3 -4800 -1470
3402 60 2.3 -4972 -932
3445 60 2.3 -4896 -1234
3490 60 2.3 -4756 -954
3535 60 2.3 -4668 -1424
3580 60 2.3 -4860 -1448
3627 60 2.3 -5004 -1874
3673 60 2.3 -5048 -1868
3721 60 2.3 -4764 -1488
3769 60 2.3 -4816 -1462
3817 60 2.3 -4940 -1416
3867 60 2.3 -4852 -1128
3916 60 2.3 -4948 -1600
3967 60 2.3 -4824 -1548
4018 60 2.3 -4888 -2040
4070 60 2.3 -4784 -2014
4122 60 2.3 -5080 -1880
4176 60 2.3 -5004 -2400
4229 60 2.3 -5088 -2498
4284 60 2.3 -4944 -2086
4339 60 2.3 -4876 -2152
4395 60 2.3 -4968 -2160
4452 60 2.3 -4828 -1916
4509 60 2.3 -4884 -2264
4567 60 2.3 -4792 -1782
4626 60 2.3 -4904 -1932
4686 60 2.3 -4840 -1852
4746 60 2.3 -5068 -2056
4808 60 2.3 -5012 -2146
4870 60 2.3 -4656 -1346
4932 60 2.3 -4888 -2222
4996 60 2.3 -4836 -2000
5060 60 2.3 -4960 -1384
5126 60 2.3 -4856 -806
5192 60 2.3 -4856 -1018
5259 60 2.3 -4804 -666
5327 60 2.3 -4672 -696
5395 60 2.3 -4540 -1032
5465 60 2.3 -4952 -984
5535 60 2.3 -4544 -798
5607 60 2.3 -4784 -536
5679 60 2.3 -4840 -750
5752 60 2.3 -4444 -538
5826 60 2.3 -4704 -684
5902 60 2.3 -4832 -448
5978 60 2.3 -4948 -650
6055 60 2.3 -4860 114
6133 60 2.3 -4956 -774
6212 60 2.3 -4764 -1306
6292 60 2.3 -4520 -1314
6373 60 2.3 -4908 -1758
6455 60 2.3 -5088 -1812
6539 60 2.3 -4928 -1788
6623 60 2.3 -4884 -1578
6708 60 2.3 -4764 -1522
6795 60 2.3 -4764 -1900
6883 60 2.3 -5000 -2088
6971 60 2.3 -4996 -2254
7061 60 2.3 -4620 -1700
7152 60 2.3 -4872 -2024
7245 60 2.3 -5096 -2148
7338 60 2.3 -4972 -2266
7433 60 2.3 -5036 -2358
7529 60 2.3 -4676 -1560
7626 60 2.3 -5024 -2324
7724 60 2.3 -5224 -2664
7824 60 2.3 -4976 -2456
7925 60 2.3 -5100 -2318
8027 60 2.3 -4832 -1642
8130 60 2.3 -4656 -1776
8235 60 2.3 -4752 -2136
8341 60 2.3 -4916 -2306
8449 60 2.3 -5128 -2468
8558 60 2.3 -5288 -2624
8668 60 2.3 -5168 -2502
8780 60 2.3 -4752 -1674
8893 60 2.3 -4848 -2330
9008 60 2.3 -4912 -2008
9124 60 2.3 -5048 -1984
9242 60 2.3 -4852 -1526
9361 60 2.3 -4792 -1398
9482 60 2.3 -4552 -1094
9604 60 2.3 -4644 -680
9728 60 2.3 -4780 -1144
9853 60 2.3 -5016 -1362
9980 60 2.3 -5040 -1536
10109 60 2.3 -4848 -712
10240 60 2.3 -4916 -474
10372 60 2.3 -4580 -160
10505 60 2.3 -4728 -1056
10641 60 2.3 -4896 1058
10778 60 2.3 -4876 764
10917 60 2.3 -4744 -48
11058 60 2.3 -4664 578
11201 60 2.3 -4696 1084
11345 60 2.3 -5008 1956
11491 60 2.3 -5076 2304
11640 60 2.3 -5196 2104
11790 60 2.3 -4760 1286
11942 60 2.3 -4776 1664
12096 60 2.3 -4800 2214
12252 60 2.3 -4948 1738
12410 60 2.3 -4700 1574
12570 60 2.3 -4812 1128
12732 60 2.3 -4728 1860
12896 60 2.3 -4984 1598
13062 60 2.3 -4832 2262
13231 60 2.3 -5268 2838
13402 60 2.3 -5280 2494
13574 60 2.3 -5120 2282
13750 60 2.3 -5128 2460
13927 60 2.3 -4932 1488
14106 60 2.3 -4656 1772
14288 60 2.3 -4980 1660
14473 60 2.3 -4800 1618
14659 60 2.3 -4704 1186
14848 60 2.3 -4764 1828
15040 60 2.3 -4560 -86
15234 60 2.3 -4628 -244
15430 60 2.3 -4596 -414
15629 60 2.3 -4904 -612
15831 60 2.3 -4832 -556
16035 60 2.3 -4852 -544
16242 60 2.3 -4888 -1926
16451 60 2.3 -4852 -2146
16664 60 2.3 -4856 -1826
16879 60 2.3 -4816 -1758
17096 60 2.3 -5020 -2180
17317 60 2.3 -4724 -2240
17540 60 2.3 -4924 -2178
17766 60 2.3 -5028 -2458
17995 60 2.3 -5216 -2588
18228 60 2.3 -4580 -1674
18463 60 2.3 -4676 -86
18701 60 2.3 -4716 -858
18942 60 2.3 -4936 1198
19186 60 2.3 -4660 -90
19434 60 2.3 -4496 602
19684 60 2.3 -4900 1730
19938 60 2.3 -4608 694
20195 60 2.3 -4612 686
20456 60 2.3 -5016 2390
20720 60 2.3 -4876 2100
20987 60 2.3 -5208 2298
21258 60 2.3 -5112 2318
21532 60 2.3 -4580 1626
21810 60 2.3 -5048 2524
22091 60 2.3 -5036 2516
22376 60 2.3 -5304 2738
22664 60 2.3 -5032 1726
22957 60 2.3 -4928 1872
23253 60 2.3 -4944 2006
23553 60 2.3 -4640 980
23856 60 2.3 -4952 1912
24164 60 2.3 -5224 1890
24476 60 2.3 -4960 2234
24791 60 2.3 -5084 2620
25111 60 2.3 -5076 2366
25435 60 2.3 -4856 2276
25763 60 2.3 -4828 1974
26095 60 2.3 -4820 744
26432 60 2.3 -4840 -372
26773 60 2.3 -4868 640
27118 60 2.3 -4820 394
27468 60 2.3 -4940 2320
27822 60 2.3 -5024 1970
28181 60 2.3 -5276 2644
28545 60 2.3 -5028 2212
28913 60 2.3 -5144 2304
29286 60 2.3 -5036 2184
29663 60 2.3 -4980 2242
30046 60 2.3 -4724 846
30434 60 2.3 -5024 2074
30826 60 2.3 -5048 2240
31224 60 2.3 -5328 2762
31626 60 2.3 -4860 2002
32034 60 2.3 -5028 2426
32447 60 2.3 -4844 2046
32866 60 2.3 -4728 1080
33290 60 2.3 -5156 2142
33719 60 2.3 -4784 1448
34154 60 2.3 -4920 -98
34595 60 2.3 -4920 174
35041 60 2.3 -4804 778
35493 60 2.3 -4700 678
35951 60 2.3 -4652 -542
36414 60 2.3 -4732 362
36884 60 2.3 -4580 -170
37360 60 2.3 -5068 2118
37841 60 2.3 -4936 1854
38330 60 2.3 -5128 2178
38824 60 2.3 -5092 2154
39325 60 2.3 -4592 1142
39832 60 2.3 -5256 2304
40346 60 2.3 -5128 1740
40866 60 2.3 -5012 2190
41393 60 2.3 -5108 1494
41927 60 2.3 -4880 1032
42468 60 2.3 -5040 1890
43015 60 2.3 -5124 2402
43570 60 2.3 -4980 2012
44132 60 2.3 -4936 2060
44701 60 2.3 -5148 2380
45278 60 2.3 -4804 1668
45862 60 2.3 -4892 2060
46453 60 2.3 -4772 2060
47053 60 2.3 -5428 2746
47660 60 2.3 -5028 1978
48274 60 2.3 -5076 2484
48897 60 2.3 -5072 2374
49528 60 2.3 -4724 1536
50166 60 2.3 -4556 174
50813 60 2.3 -4296 558
51469 60 2.3 -5176 2238
52133 60 2.3 -4696 1582
52805 60 2.3 -4840 948
53486 60 2.3 -4588 1272
54176 60 2.3 -5204 2408
54875 60 2.3 -5216 2324
55582 60 2.3 -5004 1718
56299 60 2.3 -4736 852
57025 60 2.3 -4756 -596
57761 60 2.3 -4648 -1114
58506 60 2.3 -4912 -2052
59261 60 2.3 -4528 -318
60025 60 2.3 -4620 372
60799 60 2.3 -4940 2522
61583 60 2.3 -5000 1786
62378 60 2.3 -4812 398
63182 60 2.3 -5068 -2024
63997 60 2.3 -4672 -1614
64822 60 2.3 -4644 -1850
65658 60 2.3 -4600 -1588
66505 60 2.3 -5244 -2512
67363 60 2.3 -5040 -2486
68232 60 2.3 -4588 -1500
69112 60 2.3 -4840 -1078
70003 60 2.3 -4872 -936
70906 60 2.3 -5060 -2562
71821 60 2.3 -4880 -1000
72747 60 2.3 -4656 -362
73685 60 2.3 -4852 -1230
74636 60 2.3 -4668 -642
75599 60 2.3 -4764 1332
76574 60 2.3 -4784 1624
77561 60 2.3 -4984 1950
78562 60 2.3 -4776 1632
79575 60 2.3 -4868 186
80601 60 2.3 -4600 940
81641 60 2.3 -4768 1450
82694 60 2.3 -4684 1034
83760 60 2.3 -5188 2410
84841 60 2.3 -5288 2546
85935 60 2.3 -5120 2402
87043 60 2.3 -5380 2758
88166 60 2.3 -4776 818
89303 60 2.3 -4616 200
90455 60 2.3 -4888 -1266
91622 60 2.3 -4640 -1798
92803 60 2.3 -5128 -2530
94000 60 2.3 -4956 -1368
95213 60 2.3 -4584 -422
96441 60 2.3 -4800 -1558
97685 60 2.3 -4740 -1250
98945 60 2.3 -4560 -136
100221 60 2.3 -4800 1556
101513 60 2.3 -4812 2008
102823 60 2.3 -4668 -144
104149 60 2.3 -4908 -848
105492 60 2.3 -4824 1234
106853 60 2.3 -5388 2742
108231 60 2.3 -4928 1216
109627 60 2.3 -4828 590
111041 60 2.3 -5060 1676
112473 60 2.3 -4688 -586
113924 60 2.3 -4520 -656
115393 60 2.3 -4712 -738
116882 60 2.3 -5060 -2550
118389 60 2.3 -4988 -1836
119916 60 2.3 -5216 -2554
121463 60 2.3 -4704 -1592
123029 60 2.3 -5244 -2420
124616 60 2.3 -4992 -2134
126224 60 2.3 -5064 -2446
127852 60 2.3 -5264 -2158
129501 60 2.3 -5136 -2576
131171 60 2.3 -4944 -180
132863 60 2.3 -4720 -1238
134576 60 2.3 -5248 -2512
136312 60 2.3 -4656 -1508
138070 60 2.3 -5056 -2466
139851 60 2.3 -4968 -2250
141655 60 2.3 -4720 -1532
143482 60 2.3 -5156 -2604
145333 60 2.3 -4732 -1758
147207 60 2.3 -5096 -2198
149106 60 2.3 -4928 -1756
151029 60 2.3 -4844 1736
152977 60 2.3 -4756 2232
154950 60 2.3 -4912 2042
156948 60 2.3 -5168 2566
158973 60 2.3 -4500 -190
161023 60 2.3 -4888 184
163100 60 2.3 -4628 1096
165204 60 2.3 -4624 -1016
167334 60 2.3 -4744 362
169493 60 2.3 -4696 2010
171679 60 2.3 -4568 1266
173893 60 2.3 -4776 -1706
176136 60 2.3 -5240 -2748
178408 60 2.3 -5220 -2308
180709 60 2.3 -5036 -1662
183040 60 2.3 -4776 -2046
185400 60 2.3 -5100 -2494
187792 60 2.3 -4716 1530
190214 60 2.3 -5300 2580
192667 60 2.3 -4536 -538
195152 60 2.3 -5052 2286
197669 60 2.3 -4944 820
200219 60 2.3 -5212 2624
202801 60 2.3 -4560 1256
205417 60 2.3 -4940 1044
208066 60 2.3 -5172 2546
210750 60 2.3 -5028 2444
213468 60 2.3 -4476 566
216222 60 2.3 -4944 2092
219010 60 2.3 -4748 1996
221835 60 2.3 -4992 2144
224696 60 2.3 -4828 1518
227595 60 2.3 -5016 1614
230530 60 2.3 -4880 -932
233503 60 2.3 -4872 1214
236515 60 2.3 -4788 1352
239566 60 2.3 -5188 2092
242656 60 2.3 -4768 1310
245785 60 2.3 -4664 1416
248956 60 2.3 -4908 -2068
252167 60 2.3 -5068 -1894
255419 60 2.3 -4580 982
258713 60 2.3 -5008 2332
262050 60 2.3 -4580 -728
265430 60 2.3 -4696 -4
268854 60 2.3 -5144 708
272321 60 2.3 -4468 -10
275834 60 2.3 -4772 2114
279391 60 2.3 -5180 2346
282995 60 2.3 -4524 1026
286645 60 2.3 -5184 2248
290342 60 2.3 -5296 2436
294087 60 2.3 -4804 1474
297880 60 2.3 -4856 194
301722 60 2.3 -5056 -2136
305614 60 2.3 -4872 -1480
309556 60 2.3 -4580 656
313548 60 2.3 -4892 2418
317592 60 2.3 -4776 -108
321689 60 2.3 -4608 -1948
325838 60 2.3 -4792 -1752
330040 60 2.3 -4988 -1916
334297 60 2.3 -4984 1370
338609 60 2.3 -4916 1690
342976 60 2.3 -4724 1200
347400 60 2.3 -4908 1300
351881 60 2.3 -4796 1150
356419 60 2.3 -4672 1896
361016 60 2.3 -4908 1548
365673 60 2.3 -5036 2616
370389 60 2.3 -4976 2090
375167 60 2.3 -4940 2410
380005 60 2.3 -4856 1902
384907 60 2.3 -4984 2250
389871 60 2.3 -5164 2242
394900 60 2.3 -4984 -190
399993 60 2.3 -4980 2134
405152 60 2.3 -4816 1752
410378 60 2.3 -4728 -162
415671 60 2.3 -4784 86
421032 60 2.3 -5144 2200
426463 60 2.3 -5140 -2446
431963 60 2.3 -4776 -1766
437535 60 2.3 -4756 1730
443178 60 2.3 -5060 -1356
448894 60 2.3 -5240 -2036
454684 60 2.3 -5096 -1716
460548 60 2.3 -4748 2394
466489 60 2.3 -4688 1422
472505 60 2.3 -4640 946
478600 60 2.3 -4920 -2378
484773 60 2.3 -4932 -1988
491025 60 2.3 -4692 1114
497358 60 2.3 -5000 2058
503773 60 2.3 -4968 2168
510271 60 2.3 -4760 -1838
516852 60 2.3 -4888 -2228
523519 60 2.3 -4828 -2154
530271 60 2.3 -5200 2644
537111 60 2.3 -4776 206
544038 60 2.3 -5140 -2032
551055 60 2.3 -5084 1772
558163 60 2.3 -4568 510
565362 60 2.3 -4980 2338
572654 60 2.3 -4748 -1046
580040 60 2.3 -5112 2354
587521 60 2.3 -4780 1770
595099 60 2.3 -4924 1820
602775 60 2.3 -4508 306
610549 60 2.3 -4728 48
618424 60 2.3 -5020 -2348
626400 60 2.3 -5172 2460
634480 60 2.3 -4972 2034
642663 60 2.3 -5204 2640
650952 60 2.3 -4924 -1680
659348 60 2.3 -4520 1166
667853 60 2.3 -5196 2656
676467 60 2.3 -4884 1248
685192 60 2.3 -4524 762
694029 60 2.3 -4480 -932
702981 60 2.3 -4936 1794
712048 60 2.3 -4640 -484
721232 60 2.3 -4940 1654
730534 60 2.3 -5004 -2068
739957 60 2.3 -4476 -418
749500 60 2.3 -5068 1806
759168 60 2.3 -4936 2000
768959 60 2.3 -4832 1524
778877 60 2.3 -5180 -1834
788923 60 2.3 -5044 -1780
799099 60 2.3 -4880 -2104
809405 60 2.3 -4744 -332
819845 60 2.3 -5064 -2182
830419 60 2.3 -5180 -2158
841130 60 2.3 -4988 -2234
851979 60 2.3 -4820 -1476
862968 60 2.3 -4548 1620
874098 60 2.3 -4952 -2272
885373 60 2.3 -4524 -52
896792 60 2.3 -4748 -1208
908359 60 2.3 -4788 -1856
920075 60 2.3 -4868 -130
931942 60 2.3 -4752 1578
943962 60 2.3 -4868 1898
956137 60 2.3 -4760 -1408
968470 60 2.3 -4472 -502
980961 60 2.3 -5548 -2746
993613 60 2.3 -4868 -1986
999999 60 2.3 -4988 -2352
