3 140 2.4 -17460 314
4 140 2.4 -18664 72
5 140 2.4 -19304 108
6 140 2.4 -19652 138
7 140 2.4 -20416 -52
8 140 2.4 -20960 26
9 140 2.4 -21532 62
10 140 2.4 -21516 308
11 140 2.4 -21468 222
12 140 2.4 -21672 302
13 140 2.4 -21560 226
14 140 2.4 -21856 374
15 140 2.4 -22376 444
16 140 2.4 -22400 528
17 140 2.4 -22152 518
18 140 2.4 -22184 450
19 140 2.4 -22292 184
20 140 2.4 -22524 410
21 140 2.4 -22492 352
22 140 2.4 -22452 148
23 140 2.4 -22508 184
24 140 2.4 -22872 370
25 140 2.4 -22304 308
26 140 2.4 -22096 108
27 140 2.4 -22220 -8
28 140 2.4 -22384 -92
29 140 2.4 -22416 144
30 140 2.4 -22744 -68
31 140 2.4 -22960 -142
32 140 2.4 -22864 -132
33 140 2.4 -22904 -210
34 140 2.4 -22700 42
35 140 2.4 -22612 -102
36 140 2.4 -22696 78
37 140 2.4 -22628 252
38 140 2.4 -22772 468
39 140 2.4 -23236 656
40 140 2.4 -22980 314
41 140 2.4 -22788 150
42 140 2.4 -22860 72
43 140 2.4 -23016 138
44 140 2.4 -23156 432
45 140 2.4 -23284 390
46 140 2.4 -23480 422
47 140 2.4 -23160 578
48 140 2.4 -22944 510
49 140 2.4 -22788 100
50 140 2.4 -22524 242
51 140 2.4 -22620 118
52 140 2.4 -23208 184
53 140 2.4 -23128 90
54 140 2.4 -23064 300
55 140 2.4 -23300 60
56 140 2.4 -22980 282
57 140 2.4 -22940 134
58 140 2.4 -22880 58
59 140 2.4 -22624 214
60 140 2.4 -22740 508
61 140 2.4 -22732 278
62 140 2.4 -22860 334
63 140 2.4 -23096 390
64 140 2.4 -23368 198
65 140 2.4 -23040 156
66 140 2.4 -23000 14
67 140 2.4 -23136 -72
68 140 2.4 -23184 -102
69 140 2.4 -23348 -28
70 140 2.4 -23092 60
71 140 2.4 -23252 202
72 140 2.4 -22864 168
73 140 2.4 -22920 222
74 140 2.4 -22856 194
75 140 2.4 -22908 236
76 140 2.4 -23024 438
77 140 2.4 -23048 304
78 140 2.4 -22440 550
79 140 2.4 -22568 718
80 140 2.4 -22436 848
81 140 2.4 -22680 692
82 140 2.4 -23228 830
83 140 2.4 -23068 784
84 140 2.4 -23224 860
85 140 2.4 -23216 1058
86 140 2.4 -23356 1278
88 140 2.4 -23364 1214
89 140 2.4 -23080 1224
90 140 2.4 -22924 1382
91 140 2.4 -23100 1242
92 140 2.4 -23236 1140
93 140 2.4 -23292 916
95 140 2.4 -23300 574
96 140 2.4 -23420 700
97 140 2.4 -23160 672
98 140 2.4 -23480 956
99 140 2.4 -23032 974
101 140 2.4 -24040 1082
102 140 2.4 -23640 1018
103 140 2.4 -23796 1052
105 140 2.4 -23340 842
106 140 2.4 -23264 686
107 140 2.4 -23132 666
109 140 2.4 -22972 852
110 140 2.4 -23100 876
112 140 2.4 -23840 1020
113 140 2.4 -23736 868
114 140 2.4 -23312 826
116 140 2.4 -23420 524
117 140 2.4 -23552 572
119 140 2.4 -23304 324
120 140 2.4 -23272 262
122 140 2.4 -22964 360
124 140 2.4 -23428 146
125 140 2.4 -23248 -72
127 140 2.4 -23192 112
128 140 2.4 -23304 302
130 140 2.4 -23140 154
132 140 2.4 -23244 104
133 140 2.4 -23536 40
135 140 2.4 -23300 496
137 140 2.4 -23328 362
139 140 2.4 -23324 594
140 140 2.4 -23128 390
142 140 2.4 -23340 122
144 140 2.4 -23628 274
146 140 2.4 -23332 634
148 140 2.4 -23380 364
150 140 2.4 -23672 408
152 140 2.4 -23320 472
154 140 2.4 -23524 292
155 140 2.4 -23548 236
157 140 2.4 -23584 332
160 140 2.4 -23796 530
162 140 2.4 -23812 440
164 140 2.4 -23328 704
166 140 2.4 -23568 314
168 140 2.4 -23932 356
170 140 2.4 -23916 958
172 140 2.4 -24540 862
174 140 2.4 -24168 548
177 140 2.4 -24056 616
179 140 2.4 -23904 756
181 140 2.4 -24168 1064
184 140 2.4 -23744 1568
186 140 2.4 -23652 1402
188 140 2.4 -23696 1302
191 140 2.4 -23472 1258
193 140 2.4 -23432 1668
196 140 2.4 -23412 1588
198 140 2.4 -24172 1984
201 140 2.4 -24456 1794
203 140 2.4 -23804 1602
206 140 2.4 -23868 1928
209 140 2.4 -23864 1588
211 140 2.4 -23288 1600
214 140 2.4 -23496 1686
217 140 2.4 -24016 1834
220 140 2.4 -23448 1874
222 140 2.4 -23920 1890
225 140 2.4 -23612 1704
228 140 2.4 -23792 1582
231 140 2.4 -24048 1810
234 140 2.4 -24624 1872
237 140 2.4 -24148 1964
240 140 2.4 -23824 1834
243 140 2.4 -23908 1960
246 140 2.4 -23932 1926
250 140 2.4 -23584 2482
253 140 2.4 -24156 2360
256 140 2.4 -23952 2108
259 140 2.4 -23620 1740
263 140 2.4 -23992 1266
266 140 2.4 -23564 1234
269 140 2.4 -23812 1070
273 140 2.4 -23796 844
276 140 2.4 -22964 1126
280 140 2.4 -23580 1074
284 140 2.4 -23564 948
287 140 2.4 -23616 1090
291 140 2.4 -23496 1028
295 140 2.4 -23752 842
298 140 2.4 -23284 594
302 140 2.4 -23772 870
306 140 2.4 -23956 1182
310 140 2.4 -23164 1330
314 140 2.4 -23616 1140
318 140 2.4 -23780 984
322 140 2.4 -23492 574
326 140 2.4 -24080 764
331 140 2.4 -24648 1128
335 140 2.4 -23972 616
339 140 2.4 -23364 324
344 140 2.4 -23368 134
348 140 2.4 -23308 448
352 140 2.4 -23356 482
357 140 2.4 -23628 724
362 140 2.4 -23800 32
366 140 2.4 -23796 278
371 140 2.4 -24368 266
376 140 2.4 -23568 192
381 140 2.4 -23844 394
385 140 2.4 -24384 268
390 140 2.4 -24040 96
395 140 2.4 -23652 274
401 140 2.4 -24240 520
406 140 2.4 -23604 404
411 140 2.4 -23892 -30
416 140 2.4 -22972 144
422 140 2.4 -23116 410
427 140 2.4 -23820 850
433 140 2.4 -24220 1058
438 140 2.4 -23740 1318
444 140 2.4 -23444 1512
449 140 2.4 -23012 1706
455 140 2.4 -23332 1788
461 140 2.4 -23304 1588
467 140 2.4 -23200 1646
473 140 2.4 -23416 1290
479 140 2.4 -23196 1530
485 140 2.4 -23796 2016
492 140 2.4 -23972 2016
498 140 2.4 -23616 2220
504 140 2.4 -22784 2326
511 140 2.4 -23704 2072
517 140 2.4 -23300 1830
524 140 2.4 -22664 1756
531 140 2.4 -23276 1900
538 140 2.4 -23296 1628
545 140 2.4 -23204 1296
552 140 2.4 -23568 1962
559 140 2.4 -22956 1536
566 140 2.4 -23160 1144
573 140 2.4 -23676 1064
581 140 2.4 -23636 1338
588 140 2.4 -23468 1938
596 140 2.4 -23700 2076
603 140 2.4 -23072 1828
611 140 2.4 -23496 2624
619 140 2.4 -23456 1668
627 140 2.4 -23480 1350
635 140 2.4 -23152 1424
643 140 2.4 -23572 1122
652 140 2.4 -23160 1512
660 140 2.4 -23280 1800
668 140 2.4 -23508 1508
677 140 2.4 -23692 902
686 140 2.4 -23664 852
695 140 2.4 -23824 972
704 140 2.4 -23952 1086
713 140 2.4 -23400 788
722 140 2.4 -23212 638
731 140 2.4 -23260 616
741 140 2.4 -22924 818
750 140 2.4 -23360 710
760 140 2.4 -23528 654
770 140 2.4 -23744 52
780 140 2.4 -23608 258
790 140 2.4 -24060 -140
800 140 2.4 -23900 -466
810 140 2.4 -23552 -726
821 140 2.4 -23920 -824
831 140 2.4 -24360 -356
842 140 2.4 -23484 366
853 140 2.4 -23472 644
864 140 2.4 -23732 368
875 140 2.4 -23832 314
886 140 2.4 -23444 410
897 140 2.4 -24148 576
909 140 2.4 -23440 956
921 140 2.4 -23104 880
933 140 2.4 -23120 970
945 140 2.4 -24176 2076
957 140 2.4 -24060 1888
969 140 2.4 -23456 2288
982 140 2.4 -24012 2032
994 140 2.4 -23140 2244
1007 140 2.4 -23280 2730
1020 140 2.4 -23492 2346
1033 140 2.4 -24088 2896
1047 140 2.4 -23804 2396
1060 140 2.4 -23404 1962
1074 140 2.4 -22980 1352
1088 140 2.4 -23820 1310
1102 140 2.4 -23424 1312
1116 140 2.4 -23216 1106
1130 140 2.4 -23780 808
1145 140 2.4 -23692 1376
1160 140 2.4 -23440 1756
1174 140 2.4 -23348 2146
1190 140 2.4 -23656 2490
1205 140 2.4 -23644 1632
1220 140 2.4 -23772 1984
1236 140 2.4 -23056 704
1252 140 2.4 -23352 950
1268 140 2.4 -23568 790
1285 140 2.4 -23160 992
1301 140 2.4 -23348 -390
1318 140 2.4 -23468 156
1335 140 2.4 -23868 940
1352 140 2.4 -23060 724
1370 140 2.4 -23900 194
1387 140 2.4 -22948 1662
1405 140 2.4 -23752 638
1423 140 2.4 -23788 612
1442 140 2.4 -24224 978
1460 140 2.4 -23564 860
1479 140 2.4 -24344 1748
1498 140 2.4 -23840 1930
1517 140 2.4 -23644 2176
1537 140 2.4 -24300 2044
1557 140 2.4 -23736 2610
1577 140 2.4 -23540 2638
1597 140 2.4 -23144 2744
1618 140 2.4 -23724 1926
1639 140 2.4 -22984 1980
1660 140 2.4 -23100 1592
1681 140 2.4 -23932 670
1703 140 2.4 -23588 102
1725 140 2.4 -24236 -166
1747 140 2.4 -23312 82
1770 140 2.4 -23744 -348
1792 140 2.4 -24028 -304
1816 140 2.4 -23224 -576
1839 140 2.4 -23552 20
1863 140 2.4 -24164 134
1887 140 2.4 -23716 -130
1911 140 2.4 -23144 634
1936 140 2.4 -23632 812
1961 140 2.4 -23980 380
1986 140 2.4 -23512 888
2012 140 2.4 -23760 1378
2037 140 2.4 -23236 1080
2064 140 2.4 -24036 1408
2090 140 2.4 -24196 620
2117 140 2.4 -23680 1138
2145 140 2.4 -22872 1930
2172 140 2.4 -23984 2130
2200 140 2.4 -23040 1168
2229 140 2.4 -23636 1640
2257 140 2.4 -23928 2398
2286 140 2.4 -23408 2250
2316 140 2.4 -23796 1628
2346 140 2.4 -24128 1938
2376 140 2.4 -23872 1172
2407 140 2.4 -23152 14
2438 140 2.4 -22996 26
2469 140 2.4 -23168 1062
2501 140 2.4 -23792 660
2533 140 2.4 -23844 374
2566 140 2.4 -23984 626
2599 140 2.4 -23424 278
2633 140 2.4 -23644 256
2667 140 2.4 -24124 -136
2701 140 2.4 -23564 -680
2736 140 2.4 -23300 36
2771 140 2.4 -23276 352
2807 140 2.4 -23428 330
2843 140 2.4 -23408 -1006
2880 140 2.4 -23404 264
2917 140 2.4 -23460 1590
2954 140 2.4 -23852 744
2992 140 2.4 -23720 1528
3031 140 2.4 -24056 1222
3070 140 2.4 -23440 582
3110 140 2.4 -23776 412
3150 140 2.4 -23864 -280
3190 140 2.4 -23668 -924
3232 140 2.4 -22612 -1566
3273 140 2.4 -23272 -2506
3315 140 2.4 -23112 -3168
3358 140 2.4 -23644 -4318
3402 140 2.4 -23672 -4136
3445 140 2.4 -23544 -3320
3490 140 2.4 -23948 -2432
3535 140 2.4 -23780 -2100
3580 140 2.4 -23420 -930
3627 140 2.4 -24064 -1210
3673 140 2.4 -23692 496
3721 140 2.4 -24156 -1588
3769 140 2.4 -23632 -726
3817 140 2.4 -23876 -1408
3867 140 2.4 -23400 866
3916 140 2.4 -23276 724
3967 140 2.4 -23596 710
4018 140 2.4 -23492 1676
4070 140 2.4 -24224 1594
4122 140 2.4 -23400 2410
4176 140 2.4 -23484 714
4229 140 2.4 -23952 690
4284 140 2.4 -23472 992
4339 140 2.4 -23472 486
4395 140 2.4 -23016 180
4452 140 2.4 -23664 -1276
4509 140 2.4 -23740 1336
4567 140 2.4 -23460 1260
4626 140 2.4 -23424 1476
4686 140 2.4 -23176 -302
4746 140 2.4 -23688 -1516
4808 140 2.4 -23156 -650
4870 140 2.4 -23772 -714
4932 140 2.4 -23296 -258
4996 140 2.4 -23520 436
5060 140 2.4 -23544 600
5126 140 2.4 -23156 -786
5192 140 2.4 -22984 322
5259 140 2.4 -23800 2764
5327 140 2.4 -23712 936
5395 140 2.4 -23812 854
5465 140 2.4 -23260 1626
5535 140 2.4 -22828 274
5607 140 2.4 -23508 1130
5679 140 2.4 -23464 -834
5752 140 2.4 -23688 -364
5826 140 2.4 -24224 -524
5902 140 2.4 -23800 -528
5978 140 2.4 -23328 860
6055 140 2.4 -23968 -1050
6133 140 2.4 -24104 -1668
6212 140 2.4 -23736 -432
6292 140 2.4 -24172 -1094
6373 140 2.4 -23504 428
6455 140 2.4 -23280 -1068
6539 140 2.4 -23224 -482
6623 140 2.4 -23720 0
6708 140 2.4 -23640 18
6795 140 2.4 -23720 -1038
6883 140 2.4 -24036 -2398
6971 140 2.4 -23488 -1156
7061 140 2.4 -23536 318
7152 140 2.4 -23372 -2174
7245 140 2.4 -23212 112
7338 140 2.4 -23640 162
7433 140 2.4 -23304 1182
7529 140 2.4 -23844 -874
7626 140 2.4 -23976 -2506
7724 140 2.4 -24012 -2094
7824 140 2.4 -23856 -1468
7925 140 2.4 -23020 -760
8027 140 2.4 -23816 -720
8130 140 2.4 -23168 -2058
8235 140 2.4 -23692 -1124
8341 140 2.4 -23760 804
8449 140 2.4 -23468 -1276
8558 140 2.4 -23760 -288
8668 140 2.4 -24000 -1760
8780 140 2.4 -23192 1716
8893 140 2.4 -23700 200
9008 140 2.4 -24008 -1356
9124 140 2.4 -23864 -208
9242 140 2.4 -23476 -1710
9361 140 2.4 -23388 -1836
9482 140 2.4 -23488 -1996
9604 140 2.4 -23836 -876
9728 140 2.4 -23312 -1272
9853 140 2.4 -23360 -3092
9980 140 2.4 -24120 -2160
10109 140 2.4 -23536 -520
10240 140 2.4 -23464 30
10372 140 2.4 -23616 1192
10505 140 2.4 -23648 2348
10641 140 2.4 -23732 3552
10778 140 2.4 -23828 2712
10917 140 2.4 -23808 1324
11058 140 2.4 -23508 2728
11201 140 2.4 -23448 1070
11345 140 2.4 -23020 806
11491 140 2.4 -23436 -492
11640 140 2.4 -23420 362
11790 140 2.4 -23252 1068
11942 140 2.4 -23536 2436
12096 140 2.4 -23460 1016
12252 140 2.4 -24096 1386
12410 140 2.4 -22864 -714
12570 140 2.4 -23592 494
12732 140 2.4 -23112 -90
12896 140 2.4 -23668 900
13062 140 2.4 -23880 388
13231 140 2.4 -23664 -1350
13402 140 2.4 -23388 -1584
13574 140 2.4 -23596 48
13750 140 2.4 -23468 -2130
13927 140 2.4 -23428 -880
14106 140 2.4 -23288 -922
14288 140 2.4 -23244 -3632
14473 140 2.4 -23532 -1916
14659 140 2.4 -23708 26
14848 140 2.4 -23632 148
15040 140 2.4 -23616 1058
15234 140 2.4 -23756 1714
15430 140 2.4 -23668 1846
15629 140 2.4 -24044 1176
15831 140 2.4 -23340 -270
16035 140 2.4 -23876 222
16242 140 2.4 -23224 52
16451 140 2.4 -23428 648
16664 140 2.4 -24020 -350
16879 140 2.4 -23560 -1768
17096 140 2.4 -23632 -576
17317 140 2.4 -24088 1218
17540 140 2.4 -23828 2378
17766 140 2.4 -23428 498
17995 140 2.4 -23012 -628
18228 140 2.4 -23924 -288
18463 140 2.4 -23796 2004
18701 140 2.4 -23372 1972
18942 140 2.4 -23776 1810
19186 140 2.4 -24296 -184
19434 140 2.4 -23760 1700
19684 140 2.4 -22992 410
19938 140 2.4 -23808 1916
20195 140 2.4 -23924 3890
20456 140 2.4 -23720 1728
20720 140 2.4 -23648 -2446
20987 140 2.4 -23568 470
21258 140 2.4 -23008 -194
21532 140 2.4 -23204 -1598
21810 140 2.4 -23936 122
22091 140 2.4 -24168 3160
22376 140 2.4 -22712 3656
22664 140 2.4 -24088 1842
22957 140 2.4 -23676 -2054
23253 140 2.4 -23884 -704
23553 140 2.4 -23572 -30
23856 140 2.4 -23172 -144
24164 140 2.4 -23972 -916
24476 140 2.4 -23492 -506
24791 140 2.4 -23768 -2488
25111 140 2.4 -24028 2704
25435 140 2.4 -23828 -2096
25763 140 2.4 -22988 -1888
26095 140 2.4 -23288 -2404
26432 140 2.4 -24312 3304
26773 140 2.4 -24016 5190
27118 140 2.4 -23828 2842
27468 140 2.4 -23028 394
27822 140 2.4 -23068 30
28181 140 2.4 -24196 3694
28545 140 2.4 -23204 182
28913 140 2.4 -23752 1806
29286 140 2.4 -23512 -2052
29663 140 2.4 -23816 -1740
30046 140 2.4 -23720 1308
30434 140 2.4 -23460 4644
30826 140 2.4 -24164 4422
31224 140 2.4 -23644 954
31626 140 2.4 -23580 714
32034 140 2.4 -23308 -2032
32447 140 2.4 -23232 764
32866 140 2.4 -24152 -1130
33290 140 2.4 -24008 256
33719 140 2.4 -23900 -410
34154 140 2.4 -23648 772
34595 140 2.4 -22932 2138
35041 140 2.4 -23580 -958
35493 140 2.4 -23292 -3766
35951 140 2.4 -23804 210
36414 140 2.4 -24120 -2630
36884 140 2.4 -23984 -1478
37360 140 2.4 -23764 2400
37841 140 2.4 -23880 2092
38330 140 2.4 -23480 1460
38824 140 2.4 -23864 -72
39325 140 2.4 -23908 -146
39832 140 2.4 -23172 1790
40346 140 2.4 -24272 -1770
40866 140 2.4 -24068 1522
41393 140 2.4 -23448 2144
41927 140 2.4 -23944 -2418
42468 140 2.4 -23052 -1488
43015 140 2.4 -23688 -2830
43570 140 2.4 -24036 1314
44132 140 2.4 -23592 322
44701 140 2.4 -23652 -42
45278 140 2.4 -23272 2364
45862 140 2.4 -23732 2640
46453 140 2.4 -23348 550
47053 140 2.4 -23684 1812
47660 140 2.4 -24044 2292
48274 140 2.4 -23888 -4802
48897 140 2.4 -24168 -1486
49528 140 2.4 -22984 726
50166 140 2.4 -23808 762
50813 140 2.4 -24044 354
51469 140 2.4 -22656 -306
52133 140 2.4 -23192 1396
52805 140 2.4 -23792 1598
53486 140 2.4 -23364 -1056
54176 140 2.4 -23292 656
54875 140 2.4 -23948 2606
55582 140 2.4 -23992 926
56299 140 2.4 -23896 -782
57025 140 2.4 -23548 -38
57761 140 2.4 -23028 -3174
58506 140 2.4 -23284 230
59261 140 2.4 -23404 -698
60025 140 2.4 -23428 1364
60799 140 2.4 -23564 782
61583 140 2.4 -23604 4050
62378 140 2.4 -23712 138
63182 140 2.4 -23616 242
63997 140 2.4 -23388 -2382
64822 140 2.4 -24064 -708
65658 140 2.4 -23892 -98
66505 140 2.4 -23252 1450
67363 140 2.4 -23816 -770
68232 140 2.4 -24008 1178
69112 140 2.4 -23692 922
70003 140 2.4 -23620 984
70906 140 2.4 -23944 1934
71821 140 2.4 -23232 1914
72747 140 2.4 -23184 1740
73685 140 2.4 -23052 -2438
74636 140 2.4 -23368 -812
75599 140 2.4 -24356 4220
76574 140 2.4 -23300 1120
77561 140 2.4 -22888 580
78562 140 2.4 -24048 -90
79575 140 2.4 -23180 -222
80601 140 2.4 -23744 -1344
81641 140 2.4 -23380 -1870
82694 140 2.4 -23664 -3372
83760 140 2.4 -23616 -1774
84841 140 2.4 -24136 518
85935 140 2.4 -23288 -1064
87043 140 2.4 -23536 -714
88166 140 2.4 -23576 200
89303 140 2.4 -23180 -880
90455 140 2.4 -23872 3544
91622 140 2.4 -23572 2558
92803 140 2.4 -23772 2976
94000 140 2.4 -23796 2542
95213 140 2.4 -23228 -4094
96441 140 2.4 -23980 -1156
97685 140 2.4 -23944 2
98945 140 2.4 -23608 -638
100221 140 2.4 -23444 1790
101513 140 2.4 -23384 -1388
102823 140 2.4 -23204 1886
104149 140 2.4 -24252 -1702
105492 140 2.4 -23736 1724
106853 140 2.4 -23508 984
108231 140 2.4 -23572 578
109627 140 2.4 -23644 -82
111041 140 2.4 -23260 -398
112473 140 2.4 -23780 2982
113924 140 2.4 -23940 410
115393 140 2.4 -23380 1460
116882 140 2.4 -23476 -778
118389 140 2.4 -23472 -1256
119916 140 2.4 -23536 -842
121463 140 2.4 -23672 1030
123029 140 2.4 -23940 -2014
124616 140 2.4 -23360 -1810
126224 140 2.4 -23412 -790
127852 140 2.4 -23860 -2782
129501 140 2.4 -24432 -1514
131171 140 2.4 -23628 618
132863 140 2.4 -23452 -426
134576 140 2.4 -23440 412
136312 140 2.4 -23620 642
138070 140 2.4 -23712 -1348
139851 140 2.4 -23424 -406
141655 140 2.4 -23200 1450
143482 140 2.4 -23492 66
145333 140 2.4 -23512 -206
147207 140 2.4 -23464 3776
149106 140 2.4 -23924 498
151029 140 2.4 -23520 -1720
152977 140 2.4 -23448 1484
154950 140 2.4 -23724 -2440
156948 140 2.4 -24092 1356
158973 140 2.4 -23044 -1464
161023 140 2.4 -23264 -710
163100 140 2.4 -24112 -928
165204 140 2.4 -23624 -2306
167334 140 2.4 -23464 566
169493 140 2.4 -22976 -940
171679 140 2.4 -23584 826
173893 140 2.4 -23248 -718
176136 140 2.4 -23644 -1352
178408 140 2.4 -23540 -1806
180709 140 2.4 -23824 558
183040 140 2.4 -23788 948
185400 140 2.4 -23444 -590
187792 140 2.4 -23548 -1776
190214 140 2.4 -23784 806
192667 140 2.4 -24488 1072
195152 140 2.4 -23528 -2120
197669 140 2.4 -23248 -758
200219 140 2.4 -23228 -370
202801 140 2.4 -22824 606
205417 140 2.4 -24292 1562
208066 140 2.4 -23964 3254
210750 140 2.4 -24296 -1052
213468 140 2.4 -23116 1822
216222 140 2.4 -23328 2100
219010 140 2.4 -23456 2960
221835 140 2.4 -23752 3462
224696 140 2.4 -23936 -1510
227595 140 2.4 -23328 -3950
230530 140 2.4 -23404 -1434
233503 140 2.4 -23532 -1626
236515 140 2.4 -23336 2364
239566 140 2.4 -23628 2556
242656 140 2.4 -23460 -864
245785 140 2.4 -23496 2268
248956 140 2.4 -23188 2388
252167 140 2.4 -24060 2140
255419 140 2.4 -23316 -328
258713 140 2.4 -23628 1418
262050 140 2.4 -24280 692
265430 140 2.4 -23848 -924
268854 140 2.4 -23364 988
272321 140 2.4 -23748 -1126
275834 140 2.4 -23664 2418
279391 140 2.4 -24124 -4074
282995 140 2.4 -23452 854
286645 140 2.4 -23444 218
290342 140 2.4 -23304 2378
294087 140 2.4 -23292 -2202
297880 140 2.4 -23836 -682
301722 140 2.4 -23264 -1058
305614 140 2.4 -24304 -1294
309556 140 2.4 -23560 -1754
313548 140 2.4 -23268 -4076
317592 140 2.4 -23520 1600
321689 140 2.4 -22920 -116
325838 140 2.4 -23668 -250
330040 140 2.4 -23872 1242
334297 140 2.4 -23956 -910
338609 140 2.4 -23700 810
342976 140 2.4 -23432 2236
347400 140 2.4 -23144 1072
351881 140 2.4 -23472 -1888
356419 140 2.4 -23780 -748
361016 140 2.4 -23352 1992
365673 140 2.4 -23228 -824
370389 140 2.4 -22940 -348
375167 140 2.4 -23356 1918
380005 140 2.4 -24004 2684
384907 140 2.4 -23912 -1478
389871 140 2.4 -23832 -1240
394900 140 2.4 -23888 2490
399993 140 2.4 -23592 154
405152 140 2.4 -24192 1088
410378 140 2.4 -23444 570
415671 140 2.4 -23484 532
421032 140 2.4 -23648 3020
426463 140 2.4 -23836 1342
431963 140 2.4 -23788 812
437535 140 2.4 -23384 1478
443178 140 2.4 -23708 618
448894 140 2.4 -23132 -234
454684 140 2.4 -23688 -592
460548 140 2.4 -23604 2474
466489 140 2.4 -24068 -750
472505 140 2.4 -23504 -360
478600 140 2.4 -23908 -2928
484773 140 2.4 -23512 -1880
491025 140 2.4 -23240 -880
497358 140 2.4 -23268 3320
503773 140 2.4 -23212 2314
510271 140 2.4 -23044 1224
516852 140 2.4 -23320 354
523519 140 2.4 -24144 -780
530271 140 2.4 -23696 1040
537111 140 2.4 -23572 -1766
544038 140 2.4 -23528 -1104
551055 140 2.4 -24364 -2990
558163 140 2.4 -23884 1262
565362 140 2.4 -24004 -512
572654 140 2.4 -23588 1548
580040 140 2.4 -23456 52
587521 140 2.4 -23736 -390
595099 140 2.4 -23388 -654
602775 140 2.4 -23452 2394
610549 140 2.4 -23388 394
618424 140 2.4 -23440 -50
626400 140 2.4 -24060 -992
634480 140 2.4 -23352 868
642663 140 2.4 -23424 -1170
650952 140 2.4 -23636 544
659348 140 2.4 -23548 2966
667853 140 2.4 -24068 -1066
676467 140 2.4 -23476 -1742
685192 140 2.4 -23612 -2382
694029 140 2.4 -23464 1086
702981 140 2.4 -23740 -1034
712048 140 2.4 -24052 -1418
721232 140 2.4 -23728 3896
730534 140 2.4 -24052 4028
739957 140 2.4 -23908 -932
749500 140 2.4 -23212 -2276
759168 140 2.4 -23472 -2182
768959 140 2.4 -23516 -544
778877 140 2.4 -23488 722
788923 140 2.4 -23408 14
799099 140 2.4 -23612 -606
809405 140 2.4 -23756 264
819845 140 2.4 -23400 -764
830419 140 2.4 -23536 2650
841130 140 2.4 -23528 -1844
851979 140 2.4 -24156 2364
862968 140 2.4 -23180 -1610
874098 140 2.4 -23660 -894
885373 140 2.4 -23816 -1502
896792 140 2.4 -24240 3758
908359 140 2.4 -23832 770
920075 140 2.4 -23024 -1158
931942 140 2.4 -23340 768
943962 140 2.4 -24000 -314
956137 140 2.4 -23644 1934
968470 140 2.4 -23540 502
980961 140 2.4 -23800 1074
993613 140 2.4 -23400 -1104
999999 140 2.4 -23580 -648
