3 20 2.2 -396 -66
4 20 2.2 -504 -64
5 20 2.2 -536 -78
6 20 2.2 -480 -76
7 20 2.2 -504 -92
8 20 2.2 -484 -78
9 20 2.2 -468 -82
10 20 2.2 -456 -42
11 20 2.2 -480 -38
12 20 2.2 -464 -32
13 20 2.2 -472 -34
14 20 2.2 -468 -42
15 20 2.2 -504 -24
16 20 2.2 -528 -14
17 20 2.2 -488 -4
18 20 2.2 -460 8
19 20 2.2 -452 2
20 20 2.2 -468 -40
21 20 2.2 -492 -68
22 20 2.2 -488 -90
23 20 2.2 -512 -88
24 20 2.2 -500 -92
25 20 2.2 -536 -92
26 20 2.2 -576 -114
27 20 2.2 -536 -106
28 20 2.2 -468 -100
29 20 2.2 -416 -64
30 20 2.2 -428 -74
31 20 2.2 -460 -76
32 20 2.2 -408 -86
33 20 2.2 -412 -64
34 20 2.2 -456 -64
35 20 2.2 -504 -112
36 20 2.2 -488 -104
37 20 2.2 -488 -120
38 20 2.2 -440 -106
39 20 2.2 -452 -84
40 20 2.2 -432 -96
41 20 2.2 -424 -88
42 20 2.2 -460 -90
43 20 2.2 -452 -102
44 20 2.2 -456 -102
45 20 2.2 -432 -118
46 20 2.2 -456 -120
47 20 2.2 -460 -102
48 20 2.2 -460 -90
49 20 2.2 -456 -74
50 20 2.2 -472 -122
51 20 2.2 -520 -114
52 20 2.2 -484 -90
53 20 2.2 -508 -96
54 20 2.2 -516 -102
55 20 2.2 -524 -132
56 20 2.2 -516 -112
57 20 2.2 -512 -124
58 20 2.2 -544 -116
59 20 2.2 -532 -96
60 20 2.2 -512 -100
61 20 2.2 -516 -96
62 20 2.2 -480 -98
63 20 2.2 -472 -80
64 20 2.2 -500 -102
65 20 2.2 -500 -126
66 20 2.2 -496 -88
67 20 2.2 -496 -114
68 20 2.2 -452 -100
69 20 2.2 -456 -102
70 20 2.2 -480 -114
71 20 2.2 -468 -116
72 20 2.2 -484 -120
73 20 2.2 -484 -132
74 20 2.2 -520 -140
75 20 2.2 -512 -130
76 20 2.2 -508 -118
77 20 2.2 -524 -120
78 20 2.2 -536 -94
79 20 2.2 -516 -82
80 20 2.2 -512 -82
81 20 2.2 -484 -50
82 20 2.2 -492 -68
83 20 2.2 -484 -48
84 20 2.2 -568 -82
85 20 2.2 -548 -58
86 20 2.2 -520 -32
88 20 2.2 -512 -54
89 20 2.2 -444 -64
90 20 2.2 -460 -52
91 20 2.2 -432 -58
92 20 2.2 -468 -84
93 20 2.2 -448 -40
95 20 2.2 -444 -84
96 20 2.2 -488 -106
97 20 2.2 -476 -98
98 20 2.2 -504 -124
99 20 2.2 -532 -112
101 20 2.2 -560 -84
102 20 2.2 -564 -118
103 20 2.2 -532 -134
105 20 2.2 -524 -148
106 20 2.2 -520 -144
107 20 2.2 -464 -146
109 20 2.2 -492 -158
110 20 2.2 -532 -158
112 20 2.2 -552 -178
113 20 2.2 -544 -168
114 20 2.2 -532 -156
116 20 2.2 -548 -168
117 20 2.2 -576 -176
119 20 2.2 -580 -186
120 20 2.2 -536 -190
122 20 2.2 -560 -200
124 20 2.2 -532 -230
125 20 2.2 -552 -230
127 20 2.2 -516 -228
128 20 2.2 -512 -218
130 20 2.2 -548 -192
132 20 2.2 -508 -152
133 20 2.2 -476 -158
135 20 2.2 -592 -184
137 20 2.2 -560 -162
139 20 2.2 -548 -142
140 20 2.2 -580 -162
142 20 2.2 -608 -204
144 20 2.2 -528 -206
146 20 2.2 -548 -230
148 20 2.2 -564 -248
150 20 2.2 -580 -250
152 20 2.2 -572 -258
154 20 2.2 -560 -286
155 20 2.2 -612 -312
157 20 2.2 -672 -334
160 20 2.2 -672 -344
162 20 2.2 -640 -344
164 20 2.2 -680 -360
166 20 2.2 -696 -364
168 20 2.2 -616 -342
170 20 2.2 -632 -318
172 20 2.2 -576 -312
174 20 2.2 -592 -308
177 20 2.2 -640 -350
179 20 2.2 -728 -372
181 20 2.2 -692 -368
184 20 2.2 -708 -370
186 20 2.2 -696 -366
188 20 2.2 -680 -362
191 20 2.2 -676 -360
193 20 2.2 -652 -348
196 20 2.2 -656 -350
198 20 2.2 -612 -328
201 20 2.2 -640 -348
203 20 2.2 -632 -342
206 20 2.2 -656 -346
209 20 2.2 -716 -374
211 20 2.2 -708 -370
214 20 2.2 -700 -372
217 20 2.2 -644 -344
220 20 2.2 -620 -336
222 20 2.2 -620 -338
225 20 2.2 -644 -350
228 20 2.2 -648 -352
231 20 2.2 -696 -370
234 20 2.2 -676 -358
237 20 2.2 -624 -320
240 20 2.2 -648 -352
243 20 2.2 -672 -356
246 20 2.2 -640 -352
250 20 2.2 -604 -316
253 20 2.2 -652 -350
256 20 2.2 -648 -352
259 20 2.2 -652 -352
263 20 2.2 -672 -362
266 20 2.2 -636 -334
269 20 2.2 -636 -340
273 20 2.2 -596 -322
276 20 2.2 -688 -364
280 20 2.2 -624 -338
284 20 2.2 -592 -302
287 20 2.2 -608 -326
291 20 2.2 -676 -354
295 20 2.2 -736 -384
298 20 2.2 -720 -372
302 20 2.2 -700 -368
306 20 2.2 -592 -330
310 20 2.2 -632 -336
314 20 2.2 -604 -324
318 20 2.2 -676 -340
322 20 2.2 -704 -372
326 20 2.2 -680 -364
331 20 2.2 -636 -334
335 20 2.2 -624 -342
339 20 2.2 -628 -346
344 20 2.2 -568 -304
348 20 2.2 -620 -322
352 20 2.2 -628 -338
357 20 2.2 -640 -350
362 20 2.2 -696 -366
366 20 2.2 -584 -328
371 20 2.2 -688 -356
376 20 2.2 -612 -332
381 20 2.2 -660 -350
385 20 2.2 -616 -330
390 20 2.2 -708 -372
395 20 2.2 -652 -354
401 20 2.2 -560 -322
406 20 2.2 -644 -344
411 20 2.2 -652 -346
416 20 2.2 -652 -350
422 20 2.2 -668 -358
427 20 2.2 -696 -368
433 20 2.2 -648 -344
438 20 2.2 -656 -350
444 20 2.2 -692 -350
449 20 2.2 -632 -346
455 20 2.2 -648 -340
461 20 2.2 -704 -372
467 20 2.2 -672 -364
473 20 2.2 -616 -346
479 20 2.2 -612 -340
485 20 2.2 -708 -374
492 20 2.2 -636 -340
498 20 2.2 -668 -342
504 20 2.2 -696 -370
511 20 2.2 -640 -340
517 20 2.2 -664 -348
524 20 2.2 -604 -328
531 20 2.2 -696 -366
538 20 2.2 -680 -364
545 20 2.2 -676 -358
552 20 2.2 -664 -342
559 20 2.2 -636 -338
566 20 2.2 -588 -320
573 20 2.2 -668 -358
581 20 2.2 -604 -326
588 20 2.2 -604 -306
596 20 2.2 -532 -256
603 20 2.2 -592 -284
611 20 2.2 -584 -302
619 20 2.2 -580 -296
627 20 2.2 -508 -252
635 20 2.2 -576 -252
643 20 2.2 -576 -274
652 20 2.2 -588 -220
660 20 2.2 -588 -272
668 20 2.2 -588 -292
677 20 2.2 -596 -322
686 20 2.2 -604 -300
695 20 2.2 -612 -320
704 20 2.2 -640 -350
713 20 2.2 -632 -322
722 20 2.2 -608 -320
731 20 2.2 -648 -336
741 20 2.2 -572 -296
750 20 2.2 -672 -354
760 20 2.2 -604 -276
770 20 2.2 -616 -340
780 20 2.2 -564 -310
790 20 2.2 -620 -338
800 20 2.2 -608 -334
810 20 2.2 -708 -370
821 20 2.2 -612 -338
831 20 2.2 -612 -322
842 20 2.2 -608 -330
853 20 2.2 -656 -354
864 20 2.2 -636 -332
875 20 2.2 -596 -280
886 20 2.2 -616 -312
897 20 2.2 -588 -310
909 20 2.2 -628 -336
921 20 2.2 -680 -358
933 20 2.2 -660 -352
945 20 2.2 -624 -332
957 20 2.2 -680 -364
969 20 2.2 -648 -348
982 20 2.2 -676 -362
994 20 2.2 -644 -356
1007 20 2.2 -560 -282
1020 20 2.2 -704 -368
1033 20 2.2 -576 -316
1047 20 2.2 -640 -348
1060 20 2.2 -552 -290
1074 20 2.2 -516 -232
1088 20 2.2 -512 -242
1102 20 2.2 -632 -330
1116 20 2.2 -600 -316
1130 20 2.2 -708 -376
1145 20 2.2 -672 -360
1160 20 2.2 -648 -352
1174 20 2.2 -652 -352
1190 20 2.2 -624 -324
1205 20 2.2 -644 -340
1220 20 2.2 -640 -350
1236 20 2.2 -672 -356
1252 20 2.2 -680 -360
1268 20 2.2 -636 -300
1285 20 2.2 -640 -340
1301 20 2.2 -572 -304
1318 20 2.2 -696 -366
1335 20 2.2 -592 -304
1352 20 2.2 -644 -338
1370 20 2.2 -588 -322
1387 20 2.2 -644 -346
1405 20 2.2 -620 -324
1423 20 2.2 -576 -324
1442 20 2.2 -660 -342
1460 20 2.2 -576 -314
1479 20 2.2 -624 -318
1498 20 2.2 -624 -304
1517 20 2.2 -648 -334
1537 20 2.2 -524 -266
1557 20 2.2 -612 -334
1577 20 2.2 -604 -316
1597 20 2.2 -572 -282
1618 20 2.2 -664 -358
1639 20 2.2 -696 -368
1660 20 2.2 -608 -318
1681 20 2.2 -676 -356
1703 20 2.2 -660 -354
1725 20 2.2 -604 -314
1747 20 2.2 -600 -324
1770 20 2.2 -612 -290
1792 20 2.2 -672 -352
1816 20 2.2 -660 -348
1839 20 2.2 -596 -286
1863 20 2.2 -640 -332
1887 20 2.2 -640 -316
1911 20 2.2 -576 -306
1936 20 2.2 -592 -226
1961 20 2.2 -568 -286
1986 20 2.2 -592 -336
2012 20 2.2 -668 -358
2037 20 2.2 -572 -312
2064 20 2.2 -580 -320
2090 20 2.2 -656 -348
2117 20 2.2 -640 -350
2145 20 2.2 -664 -358
2172 20 2.2 -676 -354
2200 20 2.2 -604 -298
2229 20 2.2 -668 -358
2257 20 2.2 -588 -294
2286 20 2.2 -612 -330
2316 20 2.2 -496 -218
2346 20 2.2 -536 -184
2376 20 2.2 -464 -166
2407 20 2.2 -680 -352
2438 20 2.2 -656 -356
2469 20 2.2 -624 -334
2501 20 2.2 -608 -336
2533 20 2.2 -616 -326
2566 20 2.2 -676 -348
2599 20 2.2 -624 -344
2633 20 2.2 -676 -350
2667 20 2.2 -708 -374
2701 20 2.2 -692 -364
2736 20 2.2 -624 -330
2771 20 2.2 -628 -340
2807 20 2.2 -688 -356
2843 20 2.2 -560 -276
2880 20 2.2 -632 -332
2917 20 2.2 -548 -212
2954 20 2.2 -532 -240
2992 20 2.2 -576 -300
3031 20 2.2 -552 -236
3070 20 2.2 -628 -318
3110 20 2.2 -648 -344
3150 20 2.2 -672 -342
3190 20 2.2 -652 -346
3232 20 2.2 -608 -332
3273 20 2.2 -612 -334
3315 20 2.2 -672 -328
3358 20 2.2 -632 -338
3402 20 2.2 -612 -334
3445 20 2.2 -676 -326
3490 20 2.2 -520 -256
3535 20 2.2 -520 -232
3580 20 2.2 -644 -330
3627 20 2.2 -648 -354
3673 20 2.2 -592 -306
3721 20 2.2 -564 -274
3769 20 2.2 -656 -360
3817 20 2.2 -728 -380
3867 20 2.2 -660 -354
3916 20 2.2 -644 -340
3967 20 2.2 -624 -302
4018 20 2.2 -556 -250
4070 20 2.2 -656 -350
4122 20 2.2 -608 -318
4176 20 2.2 -536 -284
4229 20 2.2 -656 -342
4284 20 2.2 -692 -362
4339 20 2.2 -584 -310
4395 20 2.2 -548 -276
4452 20 2.2 -624 -340
4509 20 2.2 -596 -286
4567 20 2.2 -676 -364
4626 20 2.2 -584 -324
4686 20 2.2 -596 -306
4746 20 2.2 -688 -364
4808 20 2.2 -636 -332
4870 20 2.2 -624 -310
4932 20 2.2 -640 -342
4996 20 2.2 -616 -338
5060 20 2.2 -616 -338
5126 20 2.2 -680 -366
5192 20 2.2 -624 -330
5259 20 2.2 -676 -364
5327 20 2.2 -628 -340
5395 20 2.2 -624 -336
5465 20 2.2 -592 -302
5535 20 2.2 -608 -322
5607 20 2.2 -500 -200
5679 20 2.2 -632 -336
5752 20 2.2 -716 -374
5826 20 2.2 -648 -332
5902 20 2.2 -600 -322
5978 20 2.2 -652 -350
6055 20 2.2 -636 -340
6133 20 2.2 -508 -240
6212 20 2.2 -716 -362
6292 20 2.2 -604 -326
6373 20 2.2 -596 -280
6455 20 2.2 -652 -340
6539 20 2.2 -608 -314
6623 20 2.2 -580 -308
6708 20 2.2 -632 -324
6795 20 2.2 -628 -326
6883 20 2.2 -520 -282
6971 20 2.2 -604 -326
7061 20 2.2 -532 -212
7152 20 2.2 -648 -344
7245 20 2.2 -548 -250
7338 20 2.2 -632 -332
7433 20 2.2 -652 -344
7529 20 2.2 -444 -110
7626 20 2.2 -628 -342
7724 20 2.2 -628 -334
7824 20 2.2 -604 -320
7925 20 2.2 -652 -350
8027 20 2.2 -668 -352
8130 20 2.2 -672 -364
8235 20 2.2 -608 -320
8341 20 2.2 -648 -352
8449 20 2.2 -656 -344
8558 20 2.2 -552 -206
8668 20 2.2 -672 -358
8780 20 2.2 -632 -316
8893 20 2.2 -636 -316
9008 20 2.2 -552 -302
9124 20 2.2 -532 -264
9242 20 2.2 -572 -296
9361 20 2.2 -616 -338
9482 20 2.2 -612 -326
9604 20 2.2 -560 -282
9728 20 2.2 -592 -334
9853 20 2.2 -536 -274
9980 20 2.2 -604 -320
10109 20 2.2 -644 -350
10240 20 2.2 -628 -338
10372 20 2.2 -592 -298
10505 20 2.2 -684 -348
10641 20 2.2 -656 -342
10778 20 2.2 -648 -286
10917 20 2.2 -628 -344
11058 20 2.2 -548 -258
11201 20 2.2 -676 -356
11345 20 2.2 -680 -364
11491 20 2.2 -632 -340
11640 20 2.2 -576 -300
11790 20 2.2 -580 -320
11942 20 2.2 -656 -346
12096 20 2.2 -600 -294
12252 20 2.2 -636 -342
12410 20 2.2 -580 -326
12570 20 2.2 -640 -352
12732 20 2.2 -652 -346
12896 20 2.2 -704 -368
13062 20 2.2 -672 -342
13231 20 2.2 -680 -366
13402 20 2.2 -564 -278
13574 20 2.2 -664 -360
13750 20 2.2 -600 -324
13927 20 2.2 -524 -44
14106 20 2.2 -632 -346
14288 20 2.2 -656 -348
14473 20 2.2 -520 -256
14659 20 2.2 -608 -320
14848 20 2.2 -700 -370
15040 20 2.2 -636 -306
15234 20 2.2 -668 -362
15430 20 2.2 -592 -324
15629 20 2.2 -676 -336
15831 20 2.2 -612 -296
16035 20 2.2 -560 -278
16242 20 2.2 -704 -374
16451 20 2.2 -568 -322
16664 20 2.2 -512 -270
16879 20 2.2 -644 -338
17096 20 2.2 -568 -312
17317 20 2.2 -656 -346
17540 20 2.2 -556 -316
17766 20 2.2 -620 -336
17995 20 2.2 -600 -298
18228 20 2.2 -720 -376
18463 20 2.2 -604 -324
18701 20 2.2 -556 -272
18942 20 2.2 -572 -294
19186 20 2.2 -696 -366
19434 20 2.2 -652 -338
19684 20 2.2 -636 -310
19938 20 2.2 -612 -308
20195 20 2.2 -568 -296
20456 20 2.2 -624 -330
20720 20 2.2 -656 -352
20987 20 2.2 -588 -306
21258 20 2.2 -576 -298
21532 20 2.2 -592 -330
21810 20 2.2 -644 -344
22091 20 2.2 -564 -236
22376 20 2.2 -620 334
22664 20 2.2 -656 360
22957 20 2.2 -500 256
23253 20 2.2 -548 94
23553 20 2.2 -632 348
23856 20 2.2 -580 322
24164 20 2.2 -640 344
24476 20 2.2 -656 354
24791 20 2.2 -628 354
25111 20 2.2 -648 350
25435 20 2.2 -680 360
25763 20 2.2 -616 254
26095 20 2.2 -624 304
26432 20 2.2 -644 332
26773 20 2.2 -504 106
27118 20 2.2 -540 242
27468 20 2.2 -560 240
27822 20 2.2 -596 308
28181 20 2.2 -672 362
28545 20 2.2 -608 318
28913 20 2.2 -576 314
29286 20 2.2 -516 262
29663 20 2.2 -532 236
30046 20 2.2 -656 334
30434 20 2.2 -660 348
30826 20 2.2 -704 368
31224 20 2.2 -624 338
31626 20 2.2 -668 356
32034 20 2.2 -692 364
32447 20 2.2 -520 276
32866 20 2.2 -624 350
33290 20 2.2 -576 298
33719 20 2.2 -664 360
34154 20 2.2 -608 324
34595 20 2.2 -660 358
35041 20 2.2 -640 318
35493 20 2.2 -576 312
35951 20 2.2 -652 352
36414 20 2.2 -632 334
36884 20 2.2 -716 372
37360 20 2.2 -552 284
37841 20 2.2 -624 334
38330 20 2.2 -672 352
38824 20 2.2 -608 322
39325 20 2.2 -544 136
39832 20 2.2 -596 296
40346 20 2.2 -556 196
40866 20 2.2 -504 192
41393 20 2.2 -672 358
41927 20 2.2 -632 334
42468 20 2.2 -688 346
43015 20 2.2 -588 328
43570 20 2.2 -572 256
44132 20 2.2 -596 316
44701 20 2.2 -680 352
45278 20 2.2 -596 276
45862 20 2.2 -636 330
46453 20 2.2 -580 226
47053 20 2.2 -640 332
47660 20 2.2 -600 322
48274 20 2.2 -664 354
48897 20 2.2 -656 -342
49528 20 2.2 -604 -274
50166 20 2.2 -628 346
50813 20 2.2 -608 330
51469 20 2.2 -584 280
52133 20 2.2 -588 314
52805 20 2.2 -604 334
53486 20 2.2 -608 264
54176 20 2.2 -568 264
54875 20 2.2 -592 328
55582 20 2.2 -664 342
56299 20 2.2 -604 332
57025 20 2.2 -572 282
57761 20 2.2 -636 338
58506 20 2.2 -540 264
59261 20 2.2 -608 296
60025 20 2.2 -624 332
60799 20 2.2 -508 -64
61583 20 2.2 -656 -344
62378 20 2.2 -664 -360
63182 20 2.2 -592 -294
63997 20 2.2 -704 -372
64822 20 2.2 -688 -364
65658 20 2.2 -616 -336
66505 20 2.2 -592 250
67363 20 2.2 -708 376
68232 20 2.2 -684 354
69112 20 2.2 -556 256
70003 20 2.2 -556 56
70906 20 2.2 -680 360
71821 20 2.2 -540 228
72747 20 2.2 -620 318
73685 20 2.2 -628 334
74636 20 2.2 -640 336
75599 20 2.2 -552 302
76574 20 2.2 -640 326
77561 20 2.2 -532 206
78562 20 2.2 -560 276
79575 20 2.2 -676 356
80601 20 2.2 -680 358
81641 20 2.2 -632 326
82694 20 2.2 -608 286
83760 20 2.2 -616 -324
84841 20 2.2 -672 -340
85935 20 2.2 -604 -324
87043 20 2.2 -620 -326
88166 20 2.2 -624 -330
89303 20 2.2 -648 -352
90455 20 2.2 -536 -190
91622 20 2.2 -648 -348
92803 20 2.2 -564 -310
94000 20 2.2 -632 -348
95213 20 2.2 -688 -368
96441 20 2.2 -536 -178
97685 20 2.2 -628 -346
98945 20 2.2 -616 -340
100221 20 2.2 -680 352
101513 20 2.2 -640 278
102823 20 2.2 -600 -334
104149 20 2.2 -668 -360
105492 20 2.2 -680 -350
106853 20 2.2 -612 -326
108231 20 2.2 -592 -308
109627 20 2.2 -668 -352
111041 20 2.2 -608 -238
112473 20 2.2 -660 -358
113924 20 2.2 -620 -330
115393 20 2.2 -632 -340
116882 20 2.2 -636 -308
118389 20 2.2 -500 -130
119916 20 2.2 -652 -332
121463 20 2.2 -528 -266
123029 20 2.2 -684 -354
124616 20 2.2 -660 -350
126224 20 2.2 -652 -344
127852 20 2.2 -664 -354
129501 20 2.2 -624 -332
131171 20 2.2 -664 354
132863 20 2.2 -604 328
134576 20 2.2 -608 320
136312 20 2.2 -736 382
138070 20 2.2 -676 364
139851 20 2.2 -632 330
141655 20 2.2 -712 376
143482 20 2.2 -616 -310
145333 20 2.2 -696 -366
147207 20 2.2 -644 -352
149106 20 2.2 -612 -310
151029 20 2.2 -688 -362
152977 20 2.2 -620 -298
154950 20 2.2 -512 -272
156948 20 2.2 -664 -334
158973 20 2.2 -600 -332
161023 20 2.2 -608 -326
163100 20 2.2 -660 -352
165204 20 2.2 -580 -320
167334 20 2.2 -652 -348
169493 20 2.2 -688 -370
171679 20 2.2 -676 -362
173893 20 2.2 -692 370
176136 20 2.2 -644 348
178408 20 2.2 -628 336
180709 20 2.2 -700 372
183040 20 2.2 -576 270
185400 20 2.2 -712 374
187792 20 2.2 -676 356
190214 20 2.2 -604 280
192667 20 2.2 -680 364
195152 20 2.2 -576 300
197669 20 2.2 -564 302
200219 20 2.2 -628 342
202801 20 2.2 -672 358
205417 20 2.2 -684 364
208066 20 2.2 -724 376
210750 20 2.2 -596 330
213468 20 2.2 -584 316
216222 20 2.2 -608 324
219010 20 2.2 -716 372
221835 20 2.2 -652 352
224696 20 2.2 -564 258
227595 20 2.2 -548 184
230530 20 2.2 -588 328
233503 20 2.2 -560 292
236515 20 2.2 -600 314
239566 20 2.2 -580 304
242656 20 2.2 -612 340
245785 20 2.2 -696 366
248956 20 2.2 -632 342
252167 20 2.2 -584 -306
255419 20 2.2 -664 -358
258713 20 2.2 -556 -228
262050 20 2.2 -584 314
265430 20 2.2 -612 330
268854 20 2.2 -616 314
272321 20 2.2 -500 192
275834 20 2.2 -624 322
279391 20 2.2 -592 316
282995 20 2.2 -536 164
286645 20 2.2 -664 358
290342 20 2.2 -700 366
294087 20 2.2 -668 362
297880 20 2.2 -608 316
301722 20 2.2 -668 358
305614 20 2.2 -524 234
309556 20 2.2 -568 286
313548 20 2.2 -616 332
317592 20 2.2 -624 328
321689 20 2.2 -640 -354
325838 20 2.2 -660 -354
330040 20 2.2 -640 352
334297 20 2.2 -676 362
338609 20 2.2 -644 -340
342976 20 2.2 -680 -368
347400 20 2.2 -564 316
351881 20 2.2 -636 -344
356419 20 2.2 -488 -126
361016 20 2.2 -664 -356
365673 20 2.2 -636 340
370389 20 2.2 -664 360
375167 20 2.2 -536 -140
380005 20 2.2 -608 -336
384907 20 2.2 -504 212
389871 20 2.2 -536 212
394900 20 2.2 -628 308
399993 20 2.2 -668 -336
405152 20 2.2 -572 262
410378 20 2.2 -600 316
415671 20 2.2 -704 -370
421032 20 2.2 -644 -340
426463 20 2.2 -648 -322
431963 20 2.2 -568 280
437535 20 2.2 -608 332
443178 20 2.2 -644 -346
448894 20 2.2 -568 164
454684 20 2.2 -632 342
460548 20 2.2 -572 312
466489 20 2.2 -648 352
472505 20 2.2 -648 344
478600 20 2.2 -592 -324
484773 20 2.2 -676 -348
491025 20 2.2 -660 -340
497358 20 2.2 -596 324
503773 20 2.2 -500 226
510271 20 2.2 -700 -372
516852 20 2.2 -644 350
523519 20 2.2 -656 354
530271 20 2.2 -520 -240
537111 20 2.2 -620 302
544038 20 2.2 -532 172
551055 20 2.2 -692 -366
558163 20 2.2 -596 296
565362 20 2.2 -596 328
572654 20 2.2 -624 292
580040 20 2.2 -560 104
587521 20 2.2 -600 -304
595099 20 2.2 -572 -260
602775 20 2.2 -648 -342
610549 20 2.2 -696 358
618424 20 2.2 -628 288
626400 20 2.2 -596 200
634480 20 2.2 -668 356
642663 20 2.2 -624 322
650952 20 2.2 -552 212
659348 20 2.2 -628 330
667853 20 2.2 -612 294
676467 20 2.2 -644 318
685192 20 2.2 -636 -332
694029 20 2.2 -676 -360
702981 20 2.2 -532 -280
712048 20 2.2 -648 -340
721232 20 2.2 -488 -142
730534 20 2.2 -616 -350
739957 20 2.2 -588 -328
749500 20 2.2 -588 286
759168 20 2.2 -624 342
768959 20 2.2 -632 312
778877 20 2.2 -584 306
788923 20 2.2 -548 -276
799099 20 2.2 -628 -342
809405 20 2.2 -508 44
819845 20 2.2 -556 294
830419 20 2.2 -620 328
841130 20 2.2 -516 -160
851979 20 2.2 -648 -350
862968 20 2.2 -664 -338
874098 20 2.2 -592 -332
885373 20 2.2 -640 350
896792 20 2.2 -572 306
908359 20 2.2 -644 -352
920075 20 2.2 -632 338
931942 20 2.2 -620 330
943962 20 2.2 -612 336
956137 20 2.2 -620 342
968470 20 2.2 -672 354
980961 20 2.2 -696 370
993613 20 2.2 -660 364
999999 20 2.2 -640 338
