3 60 2.2 -3356 -282
4 60 2.2 -3676 -362
5 60 2.2 -3732 -362
6 60 2.2 -3932 -358
7 60 2.2 -3996 -488
8 60 2.2 -4196 -534
9 60 2.2 -4248 -500
10 60 2.2 -4188 -556
11 60 2.2 -4236 -676
12 60 2.2 -4444 -802
13 60 2.2 -4536 -826
14 60 2.2 -4528 -864
15 60 2.2 -4444 -830
16 60 2.2 -4496 -880
17 60 2.2 -4504 -772
18 60 2.2 -4588 -770
19 60 2.2 -4672 -808
20 60 2.2 -4668 -792
21 60 2.2 -4664 -836
22 60 2.2 -4548 -906
23 60 2.2 -4700 -994
24 60 2.2 -4608 -1042
25 60 2.2 -4672 -1020
26 60 2.2 -4564 -992
27 60 2.2 -4768 -1058
28 60 2.2 -4772 -1114
29 60 2.2 -4928 -1154
30 60 2.2 -4988 -1180
31 60 2.2 -4832 -1122
32 60 2.2 -4732 -1084
33 60 2.2 -4776 -1082
34 60 2.2 -4764 -1056
35 60 2.2 -4708 -1122
36 60 2.2 -4896 -1100
37 60 2.2 -4864 -1096
38 60 2.2 -5092 -1122
39 60 2.2 -4852 -1094
40 60 2.2 -4844 -1246
41 60 2.2 -4932 -1286
42 60 2.2 -4856 -1230
43 60 2.2 -4896 -1280
44 60 2.2 -4976 -1314
45 60 2.2 -4880 -1308
46 60 2.2 -4924 -1248
47 60 2.2 -4996 -1228
48 60 2.2 -4852 -1190
49 60 2.2 -4920 -1226
50 60 2.2 -4880 -1210
51 60 2.2 -4940 -1286
52 60 2.2 -5004 -1378
53 60 2.2 -5064 -1552
54 60 2.2 -5068 -1590
55 60 2.2 -5204 -1700
56 60 2.2 -5296 -1672
57 60 2.2 -5196 -1654
58 60 2.2 -5152 -1630
59 60 2.2 -5140 -1684
60 60 2.2 -5056 -1708
61 60 2.2 -5096 -1738
62 60 2.2 -5036 -1694
63 60 2.2 -5024 -1688
64 60 2.2 -5148 -1642
65 60 2.2 -5196 -1642
66 60 2.2 -5148 -1718
67 60 2.2 -5096 -1690
68 60 2.2 -5108 -1714
69 60 2.2 -4928 -1680
70 60 2.2 -4928 -1638
71 60 2.2 -5048 -1700
72 60 2.2 -5076 -1682
73 60 2.2 -5012 -1652
74 60 2.2 -5008 -1658
75 60 2.2 -5112 -1674
76 60 2.2 -5244 -1730
77 60 2.2 -5180 -1720
78 60 2.2 -5144 -1634
79 60 2.2 -4976 -1660
80 60 2.2 -4912 -1680
81 60 2.2 -4940 -1598
82 60 2.2 -5068 -1726
83 60 2.2 -4940 -1756
84 60 2.2 -5016 -1782
85 60 2.2 -5100 -1878
86 60 2.2 -5076 -1932
88 60 2.2 -5068 -1946
89 60 2.2 -5220 -2004
90 60 2.2 -5164 -2064
91 60 2.2 -5200 -2062
92 60 2.2 -5176 -2022
93 60 2.2 -5144 -2032
95 60 2.2 -5020 -2020
96 60 2.2 -5048 -2018
97 60 2.2 -5176 -2036
98 60 2.2 -5228 -2054
99 60 2.2 -5260 -2126
101 60 2.2 -5264 -2074
102 60 2.2 -5228 -2036
103 60 2.2 -5216 -2068
105 60 2.2 -5300 -2088
106 60 2.2 -5268 -2122
107 60 2.2 -5252 -2088
109 60 2.2 -5168 -2116
110 60 2.2 -5212 -2188
112 60 2.2 -5200 -2144
113 60 2.2 -5120 -2188
114 60 2.2 -5152 -2192
116 60 2.2 -5124 -2270
117 60 2.2 -5172 -2316
119 60 2.2 -5528 -2472
120 60 2.2 -5472 -2502
122 60 2.2 -5384 -2538
124 60 2.2 -5432 -2522
125 60 2.2 -5556 -2652
127 60 2.2 -5368 -2544
128 60 2.2 -5296 -2594
130 60 2.2 -5412 -2624
132 60 2.2 -5420 -2622
133 60 2.2 -5452 -2664
135 60 2.2 -5464 -2672
137 60 2.2 -5300 -2652
139 60 2.2 -5256 -2596
140 60 2.2 -5144 -2532
142 60 2.2 -4996 -2540
144 60 2.2 -5404 -2714
146 60 2.2 -5364 -2698
148 60 2.2 -5440 -2708
150 60 2.2 -5456 -2752
152 60 2.2 -5476 -2776
154 60 2.2 -5508 -2770
155 60 2.2 -5508 -2836
157 60 2.2 -5464 -2676
160 60 2.2 -5628 -2816
162 60 2.2 -5436 -2746
164 60 2.2 -5652 -2858
166 60 2.2 -5792 -2880
168 60 2.2 -5624 -2812
170 60 2.2 -5560 -2804
172 60 2.2 -5532 -2806
174 60 2.2 -5500 -2770
177 60 2.2 -5280 -2744
179 60 2.2 -5152 -2730
181 60 2.2 -5400 -2842
184 60 2.2 -5404 -2848
186 60 2.2 -5704 -2924
188 60 2.2 -5488 -2892
191 60 2.2 -5644 -2946
193 60 2.2 -5764 -2968
196 60 2.2 -5736 -2954
198 60 2.2 -5636 -2908
201 60 2.2 -5600 -2932
203 60 2.2 -5812 -3024
206 60 2.2 -5720 -2984
209 60 2.2 -5764 -3042
211 60 2.2 -5588 -2954
214 60 2.2 -5884 -3084
217 60 2.2 -5632 -2940
220 60 2.2 -5648 -2960
222 60 2.2 -5644 -2930
225 60 2.2 -5716 -2982
228 60 2.2 -5556 -2890
231 60 2.2 -5500 -2870
234 60 2.2 -5572 -2886
237 60 2.2 -5552 -2882
240 60 2.2 -5544 -2862
243 60 2.2 -5568 -2886
246 60 2.2 -5564 -2868
250 60 2.2 -5604 -2904
253 60 2.2 -5432 -2782
256 60 2.2 -5584 -2944
259 60 2.2 -5644 -2938
263 60 2.2 -5492 -2888
266 60 2.2 -5420 -2822
269 60 2.2 -5568 -2896
273 60 2.2 -5408 -2846
276 60 2.2 -5400 -2838
280 60 2.2 -5340 -2706
284 60 2.2 -5524 -2688
287 60 2.2 -5492 -2786
291 60 2.2 -5792 -3016
295 60 2.2 -5540 -2866
298 60 2.2 -5640 -2936
302 60 2.2 -5464 -2904
306 60 2.2 -5392 -2834
310 60 2.2 -5548 -2810
314 60 2.2 -5584 -2766
318 60 2.2 -5448 -2750
322 60 2.2 -5696 -2826
326 60 2.2 -5672 -2904
331 60 2.2 -5604 -2856
335 60 2.2 -5568 -2792
339 60 2.2 -5672 -2818
344 60 2.2 -5260 -2630
348 60 2.2 -5536 -2754
352 60 2.2 -5424 -2714
357 60 2.2 -5524 -2808
362 60 2.2 -5440 -2734
366 60 2.2 -5464 -2674
371 60 2.2 -5468 -2736
376 60 2.2 -5432 -2706
381 60 2.2 -5448 -2710
385 60 2.2 -5416 -2804
390 60 2.2 -5448 -2798
395 60 2.2 -5592 -2780
401 60 2.2 -5464 -2800
406 60 2.2 -5428 -2752
411 60 2.2 -5272 -2696
416 60 2.2 -5476 -2894
422 60 2.2 -5768 -2974
427 60 2.2 -5576 -2912
433 60 2.2 -5656 -2836
438 60 2.2 -5604 -2926
444 60 2.2 -5420 -2842
449 60 2.2 -5888 -3076
455 60 2.2 -5644 -2956
461 60 2.2 -5516 -2880
467 60 2.2 -5720 -3014
473 60 2.2 -5760 -2990
479 60 2.2 -5584 -2890
485 60 2.2 -5708 -2930
492 60 2.2 -5684 -2950
498 60 2.2 -5856 -2956
504 60 2.2 -5656 -2876
511 60 2.2 -5544 -2732
517 60 2.2 -5380 -2528
524 60 2.2 -5460 -2654
531 60 2.2 -5520 -2840
538 60 2.2 -5444 -2832
545 60 2.2 -5712 -2948
552 60 2.2 -5576 -2866
559 60 2.2 -5684 -2978
566 60 2.2 -5596 -2910
573 60 2.2 -5544 -2950
581 60 2.2 -5636 -2894
588 60 2.2 -5840 -3008
596 60 2.2 -5740 -2958
603 60 2.2 -5656 -2864
611 60 2.2 -5676 -2860
619 60 2.2 -5736 -3038
627 60 2.2 -5712 -2938
635 60 2.2 -5676 -2894
643 60 2.2 -5536 -2902
652 60 2.2 -5488 -2850
660 60 2.2 -5676 -2944
668 60 2.2 -5448 -2754
677 60 2.2 -5492 -2798
686 60 2.2 -5612 -2906
695 60 2.2 -5592 -2774
704 60 2.2 -5464 -2736
713 60 2.2 -5584 -2852
722 60 2.2 -5668 -2900
731 60 2.2 -5572 -2934
741 60 2.2 -5640 -2856
750 60 2.2 -5860 -3024
760 60 2.2 -5504 -2834
770 60 2.2 -5776 -2908
780 60 2.2 -5664 -2858
790 60 2.2 -5416 -2700
800 60 2.2 -5508 -2776
810 60 2.2 -5440 -2674
821 60 2.2 -5756 -2904
831 60 2.2 -5628 -2780
842 60 2.2 -5424 -2650
853 60 2.2 -5764 -2850
864 60 2.2 -5344 -2652
875 60 2.2 -5424 -2764
886 60 2.2 -5716 -3008
897 60 2.2 -5552 -2820
909 60 2.2 -5536 -2882
921 60 2.2 -5656 -2982
933 60 2.2 -5760 -3040
945 60 2.2 -5648 -3014
957 60 2.2 -5952 -3194
969 60 2.2 -5764 -3120
982 60 2.2 -5488 -2872
994 60 2.2 -5352 -2766
1007 60 2.2 -5656 -2998
1020 60 2.2 -5872 -3106
1033 60 2.2 -5696 -2960
1047 60 2.2 -5732 -2972
1060 60 2.2 -5448 -2788
1074 60 2.2 -5236 -2572
1088 60 2.2 -5380 -2790
1102 60 2.2 -5608 -2818
1116 60 2.2 -5536 -2890
1130 60 2.2 -5796 -2970
1145 60 2.2 -5520 -2884
1160 60 2.2 -5700 -2930
1174 60 2.2 -5488 -2866
1190 60 2.2 -5608 -2938
1205 60 2.2 -5624 -2942
1220 60 2.2 -5528 -2892
1236 60 2.2 -5616 -2976
1252 60 2.2 -5680 -2910
1268 60 2.2 -5172 -2558
1285 60 2.2 -5416 -2642
1301 60 2.2 -5416 -2754
1318 60 2.2 -5456 -2844
1335 60 2.2 -5692 -2922
1352 60 2.2 -5824 -2972
1370 60 2.2 -5372 -2654
1387 60 2.2 -5684 -3002
1405 60 2.2 -5704 -3008
1423 60 2.2 -5296 -2726
1442 60 2.2 -5588 -2876
1460 60 2.2 -5536 -2850
1479 60 2.2 -5668 -2910
1498 60 2.2 -5580 -2908
1517 60 2.2 -5748 -3032
1537 60 2.2 -5712 -2966
1557 60 2.2 -5832 -3108
1577 60 2.2 -5456 -2832
1597 60 2.2 -5584 -2982
1618 60 2.2 -5740 -3066
1639 60 2.2 -5684 -2962
1660 60 2.2 -5668 -2986
1681 60 2.2 -5812 -3036
1703 60 2.2 -5600 -2976
1725 60 2.2 -5580 -2838
1747 60 2.2 -5516 -2936
1770 60 2.2 -5672 -2934
1792 60 2.2 -5592 -2914
1816 60 2.2 -5736 -3016
1839 60 2.2 -5460 -2870
1863 60 2.2 -5708 -2908
1887 60 2.2 -5524 -2624
1911 60 2.2 -5644 -2848
1936 60 2.2 -5588 -2798
1961 60 2.2 -5592 -2748
1986 60 2.2 -5424 -2790
2012 60 2.2 -5504 -2694
2037 60 2.2 -5668 -2948
2064 60 2.2 -5800 -3112
2090 60 2.2 -5592 -2960
2117 60 2.2 -5644 -3034
2145 60 2.2 -5656 -2992
2172 60 2.2 -5504 -2832
2200 60 2.2 -5372 -2714
2229 60 2.2 -5444 -2796
2257 60 2.2 -5484 -2764
2286 60 2.2 -5664 -2872
2316 60 2.2 -5180 -2520
2346 60 2.2 -5664 -2846
2376 60 2.2 -5640 -2818
2407 60 2.2 -5668 -2766
2438 60 2.2 -5192 -2752
2469 60 2.2 -5780 -3034
2501 60 2.2 -5772 -2948
2533 60 2.2 -5732 -3022
2566 60 2.2 -5580 -2756
2599 60 2.2 -5512 -2828
2633 60 2.2 -5552 -2828
2667 60 2.2 -5736 -3020
2701 60 2.2 -5588 -2886
2736 60 2.2 -5616 -2910
2771 60 2.2 -5740 -3008
2807 60 2.2 -5772 -2974
2843 60 2.2 -5604 -2890
2880 60 2.2 -5684 -2846
2917 60 2.2 -5440 -2796
2954 60 2.2 -5528 -2778
2992 60 2.2 -5584 -2652
3031 60 2.2 -5668 -2800
3070 60 2.2 -5944 -3126
3110 60 2.2 -5528 -2814
3150 60 2.2 -5504 -2914
3190 60 2.2 -5684 -3002
3232 60 2.2 -5628 -2922
3273 60 2.2 -5448 -2842
3315 60 2.2 -5588 -2890
3358 60 2.2 -5476 -2502
3402 60 2.2 -5384 -2578
3445 60 2.2 -5508 -2600
3490 60 2.2 -5484 -2838
3535 60 2.2 -5540 -2894
3580 60 2.2 -5520 -2954
3627 60 2.2 -5468 -2796
3673 60 2.2 -5556 -2850
3721 60 2.2 -5356 -2778
3769 60 2.2 -5820 -2968
3817 60 2.2 -5528 -2822
3867 60 2.2 -5592 -2810
3916 60 2.2 -5512 -2792
3967 60 2.2 -5712 -2960
4018 60 2.2 -5716 -2976
4070 60 2.2 -5416 -2866
4122 60 2.2 -5572 -2918
4176 60 2.2 -5724 -3028
4229 60 2.2 -5792 -3076
4284 60 2.2 -5496 -2824
4339 60 2.2 -5720 -2960
4395 60 2.2 -5800 -2998
4452 60 2.2 -5448 -2866
4509 60 2.2 -5568 -2948
4567 60 2.2 -5500 -2890
4626 60 2.2 -5520 -2896
4686 60 2.2 -5496 -2906
4746 60 2.2 -5708 -2988
4808 60 2.2 -5596 -2920
4870 60 2.2 -5764 -3020
4932 60 2.2 -5764 -3046
4996 60 2.2 -5592 -2874
5060 60 2.2 -5560 -2840
5126 60 2.2 -5564 -2910
5192 60 2.2 -5544 -2862
5259 60 2.2 -5592 -2776
5327 60 2.2 -5576 -2782
5395 60 2.2 -5612 -2832
5465 60 2.2 -5708 -3014
5535 60 2.2 -5688 -3010
5607 60 2.2 -5852 -3128
5679 60 2.2 -5516 -2854
5752 60 2.2 -5604 -2882
5826 60 2.2 -5364 -2820
5902 60 2.2 -5584 -2670
5978 60 2.2 -5500 -2806
6055 60 2.2 -5528 -2832
6133 60 2.2 -5724 -3016
6212 60 2.2 -5728 -2926
6292 60 2.2 -5432 -2626
6373 60 2.2 -5292 -2404
6455 60 2.2 -5488 -2676
6539 60 2.2 -5708 -2734
6623 60 2.2 -5828 -2986
6708 60 2.2 -5716 -3036
6795 60 2.2 -5528 -2742
6883 60 2.2 -5472 -2762
6971 60 2.2 -5308 -2706
7061 60 2.2 -5804 -3042
7152 60 2.2 -5848 -3118
7245 60 2.2 -5456 -2818
7338 60 2.2 -5516 -2688
7433 60 2.2 -5444 -2828
7529 60 2.2 -5712 -2998
7626 60 2.2 -5760 -3048
7724 60 2.2 -5588 -2908
7824 60 2.2 -5580 -2830
7925 60 2.2 -5640 -2994
8027 60 2.2 -5472 -2904
8130 60 2.2 -5400 -2796
8235 60 2.2 -5468 -2628
8341 60 2.2 -5652 -2960
8449 60 2.2 -5456 -2742
8558 60 2.2 -5744 -2942
8668 60 2.2 -5540 -2904
8780 60 2.2 -5692 -3020
8893 60 2.2 -5488 -2824
9008 60 2.2 -5560 -2900
9124 60 2.2 -5628 -2830
9242 60 2.2 -5484 -2752
9361 60 2.2 -5144 -2468
9482 60 2.2 -5072 -2104
9604 60 2.2 -5508 -2574
9728 60 2.2 -5848 -2990
9853 60 2.2 -5572 -2842
9980 60 2.2 -5344 -2714
10109 60 2.2 -5548 -2946
10240 60 2.2 -5608 -2920
10372 60 2.2 -5484 -2424
10505 60 2.2 -5460 -2610
10641 60 2.2 -5392 -2606
10778 60 2.2 -5720 -2942
10917 60 2.2 -5640 -2930
11058 60 2.2 -5604 -2976
11201 60 2.2 -5512 -2442
11345 60 2.2 -5660 -2794
11491 60 2.2 -5676 -3002
11640 60 2.2 -5544 -2850
11790 60 2.2 -5400 -2686
11942 60 2.2 -5656 -3044
12096 60 2.2 -5780 -2964
12252 60 2.2 -5528 -2798
12410 60 2.2 -5576 -2792
12570 60 2.2 -5564 -2624
12732 60 2.2 -5544 -2686
12896 60 2.2 -5400 -2816
13062 60 2.2 -5632 -2886
13231 60 2.2 -5628 -2966
13402 60 2.2 -5524 -2776
13574 60 2.2 -5584 -2740
13750 60 2.2 -5848 -3100
13927 60 2.2 -5492 -2856
14106 60 2.2 -5680 -2972
14288 60 2.2 -5516 -2760
14473 60 2.2 -5688 -3020
14659 60 2.2 -5660 -2874
14848 60 2.2 -5620 -2990
15040 60 2.2 -5632 -2930
15234 60 2.2 -5620 -2886
15430 60 2.2 -5428 -2876
15629 60 2.2 -5436 -2408
15831 60 2.2 -5644 -2688
16035 60 2.2 -5400 -2362
16242 60 2.2 -5524 -2862
16451 60 2.2 -5568 -2798
16664 60 2.2 -5404 -2572
16879 60 2.2 -5552 -2766
17096 60 2.2 -5616 -2988
17317 60 2.2 -5692 -3026
17540 60 2.2 -5616 -3018
17766 60 2.2 -5632 -2908
17995 60 2.2 -5812 -3076
18228 60 2.2 -5568 -2916
18463 60 2.2 -5592 -2930
18701 60 2.2 -5444 -2734
18942 60 2.2 -5780 -3008
19186 60 2.2 -5844 -3004
19434 60 2.2 -5592 -2854
19684 60 2.2 -5804 -3084
19938 60 2.2 -5724 -3008
20195 60 2.2 -5620 -2864
20456 60 2.2 -5840 -3080
20720 60 2.2 -5464 -2652
20987 60 2.2 -5680 -3026
21258 60 2.2 -5480 -2718
21532 60 2.2 -5748 -2986
21810 60 2.2 -5912 -3106
22091 60 2.2 -5280 -2516
22376 60 2.2 -5592 -2914
22664 60 2.2 -5576 -2842
22957 60 2.2 -5732 -2788
23253 60 2.2 -5504 -2962
23553 60 2.2 -5544 -2888
23856 60 2.2 -5816 -2954
24164 60 2.2 -5504 -2848
24476 60 2.2 -5712 -2956
24791 60 2.2 -5560 -2948
25111 60 2.2 -5420 -2846
25435 60 2.2 -5772 -2984
25763 60 2.2 -5508 -2480
26095 60 2.2 -5800 -3008
26432 60 2.2 -5312 -2714
26773 60 2.2 -5604 -2584
27118 60 2.2 -5428 -2796
27468 60 2.2 -5524 -2766
27822 60 2.2 -5584 -2954
28181 60 2.2 -5856 -2876
28545 60 2.2 -5600 -2988
28913 60 2.2 -5372 -2604
29286 60 2.2 -5508 -2862
29663 60 2.2 -5684 -3036
30046 60 2.2 -5612 -2852
30434 60 2.2 -5548 -2838
30826 60 2.2 -5648 -2860
31224 60 2.2 -5792 -3024
31626 60 2.2 -5436 -2666
32034 60 2.2 -5484 -2716
32447 60 2.2 -5764 -3008
32866 60 2.2 -5668 -2874
33290 60 2.2 -5728 -3036
33719 60 2.2 -5612 -2682
34154 60 2.2 -5384 -2064
34595 60 2.2 -5224 -2488
35041 60 2.2 -5652 -2988
35493 60 2.2 -5368 -2554
35951 60 2.2 -5756 -3048
36414 60 2.2 -5608 -2816
36884 60 2.2 -5540 -2748
37360 60 2.2 -5476 -2822
37841 60 2.2 -5324 -2822
38330 60 2.2 -5524 -2796
38824 60 2.2 -5700 -3020
39325 60 2.2 -5616 -2798
39832 60 2.2 -5720 -2808
40346 60 2.2 -5468 -2814
40866 60 2.2 -5596 -3004
41393 60 2.2 -5568 -2978
41927 60 2.2 -5708 -2966
42468 60 2.2 -5740 -2956
43015 60 2.2 -5524 -2852
43570 60 2.2 -5868 -3080
44132 60 2.2 -5532 -2874
44701 60 2.2 -5828 -3038
45278 60 2.2 -5464 -2712
45862 60 2.2 -5544 -2906
46453 60 2.2 -5664 -2888
47053 60 2.2 -5892 -3078
47660 60 2.2 -5636 -2830
48274 60 2.2 -5504 -2738
48897 60 2.2 -5664 -2842
49528 60 2.2 -5444 -2496
50166 60 2.2 -5580 -2832
50813 60 2.2 -5728 -2944
51469 60 2.2 -5508 -2792
52133 60 2.2 -5484 -2850
52805 60 2.2 -5548 -2792
53486 60 2.2 -5568 -2726
54176 60 2.2 -5188 -2382
54875 60 2.2 -5704 -2894
55582 60 2.2 -5568 -2788
56299 60 2.2 -5316 -2660
57025 60 2.2 -5724 -3050
57761 60 2.2 -5604 -2900
58506 60 2.2 -5592 -2736
59261 60 2.2 -5588 -2822
60025 60 2.2 -5416 -2722
60799 60 2.2 -5780 -3120
61583 60 2.2 -5716 -2978
62378 60 2.2 -5784 -2982
63182 60 2.2 -5460 -2816
63997 60 2.2 -5656 -2976
64822 60 2.2 -5508 -2760
65658 60 2.2 -5780 -3050
66505 60 2.2 -5468 -2856
67363 60 2.2 -5536 -2834
68232 60 2.2 -5488 -2684
69112 60 2.2 -5500 -2752
70003 60 2.2 -5840 -3082
70906 60 2.2 -5972 -3066
71821 60 2.2 -5596 -2782
72747 60 2.2 -5672 -2918
73685 60 2.2 -5372 -2636
74636 60 2.2 -5572 -2812
75599 60 2.2 -5332 -2200
76574 60 2.2 -5544 -2888
77561 60 2.2 -5596 -2892
78562 60 2.2 -5560 -2938
79575 60 2.2 -5636 -2962
80601 60 2.2 -5648 -2926
81641 60 2.2 -5556 -2886
82694 60 2.2 -5496 -2838
83760 60 2.2 -5440 -2746
84841 60 2.2 -5704 -2978
85935 60 2.2 -5564 -2858
87043 60 2.2 -5684 -2916
88166 60 2.2 -5488 -2906
89303 60 2.2 -5480 -2444
90455 60 2.2 -5348 -2664
91622 60 2.2 -5796 -3032
92803 60 2.2 -5328 -2578
94000 60 2.2 -5636 -3032
95213 60 2.2 -5244 -1986
96441 60 2.2 -5312 -2654
97685 60 2.2 -5168 -2556
98945 60 2.2 -5476 -2788
100221 60 2.2 -5488 -2790
101513 60 2.2 -5420 -2810
102823 60 2.2 -5816 -3046
104149 60 2.2 -5672 -2944
105492 60 2.2 -5624 -2986
106853 60 2.2 -5420 -2820
108231 60 2.2 -5584 -2972
109627 60 2.2 -5700 -2972
111041 60 2.2 -5864 -2908
112473 60 2.2 -5648 -2924
113924 60 2.2 -5668 -2990
115393 60 2.2 -5484 -2850
116882 60 2.2 -5464 -2694
118389 60 2.2 -5888 -3112
119916 60 2.2 -5348 -2744
121463 60 2.2 -5536 -2902
123029 60 2.2 -5508 -2742
124616 60 2.2 -5864 -2990
126224 60 2.2 -5320 -2622
127852 60 2.2 -5444 -2772
129501 60 2.2 -5512 -2884
131171 60 2.2 -5676 -2990
132863 60 2.2 -5396 -2680
134576 60 2.2 -5372 -2646
136312 60 2.2 -5700 -2938
138070 60 2.2 -5460 -2574
139851 60 2.2 -5532 -2984
141655 60 2.2 -5400 -2786
143482 60 2.2 -5600 -2800
145333 60 2.2 -5608 -2914
147207 60 2.2 -5700 -2586
149106 60 2.2 -5592 -2900
151029 60 2.2 -5712 -3010
152977 60 2.2 -5644 -2974
154950 60 2.2 -5372 -2744
156948 60 2.2 -5660 -2734
158973 60 2.2 -5484 -2762
161023 60 2.2 -5440 -2588
163100 60 2.2 -5640 -3032
165204 60 2.2 -5652 -2916
167334 60 2.2 -5544 -2884
169493 60 2.2 -5572 -2830
171679 60 2.2 -5628 -2950
173893 60 2.2 -5828 -2990
176136 60 2.2 -5700 -2866
178408 60 2.2 -5492 -2874
180709 60 2.2 -5388 -2808
183040 60 2.2 -5388 -2788
185400 60 2.2 -5532 -2822
187792 60 2.2 -5596 -2802
190214 60 2.2 -5560 -2792
192667 60 2.2 -5536 -2712
195152 60 2.2 -5644 -2968
197669 60 2.2 -5564 -2892
200219 60 2.2 -5740 -3026
202801 60 2.2 -5552 -2872
205417 60 2.2 -5616 -2904
208066 60 2.2 -5564 -2882
210750 60 2.2 -5468 -2724
213468 60 2.2 -5576 -2850
216222 60 2.2 -5624 -2946
219010 60 2.2 -5656 -2874
221835 60 2.2 -5652 -2898
224696 60 2.2 -5220 -988
227595 60 2.2 -5560 -2874
230530 60 2.2 -5896 -3110
233503 60 2.2 -5584 -2818
236515 60 2.2 -5308 -2642
239566 60 2.2 -5336 -2704
242656 60 2.2 -5520 -2712
245785 60 2.2 -5580 -2934
248956 60 2.2 -5596 -2978
252167 60 2.2 -5912 -3060
255419 60 2.2 -5600 -2734
258713 60 2.2 -5268 -2380
262050 60 2.2 -5596 -2912
265430 60 2.2 -5576 -2972
268854 60 2.2 -5644 -2908
272321 60 2.2 -5640 -2962
275834 60 2.2 -5488 -2500
279391 60 2.2 -5412 -2840
282995 60 2.2 -5580 -2748
286645 60 2.2 -5692 -2894
290342 60 2.2 -5680 -2906
294087 60 2.2 -5572 -2948
297880 60 2.2 -5580 -2982
301722 60 2.2 -5540 -2744
305614 60 2.2 -5536 -2604
309556 60 2.2 -5544 -2882
313548 60 2.2 -5196 -2320
317592 60 2.2 -5432 -2326
321689 60 2.2 -5476 -2806
325838 60 2.2 -5880 -3124
330040 60 2.2 -5516 -2638
334297 60 2.2 -5880 -3098
338609 60 2.2 -5448 -2868
342976 60 2.2 -5684 -2898
347400 60 2.2 -5536 -2828
351881 60 2.2 -5660 -2962
356419 60 2.2 -5612 -2714
361016 60 2.2 -5580 -2822
365673 60 2.2 -5512 -2628
370389 60 2.2 -5524 -2832
375167 60 2.2 -5480 -2860
380005 60 2.2 -5736 -3030
384907 60 2.2 -5448 -2902
389871 60 2.2 -5636 -2890
394900 60 2.2 -5528 -2900
399993 60 2.2 -5640 -2978
405152 60 2.2 -5464 -2796
410378 60 2.2 -5672 -3004
415671 60 2.2 -5496 -2750
421032 60 2.2 -5468 -2838
426463 60 2.2 -5616 -2944
431963 60 2.2 -5604 -2918
437535 60 2.2 -5760 -2988
443178 60 2.2 -5716 -2882
448894 60 2.2 -5556 -2798
454684 60 2.2 -5656 -2936
460548 60 2.2 -5552 -2888
466489 60 2.2 -5544 -2792
472505 60 2.2 -5564 -2838
478600 60 2.2 -5408 -2768
484773 60 2.2 -5680 -2906
491025 60 2.2 -5612 -2930
497358 60 2.2 -5276 -1730
503773 60 2.2 -5152 -2438
510271 60 2.2 -5840 -3058
516852 60 2.2 -5532 -2864
523519 60 2.2 -5732 -2922
530271 60 2.2 -5488 -2842
537111 60 2.2 -5612 -2842
544038 60 2.2 -5756 -3060
551055 60 2.2 -5488 -2780
558163 60 2.2 -5424 -2690
565362 60 2.2 -5364 -2592
572654 60 2.2 -5412 -2618
580040 60 2.2 -5940 -3162
587521 60 2.2 -5608 -2862
595099 60 2.2 -5380 -2816
602775 60 2.2 -5708 -2930
610549 60 2.2 -5704 -2984
618424 60 2.2 -5632 -2964
626400 60 2.2 -5424 -2750
634480 60 2.2 -5600 -2764
642663 60 2.2 -5480 -2756
650952 60 2.2 -5496 -2752
659348 60 2.2 -5508 -2752
667853 60 2.2 -5768 -3024
676467 60 2.2 -5340 -2764
685192 60 2.2 -5332 -2630
694029 60 2.2 -5600 -2726
702981 60 2.2 -5612 -2866
712048 60 2.2 -5692 -2972
721232 60 2.2 -5792 -2960
730534 60 2.2 -5548 -2726
739957 60 2.2 -5564 -2930
749500 60 2.2 -5724 -2896
759168 60 2.2 -5644 -2944
768959 60 2.2 -5644 -2996
778877 60 2.2 -5632 -2802
788923 60 2.2 -5476 -2758
799099 60 2.2 -5720 -3080
809405 60 2.2 -5768 -2940
819845 60 2.2 -5936 -3104
830419 60 2.2 -5536 -2704
841130 60 2.2 -5864 -3050
851979 60 2.2 -5544 -2912
862968 60 2.2 -5560 -2644
874098 60 2.2 -5460 -2174
885373 60 2.2 -5500 -2720
896792 60 2.2 -5444 -2814
908359 60 2.2 -5704 -2790
920075 60 2.2 -5640 -2968
931942 60 2.2 -5408 -2488
943962 60 2.2 -5424 -2644
956137 60 2.2 -5380 -2564
968470 60 2.2 -5772 -3064
980961 60 2.2 -5284 -2700
993613 60 2.2 -5360 -2810
999999 60 2.2 -5684 -2960
