3 20 2.3 -340 -8
4 20 2.3 -400 -30
5 20 2.3 -392 -62
6 20 2.3 -436 -60
7 20 2.3 -440 -74
8 20 2.3 -396 -66
9 20 2.3 -424 -64
10 20 2.3 -380 -80
11 20 2.3 -412 -66
12 20 2.3 -452 -96
13 20 2.3 -376 -98
14 20 2.3 -424 -108
15 20 2.3 -472 -108
16 20 2.3 -468 -116
17 20 2.3 -452 -96
18 20 2.3 -432 -80
19 20 2.3 -436 -92
20 20 2.3 -480 -62
21 20 2.3 -456 -36
22 20 2.3 -436 -36
23 20 2.3 -512 -44
24 20 2.3 -452 -38
25 20 2.3 -456 22
26 20 2.3 -468 36
27 20 2.3 -400 48
28 20 2.3 -416 58
29 20 2.3 -408 36
30 20 2.3 -452 0
31 20 2.3 -432 26
32 20 2.3 -480 72
33 20 2.3 -488 58
34 20 2.3 -480 64
35 20 2.3 -472 90
36 20 2.3 -468 88
37 20 2.3 -480 100
38 20 2.3 -484 112
39 20 2.3 -496 122
40 20 2.3 -492 150
41 20 2.3 -528 142
42 20 2.3 -528 152
43 20 2.3 -468 156
44 20 2.3 -432 158
45 20 2.3 -512 160
46 20 2.3 -472 172
47 20 2.3 -508 186
48 20 2.3 -520 174
49 20 2.3 -492 180
50 20 2.3 -568 196
51 20 2.3 -572 200
52 20 2.3 -516 174
53 20 2.3 -504 176
54 20 2.3 -552 204
55 20 2.3 -560 194
56 20 2.3 -532 164
57 20 2.3 -536 182
58 20 2.3 -532 186
59 20 2.3 -532 168
60 20 2.3 -516 182
61 20 2.3 -500 144
62 20 2.3 -476 146
63 20 2.3 -472 142
64 20 2.3 -464 120
65 20 2.3 -472 168
66 20 2.3 -480 146
67 20 2.3 -472 130
68 20 2.3 -524 140
69 20 2.3 -508 136
70 20 2.3 -496 178
71 20 2.3 -508 200
72 20 2.3 -564 196
73 20 2.3 -500 206
74 20 2.3 -556 182
75 20 2.3 -560 198
76 20 2.3 -524 220
77 20 2.3 -520 188
78 20 2.3 -512 172
79 20 2.3 -524 172
80 20 2.3 -472 164
81 20 2.3 -440 168
82 20 2.3 -492 180
83 20 2.3 -484 194
84 20 2.3 -472 182
85 20 2.3 -492 186
86 20 2.3 -476 170
88 20 2.3 -464 194
89 20 2.3 -484 220
90 20 2.3 -508 242
91 20 2.3 -560 288
92 20 2.3 -536 282
93 20 2.3 -528 268
95 20 2.3 -524 292
96 20 2.3 -544 310
97 20 2.3 -568 314
98 20 2.3 -544 300
99 20 2.3 -600 326
101 20 2.3 -584 314
102 20 2.3 -568 288
103 20 2.3 -568 268
105 20 2.3 -528 258
106 20 2.3 -520 250
107 20 2.3 -444 250
109 20 2.3 -524 284
110 20 2.3 -580 306
112 20 2.3 -600 326
113 20 2.3 -572 326
114 20 2.3 -540 296
116 20 2.3 -472 270
117 20 2.3 -504 284
119 20 2.3 -528 300
120 20 2.3 -536 306
122 20 2.3 -572 318
124 20 2.3 -528 294
125 20 2.3 -612 320
127 20 2.3 -616 314
128 20 2.3 -616 306
130 20 2.3 -636 308
132 20 2.3 -600 262
133 20 2.3 -576 266
135 20 2.3 -540 214
137 20 2.3 -548 234
139 20 2.3 -484 178
140 20 2.3 -488 162
142 20 2.3 -516 188
144 20 2.3 -472 174
146 20 2.3 -468 146
148 20 2.3 -456 164
150 20 2.3 -472 146
152 20 2.3 -484 164
154 20 2.3 -460 122
155 20 2.3 -440 132
157 20 2.3 -468 116
160 20 2.3 -460 -10
162 20 2.3 -516 -32
164 20 2.3 -480 -14
166 20 2.3 -484 -10
168 20 2.3 -400 4
170 20 2.3 -468 54
172 20 2.3 -512 64
174 20 2.3 -484 84
177 20 2.3 -500 94
179 20 2.3 -484 68
181 20 2.3 -536 42
184 20 2.3 -512 88
186 20 2.3 -460 44
188 20 2.3 -436 44
191 20 2.3 -516 44
193 20 2.3 -520 106
196 20 2.3 -528 84
198 20 2.3 -536 112
201 20 2.3 -508 82
203 20 2.3 -536 114
206 20 2.3 -508 134
209 20 2.3 -536 168
211 20 2.3 -540 134
214 20 2.3 -484 166
217 20 2.3 -496 170
220 20 2.3 -504 128
222 20 2.3 -496 138
225 20 2.3 -500 208
228 20 2.3 -572 242
231 20 2.3 -556 284
234 20 2.3 -568 286
237 20 2.3 -464 214
240 20 2.3 -532 278
243 20 2.3 -588 292
246 20 2.3 -616 322
250 20 2.3 -624 328
253 20 2.3 -592 324
256 20 2.3 -612 342
259 20 2.3 -544 278
263 20 2.3 -560 272
266 20 2.3 -584 276
269 20 2.3 -504 228
273 20 2.3 -536 266
276 20 2.3 -580 296
280 20 2.3 -664 318
284 20 2.3 -652 324
287 20 2.3 -628 334
291 20 2.3 -624 340
295 20 2.3 -584 298
298 20 2.3 -544 286
302 20 2.3 -532 284
306 20 2.3 -568 310
310 20 2.3 -636 320
314 20 2.3 -616 334
318 20 2.3 -648 340
322 20 2.3 -568 312
326 20 2.3 -500 254
331 20 2.3 -500 290
335 20 2.3 -672 346
339 20 2.3 -636 338
344 20 2.3 -568 310
348 20 2.3 -516 282
352 20 2.3 -620 326
357 20 2.3 -588 314
362 20 2.3 -612 332
366 20 2.3 -572 322
371 20 2.3 -548 294
376 20 2.3 -576 314
381 20 2.3 -648 342
385 20 2.3 -656 340
390 20 2.3 -624 338
395 20 2.3 -672 358
401 20 2.3 -648 356
406 20 2.3 -604 328
411 20 2.3 -572 314
416 20 2.3 -556 288
422 20 2.3 -600 332
427 20 2.3 -668 354
433 20 2.3 -704 370
438 20 2.3 -656 360
444 20 2.3 -632 346
449 20 2.3 -568 290
455 20 2.3 -628 312
461 20 2.3 -504 218
467 20 2.3 -560 230
473 20 2.3 -576 246
479 20 2.3 -548 226
485 20 2.3 -524 190
492 20 2.3 -492 204
498 20 2.3 -532 192
504 20 2.3 -572 230
511 20 2.3 -524 238
517 20 2.3 -560 266
524 20 2.3 -608 322
531 20 2.3 -580 326
538 20 2.3 -636 338
545 20 2.3 -644 344
552 20 2.3 -588 326
559 20 2.3 -544 270
566 20 2.3 -576 270
573 20 2.3 -592 256
581 20 2.3 -588 304
588 20 2.3 -628 340
596 20 2.3 -584 316
603 20 2.3 -552 290
611 20 2.3 -600 312
619 20 2.3 -636 350
627 20 2.3 -588 306
635 20 2.3 -568 248
643 20 2.3 -620 310
652 20 2.3 -652 350
660 20 2.3 -568 286
668 20 2.3 -532 248
677 20 2.3 -576 290
686 20 2.3 -608 322
695 20 2.3 -576 292
704 20 2.3 -536 272
713 20 2.3 -552 272
722 20 2.3 -584 302
731 20 2.3 -672 356
741 20 2.3 -628 338
750 20 2.3 -648 312
760 20 2.3 -644 346
770 20 2.3 -596 294
780 20 2.3 -608 292
790 20 2.3 -596 330
800 20 2.3 -548 310
810 20 2.3 -572 288
821 20 2.3 -628 330
831 20 2.3 -616 318
842 20 2.3 -632 342
853 20 2.3 -572 318
864 20 2.3 -652 342
875 20 2.3 -652 356
886 20 2.3 -648 348
897 20 2.3 -568 242
909 20 2.3 -596 292
921 20 2.3 -528 294
933 20 2.3 -608 322
945 20 2.3 -584 336
957 20 2.3 -596 298
969 20 2.3 -636 340
982 20 2.3 -584 316
994 20 2.3 -516 284
1007 20 2.3 -616 332
1020 20 2.3 -524 282
1033 20 2.3 -604 312
1047 20 2.3 -716 368
1060 20 2.3 -568 308
1074 20 2.3 -644 312
1088 20 2.3 -516 282
1102 20 2.3 -612 326
1116 20 2.3 -608 334
1130 20 2.3 -532 236
1145 20 2.3 -504 182
1160 20 2.3 -552 200
1174 20 2.3 -592 322
1190 20 2.3 -668 352
1205 20 2.3 -684 362
1220 20 2.3 -624 340
1236 20 2.3 -688 356
1252 20 2.3 -532 232
1268 20 2.3 -520 262
1285 20 2.3 -668 356
1301 20 2.3 -548 284
1318 20 2.3 -652 336
1335 20 2.3 -628 338
1352 20 2.3 -572 300
1370 20 2.3 -552 230
1387 20 2.3 -500 236
1405 20 2.3 -524 266
1423 20 2.3 -576 258
1442 20 2.3 -440 126
1460 20 2.3 -504 34
1479 20 2.3 -432 -38
1498 20 2.3 -512 -88
1517 20 2.3 -572 -276
1537 20 2.3 -580 -246
1557 20 2.3 -520 -276
1577 20 2.3 -528 -222
1597 20 2.3 -588 -294
1618 20 2.3 -596 -302
1639 20 2.3 -560 -302
1660 20 2.3 -620 -332
1681 20 2.3 -572 -306
1703 20 2.3 -556 -228
1725 20 2.3 -624 -336
1747 20 2.3 -572 -268
1770 20 2.3 -488 -208
1792 20 2.3 -496 -198
1816 20 2.3 -524 -236
1839 20 2.3 -676 -360
1863 20 2.3 -472 -132
1887 20 2.3 -464 -160
1911 20 2.3 -628 -350
1936 20 2.3 -508 -230
1961 20 2.3 -616 -314
1986 20 2.3 -484 -214
2012 20 2.3 -544 -208
2037 20 2.3 -628 -340
2064 20 2.3 -644 -338
2090 20 2.3 -528 -268
2117 20 2.3 -468 -82
2145 20 2.3 -576 -218
2172 20 2.3 -460 -114
2200 20 2.3 -492 -66
2229 20 2.3 -504 -32
2257 20 2.3 -556 -188
2286 20 2.3 -564 -184
2316 20 2.3 -500 -218
2346 20 2.3 -524 -254
2376 20 2.3 -548 -222
2407 20 2.3 -612 -318
2438 20 2.3 -600 -288
2469 20 2.3 -556 -294
2501 20 2.3 -628 -336
2533 20 2.3 -476 -84
2566 20 2.3 -484 -220
2599 20 2.3 -564 -298
2633 20 2.3 -628 -330
2667 20 2.3 -540 -308
2701 20 2.3 -568 -276
2736 20 2.3 -600 -330
2771 20 2.3 -584 -320
2807 20 2.3 -616 -336
2843 20 2.3 -620 -340
2880 20 2.3 -604 -336
2917 20 2.3 -548 -276
2954 20 2.3 -524 -290
2992 20 2.3 -660 -352
3031 20 2.3 -680 -364
3070 20 2.3 -656 -356
3110 20 2.3 -616 -342
3150 20 2.3 -620 -330
3190 20 2.3 -504 -238
3232 20 2.3 -668 -364
3273 20 2.3 -652 -356
3315 20 2.3 -572 -304
3358 20 2.3 -612 -328
3402 20 2.3 -476 -204
3445 20 2.3 -548 -300
3490 20 2.3 -600 -314
3535 20 2.3 -444 -114
3580 20 2.3 -652 -352
3627 20 2.3 -580 -272
3673 20 2.3 -584 -272
3721 20 2.3 -588 -310
3769 20 2.3 -628 -336
3817 20 2.3 -616 -258
3867 20 2.3 -636 -336
3916 20 2.3 -660 -350
3967 20 2.3 -540 -232
4018 20 2.3 -568 -324
4070 20 2.3 -524 -206
4122 20 2.3 -632 -334
4176 20 2.3 -652 -344
4229 20 2.3 -564 -284
4284 20 2.3 -596 -316
4339 20 2.3 -628 -340
4395 20 2.3 -516 -200
4452 20 2.3 -608 -310
4509 20 2.3 -600 -310
4567 20 2.3 -488 -280
4626 20 2.3 -548 -186
4686 20 2.3 -564 -302
4746 20 2.3 -604 -320
4808 20 2.3 -532 -222
4870 20 2.3 -564 -216
4932 20 2.3 -540 -288
4996 20 2.3 -636 -332
5060 20 2.3 -512 -260
5126 20 2.3 -604 -308
5192 20 2.3 -532 -240
5259 20 2.3 -528 -178
5327 20 2.3 -524 -140
5395 20 2.3 -636 -336
5465 20 2.3 -540 -216
5535 20 2.3 -568 -304
5607 20 2.3 -612 -304
5679 20 2.3 -500 -162
5752 20 2.3 -484 -184
5826 20 2.3 -476 -192
5902 20 2.3 -616 -326
5978 20 2.3 -512 -264
6055 20 2.3 -496 -128
6133 20 2.3 -524 60
6212 20 2.3 -520 -164
6292 20 2.3 -512 -184
6373 20 2.3 -512 22
6455 20 2.3 -504 -226
6539 20 2.3 -612 -332
6623 20 2.3 -616 -310
6708 20 2.3 -528 -212
6795 20 2.3 -504 46
6883 20 2.3 -452 106
6971 20 2.3 -540 30
7061 20 2.3 -544 124
7152 20 2.3 -432 44
7245 20 2.3 -516 198
7338 20 2.3 -628 344
7433 20 2.3 -548 310
7529 20 2.3 -548 298
7626 20 2.3 -528 248
7724 20 2.3 -644 350
7824 20 2.3 -528 168
7925 20 2.3 -576 230
8027 20 2.3 -624 318
8130 20 2.3 -668 364
8235 20 2.3 -664 348
8341 20 2.3 -552 308
8449 20 2.3 -516 242
8558 20 2.3 -628 342
8668 20 2.3 -468 202
8780 20 2.3 -684 362
8893 20 2.3 -540 288
9008 20 2.3 -624 342
9124 20 2.3 -508 268
9242 20 2.3 -576 302
9361 20 2.3 -664 354
9482 20 2.3 -480 214
9604 20 2.3 -444 12
9728 20 2.3 -572 288
9853 20 2.3 -576 300
9980 20 2.3 -552 296
10109 20 2.3 -708 374
10240 20 2.3 -644 332
10372 20 2.3 -556 302
10505 20 2.3 -516 296
10641 20 2.3 -520 226
10778 20 2.3 -580 242
10917 20 2.3 -560 264
11058 20 2.3 -616 286
11201 20 2.3 -460 10
11345 20 2.3 -468 -170
11491 20 2.3 -604 -292
11640 20 2.3 -640 -344
11790 20 2.3 -524 -228
11942 20 2.3 -604 -302
12096 20 2.3 -560 -280
12252 20 2.3 -452 82
12410 20 2.3 -588 -290
12570 20 2.3 -624 -326
12732 20 2.3 -528 -62
12896 20 2.3 -536 0
13062 20 2.3 -508 -6
13231 20 2.3 -512 -252
13402 20 2.3 -568 -298
13574 20 2.3 -564 -302
13750 20 2.3 -644 -314
13927 20 2.3 -560 -300
14106 20 2.3 -564 -302
14288 20 2.3 -600 -298
14473 20 2.3 -584 308
14659 20 2.3 -596 312
14848 20 2.3 -600 300
15040 20 2.3 -520 254
15234 20 2.3 -508 130
15430 20 2.3 -432 22
15629 20 2.3 -720 378
15831 20 2.3 -492 54
16035 20 2.3 -508 2
16242 20 2.3 -596 320
16451 20 2.3 -540 -192
16664 20 2.3 -500 -180
16879 20 2.3 -636 -296
17096 20 2.3 -544 290
17317 20 2.3 -540 278
17540 20 2.3 -588 322
17766 20 2.3 -516 232
17995 20 2.3 -536 -130
18228 20 2.3 -512 -238
18463 20 2.3 -444 -20
18701 20 2.3 -576 -310
18942 20 2.3 -564 -298
19186 20 2.3 -528 -234
19434 20 2.3 -468 -208
19684 20 2.3 -624 -318
19938 20 2.3 -468 130
20195 20 2.3 -512 264
20456 20 2.3 -604 318
20720 20 2.3 -540 280
20987 20 2.3 -584 308
21258 20 2.3 -520 248
21532 20 2.3 -508 270
21810 20 2.3 -624 310
22091 20 2.3 -600 300
22376 20 2.3 -544 -124
22664 20 2.3 -544 -302
22957 20 2.3 -480 -238
23253 20 2.3 -568 -306
23553 20 2.3 -652 -358
23856 20 2.3 -636 -352
24164 20 2.3 -476 -72
24476 20 2.3 -628 -312
24791 20 2.3 -468 -238
25111 20 2.3 -660 -352
25435 20 2.3 -616 -334
25763 20 2.3 -592 -300
26095 20 2.3 -544 -298
26432 20 2.3 -512 -196
26773 20 2.3 -532 -286
27118 20 2.3 -612 -316
27468 20 2.3 -536 4
27822 20 2.3 -576 278
28181 20 2.3 -508 204
28545 20 2.3 -572 316
28913 20 2.3 -548 280
29286 20 2.3 -640 344
29663 20 2.3 -572 290
30046 20 2.3 -512 166
30434 20 2.3 -512 -222
30826 20 2.3 -580 -270
31224 20 2.3 -548 -258
31626 20 2.3 -488 -260
32034 20 2.3 -492 -202
32447 20 2.3 -588 -286
32866 20 2.3 -528 -252
33290 20 2.3 -524 -274
33719 20 2.3 -508 -186
34154 20 2.3 -492 214
34595 20 2.3 -492 180
35041 20 2.3 -480 192
35493 20 2.3 -496 116
35951 20 2.3 -500 110
36414 20 2.3 -624 328
36884 20 2.3 -484 186
37360 20 2.3 -568 310
37841 20 2.3 -600 316
38330 20 2.3 -512 166
38824 20 2.3 -624 -334
39325 20 2.3 -552 -284
39832 20 2.3 -616 -334
40346 20 2.3 -556 -270
40866 20 2.3 -616 -342
41393 20 2.3 -468 -98
41927 20 2.3 -552 280
42468 20 2.3 -708 376
43015 20 2.3 -692 352
43570 20 2.3 -664 356
44132 20 2.3 -568 268
44701 20 2.3 -544 -196
45278 20 2.3 -596 -316
45862 20 2.3 -572 -328
46453 20 2.3 -592 -312
47053 20 2.3 -564 -288
47660 20 2.3 -472 -100
48274 20 2.3 -512 -230
48897 20 2.3 -624 -332
49528 20 2.3 -564 -282
50166 20 2.3 -552 -310
50813 20 2.3 -580 -314
51469 20 2.3 -664 -360
52133 20 2.3 -600 238
52805 20 2.3 -540 114
53486 20 2.3 -488 -114
54176 20 2.3 -444 -146
54875 20 2.3 -440 -48
55582 20 2.3 -520 -214
56299 20 2.3 -636 -334
57025 20 2.3 -600 -238
57761 20 2.3 -488 -154
58506 20 2.3 -616 328
59261 20 2.3 -444 -200
60025 20 2.3 -560 -312
60799 20 2.3 -636 316
61583 20 2.3 -620 320
62378 20 2.3 -612 -312
63182 20 2.3 -548 -274
63997 20 2.3 -480 -184
64822 20 2.3 -536 -206
65658 20 2.3 -564 -294
66505 20 2.3 -512 250
67363 20 2.3 -436 -4
68232 20 2.3 -568 236
69112 20 2.3 -648 -330
70003 20 2.3 -556 -284
70906 20 2.3 -500 -32
71821 20 2.3 -556 284
72747 20 2.3 -528 288
73685 20 2.3 -576 312
74636 20 2.3 -504 184
75599 20 2.3 -584 -306
76574 20 2.3 -648 -334
77561 20 2.3 -504 -174
78562 20 2.3 -516 120
79575 20 2.3 -496 -112
80601 20 2.3 -728 -378
81641 20 2.3 -508 188
82694 20 2.3 -564 120
83760 20 2.3 -624 334
84841 20 2.3 -508 110
85935 20 2.3 -548 282
87043 20 2.3 -448 206
88166 20 2.3 -596 304
89303 20 2.3 -572 310
90455 20 2.3 -552 -262
91622 20 2.3 -616 -324
92803 20 2.3 -564 202
94000 20 2.3 -660 -348
95213 20 2.3 -588 246
96441 20 2.3 -536 286
97685 20 2.3 -548 240
98945 20 2.3 -480 270
100221 20 2.3 -432 -48
101513 20 2.3 -536 260
102823 20 2.3 -532 216
104149 20 2.3 -492 152
105492 20 2.3 -448 86
106853 20 2.3 -676 362
108231 20 2.3 -488 176
109627 20 2.3 -544 200
111041 20 2.3 -604 -306
112473 20 2.3 -548 240
113924 20 2.3 -508 128
115393 20 2.3 -528 284
116882 20 2.3 -600 -300
118389 20 2.3 -608 -340
119916 20 2.3 -476 -36
121463 20 2.3 -628 -340
123029 20 2.3 -512 -254
124616 20 2.3 -564 -280
126224 20 2.3 -564 222
127852 20 2.3 -552 -236
129501 20 2.3 -676 -362
131171 20 2.3 -604 304
132863 20 2.3 -548 282
134576 20 2.3 -652 344
136312 20 2.3 -568 -280
138070 20 2.3 -676 -364
139851 20 2.3 -472 40
141655 20 2.3 -496 222
143482 20 2.3 -576 298
145333 20 2.3 -568 -312
147207 20 2.3 -544 -242
149106 20 2.3 -504 -206
151029 20 2.3 -452 -176
152977 20 2.3 -604 310
154950 20 2.3 -580 306
156948 20 2.3 -588 250
158973 20 2.3 -624 -280
161023 20 2.3 -648 -336
163100 20 2.3 -476 -136
165204 20 2.3 -544 264
167334 20 2.3 -616 316
169493 20 2.3 -628 330
171679 20 2.3 -600 282
173893 20 2.3 -524 102
176136 20 2.3 -580 -280
178408 20 2.3 -572 294
180709 20 2.3 -560 272
183040 20 2.3 -556 -250
185400 20 2.3 -492 156
187792 20 2.3 -620 -316
190214 20 2.3 -500 26
192667 20 2.3 -676 364
195152 20 2.3 -480 160
197669 20 2.3 -460 -240
200219 20 2.3 -664 -354
202801 20 2.3 -556 -292
205417 20 2.3 -460 -148
208066 20 2.3 -672 364
210750 20 2.3 -556 242
213468 20 2.3 -692 362
216222 20 2.3 -448 -150
219010 20 2.3 -604 260
221835 20 2.3 -544 -294
224696 20 2.3 -556 -306
227595 20 2.3 -444 -68
230530 20 2.3 -628 -308
233503 20 2.3 -520 232
236515 20 2.3 -580 -318
239566 20 2.3 -580 -302
242656 20 2.3 -488 -110
245785 20 2.3 -576 -272
248956 20 2.3 -524 -292
252167 20 2.3 -604 -316
255419 20 2.3 -660 344
258713 20 2.3 -524 -208
262050 20 2.3 -608 -284
265430 20 2.3 -568 -286
268854 20 2.3 -536 308
272321 20 2.3 -648 346
275834 20 2.3 -592 -302
279391 20 2.3 -548 248
282995 20 2.3 -592 340
286645 20 2.3 -648 -316
290342 20 2.3 -556 -216
294087 20 2.3 -544 -292
297880 20 2.3 -576 270
301722 20 2.3 -564 212
305614 20 2.3 -548 -244
309556 20 2.3 -480 -108
313548 20 2.3 -620 -334
317592 20 2.3 -464 -136
321689 20 2.3 -544 -266
325838 20 2.3 -540 -198
330040 20 2.3 -568 286
334297 20 2.3 -548 170
338609 20 2.3 -420 -146
342976 20 2.3 -652 -342
347400 20 2.3 -604 314
351881 20 2.3 -544 -260
356419 20 2.3 -528 258
361016 20 2.3 -624 340
365673 20 2.3 -508 -214
370389 20 2.3 -500 192
375167 20 2.3 -504 -280
380005 20 2.3 -540 292
384907 20 2.3 -568 302
389871 20 2.3 -484 -190
394900 20 2.3 -624 -330
399993 20 2.3 -456 -208
405152 20 2.3 -632 -340
410378 20 2.3 -584 260
415671 20 2.3 -584 286
421032 20 2.3 -584 -272
426463 20 2.3 -632 326
431963 20 2.3 -628 -330
437535 20 2.3 -512 -256
443178 20 2.3 -640 356
448894 20 2.3 -560 -260
454684 20 2.3 -516 266
460548 20 2.3 -568 -310
466489 20 2.3 -580 -320
472505 20 2.3 -520 262
478600 20 2.3 -532 242
484773 20 2.3 -528 -248
491025 20 2.3 -568 208
497358 20 2.3 -588 330
503773 20 2.3 -644 -332
510271 20 2.3 -600 -282
516852 20 2.3 -608 320
523519 20 2.3 -520 200
530271 20 2.3 -528 -272
537111 20 2.3 -564 294
544038 20 2.3 -604 -298
551055 20 2.3 -492 262
558163 20 2.3 -560 316
565362 20 2.3 -660 -340
572654 20 2.3 -588 314
580040 20 2.3 -528 254
587521 20 2.3 -560 -276
595099 20 2.3 -576 -320
602775 20 2.3 -468 -192
610549 20 2.3 -656 344
618424 20 2.3 -544 -170
626400 20 2.3 -580 322
634480 20 2.3 -556 304
642663 20 2.3 -636 -346
650952 20 2.3 -528 252
659348 20 2.3 -548 284
667853 20 2.3 -540 -294
676467 20 2.3 -464 56
685192 20 2.3 -688 -360
694029 20 2.3 -520 -106
702981 20 2.3 -548 -262
712048 20 2.3 -548 288
721232 20 2.3 -604 -312
730534 20 2.3 -608 -312
739957 20 2.3 -616 326
749500 20 2.3 -524 226
759168 20 2.3 -520 -200
768959 20 2.3 -612 288
778877 20 2.3 -628 328
788923 20 2.3 -624 -332
799099 20 2.3 -512 -144
809405 20 2.3 -608 282
819845 20 2.3 -584 278
830419 20 2.3 -436 -180
841130 20 2.3 -468 196
851979 20 2.3 -496 -192
862968 20 2.3 -532 286
874098 20 2.3 -484 -92
885373 20 2.3 -460 -218
896792 20 2.3 -624 310
908359 20 2.3 -548 220
920075 20 2.3 -568 294
931942 20 2.3 -592 286
943962 20 2.3 -536 -284
956137 20 2.3 -580 -300
968470 20 2.3 -596 -322
980961 20 2.3 -672 354
993613 20 2.3 -600 330
999999 20 2.3 -580 314
