3 140 2.3 -18108 266
4 140 2.3 -19380 250
5 140 2.3 -20284 162
6 140 2.3 -20732 122
7 140 2.3 -21064 -86
8 140 2.3 -21684 -168
9 140 2.3 -21876 68
10 140 2.3 -22168 308
11 140 2.3 -22664 628
12 140 2.3 -22672 454
13 140 2.3 -23036 582
14 140 2.3 -23136 404
15 140 2.3 -23524 324
16 140 2.3 -23764 490
17 140 2.3 -23488 400
18 140 2.3 -23952 494
19 140 2.3 -24200 456
20 140 2.3 -23984 390
21 140 2.3 -23676 640
22 140 2.3 -23348 294
23 140 2.3 -23808 168
24 140 2.3 -23820 312
25 140 2.3 -23932 186
26 140 2.3 -24120 72
27 140 2.3 -24344 124
28 140 2.3 -24588 -30
29 140 2.3 -24576 66
30 140 2.3 -24492 74
31 140 2.3 -24544 574
32 140 2.3 -24660 548
33 140 2.3 -24648 248
34 140 2.3 -24492 158
35 140 2.3 -24748 2
36 140 2.3 -24200 -190
37 140 2.3 -24648 -344
38 140 2.3 -24768 -420
39 140 2.3 -24688 -474
40 140 2.3 -24824 -534
41 140 2.3 -24740 -542
42 140 2.3 -24872 -566
43 140 2.3 -24900 -426
44 140 2.3 -24744 -354
45 140 2.3 -24876 -228
46 140 2.3 -24840 -500
47 140 2.3 -24740 -470
48 140 2.3 -24992 -622
49 140 2.3 -24924 -500
50 140 2.3 -24692 -480
51 140 2.3 -24552 -564
52 140 2.3 -24608 -640
53 140 2.3 -24816 -720
54 140 2.3 -24972 -746
55 140 2.3 -24992 -830
56 140 2.3 -24908 -898
57 140 2.3 -24844 -884
58 140 2.3 -24912 -1104
59 140 2.3 -24992 -1144
60 140 2.3 -24964 -1044
61 140 2.3 -24968 -1104
62 140 2.3 -25320 -874
63 140 2.3 -25460 -926
64 140 2.3 -25064 -814
65 140 2.3 -24812 -958
66 140 2.3 -24664 -972
67 140 2.3 -24800 -828
68 140 2.3 -24940 -856
69 140 2.3 -24848 -632
70 140 2.3 -24892 -486
71 140 2.3 -24568 -438
72 140 2.3 -24600 -212
73 140 2.3 -24604 -112
74 140 2.3 -24884 -138
75 140 2.3 -24812 -360
76 140 2.3 -24908 -524
77 140 2.3 -25072 -488
78 140 2.3 -25224 -652
79 140 2.3 -24992 -784
80 140 2.3 -24956 -668
81 140 2.3 -24964 -604
82 140 2.3 -24992 -670
83 140 2.3 -25100 -818
84 140 2.3 -25344 -642
85 140 2.3 -24944 -446
86 140 2.3 -25252 -160
88 140 2.3 -25260 -244
89 140 2.3 -24996 -98
90 140 2.3 -24864 32
91 140 2.3 -24912 18
92 140 2.3 -25172 6
93 140 2.3 -25088 18
95 140 2.3 -25084 86
96 140 2.3 -25152 32
97 140 2.3 -25332 76
98 140 2.3 -25456 118
99 140 2.3 -25408 26
101 140 2.3 -25352 -362
102 140 2.3 -25352 -274
103 140 2.3 -25324 -246
105 140 2.3 -25172 -404
106 140 2.3 -25192 -390
107 140 2.3 -25112 -422
109 140 2.3 -25236 -456
110 140 2.3 -25328 -602
112 140 2.3 -25868 -1034
113 140 2.3 -25744 -1006
114 140 2.3 -25828 -1006
116 140 2.3 -25672 -926
117 140 2.3 -25508 -1022
119 140 2.3 -25724 -922
120 140 2.3 -25636 -1014
122 140 2.3 -25752 -1276
124 140 2.3 -25888 -1434
125 140 2.3 -25768 -1582
127 140 2.3 -25600 -1478
128 140 2.3 -25764 -1442
130 140 2.3 -25756 -1386
132 140 2.3 -25432 -1364
133 140 2.3 -25324 -1524
135 140 2.3 -25384 -1596
137 140 2.3 -25240 -1562
139 140 2.3 -25320 -1478
140 140 2.3 -25108 -1748
142 140 2.3 -25340 -1734
144 140 2.3 -25524 -1888
146 140 2.3 -25636 -2068
148 140 2.3 -25628 -2016
150 140 2.3 -25852 -2290
152 140 2.3 -25532 -2430
154 140 2.3 -25312 -2114
155 140 2.3 -25368 -2064
157 140 2.3 -25760 -1992
160 140 2.3 -25804 -2110
162 140 2.3 -25376 -2120
164 140 2.3 -25604 -2026
166 140 2.3 -25616 -2008
168 140 2.3 -25828 -1886
170 140 2.3 -25796 -2240
172 140 2.3 -25876 -2160
174 140 2.3 -25552 -2338
177 140 2.3 -25312 -2588
179 140 2.3 -25344 -2666
181 140 2.3 -25132 -2504
184 140 2.3 -25432 -2742
186 140 2.3 -25268 -2370
188 140 2.3 -25400 -2076
191 140 2.3 -24944 -1762
193 140 2.3 -25128 -1716
196 140 2.3 -24816 -1234
198 140 2.3 -25404 -1118
201 140 2.3 -25252 -840
203 140 2.3 -24776 -1018
206 140 2.3 -25180 -1250
209 140 2.3 -25400 -1540
211 140 2.3 -25668 -1466
214 140 2.3 -25084 -1254
217 140 2.3 -25236 -1256
220 140 2.3 -25520 -1076
222 140 2.3 -25600 -808
225 140 2.3 -25336 -664
228 140 2.3 -25512 -658
231 140 2.3 -25612 -770
234 140 2.3 -25820 -996
237 140 2.3 -26004 -1176
240 140 2.3 -25940 -1136
243 140 2.3 -26088 -1212
246 140 2.3 -25848 -1168
250 140 2.3 -25776 -1384
253 140 2.3 -25548 -1528
256 140 2.3 -25852 -1442
259 140 2.3 -26384 -1156
263 140 2.3 -25916 -1290
266 140 2.3 -26112 -1374
269 140 2.3 -25820 -1144
273 140 2.3 -25804 -1334
276 140 2.3 -26136 -1238
280 140 2.3 -25900 -1256
284 140 2.3 -25692 -1306
287 140 2.3 -25500 -1226
291 140 2.3 -25772 -1254
295 140 2.3 -26704 -1102
298 140 2.3 -26352 -996
302 140 2.3 -26024 -662
306 140 2.3 -26152 -298
310 140 2.3 -26436 -1234
314 140 2.3 -26020 -1152
318 140 2.3 -26060 -900
322 140 2.3 -25940 -1174
326 140 2.3 -26136 -1318
331 140 2.3 -26428 -1468
335 140 2.3 -26024 -1302
339 140 2.3 -26096 -1342
344 140 2.3 -25596 -1440
348 140 2.3 -25124 -2322
352 140 2.3 -25644 -1884
357 140 2.3 -25328 -2470
362 140 2.3 -26164 -2446
366 140 2.3 -25864 -2414
371 140 2.3 -26132 -2822
376 140 2.3 -25856 -2680
381 140 2.3 -26208 -2476
385 140 2.3 -26252 -2700
390 140 2.3 -26196 -3004
395 140 2.3 -26340 -2982
401 140 2.3 -26000 -2616
406 140 2.3 -25748 -2880
411 140 2.3 -26320 -2898
416 140 2.3 -26220 -2666
422 140 2.3 -25956 -2504
427 140 2.3 -26008 -2540
433 140 2.3 -25924 -2654
438 140 2.3 -25852 -2212
444 140 2.3 -26076 -2350
449 140 2.3 -25868 -1878
455 140 2.3 -26484 -1686
461 140 2.3 -26396 -1808
467 140 2.3 -25976 -1666
473 140 2.3 -25976 -1186
479 140 2.3 -26184 -666
485 140 2.3 -26052 -504
492 140 2.3 -25964 -570
498 140 2.3 -26024 -270
504 140 2.3 -25596 458
511 140 2.3 -25908 422
517 140 2.3 -26628 522
524 140 2.3 -26076 558
531 140 2.3 -26156 744
538 140 2.3 -26128 870
545 140 2.3 -26384 522
552 140 2.3 -26300 878
559 140 2.3 -26052 938
566 140 2.3 -26076 1452
573 140 2.3 -25952 1768
581 140 2.3 -25940 1574
588 140 2.3 -26340 1482
596 140 2.3 -25704 1428
603 140 2.3 -25564 1742
611 140 2.3 -26140 1584
619 140 2.3 -26152 1452
627 140 2.3 -25416 2068
635 140 2.3 -25756 2162
643 140 2.3 -25572 2408
652 140 2.3 -25996 2162
660 140 2.3 -26224 2024
668 140 2.3 -26376 1990
677 140 2.3 -26080 2892
686 140 2.3 -26360 2706
695 140 2.3 -25696 3114
704 140 2.3 -26912 3138
713 140 2.3 -26272 3266
722 140 2.3 -25732 3346
731 140 2.3 -25888 3212
741 140 2.3 -26068 2994
750 140 2.3 -26072 3088
760 140 2.3 -26092 3430
770 140 2.3 -25896 3242
780 140 2.3 -26252 3086
790 140 2.3 -25824 3722
800 140 2.3 -26364 3598
810 140 2.3 -25884 3550
821 140 2.3 -25564 3074
831 140 2.3 -26236 3272
842 140 2.3 -26204 4088
853 140 2.3 -26816 3804
864 140 2.3 -26328 4164
875 140 2.3 -26784 3552
886 140 2.3 -26476 3756
897 140 2.3 -26796 3338
909 140 2.3 -26416 3476
921 140 2.3 -26176 3906
933 140 2.3 -26148 3704
945 140 2.3 -26204 3260
957 140 2.3 -26136 2804
969 140 2.3 -26164 2356
982 140 2.3 -26436 2238
994 140 2.3 -26240 2926
1007 140 2.3 -26096 3138
1020 140 2.3 -25848 3128
1033 140 2.3 -25936 4010
1047 140 2.3 -26032 4318
1060 140 2.3 -25664 4474
1074 140 2.3 -26948 4474
1088 140 2.3 -26248 4220
1102 140 2.3 -25896 3822
1116 140 2.3 -26076 4324
1130 140 2.3 -26432 4588
1145 140 2.3 -26964 4242
1160 140 2.3 -26488 3712
1174 140 2.3 -25964 3640
1190 140 2.3 -26116 3670
1205 140 2.3 -26176 3326
1220 140 2.3 -26420 3764
1236 140 2.3 -26284 3798
1252 140 2.3 -26228 3982
1268 140 2.3 -25996 3848
1285 140 2.3 -26140 3762
1301 140 2.3 -26328 3566
1318 140 2.3 -25500 3848
1335 140 2.3 -26300 4538
1352 140 2.3 -26824 4234
1370 140 2.3 -25880 3844
1387 140 2.3 -25956 3438
1405 140 2.3 -26296 3248
1423 140 2.3 -26248 4260
1442 140 2.3 -26668 4914
1460 140 2.3 -26748 3946
1479 140 2.3 -25872 4112
1498 140 2.3 -26192 4558
1517 140 2.3 -25848 4736
1537 140 2.3 -25860 3920
1557 140 2.3 -25828 3270
1577 140 2.3 -26400 2872
1597 140 2.3 -25620 2342
1618 140 2.3 -25944 2180
1639 140 2.3 -26232 2502
1660 140 2.3 -25828 2636
1681 140 2.3 -25860 3270
1703 140 2.3 -26632 4382
1725 140 2.3 -26284 4826
1747 140 2.3 -26288 4382
1770 140 2.3 -26084 4246
1792 140 2.3 -25380 4492
1816 140 2.3 -25772 4662
1839 140 2.3 -26036 4734
1863 140 2.3 -26328 5214
1887 140 2.3 -25160 5090
1911 140 2.3 -26004 4808
1936 140 2.3 -25548 4154
1961 140 2.3 -26236 4368
1986 140 2.3 -26128 3814
2012 140 2.3 -26172 4080
2037 140 2.3 -25440 4244
2064 140 2.3 -25712 4086
2090 140 2.3 -26080 3694
2117 140 2.3 -25692 3162
2145 140 2.3 -26740 3790
2172 140 2.3 -25848 3450
2200 140 2.3 -25512 3248
2229 140 2.3 -25936 4288
2257 140 2.3 -25528 4114
2286 140 2.3 -26304 3300
2316 140 2.3 -25748 2604
2346 140 2.3 -26220 3854
2376 140 2.3 -25780 3822
2407 140 2.3 -25764 3722
2438 140 2.3 -25760 3938
2469 140 2.3 -26276 4306
2501 140 2.3 -26520 4692
2533 140 2.3 -26416 4086
2566 140 2.3 -26400 5746
2599 140 2.3 -26964 5302
2633 140 2.3 -26888 5116
2667 140 2.3 -26580 5474
2701 140 2.3 -26704 5362
2736 140 2.3 -25988 4680
2771 140 2.3 -26360 4368
2807 140 2.3 -26816 3822
2843 140 2.3 -26500 4250
2880 140 2.3 -26356 3722
2917 140 2.3 -26092 4498
2954 140 2.3 -26804 5134
2992 140 2.3 -26976 4862
3031 140 2.3 -26708 4436
3070 140 2.3 -27128 4778
3110 140 2.3 -26348 5256
3150 140 2.3 -26224 5522
3190 140 2.3 -26756 5702
3232 140 2.3 -26200 6032
3273 140 2.3 -26500 5330
3315 140 2.3 -26588 3846
3358 140 2.3 -26024 4846
3402 140 2.3 -26864 5456
3445 140 2.3 -26024 5800
3490 140 2.3 -26560 6274
3535 140 2.3 -26816 7300
3580 140 2.3 -26996 7470
3627 140 2.3 -26268 7196
3673 140 2.3 -26720 7698
3721 140 2.3 -26148 7272
3769 140 2.3 -26476 8414
3817 140 2.3 -26880 8214
3867 140 2.3 -26988 8490
3916 140 2.3 -27008 8026
3967 140 2.3 -26988 8370
4018 140 2.3 -26396 8496
4070 140 2.3 -26236 9096
4122 140 2.3 -26712 9736
4176 140 2.3 -26128 8076
4229 140 2.3 -25744 7358
4284 140 2.3 -26384 7130
4339 140 2.3 -26580 8932
4395 140 2.3 -26316 8094
4452 140 2.3 -26116 8472
4509 140 2.3 -27044 9998
4567 140 2.3 -28036 10274
4626 140 2.3 -27032 9254
4686 140 2.3 -26764 10488
4746 140 2.3 -26804 10020
4808 140 2.3 -26768 9950
4870 140 2.3 -27392 8942
4932 140 2.3 -26392 9728
4996 140 2.3 -26600 9302
5060 140 2.3 -26448 9368
5126 140 2.3 -26024 7444
5192 140 2.3 -26372 5484
5259 140 2.3 -25648 5938
5327 140 2.3 -25392 4666
5395 140 2.3 -25848 5302
5465 140 2.3 -26132 3972
5535 140 2.3 -26312 3904
5607 140 2.3 -26436 3306
5679 140 2.3 -26460 2268
5752 140 2.3 -26000 2832
5826 140 2.3 -26580 2920
5902 140 2.3 -27052 4000
5978 140 2.3 -26376 1910
6055 140 2.3 -26416 814
6133 140 2.3 -26932 -1504
6212 140 2.3 -27268 -652
6292 140 2.3 -26248 -790
6373 140 2.3 -26028 -1544
6455 140 2.3 -27020 -530
6539 140 2.3 -25808 2154
6623 140 2.3 -27336 1664
6708 140 2.3 -25920 1450
6795 140 2.3 -26276 566
6883 140 2.3 -25640 180
6971 140 2.3 -26016 570
7061 140 2.3 -26324 1202
7152 140 2.3 -26160 2068
7245 140 2.3 -26372 2778
7338 140 2.3 -25936 1996
7433 140 2.3 -25932 2250
7529 140 2.3 -25980 3328
7626 140 2.3 -26260 3248
7724 140 2.3 -26224 2332
7824 140 2.3 -26044 3856
7925 140 2.3 -25328 5486
8027 140 2.3 -26928 7258
8130 140 2.3 -26376 5976
8235 140 2.3 -26068 6486
8341 140 2.3 -26680 7524
8449 140 2.3 -26788 8792
8558 140 2.3 -26292 8438
8668 140 2.3 -26184 5944
8780 140 2.3 -26072 4952
8893 140 2.3 -25932 5346
9008 140 2.3 -26048 4228
9124 140 2.3 -26104 4918
9242 140 2.3 -26376 3730
9361 140 2.3 -26528 5948
9482 140 2.3 -26364 5898
9604 140 2.3 -26524 7412
9728 140 2.3 -25848 7140
9853 140 2.3 -26352 10044
9980 140 2.3 -26984 9900
10109 140 2.3 -25904 8660
10240 140 2.3 -26968 9010
10372 140 2.3 -26984 8526
10505 140 2.3 -26644 6542
10641 140 2.3 -26412 7290
10778 140 2.3 -26532 8214
10917 140 2.3 -25836 7074
11058 140 2.3 -26608 6270
11201 140 2.3 -26048 6688
11345 140 2.3 -27132 7970
11491 140 2.3 -26764 7160
11640 140 2.3 -26012 5668
11790 140 2.3 -26620 6112
11942 140 2.3 -26156 5764
12096 140 2.3 -26228 4128
12252 140 2.3 -26256 4670
12410 140 2.3 -26528 6148
12570 140 2.3 -26556 5540
12732 140 2.3 -26464 5414
12896 140 2.3 -25804 6434
13062 140 2.3 -26144 7166
13231 140 2.3 -26712 6826
13402 140 2.3 -27104 6540
13574 140 2.3 -26992 4942
13750 140 2.3 -26696 7110
13927 140 2.3 -26296 6796
14106 140 2.3 -26312 5660
14288 140 2.3 -27052 7664
14473 140 2.3 -27096 7232
14659 140 2.3 -26760 8746
14848 140 2.3 -26796 8350
15040 140 2.3 -27316 10316
15234 140 2.3 -26492 9394
15430 140 2.3 -26288 9408
15629 140 2.3 -26108 5798
15831 140 2.3 -27172 8166
16035 140 2.3 -26564 9310
16242 140 2.3 -26468 8374
16451 140 2.3 -27000 10568
16664 140 2.3 -27092 10202
16879 140 2.3 -26308 8878
17096 140 2.3 -25940 9364
17317 140 2.3 -26388 6946
17540 140 2.3 -26120 7202
17766 140 2.3 -26972 7822
17995 140 2.3 -26172 7902
18228 140 2.3 -26116 4490
18463 140 2.3 -26152 7388
18701 140 2.3 -26780 7128
18942 140 2.3 -25976 6202
19186 140 2.3 -25972 2706
19434 140 2.3 -26756 -1320
19684 140 2.3 -26204 -3138
19938 140 2.3 -26688 -1992
20195 140 2.3 -25924 -978
20456 140 2.3 -26048 -4184
20720 140 2.3 -25960 -5678
20987 140 2.3 -26496 -6020
21258 140 2.3 -26616 -7600
21532 140 2.3 -26336 -5688
21810 140 2.3 -26448 -4548
22091 140 2.3 -26080 -5584
22376 140 2.3 -25968 -5122
22664 140 2.3 -25976 -5062
22957 140 2.3 -25992 -5928
23253 140 2.3 -26084 -7548
23553 140 2.3 -27084 -7790
23856 140 2.3 -26368 -6074
24164 140 2.3 -25980 -6016
24476 140 2.3 -26368 -1498
24791 140 2.3 -25344 1940
25111 140 2.3 -25804 372
25435 140 2.3 -26236 -1156
25763 140 2.3 -25908 248
26095 140 2.3 -25616 -1670
26432 140 2.3 -25728 -440
26773 140 2.3 -25600 -120
27118 140 2.3 -26476 1632
27468 140 2.3 -26556 3522
27822 140 2.3 -26748 4160
28181 140 2.3 -26464 4368
28545 140 2.3 -26352 2342
28913 140 2.3 -25836 428
29286 140 2.3 -26160 5408
29663 140 2.3 -25592 3896
30046 140 2.3 -26280 3798
30434 140 2.3 -26348 1630
30826 140 2.3 -25732 3646
31224 140 2.3 -26172 6708
31626 140 2.3 -25264 7080
32034 140 2.3 -25996 5236
32447 140 2.3 -26980 4442
32866 140 2.3 -26152 4210
33290 140 2.3 -26916 2236
33719 140 2.3 -26704 -180
34154 140 2.3 -26660 1080
34595 140 2.3 -25916 2332
35041 140 2.3 -26224 -134
35493 140 2.3 -25384 -3790
35951 140 2.3 -26392 -5928
36414 140 2.3 -26648 -5420
36884 140 2.3 -26632 -5828
37360 140 2.3 -26880 -8794
37841 140 2.3 -25700 -7350
38330 140 2.3 -26460 -9766
38824 140 2.3 -26940 -10324
39325 140 2.3 -27020 -9300
39832 140 2.3 -26668 -6298
40346 140 2.3 -26740 -9192
40866 140 2.3 -26824 -10612
41393 140 2.3 -26416 -9700
41927 140 2.3 -26304 -7400
42468 140 2.3 -26476 -5972
43015 140 2.3 -25896 -3992
43570 140 2.3 -26652 -7458
44132 140 2.3 -26708 -7568
44701 140 2.3 -26628 -9316
45278 140 2.3 -26904 -7400
45862 140 2.3 -26520 -7216
46453 140 2.3 -26896 -4570
47053 140 2.3 -26580 -7786
47660 140 2.3 -26444 -8306
48274 140 2.3 -26032 -8756
48897 140 2.3 -26824 -3764
49528 140 2.3 -26368 -3990
50166 140 2.3 -25952 -5128
50813 140 2.3 -26220 -5606
51469 140 2.3 -26060 -5146
52133 140 2.3 -25340 -4658
52805 140 2.3 -26288 -4650
53486 140 2.3 -25984 -5952
54176 140 2.3 -27068 -5720
54875 140 2.3 -26656 -8518
55582 140 2.3 -26816 -7458
56299 140 2.3 -26192 -7986
57025 140 2.3 -26768 -9716
57761 140 2.3 -27144 -7962
58506 140 2.3 -26444 -9210
59261 140 2.3 -26188 -7408
60025 140 2.3 -26452 -6476
60799 140 2.3 -26284 -6634
61583 140 2.3 -26500 -3590
62378 140 2.3 -26584 -3004
63182 140 2.3 -26668 -1678
63997 140 2.3 -26012 -4498
64822 140 2.3 -26408 -7644
65658 140 2.3 -26780 -7190
66505 140 2.3 -26016 -8092
67363 140 2.3 -25464 -2726
68232 140 2.3 -26268 4080
69112 140 2.3 -26128 5350
70003 140 2.3 -27120 8812
70906 140 2.3 -27056 7440
71821 140 2.3 -26112 576
72747 140 2.3 -26460 1906
73685 140 2.3 -25428 3606
74636 140 2.3 -26676 -840
75599 140 2.3 -26488 3778
76574 140 2.3 -26188 68
77561 140 2.3 -25412 -3876
78562 140 2.3 -26452 -78
79575 140 2.3 -26756 -1970
80601 140 2.3 -25756 250
81641 140 2.3 -26972 1420
82694 140 2.3 -26064 -1142
83760 140 2.3 -25592 1584
84841 140 2.3 -26388 6484
85935 140 2.3 -26524 3548
87043 140 2.3 -25832 -2318
88166 140 2.3 -26532 938
89303 140 2.3 -26664 482
90455 140 2.3 -26892 -4024
91622 140 2.3 -27008 -10406
92803 140 2.3 -27000 -7768
94000 140 2.3 -27448 -7202
95213 140 2.3 -25908 -3246
96441 140 2.3 -26416 -9418
97685 140 2.3 -27024 -8062
98945 140 2.3 -26508 -9848
100221 140 2.3 -26308 -4854
101513 140 2.3 -26736 -7790
102823 140 2.3 -26352 -6284
104149 140 2.3 -27036 -9150
105492 140 2.3 -27192 -11898
106853 140 2.3 -26412 -9522
108231 140 2.3 -25976 -9120
109627 140 2.3 -26720 -10252
111041 140 2.3 -26196 -8020
112473 140 2.3 -26592 -7716
113924 140 2.3 -27088 -10778
115393 140 2.3 -26540 -6208
116882 140 2.3 -26164 1020
118389 140 2.3 -26336 -2620
119916 140 2.3 -26036 -526
121463 140 2.3 -25904 -1516
123029 140 2.3 -26128 1430
124616 140 2.3 -25884 -2324
126224 140 2.3 -25960 1470
127852 140 2.3 -26368 4264
129501 140 2.3 -26236 6250
131171 140 2.3 -26384 6446
132863 140 2.3 -26340 7424
134576 140 2.3 -26192 3844
136312 140 2.3 -25664 -1868
138070 140 2.3 -26212 2098
139851 140 2.3 -26716 786
141655 140 2.3 -27324 -4374
143482 140 2.3 -26144 -8290
145333 140 2.3 -27272 -11284
147207 140 2.3 -26412 -5378
149106 140 2.3 -26956 -4704
151029 140 2.3 -25980 -1462
152977 140 2.3 -26156 -5052
154950 140 2.3 -26500 -1846
156948 140 2.3 -26092 1998
158973 140 2.3 -26848 4074
161023 140 2.3 -26612 6330
163100 140 2.3 -26040 2132
165204 140 2.3 -26516 -2266
167334 140 2.3 -25980 -1796
169493 140 2.3 -26484 1164
171679 140 2.3 -25732 -586
173893 140 2.3 -25356 2398
176136 140 2.3 -26500 4978
178408 140 2.3 -26304 -3968
180709 140 2.3 -26228 -8104
183040 140 2.3 -25836 -5204
185400 140 2.3 -26508 6640
187792 140 2.3 -26480 -5120
190214 140 2.3 -26276 -3618
192667 140 2.3 -26372 -5656
195152 140 2.3 -25788 -3780
197669 140 2.3 -26172 -6062
200219 140 2.3 -26212 -6094
202801 140 2.3 -26456 -7696
205417 140 2.3 -25620 -5170
208066 140 2.3 -25844 -3174
210750 140 2.3 -27036 -11298
213468 140 2.3 -26284 -7832
216222 140 2.3 -26336 1238
219010 140 2.3 -26556 5352
221835 140 2.3 -25828 3178
224696 140 2.3 -26516 5726
227595 140 2.3 -25808 1838
230530 140 2.3 -26828 -2272
233503 140 2.3 -25788 -6652
236515 140 2.3 -25380 -2876
239566 140 2.3 -26152 4676
242656 140 2.3 -27228 8946
245785 140 2.3 -26096 3756
248956 140 2.3 -26440 4004
252167 140 2.3 -27392 9356
255419 140 2.3 -26112 6092
258713 140 2.3 -26652 10228
262050 140 2.3 -26152 7146
265430 140 2.3 -26252 112
268854 140 2.3 -26276 -1444
272321 140 2.3 -25992 -4290
275834 140 2.3 -26048 -2784
279391 140 2.3 -26424 -7768
282995 140 2.3 -26304 2724
286645 140 2.3 -26340 6020
290342 140 2.3 -26400 7556
294087 140 2.3 -26280 3378
297880 140 2.3 -26508 358
301722 140 2.3 -25852 2006
305614 140 2.3 -26744 -2246
309556 140 2.3 -25772 -672
313548 140 2.3 -25952 -5526
317592 140 2.3 -26352 -3448
321689 140 2.3 -26172 1476
325838 140 2.3 -26892 7872
330040 140 2.3 -26736 5660
334297 140 2.3 -26456 8484
338609 140 2.3 -26076 9594
342976 140 2.3 -26264 5142
347400 140 2.3 -26184 4330
351881 140 2.3 -26068 -1410
356419 140 2.3 -26524 -5548
361016 140 2.3 -26108 2770
365673 140 2.3 -26436 -7496
370389 140 2.3 -26492 -3026
375167 140 2.3 -26652 4654
380005 140 2.3 -26016 1958
384907 140 2.3 -25916 4896
389871 140 2.3 -26380 3446
394900 140 2.3 -27128 12270
399993 140 2.3 -25944 1224
405152 140 2.3 -26100 1034
410378 140 2.3 -26040 1404
415671 140 2.3 -26236 -3790
421032 140 2.3 -25736 -4594
426463 140 2.3 -26704 -6854
431963 140 2.3 -26200 5200
437535 140 2.3 -26060 9092
443178 140 2.3 -26280 6358
448894 140 2.3 -26704 2488
454684 140 2.3 -25768 954
460548 140 2.3 -26736 4844
466489 140 2.3 -26164 -2528
472505 140 2.3 -26472 -118
478600 140 2.3 -26596 4736
484773 140 2.3 -27300 10224
491025 140 2.3 -25468 -2148
497358 140 2.3 -26616 3038
503773 140 2.3 -27136 2524
510271 140 2.3 -25556 -1360
516852 140 2.3 -26120 -3188
523519 140 2.3 -26168 6268
530271 140 2.3 -25516 -364
537111 140 2.3 -26588 -6232
544038 140 2.3 -26340 2040
551055 140 2.3 -26908 3152
558163 140 2.3 -26752 6564
565362 140 2.3 -26100 -7156
572654 140 2.3 -26120 4900
580040 140 2.3 -26280 -5258
587521 140 2.3 -26120 3242
595099 140 2.3 -26720 7600
602775 140 2.3 -26236 912
610549 140 2.3 -25912 -2214
618424 140 2.3 -26760 -2796
626400 140 2.3 -26052 598
634480 140 2.3 -25808 -1482
642663 140 2.3 -27340 -12132
650952 140 2.3 -26028 218
659348 140 2.3 -25820 -1630
667853 140 2.3 -26868 8008
676467 140 2.3 -26740 9250
685192 140 2.3 -25732 1246
694029 140 2.3 -26832 6098
702981 140 2.3 -26432 8458
712048 140 2.3 -25924 4892
721232 140 2.3 -26236 -6698
730534 140 2.3 -26572 1212
739957 140 2.3 -26400 -2648
749500 140 2.3 -26380 -7820
759168 140 2.3 -26308 4096
768959 140 2.3 -26976 8974
778877 140 2.3 -25580 3752
788923 140 2.3 -26220 1542
799099 140 2.3 -26420 -6220
809405 140 2.3 -26284 -858
819845 140 2.3 -26612 1004
830419 140 2.3 -25908 74
841130 140 2.3 -25796 112
851979 140 2.3 -26512 -2348
862968 140 2.3 -27344 -10300
874098 140 2.3 -25696 -3532
885373 140 2.3 -26832 -3868
896792 140 2.3 -26940 -8016
908359 140 2.3 -26372 4102
920075 140 2.3 -25696 2236
931942 140 2.3 -25576 3954
943962 140 2.3 -26348 -2374
956137 140 2.3 -26196 -6842
968470 140 2.3 -25904 -3282
980961 140 2.3 -26408 -4572
993613 140 2.3 -26000 1660
999999 140 2.3 -26720 5924
