3 20 2 -400 120
4 20 2 -404 106
5 20 2 -456 136
6 20 2 -528 172
7 20 2 -548 176
8 20 2 -564 188
9 20 2 -588 208
10 20 2 -624 212
11 20 2 -624 202
12 20 2 -612 212
13 20 2 -584 202
14 20 2 -584 188
15 20 2 -588 210
16 20 2 -572 206
17 20 2 -536 172
18 20 2 -552 180
19 20 2 -508 178
20 20 2 -548 196
21 20 2 -548 176
22 20 2 -560 214
23 20 2 -548 216
24 20 2 -560 228
25 20 2 -584 230
26 20 2 -596 236
27 20 2 -628 264
28 20 2 -672 262
29 20 2 -640 266
30 20 2 -628 276
31 20 2 -616 274
32 20 2 -660 280
33 20 2 -640 292
34 20 2 -656 300
35 20 2 -600 270
36 20 2 -592 258
37 20 2 -572 260
38 20 2 -576 228
39 20 2 -544 238
40 20 2 -532 264
41 20 2 -544 278
42 20 2 -548 274
43 20 2 -572 274
44 20 2 -596 266
45 20 2 -588 266
46 20 2 -636 284
47 20 2 -604 276
48 20 2 -572 258
49 20 2 -548 272
50 20 2 -580 276
51 20 2 -584 280
52 20 2 -604 282
53 20 2 -600 288
54 20 2 -576 276
55 20 2 -592 278
56 20 2 -644 302
57 20 2 -644 294
58 20 2 -660 308
59 20 2 -656 318
60 20 2 -636 310
61 20 2 -648 296
62 20 2 -604 282
63 20 2 -620 294
64 20 2 -616 286
65 20 2 -640 296
66 20 2 -640 310
67 20 2 -632 308
68 20 2 -680 332
69 20 2 -680 338
70 20 2 -692 358
71 20 2 -708 358
72 20 2 -708 354
73 20 2 -668 322
74 20 2 -652 306
75 20 2 -672 332
76 20 2 -664 328
77 20 2 -676 334
78 20 2 -636 318
79 20 2 -624 312
80 20 2 -684 332
81 20 2 -708 344
82 20 2 -700 342
83 20 2 -712 336
84 20 2 -656 308
85 20 2 -664 328
86 20 2 -664 324
88 20 2 -676 328
89 20 2 -684 336
90 20 2 -680 346
91 20 2 -700 370
92 20 2 -708 364
93 20 2 -704 372
95 20 2 -668 360
96 20 2 -676 358
97 20 2 -668 356
98 20 2 -692 358
99 20 2 -700 366
101 20 2 -732 376
102 20 2 -696 368
103 20 2 -688 366
105 20 2 -704 368
106 20 2 -700 366
107 20 2 -736 380
109 20 2 -704 370
110 20 2 -736 380
112 20 2 -736 380
113 20 2 -724 378
114 20 2 -732 378
116 20 2 -728 380
117 20 2 -720 376
119 20 2 -740 378
120 20 2 -736 380
122 20 2 -680 364
124 20 2 -716 370
125 20 2 -664 354
127 20 2 -700 368
128 20 2 -672 356
130 20 2 -656 348
132 20 2 -664 344
133 20 2 -684 352
135 20 2 -632 326
137 20 2 -616 322
139 20 2 -676 324
140 20 2 -704 334
142 20 2 -664 346
144 20 2 -688 340
146 20 2 -716 368
148 20 2 -700 356
150 20 2 -696 356
152 20 2 -704 366
154 20 2 -708 368
155 20 2 -700 362
157 20 2 -664 354
160 20 2 -716 370
162 20 2 -748 386
164 20 2 -672 350
166 20 2 -700 370
168 20 2 -660 346
170 20 2 -668 360
172 20 2 -716 378
174 20 2 -720 376
177 20 2 -704 372
179 20 2 -712 374
181 20 2 -724 380
184 20 2 -716 368
186 20 2 -720 378
188 20 2 -740 382
191 20 2 -688 370
193 20 2 -728 382
196 20 2 -708 372
198 20 2 -716 374
201 20 2 -732 378
203 20 2 -740 384
206 20 2 -692 366
209 20 2 -676 352
211 20 2 -692 350
214 20 2 -688 356
217 20 2 -680 360
220 20 2 -700 358
222 20 2 -732 372
225 20 2 -692 362
228 20 2 -684 356
231 20 2 -688 352
234 20 2 -704 372
237 20 2 -700 368
240 20 2 -708 368
243 20 2 -664 360
246 20 2 -676 350
250 20 2 -668 334
253 20 2 -688 340
256 20 2 -652 330
259 20 2 -620 324
263 20 2 -692 362
266 20 2 -696 350
269 20 2 -680 348
273 20 2 -644 344
276 20 2 -680 344
280 20 2 -644 340
284 20 2 -628 330
287 20 2 -596 272
291 20 2 -664 328
295 20 2 -684 344
298 20 2 -632 342
302 20 2 -672 358
306 20 2 -668 342
310 20 2 -672 358
314 20 2 -720 376
318 20 2 -760 388
322 20 2 -716 376
326 20 2 -724 378
331 20 2 -724 380
335 20 2 -676 360
339 20 2 -676 364
344 20 2 -700 370
348 20 2 -644 342
352 20 2 -640 354
357 20 2 -696 370
362 20 2 -724 378
366 20 2 -744 376
371 20 2 -672 356
376 20 2 -648 348
381 20 2 -724 378
385 20 2 -736 384
390 20 2 -708 368
395 20 2 -696 364
401 20 2 -760 390
406 20 2 -696 368
411 20 2 -652 344
416 20 2 -656 356
422 20 2 -700 370
427 20 2 -648 352
433 20 2 -700 368
438 20 2 -700 370
444 20 2 -716 376
449 20 2 -700 364
455 20 2 -728 380
461 20 2 -712 374
467 20 2 -736 380
473 20 2 -724 380
479 20 2 -716 366
485 20 2 -668 360
492 20 2 -684 364
498 20 2 -704 366
504 20 2 -724 374
511 20 2 -692 372
517 20 2 -724 380
524 20 2 -676 358
531 20 2 -700 366
538 20 2 -640 336
545 20 2 -672 362
552 20 2 -724 376
559 20 2 -696 368
566 20 2 -744 384
573 20 2 -704 372
581 20 2 -692 366
588 20 2 -732 378
596 20 2 -692 364
603 20 2 -716 374
611 20 2 -704 372
619 20 2 -708 372
627 20 2 -692 364
635 20 2 -724 376
643 20 2 -664 356
652 20 2 -708 364
660 20 2 -720 372
668 20 2 -624 312
677 20 2 -660 342
686 20 2 -708 364
695 20 2 -720 378
704 20 2 -672 360
713 20 2 -736 382
722 20 2 -616 316
731 20 2 -548 288
741 20 2 -736 376
750 20 2 -708 374
760 20 2 -708 374
770 20 2 -700 366
780 20 2 -708 368
790 20 2 -716 376
800 20 2 -708 370
810 20 2 -696 364
821 20 2 -744 382
831 20 2 -736 384
842 20 2 -736 382
853 20 2 -720 376
864 20 2 -692 364
875 20 2 -704 374
886 20 2 -648 356
897 20 2 -700 374
909 20 2 -648 348
921 20 2 -744 384
933 20 2 -704 368
945 20 2 -744 384
957 20 2 -768 390
969 20 2 -732 380
982 20 2 -716 372
994 20 2 -732 380
1007 20 2 -692 366
1020 20 2 -720 376
1033 20 2 -728 378
1047 20 2 -672 352
1060 20 2 -724 378
1074 20 2 -704 368
1088 20 2 -688 366
1102 20 2 -736 378
1116 20 2 -712 376
1130 20 2 -700 372
1145 20 2 -732 370
1160 20 2 -656 346
1174 20 2 -716 376
1190 20 2 -724 380
1205 20 2 -720 378
1220 20 2 -704 376
1236 20 2 -704 374
1252 20 2 -712 370
1268 20 2 -708 368
1285 20 2 -700 372
1301 20 2 -736 382
1318 20 2 -656 358
1335 20 2 -764 390
1352 20 2 -712 376
1370 20 2 -708 370
1387 20 2 -636 336
1405 20 2 -744 384
1423 20 2 -708 370
1442 20 2 -720 376
1460 20 2 -688 360
1479 20 2 -668 352
1498 20 2 -664 346
1517 20 2 -740 380
1537 20 2 -724 378
1557 20 2 -644 344
1577 20 2 -676 364
1597 20 2 -692 368
1618 20 2 -728 376
1639 20 2 -712 374
1660 20 2 -732 380
1681 20 2 -688 368
1703 20 2 -736 380
1725 20 2 -684 366
1747 20 2 -680 356
1770 20 2 -680 368
1792 20 2 -680 362
1816 20 2 -724 372
1839 20 2 -684 360
1863 20 2 -700 370
1887 20 2 -700 364
1911 20 2 -712 352
1936 20 2 -752 386
1961 20 2 -680 356
1986 20 2 -684 332
2012 20 2 -732 382
2037 20 2 -720 378
2064 20 2 -744 384
2090 20 2 -744 380
2117 20 2 -676 340
2145 20 2 -732 380
2172 20 2 -704 372
2200 20 2 -712 370
2229 20 2 -704 372
2257 20 2 -708 374
2286 20 2 -700 356
2316 20 2 -708 370
2346 20 2 -692 370
2376 20 2 -700 370
2407 20 2 -740 384
2438 20 2 -708 370
2469 20 2 -608 298
2501 20 2 -692 364
2533 20 2 -712 362
2566 20 2 -704 370
2599 20 2 -732 378
2633 20 2 -744 384
2667 20 2 -660 336
2701 20 2 -684 362
2736 20 2 -696 366
2771 20 2 -720 374
2807 20 2 -680 362
2843 20 2 -700 364
2880 20 2 -736 382
2917 20 2 -716 374
2954 20 2 -700 370
2992 20 2 -660 356
3031 20 2 -764 390
3070 20 2 -584 326
3110 20 2 -652 350
3150 20 2 -740 380
3190 20 2 -732 380
3232 20 2 -732 378
3273 20 2 -704 372
3315 20 2 -692 372
3358 20 2 -708 370
3402 20 2 -720 372
3445 20 2 -708 374
3490 20 2 -716 378
3535 20 2 -704 372
3580 20 2 -680 364
3627 20 2 -704 368
3673 20 2 -676 356
3721 20 2 -704 364
3769 20 2 -756 388
3817 20 2 -660 354
3867 20 2 -644 350
3916 20 2 -704 366
3967 20 2 -688 356
4018 20 2 -700 372
4070 20 2 -680 356
4122 20 2 -700 368
4176 20 2 -692 368
4229 20 2 -676 354
4284 20 2 -604 306
4339 20 2 -608 340
4395 20 2 -688 370
4452 20 2 -692 362
4509 20 2 -696 350
4567 20 2 -700 360
4626 20 2 -612 324
4686 20 2 -712 368
4746 20 2 -692 370
4808 20 2 -676 360
4870 20 2 -676 354
4932 20 2 -740 384
4996 20 2 -676 360
5060 20 2 -708 370
5126 20 2 -700 372
5192 20 2 -712 376
5259 20 2 -716 376
5327 20 2 -652 356
5395 20 2 -696 366
5465 20 2 -692 366
5535 20 2 -712 368
5607 20 2 -716 376
5679 20 2 -660 354
5752 20 2 -736 378
5826 20 2 -664 348
5902 20 2 -628 324
5978 20 2 -704 370
6055 20 2 -740 382
6133 20 2 -672 354
6212 20 2 -692 364
6292 20 2 -648 346
6373 20 2 -660 356
6455 20 2 -684 358
6539 20 2 -752 386
6623 20 2 -688 368
6708 20 2 -700 368
6795 20 2 -696 370
6883 20 2 -712 376
6971 20 2 -700 362
7061 20 2 -636 352
7152 20 2 -724 376
7245 20 2 -736 384
7338 20 2 -712 374
7433 20 2 -704 370
7529 20 2 -708 374
7626 20 2 -668 282
7724 20 2 -672 356
7824 20 2 -628 346
7925 20 2 -712 352
8027 20 2 -740 382
8130 20 2 -696 368
8235 20 2 -708 374
8341 20 2 -744 384
8449 20 2 -736 384
8558 20 2 -652 342
8668 20 2 -696 366
8780 20 2 -712 376
8893 20 2 -700 372
9008 20 2 -720 376
9124 20 2 -760 388
9242 20 2 -736 384
9361 20 2 -688 362
9482 20 2 -676 356
9604 20 2 -688 364
9728 20 2 -732 382
9853 20 2 -712 376
9980 20 2 -712 370
10109 20 2 -728 374
10240 20 2 -692 368
10372 20 2 -704 374
10505 20 2 -712 370
10641 20 2 -700 366
10778 20 2 -704 372
10917 20 2 -728 380
11058 20 2 -712 370
11201 20 2 -720 376
11345 20 2 -680 344
11491 20 2 -704 372
11640 20 2 -676 364
11790 20 2 -640 336
11942 20 2 -736 382
12096 20 2 -688 368
12252 20 2 -720 376
12410 20 2 -680 358
12570 20 2 -688 364
12732 20 2 -676 364
12896 20 2 -716 378
13062 20 2 -728 378
13231 20 2 -724 374
13402 20 2 -672 348
13574 20 2 -668 352
13750 20 2 -736 384
13927 20 2 -664 344
14106 20 2 -696 364
14288 20 2 -672 360
14473 20 2 -684 360
14659 20 2 -708 368
14848 20 2 -680 354
15040 20 2 -652 342
15234 20 2 -688 370
15430 20 2 -664 358
15629 20 2 -688 364
15831 20 2 -676 360
16035 20 2 -752 388
16242 20 2 -700 374
16451 20 2 -684 356
16664 20 2 -692 366
16879 20 2 -712 374
17096 20 2 -724 376
17317 20 2 -688 368
17540 20 2 -768 392
17766 20 2 -632 324
17995 20 2 -708 366
18228 20 2 -684 366
18463 20 2 -712 376
18701 20 2 -664 354
18942 20 2 -724 376
19186 20 2 -708 362
19434 20 2 -708 372
19684 20 2 -704 364
19938 20 2 -660 354
20195 20 2 -700 364
20456 20 2 -732 378
20720 20 2 -708 370
20987 20 2 -704 366
21258 20 2 -728 376
21532 20 2 -728 380
21810 20 2 -688 344
22091 20 2 -676 344
22376 20 2 -732 382
22664 20 2 -664 340
22957 20 2 -736 384
23253 20 2 -732 378
23553 20 2 -744 386
23856 20 2 -688 360
24164 20 2 -716 374
24476 20 2 -688 348
24791 20 2 -628 336
25111 20 2 -652 348
25435 20 2 -696 358
25763 20 2 -664 348
26095 20 2 -732 378
26432 20 2 -700 364
26773 20 2 -680 362
27118 20 2 -660 352
27468 20 2 -752 388
27822 20 2 -740 380
28181 20 2 -676 350
28545 20 2 -660 316
28913 20 2 -688 370
29286 20 2 -708 376
29663 20 2 -748 384
30046 20 2 -744 386
30434 20 2 -688 336
30826 20 2 -716 376
31224 20 2 -720 376
31626 20 2 -724 378
32034 20 2 -660 348
32447 20 2 -676 356
32866 20 2 -732 378
33290 20 2 -660 346
33719 20 2 -640 348
34154 20 2 -696 368
34595 20 2 -712 374
35041 20 2 -696 362
35493 20 2 -680 360
35951 20 2 -724 378
36414 20 2 -680 356
36884 20 2 -756 388
37360 20 2 -716 374
37841 20 2 -740 382
38330 20 2 -716 376
38824 20 2 -684 364
39325 20 2 -708 372
39832 20 2 -720 378
40346 20 2 -724 380
40866 20 2 -680 356
41393 20 2 -708 366
41927 20 2 -708 374
42468 20 2 -704 368
43015 20 2 -720 374
43570 20 2 -704 368
44132 20 2 -656 344
44701 20 2 -704 356
45278 20 2 -708 374
45862 20 2 -688 364
46453 20 2 -684 364
47053 20 2 -632 344
47660 20 2 -700 366
48274 20 2 -700 370
48897 20 2 -668 360
49528 20 2 -716 366
50166 20 2 -648 294
50813 20 2 -688 362
51469 20 2 -668 346
52133 20 2 -672 356
52805 20 2 -728 378
53486 20 2 -672 352
54176 20 2 -672 342
54875 20 2 -688 358
55582 20 2 -692 366
56299 20 2 -688 366
57025 20 2 -692 358
57761 20 2 -708 374
58506 20 2 -716 376
59261 20 2 -684 362
60025 20 2 -668 360
60799 20 2 -692 370
61583 20 2 -636 338
62378 20 2 -732 380
63182 20 2 -684 364
63997 20 2 -700 368
64822 20 2 -696 372
65658 20 2 -744 386
66505 20 2 -744 384
67363 20 2 -728 380
68232 20 2 -692 370
69112 20 2 -744 384
70003 20 2 -712 376
70906 20 2 -736 382
71821 20 2 -656 354
72747 20 2 -664 356
73685 20 2 -720 376
74636 20 2 -700 362
75599 20 2 -656 338
76574 20 2 -732 378
77561 20 2 -720 374
78562 20 2 -684 354
79575 20 2 -680 352
80601 20 2 -732 380
81641 20 2 -688 368
82694 20 2 -684 360
83760 20 2 -688 364
84841 20 2 -680 360
85935 20 2 -720 376
87043 20 2 -676 362
88166 20 2 -704 368
89303 20 2 -704 372
90455 20 2 -684 352
91622 20 2 -724 372
92803 20 2 -724 380
94000 20 2 -740 382
95213 20 2 -704 368
96441 20 2 -704 368
97685 20 2 -720 376
98945 20 2 -732 378
100221 20 2 -708 374
101513 20 2 -692 358
102823 20 2 -724 378
104149 20 2 -732 380
105492 20 2 -736 382
106853 20 2 -648 342
108231 20 2 -728 380
109627 20 2 -708 370
111041 20 2 -660 356
112473 20 2 -648 350
113924 20 2 -724 378
115393 20 2 -696 370
116882 20 2 -680 356
118389 20 2 -688 364
119916 20 2 -696 360
121463 20 2 -708 370
123029 20 2 -736 378
124616 20 2 -672 364
126224 20 2 -668 362
127852 20 2 -740 382
129501 20 2 -764 388
131171 20 2 -724 376
132863 20 2 -668 358
134576 20 2 -688 352
136312 20 2 -728 378
138070 20 2 -704 362
139851 20 2 -648 346
141655 20 2 -700 372
143482 20 2 -636 230
145333 20 2 -676 362
147207 20 2 -708 366
149106 20 2 -648 344
151029 20 2 -740 384
152977 20 2 -700 360
154950 20 2 -700 368
156948 20 2 -732 380
158973 20 2 -708 372
161023 20 2 -768 392
163100 20 2 -692 362
165204 20 2 -752 382
167334 20 2 -704 370
169493 20 2 -692 366
171679 20 2 -664 354
173893 20 2 -688 368
176136 20 2 -724 364
178408 20 2 -704 368
180709 20 2 -708 372
183040 20 2 -652 348
185400 20 2 -724 376
187792 20 2 -728 370
190214 20 2 -696 344
192667 20 2 -696 364
195152 20 2 -720 378
197669 20 2 -692 366
200219 20 2 -688 348
202801 20 2 -724 380
205417 20 2 -748 384
208066 20 2 -736 384
210750 20 2 -736 384
213468 20 2 -748 386
216222 20 2 -680 358
219010 20 2 -592 294
221835 20 2 -656 342
224696 20 2 -756 382
227595 20 2 -696 346
230530 20 2 -700 364
233503 20 2 -692 360
236515 20 2 -740 380
239566 20 2 -708 372
242656 20 2 -708 368
245785 20 2 -700 370
248956 20 2 -728 378
252167 20 2 -696 370
255419 20 2 -672 348
258713 20 2 -712 370
262050 20 2 -708 370
265430 20 2 -716 374
268854 20 2 -664 364
272321 20 2 -696 358
275834 20 2 -684 360
279391 20 2 -632 340
282995 20 2 -644 306
286645 20 2 -712 364
290342 20 2 -732 382
294087 20 2 -668 340
297880 20 2 -732 378
301722 20 2 -712 376
305614 20 2 -700 350
309556 20 2 -676 362
313548 20 2 -688 358
317592 20 2 -712 376
321689 20 2 -688 360
325838 20 2 -716 372
330040 20 2 -736 380
334297 20 2 -752 388
338609 20 2 -688 362
342976 20 2 -732 380
347400 20 2 -684 368
351881 20 2 -660 342
356419 20 2 -724 380
361016 20 2 -676 358
365673 20 2 -752 386
370389 20 2 -696 370
375167 20 2 -732 382
380005 20 2 -720 366
384907 20 2 -624 324
389871 20 2 -680 360
394900 20 2 -756 388
399993 20 2 -688 368
405152 20 2 -676 360
410378 20 2 -728 380
415671 20 2 -744 386
421032 20 2 -720 376
426463 20 2 -636 332
431963 20 2 -764 390
437535 20 2 -668 358
443178 20 2 -764 390
448894 20 2 -720 368
454684 20 2 -668 354
460548 20 2 -712 376
466489 20 2 -672 364
472505 20 2 -684 364
478600 20 2 -716 378
484773 20 2 -680 366
491025 20 2 -736 374
497358 20 2 -636 344
503773 20 2 -704 372
510271 20 2 -652 358
516852 20 2 -684 366
523519 20 2 -696 368
530271 20 2 -748 384
537111 20 2 -692 366
544038 20 2 -740 384
551055 20 2 -692 360
558163 20 2 -716 370
565362 20 2 -668 364
572654 20 2 -724 364
580040 20 2 -704 370
587521 20 2 -672 360
595099 20 2 -744 384
602775 20 2 -688 370
610549 20 2 -688 366
618424 20 2 -648 352
626400 20 2 -744 384
634480 20 2 -736 378
642663 20 2 -720 378
650952 20 2 -756 388
659348 20 2 -716 370
667853 20 2 -740 382
676467 20 2 -700 370
685192 20 2 -648 318
694029 20 2 -704 372
702981 20 2 -736 382
712048 20 2 -736 370
721232 20 2 -732 380
730534 20 2 -752 384
739957 20 2 -680 342
749500 20 2 -720 372
759168 20 2 -692 370
768959 20 2 -728 378
778877 20 2 -620 346
788923 20 2 -756 386
799099 20 2 -704 368
809405 20 2 -704 368
819845 20 2 -696 354
830419 20 2 -772 392
841130 20 2 -680 362
851979 20 2 -712 372
862968 20 2 -720 374
874098 20 2 -652 340
885373 20 2 -752 384
896792 20 2 -648 326
908359 20 2 -672 348
920075 20 2 -676 362
931942 20 2 -684 344
943962 20 2 -660 338
956137 20 2 -676 364
968470 20 2 -728 378
980961 20 2 -732 378
993613 20 2 -716 376
999999 20 2 -740 384
