3 140 2.3 -17920 674
4 140 2.3 -19464 608
5 140 2.3 -20544 646
6 140 2.3 -21232 410
7 140 2.3 -21848 378
8 140 2.3 -22096 394
9 140 2.3 -22236 578
10 140 2.3 -22552 610
11 140 2.3 -23016 896
12 140 2.3 -23068 728
13 140 2.3 -22960 380
14 140 2.3 -23572 238
15 140 2.3 -23312 478
16 140 2.3 -23636 406
17 140 2.3 -23860 412
18 140 2.3 -23656 360
19 140 2.3 -23876 318
20 140 2.3 -23992 518
21 140 2.3 -23920 536
22 140 2.3 -24004 366
23 140 2.3 -23928 306
24 140 2.3 -24092 128
25 140 2.3 -24072 210
26 140 2.3 -24188 298
27 140 2.3 -24028 260
28 140 2.3 -24412 260
29 140 2.3 -24672 314
30 140 2.3 -24588 220
31 140 2.3 -24508 112
32 140 2.3 -24764 268
33 140 2.3 -24464 456
34 140 2.3 -24804 288
35 140 2.3 -24908 372
36 140 2.3 -25060 368
37 140 2.3 -24968 424
38 140 2.3 -24788 594
39 140 2.3 -24996 368
40 140 2.3 -24880 192
41 140 2.3 -25068 308
42 140 2.3 -24960 102
43 140 2.3 -24812 24
44 140 2.3 -24640 64
45 140 2.3 -24860 4
46 140 2.3 -24860 110
47 140 2.3 -24740 122
48 140 2.3 -25068 310
49 140 2.3 -24988 108
50 140 2.3 -24992 300
51 140 2.3 -25256 216
52 140 2.3 -25364 96
53 140 2.3 -24820 -182
54 140 2.3 -24784 -174
55 140 2.3 -24864 -222
56 140 2.3 -25068 -94
57 140 2.3 -25220 50
58 140 2.3 -25044 70
59 140 2.3 -25108 -138
60 140 2.3 -25256 -54
61 140 2.3 -25232 -68
62 140 2.3 -25828 32
63 140 2.3 -25596 -168
64 140 2.3 -25536 -242
65 140 2.3 -25724 -402
66 140 2.3 -25372 -290
67 140 2.3 -25236 -320
68 140 2.3 -25232 -408
69 140 2.3 -25112 -554
70 140 2.3 -25384 -490
71 140 2.3 -25304 -394
72 140 2.3 -25592 -260
73 140 2.3 -25168 -92
74 140 2.3 -25008 116
75 140 2.3 -24996 -322
76 140 2.3 -25288 -552
77 140 2.3 -25308 -492
78 140 2.3 -25544 -304
79 140 2.3 -25540 -346
80 140 2.3 -25368 -106
81 140 2.3 -25404 -146
82 140 2.3 -25232 -68
83 140 2.3 -25320 182
84 140 2.3 -25240 186
85 140 2.3 -25476 424
86 140 2.3 -25336 644
88 140 2.3 -25428 894
89 140 2.3 -25780 962
90 140 2.3 -25524 864
91 140 2.3 -25384 898
92 140 2.3 -25244 912
93 140 2.3 -24872 1020
95 140 2.3 -25208 1212
96 140 2.3 -25472 1182
97 140 2.3 -25524 1298
98 140 2.3 -25252 1204
99 140 2.3 -24976 1276
101 140 2.3 -24956 1412
102 140 2.3 -25020 1418
103 140 2.3 -24888 1352
105 140 2.3 -25176 1194
106 140 2.3 -25468 1442
107 140 2.3 -25584 1382
109 140 2.3 -25160 1458
110 140 2.3 -24880 1330
112 140 2.3 -25324 1732
113 140 2.3 -25464 1912
114 140 2.3 -25568 1756
116 140 2.3 -25164 1756
117 140 2.3 -25292 1606
119 140 2.3 -25720 1626
120 140 2.3 -25456 1480
122 140 2.3 -25944 1320
124 140 2.3 -25372 1118
125 140 2.3 -25700 1342
127 140 2.3 -25128 1488
128 140 2.3 -25472 1616
130 140 2.3 -25224 1602
132 140 2.3 -25296 1216
133 140 2.3 -25556 1268
135 140 2.3 -25752 1334
137 140 2.3 -24988 1588
139 140 2.3 -25236 1634
140 140 2.3 -25328 1386
142 140 2.3 -25104 1390
144 140 2.3 -25240 1196
146 140 2.3 -25276 1098
148 140 2.3 -24812 1506
150 140 2.3 -25184 1434
152 140 2.3 -25068 1488
154 140 2.3 -24900 1486
155 140 2.3 -25304 1432
157 140 2.3 -25336 1100
160 140 2.3 -25424 1554
162 140 2.3 -25728 1748
164 140 2.3 -25612 1612
166 140 2.3 -25720 1654
168 140 2.3 -25444 1892
170 140 2.3 -25928 2010
172 140 2.3 -25820 2386
174 140 2.3 -25764 2896
177 140 2.3 -25696 3048
179 140 2.3 -25748 3120
181 140 2.3 -25092 3230
184 140 2.3 -25308 3226
186 140 2.3 -25288 3342
188 140 2.3 -25516 3364
191 140 2.3 -25548 3220
193 140 2.3 -25664 3028
196 140 2.3 -25536 3340
198 140 2.3 -25812 3268
201 140 2.3 -25648 3624
203 140 2.3 -25732 3754
206 140 2.3 -25392 3994
209 140 2.3 -25612 4436
211 140 2.3 -25744 4656
214 140 2.3 -25976 4698
217 140 2.3 -26500 4686
220 140 2.3 -26692 4712
222 140 2.3 -26548 4582
225 140 2.3 -26100 4440
228 140 2.3 -26168 4380
231 140 2.3 -26320 4218
234 140 2.3 -25912 3848
237 140 2.3 -26148 3736
240 140 2.3 -25848 3362
243 140 2.3 -25708 3332
246 140 2.3 -26208 3428
250 140 2.3 -26084 3558
253 140 2.3 -26180 3702
256 140 2.3 -26356 3262
259 140 2.3 -26452 3410
263 140 2.3 -26516 2726
266 140 2.3 -26220 2400
269 140 2.3 -26160 2688
273 140 2.3 -25864 2910
276 140 2.3 -26348 3076
280 140 2.3 -26092 3136
284 140 2.3 -26684 2942
287 140 2.3 -26240 2490
291 140 2.3 -26308 2612
295 140 2.3 -25860 2494
298 140 2.3 -25884 2242
302 140 2.3 -26028 2162
306 140 2.3 -26100 2402
310 140 2.3 -26292 2406
314 140 2.3 -26136 2214
318 140 2.3 -26064 2396
322 140 2.3 -25584 2260
326 140 2.3 -25688 2294
331 140 2.3 -26112 2704
335 140 2.3 -25800 3060
339 140 2.3 -26328 2946
344 140 2.3 -25876 2774
348 140 2.3 -25748 2636
352 140 2.3 -25684 2348
357 140 2.3 -25532 1884
362 140 2.3 -25976 1696
366 140 2.3 -25580 2020
371 140 2.3 -25672 1926
376 140 2.3 -25584 1860
381 140 2.3 -25124 1706
385 140 2.3 -25404 2050
390 140 2.3 -26280 2314
395 140 2.3 -26432 2676
401 140 2.3 -26568 2638
406 140 2.3 -26544 2988
411 140 2.3 -26372 2668
416 140 2.3 -26396 2704
422 140 2.3 -26308 2634
427 140 2.3 -26376 2384
433 140 2.3 -26416 2682
438 140 2.3 -26300 2772
444 140 2.3 -26308 2386
449 140 2.3 -26040 2158
455 140 2.3 -26460 2564
461 140 2.3 -26052 2550
467 140 2.3 -26148 1998
473 140 2.3 -25676 2170
479 140 2.3 -25604 1918
485 140 2.3 -25676 2508
492 140 2.3 -26160 2110
498 140 2.3 -26224 1858
504 140 2.3 -26000 1724
511 140 2.3 -26104 1280
517 140 2.3 -26328 1448
524 140 2.3 -26816 1342
531 140 2.3 -26368 1882
538 140 2.3 -26396 1532
545 140 2.3 -25860 618
552 140 2.3 -26332 858
559 140 2.3 -26496 1528
566 140 2.3 -26572 1556
573 140 2.3 -26504 1938
581 140 2.3 -26476 1362
588 140 2.3 -26512 1094
596 140 2.3 -26656 614
603 140 2.3 -26824 938
611 140 2.3 -26732 734
619 140 2.3 -26448 974
627 140 2.3 -25700 1130
635 140 2.3 -26524 1222
643 140 2.3 -26088 752
652 140 2.3 -26492 894
660 140 2.3 -26596 360
668 140 2.3 -25996 450
677 140 2.3 -26164 650
686 140 2.3 -26540 170
695 140 2.3 -26532 76
704 140 2.3 -26640 108
713 140 2.3 -26312 236
722 140 2.3 -26836 1106
731 140 2.3 -26484 848
741 140 2.3 -26812 1056
750 140 2.3 -26928 970
760 140 2.3 -26764 1326
770 140 2.3 -26544 1378
780 140 2.3 -26716 1012
790 140 2.3 -26552 1150
800 140 2.3 -26544 1224
810 140 2.3 -26528 524
821 140 2.3 -26012 1300
831 140 2.3 -26080 1016
842 140 2.3 -26132 772
853 140 2.3 -26208 592
864 140 2.3 -25800 1132
875 140 2.3 -26460 482
886 140 2.3 -26780 1116
897 140 2.3 -25996 1440
909 140 2.3 -26404 1232
921 140 2.3 -26504 1116
933 140 2.3 -26052 1606
945 140 2.3 -26100 1962
957 140 2.3 -26596 1230
969 140 2.3 -26144 1008
982 140 2.3 -26712 1796
994 140 2.3 -26704 2002
1007 140 2.3 -25800 1650
1020 140 2.3 -25940 1462
1033 140 2.3 -25412 1168
1047 140 2.3 -26060 1374
1060 140 2.3 -25828 812
1074 140 2.3 -26672 558
1088 140 2.3 -26484 966
1102 140 2.3 -25924 194
1116 140 2.3 -26296 132
1130 140 2.3 -26148 262
1145 140 2.3 -26024 426
1160 140 2.3 -26804 76
1174 140 2.3 -26544 332
1190 140 2.3 -26592 1244
1205 140 2.3 -26508 1084
1220 140 2.3 -26192 376
1236 140 2.3 -26524 -416
1252 140 2.3 -26812 92
1268 140 2.3 -26664 354
1285 140 2.3 -26480 224
1301 140 2.3 -26232 102
1318 140 2.3 -26556 -574
1335 140 2.3 -26652 388
1352 140 2.3 -26360 1238
1370 140 2.3 -26340 1300
1387 140 2.3 -26808 992
1405 140 2.3 -26176 146
1423 140 2.3 -26352 64
1442 140 2.3 -26416 78
1460 140 2.3 -26320 -252
1479 140 2.3 -26584 -292
1498 140 2.3 -26672 938
1517 140 2.3 -26312 872
1537 140 2.3 -26160 342
1557 140 2.3 -26492 70
1577 140 2.3 -26836 236
1597 140 2.3 -26720 374
1618 140 2.3 -26492 138
1639 140 2.3 -26424 -300
1660 140 2.3 -25976 276
1681 140 2.3 -26848 -356
1703 140 2.3 -26188 -994
1725 140 2.3 -25984 -630
1747 140 2.3 -26036 -1326
1770 140 2.3 -25356 -1044
1792 140 2.3 -26332 -1682
1816 140 2.3 -25980 -786
1839 140 2.3 -26004 210
1863 140 2.3 -25900 -724
1887 140 2.3 -26260 -1150
1911 140 2.3 -25572 -956
1936 140 2.3 -25136 -1440
1961 140 2.3 -26016 -878
1986 140 2.3 -26020 -1604
2012 140 2.3 -26156 -1578
2037 140 2.3 -26296 -1542
2064 140 2.3 -26396 -1288
2090 140 2.3 -25804 -2142
2117 140 2.3 -26224 -1538
2145 140 2.3 -26108 -2060
2172 140 2.3 -26540 -3218
2200 140 2.3 -26604 -4080
2229 140 2.3 -26864 -3300
2257 140 2.3 -26744 -3096
2286 140 2.3 -26412 -2942
2316 140 2.3 -25968 -3572
2346 140 2.3 -26716 -3680
2376 140 2.3 -25816 -3284
2407 140 2.3 -25568 -4594
2438 140 2.3 -26636 -5712
2469 140 2.3 -26656 -5940
2501 140 2.3 -26208 -6314
2533 140 2.3 -26152 -6192
2566 140 2.3 -26072 -7208
2599 140 2.3 -26768 -7316
2633 140 2.3 -26404 -7200
2667 140 2.3 -25744 -6760
2701 140 2.3 -26200 -7198
2736 140 2.3 -25808 -7420
2771 140 2.3 -26620 -7992
2807 140 2.3 -26492 -8244
2843 140 2.3 -26736 -9006
2880 140 2.3 -26560 -9624
2917 140 2.3 -26152 -10014
2954 140 2.3 -27260 -10206
2992 140 2.3 -26320 -8934
3031 140 2.3 -26440 -8846
3070 140 2.3 -26472 -9602
3110 140 2.3 -26844 -9286
3150 140 2.3 -26696 -8922
3190 140 2.3 -26908 -9174
3232 140 2.3 -26992 -9204
3273 140 2.3 -26604 -9006
3315 140 2.3 -26284 -8798
3358 140 2.3 -26392 -8920
3402 140 2.3 -26428 -10052
3445 140 2.3 -26736 -10370
3490 140 2.3 -26564 -9486
3535 140 2.3 -26872 -9856
3580 140 2.3 -26296 -8902
3627 140 2.3 -26456 -8296
3673 140 2.3 -26600 -8610
3721 140 2.3 -25904 -8480
3769 140 2.3 -26472 -9084
3817 140 2.3 -27048 -8762
3867 140 2.3 -26960 -8556
3916 140 2.3 -27016 -8246
3967 140 2.3 -27256 -8396
4018 140 2.3 -26756 -7714
4070 140 2.3 -26504 -7526
4122 140 2.3 -26264 -6378
4176 140 2.3 -26064 -6594
4229 140 2.3 -27128 -6268
4284 140 2.3 -26192 -6180
4339 140 2.3 -26244 -6994
4395 140 2.3 -26460 -7430
4452 140 2.3 -26744 -7184
4509 140 2.3 -26492 -5450
4567 140 2.3 -25992 -4048
4626 140 2.3 -25792 -4498
4686 140 2.3 -26324 -4616
4746 140 2.3 -25844 -4442
4808 140 2.3 -25700 -4238
4870 140 2.3 -26060 -3418
4932 140 2.3 -26360 -1240
4996 140 2.3 -26756 -1722
5060 140 2.3 -25928 -2356
5126 140 2.3 -25456 -992
5192 140 2.3 -26148 -1242
5259 140 2.3 -25280 -930
5327 140 2.3 -25700 -754
5395 140 2.3 -25676 -1510
5465 140 2.3 -26604 -3554
5535 140 2.3 -25816 -4612
5607 140 2.3 -25536 -4586
5679 140 2.3 -26548 -4966
5752 140 2.3 -26628 -5042
5826 140 2.3 -26164 -4674
5902 140 2.3 -26196 -4342
5978 140 2.3 -26668 -4956
6055 140 2.3 -26512 -5178
6133 140 2.3 -26320 -3982
6212 140 2.3 -25404 -2734
6292 140 2.3 -26260 -3202
6373 140 2.3 -25680 -2304
6455 140 2.3 -25384 -868
6539 140 2.3 -25548 -1592
6623 140 2.3 -26060 -2732
6708 140 2.3 -26420 -3048
6795 140 2.3 -26028 -4556
6883 140 2.3 -25760 -5588
6971 140 2.3 -25888 -6212
7061 140 2.3 -25840 -5770
7152 140 2.3 -25884 -5898
7245 140 2.3 -26460 -6732
7338 140 2.3 -26576 -9690
7433 140 2.3 -26808 -10986
7529 140 2.3 -26860 -11016
7626 140 2.3 -26640 -9996
7724 140 2.3 -26472 -10838
7824 140 2.3 -27052 -10568
7925 140 2.3 -27328 -11586
8027 140 2.3 -27524 -10792
8130 140 2.3 -26796 -10108
8235 140 2.3 -27420 -10216
8341 140 2.3 -26608 -10264
8449 140 2.3 -26416 -10052
8558 140 2.3 -27004 -10160
8668 140 2.3 -27480 -10964
8780 140 2.3 -26428 -9854
8893 140 2.3 -26968 -10486
9008 140 2.3 -26192 -10178
9124 140 2.3 -26936 -11192
9242 140 2.3 -26756 -9022
9361 140 2.3 -26436 -8156
9482 140 2.3 -26644 -7486
9604 140 2.3 -25984 -7134
9728 140 2.3 -25908 -6562
9853 140 2.3 -26872 -9668
9980 140 2.3 -26260 -8788
10109 140 2.3 -27132 -8880
10240 140 2.3 -26128 -8030
10372 140 2.3 -26668 -7448
10505 140 2.3 -26820 -8186
10641 140 2.3 -26564 -7172
10778 140 2.3 -27156 -8532
10917 140 2.3 -26788 -9208
11058 140 2.3 -26852 -8594
11201 140 2.3 -26900 -8304
11345 140 2.3 -26080 -8540
11491 140 2.3 -26860 -9982
11640 140 2.3 -26628 -9358
11790 140 2.3 -27160 -9942
11942 140 2.3 -26656 -9930
12096 140 2.3 -27536 -9734
12252 140 2.3 -26020 -8596
12410 140 2.3 -26036 -9182
12570 140 2.3 -26268 -8056
12732 140 2.3 -26948 -7558
12896 140 2.3 -26228 -6532
13062 140 2.3 -25996 -5772
13231 140 2.3 -26196 -6956
13402 140 2.3 -26828 -8100
13574 140 2.3 -26484 -8282
13750 140 2.3 -26012 -6646
13927 140 2.3 -26404 -7716
14106 140 2.3 -26472 -7376
14288 140 2.3 -26688 -7336
14473 140 2.3 -25628 -6238
14659 140 2.3 -26312 -5968
14848 140 2.3 -26396 -5554
15040 140 2.3 -26172 -5476
15234 140 2.3 -25036 -5592
15430 140 2.3 -25640 -6066
15629 140 2.3 -26564 -6836
15831 140 2.3 -26540 -6428
16035 140 2.3 -25928 -6492
16242 140 2.3 -26152 -5690
16451 140 2.3 -26272 -5902
16664 140 2.3 -26848 -7542
16879 140 2.3 -25936 -5816
17096 140 2.3 -26648 -7056
17317 140 2.3 -26940 -7994
17540 140 2.3 -26400 -7556
17766 140 2.3 -26248 -6832
17995 140 2.3 -26272 -5314
18228 140 2.3 -26244 -5016
18463 140 2.3 -26064 -4420
18701 140 2.3 -25596 -2650
18942 140 2.3 -26036 -610
19186 140 2.3 -26280 -964
19434 140 2.3 -26124 -3520
19684 140 2.3 -26384 -4914
19938 140 2.3 -25972 -3482
20195 140 2.3 -25752 -1820
20456 140 2.3 -25756 -1014
20720 140 2.3 -25564 -1196
20987 140 2.3 -25760 -1288
21258 140 2.3 -25876 -198
21532 140 2.3 -26700 3314
21810 140 2.3 -27108 482
22091 140 2.3 -25756 2840
22376 140 2.3 -25764 418
22664 140 2.3 -26412 6
22957 140 2.3 -25696 -816
23253 140 2.3 -26272 -898
23553 140 2.3 -26584 -694
23856 140 2.3 -26644 -2316
24164 140 2.3 -25556 -1026
24476 140 2.3 -26496 -2218
24791 140 2.3 -26548 -5884
25111 140 2.3 -26472 -6704
25435 140 2.3 -26732 -7984
25763 140 2.3 -26644 -5844
26095 140 2.3 -26708 -4654
26432 140 2.3 -26556 -5568
26773 140 2.3 -26088 -5040
27118 140 2.3 -26360 -4050
27468 140 2.3 -26068 -1080
27822 140 2.3 -26380 1376
28181 140 2.3 -26264 2960
28545 140 2.3 -26496 5578
28913 140 2.3 -26060 4290
29286 140 2.3 -25468 -22
29663 140 2.3 -26236 -2014
30046 140 2.3 -26188 -1734
30434 140 2.3 -26704 -4394
30826 140 2.3 -26052 -7690
31224 140 2.3 -25876 -7892
31626 140 2.3 -26928 -7966
32034 140 2.3 -26996 -8808
32447 140 2.3 -26120 -6436
32866 140 2.3 -26532 -5514
33290 140 2.3 -26492 -7356
33719 140 2.3 -26188 -6664
34154 140 2.3 -25808 -6628
34595 140 2.3 -25948 -8062
35041 140 2.3 -26500 -6882
35493 140 2.3 -25756 -5232
35951 140 2.3 -26032 -7426
36414 140 2.3 -26612 -9598
36884 140 2.3 -26100 -7858
37360 140 2.3 -26716 -9638
37841 140 2.3 -26596 -8868
38330 140 2.3 -26904 -10112
38824 140 2.3 -26584 -7346
39325 140 2.3 -26432 -6994
39832 140 2.3 -26408 -7574
40346 140 2.3 -26068 -5678
40866 140 2.3 -26676 -1918
41393 140 2.3 -26132 -2344
41927 140 2.3 -26040 -2112
42468 140 2.3 -25868 218
43015 140 2.3 -26468 -6100
43570 140 2.3 -26000 -1566
44132 140 2.3 -25320 -3698
44701 140 2.3 -26448 -8156
45278 140 2.3 -27124 -9900
45862 140 2.3 -26604 -7180
46453 140 2.3 -27480 -8218
47053 140 2.3 -26772 -5850
47660 140 2.3 -25824 -6584
48274 140 2.3 -26516 -3350
48897 140 2.3 -26776 -4786
49528 140 2.3 -25636 -2790
50166 140 2.3 -27224 -8470
50813 140 2.3 -26772 -7764
51469 140 2.3 -25704 -6996
52133 140 2.3 -25424 -6674
52805 140 2.3 -26488 -4136
53486 140 2.3 -26524 -2556
54176 140 2.3 -26376 -5670
54875 140 2.3 -26596 -6420
55582 140 2.3 -26332 -5328
56299 140 2.3 -26264 -4898
57025 140 2.3 -26044 -2974
57761 140 2.3 -26540 -3230
58506 140 2.3 -26020 -4168
59261 140 2.3 -25980 -4596
60025 140 2.3 -26480 -4880
60799 140 2.3 -27008 -2408
61583 140 2.3 -25692 -1510
62378 140 2.3 -26488 4974
63182 140 2.3 -26208 6710
63997 140 2.3 -26900 4672
64822 140 2.3 -26496 3054
65658 140 2.3 -25876 2338
66505 140 2.3 -26316 2894
67363 140 2.3 -25884 -1750
68232 140 2.3 -26388 -5028
69112 140 2.3 -26064 -8218
70003 140 2.3 -25644 -9026
70906 140 2.3 -26884 -7834
71821 140 2.3 -27404 -9776
72747 140 2.3 -26488 -8196
73685 140 2.3 -26804 -11034
74636 140 2.3 -26116 -9948
75599 140 2.3 -26448 -8118
76574 140 2.3 -26784 -3410
77561 140 2.3 -26604 -1978
78562 140 2.3 -26316 -5562
79575 140 2.3 -25740 -3850
80601 140 2.3 -25592 -4834
81641 140 2.3 -25976 -24
82694 140 2.3 -25700 -594
83760 140 2.3 -26336 4182
84841 140 2.3 -26756 3284
85935 140 2.3 -26740 7448
87043 140 2.3 -26332 7146
88166 140 2.3 -26724 7410
89303 140 2.3 -26120 928
90455 140 2.3 -26604 7538
91622 140 2.3 -26732 5704
92803 140 2.3 -26268 8068
94000 140 2.3 -26332 9572
95213 140 2.3 -26980 9598
96441 140 2.3 -25832 4584
97685 140 2.3 -27096 10946
98945 140 2.3 -26696 10000
100221 140 2.3 -25476 2422
101513 140 2.3 -26828 9824
102823 140 2.3 -26536 7664
104149 140 2.3 -26088 8052
105492 140 2.3 -26824 8154
106853 140 2.3 -27164 7654
108231 140 2.3 -26488 5552
109627 140 2.3 -26264 5786
111041 140 2.3 -26232 5720
112473 140 2.3 -26092 2714
113924 140 2.3 -26632 -5320
115393 140 2.3 -26276 -6030
116882 140 2.3 -25976 -5022
118389 140 2.3 -26388 -6574
119916 140 2.3 -25168 1304
121463 140 2.3 -26344 5602
123029 140 2.3 -26648 8890
124616 140 2.3 -25896 5540
126224 140 2.3 -26628 7860
127852 140 2.3 -26556 9458
129501 140 2.3 -25672 4942
131171 140 2.3 -26484 1540
132863 140 2.3 -26640 2420
134576 140 2.3 -26780 10062
136312 140 2.3 -26736 3214
138070 140 2.3 -26516 -1120
139851 140 2.3 -27268 -2808
141655 140 2.3 -26664 -3138
143482 140 2.3 -26648 4314
145333 140 2.3 -26840 10468
147207 140 2.3 -26412 10604
149106 140 2.3 -26200 6832
151029 140 2.3 -26948 11272
152977 140 2.3 -25580 1844
154950 140 2.3 -26364 -3078
156948 140 2.3 -26168 -1620
158973 140 2.3 -26400 -1658
161023 140 2.3 -27208 -3006
163100 140 2.3 -25988 1170
165204 140 2.3 -26516 4828
167334 140 2.3 -26016 2464
169493 140 2.3 -25832 7548
171679 140 2.3 -26688 6046
173893 140 2.3 -26824 2890
176136 140 2.3 -26484 -3888
178408 140 2.3 -26556 -9826
180709 140 2.3 -26124 -6728
183040 140 2.3 -26436 7570
185400 140 2.3 -26744 8568
187792 140 2.3 -26236 5994
190214 140 2.3 -26356 5852
192667 140 2.3 -26188 5606
195152 140 2.3 -26292 8636
197669 140 2.3 -26380 7078
200219 140 2.3 -25948 2206
202801 140 2.3 -26228 5910
205417 140 2.3 -26272 566
208066 140 2.3 -26080 -1618
210750 140 2.3 -26660 -492
213468 140 2.3 -26388 1738
216222 140 2.3 -25760 1368
219010 140 2.3 -25604 -1380
221835 140 2.3 -26400 -4392
224696 140 2.3 -26164 1176
227595 140 2.3 -26012 3420
230530 140 2.3 -25788 5090
233503 140 2.3 -26476 5656
236515 140 2.3 -25304 2962
239566 140 2.3 -26252 -4834
242656 140 2.3 -26128 -4706
245785 140 2.3 -26040 -7858
248956 140 2.3 -26144 -3998
252167 140 2.3 -26244 -6070
255419 140 2.3 -26752 -5896
258713 140 2.3 -26364 -3892
262050 140 2.3 -26872 -946
265430 140 2.3 -25940 4540
268854 140 2.3 -26504 6338
272321 140 2.3 -26444 2740
275834 140 2.3 -26468 -552
279391 140 2.3 -26012 -2462
282995 140 2.3 -26012 4744
286645 140 2.3 -26768 7660
290342 140 2.3 -26684 4556
294087 140 2.3 -26388 6158
297880 140 2.3 -26296 4606
301722 140 2.3 -26488 -7382
305614 140 2.3 -26608 -9800
309556 140 2.3 -26628 -9986
313548 140 2.3 -26876 -5022
317592 140 2.3 -26640 -6494
321689 140 2.3 -26172 -6764
325838 140 2.3 -26620 -2892
330040 140 2.3 -27036 -4664
334297 140 2.3 -26652 -1330
338609 140 2.3 -26440 -2970
342976 140 2.3 -27380 -11346
347400 140 2.3 -26300 -3386
351881 140 2.3 -26608 -10096
356419 140 2.3 -26928 -8766
361016 140 2.3 -26240 -4430
365673 140 2.3 -25932 1816
370389 140 2.3 -26912 10322
375167 140 2.3 -26324 -1784
380005 140 2.3 -25476 3244
384907 140 2.3 -26884 -10644
389871 140 2.3 -26992 -5144
394900 140 2.3 -25648 -1062
399993 140 2.3 -26468 -5624
405152 140 2.3 -25964 -5368
410378 140 2.3 -26004 2096
415671 140 2.3 -26464 4822
421032 140 2.3 -25872 -2852
426463 140 2.3 -26504 -8558
431963 140 2.3 -26172 -4190
437535 140 2.3 -27272 -3332
443178 140 2.3 -26024 814
448894 140 2.3 -26600 -3918
454684 140 2.3 -26104 -3192
460548 140 2.3 -25656 2768
466489 140 2.3 -25944 -5122
472505 140 2.3 -25784 -4610
478600 140 2.3 -25936 1818
484773 140 2.3 -26228 -5572
491025 140 2.3 -26076 -3898
497358 140 2.3 -25208 -2240
503773 140 2.3 -26716 3166
510271 140 2.3 -26624 6562
516852 140 2.3 -26492 7052
523519 140 2.3 -26188 7866
530271 140 2.3 -25872 -6256
537111 140 2.3 -26676 -4684
544038 140 2.3 -26504 2002
551055 140 2.3 -26772 8902
558163 140 2.3 -25696 2542
565362 140 2.3 -25936 -5174
572654 140 2.3 -26992 -9472
580040 140 2.3 -26080 5504
587521 140 2.3 -26420 1770
595099 140 2.3 -26064 -4450
602775 140 2.3 -25652 -1972
610549 140 2.3 -26584 -5546
618424 140 2.3 -26700 3162
626400 140 2.3 -26584 7666
634480 140 2.3 -26108 -4924
642663 140 2.3 -26816 -8428
650952 140 2.3 -26004 -596
659348 140 2.3 -25708 3618
667853 140 2.3 -26496 5878
676467 140 2.3 -26108 160
685192 140 2.3 -26824 -7522
694029 140 2.3 -26216 -1696
702981 140 2.3 -26832 4188
712048 140 2.3 -26564 11202
721232 140 2.3 -26372 7862
730534 140 2.3 -26076 -2248
739957 140 2.3 -26188 4012
749500 140 2.3 -26632 -6486
759168 140 2.3 -26552 -798
768959 140 2.3 -26328 7658
778877 140 2.3 -26164 6214
788923 140 2.3 -26460 -2774
799099 140 2.3 -26180 -7838
809405 140 2.3 -26520 2268
819845 140 2.3 -26444 -600
830419 140 2.3 -26724 -7944
841130 140 2.3 -26256 -5268
851979 140 2.3 -26524 4352
862968 140 2.3 -26344 1734
874098 140 2.3 -26408 3768
885373 140 2.3 -25988 1800
896792 140 2.3 -25816 -364
908359 140 2.3 -26268 -4600
920075 140 2.3 -26596 2494
931942 140 2.3 -26584 10380
943962 140 2.3 -26580 8436
956137 140 2.3 -26608 2190
968470 140 2.3 -25704 4520
980961 140 2.3 -26844 -3262
993613 140 2.3 -25836 -2930
999999 140 2.3 -27224 -7924
