3 60 2.3 -3184 -2
4 60 2.3 -3536 14
5 60 2.3 -3956 -18
6 60 2.3 -3944 -26
7 60 2.3 -4028 -18
8 60 2.3 -3944 82
9 60 2.3 -4124 104
10 60 2.3 -4052 72
11 60 2.3 -4252 84
12 60 2.3 -4288 138
13 60 2.3 -4428 110
14 60 2.3 -4352 172
15 60 2.3 -4308 146
16 60 2.3 -4332 104
17 60 2.3 -4304 110
18 60 2.3 -4436 116
19 60 2.3 -4428 202
20 60 2.3 -4580 252
21 60 2.3 -4556 180
22 60 2.3 -4660 206
23 60 2.3 -4664 176
24 60 2.3 -4504 228
25 60 2.3 -4440 200
26 60 2.3 -4520 236
27 60 2.3 -4560 274
28 60 2.3 -4528 230
29 60 2.3 -4552 254
30 60 2.3 -4576 272
31 60 2.3 -4556 388
32 60 2.3 -4568 436
33 60 2.3 -4436 422
34 60 2.3 -4460 450
35 60 2.3 -4464 426
36 60 2.3 -4516 454
37 60 2.3 -4696 608
38 60 2.3 -4596 628
39 60 2.3 -4552 652
40 60 2.3 -4572 688
41 60 2.3 -4720 792
42 60 2.3 -4692 830
43 60 2.3 -4748 798
44 60 2.3 -4740 892
45 60 2.3 -4612 832
46 60 2.3 -4676 888
47 60 2.3 -4812 868
48 60 2.3 -4676 868
49 60 2.3 -4628 822
50 60 2.3 -4748 728
51 60 2.3 -4612 696
52 60 2.3 -4600 642
53 60 2.3 -4564 608
54 60 2.3 -4560 680
55 60 2.3 -4716 754
56 60 2.3 -4768 720
57 60 2.3 -4700 712
58 60 2.3 -4652 700
59 60 2.3 -4624 624
60 60 2.3 -4696 718
61 60 2.3 -4728 652
62 60 2.3 -4768 682
63 60 2.3 -4756 762
64 60 2.3 -4640 814
65 60 2.3 -4652 768
66 60 2.3 -4756 766
67 60 2.3 -4516 754
68 60 2.3 -4648 800
69 60 2.3 -4636 806
70 60 2.3 -4700 806
71 60 2.3 -4672 842
72 60 2.3 -4596 844
73 60 2.3 -4720 950
74 60 2.3 -4720 934
75 60 2.3 -4804 1032
76 60 2.3 -4800 992
77 60 2.3 -4836 902
78 60 2.3 -4720 974
79 60 2.3 -4852 944
80 60 2.3 -4796 1006
81 60 2.3 -4872 1124
82 60 2.3 -4716 1012
83 60 2.3 -4764 972
84 60 2.3 -4732 1020
85 60 2.3 -4752 980
86 60 2.3 -4692 960
88 60 2.3 -4648 984
89 60 2.3 -4844 1076
90 60 2.3 -4696 1088
91 60 2.3 -4604 986
92 60 2.3 -4780 1020
93 60 2.3 -4632 936
95 60 2.3 -4820 918
96 60 2.3 -4860 950
97 60 2.3 -4720 960
98 60 2.3 -4900 924
99 60 2.3 -4916 922
101 60 2.3 -4956 1020
102 60 2.3 -4924 1044
103 60 2.3 -4756 1018
105 60 2.3 -4832 948
106 60 2.3 -4864 898
107 60 2.3 -5016 960
109 60 2.3 -4892 940
110 60 2.3 -4856 1028
112 60 2.3 -4840 948
113 60 2.3 -4932 902
114 60 2.3 -4860 894
116 60 2.3 -4876 960
117 60 2.3 -4972 906
119 60 2.3 -4812 786
120 60 2.3 -4884 734
122 60 2.3 -4784 790
124 60 2.3 -4592 676
125 60 2.3 -4764 666
127 60 2.3 -4772 674
128 60 2.3 -4748 738
130 60 2.3 -4656 656
132 60 2.3 -4580 548
133 60 2.3 -4464 542
135 60 2.3 -4660 630
137 60 2.3 -4640 646
139 60 2.3 -4608 468
140 60 2.3 -4708 492
142 60 2.3 -4500 478
144 60 2.3 -4640 418
146 60 2.3 -4460 394
148 60 2.3 -4436 222
150 60 2.3 -4388 344
152 60 2.3 -4392 362
154 60 2.3 -4552 388
155 60 2.3 -4692 380
157 60 2.3 -4664 400
160 60 2.3 -4596 428
162 60 2.3 -4500 498
164 60 2.3 -4348 368
166 60 2.3 -4504 310
168 60 2.3 -4460 212
170 60 2.3 -4512 274
172 60 2.3 -4492 388
174 60 2.3 -4584 394
177 60 2.3 -4684 348
179 60 2.3 -4764 294
181 60 2.3 -4528 272
184 60 2.3 -4672 342
186 60 2.3 -4760 354
188 60 2.3 -4832 472
191 60 2.3 -4792 470
193 60 2.3 -4684 492
196 60 2.3 -4680 480
198 60 2.3 -4796 424
201 60 2.3 -4736 410
203 60 2.3 -4600 310
206 60 2.3 -4792 250
209 60 2.3 -4860 360
211 60 2.3 -4856 276
214 60 2.3 -4928 50
217 60 2.3 -4720 52
220 60 2.3 -4596 -116
222 60 2.3 -4672 -178
225 60 2.3 -4648 -176
228 60 2.3 -4728 -200
231 60 2.3 -4696 -200
234 60 2.3 -4780 38
237 60 2.3 -4888 118
240 60 2.3 -4884 162
243 60 2.3 -4740 158
246 60 2.3 -4832 166
250 60 2.3 -4660 140
253 60 2.3 -4756 100
256 60 2.3 -4600 50
259 60 2.3 -4704 -66
263 60 2.3 -4656 -176
266 60 2.3 -4604 -244
269 60 2.3 -4684 -266
273 60 2.3 -4592 -196
276 60 2.3 -4592 -186
280 60 2.3 -4552 -168
284 60 2.3 -4632 76
287 60 2.3 -4756 -40
291 60 2.3 -4496 -102
295 60 2.3 -4588 -130
298 60 2.3 -4744 -110
302 60 2.3 -4620 0
306 60 2.3 -4656 -112
310 60 2.3 -4520 -152
314 60 2.3 -4460 -220
318 60 2.3 -4500 -218
322 60 2.3 -4508 -28
326 60 2.3 -4612 -256
331 60 2.3 -4660 -296
335 60 2.3 -4696 -206
339 60 2.3 -4256 -142
344 60 2.3 -4688 56
348 60 2.3 -4928 230
352 60 2.3 -4620 194
357 60 2.3 -4700 96
362 60 2.3 -4516 142
366 60 2.3 -4564 134
371 60 2.3 -4752 44
376 60 2.3 -4568 126
381 60 2.3 -4528 36
385 60 2.3 -4516 178
390 60 2.3 -4400 112
395 60 2.3 -4440 184
401 60 2.3 -4704 184
406 60 2.3 -4460 104
411 60 2.3 -4580 34
416 60 2.3 -4520 -68
422 60 2.3 -4596 130
427 60 2.3 -4564 124
433 60 2.3 -4816 156
438 60 2.3 -4592 178
444 60 2.3 -4728 286
449 60 2.3 -4556 352
455 60 2.3 -4424 524
461 60 2.3 -4500 296
467 60 2.3 -4620 278
473 60 2.3 -4844 384
479 60 2.3 -4656 390
485 60 2.3 -4916 222
492 60 2.3 -4552 468
498 60 2.3 -4776 502
504 60 2.3 -4696 542
511 60 2.3 -4848 472
517 60 2.3 -5084 716
524 60 2.3 -4752 470
531 60 2.3 -4712 424
538 60 2.3 -4884 576
545 60 2.3 -5064 526
552 60 2.3 -4876 560
559 60 2.3 -4556 310
566 60 2.3 -4868 290
573 60 2.3 -4772 166
581 60 2.3 -4684 284
588 60 2.3 -4512 324
596 60 2.3 -4688 214
603 60 2.3 -4520 86
611 60 2.3 -4496 242
619 60 2.3 -4504 300
627 60 2.3 -4664 578
635 60 2.3 -4412 512
643 60 2.3 -4528 828
652 60 2.3 -4488 570
660 60 2.3 -4448 524
668 60 2.3 -4468 312
677 60 2.3 -4564 180
686 60 2.3 -4712 26
695 60 2.3 -4520 -48
704 60 2.3 -4436 -180
713 60 2.3 -4728 -344
722 60 2.3 -4892 -518
731 60 2.3 -4636 -544
741 60 2.3 -4696 -744
750 60 2.3 -4676 -892
760 60 2.3 -4684 -832
770 60 2.3 -4740 -810
780 60 2.3 -4844 -892
790 60 2.3 -4716 -664
800 60 2.3 -4716 -814
810 60 2.3 -4604 -552
821 60 2.3 -4496 -594
831 60 2.3 -4376 -506
842 60 2.3 -4664 -404
853 60 2.3 -4740 -90
864 60 2.3 -4784 366
875 60 2.3 -5024 546
886 60 2.3 -4932 376
897 60 2.3 -4916 460
909 60 2.3 -4936 396
921 60 2.3 -4916 386
933 60 2.3 -4592 242
945 60 2.3 -4556 612
957 60 2.3 -4860 908
969 60 2.3 -4816 1142
982 60 2.3 -4936 1282
994 60 2.3 -4852 1054
1007 60 2.3 -4728 956
1020 60 2.3 -4516 704
1033 60 2.3 -4664 874
1047 60 2.3 -4348 864
1060 60 2.3 -4584 934
1074 60 2.3 -4684 742
1088 60 2.3 -4676 1128
1102 60 2.3 -4772 1336
1116 60 2.3 -4616 1508
1130 60 2.3 -4876 1564
1145 60 2.3 -4656 1368
1160 60 2.3 -4780 1624
1174 60 2.3 -4824 1892
1190 60 2.3 -4956 1872
1205 60 2.3 -4756 1670
1220 60 2.3 -4624 1620
1236 60 2.3 -4712 1638
1252 60 2.3 -4828 1712
1268 60 2.3 -4860 1728
1285 60 2.3 -4856 1846
1301 60 2.3 -4832 1482
1318 60 2.3 -4776 1230
1335 60 2.3 -4684 1170
1352 60 2.3 -4564 1262
1370 60 2.3 -4784 1580
1387 60 2.3 -5036 1860
1405 60 2.3 -4656 1444
1423 60 2.3 -4652 1482
1442 60 2.3 -4696 1300
1460 60 2.3 -4624 1328
1479 60 2.3 -5016 1058
1498 60 2.3 -4840 1354
1517 60 2.3 -4800 1628
1537 60 2.3 -4896 1804
1557 60 2.3 -5088 1770
1577 60 2.3 -4696 1484
1597 60 2.3 -4900 1946
1618 60 2.3 -4872 2192
1639 60 2.3 -5168 2432
1660 60 2.3 -5208 2370
1681 60 2.3 -5264 2500
1703 60 2.3 -5068 2446
1725 60 2.3 -5268 2532
1747 60 2.3 -5296 2600
1770 60 2.3 -4980 2292
1792 60 2.3 -4876 2382
1816 60 2.3 -5148 2548
1839 60 2.3 -5024 2364
1863 60 2.3 -5020 2488
1887 60 2.3 -4984 2488
1911 60 2.3 -5348 2744
1936 60 2.3 -4820 2212
1961 60 2.3 -4992 2158
1986 60 2.3 -4752 2018
2012 60 2.3 -4776 1938
2037 60 2.3 -5060 1816
2064 60 2.3 -4952 2044
2090 60 2.3 -5036 2162
2117 60 2.3 -4860 2240
2145 60 2.3 -5024 2250
2172 60 2.3 -5204 2530
2200 60 2.3 -5248 2474
2229 60 2.3 -5072 2426
2257 60 2.3 -5136 2416
2286 60 2.3 -4908 2140
2316 60 2.3 -4984 2140
2346 60 2.3 -4884 1924
2376 60 2.3 -4876 1828
2407 60 2.3 -4968 1556
2438 60 2.3 -4652 1184
2469 60 2.3 -4552 964
2501 60 2.3 -4828 434
2533 60 2.3 -4876 602
2566 60 2.3 -4752 196
2599 60 2.3 -4820 172
2633 60 2.3 -4520 -136
2667 60 2.3 -4684 134
2701 60 2.3 -4744 -284
2736 60 2.3 -4876 -654
2771 60 2.3 -4684 0
2807 60 2.3 -4928 -154
2843 60 2.3 -4660 -244
2880 60 2.3 -4644 -346
2917 60 2.3 -4680 32
2954 60 2.3 -4304 574
2992 60 2.3 -4708 1062
3031 60 2.3 -4768 1216
3070 60 2.3 -4680 1318
3110 60 2.3 -4496 746
3150 60 2.3 -4656 688
3190 60 2.3 -4304 470
3232 60 2.3 -4776 666
3273 60 2.3 -4980 1230
3315 60 2.3 -4604 1050
3358 60 2.3 -4528 1046
3402 60 2.3 -4568 1052
3445 60 2.3 -4832 1074
3490 60 2.3 -4836 1214
3535 60 2.3 -5092 910
3580 60 2.3 -4768 1120
3627 60 2.3 -4784 840
3673 60 2.3 -4908 846
3721 60 2.3 -5036 962
3769 60 2.3 -4920 1022
3817 60 2.3 -4784 900
3867 60 2.3 -4668 744
3916 60 2.3 -4628 842
3967 60 2.3 -4472 1128
4018 60 2.3 -4800 930
4070 60 2.3 -4764 1368
4122 60 2.3 -4848 1864
4176 60 2.3 -4896 2140
4229 60 2.3 -4900 1938
4284 60 2.3 -4788 1948
4339 60 2.3 -4808 1648
4395 60 2.3 -4904 1822
4452 60 2.3 -4944 1944
4509 60 2.3 -5008 1798
4567 60 2.3 -4744 1344
4626 60 2.3 -4756 1634
4686 60 2.3 -4692 1140
4746 60 2.3 -4624 1390
4808 60 2.3 -5028 1670
4870 60 2.3 -5020 1926
4932 60 2.3 -4860 1752
4996 60 2.3 -5132 1778
5060 60 2.3 -4792 1886
5126 60 2.3 -4512 1582
5192 60 2.3 -4684 1762
5259 60 2.3 -4916 1550
5327 60 2.3 -4732 1440
5395 60 2.3 -4828 1874
5465 60 2.3 -4984 2010
5535 60 2.3 -4988 1976
5607 60 2.3 -5120 2454
5679 60 2.3 -4868 2406
5752 60 2.3 -4840 2200
5826 60 2.3 -5288 2452
5902 60 2.3 -5316 2604
5978 60 2.3 -5024 2364
6055 60 2.3 -5052 2442
6133 60 2.3 -5084 2258
6212 60 2.3 -5044 1914
6292 60 2.3 -5124 2300
6373 60 2.3 -5068 2504
6455 60 2.3 -4892 2078
6539 60 2.3 -5164 2358
6623 60 2.3 -4936 2152
6708 60 2.3 -5108 2386
6795 60 2.3 -4888 2104
6883 60 2.3 -5028 2264
6971 60 2.3 -5088 2468
7061 60 2.3 -4880 2056
7152 60 2.3 -5036 2040
7245 60 2.3 -4856 1806
7338 60 2.3 -4932 1852
7433 60 2.3 -4932 860
7529 60 2.3 -4844 1402
7626 60 2.3 -4804 1208
7724 60 2.3 -4896 1452
7824 60 2.3 -4928 1454
7925 60 2.3 -4872 2110
8027 60 2.3 -4900 2084
8130 60 2.3 -4892 1614
8235 60 2.3 -4756 1486
8341 60 2.3 -4616 882
8449 60 2.3 -4548 492
8558 60 2.3 -4552 552
8668 60 2.3 -4812 1146
8780 60 2.3 -4964 1160
8893 60 2.3 -4596 702
9008 60 2.3 -4496 468
9124 60 2.3 -4532 92
9242 60 2.3 -4684 -178
9361 60 2.3 -4708 214
9482 60 2.3 -4564 556
9604 60 2.3 -4892 290
9728 60 2.3 -4660 -148
9853 60 2.3 -4436 -544
9980 60 2.3 -4728 -92
10109 60 2.3 -4752 662
10240 60 2.3 -4660 604
10372 60 2.3 -4596 422
10505 60 2.3 -4816 850
10641 60 2.3 -4576 394
10778 60 2.3 -4872 1040
10917 60 2.3 -4884 1070
11058 60 2.3 -4780 198
11201 60 2.3 -4640 410
11345 60 2.3 -4836 1030
11491 60 2.3 -4708 1788
11640 60 2.3 -4876 2098
11790 60 2.3 -5000 2216
11942 60 2.3 -4956 2470
12096 60 2.3 -4792 1698
12252 60 2.3 -5192 1776
12410 60 2.3 -4400 1326
12570 60 2.3 -4924 1342
12732 60 2.3 -4556 226
12896 60 2.3 -4612 -462
13062 60 2.3 -4700 544
13231 60 2.3 -4680 886
13402 60 2.3 -4784 1202
13574 60 2.3 -5092 2076
13750 60 2.3 -4856 1646
13927 60 2.3 -5004 2168
14106 60 2.3 -5068 2300
14288 60 2.3 -4996 2380
14473 60 2.3 -5408 2716
14659 60 2.3 -4672 2040
14848 60 2.3 -4848 1990
15040 60 2.3 -4744 1634
15234 60 2.3 -4948 2100
15430 60 2.3 -4500 1156
15629 60 2.3 -4580 922
15831 60 2.3 -4908 678
16035 60 2.3 -4972 2158
16242 60 2.3 -5104 2522
16451 60 2.3 -5028 2284
16664 60 2.3 -4916 2316
16879 60 2.3 -4996 2366
17096 60 2.3 -4828 2336
17317 60 2.3 -5028 2440
17540 60 2.3 -4932 2222
17766 60 2.3 -4888 2200
17995 60 2.3 -4944 716
18228 60 2.3 -4900 832
18463 60 2.3 -4680 616
18701 60 2.3 -4576 924
18942 60 2.3 -4728 300
19186 60 2.3 -4856 300
19434 60 2.3 -4896 -1318
19684 60 2.3 -4532 -840
19938 60 2.3 -4672 -900
20195 60 2.3 -4684 -690
20456 60 2.3 -4844 -1266
20720 60 2.3 -4624 -696
20987 60 2.3 -4628 -1408
21258 60 2.3 -4792 -532
21532 60 2.3 -4564 -414
21810 60 2.3 -4748 -28
22091 60 2.3 -4908 1304
22376 60 2.3 -4696 1174
22664 60 2.3 -4856 502
22957 60 2.3 -4804 -188
23253 60 2.3 -4884 408
23553 60 2.3 -4724 -320
23856 60 2.3 -4744 -738
24164 60 2.3 -4792 -1922
24476 60 2.3 -4764 -1376
24791 60 2.3 -5060 -2466
25111 60 2.3 -4932 -2412
25435 60 2.3 -4944 -1568
25763 60 2.3 -4616 -308
26095 60 2.3 -4612 588
26432 60 2.3 -4492 -68
26773 60 2.3 -4880 -530
27118 60 2.3 -4736 -1268
27468 60 2.3 -4684 -174
27822 60 2.3 -4632 -1242
28181 60 2.3 -5220 -2586
28545 60 2.3 -4676 -1412
28913 60 2.3 -4772 -1414
29286 60 2.3 -5212 -2614
29663 60 2.3 -4848 -2218
30046 60 2.3 -4632 76
30434 60 2.3 -4680 -416
30826 60 2.3 -4804 -1538
31224 60 2.3 -5056 -2086
31626 60 2.3 -5204 -2312
32034 60 2.3 -4480 -184
32447 60 2.3 -4520 1198
32866 60 2.3 -4900 -222
33290 60 2.3 -4724 -2
33719 60 2.3 -4904 -1448
34154 60 2.3 -4864 -1700
34595 60 2.3 -4564 -530
35041 60 2.3 -4972 -1896
35493 60 2.3 -5092 -2590
35951 60 2.3 -4996 -2014
36414 60 2.3 -5168 -2172
36884 60 2.3 -5096 -2388
37360 60 2.3 -5352 -2580
37841 60 2.3 -4796 -1158
38330 60 2.3 -4636 -1210
38824 60 2.3 -4908 -1648
39325 60 2.3 -4836 -2098
39832 60 2.3 -4972 -2290
40346 60 2.3 -4680 -1534
40866 60 2.3 -4724 -1322
41393 60 2.3 -4892 -1266
41927 60 2.3 -4832 -2188
42468 60 2.3 -5280 -2176
43015 60 2.3 -4856 -1896
43570 60 2.3 -4756 -2338
44132 60 2.3 -5312 -2632
44701 60 2.3 -4824 -2098
45278 60 2.3 -4480 -1454
45862 60 2.3 -5136 -2514
46453 60 2.3 -4768 -954
47053 60 2.3 -4736 -480
47660 60 2.3 -4888 -1090
48274 60 2.3 -4948 -1428
48897 60 2.3 -4976 -2068
49528 60 2.3 -4992 -2124
50166 60 2.3 -4836 -2104
50813 60 2.3 -4904 -1984
51469 60 2.3 -4872 -1230
52133 60 2.3 -4844 -2044
52805 60 2.3 -5084 -2072
53486 60 2.3 -4888 -2344
54176 60 2.3 -4564 -926
54875 60 2.3 -4644 422
55582 60 2.3 -4492 716
56299 60 2.3 -4704 -20
57025 60 2.3 -4888 148
57761 60 2.3 -5012 1934
58506 60 2.3 -5140 2478
59261 60 2.3 -5336 2618
60025 60 2.3 -4760 1914
60799 60 2.3 -5044 2358
61583 60 2.3 -4824 528
62378 60 2.3 -4900 -296
63182 60 2.3 -4968 -1462
63997 60 2.3 -4780 870
64822 60 2.3 -4680 158
65658 60 2.3 -4788 -944
66505 60 2.3 -5036 -2146
67363 60 2.3 -5180 -2596
68232 60 2.3 -5036 -2432
69112 60 2.3 -4856 -994
70003 60 2.3 -5432 -2786
70906 60 2.3 -5136 -2392
71821 60 2.3 -4996 -2350
72747 60 2.3 -4996 464
73685 60 2.3 -4896 -1802
74636 60 2.3 -4780 -2172
75599 60 2.3 -4812 -2102
76574 60 2.3 -5160 -1802
77561 60 2.3 -4764 -180
78562 60 2.3 -5044 2306
79575 60 2.3 -4944 2086
80601 60 2.3 -4828 728
81641 60 2.3 -4708 386
82694 60 2.3 -4504 -86
83760 60 2.3 -4800 -2432
84841 60 2.3 -4960 -2306
85935 60 2.3 -4908 -1512
87043 60 2.3 -4612 -1586
88166 60 2.3 -4856 -1900
89303 60 2.3 -5228 -2704
90455 60 2.3 -5032 -2208
91622 60 2.3 -4552 -744
92803 60 2.3 -5092 -2112
94000 60 2.3 -4972 -2350
95213 60 2.3 -4576 -782
96441 60 2.3 -4832 -424
97685 60 2.3 -4760 -1428
98945 60 2.3 -4616 558
100221 60 2.3 -4860 1434
101513 60 2.3 -4404 378
102823 60 2.3 -4736 -464
104149 60 2.3 -4656 -586
105492 60 2.3 -4868 -1884
106853 60 2.3 -4652 536
108231 60 2.3 -4916 1588
109627 60 2.3 -4712 892
111041 60 2.3 -5348 -2566
112473 60 2.3 -5360 -2650
113924 60 2.3 -4884 -2022
115393 60 2.3 -4748 -1722
116882 60 2.3 -5000 -640
118389 60 2.3 -4888 1974
119916 60 2.3 -4556 -318
121463 60 2.3 -4700 -396
123029 60 2.3 -4760 810
124616 60 2.3 -4856 -330
126224 60 2.3 -5156 -2618
127852 60 2.3 -5112 -2098
129501 60 2.3 -4512 -578
131171 60 2.3 -5020 2568
132863 60 2.3 -4796 1868
134576 60 2.3 -5136 2314
136312 60 2.3 -4588 872
138070 60 2.3 -4696 160
139851 60 2.3 -5196 -2442
141655 60 2.3 -4996 -928
143482 60 2.3 -5076 -2362
145333 60 2.3 -4980 -1920
147207 60 2.3 -4904 -1138
149106 60 2.3 -4576 -1386
151029 60 2.3 -5368 -2168
152977 60 2.3 -4868 -1352
154950 60 2.3 -4540 -686
156948 60 2.3 -4744 1208
158973 60 2.3 -5024 2160
161023 60 2.3 -4544 226
163100 60 2.3 -4960 -2312
165204 60 2.3 -4936 -1942
167334 60 2.3 -4984 -1142
169493 60 2.3 -4672 1486
171679 60 2.3 -4920 -2040
173893 60 2.3 -4684 -1784
176136 60 2.3 -4844 -1698
178408 60 2.3 -4720 -2052
180709 60 2.3 -5304 -2444
183040 60 2.3 -4640 108
185400 60 2.3 -4980 -1518
187792 60 2.3 -4796 -2054
190214 60 2.3 -4972 -2378
192667 60 2.3 -5204 -2262
195152 60 2.3 -5368 -2622
197669 60 2.3 -5144 -2570
200219 60 2.3 -4708 -1794
202801 60 2.3 -4708 -1564
205417 60 2.3 -5060 -2152
208066 60 2.3 -4744 -376
210750 60 2.3 -4952 2040
213468 60 2.3 -4888 1604
216222 60 2.3 -5036 2342
219010 60 2.3 -4856 -1042
221835 60 2.3 -4756 -1456
224696 60 2.3 -5108 2314
227595 60 2.3 -5040 2418
230530 60 2.3 -4928 1888
233503 60 2.3 -4940 -2074
236515 60 2.3 -4916 -1896
239566 60 2.3 -4996 976
242656 60 2.3 -4936 -950
245785 60 2.3 -5008 2146
248956 60 2.3 -4936 -1224
252167 60 2.3 -4940 -2092
255419 60 2.3 -4708 -1146
258713 60 2.3 -4536 -1332
262050 60 2.3 -4736 -1304
265430 60 2.3 -4464 -280
268854 60 2.3 -4828 -452
272321 60 2.3 -4900 914
275834 60 2.3 -4812 -760
279391 60 2.3 -5176 -2434
282995 60 2.3 -4376 218
286645 60 2.3 -5112 -2190
290342 60 2.3 -4732 -1922
294087 60 2.3 -4996 -2316
297880 60 2.3 -4924 1922
301722 60 2.3 -4652 1320
305614 60 2.3 -5156 2460
309556 60 2.3 -5108 2150
313548 60 2.3 -4880 2194
317592 60 2.3 -4884 1822
321689 60 2.3 -4636 962
325838 60 2.3 -4676 -1438
330040 60 2.3 -5024 -1370
334297 60 2.3 -4788 -1860
338609 60 2.3 -4832 1838
342976 60 2.3 -4884 -2116
347400 60 2.3 -4748 -1480
351881 60 2.3 -4712 -1206
356419 60 2.3 -4776 590
361016 60 2.3 -4528 1066
365673 60 2.3 -4284 828
370389 60 2.3 -4876 -2222
375167 60 2.3 -4528 1432
380005 60 2.3 -5192 1812
384907 60 2.3 -5144 2500
389871 60 2.3 -5132 2408
394900 60 2.3 -5144 2316
399993 60 2.3 -4556 1242
405152 60 2.3 -5220 -2760
410378 60 2.3 -4980 2398
415671 60 2.3 -4564 868
421032 60 2.3 -4640 -732
426463 60 2.3 -5220 -2564
431963 60 2.3 -5140 -2204
437535 60 2.3 -4916 1760
443178 60 2.3 -4640 -2060
448894 60 2.3 -4804 858
454684 60 2.3 -4912 772
460548 60 2.3 -4840 1320
466489 60 2.3 -4736 2224
472505 60 2.3 -5184 -2598
478600 60 2.3 -4956 -2396
484773 60 2.3 -5092 2694
491025 60 2.3 -4776 654
497358 60 2.3 -4792 742
503773 60 2.3 -4652 54
510271 60 2.3 -5180 2618
516852 60 2.3 -4820 -1228
523519 60 2.3 -4924 -1720
530271 60 2.3 -4900 -2090
537111 60 2.3 -4524 472
544038 60 2.3 -4624 1258
551055 60 2.3 -4668 1572
558163 60 2.3 -4776 -1310
565362 60 2.3 -5180 2284
572654 60 2.3 -4932 -74
580040 60 2.3 -5144 1820
587521 60 2.3 -5216 2546
595099 60 2.3 -4680 -1256
602775 60 2.3 -5268 2282
610549 60 2.3 -4852 -1586
618424 60 2.3 -5384 2704
626400 60 2.3 -5212 -2472
634480 60 2.3 -4684 -1776
642663 60 2.3 -4740 -1998
650952 60 2.3 -4748 -1892
659348 60 2.3 -4800 1142
667853 60 2.3 -4892 -1848
676467 60 2.3 -4672 -172
685192 60 2.3 -4808 916
694029 60 2.3 -5164 2530
702981 60 2.3 -4860 -1860
712048 60 2.3 -5160 -2012
721232 60 2.3 -4916 -1704
730534 60 2.3 -4968 2290
739957 60 2.3 -4692 -676
749500 60 2.3 -4952 -2134
759168 60 2.3 -4532 -1852
768959 60 2.3 -4832 -1326
778877 60 2.3 -4800 1982
788923 60 2.3 -4536 196
799099 60 2.3 -4884 -2100
809405 60 2.3 -4656 306
819845 60 2.3 -4876 2100
830419 60 2.3 -4908 -1052
841130 60 2.3 -4740 -1518
851979 60 2.3 -4996 -2426
862968 60 2.3 -5168 -2506
874098 60 2.3 -5240 2706
885373 60 2.3 -4556 556
896792 60 2.3 -4792 1002
908359 60 2.3 -4632 792
920075 60 2.3 -4868 -2106
931942 60 2.3 -4816 -20
943962 60 2.3 -4648 -146
956137 60 2.3 -4976 -2066
968470 60 2.3 -4904 -1982
980961 60 2.3 -5216 -2464
993613 60 2.3 -5332 2742
999999 60 2.3 -4652 -92
