3 140 2.4 -17316 -222
4 140 2.4 -18404 -238
5 140 2.4 -19340 -244
6 140 2.4 -19888 32
7 140 2.4 -20112 -16
8 140 2.4 -20200 -292
9 140 2.4 -20596 -518
10 140 2.4 -20756 -516
11 140 2.4 -21052 -544
12 140 2.4 -21552 -696
13 140 2.4 -21784 -498
14 140 2.4 -21980 -522
15 140 2.4 -21752 -302
16 140 2.4 -22200 -360
17 140 2.4 -22076 -220
18 140 2.4 -22076 -326
19 140 2.4 -22044 -596
20 140 2.4 -22468 -218
21 140 2.4 -22120 -398
22 140 2.4 -22536 -488
23 140 2.4 -22704 -812
24 140 2.4 -22644 -668
25 140 2.4 -22696 -436
26 140 2.4 -22392 -556
27 140 2.4 -22312 -470
28 140 2.4 -22668 -554
29 140 2.4 -22664 -588
30 140 2.4 -22728 -528
31 140 2.4 -22764 -616
32 140 2.4 -22824 -480
33 140 2.4 -22740 -524
34 140 2.4 -23200 -860
35 140 2.4 -23460 -648
36 140 2.4 -23380 -756
37 140 2.4 -23320 -718
38 140 2.4 -23732 -824
39 140 2.4 -23580 -960
40 140 2.4 -23484 -928
41 140 2.4 -23368 -1046
42 140 2.4 -23332 -1134
43 140 2.4 -23152 -1206
44 140 2.4 -23084 -1056
45 140 2.4 -23604 -1252
46 140 2.4 -23248 -1042
47 140 2.4 -23316 -1026
48 140 2.4 -23232 -1016
49 140 2.4 -23864 -1348
50 140 2.4 -23752 -1284
51 140 2.4 -23812 -1152
52 140 2.4 -23652 -1012
53 140 2.4 -23576 -984
54 140 2.4 -24020 -788
55 140 2.4 -23624 -1106
56 140 2.4 -23520 -910
57 140 2.4 -23712 -854
58 140 2.4 -23736 -828
59 140 2.4 -23652 -690
60 140 2.4 -23756 -658
61 140 2.4 -23472 -612
62 140 2.4 -23080 -738
63 140 2.4 -23616 -574
64 140 2.4 -23492 -494
65 140 2.4 -23708 -310
66 140 2.4 -23620 -590
67 140 2.4 -23368 -590
68 140 2.4 -23504 -582
69 140 2.4 -23620 -632
70 140 2.4 -23768 -758
71 140 2.4 -23752 -1164
72 140 2.4 -23600 -1084
73 140 2.4 -23756 -956
74 140 2.4 -23576 -998
75 140 2.4 -23416 -1062
76 140 2.4 -23680 -1164
77 140 2.4 -23596 -1096
78 140 2.4 -23364 -1086
79 140 2.4 -23588 -1050
80 140 2.4 -23704 -900
81 140 2.4 -23508 -958
82 140 2.4 -23440 -954
83 140 2.4 -23584 -1110
84 140 2.4 -23476 -1128
85 140 2.4 -23524 -968
86 140 2.4 -23464 -984
88 140 2.4 -23948 -774
89 140 2.4 -23976 -874
90 140 2.4 -24072 -576
91 140 2.4 -24008 -722
92 140 2.4 -23896 -492
93 140 2.4 -23720 -450
95 140 2.4 -23936 -454
96 140 2.4 -24176 -644
97 140 2.4 -24440 -674
98 140 2.4 -24364 -796
99 140 2.4 -24632 -940
101 140 2.4 -23948 -1134
102 140 2.4 -23856 -1160
103 140 2.4 -23764 -1104
105 140 2.4 -23780 -1178
106 140 2.4 -23672 -1412
107 140 2.4 -23376 -1480
109 140 2.4 -23552 -1498
110 140 2.4 -23460 -1476
112 140 2.4 -23300 -1166
113 140 2.4 -23212 -1334
114 140 2.4 -23512 -1414
116 140 2.4 -23416 -1704
117 140 2.4 -23424 -1502
119 140 2.4 -23596 -1556
120 140 2.4 -22960 -1510
122 140 2.4 -23432 -1848
124 140 2.4 -23868 -1958
125 140 2.4 -23508 -1790
127 140 2.4 -23588 -1754
128 140 2.4 -23640 -1514
130 140 2.4 -22900 -1684
132 140 2.4 -23176 -1774
133 140 2.4 -23476 -1866
135 140 2.4 -23544 -1900
137 140 2.4 -23552 -1872
139 140 2.4 -23660 -1474
140 140 2.4 -24028 -1640
142 140 2.4 -23916 -1464
144 140 2.4 -23872 -1492
146 140 2.4 -24000 -1418
148 140 2.4 -23596 -1082
150 140 2.4 -23636 -1240
152 140 2.4 -23316 -1358
154 140 2.4 -23356 -1116
155 140 2.4 -23448 -860
157 140 2.4 -23492 -618
160 140 2.4 -23520 -1012
162 140 2.4 -23568 -1182
164 140 2.4 -23440 -648
166 140 2.4 -23512 -830
168 140 2.4 -23504 -1062
170 140 2.4 -23188 -986
172 140 2.4 -23204 -840
174 140 2.4 -22908 -932
177 140 2.4 -24120 -1030
179 140 2.4 -23484 -1078
181 140 2.4 -23732 -952
184 140 2.4 -23176 -1024
186 140 2.4 -23708 -1226
188 140 2.4 -23672 -1030
191 140 2.4 -23524 -1112
193 140 2.4 -23548 -896
196 140 2.4 -23864 -764
198 140 2.4 -23572 -544
201 140 2.4 -23396 -586
203 140 2.4 -23716 -590
206 140 2.4 -23392 -908
209 140 2.4 -23552 -872
211 140 2.4 -23564 -898
214 140 2.4 -23656 -828
217 140 2.4 -23624 -716
220 140 2.4 -23264 -68
222 140 2.4 -23400 314
225 140 2.4 -23060 416
228 140 2.4 -22756 -152
231 140 2.4 -23252 -382
234 140 2.4 -23376 -326
237 140 2.4 -23044 -244
240 140 2.4 -23072 -468
243 140 2.4 -22996 -768
246 140 2.4 -23292 -962
250 140 2.4 -23444 -1144
253 140 2.4 -23196 -714
256 140 2.4 -23112 -942
259 140 2.4 -23044 -1180
263 140 2.4 -23524 -1170
266 140 2.4 -23444 -1544
269 140 2.4 -23472 -1272
273 140 2.4 -23808 -1046
276 140 2.4 -23156 -312
280 140 2.4 -23548 -412
284 140 2.4 -23680 -172
287 140 2.4 -23420 -52
291 140 2.4 -23608 32
295 140 2.4 -23256 -82
298 140 2.4 -23076 258
302 140 2.4 -23752 442
306 140 2.4 -23480 446
310 140 2.4 -23228 722
314 140 2.4 -23700 526
318 140 2.4 -23560 564
322 140 2.4 -23284 792
326 140 2.4 -23380 550
331 140 2.4 -23584 486
335 140 2.4 -23064 750
339 140 2.4 -23156 806
344 140 2.4 -23132 604
348 140 2.4 -23336 546
352 140 2.4 -23020 228
357 140 2.4 -23616 206
362 140 2.4 -22972 52
366 140 2.4 -23360 460
371 140 2.4 -23460 -68
376 140 2.4 -23456 -52
381 140 2.4 -24076 -14
385 140 2.4 -23444 -452
390 140 2.4 -23544 -358
395 140 2.4 -23348 62
401 140 2.4 -23144 -88
406 140 2.4 -23296 -494
411 140 2.4 -22912 -402
416 140 2.4 -23432 -1210
422 140 2.4 -22924 -1112
427 140 2.4 -22824 -1248
433 140 2.4 -23148 -1420
438 140 2.4 -23464 -1480
444 140 2.4 -23592 -1914
449 140 2.4 -23596 -2098
455 140 2.4 -22992 -1536
461 140 2.4 -23320 -2188
467 140 2.4 -23004 -2286
473 140 2.4 -23440 -2734
479 140 2.4 -23168 -2848
485 140 2.4 -23880 -2850
492 140 2.4 -23732 -2952
498 140 2.4 -23392 -2460
504 140 2.4 -23212 -2186
511 140 2.4 -24060 -2452
517 140 2.4 -23460 -2270
524 140 2.4 -23392 -2834
531 140 2.4 -23748 -3164
538 140 2.4 -23544 -3028
545 140 2.4 -24220 -3194
552 140 2.4 -23940 -3074
559 140 2.4 -24048 -3174
566 140 2.4 -23432 -2594
573 140 2.4 -24420 -2656
581 140 2.4 -23748 -2622
588 140 2.4 -24060 -2554
596 140 2.4 -23664 -1434
603 140 2.4 -23356 -1772
611 140 2.4 -23656 -2010
619 140 2.4 -24132 -1520
627 140 2.4 -23108 -1076
635 140 2.4 -24028 -1084
643 140 2.4 -23916 -1054
652 140 2.4 -23460 -1226
660 140 2.4 -23768 -374
668 140 2.4 -23648 -422
677 140 2.4 -23740 -586
686 140 2.4 -23744 -266
695 140 2.4 -23792 -166
704 140 2.4 -24052 -888
713 140 2.4 -23872 -1178
722 140 2.4 -23812 -1318
731 140 2.4 -23568 -1662
741 140 2.4 -23676 -1748
750 140 2.4 -22948 -2426
760 140 2.4 -23760 -2390
770 140 2.4 -23820 -2774
780 140 2.4 -23320 -3410
790 140 2.4 -23820 -2380
800 140 2.4 -24024 -2496
810 140 2.4 -23720 -3188
821 140 2.4 -24088 -2560
831 140 2.4 -24132 -2960
842 140 2.4 -23828 -3204
853 140 2.4 -23656 -3064
864 140 2.4 -24324 -2734
875 140 2.4 -23604 -2754
886 140 2.4 -23708 -2336
897 140 2.4 -23776 -1402
909 140 2.4 -24216 -1874
921 140 2.4 -24176 -1998
933 140 2.4 -24036 -2088
945 140 2.4 -23644 -1384
957 140 2.4 -24372 -1818
969 140 2.4 -23808 -2084
982 140 2.4 -23416 -1244
994 140 2.4 -23048 -1668
1007 140 2.4 -23036 -1894
1020 140 2.4 -23600 -1916
1033 140 2.4 -23820 -1184
1047 140 2.4 -23796 -1554
1060 140 2.4 -23648 -2104
1074 140 2.4 -24036 -1814
1088 140 2.4 -24336 -2462
1102 140 2.4 -24124 -1980
1116 140 2.4 -23852 -1252
1130 140 2.4 -23500 -8
1145 140 2.4 -23824 -52
1160 140 2.4 -23224 -562
1174 140 2.4 -23640 -232
1190 140 2.4 -23048 -776
1205 140 2.4 -23180 -446
1220 140 2.4 -23688 -500
1236 140 2.4 -23332 438
1252 140 2.4 -24144 716
1268 140 2.4 -23544 632
1285 140 2.4 -23608 1210
1301 140 2.4 -23664 1020
1318 140 2.4 -23160 904
1335 140 2.4 -23688 882
1352 140 2.4 -23676 1802
1370 140 2.4 -23432 1580
1387 140 2.4 -23684 1784
1405 140 2.4 -23544 1430
1423 140 2.4 -23964 1818
1442 140 2.4 -23228 1706
1460 140 2.4 -23916 2170
1479 140 2.4 -23468 2654
1498 140 2.4 -23664 2644
1517 140 2.4 -23592 2344
1537 140 2.4 -23596 1648
1557 140 2.4 -23480 1482
1577 140 2.4 -22836 298
1597 140 2.4 -23580 1406
1618 140 2.4 -24092 1558
1639 140 2.4 -23648 1322
1660 140 2.4 -23724 1730
1681 140 2.4 -23312 1706
1703 140 2.4 -22908 1602
1725 140 2.4 -23148 728
1747 140 2.4 -23664 600
1770 140 2.4 -24012 450
1792 140 2.4 -23668 1640
1816 140 2.4 -23404 766
1839 140 2.4 -23436 430
1863 140 2.4 -23504 1412
1887 140 2.4 -23792 2842
1911 140 2.4 -23560 3652
1936 140 2.4 -24156 4002
1961 140 2.4 -23992 4180
1986 140 2.4 -24024 3474
2012 140 2.4 -23936 3600
2037 140 2.4 -24308 2446
2064 140 2.4 -23744 2104
2090 140 2.4 -23304 1666
2117 140 2.4 -23484 1178
2145 140 2.4 -24020 -216
2172 140 2.4 -23492 -224
2200 140 2.4 -24296 -1208
2229 140 2.4 -24280 -1694
2257 140 2.4 -23544 -1722
2286 140 2.4 -23908 -1772
2316 140 2.4 -23308 -1054
2346 140 2.4 -23412 -1346
2376 140 2.4 -23072 -1174
2407 140 2.4 -23624 -1530
2438 140 2.4 -23464 196
2469 140 2.4 -23664 -924
2501 140 2.4 -23936 -1322
2533 140 2.4 -23360 -2154
2566 140 2.4 -24440 -1676
2599 140 2.4 -23960 -1432
2633 140 2.4 -23848 -736
2667 140 2.4 -24652 -2510
2701 140 2.4 -24128 -758
2736 140 2.4 -23448 -1392
2771 140 2.4 -23868 -1096
2807 140 2.4 -23468 -300
2843 140 2.4 -22916 -1024
2880 140 2.4 -23776 -62
2917 140 2.4 -23992 170
2954 140 2.4 -23456 1306
2992 140 2.4 -23088 842
3031 140 2.4 -23100 1986
3070 140 2.4 -24100 1214
3110 140 2.4 -23332 768
3150 140 2.4 -23756 1148
3190 140 2.4 -23376 96
3232 140 2.4 -23856 278
3273 140 2.4 -23992 204
3315 140 2.4 -24180 1326
3358 140 2.4 -23300 554
3402 140 2.4 -24092 -1010
3445 140 2.4 -23452 -148
3490 140 2.4 -23588 -1428
3535 140 2.4 -23456 -1502
3580 140 2.4 -23328 -1802
3627 140 2.4 -24136 -1496
3673 140 2.4 -23792 -1428
3721 140 2.4 -24136 -206
3769 140 2.4 -23960 342
3817 140 2.4 -23456 754
3867 140 2.4 -23564 614
3916 140 2.4 -23808 440
3967 140 2.4 -23668 -798
4018 140 2.4 -23820 720
4070 140 2.4 -23668 -236
4122 140 2.4 -22932 -840
4176 140 2.4 -23492 -866
4229 140 2.4 -23636 -3100
4284 140 2.4 -23644 -3600
4339 140 2.4 -24024 -2556
4395 140 2.4 -24012 -1140
4452 140 2.4 -23816 -578
4509 140 2.4 -23704 -1172
4567 140 2.4 -23100 -148
4626 140 2.4 -23212 -352
4686 140 2.4 -22796 -22
4746 140 2.4 -23592 -896
4808 140 2.4 -24152 -1284
4870 140 2.4 -23008 -484
4932 140 2.4 -22988 -122
4996 140 2.4 -24024 -2638
5060 140 2.4 -23636 -2000
5126 140 2.4 -23364 -1888
5192 140 2.4 -23592 -2294
5259 140 2.4 -23252 -1954
5327 140 2.4 -24028 -1886
5395 140 2.4 -23776 -3436
5465 140 2.4 -23068 -1498
5535 140 2.4 -23948 -2562
5607 140 2.4 -23748 -3288
5679 140 2.4 -23908 -3578
5752 140 2.4 -24252 -4426
5826 140 2.4 -23200 -2112
5902 140 2.4 -23660 -2130
5978 140 2.4 -24012 600
6055 140 2.4 -23692 626
6133 140 2.4 -22740 1240
6212 140 2.4 -23236 296
6292 140 2.4 -23956 2126
6373 140 2.4 -24124 1288
6455 140 2.4 -23712 2130
6539 140 2.4 -22872 74
6623 140 2.4 -23580 52
6708 140 2.4 -23892 -1710
6795 140 2.4 -23968 -3486
6883 140 2.4 -23808 -2938
6971 140 2.4 -23752 -3216
7061 140 2.4 -24020 -3958
7152 140 2.4 -23592 -3166
7245 140 2.4 -24032 -2828
7338 140 2.4 -23660 -3346
7433 140 2.4 -23464 -4560
7529 140 2.4 -23548 -1138
7626 140 2.4 -23532 -580
7724 140 2.4 -23384 400
7824 140 2.4 -24132 -158
7925 140 2.4 -23672 1084
8027 140 2.4 -23024 872
8130 140 2.4 -23352 -1070
8235 140 2.4 -23744 -126
8341 140 2.4 -23312 -504
8449 140 2.4 -23660 310
8558 140 2.4 -23252 1004
8668 140 2.4 -23772 188
8780 140 2.4 -23736 1994
8893 140 2.4 -23716 2110
9008 140 2.4 -24240 3438
9124 140 2.4 -23652 1814
9242 140 2.4 -23648 802
9361 140 2.4 -23580 1596
9482 140 2.4 -23360 2078
9604 140 2.4 -23588 1654
9728 140 2.4 -23524 1434
9853 140 2.4 -23956 4824
9980 140 2.4 -23596 4240
10109 140 2.4 -23444 2968
10240 140 2.4 -24332 3678
10372 140 2.4 -23852 3208
10505 140 2.4 -24552 2984
10641 140 2.4 -23500 754
10778 140 2.4 -23572 -1566
10917 140 2.4 -23316 -1230
11058 140 2.4 -23848 -962
11201 140 2.4 -23368 -1956
11345 140 2.4 -23296 -354
11491 140 2.4 -23596 670
11640 140 2.4 -23656 262
11790 140 2.4 -22612 -228
11942 140 2.4 -23516 1506
12096 140 2.4 -23196 1918
12252 140 2.4 -23576 1216
12410 140 2.4 -22916 1634
12570 140 2.4 -23264 1806
12732 140 2.4 -23156 866
12896 140 2.4 -22936 -88
13062 140 2.4 -24112 -54
13231 140 2.4 -23644 -52
13402 140 2.4 -23504 -56
13574 140 2.4 -24056 -1568
13750 140 2.4 -23536 26
13927 140 2.4 -23436 414
14106 140 2.4 -23888 264
14288 140 2.4 -23652 2326
14473 140 2.4 -23632 410
14659 140 2.4 -23356 -660
14848 140 2.4 -23264 -1038
15040 140 2.4 -23328 248
15234 140 2.4 -23320 -692
15430 140 2.4 -23388 1426
15629 140 2.4 -24012 376
15831 140 2.4 -24188 3232
16035 140 2.4 -23084 2346
16242 140 2.4 -23460 2708
16451 140 2.4 -23840 640
16664 140 2.4 -23212 -594
16879 140 2.4 -22936 -1320
17096 140 2.4 -23456 28
17317 140 2.4 -23360 2178
17540 140 2.4 -23396 -1260
17766 140 2.4 -23732 2390
17995 140 2.4 -23424 598
18228 140 2.4 -22836 290
18463 140 2.4 -23568 844
18701 140 2.4 -23304 -420
18942 140 2.4 -24084 144
19186 140 2.4 -23136 -2520
19434 140 2.4 -23692 -2866
19684 140 2.4 -23928 -1782
19938 140 2.4 -23536 -834
20195 140 2.4 -23476 -334
20456 140 2.4 -23160 488
20720 140 2.4 -23548 298
20987 140 2.4 -23436 578
21258 140 2.4 -24032 746
21532 140 2.4 -23604 -368
21810 140 2.4 -23832 1886
22091 140 2.4 -23676 2446
22376 140 2.4 -23464 88
22664 140 2.4 -23024 -958
22957 140 2.4 -22860 -88
23253 140 2.4 -24356 -172
23553 140 2.4 -23576 -846
23856 140 2.4 -23348 514
24164 140 2.4 -23552 718
24476 140 2.4 -22796 76
24791 140 2.4 -23792 2296
25111 140 2.4 -23228 706
25435 140 2.4 -23880 1720
25763 140 2.4 -23552 -694
26095 140 2.4 -23800 -168
26432 140 2.4 -23308 -2520
26773 140 2.4 -23444 4594
27118 140 2.4 -22988 892
27468 140 2.4 -23992 648
27822 140 2.4 -23556 1164
28181 140 2.4 -23512 -820
28545 140 2.4 -24044 902
28913 140 2.4 -23676 -2212
29286 140 2.4 -23548 -1940
29663 140 2.4 -23732 -2224
30046 140 2.4 -23344 -94
30434 140 2.4 -23448 -692
30826 140 2.4 -23732 -200
31224 140 2.4 -23932 -3636
31626 140 2.4 -22944 588
32034 140 2.4 -23712 158
32447 140 2.4 -23432 -1248
32866 140 2.4 -23996 -2002
33290 140 2.4 -23996 -984
33719 140 2.4 -23944 -1592
34154 140 2.4 -24392 560
34595 140 2.4 -23732 1190
35041 140 2.4 -23752 372
35493 140 2.4 -23892 38
35951 140 2.4 -23852 -1114
36414 140 2.4 -23936 482
36884 140 2.4 -23560 1006
37360 140 2.4 -23764 342
37841 140 2.4 -23940 284
38330 140 2.4 -23944 -374
38824 140 2.4 -23516 -1202
39325 140 2.4 -23984 -576
39832 140 2.4 -23016 -222
40346 140 2.4 -24212 -790
40866 140 2.4 -23508 3168
41393 140 2.4 -24024 642
41927 140 2.4 -23716 1438
42468 140 2.4 -23368 -1740
43015 140 2.4 -23328 -922
43570 140 2.4 -24336 -1012
44132 140 2.4 -23300 1738
44701 140 2.4 -23604 -1212
45278 140 2.4 -23112 -838
45862 140 2.4 -23488 -144
46453 140 2.4 -23760 254
47053 140 2.4 -23792 726
47660 140 2.4 -23712 646
48274 140 2.4 -24312 484
48897 140 2.4 -23408 1852
49528 140 2.4 -23528 -1132
50166 140 2.4 -23032 -994
50813 140 2.4 -23276 -2068
51469 140 2.4 -22936 2510
52133 140 2.4 -24316 2432
52805 140 2.4 -23864 1964
53486 140 2.4 -24096 -334
54176 140 2.4 -23016 -1404
54875 140 2.4 -23508 -764
55582 140 2.4 -23984 2340
56299 140 2.4 -23548 -1912
57025 140 2.4 -24112 1138
57761 140 2.4 -23296 -1608
58506 140 2.4 -23316 -1336
59261 140 2.4 -23224 1280
60025 140 2.4 -23144 1268
60799 140 2.4 -23796 756
61583 140 2.4 -23152 1836
62378 140 2.4 -23480 2856
63182 140 2.4 -24004 -884
63997 140 2.4 -23840 -666
64822 140 2.4 -24064 1368
65658 140 2.4 -23300 -1648
66505 140 2.4 -23372 2160
67363 140 2.4 -23620 -2726
68232 140 2.4 -23432 418
69112 140 2.4 -23408 1420
70003 140 2.4 -22824 2476
70906 140 2.4 -23556 -1952
71821 140 2.4 -23572 -3058
72747 140 2.4 -24016 488
73685 140 2.4 -23716 -3574
74636 140 2.4 -23844 2462
75599 140 2.4 -23968 766
76574 140 2.4 -23128 372
77561 140 2.4 -23632 906
78562 140 2.4 -23368 -668
79575 140 2.4 -24096 -2630
80601 140 2.4 -23464 -122
81641 140 2.4 -23804 1912
82694 140 2.4 -23308 1268
83760 140 2.4 -23200 -572
84841 140 2.4 -24144 -1934
85935 140 2.4 -23276 -278
87043 140 2.4 -23204 982
88166 140 2.4 -23336 2158
89303 140 2.4 -23756 1510
90455 140 2.4 -24052 -2732
91622 140 2.4 -23896 456
92803 140 2.4 -23276 -690
94000 140 2.4 -23372 -156
95213 140 2.4 -23456 752
96441 140 2.4 -23504 936
97685 140 2.4 -23516 222
98945 140 2.4 -23200 712
100221 140 2.4 -23516 342
101513 140 2.4 -23164 1332
102823 140 2.4 -22828 944
104149 140 2.4 -23356 346
105492 140 2.4 -23040 -1142
106853 140 2.4 -23748 -454
108231 140 2.4 -23764 -360
109627 140 2.4 -24056 -1734
111041 140 2.4 -23592 1466
112473 140 2.4 -23632 330
113924 140 2.4 -23280 2146
115393 140 2.4 -23556 154
116882 140 2.4 -23672 -524
118389 140 2.4 -22964 156
119916 140 2.4 -23520 -1944
121463 140 2.4 -23088 -194
123029 140 2.4 -23624 -478
124616 140 2.4 -23880 -2780
126224 140 2.4 -23132 -994
127852 140 2.4 -23948 -4796
129501 140 2.4 -24072 962
131171 140 2.4 -23156 -520
132863 140 2.4 -23168 3200
134576 140 2.4 -24304 924
136312 140 2.4 -22948 606
138070 140 2.4 -23020 -2238
139851 140 2.4 -23172 1380
141655 140 2.4 -24192 -1282
143482 140 2.4 -23428 2386
145333 140 2.4 -24008 -672
147207 140 2.4 -23840 -492
149106 140 2.4 -23844 262
151029 140 2.4 -23984 2886
152977 140 2.4 -23468 3314
154950 140 2.4 -23208 686
156948 140 2.4 -23476 -2756
158973 140 2.4 -23552 -988
161023 140 2.4 -23372 1390
163100 140 2.4 -23348 -742
165204 140 2.4 -23520 -1812
167334 140 2.4 -23324 -1988
169493 140 2.4 -23324 -76
171679 140 2.4 -23556 -618
173893 140 2.4 -23380 784
176136 140 2.4 -23212 40
178408 140 2.4 -23864 450
180709 140 2.4 -23340 236
183040 140 2.4 -23796 152
185400 140 2.4 -23496 -150
187792 140 2.4 -23996 1216
190214 140 2.4 -23804 738
192667 140 2.4 -23864 894
195152 140 2.4 -23764 1344
197669 140 2.4 -23564 856
200219 140 2.4 -23828 -3100
202801 140 2.4 -23400 -2168
205417 140 2.4 -23684 -124
208066 140 2.4 -23088 1550
210750 140 2.4 -23476 1566
213468 140 2.4 -23928 1858
216222 140 2.4 -23952 -3682
219010 140 2.4 -23648 -446
221835 140 2.4 -23012 1964
224696 140 2.4 -23940 -3548
227595 140 2.4 -23764 -806
230530 140 2.4 -23556 40
233503 140 2.4 -23976 -966
236515 140 2.4 -23140 -1010
239566 140 2.4 -23880 -2208
242656 140 2.4 -23652 1068
245785 140 2.4 -23448 -798
248956 140 2.4 -23856 -476
252167 140 2.4 -24056 -1302
255419 140 2.4 -23780 -1658
258713 140 2.4 -23648 -1340
262050 140 2.4 -23764 -1476
265430 140 2.4 -23000 -2060
268854 140 2.4 -23472 138
272321 140 2.4 -23876 -1414
275834 140 2.4 -23980 -4294
279391 140 2.4 -23388 -108
282995 140 2.4 -23912 3318
286645 140 2.4 -23164 2392
290342 140 2.4 -23888 2400
294087 140 2.4 -23812 354
297880 140 2.4 -23872 504
301722 140 2.4 -23704 -1882
305614 140 2.4 -23908 -376
309556 140 2.4 -23664 -340
313548 140 2.4 -23496 -2972
317592 140 2.4 -23700 798
321689 140 2.4 -23692 -486
325838 140 2.4 -23968 2314
330040 140 2.4 -23736 -2640
334297 140 2.4 -22900 -72
338609 140 2.4 -23568 -388
342976 140 2.4 -23844 -1840
347400 140 2.4 -23576 -906
351881 140 2.4 -24380 408
356419 140 2.4 -23632 -1334
361016 140 2.4 -23372 -1362
365673 140 2.4 -23252 136
370389 140 2.4 -23644 3744
375167 140 2.4 -23968 -1128
380005 140 2.4 -23296 -1692
384907 140 2.4 -23584 1130
389871 140 2.4 -22788 1504
394900 140 2.4 -23892 -108
399993 140 2.4 -23260 1230
405152 140 2.4 -23296 -688
410378 140 2.4 -23792 -54
415671 140 2.4 -22964 -2976
421032 140 2.4 -23448 548
426463 140 2.4 -23580 -2998
431963 140 2.4 -23340 -220
437535 140 2.4 -23580 -2960
443178 140 2.4 -23408 1226
448894 140 2.4 -22872 -1892
454684 140 2.4 -23312 -2228
460548 140 2.4 -22868 -932
466489 140 2.4 -23364 486
472505 140 2.4 -23536 1926
478600 140 2.4 -23348 2890
484773 140 2.4 -22952 -2048
491025 140 2.4 -23972 -1550
497358 140 2.4 -23956 -332
503773 140 2.4 -23232 -2866
510271 140 2.4 -23580 368
516852 140 2.4 -24320 4952
523519 140 2.4 -23180 -822
530271 140 2.4 -24268 -1618
537111 140 2.4 -23224 3170
544038 140 2.4 -24052 -4488
551055 140 2.4 -23684 -2530
558163 140 2.4 -23240 3874
565362 140 2.4 -23644 2424
572654 140 2.4 -23716 -6
580040 140 2.4 -23480 -1696
587521 140 2.4 -24004 -2452
595099 140 2.4 -23704 1156
602775 140 2.4 -23084 -1430
610549 140 2.4 -23564 706
618424 140 2.4 -23268 -786
626400 140 2.4 -23608 552
634480 140 2.4 -23540 1234
642663 140 2.4 -23500 -2092
650952 140 2.4 -23060 -40
659348 140 2.4 -23400 -3256
667853 140 2.4 -23432 730
676467 140 2.4 -23880 -1996
685192 140 2.4 -24064 -1082
694029 140 2.4 -23032 -1386
702981 140 2.4 -23500 2818
712048 140 2.4 -23348 -562
721232 140 2.4 -23500 1890
730534 140 2.4 -23608 -1672
739957 140 2.4 -23400 536
749500 140 2.4 -23392 2762
759168 140 2.4 -23464 -276
768959 140 2.4 -23196 -252
778877 140 2.4 -24024 716
788923 140 2.4 -23828 798
799099 140 2.4 -23404 3472
809405 140 2.4 -23260 98
819845 140 2.4 -23580 1626
830419 140 2.4 -24092 -1500
841130 140 2.4 -23152 -2230
851979 140 2.4 -23692 -2192
862968 140 2.4 -22820 -1520
874098 140 2.4 -24148 1452
885373 140 2.4 -23620 732
896792 140 2.4 -23920 -2018
908359 140 2.4 -23052 -2706
920075 140 2.4 -23744 1406
931942 140 2.4 -23484 -1576
943962 140 2.4 -23568 -1930
956137 140 2.4 -23228 2956
968470 140 2.4 -23624 448
980961 140 2.4 -23660 296
993613 140 2.4 -23660 -362
999999 140 2.4 -24028 850
