3 20 2.2 -408 -152
4 20 2.2 -432 -188
5 20 2.2 -476 -186
6 20 2.2 -452 -192
7 20 2.2 -416 -178
8 20 2.2 -416 -176
9 20 2.2 -484 -208
10 20 2.2 -472 -218
11 20 2.2 -512 -230
12 20 2.2 -524 -216
13 20 2.2 -500 -214
14 20 2.2 -456 -198
15 20 2.2 -460 -202
16 20 2.2 -492 -208
17 20 2.2 -560 -230
18 20 2.2 -508 -228
19 20 2.2 -496 -192
20 20 2.2 -488 -180
21 20 2.2 -500 -190
22 20 2.2 -480 -204
23 20 2.2 -472 -180
24 20 2.2 -532 -216
25 20 2.2 -560 -202
26 20 2.2 -572 -238
27 20 2.2 -568 -248
28 20 2.2 -548 -240
29 20 2.2 -584 -256
30 20 2.2 -624 -268
31 20 2.2 -632 -278
32 20 2.2 -608 -292
33 20 2.2 -604 -288
34 20 2.2 -624 -320
35 20 2.2 -668 -334
36 20 2.2 -652 -330
37 20 2.2 -616 -320
38 20 2.2 -588 -308
39 20 2.2 -628 -318
40 20 2.2 -652 -342
41 20 2.2 -672 -352
42 20 2.2 -660 -326
43 20 2.2 -560 -282
44 20 2.2 -548 -268
45 20 2.2 -556 -288
46 20 2.2 -548 -258
47 20 2.2 -556 -256
48 20 2.2 -532 -248
49 20 2.2 -540 -268
50 20 2.2 -572 -274
51 20 2.2 -552 -298
52 20 2.2 -544 -298
53 20 2.2 -544 -306
54 20 2.2 -544 -306
55 20 2.2 -544 -312
56 20 2.2 -584 -336
57 20 2.2 -568 -310
58 20 2.2 -592 -324
59 20 2.2 -632 -346
60 20 2.2 -696 -368
61 20 2.2 -732 -376
62 20 2.2 -708 -374
63 20 2.2 -700 -370
64 20 2.2 -628 -336
65 20 2.2 -628 -324
66 20 2.2 -592 -316
67 20 2.2 -584 -316
68 20 2.2 -604 -334
69 20 2.2 -596 -322
70 20 2.2 -668 -344
71 20 2.2 -640 -348
72 20 2.2 -620 -322
73 20 2.2 -656 -342
74 20 2.2 -644 -344
75 20 2.2 -664 -346
76 20 2.2 -688 -364
77 20 2.2 -696 -362
78 20 2.2 -680 -364
79 20 2.2 -720 -374
80 20 2.2 -708 -374
81 20 2.2 -684 -366
82 20 2.2 -656 -356
83 20 2.2 -672 -356
84 20 2.2 -592 -324
85 20 2.2 -616 -336
86 20 2.2 -600 -338
88 20 2.2 -604 -338
89 20 2.2 -656 -352
90 20 2.2 -636 -348
91 20 2.2 -668 -352
92 20 2.2 -656 -350
93 20 2.2 -660 -358
95 20 2.2 -644 -350
96 20 2.2 -664 -354
97 20 2.2 -660 -346
98 20 2.2 -652 -350
99 20 2.2 -700 -366
101 20 2.2 -656 -350
102 20 2.2 -680 -352
103 20 2.2 -644 -346
105 20 2.2 -616 -338
106 20 2.2 -632 -344
107 20 2.2 -592 -336
109 20 2.2 -608 -342
110 20 2.2 -672 -348
112 20 2.2 -676 -352
113 20 2.2 -692 -364
114 20 2.2 -708 -376
116 20 2.2 -716 -376
117 20 2.2 -716 -376
119 20 2.2 -724 -368
120 20 2.2 -688 -364
122 20 2.2 -636 -352
124 20 2.2 -608 -330
125 20 2.2 -680 -358
127 20 2.2 -712 -372
128 20 2.2 -740 -384
130 20 2.2 -728 -380
132 20 2.2 -692 -368
133 20 2.2 -672 -364
135 20 2.2 -632 -348
137 20 2.2 -644 -330
139 20 2.2 -632 -330
140 20 2.2 -620 -324
142 20 2.2 -608 -338
144 20 2.2 -640 -346
146 20 2.2 -700 -362
148 20 2.2 -728 -374
150 20 2.2 -684 -346
152 20 2.2 -648 -334
154 20 2.2 -612 -306
155 20 2.2 -652 -304
157 20 2.2 -624 -316
160 20 2.2 -616 -334
162 20 2.2 -632 -334
164 20 2.2 -616 -334
166 20 2.2 -608 -338
168 20 2.2 -628 -336
170 20 2.2 -656 -356
172 20 2.2 -628 -332
174 20 2.2 -556 -310
177 20 2.2 -580 -304
179 20 2.2 -636 -336
181 20 2.2 -700 -370
184 20 2.2 -664 -354
186 20 2.2 -684 -368
188 20 2.2 -708 -366
191 20 2.2 -668 -356
193 20 2.2 -672 -354
196 20 2.2 -696 -368
198 20 2.2 -600 -322
201 20 2.2 -648 -342
203 20 2.2 -564 -304
206 20 2.2 -644 -332
209 20 2.2 -588 -324
211 20 2.2 -580 -310
214 20 2.2 -576 -288
217 20 2.2 -572 -256
220 20 2.2 -536 -230
222 20 2.2 -560 -242
225 20 2.2 -596 -250
228 20 2.2 -588 -262
231 20 2.2 -564 -270
234 20 2.2 -580 -292
237 20 2.2 -628 -298
240 20 2.2 -596 -290
243 20 2.2 -604 -332
246 20 2.2 -676 -362
250 20 2.2 -688 -366
253 20 2.2 -656 -340
256 20 2.2 -636 -328
259 20 2.2 -548 -296
263 20 2.2 -588 -316
266 20 2.2 -612 -324
269 20 2.2 -624 -338
273 20 2.2 -632 -332
276 20 2.2 -640 -344
280 20 2.2 -620 -326
284 20 2.2 -616 -324
287 20 2.2 -648 -340
291 20 2.2 -640 -342
295 20 2.2 -660 -348
298 20 2.2 -664 -342
302 20 2.2 -644 -328
306 20 2.2 -612 -312
310 20 2.2 -680 -336
314 20 2.2 -652 -318
318 20 2.2 -620 -338
322 20 2.2 -648 -348
326 20 2.2 -648 -352
331 20 2.2 -652 -354
335 20 2.2 -688 -360
339 20 2.2 -692 -362
344 20 2.2 -616 -312
348 20 2.2 -620 -324
352 20 2.2 -604 -318
357 20 2.2 -624 -332
362 20 2.2 -680 -356
366 20 2.2 -684 -368
371 20 2.2 -668 -362
376 20 2.2 -628 -332
381 20 2.2 -632 -340
385 20 2.2 -632 -346
390 20 2.2 -648 -352
395 20 2.2 -648 -352
401 20 2.2 -684 -368
406 20 2.2 -640 -334
411 20 2.2 -600 -312
416 20 2.2 -584 -286
422 20 2.2 -552 -280
427 20 2.2 -640 -344
433 20 2.2 -664 -342
438 20 2.2 -652 -344
444 20 2.2 -664 -354
449 20 2.2 -708 -360
455 20 2.2 -616 -336
461 20 2.2 -572 -312
467 20 2.2 -592 -328
473 20 2.2 -640 -334
479 20 2.2 -632 -330
485 20 2.2 -612 -312
492 20 2.2 -648 -342
498 20 2.2 -648 -356
504 20 2.2 -696 -364
511 20 2.2 -660 -358
517 20 2.2 -620 -330
524 20 2.2 -612 -310
531 20 2.2 -636 -338
538 20 2.2 -616 -322
545 20 2.2 -564 -312
552 20 2.2 -648 -338
559 20 2.2 -656 -354
566 20 2.2 -616 -340
573 20 2.2 -648 -324
581 20 2.2 -688 -366
588 20 2.2 -668 -348
596 20 2.2 -624 -342
603 20 2.2 -668 -342
611 20 2.2 -664 -336
619 20 2.2 -648 -340
627 20 2.2 -684 -366
635 20 2.2 -660 -354
643 20 2.2 -656 -352
652 20 2.2 -640 -344
660 20 2.2 -664 -352
668 20 2.2 -680 -360
677 20 2.2 -608 -270
686 20 2.2 -660 -352
695 20 2.2 -612 -338
704 20 2.2 -728 -380
713 20 2.2 -628 -340
722 20 2.2 -596 -308
731 20 2.2 -692 -368
741 20 2.2 -652 -346
750 20 2.2 -640 -342
760 20 2.2 -608 -334
770 20 2.2 -652 -356
780 20 2.2 -612 -316
790 20 2.2 -676 -348
800 20 2.2 -660 -352
810 20 2.2 -704 -370
821 20 2.2 -632 -344
831 20 2.2 -628 -320
842 20 2.2 -616 -312
853 20 2.2 -680 -358
864 20 2.2 -672 -360
875 20 2.2 -640 -354
886 20 2.2 -656 -350
897 20 2.2 -696 -360
909 20 2.2 -596 -320
921 20 2.2 -604 -280
933 20 2.2 -580 -300
945 20 2.2 -624 -322
957 20 2.2 -568 -314
969 20 2.2 -612 -336
982 20 2.2 -532 -280
994 20 2.2 -620 -322
1007 20 2.2 -648 -344
1020 20 2.2 -672 -354
1033 20 2.2 -680 -356
1047 20 2.2 -668 -334
1060 20 2.2 -648 -334
1074 20 2.2 -692 -364
1088 20 2.2 -688 -370
1102 20 2.2 -620 -328
1116 20 2.2 -636 -350
1130 20 2.2 -568 -326
1145 20 2.2 -620 -314
1160 20 2.2 -644 -346
1174 20 2.2 -636 -334
1190 20 2.2 -620 -322
1205 20 2.2 -680 -358
1220 20 2.2 -668 -344
1236 20 2.2 -632 -308
1252 20 2.2 -592 -278
1268 20 2.2 -548 -250
1285 20 2.2 -544 -264
1301 20 2.2 -664 -312
1318 20 2.2 -648 -342
1335 20 2.2 -648 -338
1352 20 2.2 -656 -342
1370 20 2.2 -716 -376
1387 20 2.2 -672 -354
1405 20 2.2 -600 -316
1423 20 2.2 -596 -310
1442 20 2.2 -664 -352
1460 20 2.2 -588 -266
1479 20 2.2 -556 -304
1498 20 2.2 -628 -332
1517 20 2.2 -532 -228
1537 20 2.2 -596 -332
1557 20 2.2 -624 -344
1577 20 2.2 -608 -310
1597 20 2.2 -624 -314
1618 20 2.2 -656 -348
1639 20 2.2 -640 -310
1660 20 2.2 -636 -352
1681 20 2.2 -560 -272
1703 20 2.2 -524 -168
1725 20 2.2 -588 -294
1747 20 2.2 -664 -348
1770 20 2.2 -624 -336
1792 20 2.2 -660 -360
1816 20 2.2 -672 -358
1839 20 2.2 -648 -342
1863 20 2.2 -648 -344
1887 20 2.2 -616 -332
1911 20 2.2 -680 -358
1936 20 2.2 -668 -354
1961 20 2.2 -672 -350
1986 20 2.2 -668 -358
2012 20 2.2 -632 -340
2037 20 2.2 -636 -342
2064 20 2.2 -700 -364
2090 20 2.2 -624 -298
2117 20 2.2 -568 -226
2145 20 2.2 -612 -292
2172 20 2.2 -660 -342
2200 20 2.2 -640 -352
2229 20 2.2 -692 -370
2257 20 2.2 -592 -300
2286 20 2.2 -652 -352
2316 20 2.2 -712 -372
2346 20 2.2 -640 -354
2376 20 2.2 -668 -360
2407 20 2.2 -536 -184
2438 20 2.2 -504 0
2469 20 2.2 -544 196
2501 20 2.2 -612 272
2533 20 2.2 -644 332
2566 20 2.2 -644 332
2599 20 2.2 -608 316
2633 20 2.2 -624 346
2667 20 2.2 -588 312
2701 20 2.2 -620 322
2736 20 2.2 -616 302
2771 20 2.2 -560 272
2807 20 2.2 -700 366
2843 20 2.2 -608 330
2880 20 2.2 -600 300
2917 20 2.2 -696 364
2954 20 2.2 -560 288
2992 20 2.2 -604 300
3031 20 2.2 -584 288
3070 20 2.2 -536 268
3110 20 2.2 -624 302
3150 20 2.2 -648 346
3190 20 2.2 -568 260
3232 20 2.2 -576 306
3273 20 2.2 -568 260
3315 20 2.2 -556 240
3358 20 2.2 -564 304
3402 20 2.2 -648 352
3445 20 2.2 -668 362
3490 20 2.2 -660 356
3535 20 2.2 -616 334
3580 20 2.2 -624 338
3627 20 2.2 -688 364
3673 20 2.2 -652 352
3721 20 2.2 -612 320
3769 20 2.2 -596 308
3817 20 2.2 -616 328
3867 20 2.2 -584 302
3916 20 2.2 -624 332
3967 20 2.2 -648 336
4018 20 2.2 -640 310
4070 20 2.2 -492 222
4122 20 2.2 -560 220
4176 20 2.2 -672 344
4229 20 2.2 -496 226
4284 20 2.2 -548 126
4339 20 2.2 -644 344
4395 20 2.2 -588 302
4452 20 2.2 -684 370
4509 20 2.2 -588 304
4567 20 2.2 -644 338
4626 20 2.2 -664 356
4686 20 2.2 -672 350
4746 20 2.2 -668 336
4808 20 2.2 -676 352
4870 20 2.2 -592 302
4932 20 2.2 -652 340
4996 20 2.2 -672 350
5060 20 2.2 -684 364
5126 20 2.2 -692 372
5192 20 2.2 -612 318
5259 20 2.2 -560 272
5327 20 2.2 -624 244
5395 20 2.2 -648 350
5465 20 2.2 -636 344
5535 20 2.2 -644 350
5607 20 2.2 -616 324
5679 20 2.2 -660 350
5752 20 2.2 -584 290
5826 20 2.2 -656 350
5902 20 2.2 -684 364
5978 20 2.2 -512 254
6055 20 2.2 -552 300
6133 20 2.2 -572 302
6212 20 2.2 -588 290
6292 20 2.2 -604 334
6373 20 2.2 -572 302
6455 20 2.2 -564 294
6539 20 2.2 -708 368
6623 20 2.2 -636 322
6708 20 2.2 -600 306
6795 20 2.2 -704 376
6883 20 2.2 -436 196
6971 20 2.2 -580 298
7061 20 2.2 -564 278
7152 20 2.2 -572 304
7245 20 2.2 -684 344
7338 20 2.2 -680 366
7433 20 2.2 -700 372
7529 20 2.2 -604 318
7626 20 2.2 -580 330
7724 20 2.2 -664 354
7824 20 2.2 -584 320
7925 20 2.2 -580 276
8027 20 2.2 -632 340
8130 20 2.2 -612 276
8235 20 2.2 -612 320
8341 20 2.2 -652 332
8449 20 2.2 -564 258
8558 20 2.2 -552 232
8668 20 2.2 -620 324
8780 20 2.2 -612 328
8893 20 2.2 -624 296
9008 20 2.2 -628 328
9124 20 2.2 -640 336
9242 20 2.2 -548 256
9361 20 2.2 -580 316
9482 20 2.2 -576 306
9604 20 2.2 -596 292
9728 20 2.2 -652 352
9853 20 2.2 -676 358
9980 20 2.2 -644 350
10109 20 2.2 -556 296
10240 20 2.2 -592 296
10372 20 2.2 -652 348
10505 20 2.2 -664 346
10641 20 2.2 -576 314
10778 20 2.2 -596 330
10917 20 2.2 -600 320
11058 20 2.2 -688 364
11201 20 2.2 -752 386
11345 20 2.2 -632 340
11491 20 2.2 -620 258
11640 20 2.2 -568 316
11790 20 2.2 -680 354
11942 20 2.2 -620 316
12096 20 2.2 -620 324
12252 20 2.2 -612 330
12410 20 2.2 -720 370
12570 20 2.2 -704 370
12732 20 2.2 -680 364
12896 20 2.2 -692 364
13062 20 2.2 -576 286
13231 20 2.2 -612 316
13402 20 2.2 -628 334
13574 20 2.2 -644 354
13750 20 2.2 -612 288
13927 20 2.2 -568 234
14106 20 2.2 -640 342
14288 20 2.2 -636 342
14473 20 2.2 -608 242
14659 20 2.2 -604 296
14848 20 2.2 -644 340
15040 20 2.2 -644 344
15234 20 2.2 -664 352
15430 20 2.2 -564 292
15629 20 2.2 -604 330
15831 20 2.2 -692 354
16035 20 2.2 -564 302
16242 20 2.2 -656 348
16451 20 2.2 -672 364
16664 20 2.2 -592 310
16879 20 2.2 -692 364
17096 20 2.2 -664 360
17317 20 2.2 -548 222
17540 20 2.2 -644 346
17766 20 2.2 -660 358
17995 20 2.2 -620 318
18228 20 2.2 -612 276
18463 20 2.2 -640 346
18701 20 2.2 -592 322
18942 20 2.2 -636 326
19186 20 2.2 -588 328
19434 20 2.2 -544 192
19684 20 2.2 -600 284
19938 20 2.2 -560 254
20195 20 2.2 -648 346
20456 20 2.2 -592 314
20720 20 2.2 -548 260
20987 20 2.2 -644 340
21258 20 2.2 -608 322
21532 20 2.2 -700 372
21810 20 2.2 -632 302
22091 20 2.2 -628 306
22376 20 2.2 -540 206
22664 20 2.2 -592 314
22957 20 2.2 -632 324
23253 20 2.2 -612 338
23553 20 2.2 -632 340
23856 20 2.2 -604 322
24164 20 2.2 -644 346
24476 20 2.2 -608 312
24791 20 2.2 -568 272
25111 20 2.2 -576 270
25435 20 2.2 -608 326
25763 20 2.2 -600 304
26095 20 2.2 -596 326
26432 20 2.2 -624 340
26773 20 2.2 -620 322
27118 20 2.2 -560 284
27468 20 2.2 -568 316
27822 20 2.2 -680 348
28181 20 2.2 -612 248
28545 20 2.2 -724 366
28913 20 2.2 -568 330
29286 20 2.2 -664 358
29663 20 2.2 -704 368
30046 20 2.2 -608 282
30434 20 2.2 -672 362
30826 20 2.2 -568 292
31224 20 2.2 -656 348
31626 20 2.2 -600 328
32034 20 2.2 -548 294
32447 20 2.2 -612 336
32866 20 2.2 -520 230
33290 20 2.2 -684 364
33719 20 2.2 -648 316
34154 20 2.2 -596 306
34595 20 2.2 -656 362
35041 20 2.2 -508 274
35493 20 2.2 -620 310
35951 20 2.2 -672 358
36414 20 2.2 -644 342
36884 20 2.2 -624 332
37360 20 2.2 -628 226
37841 20 2.2 -668 358
38330 20 2.2 -608 318
38824 20 2.2 -672 348
39325 20 2.2 -580 332
39832 20 2.2 -628 340
40346 20 2.2 -608 330
40866 20 2.2 -672 364
41393 20 2.2 -668 340
41927 20 2.2 -716 376
42468 20 2.2 -552 276
43015 20 2.2 -676 354
43570 20 2.2 -544 -262
44132 20 2.2 -656 -356
44701 20 2.2 -656 -352
45278 20 2.2 -576 -320
45862 20 2.2 -612 -242
46453 20 2.2 -576 -300
47053 20 2.2 -592 -330
47660 20 2.2 -624 -302
48274 20 2.2 -624 -330
48897 20 2.2 -660 -350
49528 20 2.2 -592 -336
50166 20 2.2 -592 -220
50813 20 2.2 -660 -352
51469 20 2.2 -560 -308
52133 20 2.2 -592 -322
52805 20 2.2 -608 -328
53486 20 2.2 -552 -294
54176 20 2.2 -584 -240
54875 20 2.2 -588 -296
55582 20 2.2 -676 -360
56299 20 2.2 -576 -248
57025 20 2.2 -624 -330
57761 20 2.2 -608 -320
58506 20 2.2 -632 -326
59261 20 2.2 -696 -368
60025 20 2.2 -596 -326
60799 20 2.2 -584 -312
61583 20 2.2 -640 -336
62378 20 2.2 -608 -304
63182 20 2.2 -548 -302
63997 20 2.2 -576 -280
64822 20 2.2 -672 -356
65658 20 2.2 -620 -332
66505 20 2.2 -636 -328
67363 20 2.2 -532 -114
68232 20 2.2 -552 -250
69112 20 2.2 -620 -298
70003 20 2.2 -624 340
70906 20 2.2 -632 316
71821 20 2.2 -628 338
72747 20 2.2 -584 264
73685 20 2.2 -604 318
74636 20 2.2 -668 360
75599 20 2.2 -628 298
76574 20 2.2 -620 344
77561 20 2.2 -632 346
78562 20 2.2 -664 352
79575 20 2.2 -628 -322
80601 20 2.2 -620 -316
81641 20 2.2 -680 -356
82694 20 2.2 -684 366
83760 20 2.2 -580 250
84841 20 2.2 -564 274
85935 20 2.2 -560 -22
87043 20 2.2 -692 366
88166 20 2.2 -588 302
89303 20 2.2 -688 364
90455 20 2.2 -620 -336
91622 20 2.2 -652 -346
92803 20 2.2 -636 -352
94000 20 2.2 -656 -348
95213 20 2.2 -656 -346
96441 20 2.2 -604 -310
97685 20 2.2 -584 -308
98945 20 2.2 -580 -318
100221 20 2.2 -572 -306
101513 20 2.2 -696 -370
102823 20 2.2 -516 -270
104149 20 2.2 -692 -360
105492 20 2.2 -672 -360
106853 20 2.2 -688 -370
108231 20 2.2 -548 -256
109627 20 2.2 -528 -290
111041 20 2.2 -612 -328
112473 20 2.2 -644 -348
113924 20 2.2 -572 -286
115393 20 2.2 -572 -220
116882 20 2.2 -612 -332
118389 20 2.2 -648 -336
119916 20 2.2 -708 -374
121463 20 2.2 -704 -366
123029 20 2.2 -588 -314
124616 20 2.2 -620 -330
126224 20 2.2 -688 366
127852 20 2.2 -608 320
129501 20 2.2 -584 228
131171 20 2.2 -584 290
132863 20 2.2 -700 370
134576 20 2.2 -548 278
136312 20 2.2 -604 268
138070 20 2.2 -640 346
139851 20 2.2 -552 288
141655 20 2.2 -696 366
143482 20 2.2 -564 282
145333 20 2.2 -644 344
147207 20 2.2 -504 220
149106 20 2.2 -624 332
151029 20 2.2 -616 -330
152977 20 2.2 -660 -338
154950 20 2.2 -640 -340
156948 20 2.2 -632 326
158973 20 2.2 -552 282
161023 20 2.2 -644 -352
163100 20 2.2 -636 -336
165204 20 2.2 -560 286
167334 20 2.2 -680 -364
169493 20 2.2 -680 -366
171679 20 2.2 -612 -342
173893 20 2.2 -632 340
176136 20 2.2 -660 360
178408 20 2.2 -620 -336
180709 20 2.2 -496 -158
183040 20 2.2 -668 -342
185400 20 2.2 -640 -338
187792 20 2.2 -628 -326
190214 20 2.2 -644 -342
192667 20 2.2 -568 98
195152 20 2.2 -580 -298
197669 20 2.2 -624 -340
200219 20 2.2 -592 -338
202801 20 2.2 -628 -342
205417 20 2.2 -652 -354
208066 20 2.2 -664 -332
210750 20 2.2 -652 -340
213468 20 2.2 -584 -324
216222 20 2.2 -656 -346
219010 20 2.2 -660 -354
221835 20 2.2 -660 -342
224696 20 2.2 -568 310
227595 20 2.2 -660 352
230530 20 2.2 -660 350
233503 20 2.2 -612 324
236515 20 2.2 -680 340
239566 20 2.2 -580 324
242656 20 2.2 -560 274
245785 20 2.2 -624 320
248956 20 2.2 -676 344
252167 20 2.2 -656 350
255419 20 2.2 -600 320
258713 20 2.2 -664 356
262050 20 2.2 -576 268
265430 20 2.2 -580 296
268854 20 2.2 -632 326
272321 20 2.2 -680 364
275834 20 2.2 -548 322
279391 20 2.2 -604 -330
282995 20 2.2 -616 -316
286645 20 2.2 -584 320
290342 20 2.2 -632 338
294087 20 2.2 -616 332
297880 20 2.2 -624 -324
301722 20 2.2 -564 -276
305614 20 2.2 -696 370
309556 20 2.2 -644 346
313548 20 2.2 -512 232
317592 20 2.2 -592 292
321689 20 2.2 -448 152
325838 20 2.2 -652 -360
330040 20 2.2 -540 288
334297 20 2.2 -528 152
338609 20 2.2 -680 362
342976 20 2.2 -644 348
347400 20 2.2 -540 -266
351881 20 2.2 -564 296
356419 20 2.2 -528 -226
361016 20 2.2 -640 -344
365673 20 2.2 -636 -330
370389 20 2.2 -652 -350
375167 20 2.2 -524 -274
380005 20 2.2 -508 -248
384907 20 2.2 -636 -332
389871 20 2.2 -560 -190
394900 20 2.2 -640 -312
399993 20 2.2 -648 -330
405152 20 2.2 -692 -356
410378 20 2.2 -652 342
415671 20 2.2 -500 204
421032 20 2.2 -596 -326
426463 20 2.2 -624 -352
431963 20 2.2 -596 308
437535 20 2.2 -660 350
443178 20 2.2 -636 -340
448894 20 2.2 -676 -322
454684 20 2.2 -660 -350
460548 20 2.2 -652 -352
466489 20 2.2 -476 110
472505 20 2.2 -624 320
478600 20 2.2 -684 -354
484773 20 2.2 -608 -332
491025 20 2.2 -568 298
497358 20 2.2 -684 -362
503773 20 2.2 -660 -332
510271 20 2.2 -592 310
516852 20 2.2 -632 332
523519 20 2.2 -720 374
530271 20 2.2 -576 304
537111 20 2.2 -584 318
544038 20 2.2 -608 326
551055 20 2.2 -632 344
558163 20 2.2 -624 -338
565362 20 2.2 -632 -344
572654 20 2.2 -508 258
580040 20 2.2 -640 -352
587521 20 2.2 -592 -312
595099 20 2.2 -548 -274
602775 20 2.2 -584 296
610549 20 2.2 -664 -348
618424 20 2.2 -568 -286
626400 20 2.2 -552 280
634480 20 2.2 -644 334
642663 20 2.2 -628 326
650952 20 2.2 -648 -358
659348 20 2.2 -620 344
667853 20 2.2 -476 -106
676467 20 2.2 -540 -262
685192 20 2.2 -540 -266
694029 20 2.2 -624 -352
702981 20 2.2 -660 -356
712048 20 2.2 -504 -164
721232 20 2.2 -704 -370
730534 20 2.2 -592 -322
739957 20 2.2 -652 -334
749500 20 2.2 -676 342
759168 20 2.2 -552 284
768959 20 2.2 -556 238
778877 20 2.2 -640 322
788923 20 2.2 -620 338
799099 20 2.2 -664 -332
809405 20 2.2 -616 306
819845 20 2.2 -676 366
830419 20 2.2 -616 322
841130 20 2.2 -636 344
851979 20 2.2 -564 296
862968 20 2.2 -696 368
874098 20 2.2 -544 256
885373 20 2.2 -624 -336
896792 20 2.2 -612 -334
908359 20 2.2 -608 334
920075 20 2.2 -592 322
931942 20 2.2 -584 304
943962 20 2.2 -612 324
956137 20 2.2 -560 254
968470 20 2.2 -672 354
980961 20 2.2 -568 -296
993613 20 2.2 -644 -350
999999 20 2.2 -620 -304
