3 100 2.2 -9344 -190
4 100 2.2 -10048 -174
5 100 2.2 -10532 -66
6 100 2.2 -10868 -118
7 100 2.2 -11104 -296
8 100 2.2 -11384 -280
9 100 2.2 -11580 -220
10 100 2.2 -11784 -336
11 100 2.2 -12036 -128
12 100 2.2 -12160 -60
13 100 2.2 -12444 74
14 100 2.2 -12420 -26
15 100 2.2 -12596 -102
16 100 2.2 -12820 -184
17 100 2.2 -12740 -90
18 100 2.2 -12624 -214
19 100 2.2 -12644 -294
20 100 2.2 -12792 -408
21 100 2.2 -12976 -516
22 100 2.2 -12916 -494
23 100 2.2 -13084 -412
24 100 2.2 -13084 -460
25 100 2.2 -13136 -502
26 100 2.2 -13420 -574
27 100 2.2 -13312 -512
28 100 2.2 -13296 -568
29 100 2.2 -13340 -538
30 100 2.2 -13464 -610
31 100 2.2 -13536 -600
32 100 2.2 -13316 -634
33 100 2.2 -13280 -654
34 100 2.2 -13376 -602
35 100 2.2 -13508 -632
36 100 2.2 -13372 -690
37 100 2.2 -13532 -706
38 100 2.2 -13644 -766
39 100 2.2 -13668 -692
40 100 2.2 -13672 -662
41 100 2.2 -13616 -606
42 100 2.2 -13588 -666
43 100 2.2 -13656 -680
44 100 2.2 -13556 -706
45 100 2.2 -13420 -766
46 100 2.2 -13304 -738
47 100 2.2 -13580 -716
48 100 2.2 -13500 -886
49 100 2.2 -13568 -948
50 100 2.2 -13468 -1014
51 100 2.2 -13500 -964
52 100 2.2 -13544 -1068
53 100 2.2 -13512 -1128
54 100 2.2 -13504 -1170
55 100 2.2 -13412 -1206
56 100 2.2 -13444 -1260
57 100 2.2 -13356 -1196
58 100 2.2 -13576 -1100
59 100 2.2 -13604 -1010
60 100 2.2 -13700 -942
61 100 2.2 -13680 -826
62 100 2.2 -13808 -898
63 100 2.2 -13720 -950
64 100 2.2 -13744 -964
65 100 2.2 -13924 -1006
66 100 2.2 -13744 -1116
67 100 2.2 -13976 -1190
68 100 2.2 -13952 -1230
69 100 2.2 -14240 -1058
70 100 2.2 -14040 -898
71 100 2.2 -13792 -720
72 100 2.2 -13668 -768
73 100 2.2 -13740 -724
74 100 2.2 -13904 -464
75 100 2.2 -13800 -606
76 100 2.2 -14000 -666
77 100 2.2 -14024 -726
78 100 2.2 -13848 -694
79 100 2.2 -13840 -720
80 100 2.2 -13916 -712
81 100 2.2 -13740 -632
82 100 2.2 -13608 -666
83 100 2.2 -13432 -768
84 100 2.2 -13716 -816
85 100 2.2 -13632 -926
86 100 2.2 -13568 -966
88 100 2.2 -13808 -904
89 100 2.2 -13896 -794
90 100 2.2 -13764 -784
91 100 2.2 -13812 -802
92 100 2.2 -13776 -898
93 100 2.2 -13468 -910
95 100 2.2 -13760 -828
96 100 2.2 -13744 -816
97 100 2.2 -13716 -632
98 100 2.2 -13728 -592
99 100 2.2 -13808 -572
101 100 2.2 -13984 -442
102 100 2.2 -13940 -558
103 100 2.2 -13972 -550
105 100 2.2 -14084 -462
106 100 2.2 -13884 -430
107 100 2.2 -13836 -452
109 100 2.2 -14188 -538
110 100 2.2 -14192 -590
112 100 2.2 -14352 -636
113 100 2.2 -14168 -638
114 100 2.2 -14332 -670
116 100 2.2 -14256 -576
117 100 2.2 -13884 -714
119 100 2.2 -13916 -492
120 100 2.2 -13988 -634
122 100 2.2 -14056 -504
124 100 2.2 -14080 -382
125 100 2.2 -13996 -470
127 100 2.2 -14192 -526
128 100 2.2 -13968 -452
130 100 2.2 -14256 -502
132 100 2.2 -14344 -518
133 100 2.2 -14260 -538
135 100 2.2 -14244 -642
137 100 2.2 -14208 -540
139 100 2.2 -14296 -570
140 100 2.2 -14248 -526
142 100 2.2 -14384 -632
144 100 2.2 -13952 -570
146 100 2.2 -13768 -746
148 100 2.2 -13832 -592
150 100 2.2 -13956 -506
152 100 2.2 -13808 -664
154 100 2.2 -13700 -836
155 100 2.2 -13812 -860
157 100 2.2 -14232 -1084
160 100 2.2 -14336 -1200
162 100 2.2 -14176 -1140
164 100 2.2 -14100 -1060
166 100 2.2 -14108 -1190
168 100 2.2 -14060 -1128
170 100 2.2 -14244 -1170
172 100 2.2 -14388 -964
174 100 2.2 -14192 -820
177 100 2.2 -14324 -576
179 100 2.2 -14296 -802
181 100 2.2 -14492 -834
184 100 2.2 -14448 -630
186 100 2.2 -14096 -616
188 100 2.2 -14840 -724
191 100 2.2 -14552 -936
193 100 2.2 -14608 -876
196 100 2.2 -14868 -920
198 100 2.2 -14804 -900
201 100 2.2 -15036 -964
203 100 2.2 -14872 -920
206 100 2.2 -14612 -888
209 100 2.2 -14672 -918
211 100 2.2 -14632 -896
214 100 2.2 -14200 -838
217 100 2.2 -14604 -942
220 100 2.2 -14684 -988
222 100 2.2 -14580 -938
225 100 2.2 -14520 -942
228 100 2.2 -14668 -1158
231 100 2.2 -14916 -1366
234 100 2.2 -14620 -1380
237 100 2.2 -14692 -1460
240 100 2.2 -14676 -1554
243 100 2.2 -14688 -1474
246 100 2.2 -14884 -1450
250 100 2.2 -14788 -1534
253 100 2.2 -14636 -1596
256 100 2.2 -14720 -1714
259 100 2.2 -14400 -1898
263 100 2.2 -14620 -1940
266 100 2.2 -14688 -1920
269 100 2.2 -14444 -2032
273 100 2.2 -14572 -2026
276 100 2.2 -14460 -1804
280 100 2.2 -14640 -2100
284 100 2.2 -14676 -2164
287 100 2.2 -14728 -2242
291 100 2.2 -14920 -2498
295 100 2.2 -14744 -2346
298 100 2.2 -14540 -2314
302 100 2.2 -14432 -2500
306 100 2.2 -14440 -2500
310 100 2.2 -14244 -2588
314 100 2.2 -14284 -2584
318 100 2.2 -14640 -2282
322 100 2.2 -14392 -2474
326 100 2.2 -14528 -2578
331 100 2.2 -14836 -2892
335 100 2.2 -14212 -2976
339 100 2.2 -14316 -2846
344 100 2.2 -14788 -2864
348 100 2.2 -14584 -2860
352 100 2.2 -14564 -2816
357 100 2.2 -14684 -2896
362 100 2.2 -14744 -2878
366 100 2.2 -14948 -2954
371 100 2.2 -14244 -2804
376 100 2.2 -14704 -2802
381 100 2.2 -14512 -2616
385 100 2.2 -14668 -2738
390 100 2.2 -14824 -3012
395 100 2.2 -14760 -2872
401 100 2.2 -14580 -2960
406 100 2.2 -14484 -2870
411 100 2.2 -14940 -3036
416 100 2.2 -14680 -3018
422 100 2.2 -14756 -3270
427 100 2.2 -14996 -3262
433 100 2.2 -14704 -3018
438 100 2.2 -14460 -3126
444 100 2.2 -14584 -3072
449 100 2.2 -14312 -2988
455 100 2.2 -14576 -3154
461 100 2.2 -15188 -3422
467 100 2.2 -14868 -3286
473 100 2.2 -15012 -3348
479 100 2.2 -15104 -3410
485 100 2.2 -14864 -3314
492 100 2.2 -14944 -3308
498 100 2.2 -15044 -3362
504 100 2.2 -15060 -3486
511 100 2.2 -14780 -3312
517 100 2.2 -14644 -3504
524 100 2.2 -14804 -3028
531 100 2.2 -14888 -2890
538 100 2.2 -14996 -2892
545 100 2.2 -14396 -2938
552 100 2.2 -14552 -2984
559 100 2.2 -14972 -3110
566 100 2.2 -14500 -3164
573 100 2.2 -14764 -3016
581 100 2.2 -14956 -3192
588 100 2.2 -14316 -2796
596 100 2.2 -14768 -3122
603 100 2.2 -14780 -3184
611 100 2.2 -15024 -2900
619 100 2.2 -14688 -2854
627 100 2.2 -14692 -2682
635 100 2.2 -14844 -2414
643 100 2.2 -14856 -2190
652 100 2.2 -14756 -2310
660 100 2.2 -14456 -2468
668 100 2.2 -14856 -2726
677 100 2.2 -14956 -2968
686 100 2.2 -15028 -3468
695 100 2.2 -14588 -3294
704 100 2.2 -15096 -3026
713 100 2.2 -14656 -3078
722 100 2.2 -14636 -2594
731 100 2.2 -14288 -2764
741 100 2.2 -14316 -2558
750 100 2.2 -14516 -2630
760 100 2.2 -14420 -2384
770 100 2.2 -14708 -2386
780 100 2.2 -14560 -2676
790 100 2.2 -14036 -1966
800 100 2.2 -14340 -2356
810 100 2.2 -14344 -2288
821 100 2.2 -14196 -2332
831 100 2.2 -15020 -2936
842 100 2.2 -14772 -3074
853 100 2.2 -14684 -2986
864 100 2.2 -14708 -2982
875 100 2.2 -15204 -3202
886 100 2.2 -14796 -3248
897 100 2.2 -15232 -3182
909 100 2.2 -14932 -3238
921 100 2.2 -14616 -3244
933 100 2.2 -14432 -3318
945 100 2.2 -14776 -3070
957 100 2.2 -14788 -3014
969 100 2.2 -14760 -3210
982 100 2.2 -14808 -3130
994 100 2.2 -14780 -3020
1007 100 2.2 -14756 -3102
1020 100 2.2 -14844 -3422
1033 100 2.2 -15084 -3206
1047 100 2.2 -14824 -3284
1060 100 2.2 -14380 -3286
1074 100 2.2 -14748 -2850
1088 100 2.2 -14736 -3434
1102 100 2.2 -14440 -3436
1116 100 2.2 -15348 -3570
1130 100 2.2 -14896 -3434
1145 100 2.2 -14812 -3242
1160 100 2.2 -14924 -3260
1174 100 2.2 -14600 -3166
1190 100 2.2 -14912 -3602
1205 100 2.2 -14500 -3612
1220 100 2.2 -14716 -3828
1236 100 2.2 -15008 -4130
1252 100 2.2 -15260 -4094
1268 100 2.2 -14704 -4048
1285 100 2.2 -15348 -4488
1301 100 2.2 -14788 -4184
1318 100 2.2 -14792 -4094
1335 100 2.2 -15112 -3912
1352 100 2.2 -15044 -3592
1370 100 2.2 -15020 -3822
1387 100 2.2 -14636 -3952
1405 100 2.2 -14768 -3938
1423 100 2.2 -14832 -4090
1442 100 2.2 -14496 -4112
1460 100 2.2 -14572 -3948
1479 100 2.2 -15028 -3994
1498 100 2.2 -15076 -4136
1517 100 2.2 -14744 -4064
1537 100 2.2 -15100 -4456
1557 100 2.2 -15196 -4594
1577 100 2.2 -15340 -4478
1597 100 2.2 -15068 -4388
1618 100 2.2 -15064 -4464
1639 100 2.2 -14668 -4272
1660 100 2.2 -14652 -4154
1681 100 2.2 -15116 -4506
1703 100 2.2 -14832 -4846
1725 100 2.2 -14892 -5046
1747 100 2.2 -15096 -4852
1770 100 2.2 -15080 -5118
1792 100 2.2 -15300 -5658
1816 100 2.2 -15276 -5458
1839 100 2.2 -15436 -5578
1863 100 2.2 -15096 -5930
1887 100 2.2 -14944 -5934
1911 100 2.2 -14832 -6118
1936 100 2.2 -15064 -6346
1961 100 2.2 -15164 -6404
1986 100 2.2 -15452 -6372
2012 100 2.2 -15192 -6412
2037 100 2.2 -15080 -6240
2064 100 2.2 -15340 -6448
2090 100 2.2 -15356 -6430
2117 100 2.2 -14700 -6296
2145 100 2.2 -15232 -6154
2172 100 2.2 -14824 -6482
2200 100 2.2 -15240 -6952
2229 100 2.2 -14984 -6760
2257 100 2.2 -15216 -6788
2286 100 2.2 -15192 -6724
2316 100 2.2 -15216 -6970
2346 100 2.2 -14732 -6752
2376 100 2.2 -15000 -6790
2407 100 2.2 -15532 -7008
2438 100 2.2 -15284 -7248
2469 100 2.2 -15156 -7184
2501 100 2.2 -15404 -7024
2533 100 2.2 -15272 -6906
2566 100 2.2 -14872 -6932
2599 100 2.2 -15060 -7484
2633 100 2.2 -15700 -8134
2667 100 2.2 -15504 -8080
2701 100 2.2 -15432 -8006
2736 100 2.2 -15964 -8366
2771 100 2.2 -15904 -8322
2807 100 2.2 -15532 -7986
2843 100 2.2 -15656 -8000
2880 100 2.2 -15260 -7784
2917 100 2.2 -15368 -7732
2954 100 2.2 -15636 -7754
2992 100 2.2 -15660 -7616
3031 100 2.2 -15184 -7316
3070 100 2.2 -14684 -6786
3110 100 2.2 -15296 -7072
3150 100 2.2 -15804 -8102
3190 100 2.2 -15720 -8130
3232 100 2.2 -15852 -8202
3273 100 2.2 -15508 -7982
3315 100 2.2 -15332 -8050
3358 100 2.2 -15196 -7900
3402 100 2.2 -15692 -7976
3445 100 2.2 -15704 -8242
3490 100 2.2 -15520 -8020
3535 100 2.2 -15724 -8062
3580 100 2.2 -15332 -8026
3627 100 2.2 -15048 -7644
3673 100 2.2 -15716 -8108
3721 100 2.2 -15256 -7800
3769 100 2.2 -16140 -8486
3817 100 2.2 -16048 -8316
3867 100 2.2 -15712 -8008
3916 100 2.2 -15340 -7700
3967 100 2.2 -15280 -7660
4018 100 2.2 -15476 -7920
4070 100 2.2 -15208 -7844
4122 100 2.2 -15504 -8008
4176 100 2.2 -15192 -7426
4229 100 2.2 -15348 -7670
4284 100 2.2 -15684 -8006
4339 100 2.2 -15788 -8056
4395 100 2.2 -15428 -7886
4452 100 2.2 -15708 -7952
4509 100 2.2 -15420 -7980
4567 100 2.2 -15040 -7574
4626 100 2.2 -15392 -7670
4686 100 2.2 -15268 -7706
4746 100 2.2 -15500 -7986
4808 100 2.2 -15496 -8140
4870 100 2.2 -15404 -8038
4932 100 2.2 -16096 -8486
4996 100 2.2 -15104 -7820
5060 100 2.2 -15512 -7912
5126 100 2.2 -15136 -7316
5192 100 2.2 -15288 -7560
5259 100 2.2 -15500 -7554
5327 100 2.2 -15716 -7972
5395 100 2.2 -15216 -7810
5465 100 2.2 -14976 -7794
5535 100 2.2 -15424 -7948
5607 100 2.2 -15352 -7828
5679 100 2.2 -14928 -7210
5752 100 2.2 -14780 -7316
5826 100 2.2 -15460 -7726
5902 100 2.2 -15652 -8232
5978 100 2.2 -15340 -7816
6055 100 2.2 -15544 -8168
6133 100 2.2 -15324 -7748
6212 100 2.2 -15424 -7824
6292 100 2.2 -15600 -7796
6373 100 2.2 -14964 -7372
6455 100 2.2 -15468 -7578
6539 100 2.2 -15244 -7462
6623 100 2.2 -15056 -7002
6708 100 2.2 -15220 -7072
6795 100 2.2 -15684 -7728
6883 100 2.2 -15448 -7750
6971 100 2.2 -15324 -7730
7061 100 2.2 -15108 -7690
7152 100 2.2 -15300 -7428
7245 100 2.2 -15136 -7816
7338 100 2.2 -16232 -8428
7433 100 2.2 -15196 -7286
7529 100 2.2 -15036 -7154
7626 100 2.2 -15532 -7144
7724 100 2.2 -15008 -7004
7824 100 2.2 -15280 -6930
7925 100 2.2 -15256 -7152
8027 100 2.2 -15812 -7560
8130 100 2.2 -15528 -7766
8235 100 2.2 -15416 -7690
8341 100 2.2 -15532 -8092
8449 100 2.2 -15240 -7932
8558 100 2.2 -15068 -7194
8668 100 2.2 -15496 -7938
8780 100 2.2 -15328 -7656
8893 100 2.2 -15496 -7818
9008 100 2.2 -15156 -7248
9124 100 2.2 -15144 -7688
9242 100 2.2 -14912 -7260
9361 100 2.2 -15480 -7448
9482 100 2.2 -15568 -7342
9604 100 2.2 -15276 -7386
9728 100 2.2 -15688 -8170
9853 100 2.2 -15616 -7490
9980 100 2.2 -15524 -7786
10109 100 2.2 -15268 -7492
10240 100 2.2 -15836 -8264
10372 100 2.2 -15388 -7828
10505 100 2.2 -15108 -7724
10641 100 2.2 -15784 -8032
10778 100 2.2 -14924 -7056
10917 100 2.2 -15140 -7096
11058 100 2.2 -14832 -6728
11201 100 2.2 -14784 -6734
11345 100 2.2 -15836 -7852
11491 100 2.2 -15680 -7662
11640 100 2.2 -15692 -7980
11790 100 2.2 -15860 -8254
11942 100 2.2 -15516 -8148
12096 100 2.2 -15400 -7832
12252 100 2.2 -15360 -7944
12410 100 2.2 -15808 -8288
12570 100 2.2 -15676 -8130
12732 100 2.2 -15468 -8076
12896 100 2.2 -15792 -8210
13062 100 2.2 -15652 -7946
13231 100 2.2 -15704 -8222
13402 100 2.2 -15524 -7954
13574 100 2.2 -15492 -7828
13750 100 2.2 -15388 -7868
13927 100 2.2 -15176 -7544
14106 100 2.2 -15552 -8070
14288 100 2.2 -15764 -8182
14473 100 2.2 -15284 -8122
14659 100 2.2 -15420 -7652
14848 100 2.2 -15308 -7364
15040 100 2.2 -15108 -7736
15234 100 2.2 -15328 -7874
15430 100 2.2 -15936 -8208
15629 100 2.2 -15724 -8086
15831 100 2.2 -15292 -7838
16035 100 2.2 -15076 -7916
16242 100 2.2 -14916 -7630
16451 100 2.2 -15056 -7770
16664 100 2.2 -15628 -8224
16879 100 2.2 -15292 -7618
17096 100 2.2 -15424 -8152
17317 100 2.2 -15544 -7926
17540 100 2.2 -15396 -7528
17766 100 2.2 -15896 -7906
17995 100 2.2 -15868 -8270
18228 100 2.2 -15000 -7520
18463 100 2.2 -15752 -8102
18701 100 2.2 -15664 -8378
18942 100 2.2 -15260 -7718
19186 100 2.2 -14988 -7338
19434 100 2.2 -15756 -8182
19684 100 2.2 -15360 -7930
19938 100 2.2 -15564 -7894
20195 100 2.2 -15416 -7586
20456 100 2.2 -15656 -8158
20720 100 2.2 -15244 -7538
20987 100 2.2 -15820 -8286
21258 100 2.2 -15056 -7890
21532 100 2.2 -15500 -8088
21810 100 2.2 -14884 -7304
22091 100 2.2 -15780 -8200
22376 100 2.2 -15724 -8242
22664 100 2.2 -15440 -7892
22957 100 2.2 -15304 -7776
23253 100 2.2 -15712 -7992
23553 100 2.2 -15624 -8090
23856 100 2.2 -15228 -7704
24164 100 2.2 -15868 -8308
24476 100 2.2 -15520 -8038
24791 100 2.2 -15548 -7966
25111 100 2.2 -15732 -8030
25435 100 2.2 -15308 -7738
25763 100 2.2 -15800 -8250
26095 100 2.2 -15212 -7702
26432 100 2.2 -15472 -8126
26773 100 2.2 -15172 -7576
27118 100 2.2 -15700 -7782
27468 100 2.2 -15328 -7956
27822 100 2.2 -15520 -7954
28181 100 2.2 -15424 -7352
28545 100 2.2 -14996 -7418
28913 100 2.2 -15576 -7778
29286 100 2.2 -15244 -6880
29663 100 2.2 -15944 -8296
30046 100 2.2 -15572 -7734
30434 100 2.2 -15508 -7310
30826 100 2.2 -15300 -7852
31224 100 2.2 -15748 -8288
31626 100 2.2 -15760 -7904
32034 100 2.2 -15600 -7902
32447 100 2.2 -15744 -8356
32866 100 2.2 -15336 -6904
33290 100 2.2 -15084 -7670
33719 100 2.2 -15568 -8110
34154 100 2.2 -15496 -8174
34595 100 2.2 -15028 -7766
35041 100 2.2 -15372 -8084
35493 100 2.2 -15348 -7464
35951 100 2.2 -15880 -8354
36414 100 2.2 -15560 -7932
36884 100 2.2 -15736 -7922
37360 100 2.2 -14960 -7892
37841 100 2.2 -15484 -8026
38330 100 2.2 -15456 -7914
38824 100 2.2 -15596 -8064
39325 100 2.2 -15316 -7938
39832 100 2.2 -15360 -7626
40346 100 2.2 -15708 -8082
40866 100 2.2 -15132 -7770
41393 100 2.2 -15072 -7520
41927 100 2.2 -15260 -7038
42468 100 2.2 -14972 -7076
43015 100 2.2 -15516 -7604
43570 100 2.2 -15452 -7912
44132 100 2.2 -15244 -7532
44701 100 2.2 -15472 -7786
45278 100 2.2 -15496 -7822
45862 100 2.2 -15284 -7682
46453 100 2.2 -14976 -7604
47053 100 2.2 -15208 -7900
47660 100 2.2 -15792 -8324
48274 100 2.2 -16052 -8202
48897 100 2.2 -15504 -7850
49528 100 2.2 -15428 -7832
50166 100 2.2 -15556 -8238
50813 100 2.2 -15476 -7728
51469 100 2.2 -15424 -7768
52133 100 2.2 -15872 -8254
52805 100 2.2 -15612 -7778
53486 100 2.2 -15668 -7790
54176 100 2.2 -15744 -7938
54875 100 2.2 -15280 -7962
55582 100 2.2 -15292 -7790
56299 100 2.2 -15300 -7550
57025 100 2.2 -15176 -7764
57761 100 2.2 -15340 -7884
58506 100 2.2 -15676 -8142
59261 100 2.2 -15440 -7632
60025 100 2.2 -15512 -8160
60799 100 2.2 -15592 -7812
61583 100 2.2 -15508 -8030
62378 100 2.2 -15764 -7938
63182 100 2.2 -15612 -8098
63997 100 2.2 -15520 -8158
64822 100 2.2 -15356 -7614
65658 100 2.2 -15296 -7642
66505 100 2.2 -15728 -8094
67363 100 2.2 -15736 -8032
68232 100 2.2 -15372 -7846
69112 100 2.2 -14792 -7170
70003 100 2.2 -15364 -7946
70906 100 2.2 -15996 -8428
71821 100 2.2 -15356 -7804
72747 100 2.2 -15448 -8090
73685 100 2.2 -15024 -7474
74636 100 2.2 -15420 -8004
75599 100 2.2 -15648 -7998
76574 100 2.2 -15544 -8028
77561 100 2.2 -15232 -7666
78562 100 2.2 -15508 -8152
79575 100 2.2 -15164 -7682
80601 100 2.2 -15372 -7646
81641 100 2.2 -15396 -7732
82694 100 2.2 -15876 -8176
83760 100 2.2 -15608 -8108
84841 100 2.2 -15572 -7956
85935 100 2.2 -15492 -7930
87043 100 2.2 -15508 -7670
88166 100 2.2 -15720 -8176
89303 100 2.2 -15280 -7716
90455 100 2.2 -15312 -7984
91622 100 2.2 -15352 -7426
92803 100 2.2 -15312 -7754
94000 100 2.2 -15296 -7974
95213 100 2.2 -15308 -7760
96441 100 2.2 -15292 -7734
97685 100 2.2 -15756 -8172
98945 100 2.2 -15276 -7546
100221 100 2.2 -15592 -7974
101513 100 2.2 -15860 -8434
102823 100 2.2 -15744 -7168
104149 100 2.2 -15780 -8154
105492 100 2.2 -15316 -7516
106853 100 2.2 -15288 -7074
108231 100 2.2 -15388 -7758
109627 100 2.2 -15180 -7592
111041 100 2.2 -15520 -8034
112473 100 2.2 -14812 -7378
113924 100 2.2 -15776 -8404
115393 100 2.2 -15556 -8028
116882 100 2.2 -16140 -8120
118389 100 2.2 -15448 -7918
119916 100 2.2 -15404 -7682
121463 100 2.2 -15388 -8002
123029 100 2.2 -15360 -8008
124616 100 2.2 -15504 -7926
126224 100 2.2 -15896 -8436
127852 100 2.2 -15224 -7594
129501 100 2.2 -14848 -7486
131171 100 2.2 -15172 -7806
132863 100 2.2 -15144 -7696
134576 100 2.2 -15392 -7584
136312 100 2.2 -15600 -7944
138070 100 2.2 -15120 -7850
139851 100 2.2 -15412 -8066
141655 100 2.2 -15656 -8136
143482 100 2.2 -15776 -8154
145333 100 2.2 -15424 -7512
147207 100 2.2 -15752 -8260
149106 100 2.2 -15668 -8118
151029 100 2.2 -15272 -8040
152977 100 2.2 -15236 -7388
154950 100 2.2 -15852 -8372
156948 100 2.2 -15440 -7864
158973 100 2.2 -15628 -8166
161023 100 2.2 -15664 -8058
163100 100 2.2 -15372 -7646
165204 100 2.2 -15056 -7390
167334 100 2.2 -15644 -7052
169493 100 2.2 -15552 -7946
171679 100 2.2 -15612 -7794
173893 100 2.2 -15512 -8048
176136 100 2.2 -15808 -7972
178408 100 2.2 -15864 -8252
180709 100 2.2 -15736 -8204
183040 100 2.2 -15388 -8136
185400 100 2.2 -15584 -7996
187792 100 2.2 -15360 -7380
190214 100 2.2 -15656 -8234
192667 100 2.2 -15812 -8098
195152 100 2.2 -16076 -8392
197669 100 2.2 -15028 -7078
200219 100 2.2 -15320 -7648
202801 100 2.2 -15272 -7406
205417 100 2.2 -15284 -7714
208066 100 2.2 -15120 -7290
210750 100 2.2 -15380 -7452
213468 100 2.2 -15520 -7900
216222 100 2.2 -15664 -8120
219010 100 2.2 -15220 -7664
221835 100 2.2 -15624 -8184
224696 100 2.2 -15548 -7230
227595 100 2.2 -15756 -8176
230530 100 2.2 -15128 -7238
233503 100 2.2 -15312 -7702
236515 100 2.2 -15696 -8254
239566 100 2.2 -15220 -7306
242656 100 2.2 -15368 -7654
245785 100 2.2 -15600 -8012
248956 100 2.2 -15284 -7686
252167 100 2.2 -15400 -7602
255419 100 2.2 -15400 -7452
258713 100 2.2 -15992 -8422
262050 100 2.2 -15380 -7728
265430 100 2.2 -15504 -8128
268854 100 2.2 -15180 -7206
272321 100 2.2 -15776 -7928
275834 100 2.2 -15216 -7678
279391 100 2.2 -15596 -8086
282995 100 2.2 -15036 -7324
286645 100 2.2 -15152 -7438
290342 100 2.2 -15388 -7764
294087 100 2.2 -14948 -7316
297880 100 2.2 -15236 -7642
301722 100 2.2 -15728 -8034
305614 100 2.2 -15764 -8144
309556 100 2.2 -15848 -8076
313548 100 2.2 -15612 -8084
317592 100 2.2 -15416 -7964
321689 100 2.2 -15176 -6594
325838 100 2.2 -15016 -7648
330040 100 2.2 -15384 -7578
334297 100 2.2 -15936 -8286
338609 100 2.2 -15892 -7874
342976 100 2.2 -15304 -7878
347400 100 2.2 -15408 -8044
351881 100 2.2 -15816 -8272
356419 100 2.2 -15276 -7396
361016 100 2.2 -15352 -7360
365673 100 2.2 -16076 -8346
370389 100 2.2 -15328 -7878
375167 100 2.2 -15184 -7808
380005 100 2.2 -15356 -7778
384907 100 2.2 -15700 -8210
389871 100 2.2 -14760 -7284
394900 100 2.2 -15560 -8044
399993 100 2.2 -15436 -7990
405152 100 2.2 -15472 -8002
410378 100 2.2 -15292 -7798
415671 100 2.2 -15716 -8036
421032 100 2.2 -15760 -8306
426463 100 2.2 -15200 -7476
431963 100 2.2 -15300 -7878
437535 100 2.2 -15628 -8116
443178 100 2.2 -15336 -7640
448894 100 2.2 -15376 -7924
454684 100 2.2 -15132 -7666
460548 100 2.2 -15776 -8072
466489 100 2.2 -15516 -8082
472505 100 2.2 -15076 -6908
478600 100 2.2 -15204 -7662
484773 100 2.2 -15920 -8324
491025 100 2.2 -15416 -7770
497358 100 2.2 -15612 -8260
503773 100 2.2 -15692 -7548
510271 100 2.2 -15680 -7950
516852 100 2.2 -15340 -7694
523519 100 2.2 -15176 -7824
530271 100 2.2 -15416 -7874
537111 100 2.2 -15336 -7664
544038 100 2.2 -15740 -8126
551055 100 2.2 -14692 -7304
558163 100 2.2 -15228 -7704
565362 100 2.2 -15372 -7812
572654 100 2.2 -15628 -7532
580040 100 2.2 -15408 -7810
587521 100 2.2 -15312 -7472
595099 100 2.2 -15136 -7532
602775 100 2.2 -15600 -7998
610549 100 2.2 -15616 -8122
618424 100 2.2 -15248 -7912
626400 100 2.2 -15704 -7886
634480 100 2.2 -14840 -6998
642663 100 2.2 -15236 -7540
650952 100 2.2 -15224 -7822
659348 100 2.2 -15484 -7878
667853 100 2.2 -15892 -8312
676467 100 2.2 -15264 -7624
685192 100 2.2 -15584 -7560
694029 100 2.2 -14992 -7636
702981 100 2.2 -15132 -7816
712048 100 2.2 -15860 -8092
721232 100 2.2 -15816 -8114
730534 100 2.2 -15284 -7306
739957 100 2.2 -15888 -8166
749500 100 2.2 -14948 -7524
759168 100 2.2 -15552 -8112
768959 100 2.2 -15460 -7898
778877 100 2.2 -15668 -7988
788923 100 2.2 -15584 -8156
799099 100 2.2 -15528 -8044
809405 100 2.2 -14868 -7404
819845 100 2.2 -15260 -7770
830419 100 2.2 -15128 -7590
841130 100 2.2 -15796 -8090
851979 100 2.2 -15364 -7712
862968 100 2.2 -15336 -7936
874098 100 2.2 -15332 -7918
885373 100 2.2 -15432 -7764
896792 100 2.2 -15324 -7382
908359 100 2.2 -15644 -8112
920075 100 2.2 -15380 -7744
931942 100 2.2 -15476 -7696
943962 100 2.2 -15444 -7950
956137 100 2.2 -15152 -7490
968470 100 2.2 -15264 -7706
980961 100 2.2 -15168 -6992
993613 100 2.2 -15080 -7692
999999 100 2.2 -14980 -6738
