3 100 2.1 -9776 -38
4 100 2.1 -10428 -102
5 100 2.1 -11064 -44
6 100 2.1 -11572 -50
7 100 2.1 -11964 14
8 100 2.1 -12256 86
9 100 2.1 -12380 -36
10 100 2.1 -12840 -290
11 100 2.1 -12884 -370
12 100 2.1 -13108 -272
13 100 2.1 -13216 -252
14 100 2.1 -13192 -208
15 100 2.1 -13040 -148
16 100 2.1 -13032 -232
17 100 2.1 -13344 -264
18 100 2.1 -13252 -304
19 100 2.1 -13328 -322
20 100 2.1 -13368 -606
21 100 2.1 -13780 -534
22 100 2.1 -13648 -582
23 100 2.1 -14040 -750
24 100 2.1 -14136 -758
25 100 2.1 -14144 -672
26 100 2.1 -14172 -752
27 100 2.1 -14156 -682
28 100 2.1 -14028 -762
29 100 2.1 -14172 -874
30 100 2.1 -13960 -732
31 100 2.1 -13896 -636
32 100 2.1 -13940 -522
33 100 2.1 -14296 -636
34 100 2.1 -14292 -710
35 100 2.1 -14212 -688
36 100 2.1 -14164 -770
37 100 2.1 -14164 -836
38 100 2.1 -14380 -878
39 100 2.1 -14488 -880
40 100 2.1 -14468 -958
41 100 2.1 -14344 -1168
42 100 2.1 -14364 -1016
43 100 2.1 -14412 -1066
44 100 2.1 -14600 -1106
45 100 2.1 -14272 -1046
46 100 2.1 -14336 -928
47 100 2.1 -14340 -858
48 100 2.1 -14016 -808
49 100 2.1 -14056 -748
50 100 2.1 -14176 -892
51 100 2.1 -14152 -1052
52 100 2.1 -14448 -994
53 100 2.1 -14404 -856
54 100 2.1 -14348 -674
55 100 2.1 -14348 -666
56 100 2.1 -14376 -786
57 100 2.1 -14552 -806
58 100 2.1 -14332 -714
59 100 2.1 -14340 -674
60 100 2.1 -14452 -596
61 100 2.1 -14352 -582
62 100 2.1 -14276 -478
63 100 2.1 -14408 -452
64 100 2.1 -14476 -490
65 100 2.1 -14348 -518
66 100 2.1 -14352 -584
67 100 2.1 -14560 -496
68 100 2.1 -14576 -478
69 100 2.1 -14808 -544
70 100 2.1 -14632 -446
71 100 2.1 -14508 -358
72 100 2.1 -14456 -328
73 100 2.1 -14812 -248
74 100 2.1 -14824 -168
75 100 2.1 -14540 -152
76 100 2.1 -14808 -106
77 100 2.1 -14608 -68
78 100 2.1 -14744 -188
79 100 2.1 -14820 -84
80 100 2.1 -14692 -94
81 100 2.1 -14664 -16
82 100 2.1 -14780 -6
83 100 2.1 -14656 -74
84 100 2.1 -14812 -72
85 100 2.1 -14628 -78
86 100 2.1 -14656 76
88 100 2.1 -14904 210
89 100 2.1 -14864 144
90 100 2.1 -14760 50
91 100 2.1 -14772 -110
92 100 2.1 -14856 -258
93 100 2.1 -14828 -174
95 100 2.1 -15024 -90
96 100 2.1 -14864 -114
97 100 2.1 -14852 -148
98 100 2.1 -14844 -142
99 100 2.1 -14764 -198
101 100 2.1 -14808 -244
102 100 2.1 -15036 -390
103 100 2.1 -14968 -372
105 100 2.1 -14732 -400
106 100 2.1 -14888 -534
107 100 2.1 -15004 -414
109 100 2.1 -15084 -484
110 100 2.1 -15104 -496
112 100 2.1 -14868 -530
113 100 2.1 -14832 -450
114 100 2.1 -15012 -342
116 100 2.1 -14772 -550
117 100 2.1 -14744 -356
119 100 2.1 -15116 -206
120 100 2.1 -15124 -318
122 100 2.1 -14860 -282
124 100 2.1 -15176 -336
125 100 2.1 -15048 -254
127 100 2.1 -14956 -150
128 100 2.1 -15200 -160
130 100 2.1 -15120 -340
132 100 2.1 -15144 -278
133 100 2.1 -15288 -242
135 100 2.1 -15268 -208
137 100 2.1 -15024 -198
139 100 2.1 -14988 -150
140 100 2.1 -14908 -254
142 100 2.1 -14776 -330
144 100 2.1 -15128 -322
146 100 2.1 -15080 -212
148 100 2.1 -15064 -184
150 100 2.1 -15228 -412
152 100 2.1 -15588 -320
154 100 2.1 -15324 -396
155 100 2.1 -15536 -316
157 100 2.1 -15356 -160
160 100 2.1 -15052 -48
162 100 2.1 -15068 -140
164 100 2.1 -15196 -72
166 100 2.1 -15376 -56
168 100 2.1 -15400 110
170 100 2.1 -15336 76
172 100 2.1 -15384 44
174 100 2.1 -15184 56
177 100 2.1 -15264 38
179 100 2.1 -15252 34
181 100 2.1 -14984 64
184 100 2.1 -15584 140
186 100 2.1 -15460 234
188 100 2.1 -15460 266
191 100 2.1 -15652 -10
193 100 2.1 -15548 92
196 100 2.1 -15636 -28
198 100 2.1 -15412 34
201 100 2.1 -15148 -60
203 100 2.1 -14856 -80
206 100 2.1 -14924 -70
209 100 2.1 -15152 44
211 100 2.1 -15232 100
214 100 2.1 -15224 140
217 100 2.1 -15364 346
220 100 2.1 -15212 358
222 100 2.1 -15300 406
225 100 2.1 -15272 206
228 100 2.1 -15268 282
231 100 2.1 -15284 624
234 100 2.1 -15468 742
237 100 2.1 -15712 800
240 100 2.1 -15308 802
243 100 2.1 -15496 1054
246 100 2.1 -15472 1080
250 100 2.1 -15452 1284
253 100 2.1 -15436 1076
256 100 2.1 -15364 964
259 100 2.1 -15532 1038
263 100 2.1 -15488 1036
266 100 2.1 -15468 1080
269 100 2.1 -15640 1028
273 100 2.1 -15536 1224
276 100 2.1 -15328 1228
280 100 2.1 -15400 1112
284 100 2.1 -15296 1324
287 100 2.1 -15484 1314
291 100 2.1 -15264 1332
295 100 2.1 -15556 1564
298 100 2.1 -15560 1538
302 100 2.1 -15648 1536
306 100 2.1 -15704 1518
310 100 2.1 -15584 1364
314 100 2.1 -15696 1208
318 100 2.1 -15604 1228
322 100 2.1 -15736 964
326 100 2.1 -15748 988
331 100 2.1 -15308 1140
335 100 2.1 -15604 1502
339 100 2.1 -15308 1436
344 100 2.1 -15436 1454
348 100 2.1 -15664 1552
352 100 2.1 -15608 1464
357 100 2.1 -15456 1420
362 100 2.1 -15860 1334
366 100 2.1 -15584 1120
371 100 2.1 -15704 1264
376 100 2.1 -15424 1432
381 100 2.1 -15632 1048
385 100 2.1 -15424 1036
390 100 2.1 -15408 964
395 100 2.1 -15156 830
401 100 2.1 -15620 696
406 100 2.1 -15760 928
411 100 2.1 -15532 906
416 100 2.1 -15464 908
422 100 2.1 -15516 958
427 100 2.1 -15492 824
433 100 2.1 -15736 714
438 100 2.1 -15588 884
444 100 2.1 -15608 874
449 100 2.1 -15448 1126
455 100 2.1 -15196 1250
461 100 2.1 -15320 944
467 100 2.1 -15396 1022
473 100 2.1 -15140 946
479 100 2.1 -15288 990
485 100 2.1 -15320 1232
492 100 2.1 -15616 1112
498 100 2.1 -15508 1192
504 100 2.1 -15472 1480
511 100 2.1 -15348 1902
517 100 2.1 -15436 1856
524 100 2.1 -15532 1732
531 100 2.1 -15520 1750
538 100 2.1 -15344 1754
545 100 2.1 -15480 1832
552 100 2.1 -15544 1478
559 100 2.1 -15616 1614
566 100 2.1 -15500 1362
573 100 2.1 -15608 1418
581 100 2.1 -15676 1752
588 100 2.1 -15788 1774
596 100 2.1 -15660 1588
603 100 2.1 -15376 1470
611 100 2.1 -15192 1414
619 100 2.1 -15552 1276
627 100 2.1 -15400 1234
635 100 2.1 -15560 988
643 100 2.1 -15564 1288
652 100 2.1 -15524 1310
660 100 2.1 -15404 1144
668 100 2.1 -15668 1184
677 100 2.1 -15336 1060
686 100 2.1 -15620 972
695 100 2.1 -15456 1096
704 100 2.1 -15768 1262
713 100 2.1 -15604 1196
722 100 2.1 -15324 1350
731 100 2.1 -15476 1490
741 100 2.1 -15508 1466
750 100 2.1 -15180 1100
760 100 2.1 -15380 1446
770 100 2.1 -15288 1116
780 100 2.1 -15628 1356
790 100 2.1 -15600 1430
800 100 2.1 -15540 950
810 100 2.1 -15692 1198
821 100 2.1 -15724 1810
831 100 2.1 -15204 1602
842 100 2.1 -15072 1262
853 100 2.1 -15640 1556
864 100 2.1 -15496 1740
875 100 2.1 -15712 1896
886 100 2.1 -15772 1906
897 100 2.1 -15764 2126
909 100 2.1 -15384 2540
921 100 2.1 -15420 2430
933 100 2.1 -15272 2550
945 100 2.1 -15360 2370
957 100 2.1 -15672 3044
969 100 2.1 -15700 2928
982 100 2.1 -15664 2980
994 100 2.1 -15524 2564
1007 100 2.1 -15668 2806
1020 100 2.1 -15460 2552
1033 100 2.1 -15748 2582
1047 100 2.1 -15728 2626
1060 100 2.1 -15656 2768
1074 100 2.1 -15472 2790
1088 100 2.1 -15680 2746
1102 100 2.1 -15692 3502
1116 100 2.1 -15776 3034
1130 100 2.1 -16004 3526
1145 100 2.1 -15640 3378
1160 100 2.1 -15792 3642
1174 100 2.1 -15880 3578
1190 100 2.1 -15572 3450
1205 100 2.1 -16176 3298
1220 100 2.1 -15864 3560
1236 100 2.1 -15612 3516
1252 100 2.1 -15488 3768
1268 100 2.1 -16116 3630
1285 100 2.1 -15804 3926
1301 100 2.1 -16092 3862
1318 100 2.1 -15880 3756
1335 100 2.1 -15692 3528
1352 100 2.1 -15688 3768
1370 100 2.1 -15828 3570
1387 100 2.1 -15836 3634
1405 100 2.1 -15940 4056
1423 100 2.1 -16292 4404
1442 100 2.1 -16084 4128
1460 100 2.1 -15804 4234
1479 100 2.1 -16176 4326
1498 100 2.1 -16052 4480
1517 100 2.1 -15980 4592
1537 100 2.1 -15600 4682
1557 100 2.1 -15752 4794
1577 100 2.1 -15512 5104
1597 100 2.1 -15612 5412
1618 100 2.1 -16008 5898
1639 100 2.1 -16296 6132
1660 100 2.1 -16212 5650
1681 100 2.1 -16008 5686
1703 100 2.1 -16224 5468
1725 100 2.1 -16028 5426
1747 100 2.1 -16044 5336
1770 100 2.1 -16028 5464
1792 100 2.1 -16168 5504
1816 100 2.1 -16000 5616
1839 100 2.1 -15960 5560
1863 100 2.1 -16436 5802
1887 100 2.1 -16244 5730
1911 100 2.1 -15928 5660
1936 100 2.1 -16356 5754
1961 100 2.1 -16348 5954
1986 100 2.1 -16144 5966
2012 100 2.1 -16252 6154
2037 100 2.1 -16420 5988
2064 100 2.1 -16268 6122
2090 100 2.1 -15988 5994
2117 100 2.1 -16340 6272
2145 100 2.1 -16020 6210
2172 100 2.1 -16172 6332
2200 100 2.1 -16248 6350
2229 100 2.1 -15876 6104
2257 100 2.1 -16088 6050
2286 100 2.1 -16156 6120
2316 100 2.1 -16360 6312
2346 100 2.1 -16284 6328
2376 100 2.1 -16112 6016
2407 100 2.1 -16396 6716
2438 100 2.1 -16428 6802
2469 100 2.1 -16416 6782
2501 100 2.1 -16444 6856
2533 100 2.1 -16500 6750
2566 100 2.1 -16160 6620
2599 100 2.1 -16012 6360
2633 100 2.1 -15864 6302
2667 100 2.1 -16024 6504
2701 100 2.1 -16496 6658
2736 100 2.1 -16476 6830
2771 100 2.1 -16192 6838
2807 100 2.1 -16456 6950
2843 100 2.1 -16212 7222
2880 100 2.1 -16456 7188
2917 100 2.1 -16336 7608
2954 100 2.1 -15900 7264
2992 100 2.1 -16668 7850
3031 100 2.1 -16392 7734
3070 100 2.1 -16240 7894
3110 100 2.1 -16680 8190
3150 100 2.1 -16456 7986
3190 100 2.1 -16204 8036
3232 100 2.1 -16124 8206
3273 100 2.1 -16488 8262
3315 100 2.1 -16456 8156
3358 100 2.1 -16344 8338
3402 100 2.1 -16900 8538
3445 100 2.1 -16608 8582
3490 100 2.1 -16396 8522
3535 100 2.1 -16624 8674
3580 100 2.1 -16492 8646
3627 100 2.1 -16496 8418
3673 100 2.1 -16580 8766
3721 100 2.1 -16408 8606
3769 100 2.1 -16616 8724
3817 100 2.1 -16612 8724
3867 100 2.1 -16512 8730
3916 100 2.1 -16336 8592
3967 100 2.1 -16712 8802
4018 100 2.1 -16652 8764
4070 100 2.1 -16672 8776
4122 100 2.1 -16544 8562
4176 100 2.1 -16744 8736
4229 100 2.1 -16716 8688
4284 100 2.1 -16936 8784
4339 100 2.1 -16276 8526
4395 100 2.1 -16832 8684
4452 100 2.1 -16600 8716
4509 100 2.1 -16812 8834
4567 100 2.1 -16340 8590
4626 100 2.1 -16080 8488
4686 100 2.1 -16820 8886
4746 100 2.1 -16304 8496
4808 100 2.1 -16124 8298
4870 100 2.1 -16636 8742
4932 100 2.1 -16320 8608
4996 100 2.1 -16852 8788
5060 100 2.1 -16440 8562
5126 100 2.1 -16916 8832
5192 100 2.1 -16612 8718
5259 100 2.1 -16484 8612
5327 100 2.1 -16864 8884
5395 100 2.1 -16332 8542
5465 100 2.1 -16420 8534
5535 100 2.1 -16320 8434
5607 100 2.1 -16376 8560
5679 100 2.1 -16480 8542
5752 100 2.1 -16848 8872
5826 100 2.1 -16896 8766
5902 100 2.1 -16820 8842
5978 100 2.1 -16952 8838
6055 100 2.1 -16540 8672
6133 100 2.1 -16432 8590
6212 100 2.1 -16640 8544
6292 100 2.1 -16512 8620
6373 100 2.1 -16360 8546
6455 100 2.1 -16524 8556
6539 100 2.1 -16492 8624
6623 100 2.1 -16256 8460
6708 100 2.1 -16736 8842
6795 100 2.1 -16592 8716
6883 100 2.1 -17120 8874
6971 100 2.1 -16780 8750
7061 100 2.1 -16676 8542
7152 100 2.1 -16756 8772
7245 100 2.1 -16400 8674
7338 100 2.1 -16716 8758
7433 100 2.1 -16580 8638
7529 100 2.1 -16640 8762
7626 100 2.1 -16968 8926
7724 100 2.1 -16908 8920
7824 100 2.1 -16692 8660
7925 100 2.1 -16536 8658
8027 100 2.1 -16848 8802
8130 100 2.1 -16784 8740
8235 100 2.1 -16504 8764
8341 100 2.1 -16268 8484
8449 100 2.1 -16584 8638
8558 100 2.1 -16632 8612
8668 100 2.1 -16656 8664
8780 100 2.1 -16376 8486
8893 100 2.1 -16276 8472
9008 100 2.1 -16800 8828
9124 100 2.1 -16548 8596
9242 100 2.1 -16568 8696
9361 100 2.1 -16164 8198
9482 100 2.1 -16952 8728
9604 100 2.1 -16648 8736
9728 100 2.1 -16768 8780
9853 100 2.1 -16628 8660
9980 100 2.1 -16508 8746
10109 100 2.1 -16452 8680
10240 100 2.1 -16388 8600
10372 100 2.1 -16484 8554
10505 100 2.1 -16640 8818
10641 100 2.1 -16108 8376
10778 100 2.1 -16424 8592
10917 100 2.1 -16628 8660
11058 100 2.1 -16664 8756
11201 100 2.1 -16944 8872
11345 100 2.1 -16768 8696
11491 100 2.1 -16516 8542
11640 100 2.1 -16340 8480
11790 100 2.1 -16664 8704
11942 100 2.1 -16616 8530
12096 100 2.1 -16272 8592
12252 100 2.1 -16656 8702
12410 100 2.1 -16820 8864
12570 100 2.1 -16284 8354
12732 100 2.1 -16344 8496
12896 100 2.1 -16084 8424
13062 100 2.1 -16348 8496
13231 100 2.1 -16660 8764
13402 100 2.1 -16660 8642
13574 100 2.1 -16568 8686
13750 100 2.1 -16488 8494
13927 100 2.1 -16452 8598
14106 100 2.1 -16376 8596
14288 100 2.1 -16924 8930
14473 100 2.1 -16704 8742
14659 100 2.1 -16496 8670
14848 100 2.1 -16436 8566
15040 100 2.1 -16160 8362
15234 100 2.1 -16372 8652
15430 100 2.1 -16588 8786
15629 100 2.1 -16788 8826
15831 100 2.1 -16596 8748
16035 100 2.1 -16788 8788
16242 100 2.1 -16748 8778
16451 100 2.1 -17176 9014
16664 100 2.1 -16460 8642
16879 100 2.1 -16776 8766
17096 100 2.1 -16924 8840
17317 100 2.1 -16784 8728
17540 100 2.1 -16684 8692
17766 100 2.1 -16932 8834
17995 100 2.1 -16976 8898
18228 100 2.1 -16780 8774
18463 100 2.1 -16596 8760
18701 100 2.1 -16560 8490
18942 100 2.1 -16704 8790
19186 100 2.1 -16680 8626
19434 100 2.1 -16468 8654
19684 100 2.1 -16844 8754
19938 100 2.1 -16412 8650
20195 100 2.1 -16716 8800
20456 100 2.1 -16596 8674
20720 100 2.1 -16664 8642
20987 100 2.1 -16512 8632
21258 100 2.1 -16576 8734
21532 100 2.1 -16316 8484
21810 100 2.1 -16724 8764
22091 100 2.1 -16860 8740
22376 100 2.1 -16636 8702
22664 100 2.1 -16764 8672
22957 100 2.1 -16888 8874
23253 100 2.1 -16828 8844
23553 100 2.1 -16772 8788
23856 100 2.1 -16652 8740
24164 100 2.1 -16880 8878
24476 100 2.1 -16876 8802
24791 100 2.1 -16748 8736
25111 100 2.1 -16856 8700
25435 100 2.1 -16504 8608
25763 100 2.1 -16492 8504
26095 100 2.1 -16292 8532
26432 100 2.1 -16916 8828
26773 100 2.1 -16452 8692
27118 100 2.1 -16900 8838
27468 100 2.1 -16600 8708
27822 100 2.1 -16344 8482
28181 100 2.1 -16508 8558
28545 100 2.1 -16636 8824
28913 100 2.1 -16588 8652
29286 100 2.1 -16368 8606
29663 100 2.1 -16648 8642
30046 100 2.1 -16168 8312
30434 100 2.1 -16284 8510
30826 100 2.1 -16756 8784
31224 100 2.1 -16844 8690
31626 100 2.1 -16508 8690
32034 100 2.1 -16752 8738
32447 100 2.1 -16632 8636
32866 100 2.1 -16576 8626
33290 100 2.1 -16420 8704
33719 100 2.1 -16416 8628
34154 100 2.1 -17240 8998
34595 100 2.1 -16656 8776
35041 100 2.1 -16388 8606
35493 100 2.1 -16780 8624
35951 100 2.1 -16856 8768
36414 100 2.1 -16768 8802
36884 100 2.1 -17088 8924
37360 100 2.1 -16516 8660
37841 100 2.1 -16868 8790
38330 100 2.1 -16564 8674
38824 100 2.1 -16756 8764
39325 100 2.1 -16596 8780
39832 100 2.1 -16544 8778
40346 100 2.1 -16820 8840
40866 100 2.1 -16988 8894
41393 100 2.1 -16584 8656
41927 100 2.1 -16512 8636
42468 100 2.1 -16652 8710
43015 100 2.1 -16532 8682
43570 100 2.1 -16292 8456
44132 100 2.1 -16508 8570
44701 100 2.1 -16436 8556
45278 100 2.1 -16692 8736
45862 100 2.1 -16580 8656
46453 100 2.1 -16612 8808
47053 100 2.1 -16428 8632
47660 100 2.1 -16868 8760
48274 100 2.1 -16832 8838
48897 100 2.1 -16692 8730
49528 100 2.1 -16736 8828
50166 100 2.1 -16876 8700
50813 100 2.1 -16772 8784
51469 100 2.1 -16604 8786
52133 100 2.1 -16824 8796
52805 100 2.1 -16572 8720
53486 100 2.1 -16836 8878
54176 100 2.1 -16796 8782
54875 100 2.1 -16716 8754
55582 100 2.1 -16680 8584
56299 100 2.1 -16464 8618
57025 100 2.1 -16608 8602
57761 100 2.1 -16608 8748
58506 100 2.1 -16724 8828
59261 100 2.1 -16468 8582
60025 100 2.1 -16656 8770
60799 100 2.1 -16900 8860
61583 100 2.1 -16152 8464
62378 100 2.1 -16296 8620
63182 100 2.1 -17108 8906
63997 100 2.1 -16480 8766
64822 100 2.1 -16628 8778
65658 100 2.1 -16432 8652
66505 100 2.1 -16796 8862
67363 100 2.1 -16840 8844
68232 100 2.1 -17008 8970
69112 100 2.1 -16472 8670
70003 100 2.1 -16800 8814
70906 100 2.1 -16672 8778
71821 100 2.1 -16664 8662
72747 100 2.1 -16360 8540
73685 100 2.1 -16932 8734
74636 100 2.1 -16600 8732
75599 100 2.1 -16520 8752
76574 100 2.1 -16600 8698
77561 100 2.1 -16360 8512
78562 100 2.1 -16260 8622
79575 100 2.1 -16256 8614
80601 100 2.1 -16312 8396
81641 100 2.1 -16836 8680
82694 100 2.1 -16656 8678
83760 100 2.1 -16632 8738
84841 100 2.1 -16720 8822
85935 100 2.1 -16584 8726
87043 100 2.1 -16560 8742
88166 100 2.1 -16576 8594
89303 100 2.1 -16812 8852
90455 100 2.1 -16620 8494
91622 100 2.1 -16524 8722
92803 100 2.1 -16500 8660
94000 100 2.1 -16576 8606
95213 100 2.1 -16484 8632
96441 100 2.1 -16320 8520
97685 100 2.1 -16856 8824
98945 100 2.1 -16676 8750
100221 100 2.1 -16428 8544
101513 100 2.1 -17184 9052
102823 100 2.1 -16548 8670
104149 100 2.1 -16888 8912
105492 100 2.1 -16484 8558
106853 100 2.1 -16324 8466
108231 100 2.1 -16472 8664
109627 100 2.1 -16904 8898
111041 100 2.1 -16540 8562
112473 100 2.1 -16608 8662
113924 100 2.1 -16232 8458
115393 100 2.1 -16696 8738
116882 100 2.1 -16484 8660
118389 100 2.1 -16612 8534
119916 100 2.1 -16924 8880
121463 100 2.1 -16872 8838
123029 100 2.1 -16184 8274
124616 100 2.1 -17036 8894
126224 100 2.1 -16736 8726
127852 100 2.1 -16864 8826
129501 100 2.1 -16560 8546
131171 100 2.1 -16968 8840
132863 100 2.1 -16520 8622
134576 100 2.1 -16488 8710
136312 100 2.1 -16316 8504
138070 100 2.1 -16688 8728
139851 100 2.1 -16620 8696
141655 100 2.1 -16640 8738
143482 100 2.1 -16440 8602
145333 100 2.1 -16660 8768
147207 100 2.1 -16596 8664
149106 100 2.1 -16796 8762
151029 100 2.1 -16796 8856
152977 100 2.1 -16524 8684
154950 100 2.1 -16788 8704
156948 100 2.1 -16552 8536
158973 100 2.1 -16680 8778
161023 100 2.1 -16536 8516
163100 100 2.1 -16600 8548
165204 100 2.1 -16792 8862
167334 100 2.1 -16604 8750
169493 100 2.1 -16504 8560
171679 100 2.1 -16644 8626
173893 100 2.1 -16836 8900
176136 100 2.1 -16892 8906
178408 100 2.1 -16796 8732
180709 100 2.1 -16708 8824
183040 100 2.1 -16244 8468
185400 100 2.1 -16892 8826
187792 100 2.1 -16528 8682
190214 100 2.1 -16748 8704
192667 100 2.1 -16360 8628
195152 100 2.1 -16524 8652
197669 100 2.1 -16312 8436
200219 100 2.1 -16384 8592
202801 100 2.1 -16660 8802
205417 100 2.1 -16464 8586
208066 100 2.1 -16600 8558
210750 100 2.1 -16236 8228
213468 100 2.1 -16884 8922
216222 100 2.1 -16516 8540
219010 100 2.1 -16240 8522
221835 100 2.1 -16660 8734
224696 100 2.1 -16432 8488
227595 100 2.1 -16632 8676
230530 100 2.1 -16624 8634
233503 100 2.1 -16460 8752
236515 100 2.1 -16740 8830
239566 100 2.1 -16300 8582
242656 100 2.1 -16892 8904
245785 100 2.1 -16900 8828
248956 100 2.1 -16476 8652
252167 100 2.1 -16704 8842
255419 100 2.1 -16536 8614
258713 100 2.1 -16744 8760
262050 100 2.1 -16944 8846
265430 100 2.1 -16464 8652
268854 100 2.1 -16640 8816
272321 100 2.1 -16912 8720
275834 100 2.1 -16572 8638
279391 100 2.1 -16728 8640
282995 100 2.1 -16652 8714
286645 100 2.1 -16556 8710
290342 100 2.1 -16184 8484
294087 100 2.1 -16804 8856
297880 100 2.1 -16460 8670
301722 100 2.1 -16444 8654
305614 100 2.1 -16380 8626
309556 100 2.1 -16776 8692
313548 100 2.1 -16660 8746
317592 100 2.1 -16752 8836
321689 100 2.1 -16688 8734
325838 100 2.1 -16608 8750
330040 100 2.1 -16796 8806
334297 100 2.1 -16696 8786
338609 100 2.1 -16848 8752
342976 100 2.1 -16664 8706
347400 100 2.1 -16712 8766
351881 100 2.1 -16704 8644
356419 100 2.1 -16576 8692
361016 100 2.1 -16616 8628
365673 100 2.1 -16584 8774
370389 100 2.1 -16596 8658
375167 100 2.1 -16780 8808
380005 100 2.1 -16160 8460
384907 100 2.1 -16280 8582
389871 100 2.1 -16728 8786
394900 100 2.1 -17140 8982
399993 100 2.1 -16768 8818
405152 100 2.1 -16604 8690
410378 100 2.1 -16768 8736
415671 100 2.1 -16300 8574
421032 100 2.1 -16448 8624
426463 100 2.1 -16628 8694
431963 100 2.1 -16404 8526
437535 100 2.1 -16388 8586
443178 100 2.1 -16260 8340
448894 100 2.1 -16424 8644
454684 100 2.1 -16788 8836
460548 100 2.1 -16872 8922
466489 100 2.1 -16864 8826
472505 100 2.1 -16496 8634
478600 100 2.1 -16868 8800
484773 100 2.1 -16796 8812
491025 100 2.1 -16432 8602
497358 100 2.1 -16724 8756
503773 100 2.1 -16460 8504
510271 100 2.1 -16396 8422
516852 100 2.1 -16620 8778
523519 100 2.1 -16676 8586
530271 100 2.1 -17004 8960
537111 100 2.1 -16904 8906
544038 100 2.1 -16488 8538
551055 100 2.1 -16320 8388
558163 100 2.1 -16516 8628
565362 100 2.1 -16800 8842
572654 100 2.1 -16504 8576
580040 100 2.1 -16840 8734
587521 100 2.1 -16692 8764
595099 100 2.1 -16600 8824
602775 100 2.1 -17012 8912
610549 100 2.1 -16500 8670
618424 100 2.1 -16712 8798
626400 100 2.1 -16432 8602
634480 100 2.1 -16628 8756
642663 100 2.1 -16268 8432
650952 100 2.1 -16884 8880
659348 100 2.1 -16708 8732
667853 100 2.1 -16460 8568
676467 100 2.1 -16604 8682
685192 100 2.1 -16856 8780
694029 100 2.1 -16732 8740
702981 100 2.1 -16300 8524
712048 100 2.1 -16776 8810
721232 100 2.1 -16500 8514
730534 100 2.1 -16748 8734
739957 100 2.1 -16552 8624
749500 100 2.1 -16852 8824
759168 100 2.1 -16492 8698
768959 100 2.1 -16416 8562
778877 100 2.1 -16716 8702
788923 100 2.1 -16744 8730
799099 100 2.1 -16840 8832
809405 100 2.1 -16360 8618
819845 100 2.1 -16784 8864
830419 100 2.1 -16624 8810
841130 100 2.1 -16804 8782
851979 100 2.1 -16652 8620
862968 100 2.1 -16488 8658
874098 100 2.1 -16708 8740
885373 100 2.1 -16720 8758
896792 100 2.1 -16308 8456
908359 100 2.1 -16700 8634
920075 100 2.1 -16736 8790
931942 100 2.1 -16580 8702
943962 100 2.1 -17064 8896
956137 100 2.1 -16456 8384
968470 100 2.1 -16744 8842
980961 100 2.1 -16568 8756
993613 100 2.1 -16752 8774
999999 100 2.1 -16736 8788
