3 140 2.2 -18520 784
4 140 2.2 -19992 782
5 140 2.2 -20948 958
6 140 2.2 -21132 930
7 140 2.2 -22004 750
8 140 2.2 -22152 712
9 140 2.2 -22580 532
10 140 2.2 -22684 628
11 140 2.2 -23160 574
12 140 2.2 -23344 532
13 140 2.2 -23980 526
14 140 2.2 -24176 652
15 140 2.2 -24256 428
16 140 2.2 -24372 380
17 140 2.2 -24596 338
18 140 2.2 -24632 104
19 140 2.2 -24756 12
20 140 2.2 -24948 -58
21 140 2.2 -24800 -286
22 140 2.2 -24924 -362
23 140 2.2 -25228 -402
24 140 2.2 -25168 -462
25 140 2.2 -25700 -584
26 140 2.2 -25740 -672
27 140 2.2 -25476 -634
28 140 2.2 -25476 -720
29 140 2.2 -25152 -670
30 140 2.2 -25328 -652
31 140 2.2 -25304 -734
32 140 2.2 -25456 -768
33 140 2.2 -25704 -742
34 140 2.2 -26172 -722
35 140 2.2 -26160 -730
36 140 2.2 -26352 -608
37 140 2.2 -26428 -682
38 140 2.2 -26264 -502
39 140 2.2 -26076 -734
40 140 2.2 -26336 -720
41 140 2.2 -26384 -900
42 140 2.2 -26436 -1098
43 140 2.2 -26396 -1184
44 140 2.2 -26496 -1072
45 140 2.2 -26508 -1026
46 140 2.2 -26376 -1118
47 140 2.2 -26660 -978
48 140 2.2 -26804 -962
49 140 2.2 -26724 -1054
50 140 2.2 -26976 -912
51 140 2.2 -26788 -748
52 140 2.2 -26968 -646
53 140 2.2 -27116 -784
54 140 2.2 -27008 -654
55 140 2.2 -26884 -662
56 140 2.2 -27080 -786
57 140 2.2 -26960 -938
58 140 2.2 -26932 -934
59 140 2.2 -26996 -1070
60 140 2.2 -26876 -1032
61 140 2.2 -27052 -802
62 140 2.2 -27372 -740
63 140 2.2 -27408 -850
64 140 2.2 -27188 -1022
65 140 2.2 -26868 -892
66 140 2.2 -26708 -960
67 140 2.2 -26464 -1232
68 140 2.2 -26428 -1078
69 140 2.2 -26960 -1218
70 140 2.2 -27324 -1060
71 140 2.2 -27224 -1140
72 140 2.2 -27172 -1102
73 140 2.2 -26668 -1254
74 140 2.2 -26812 -1394
75 140 2.2 -27104 -1290
76 140 2.2 -27008 -1432
77 140 2.2 -27252 -1332
78 140 2.2 -27512 -1452
79 140 2.2 -27656 -1430
80 140 2.2 -27408 -1508
81 140 2.2 -27744 -1712
82 140 2.2 -27676 -1670
83 140 2.2 -27484 -1858
84 140 2.2 -27568 -1884
85 140 2.2 -27592 -1812
86 140 2.2 -27732 -1680
88 140 2.2 -27368 -1746
89 140 2.2 -27276 -1710
90 140 2.2 -27320 -1810
91 140 2.2 -27768 -1920
92 140 2.2 -27752 -1792
93 140 2.2 -27688 -1810
95 140 2.2 -27568 -1618
96 140 2.2 -27396 -1640
97 140 2.2 -27636 -1696
98 140 2.2 -27800 -1788
99 140 2.2 -27696 -1822
101 140 2.2 -27728 -1902
102 140 2.2 -27876 -1822
103 140 2.2 -27620 -1974
105 140 2.2 -27444 -1854
106 140 2.2 -27264 -1832
107 140 2.2 -27336 -1760
109 140 2.2 -27472 -1884
110 140 2.2 -27620 -2196
112 140 2.2 -28060 -2300
113 140 2.2 -27876 -2352
114 140 2.2 -27892 -2338
116 140 2.2 -27644 -2230
117 140 2.2 -27372 -2374
119 140 2.2 -27544 -2396
120 140 2.2 -27712 -2214
122 140 2.2 -27664 -2130
124 140 2.2 -27452 -2396
125 140 2.2 -27424 -2392
127 140 2.2 -27600 -2420
128 140 2.2 -27248 -2478
130 140 2.2 -27388 -2644
132 140 2.2 -27696 -2606
133 140 2.2 -27608 -2714
135 140 2.2 -27432 -2922
137 140 2.2 -27604 -3068
139 140 2.2 -27428 -3132
140 140 2.2 -27236 -3132
142 140 2.2 -26824 -3072
144 140 2.2 -27324 -3192
146 140 2.2 -27204 -3226
148 140 2.2 -27600 -3066
150 140 2.2 -27428 -2938
152 140 2.2 -27272 -3022
154 140 2.2 -27312 -3172
155 140 2.2 -27608 -2866
157 140 2.2 -27368 -2836
160 140 2.2 -27352 -2572
162 140 2.2 -27356 -2698
164 140 2.2 -27364 -2758
166 140 2.2 -27552 -2604
168 140 2.2 -27632 -2932
170 140 2.2 -27916 -3022
172 140 2.2 -27888 -3192
174 140 2.2 -27700 -3020
177 140 2.2 -27852 -2926
179 140 2.2 -28096 -2962
181 140 2.2 -28048 -2976
184 140 2.2 -27868 -3050
186 140 2.2 -27596 -3076
188 140 2.2 -27628 -3142
191 140 2.2 -27672 -3268
193 140 2.2 -28112 -3386
196 140 2.2 -27944 -3612
198 140 2.2 -27724 -3446
201 140 2.2 -27796 -3730
203 140 2.2 -27424 -3820
206 140 2.2 -27652 -3734
209 140 2.2 -27848 -4072
211 140 2.2 -27660 -3782
214 140 2.2 -28060 -3964
217 140 2.2 -28040 -3794
220 140 2.2 -27932 -3566
222 140 2.2 -28180 -3630
225 140 2.2 -27936 -3620
228 140 2.2 -28004 -3630
231 140 2.2 -28292 -3620
234 140 2.2 -28236 -3818
237 140 2.2 -28028 -3838
240 140 2.2 -28180 -3790
243 140 2.2 -28056 -3830
246 140 2.2 -27772 -3876
250 140 2.2 -27980 -4096
253 140 2.2 -27920 -4268
256 140 2.2 -27688 -4360
259 140 2.2 -27736 -4462
263 140 2.2 -27748 -4730
266 140 2.2 -28024 -4984
269 140 2.2 -27792 -5414
273 140 2.2 -28136 -5526
276 140 2.2 -27924 -5608
280 140 2.2 -27552 -5478
284 140 2.2 -27668 -5424
287 140 2.2 -28212 -5484
291 140 2.2 -28496 -4902
295 140 2.2 -28320 -4732
298 140 2.2 -28112 -4700
302 140 2.2 -28140 -4886
306 140 2.2 -28252 -4838
310 140 2.2 -28664 -5040
314 140 2.2 -28464 -4916
318 140 2.2 -27944 -5032
322 140 2.2 -28308 -5242
326 140 2.2 -28024 -5660
331 140 2.2 -28432 -5604
335 140 2.2 -28284 -5416
339 140 2.2 -28492 -5354
344 140 2.2 -28912 -5170
348 140 2.2 -28660 -5650
352 140 2.2 -28904 -5534
357 140 2.2 -28792 -5478
362 140 2.2 -28940 -5220
366 140 2.2 -28400 -5292
371 140 2.2 -28756 -5320
376 140 2.2 -28836 -4964
381 140 2.2 -28800 -4896
385 140 2.2 -28816 -4980
390 140 2.2 -28704 -4976
395 140 2.2 -28548 -4554
401 140 2.2 -28864 -4666
406 140 2.2 -28864 -4616
411 140 2.2 -28772 -4208
416 140 2.2 -28740 -4230
422 140 2.2 -28984 -4048
427 140 2.2 -28676 -4266
433 140 2.2 -28600 -4608
438 140 2.2 -28568 -4478
444 140 2.2 -29004 -4596
449 140 2.2 -29204 -4866
455 140 2.2 -28392 -5034
461 140 2.2 -28496 -5184
467 140 2.2 -28384 -5052
473 140 2.2 -28864 -4708
479 140 2.2 -29144 -4780
485 140 2.2 -29348 -4468
492 140 2.2 -29228 -4714
498 140 2.2 -28604 -4404
504 140 2.2 -28420 -4724
511 140 2.2 -28956 -4722
517 140 2.2 -28528 -4510
524 140 2.2 -29008 -4910
531 140 2.2 -28976 -4976
538 140 2.2 -29356 -4634
545 140 2.2 -28724 -4908
552 140 2.2 -28752 -4870
559 140 2.2 -28992 -5146
566 140 2.2 -29128 -5130
573 140 2.2 -29108 -5134
581 140 2.2 -29340 -6054
588 140 2.2 -29412 -6204
596 140 2.2 -29216 -6360
603 140 2.2 -28784 -6258
611 140 2.2 -29376 -6432
619 140 2.2 -29328 -6790
627 140 2.2 -29576 -6796
635 140 2.2 -29104 -6292
643 140 2.2 -28848 -6640
652 140 2.2 -29664 -6736
660 140 2.2 -28800 -6430
668 140 2.2 -29384 -6588
677 140 2.2 -29248 -6350
686 140 2.2 -29376 -6282
695 140 2.2 -29328 -6328
704 140 2.2 -29260 -6220
713 140 2.2 -29360 -6220
722 140 2.2 -29004 -6120
731 140 2.2 -29460 -6566
741 140 2.2 -28888 -6692
750 140 2.2 -29156 -6816
760 140 2.2 -29120 -6532
770 140 2.2 -28948 -6212
780 140 2.2 -28596 -6596
790 140 2.2 -28904 -6490
800 140 2.2 -29288 -7154
810 140 2.2 -28996 -7264
821 140 2.2 -28968 -7310
831 140 2.2 -28708 -7362
842 140 2.2 -28864 -7126
853 140 2.2 -29032 -7490
864 140 2.2 -29252 -7584
875 140 2.2 -28652 -7258
886 140 2.2 -28656 -7324
897 140 2.2 -28284 -7326
909 140 2.2 -28680 -7806
921 140 2.2 -28784 -7686
933 140 2.2 -28016 -7952
945 140 2.2 -28676 -8552
957 140 2.2 -29080 -8630
969 140 2.2 -28812 -8402
982 140 2.2 -28460 -9100
994 140 2.2 -29124 -9134
1007 140 2.2 -29412 -9422
1020 140 2.2 -29132 -9270
1033 140 2.2 -28892 -9524
1047 140 2.2 -28768 -9522
1060 140 2.2 -29124 -9272
1074 140 2.2 -29052 -9546
1088 140 2.2 -29368 -9494
1102 140 2.2 -29132 -9508
1116 140 2.2 -29212 -9678
1130 140 2.2 -29648 -9364
1145 140 2.2 -28960 -9836
1160 140 2.2 -28848 -10254
1174 140 2.2 -29024 -9698
1190 140 2.2 -29420 -10302
1205 140 2.2 -28972 -10170
1220 140 2.2 -28952 -9848
1236 140 2.2 -29108 -10306
1252 140 2.2 -28848 -9792
1268 140 2.2 -29232 -10850
1285 140 2.2 -29352 -11166
1301 140 2.2 -29144 -10954
1318 140 2.2 -29508 -11014
1335 140 2.2 -29364 -11302
1352 140 2.2 -29604 -11152
1370 140 2.2 -29368 -10892
1387 140 2.2 -29600 -10560
1405 140 2.2 -29564 -10292
1423 140 2.2 -29492 -10424
1442 140 2.2 -29484 -10994
1460 140 2.2 -29924 -11568
1479 140 2.2 -29560 -11836
1498 140 2.2 -29336 -11566
1517 140 2.2 -29496 -11178
1537 140 2.2 -29652 -11420
1557 140 2.2 -29524 -11140
1577 140 2.2 -29092 -10870
1597 140 2.2 -29436 -11068
1618 140 2.2 -29880 -11184
1639 140 2.2 -29624 -10938
1660 140 2.2 -29852 -11508
1681 140 2.2 -29872 -11814
1703 140 2.2 -29780 -11420
1725 140 2.2 -30324 -11690
1747 140 2.2 -29892 -11196
1770 140 2.2 -29844 -11372
1792 140 2.2 -29508 -11102
1816 140 2.2 -29672 -11580
1839 140 2.2 -29688 -11524
1863 140 2.2 -29272 -11712
1887 140 2.2 -29516 -12368
1911 140 2.2 -29968 -12522
1936 140 2.2 -29840 -12656
1961 140 2.2 -29352 -12530
1986 140 2.2 -30180 -13130
2012 140 2.2 -30332 -13584
2037 140 2.2 -29804 -13412
2064 140 2.2 -30328 -13192
2090 140 2.2 -29604 -12576
2117 140 2.2 -29884 -12524
2145 140 2.2 -30168 -12950
2172 140 2.2 -30028 -13110
2200 140 2.2 -29340 -12966
2229 140 2.2 -29268 -12662
2257 140 2.2 -29852 -13310
2286 140 2.2 -30116 -13752
2316 140 2.2 -29928 -13670
2346 140 2.2 -29900 -13684
2376 140 2.2 -30308 -13980
2407 140 2.2 -30280 -14192
2438 140 2.2 -30144 -14262
2469 140 2.2 -30772 -14194
2501 140 2.2 -30640 -14138
2533 140 2.2 -30104 -13622
2566 140 2.2 -30012 -14258
2599 140 2.2 -29780 -14342
2633 140 2.2 -29576 -14024
2667 140 2.2 -30024 -14640
2701 140 2.2 -30748 -14594
2736 140 2.2 -29984 -14562
2771 140 2.2 -30568 -14646
2807 140 2.2 -30628 -14738
2843 140 2.2 -30184 -14430
2880 140 2.2 -30280 -14768
2917 140 2.2 -30524 -14804
2954 140 2.2 -29764 -14030
2992 140 2.2 -29256 -13842
3031 140 2.2 -29684 -14210
3070 140 2.2 -29716 -14336
3110 140 2.2 -30232 -14988
3150 140 2.2 -29964 -14664
3190 140 2.2 -30860 -16102
3232 140 2.2 -31000 -16292
3273 140 2.2 -30456 -15582
3315 140 2.2 -30884 -15878
3358 140 2.2 -29760 -14902
3402 140 2.2 -30232 -15332
3445 140 2.2 -30648 -15180
3490 140 2.2 -30352 -15634
3535 140 2.2 -30184 -15646
3580 140 2.2 -30872 -15674
3627 140 2.2 -30560 -15280
3673 140 2.2 -30032 -15210
3721 140 2.2 -30136 -15396
3769 140 2.2 -30596 -15902
3817 140 2.2 -30920 -16084
3867 140 2.2 -30572 -15902
3916 140 2.2 -30576 -15374
3967 140 2.2 -30876 -15762
4018 140 2.2 -30204 -15720
4070 140 2.2 -30692 -15912
4122 140 2.2 -30580 -16092
4176 140 2.2 -30628 -15736
4229 140 2.2 -30920 -16034
4284 140 2.2 -29592 -14804
4339 140 2.2 -30160 -14994
4395 140 2.2 -30440 -15922
4452 140 2.2 -30172 -15318
4509 140 2.2 -30372 -15486
4567 140 2.2 -31128 -16196
4626 140 2.2 -30660 -15670
4686 140 2.2 -30900 -16168
4746 140 2.2 -30148 -15510
4808 140 2.2 -30424 -15570
4870 140 2.2 -30700 -15846
4932 140 2.2 -30620 -15924
4996 140 2.2 -30592 -15742
5060 140 2.2 -30120 -15330
5126 140 2.2 -29680 -14910
5192 140 2.2 -30480 -15450
5259 140 2.2 -30340 -15590
5327 140 2.2 -30424 -15632
5395 140 2.2 -29948 -15142
5465 140 2.2 -30444 -15720
5535 140 2.2 -30152 -15392
5607 140 2.2 -30708 -15552
5679 140 2.2 -29900 -14810
5752 140 2.2 -30248 -15274
5826 140 2.2 -30336 -15426
5902 140 2.2 -29876 -15194
5978 140 2.2 -30072 -15532
6055 140 2.2 -30652 -15586
6133 140 2.2 -29868 -15214
6212 140 2.2 -30536 -15336
6292 140 2.2 -30500 -15674
6373 140 2.2 -30040 -14986
6455 140 2.2 -30300 -14956
6539 140 2.2 -30468 -15594
6623 140 2.2 -30304 -15400
6708 140 2.2 -29680 -15202
6795 140 2.2 -29736 -15014
6883 140 2.2 -30572 -15356
6971 140 2.2 -30152 -14784
7061 140 2.2 -29756 -14396
7152 140 2.2 -30472 -14410
7245 140 2.2 -29480 -14420
7338 140 2.2 -30176 -15108
7433 140 2.2 -31300 -16026
7529 140 2.2 -30552 -15582
7626 140 2.2 -29588 -14646
7724 140 2.2 -30160 -15086
7824 140 2.2 -30420 -15370
7925 140 2.2 -30228 -15014
8027 140 2.2 -30304 -15586
8130 140 2.2 -30912 -15958
8235 140 2.2 -30268 -15246
8341 140 2.2 -29836 -15056
8449 140 2.2 -30388 -15692
8558 140 2.2 -30736 -15646
8668 140 2.2 -29280 -14446
8780 140 2.2 -30132 -14788
8893 140 2.2 -30080 -15100
9008 140 2.2 -30312 -15648
9124 140 2.2 -29664 -14462
9242 140 2.2 -30320 -15532
9361 140 2.2 -30688 -15520
9482 140 2.2 -30448 -15754
9604 140 2.2 -30828 -15962
9728 140 2.2 -30224 -15678
9853 140 2.2 -30452 -15478
9980 140 2.2 -30032 -14818
10109 140 2.2 -30644 -15652
10240 140 2.2 -29552 -14714
10372 140 2.2 -30512 -15610
10505 140 2.2 -30496 -15742
10641 140 2.2 -30220 -15316
10778 140 2.2 -30020 -15478
10917 140 2.2 -29880 -15448
11058 140 2.2 -30436 -15292
11201 140 2.2 -30368 -15672
11345 140 2.2 -30312 -15046
11491 140 2.2 -30644 -15450
11640 140 2.2 -30472 -15730
11790 140 2.2 -30064 -15366
11942 140 2.2 -29784 -15494
12096 140 2.2 -30380 -15274
12252 140 2.2 -30384 -15356
12410 140 2.2 -30196 -15660
12570 140 2.2 -30740 -15826
12732 140 2.2 -30904 -16030
12896 140 2.2 -30044 -15506
13062 140 2.2 -30272 -15122
13231 140 2.2 -30000 -15224
13402 140 2.2 -29656 -14780
13574 140 2.2 -30760 -16068
13750 140 2.2 -30500 -15550
13927 140 2.2 -30088 -15080
14106 140 2.2 -30380 -15614
14288 140 2.2 -30168 -15562
14473 140 2.2 -30816 -15868
14659 140 2.2 -30480 -15714
14848 140 2.2 -29784 -14734
15040 140 2.2 -29880 -15194
15234 140 2.2 -30020 -15620
15430 140 2.2 -30484 -15574
15629 140 2.2 -30324 -15184
15831 140 2.2 -30756 -15646
16035 140 2.2 -30420 -15374
16242 140 2.2 -29940 -15076
16451 140 2.2 -29636 -14724
16664 140 2.2 -30628 -15612
16879 140 2.2 -30536 -15500
17096 140 2.2 -29836 -15010
17317 140 2.2 -30000 -15420
17540 140 2.2 -30628 -15594
17766 140 2.2 -30164 -15192
17995 140 2.2 -29744 -14828
18228 140 2.2 -30276 -15260
18463 140 2.2 -30336 -15584
18701 140 2.2 -29996 -15464
18942 140 2.2 -30020 -14996
19186 140 2.2 -30404 -15510
19434 140 2.2 -30164 -15640
19684 140 2.2 -30444 -15254
19938 140 2.2 -29756 -15308
20195 140 2.2 -30452 -15500
20456 140 2.2 -30444 -15346
20720 140 2.2 -30436 -15372
20987 140 2.2 -30252 -15236
21258 140 2.2 -30324 -15520
21532 140 2.2 -30364 -15436
21810 140 2.2 -30500 -15776
22091 140 2.2 -30176 -15080
22376 140 2.2 -30280 -15522
22664 140 2.2 -29796 -14524
22957 140 2.2 -30396 -15892
23253 140 2.2 -30304 -15242
23553 140 2.2 -30840 -15950
23856 140 2.2 -29660 -14722
24164 140 2.2 -30540 -15956
24476 140 2.2 -30508 -15896
24791 140 2.2 -30124 -15468
25111 140 2.2 -30852 -15658
25435 140 2.2 -30000 -14768
25763 140 2.2 -30240 -15112
26095 140 2.2 -29620 -13716
26432 140 2.2 -30996 -15566
26773 140 2.2 -30624 -15728
27118 140 2.2 -29976 -15516
27468 140 2.2 -29852 -14252
27822 140 2.2 -30344 -15644
28181 140 2.2 -30428 -15500
28545 140 2.2 -29964 -15152
28913 140 2.2 -29836 -15034
29286 140 2.2 -30004 -14826
29663 140 2.2 -29936 -14646
30046 140 2.2 -29652 -14622
30434 140 2.2 -30504 -15280
30826 140 2.2 -30900 -15722
31224 140 2.2 -30164 -15506
31626 140 2.2 -29772 -14974
32034 140 2.2 -30172 -15274
32447 140 2.2 -30500 -15610
32866 140 2.2 -30716 -15862
33290 140 2.2 -30528 -15280
33719 140 2.2 -30784 -15830
34154 140 2.2 -30768 -15712
34595 140 2.2 -30404 -15706
35041 140 2.2 -29924 -15244
35493 140 2.2 -30824 -15110
35951 140 2.2 -31104 -16048
36414 140 2.2 -30092 -15002
36884 140 2.2 -30296 -14722
37360 140 2.2 -30172 -15076
37841 140 2.2 -30396 -15758
38330 140 2.2 -29676 -15170
38824 140 2.2 -30132 -15372
39325 140 2.2 -30804 -15700
39832 140 2.2 -30436 -15984
40346 140 2.2 -30120 -14636
40866 140 2.2 -30504 -15454
41393 140 2.2 -30616 -15878
41927 140 2.2 -29940 -14096
42468 140 2.2 -30492 -15372
43015 140 2.2 -29948 -15148
43570 140 2.2 -30584 -15704
44132 140 2.2 -30744 -15712
44701 140 2.2 -30340 -15246
45278 140 2.2 -30260 -15378
45862 140 2.2 -30172 -15548
46453 140 2.2 -29820 -14564
47053 140 2.2 -30044 -15520
47660 140 2.2 -30792 -16100
48274 140 2.2 -30084 -15464
48897 140 2.2 -30068 -15276
49528 140 2.2 -30308 -15324
50166 140 2.2 -30456 -15598
50813 140 2.2 -30252 -15854
51469 140 2.2 -30928 -16066
52133 140 2.2 -29716 -15028
52805 140 2.2 -30572 -15356
53486 140 2.2 -29872 -14688
54176 140 2.2 -30672 -16134
54875 140 2.2 -30144 -15344
55582 140 2.2 -30964 -15706
56299 140 2.2 -29936 -14646
57025 140 2.2 -29976 -15206
57761 140 2.2 -30340 -15508
58506 140 2.2 -30332 -15764
59261 140 2.2 -30044 -14270
60025 140 2.2 -30456 -15722
60799 140 2.2 -30776 -15844
61583 140 2.2 -29880 -15216
62378 140 2.2 -29752 -14906
63182 140 2.2 -30172 -15292
63997 140 2.2 -30200 -15008
64822 140 2.2 -30864 -15902
65658 140 2.2 -31012 -16092
66505 140 2.2 -30580 -15546
67363 140 2.2 -30340 -15604
68232 140 2.2 -30692 -15686
69112 140 2.2 -30092 -15486
70003 140 2.2 -30156 -14878
70906 140 2.2 -29848 -15244
71821 140 2.2 -30580 -15724
72747 140 2.2 -29916 -14828
73685 140 2.2 -30128 -15130
74636 140 2.2 -30748 -15920
75599 140 2.2 -29836 -15302
76574 140 2.2 -30112 -15310
77561 140 2.2 -30484 -15974
78562 140 2.2 -30668 -15446
79575 140 2.2 -30988 -16128
80601 140 2.2 -30004 -15326
81641 140 2.2 -30744 -15884
82694 140 2.2 -30684 -15772
83760 140 2.2 -30236 -15500
84841 140 2.2 -30244 -15560
85935 140 2.2 -30052 -15322
87043 140 2.2 -29864 -15238
88166 140 2.2 -29604 -14970
89303 140 2.2 -30492 -15716
90455 140 2.2 -31020 -15684
91622 140 2.2 -30372 -15894
92803 140 2.2 -29300 -14542
94000 140 2.2 -30144 -15314
95213 140 2.2 -30704 -15704
96441 140 2.2 -30428 -15464
97685 140 2.2 -29964 -14920
98945 140 2.2 -30292 -14962
100221 140 2.2 -30020 -15252
101513 140 2.2 -30560 -15912
102823 140 2.2 -30184 -15174
104149 140 2.2 -30208 -15124
105492 140 2.2 -29552 -14194
106853 140 2.2 -30328 -14998
108231 140 2.2 -29988 -15310
109627 140 2.2 -30216 -15468
111041 140 2.2 -30232 -15674
112473 140 2.2 -29908 -15078
113924 140 2.2 -30444 -15236
115393 140 2.2 -30244 -15192
116882 140 2.2 -30516 -15086
118389 140 2.2 -30428 -15596
119916 140 2.2 -29492 -13582
121463 140 2.2 -30176 -15396
123029 140 2.2 -30700 -15742
124616 140 2.2 -30812 -15828
126224 140 2.2 -30580 -15554
127852 140 2.2 -30620 -15498
129501 140 2.2 -30716 -15948
131171 140 2.2 -30024 -15162
132863 140 2.2 -30676 -15792
134576 140 2.2 -30004 -14924
136312 140 2.2 -30412 -15414
138070 140 2.2 -30472 -15620
139851 140 2.2 -30152 -15018
141655 140 2.2 -30932 -15610
143482 140 2.2 -29432 -13658
145333 140 2.2 -30416 -15548
147207 140 2.2 -30636 -15202
149106 140 2.2 -30184 -14932
151029 140 2.2 -29100 -14512
152977 140 2.2 -30448 -15738
154950 140 2.2 -29960 -14796
156948 140 2.2 -30112 -15712
158973 140 2.2 -30604 -15976
161023 140 2.2 -30124 -15050
163100 140 2.2 -30344 -15616
165204 140 2.2 -30584 -15578
167334 140 2.2 -30764 -15366
169493 140 2.2 -30688 -15958
171679 140 2.2 -30532 -15590
173893 140 2.2 -30608 -15858
176136 140 2.2 -29996 -14948
178408 140 2.2 -30472 -15700
180709 140 2.2 -30780 -15704
183040 140 2.2 -30612 -15584
185400 140 2.2 -30412 -15396
187792 140 2.2 -29408 -14176
190214 140 2.2 -30628 -15656
192667 140 2.2 -30064 -15052
195152 140 2.2 -31072 -16066
197669 140 2.2 -30964 -15714
200219 140 2.2 -30100 -15308
202801 140 2.2 -30304 -15490
205417 140 2.2 -30352 -15460
208066 140 2.2 -30464 -15734
210750 140 2.2 -30440 -15640
213468 140 2.2 -30120 -14930
216222 140 2.2 -31248 -16086
219010 140 2.2 -30092 -15272
221835 140 2.2 -30244 -15422
224696 140 2.2 -29972 -14942
227595 140 2.2 -30492 -15348
230530 140 2.2 -30172 -15392
233503 140 2.2 -30184 -15264
236515 140 2.2 -30040 -15024
239566 140 2.2 -30536 -15924
242656 140 2.2 -30388 -14492
245785 140 2.2 -30744 -15794
248956 140 2.2 -30976 -16066
252167 140 2.2 -30212 -14516
255419 140 2.2 -30424 -15206
258713 140 2.2 -30348 -15616
262050 140 2.2 -29768 -15342
265430 140 2.2 -30196 -15354
268854 140 2.2 -29968 -15440
272321 140 2.2 -30564 -15360
275834 140 2.2 -30208 -14924
279391 140 2.2 -29980 -15018
282995 140 2.2 -30992 -16104
286645 140 2.2 -30804 -15532
290342 140 2.2 -30104 -15262
294087 140 2.2 -29624 -14050
297880 140 2.2 -30112 -15352
301722 140 2.2 -30572 -16000
305614 140 2.2 -30768 -16058
309556 140 2.2 -29804 -15212
313548 140 2.2 -30272 -15576
317592 140 2.2 -30700 -15988
321689 140 2.2 -30104 -15446
325838 140 2.2 -30804 -15928
330040 140 2.2 -30756 -16006
334297 140 2.2 -29552 -14740
338609 140 2.2 -30028 -15558
342976 140 2.2 -30072 -15406
347400 140 2.2 -30180 -15782
351881 140 2.2 -30592 -15288
356419 140 2.2 -29396 -14336
361016 140 2.2 -30320 -15528
365673 140 2.2 -30000 -15078
370389 140 2.2 -30840 -16036
375167 140 2.2 -30484 -15850
380005 140 2.2 -29708 -14932
384907 140 2.2 -30416 -15702
389871 140 2.2 -30668 -15800
394900 140 2.2 -30232 -14554
399993 140 2.2 -30432 -15574
405152 140 2.2 -30576 -15406
410378 140 2.2 -30396 -15268
415671 140 2.2 -29996 -15156
421032 140 2.2 -29636 -14860
426463 140 2.2 -30120 -15090
431963 140 2.2 -29932 -15734
437535 140 2.2 -30740 -15814
443178 140 2.2 -30492 -15770
448894 140 2.2 -30436 -15710
454684 140 2.2 -29644 -14422
460548 140 2.2 -29872 -14388
466489 140 2.2 -29792 -13396
472505 140 2.2 -30652 -16034
478600 140 2.2 -30764 -15446
484773 140 2.2 -30620 -15780
491025 140 2.2 -31048 -16162
497358 140 2.2 -30108 -15246
503773 140 2.2 -29880 -14958
510271 140 2.2 -30388 -15538
516852 140 2.2 -30044 -15648
523519 140 2.2 -30048 -14698
530271 140 2.2 -30496 -15692
537111 140 2.2 -29892 -15334
544038 140 2.2 -30152 -15472
551055 140 2.2 -30420 -14850
558163 140 2.2 -30816 -15760
565362 140 2.2 -30064 -15606
572654 140 2.2 -29652 -14648
580040 140 2.2 -30304 -15448
587521 140 2.2 -30196 -15660
595099 140 2.2 -30340 -15542
602775 140 2.2 -30152 -15160
610549 140 2.2 -30664 -15204
618424 140 2.2 -30456 -15680
626400 140 2.2 -30188 -15392
634480 140 2.2 -30352 -15372
642663 140 2.2 -30496 -15752
650952 140 2.2 -29896 -14810
659348 140 2.2 -30040 -13892
667853 140 2.2 -29784 -15110
676467 140 2.2 -30264 -15098
685192 140 2.2 -30068 -14898
694029 140 2.2 -30492 -15760
702981 140 2.2 -30660 -15746
712048 140 2.2 -30380 -15712
721232 140 2.2 -29924 -15026
730534 140 2.2 -30948 -15670
739957 140 2.2 -30480 -15174
749500 140 2.2 -30164 -15640
759168 140 2.2 -30204 -15456
768959 140 2.2 -29984 -15120
778877 140 2.2 -30260 -14902
788923 140 2.2 -30024 -15230
799099 140 2.2 -30028 -15336
809405 140 2.2 -30220 -15198
819845 140 2.2 -29832 -14884
830419 140 2.2 -31200 -16300
841130 140 2.2 -30036 -15412
851979 140 2.2 -30044 -14594
862968 140 2.2 -30356 -15630
874098 140 2.2 -30044 -15410
885373 140 2.2 -31152 -16264
896792 140 2.2 -30044 -15276
908359 140 2.2 -30052 -15052
920075 140 2.2 -31080 -15604
931942 140 2.2 -30348 -15430
943962 140 2.2 -30668 -15634
956137 140 2.2 -30800 -16180
968470 140 2.2 -30612 -15802
980961 140 2.2 -30176 -15312
993613 140 2.2 -30100 -14636
999999 140 2.2 -29720 -15138
