3 100 2.4 -9000 -252
4 100 2.4 -9320 -274
5 100 2.4 -9740 -160
6 100 2.4 -10096 -154
7 100 2.4 -10312 -216
8 100 2.4 -10472 -256
9 100 2.4 -10516 -290
10 100 2.4 -10652 -96
11 100 2.4 -10800 -88
12 100 2.4 -10924 -338
13 100 2.4 -10904 -482
14 100 2.4 -10996 -514
15 100 2.4 -11144 -388
16 100 2.4 -11136 -468
17 100 2.4 -11328 -600
18 100 2.4 -11240 -600
19 100 2.4 -11412 -858
20 100 2.4 -11444 -822
21 100 2.4 -11292 -804
22 100 2.4 -11448 -778
23 100 2.4 -11424 -1058
24 100 2.4 -11544 -1186
25 100 2.4 -11504 -1116
26 100 2.4 -11632 -1052
27 100 2.4 -11604 -1178
28 100 2.4 -11496 -976
29 100 2.4 -11792 -1042
30 100 2.4 -11568 -1070
31 100 2.4 -11604 -956
32 100 2.4 -11468 -936
33 100 2.4 -11660 -1044
34 100 2.4 -11568 -998
35 100 2.4 -11444 -1142
36 100 2.4 -11692 -1104
37 100 2.4 -11896 -1278
38 100 2.4 -11688 -1068
39 100 2.4 -11856 -1192
40 100 2.4 -11844 -1098
41 100 2.4 -11968 -1088
42 100 2.4 -11880 -988
43 100 2.4 -11680 -942
44 100 2.4 -11672 -792
45 100 2.4 -11772 -760
46 100 2.4 -11672 -876
47 100 2.4 -11656 -802
48 100 2.4 -11836 -796
49 100 2.4 -11916 -934
50 100 2.4 -11964 -1010
51 100 2.4 -11928 -1080
52 100 2.4 -11992 -1218
53 100 2.4 -11800 -1292
54 100 2.4 -12168 -1374
55 100 2.4 -11892 -1378
56 100 2.4 -11868 -1102
57 100 2.4 -12012 -1014
58 100 2.4 -11896 -782
59 100 2.4 -11724 -730
60 100 2.4 -11792 -826
61 100 2.4 -11812 -860
62 100 2.4 -11720 -1142
63 100 2.4 -11964 -1188
64 100 2.4 -11852 -1120
65 100 2.4 -11976 -1006
66 100 2.4 -11796 -988
67 100 2.4 -11968 -1000
68 100 2.4 -11924 -1026
69 100 2.4 -12220 -1056
70 100 2.4 -11980 -1146
71 100 2.4 -11828 -1106
72 100 2.4 -11732 -1006
73 100 2.4 -11700 -1022
74 100 2.4 -11900 -950
75 100 2.4 -11852 -922
76 100 2.4 -11884 -988
77 100 2.4 -11640 -1012
78 100 2.4 -11428 -1020
79 100 2.4 -11484 -950
80 100 2.4 -11640 -966
81 100 2.4 -11556 -876
82 100 2.4 -11524 -814
83 100 2.4 -11348 -824
84 100 2.4 -11508 -864
85 100 2.4 -11388 -748
86 100 2.4 -11332 -874
88 100 2.4 -11708 -840
89 100 2.4 -11688 -750
90 100 2.4 -11896 -804
91 100 2.4 -11784 -776
92 100 2.4 -11660 -808
93 100 2.4 -11704 -598
95 100 2.4 -11692 -888
96 100 2.4 -11544 -816
97 100 2.4 -11400 -730
98 100 2.4 -11880 -710
99 100 2.4 -11932 -832
101 100 2.4 -11560 -956
102 100 2.4 -11692 -986
103 100 2.4 -11624 -1016
105 100 2.4 -12120 -778
106 100 2.4 -11844 -822
107 100 2.4 -12024 -940
109 100 2.4 -12168 -900
110 100 2.4 -12020 -968
112 100 2.4 -11960 -666
113 100 2.4 -11968 -718
114 100 2.4 -12004 -714
116 100 2.4 -11864 -750
117 100 2.4 -11952 -664
119 100 2.4 -11664 -124
120 100 2.4 -11960 -282
122 100 2.4 -12220 -328
124 100 2.4 -12204 -150
125 100 2.4 -11816 146
127 100 2.4 -11844 260
128 100 2.4 -11768 220
130 100 2.4 -11932 128
132 100 2.4 -12100 24
133 100 2.4 -12032 -110
135 100 2.4 -11532 58
137 100 2.4 -12180 36
139 100 2.4 -11844 -184
140 100 2.4 -12084 -194
142 100 2.4 -12060 -114
144 100 2.4 -11516 -162
146 100 2.4 -11380 -176
148 100 2.4 -11668 -66
150 100 2.4 -11764 -82
152 100 2.4 -11872 -52
154 100 2.4 -12176 -12
155 100 2.4 -11944 58
157 100 2.4 -12168 -210
160 100 2.4 -12112 -266
162 100 2.4 -12148 -370
164 100 2.4 -11768 -328
166 100 2.4 -12052 -116
168 100 2.4 -11988 -156
170 100 2.4 -12108 8
172 100 2.4 -12288 -82
174 100 2.4 -12108 0
177 100 2.4 -12156 408
179 100 2.4 -12104 174
181 100 2.4 -12044 162
184 100 2.4 -12032 96
186 100 2.4 -12008 194
188 100 2.4 -12136 20
191 100 2.4 -12084 20
193 100 2.4 -11880 -104
196 100 2.4 -11996 -96
198 100 2.4 -11796 -120
201 100 2.4 -11944 -162
203 100 2.4 -11884 -30
206 100 2.4 -12292 -200
209 100 2.4 -12120 -90
211 100 2.4 -12164 -32
214 100 2.4 -11984 -212
217 100 2.4 -12136 -40
220 100 2.4 -11888 -64
222 100 2.4 -11960 -70
225 100 2.4 -11832 48
228 100 2.4 -11704 110
231 100 2.4 -11752 152
234 100 2.4 -11752 214
237 100 2.4 -11580 182
240 100 2.4 -11728 390
243 100 2.4 -11648 416
246 100 2.4 -12204 594
250 100 2.4 -11972 298
253 100 2.4 -12176 554
256 100 2.4 -12152 842
259 100 2.4 -12120 560
263 100 2.4 -12204 638
266 100 2.4 -12248 312
269 100 2.4 -11976 376
273 100 2.4 -11868 552
276 100 2.4 -11836 648
280 100 2.4 -12336 398
284 100 2.4 -11832 360
287 100 2.4 -12016 432
291 100 2.4 -11908 402
295 100 2.4 -11908 822
298 100 2.4 -12188 424
302 100 2.4 -12264 338
306 100 2.4 -12320 482
310 100 2.4 -12028 806
314 100 2.4 -11776 1110
318 100 2.4 -12344 1040
322 100 2.4 -12180 1174
326 100 2.4 -12064 1240
331 100 2.4 -11620 1248
335 100 2.4 -11708 1114
339 100 2.4 -11836 894
344 100 2.4 -12060 954
348 100 2.4 -12176 710
352 100 2.4 -12096 536
357 100 2.4 -12240 442
362 100 2.4 -12284 564
366 100 2.4 -12324 468
371 100 2.4 -11864 422
376 100 2.4 -12096 666
381 100 2.4 -12056 512
385 100 2.4 -11568 558
390 100 2.4 -11876 556
395 100 2.4 -11956 482
401 100 2.4 -12184 386
406 100 2.4 -12356 -134
411 100 2.4 -12444 -234
416 100 2.4 -12416 -136
422 100 2.4 -11996 -34
427 100 2.4 -12312 -62
433 100 2.4 -12392 -120
438 100 2.4 -12172 -180
444 100 2.4 -12120 46
449 100 2.4 -12244 294
455 100 2.4 -12212 16
461 100 2.4 -11944 -258
467 100 2.4 -12248 -78
473 100 2.4 -11988 -116
479 100 2.4 -11856 -224
485 100 2.4 -12052 -310
492 100 2.4 -12124 -268
498 100 2.4 -12312 -636
504 100 2.4 -12056 -1064
511 100 2.4 -12144 -1594
517 100 2.4 -12260 -1822
524 100 2.4 -11872 -1762
531 100 2.4 -12656 -2024
538 100 2.4 -12592 -2480
545 100 2.4 -12308 -2500
552 100 2.4 -12292 -2540
559 100 2.4 -12296 -2292
566 100 2.4 -11812 -2148
573 100 2.4 -12184 -2150
581 100 2.4 -12220 -2190
588 100 2.4 -12172 -2282
596 100 2.4 -12440 -1990
603 100 2.4 -12036 -1876
611 100 2.4 -12152 -1888
619 100 2.4 -11940 -1970
627 100 2.4 -12148 -1698
635 100 2.4 -12340 -1694
643 100 2.4 -12256 -1696
652 100 2.4 -12372 -1726
660 100 2.4 -12056 -1418
668 100 2.4 -11864 -1248
677 100 2.4 -12404 -1586
686 100 2.4 -11992 -1396
695 100 2.4 -11772 -1536
704 100 2.4 -12076 -1498
713 100 2.4 -12048 -2062
722 100 2.4 -11816 -2134
731 100 2.4 -12088 -2212
741 100 2.4 -12680 -2610
750 100 2.4 -12588 -2594
760 100 2.4 -12680 -2680
770 100 2.4 -12056 -2426
780 100 2.4 -12600 -1808
790 100 2.4 -12260 -1634
800 100 2.4 -12172 -2092
810 100 2.4 -12000 -1708
821 100 2.4 -12280 -1122
831 100 2.4 -11872 -494
842 100 2.4 -11568 -624
853 100 2.4 -11868 -890
864 100 2.4 -11648 -678
875 100 2.4 -12064 -838
886 100 2.4 -12164 -128
897 100 2.4 -12056 -372
909 100 2.4 -12080 208
921 100 2.4 -11780 -100
933 100 2.4 -12496 538
945 100 2.4 -12356 696
957 100 2.4 -12032 1036
969 100 2.4 -12212 1716
982 100 2.4 -12252 2042
994 100 2.4 -12152 2020
1007 100 2.4 -12380 2030
1020 100 2.4 -12396 2262
1033 100 2.4 -12296 2068
1047 100 2.4 -12488 2030
1060 100 2.4 -12312 2514
1074 100 2.4 -12016 2286
1088 100 2.4 -12492 2206
1102 100 2.4 -12588 1746
1116 100 2.4 -12132 1488
1130 100 2.4 -12216 1198
1145 100 2.4 -12116 1004
1160 100 2.4 -12168 952
1174 100 2.4 -12248 420
1190 100 2.4 -12300 148
1205 100 2.4 -12484 780
1220 100 2.4 -12356 1464
1236 100 2.4 -11972 1036
1252 100 2.4 -12372 1250
1268 100 2.4 -12208 1024
1285 100 2.4 -11908 1218
1301 100 2.4 -12180 1178
1318 100 2.4 -12176 1184
1335 100 2.4 -12848 462
1352 100 2.4 -12332 250
1370 100 2.4 -12356 476
1387 100 2.4 -12172 910
1405 100 2.4 -11796 846
1423 100 2.4 -11604 218
1442 100 2.4 -11792 380
1460 100 2.4 -12176 -384
1479 100 2.4 -12416 -266
1498 100 2.4 -12252 -340
1517 100 2.4 -12120 -310
1537 100 2.4 -12208 -172
1557 100 2.4 -12620 238
1577 100 2.4 -12464 -544
1597 100 2.4 -12092 -556
1618 100 2.4 -12168 -434
1639 100 2.4 -12112 -954
1660 100 2.4 -11928 -1120
1681 100 2.4 -12284 -466
1703 100 2.4 -12320 126
1725 100 2.4 -12556 532
1747 100 2.4 -12024 648
1770 100 2.4 -11924 1192
1792 100 2.4 -11776 1306
1816 100 2.4 -12292 1232
1839 100 2.4 -12332 1722
1863 100 2.4 -12168 1932
1887 100 2.4 -12380 1918
1911 100 2.4 -12216 1974
1936 100 2.4 -12660 2666
1961 100 2.4 -12060 2774
1986 100 2.4 -12356 2756
2012 100 2.4 -11808 2832
2037 100 2.4 -12124 2650
2064 100 2.4 -12000 1742
2090 100 2.4 -11808 2250
2117 100 2.4 -12404 1930
2145 100 2.4 -12036 2228
2172 100 2.4 -11860 1974
2200 100 2.4 -11984 1662
2229 100 2.4 -11932 2144
2257 100 2.4 -12468 2784
2286 100 2.4 -12244 2672
2316 100 2.4 -12076 1990
2346 100 2.4 -12404 2860
2376 100 2.4 -12280 3442
2407 100 2.4 -12084 3962
2438 100 2.4 -12364 2930
2469 100 2.4 -11976 1630
2501 100 2.4 -11840 738
2533 100 2.4 -11872 -142
2566 100 2.4 -11892 720
2599 100 2.4 -11844 1050
2633 100 2.4 -12200 1760
2667 100 2.4 -11756 1498
2701 100 2.4 -12432 1392
2736 100 2.4 -12168 1706
2771 100 2.4 -12284 1628
2807 100 2.4 -11600 988
2843 100 2.4 -11696 1186
2880 100 2.4 -12056 1212
2917 100 2.4 -12208 -318
2954 100 2.4 -12076 -394
2992 100 2.4 -12060 -258
3031 100 2.4 -12176 42
3070 100 2.4 -11632 1554
3110 100 2.4 -12360 966
3150 100 2.4 -12148 1452
3190 100 2.4 -12008 170
3232 100 2.4 -12364 436
3273 100 2.4 -12200 618
3315 100 2.4 -12480 408
3358 100 2.4 -12184 92
3402 100 2.4 -12068 -266
3445 100 2.4 -12448 612
3490 100 2.4 -11972 674
3535 100 2.4 -12384 782
3580 100 2.4 -11852 698
3627 100 2.4 -12128 -1332
3673 100 2.4 -11984 -980
3721 100 2.4 -12012 -632
3769 100 2.4 -12416 -806
3817 100 2.4 -11924 564
3867 100 2.4 -12704 122
3916 100 2.4 -11684 278
3967 100 2.4 -12168 146
4018 100 2.4 -11472 338
4070 100 2.4 -12008 970
4122 100 2.4 -11660 620
4176 100 2.4 -12016 340
4229 100 2.4 -11712 -126
4284 100 2.4 -12084 -226
4339 100 2.4 -11940 58
4395 100 2.4 -12312 480
4452 100 2.4 -11900 430
4509 100 2.4 -11920 118
4567 100 2.4 -12352 -498
4626 100 2.4 -12004 106
4686 100 2.4 -12360 764
4746 100 2.4 -12460 -544
4808 100 2.4 -12084 -554
4870 100 2.4 -12204 -932
4932 100 2.4 -11928 -336
4996 100 2.4 -12164 640
5060 100 2.4 -12184 692
5126 100 2.4 -11884 1102
5192 100 2.4 -12668 970
5259 100 2.4 -11776 522
5327 100 2.4 -11908 1748
5395 100 2.4 -12204 756
5465 100 2.4 -12020 834
5535 100 2.4 -12288 2970
5607 100 2.4 -12016 2508
5679 100 2.4 -11800 790
5752 100 2.4 -12088 1284
5826 100 2.4 -11968 758
5902 100 2.4 -11600 146
5978 100 2.4 -12024 -322
6055 100 2.4 -11832 636
6133 100 2.4 -12000 -468
6212 100 2.4 -12196 -40
6292 100 2.4 -12472 -2288
6373 100 2.4 -11932 -1728
6455 100 2.4 -12012 -406
6539 100 2.4 -11864 -938
6623 100 2.4 -12356 658
6708 100 2.4 -12272 1734
6795 100 2.4 -11976 1830
6883 100 2.4 -12428 2192
6971 100 2.4 -11784 1756
7061 100 2.4 -12520 908
7152 100 2.4 -11524 542
7245 100 2.4 -12192 1484
7338 100 2.4 -12568 1508
7433 100 2.4 -11668 1568
7529 100 2.4 -11824 2480
7626 100 2.4 -12156 1964
7724 100 2.4 -12108 1972
7824 100 2.4 -11852 1168
7925 100 2.4 -11932 1208
8027 100 2.4 -11900 182
8130 100 2.4 -11944 720
8235 100 2.4 -12340 1730
8341 100 2.4 -11716 1190
8449 100 2.4 -12256 -742
8558 100 2.4 -11964 1042
8668 100 2.4 -11708 -778
8780 100 2.4 -12132 -1780
8893 100 2.4 -11912 -1124
9008 100 2.4 -12128 -1758
9124 100 2.4 -12148 -1858
9242 100 2.4 -12432 -2394
9361 100 2.4 -11648 -648
9482 100 2.4 -12424 682
9604 100 2.4 -11812 -370
9728 100 2.4 -12060 -2190
9853 100 2.4 -12484 -2052
9980 100 2.4 -11864 -1814
10109 100 2.4 -11500 -1228
10240 100 2.4 -12120 -1450
10372 100 2.4 -12016 -3518
10505 100 2.4 -11912 -3024
10641 100 2.4 -11852 -1742
10778 100 2.4 -11820 -754
10917 100 2.4 -11660 -1196
11058 100 2.4 -11732 -200
11201 100 2.4 -11944 746
11345 100 2.4 -11840 -120
11491 100 2.4 -12524 -1522
11640 100 2.4 -12308 -2634
11790 100 2.4 -12160 -1812
11942 100 2.4 -12296 -678
12096 100 2.4 -12188 -946
12252 100 2.4 -11420 -496
12410 100 2.4 -12248 -220
12570 100 2.4 -12100 -550
12732 100 2.4 -12200 330
12896 100 2.4 -12020 -56
13062 100 2.4 -11936 -1100
13231 100 2.4 -12072 -1542
13402 100 2.4 -12372 1274
13574 100 2.4 -11544 164
13750 100 2.4 -11792 -130
13927 100 2.4 -11712 -238
14106 100 2.4 -11988 168
14288 100 2.4 -12064 752
14473 100 2.4 -11656 -20
14659 100 2.4 -12124 658
14848 100 2.4 -12340 1666
15040 100 2.4 -12364 1112
15234 100 2.4 -12324 -1706
15430 100 2.4 -12288 -1802
15629 100 2.4 -11788 -1840
15831 100 2.4 -12052 74
16035 100 2.4 -11792 996
16242 100 2.4 -12020 436
16451 100 2.4 -11776 -940
16664 100 2.4 -12340 -696
16879 100 2.4 -12344 1024
17096 100 2.4 -12244 -384
17317 100 2.4 -12204 -484
17540 100 2.4 -12164 1256
17766 100 2.4 -12104 8
17995 100 2.4 -11988 -752
18228 100 2.4 -11868 -82
18463 100 2.4 -12384 -1290
18701 100 2.4 -12032 124
18942 100 2.4 -12188 -2058
19186 100 2.4 -12208 -284
19434 100 2.4 -12576 576
19684 100 2.4 -11980 692
19938 100 2.4 -11972 2152
20195 100 2.4 -11728 278
20456 100 2.4 -11828 -656
20720 100 2.4 -11724 590
20987 100 2.4 -11836 1556
21258 100 2.4 -12220 -1038
21532 100 2.4 -11884 -1844
21810 100 2.4 -12000 -654
22091 100 2.4 -11828 772
22376 100 2.4 -12280 -1364
22664 100 2.4 -11972 -1114
22957 100 2.4 -12064 -410
23253 100 2.4 -11972 2058
23553 100 2.4 -12132 -792
23856 100 2.4 -12068 1012
24164 100 2.4 -12092 -382
24476 100 2.4 -12544 1520
24791 100 2.4 -11664 1260
25111 100 2.4 -12108 166
25435 100 2.4 -11744 54
25763 100 2.4 -12200 -1164
26095 100 2.4 -12252 -1316
26432 100 2.4 -11852 -332
26773 100 2.4 -11896 -88
27118 100 2.4 -11600 -538
27468 100 2.4 -12472 1056
27822 100 2.4 -11784 396
28181 100 2.4 -11876 2944
28545 100 2.4 -12092 1706
28913 100 2.4 -11792 528
29286 100 2.4 -12096 -2
29663 100 2.4 -12244 -500
30046 100 2.4 -11608 -606
30434 100 2.4 -12128 -494
30826 100 2.4 -11716 -96
31224 100 2.4 -12092 678
31626 100 2.4 -11772 1250
32034 100 2.4 -12056 1176
32447 100 2.4 -12060 -620
32866 100 2.4 -11956 504
33290 100 2.4 -11900 -2014
33719 100 2.4 -11900 -1718
34154 100 2.4 -12200 310
34595 100 2.4 -11948 -860
35041 100 2.4 -12184 -1478
35493 100 2.4 -12120 800
35951 100 2.4 -12240 -2570
36414 100 2.4 -12132 -144
36884 100 2.4 -11976 -498
37360 100 2.4 -11964 436
37841 100 2.4 -11588 716
38330 100 2.4 -12024 -364
38824 100 2.4 -11832 1324
39325 100 2.4 -11916 1698
39832 100 2.4 -12320 978
40346 100 2.4 -12256 -2568
40866 100 2.4 -11808 -820
41393 100 2.4 -12252 556
41927 100 2.4 -12020 -1642
42468 100 2.4 -11840 -40
43015 100 2.4 -11176 -468
43570 100 2.4 -12044 -2424
44132 100 2.4 -12340 -1086
44701 100 2.4 -11812 958
45278 100 2.4 -12200 222
45862 100 2.4 -11792 22
46453 100 2.4 -12328 -2210
47053 100 2.4 -11740 -602
47660 100 2.4 -11904 304
48274 100 2.4 -11604 1516
48897 100 2.4 -12496 -100
49528 100 2.4 -11856 -1150
50166 100 2.4 -11796 626
50813 100 2.4 -11712 -728
51469 100 2.4 -12180 28
52133 100 2.4 -11920 -1156
52805 100 2.4 -12016 -1702
53486 100 2.4 -11724 -1230
54176 100 2.4 -11992 -812
54875 100 2.4 -12424 -8
55582 100 2.4 -12012 1018
56299 100 2.4 -12040 282
57025 100 2.4 -11772 -760
57761 100 2.4 -11884 712
58506 100 2.4 -12052 -984
59261 100 2.4 -12420 -3350
60025 100 2.4 -12112 1446
60799 100 2.4 -12216 1884
61583 100 2.4 -11752 1528
62378 100 2.4 -12292 -970
63182 100 2.4 -12248 84
63997 100 2.4 -12180 -1540
64822 100 2.4 -12160 -88
65658 100 2.4 -11828 916
66505 100 2.4 -12180 1782
67363 100 2.4 -12308 -300
68232 100 2.4 -12008 606
69112 100 2.4 -12520 -648
70003 100 2.4 -12220 -1646
70906 100 2.4 -11840 372
71821 100 2.4 -12544 -2702
72747 100 2.4 -11684 -708
73685 100 2.4 -12032 -938
74636 100 2.4 -11764 -1154
75599 100 2.4 -11980 -330
76574 100 2.4 -11756 -860
77561 100 2.4 -12136 2256
78562 100 2.4 -11940 696
79575 100 2.4 -11628 152
80601 100 2.4 -11824 154
81641 100 2.4 -11884 484
82694 100 2.4 -12124 -544
83760 100 2.4 -12816 174
84841 100 2.4 -12360 1982
85935 100 2.4 -12220 1388
87043 100 2.4 -12176 -290
88166 100 2.4 -11872 688
89303 100 2.4 -12292 1018
90455 100 2.4 -12440 -918
91622 100 2.4 -12364 546
92803 100 2.4 -12428 160
94000 100 2.4 -12432 -2312
95213 100 2.4 -11808 494
96441 100 2.4 -11920 212
97685 100 2.4 -12128 -1302
98945 100 2.4 -12068 1890
100221 100 2.4 -12340 -2528
101513 100 2.4 -11880 704
102823 100 2.4 -11936 -400
104149 100 2.4 -12104 -280
105492 100 2.4 -11928 1034
106853 100 2.4 -12040 652
108231 100 2.4 -11904 2722
109627 100 2.4 -11904 -1030
111041 100 2.4 -12412 -1568
112473 100 2.4 -12208 -2720
113924 100 2.4 -12664 -1236
115393 100 2.4 -12284 -668
116882 100 2.4 -12116 -634
118389 100 2.4 -12124 -1282
119916 100 2.4 -11924 -1422
121463 100 2.4 -12008 -3168
123029 100 2.4 -12096 -150
124616 100 2.4 -12284 -1298
126224 100 2.4 -11792 254
127852 100 2.4 -12288 310
129501 100 2.4 -12064 1994
131171 100 2.4 -12340 390
132863 100 2.4 -12076 -464
134576 100 2.4 -11476 552
136312 100 2.4 -11800 1154
138070 100 2.4 -12048 -1216
139851 100 2.4 -12096 832
141655 100 2.4 -11692 1024
143482 100 2.4 -11736 -406
145333 100 2.4 -12276 1604
147207 100 2.4 -11868 -228
149106 100 2.4 -11800 330
151029 100 2.4 -12068 -1146
152977 100 2.4 -11608 766
154950 100 2.4 -11444 1970
156948 100 2.4 -11768 902
158973 100 2.4 -12052 1180
161023 100 2.4 -12040 -1670
163100 100 2.4 -12212 -502
165204 100 2.4 -12108 -1018
167334 100 2.4 -12064 854
169493 100 2.4 -11936 -1404
171679 100 2.4 -11580 56
173893 100 2.4 -12572 -900
176136 100 2.4 -12076 38
178408 100 2.4 -12076 2746
180709 100 2.4 -12048 1108
183040 100 2.4 -11828 946
185400 100 2.4 -11996 2646
187792 100 2.4 -12024 -430
190214 100 2.4 -11964 -3110
192667 100 2.4 -12196 -452
195152 100 2.4 -12104 -762
197669 100 2.4 -12296 -1018
200219 100 2.4 -12092 -1122
202801 100 2.4 -12360 456
205417 100 2.4 -11684 1130
208066 100 2.4 -12048 28
210750 100 2.4 -11972 2242
213468 100 2.4 -11836 784
216222 100 2.4 -12372 -362
219010 100 2.4 -12144 -58
221835 100 2.4 -11692 -1642
224696 100 2.4 -12024 1252
227595 100 2.4 -12268 -2898
230530 100 2.4 -12176 944
233503 100 2.4 -12040 1322
236515 100 2.4 -11928 -1844
239566 100 2.4 -11588 1128
242656 100 2.4 -12124 1174
245785 100 2.4 -12020 514
248956 100 2.4 -12284 -242
252167 100 2.4 -12344 -1634
255419 100 2.4 -11976 -1514
258713 100 2.4 -11760 1638
262050 100 2.4 -11704 742
265430 100 2.4 -12144 -2112
268854 100 2.4 -12376 -702
272321 100 2.4 -12556 2050
275834 100 2.4 -11844 1962
279391 100 2.4 -12460 1662
282995 100 2.4 -12616 -292
286645 100 2.4 -11744 -338
290342 100 2.4 -12200 -858
294087 100 2.4 -11780 1436
297880 100 2.4 -11936 2142
301722 100 2.4 -11812 1074
305614 100 2.4 -12012 -600
309556 100 2.4 -12084 334
313548 100 2.4 -12204 2910
317592 100 2.4 -11820 -508
321689 100 2.4 -12368 -1814
325838 100 2.4 -12348 -2698
330040 100 2.4 -11608 -8
334297 100 2.4 -12764 -314
338609 100 2.4 -12164 140
342976 100 2.4 -11840 518
347400 100 2.4 -12436 1434
351881 100 2.4 -11708 216
356419 100 2.4 -12264 1234
361016 100 2.4 -12208 496
365673 100 2.4 -11820 1536
370389 100 2.4 -11692 -516
375167 100 2.4 -12220 2066
380005 100 2.4 -12320 -286
384907 100 2.4 -11748 -878
389871 100 2.4 -11912 -632
394900 100 2.4 -11712 -728
399993 100 2.4 -12392 306
405152 100 2.4 -12000 1342
410378 100 2.4 -11868 1396
415671 100 2.4 -12352 1042
421032 100 2.4 -11920 1048
426463 100 2.4 -11688 482
431963 100 2.4 -12116 798
437535 100 2.4 -12172 880
443178 100 2.4 -12196 -270
448894 100 2.4 -12008 -1146
454684 100 2.4 -11828 412
460548 100 2.4 -12112 1926
466489 100 2.4 -12248 252
472505 100 2.4 -11544 -162
478600 100 2.4 -11512 -1588
484773 100 2.4 -11960 -652
491025 100 2.4 -12332 -1304
497358 100 2.4 -12584 2514
503773 100 2.4 -11788 784
510271 100 2.4 -12212 -2336
516852 100 2.4 -11796 1232
523519 100 2.4 -11636 -240
530271 100 2.4 -12092 -1270
537111 100 2.4 -11996 206
544038 100 2.4 -11848 -444
551055 100 2.4 -12076 -442
558163 100 2.4 -12328 -212
565362 100 2.4 -12040 1916
572654 100 2.4 -12120 384
580040 100 2.4 -11740 840
587521 100 2.4 -11980 1728
595099 100 2.4 -11388 -230
602775 100 2.4 -11736 824
610549 100 2.4 -12104 888
618424 100 2.4 -12396 756
626400 100 2.4 -11952 1268
634480 100 2.4 -12124 1032
642663 100 2.4 -11952 1862
650952 100 2.4 -11936 -34
659348 100 2.4 -12132 -1726
667853 100 2.4 -12044 -60
676467 100 2.4 -11920 54
685192 100 2.4 -12312 -236
694029 100 2.4 -12064 2172
702981 100 2.4 -12052 1020
712048 100 2.4 -12080 -280
721232 100 2.4 -11816 2078
730534 100 2.4 -11608 26
739957 100 2.4 -12136 -158
749500 100 2.4 -12016 -1214
759168 100 2.4 -12184 -1798
768959 100 2.4 -11996 -188
778877 100 2.4 -11864 914
788923 100 2.4 -12036 -62
799099 100 2.4 -11912 1550
809405 100 2.4 -12180 106
819845 100 2.4 -12312 2268
830419 100 2.4 -12264 -138
841130 100 2.4 -11756 -848
851979 100 2.4 -11880 2318
862968 100 2.4 -12360 -554
874098 100 2.4 -11940 836
885373 100 2.4 -11436 1742
896792 100 2.4 -11904 334
908359 100 2.4 -11824 -520
920075 100 2.4 -11864 -448
931942 100 2.4 -12072 -1666
943962 100 2.4 -11408 -328
956137 100 2.4 -11800 -1994
968470 100 2.4 -12216 -170
980961 100 2.4 -11880 1018
993613 100 2.4 -11996 -210
999999 100 2.4 -12544 -1470
