3 100 2.3 -9164 -16
4 100 2.3 -9960 30
5 100 2.3 -10220 20
6 100 2.3 -10604 -198
7 100 2.3 -10912 -218
8 100 2.3 -10944 -194
9 100 2.3 -11204 -198
10 100 2.3 -11440 -78
11 100 2.3 -11520 -62
12 100 2.3 -11572 -264
13 100 2.3 -11428 -288
14 100 2.3 -11748 -258
15 100 2.3 -11704 -348
16 100 2.3 -11720 -288
17 100 2.3 -11624 -336
18 100 2.3 -11688 -408
19 100 2.3 -11808 -416
20 100 2.3 -11884 -422
21 100 2.3 -11952 -420
22 100 2.3 -12052 -428
23 100 2.3 -12392 -360
24 100 2.3 -12516 -326
25 100 2.3 -12396 -222
26 100 2.3 -12380 -130
27 100 2.3 -12456 -104
28 100 2.3 -12568 -106
29 100 2.3 -12604 -4
30 100 2.3 -12420 74
31 100 2.3 -12404 44
32 100 2.3 -12708 152
33 100 2.3 -12320 -50
34 100 2.3 -12332 -138
35 100 2.3 -12600 -214
36 100 2.3 -12680 -206
37 100 2.3 -12648 -162
38 100 2.3 -12712 -230
39 100 2.3 -12692 -246
40 100 2.3 -12720 -148
41 100 2.3 -12624 -104
42 100 2.3 -12696 -100
43 100 2.3 -12532 -48
44 100 2.3 -12744 -38
45 100 2.3 -12816 54
46 100 2.3 -12912 126
47 100 2.3 -12720 136
48 100 2.3 -12648 220
49 100 2.3 -12432 16
50 100 2.3 -12424 20
51 100 2.3 -12464 134
52 100 2.3 -12700 42
53 100 2.3 -12772 34
54 100 2.3 -12476 122
55 100 2.3 -12392 112
56 100 2.3 -12748 166
57 100 2.3 -12712 -44
58 100 2.3 -12764 -76
59 100 2.3 -12540 -48
60 100 2.3 -12500 -258
61 100 2.3 -12620 -298
62 100 2.3 -12740 -222
63 100 2.3 -12556 -64
64 100 2.3 -12620 44
65 100 2.3 -12480 274
66 100 2.3 -12432 258
67 100 2.3 -12872 280
68 100 2.3 -12876 156
69 100 2.3 -12720 76
70 100 2.3 -12956 44
71 100 2.3 -12812 64
72 100 2.3 -12792 126
73 100 2.3 -12616 34
74 100 2.3 -12796 -20
75 100 2.3 -12652 30
76 100 2.3 -12616 -28
77 100 2.3 -12652 34
78 100 2.3 -12676 84
79 100 2.3 -12592 160
80 100 2.3 -12972 258
81 100 2.3 -12844 332
82 100 2.3 -12976 260
83 100 2.3 -12992 360
84 100 2.3 -13152 298
85 100 2.3 -13388 220
86 100 2.3 -13540 110
88 100 2.3 -13344 66
89 100 2.3 -12988 130
90 100 2.3 -13088 228
91 100 2.3 -13208 182
92 100 2.3 -13236 154
93 100 2.3 -13248 340
95 100 2.3 -13236 460
96 100 2.3 -13096 360
97 100 2.3 -13372 320
98 100 2.3 -13436 364
99 100 2.3 -13364 304
101 100 2.3 -13316 272
102 100 2.3 -13276 206
103 100 2.3 -13060 200
105 100 2.3 -13116 122
106 100 2.3 -13060 120
107 100 2.3 -13188 118
109 100 2.3 -13072 190
110 100 2.3 -13068 258
112 100 2.3 -13328 430
113 100 2.3 -13344 248
114 100 2.3 -13244 238
116 100 2.3 -13300 374
117 100 2.3 -13028 544
119 100 2.3 -13180 772
120 100 2.3 -13152 756
122 100 2.3 -12908 544
124 100 2.3 -13040 346
125 100 2.3 -12908 384
127 100 2.3 -13020 510
128 100 2.3 -12908 436
130 100 2.3 -13064 428
132 100 2.3 -13120 524
133 100 2.3 -12812 708
135 100 2.3 -13032 594
137 100 2.3 -13440 388
139 100 2.3 -13336 358
140 100 2.3 -13680 372
142 100 2.3 -13180 226
144 100 2.3 -13260 264
146 100 2.3 -13124 520
148 100 2.3 -13144 482
150 100 2.3 -13132 456
152 100 2.3 -12988 536
154 100 2.3 -13160 660
155 100 2.3 -13324 540
157 100 2.3 -13368 466
160 100 2.3 -13236 208
162 100 2.3 -13332 244
164 100 2.3 -12900 274
166 100 2.3 -13068 170
168 100 2.3 -13372 312
170 100 2.3 -13228 202
172 100 2.3 -13172 104
174 100 2.3 -12968 176
177 100 2.3 -13276 358
179 100 2.3 -13340 316
181 100 2.3 -13432 444
184 100 2.3 -13472 168
186 100 2.3 -13128 22
188 100 2.3 -13332 10
191 100 2.3 -13328 10
193 100 2.3 -13056 76
196 100 2.3 -13192 -6
198 100 2.3 -13200 144
201 100 2.3 -13256 32
203 100 2.3 -13284 -56
206 100 2.3 -13416 -122
209 100 2.3 -12908 -158
211 100 2.3 -13144 -62
214 100 2.3 -12996 -30
217 100 2.3 -13096 102
220 100 2.3 -12772 324
222 100 2.3 -12680 278
225 100 2.3 -12832 88
228 100 2.3 -12784 146
231 100 2.3 -13084 316
234 100 2.3 -13132 326
237 100 2.3 -13292 244
240 100 2.3 -13184 28
243 100 2.3 -13176 -168
246 100 2.3 -13568 -94
250 100 2.3 -13760 -294
253 100 2.3 -13500 -410
256 100 2.3 -13440 -298
259 100 2.3 -13456 -398
263 100 2.3 -13324 -518
266 100 2.3 -13512 -350
269 100 2.3 -13364 -502
273 100 2.3 -13668 -442
276 100 2.3 -13780 -776
280 100 2.3 -13300 -700
284 100 2.3 -13332 -484
287 100 2.3 -13384 -480
291 100 2.3 -13408 -262
295 100 2.3 -13244 -440
298 100 2.3 -13028 -164
302 100 2.3 -13548 -68
306 100 2.3 -13676 -196
310 100 2.3 -13568 126
314 100 2.3 -13292 452
318 100 2.3 -13336 576
322 100 2.3 -13504 518
326 100 2.3 -13260 228
331 100 2.3 -13336 356
335 100 2.3 -13252 398
339 100 2.3 -12972 74
344 100 2.3 -13188 202
348 100 2.3 -13184 488
352 100 2.3 -13584 450
357 100 2.3 -13328 334
362 100 2.3 -12992 772
366 100 2.3 -13076 408
371 100 2.3 -13104 222
376 100 2.3 -13424 220
381 100 2.3 -13160 164
385 100 2.3 -12820 -146
390 100 2.3 -13028 -132
395 100 2.3 -12992 -222
401 100 2.3 -12884 -254
406 100 2.3 -13088 -18
411 100 2.3 -12868 -68
416 100 2.3 -13160 2
422 100 2.3 -13556 216
427 100 2.3 -12992 74
433 100 2.3 -12912 -22
438 100 2.3 -12660 110
444 100 2.3 -12976 -58
449 100 2.3 -12944 -436
455 100 2.3 -13228 -150
461 100 2.3 -13248 -370
467 100 2.3 -13456 -750
473 100 2.3 -13712 -894
479 100 2.3 -13600 -966
485 100 2.3 -13320 -864
492 100 2.3 -13684 -762
498 100 2.3 -13736 -1044
504 100 2.3 -13440 -852
511 100 2.3 -13740 -820
517 100 2.3 -13268 -816
524 100 2.3 -13556 -668
531 100 2.3 -13712 -926
538 100 2.3 -13540 -648
545 100 2.3 -13540 -1092
552 100 2.3 -13324 -666
559 100 2.3 -13692 -12
566 100 2.3 -13828 -90
573 100 2.3 -13752 -250
581 100 2.3 -13584 -232
588 100 2.3 -13612 -6
596 100 2.3 -13684 88
603 100 2.3 -13524 -264
611 100 2.3 -13616 -416
619 100 2.3 -13648 -522
627 100 2.3 -13656 -46
635 100 2.3 -13640 26
643 100 2.3 -13488 218
652 100 2.3 -13872 608
660 100 2.3 -13332 998
668 100 2.3 -13548 1328
677 100 2.3 -13980 1426
686 100 2.3 -13644 996
695 100 2.3 -13740 1132
704 100 2.3 -13396 1200
713 100 2.3 -13776 1314
722 100 2.3 -13160 1410
731 100 2.3 -13312 1690
741 100 2.3 -13320 2040
750 100 2.3 -13664 2036
760 100 2.3 -13168 2250
770 100 2.3 -13120 2208
780 100 2.3 -13352 2830
790 100 2.3 -13180 2364
800 100 2.3 -13324 2006
810 100 2.3 -13096 1974
821 100 2.3 -13084 2760
831 100 2.3 -13240 2630
842 100 2.3 -13300 2906
853 100 2.3 -13604 2906
864 100 2.3 -13652 2976
875 100 2.3 -13580 2920
886 100 2.3 -13380 2702
897 100 2.3 -13288 2484
909 100 2.3 -13416 2628
921 100 2.3 -12804 2068
933 100 2.3 -13096 1978
945 100 2.3 -12980 1744
957 100 2.3 -12944 1576
969 100 2.3 -13120 2034
982 100 2.3 -13020 1724
994 100 2.3 -13180 1822
1007 100 2.3 -12680 1098
1020 100 2.3 -12788 1226
1033 100 2.3 -13332 1210
1047 100 2.3 -13196 870
1060 100 2.3 -12844 534
1074 100 2.3 -13156 1050
1088 100 2.3 -13088 1362
1102 100 2.3 -12888 1064
1116 100 2.3 -12628 1618
1130 100 2.3 -13024 1554
1145 100 2.3 -12764 2034
1160 100 2.3 -12936 2028
1174 100 2.3 -13076 2140
1190 100 2.3 -13172 2394
1205 100 2.3 -13264 3356
1220 100 2.3 -13584 3898
1236 100 2.3 -13376 4286
1252 100 2.3 -13724 4274
1268 100 2.3 -13532 4840
1285 100 2.3 -13520 5088
1301 100 2.3 -13548 4924
1318 100 2.3 -13608 4926
1335 100 2.3 -13576 5066
1352 100 2.3 -13564 4940
1370 100 2.3 -14020 5520
1387 100 2.3 -13792 5570
1405 100 2.3 -13600 5440
1423 100 2.3 -13424 5814
1442 100 2.3 -13824 5946
1460 100 2.3 -13864 6092
1479 100 2.3 -14128 6628
1498 100 2.3 -14616 7008
1517 100 2.3 -14608 7164
1537 100 2.3 -13948 6576
1557 100 2.3 -13456 5936
1577 100 2.3 -14036 6176
1597 100 2.3 -14068 6366
1618 100 2.3 -14064 6050
1639 100 2.3 -13764 6100
1660 100 2.3 -13924 6466
1681 100 2.3 -14044 6758
1703 100 2.3 -13672 5976
1725 100 2.3 -13416 5620
1747 100 2.3 -14068 6016
1770 100 2.3 -13624 5762
1792 100 2.3 -13632 5990
1816 100 2.3 -14128 6402
1839 100 2.3 -14012 6662
1863 100 2.3 -14000 6380
1887 100 2.3 -14324 6786
1911 100 2.3 -14632 6602
1936 100 2.3 -13684 5908
1961 100 2.3 -13956 5852
1986 100 2.3 -13872 6308
2012 100 2.3 -14040 6134
2037 100 2.3 -13792 5626
2064 100 2.3 -13764 5766
2090 100 2.3 -13336 5314
2117 100 2.3 -13728 5526
2145 100 2.3 -13956 5522
2172 100 2.3 -14264 5750
2200 100 2.3 -13540 5406
2229 100 2.3 -13732 5308
2257 100 2.3 -13740 5608
2286 100 2.3 -13248 5018
2316 100 2.3 -14328 5558
2346 100 2.3 -13724 5348
2376 100 2.3 -13440 4968
2407 100 2.3 -13688 5376
2438 100 2.3 -13740 5352
2469 100 2.3 -14144 5974
2501 100 2.3 -13264 5000
2533 100 2.3 -13300 5280
2566 100 2.3 -13564 5152
2599 100 2.3 -14320 5608
2633 100 2.3 -13776 5094
2667 100 2.3 -13844 4622
2701 100 2.3 -13500 4238
2736 100 2.3 -13824 4558
2771 100 2.3 -13556 4744
2807 100 2.3 -13452 5124
2843 100 2.3 -13564 4938
2880 100 2.3 -13536 4198
2917 100 2.3 -13584 3640
2954 100 2.3 -13536 3450
2992 100 2.3 -13616 3468
3031 100 2.3 -13868 3194
3070 100 2.3 -13204 2666
3110 100 2.3 -13260 2274
3150 100 2.3 -12552 2294
3190 100 2.3 -13516 2640
3232 100 2.3 -13296 2918
3273 100 2.3 -13696 3464
3315 100 2.3 -13120 2622
3358 100 2.3 -13504 2362
3402 100 2.3 -13208 3228
3445 100 2.3 -13264 2450
3490 100 2.3 -13132 1828
3535 100 2.3 -13200 2620
3580 100 2.3 -13516 2450
3627 100 2.3 -13552 2230
3673 100 2.3 -13604 2780
3721 100 2.3 -13560 2962
3769 100 2.3 -13012 2652
3817 100 2.3 -13180 2032
3867 100 2.3 -12772 2046
3916 100 2.3 -13088 1734
3967 100 2.3 -13096 1330
4018 100 2.3 -13436 882
4070 100 2.3 -13068 1012
4122 100 2.3 -13768 1148
4176 100 2.3 -13432 616
4229 100 2.3 -13880 522
4284 100 2.3 -13244 1144
4339 100 2.3 -13532 1174
4395 100 2.3 -13052 1126
4452 100 2.3 -13456 1186
4509 100 2.3 -12720 2002
4567 100 2.3 -13176 1382
4626 100 2.3 -13108 1416
4686 100 2.3 -13524 588
4746 100 2.3 -13036 146
4808 100 2.3 -12928 1252
4870 100 2.3 -13660 1582
4932 100 2.3 -13120 1802
4996 100 2.3 -13432 1658
5060 100 2.3 -13396 502
5126 100 2.3 -13340 1726
5192 100 2.3 -13368 416
5259 100 2.3 -13576 -68
5327 100 2.3 -12720 506
5395 100 2.3 -13148 -564
5465 100 2.3 -13268 -1558
5535 100 2.3 -13024 -1166
5607 100 2.3 -13056 -1898
5679 100 2.3 -13296 -1060
5752 100 2.3 -13404 -1474
5826 100 2.3 -13268 -2130
5902 100 2.3 -13764 -2684
5978 100 2.3 -13664 -2924
6055 100 2.3 -13396 -3252
6133 100 2.3 -13308 -3248
6212 100 2.3 -13048 -2456
6292 100 2.3 -13192 -3344
6373 100 2.3 -13172 -4088
6455 100 2.3 -13664 -3680
6539 100 2.3 -13680 -4086
6623 100 2.3 -13024 -2972
6708 100 2.3 -12956 -2888
6795 100 2.3 -13688 -3018
6883 100 2.3 -13680 -3338
6971 100 2.3 -12892 -2420
7061 100 2.3 -13428 -3896
7152 100 2.3 -13228 -4082
7245 100 2.3 -13988 -4586
7338 100 2.3 -13572 -3690
7433 100 2.3 -13416 -2656
7529 100 2.3 -13736 -3046
7626 100 2.3 -13236 -1770
7724 100 2.3 -12820 -1040
7824 100 2.3 -13792 -2958
7925 100 2.3 -13684 -2184
8027 100 2.3 -13272 -2770
8130 100 2.3 -13576 -3488
8235 100 2.3 -13336 -3284
8341 100 2.3 -13476 -1942
8449 100 2.3 -13544 -1876
8558 100 2.3 -13508 -1436
8668 100 2.3 -13708 -860
8780 100 2.3 -13516 -1272
8893 100 2.3 -13256 -2166
9008 100 2.3 -13268 -1766
9124 100 2.3 -13624 -1964
9242 100 2.3 -13604 -3078
9361 100 2.3 -13696 -3602
9482 100 2.3 -13452 -3662
9604 100 2.3 -13764 -5726
9728 100 2.3 -13596 -5320
9853 100 2.3 -14200 -6070
9980 100 2.3 -13428 -5346
10109 100 2.3 -13620 -6090
10240 100 2.3 -14224 -6336
10372 100 2.3 -14080 -6640
10505 100 2.3 -13896 -6428
10641 100 2.3 -14140 -6606
10778 100 2.3 -13980 -6098
10917 100 2.3 -13780 -5688
11058 100 2.3 -13384 -5066
11201 100 2.3 -13176 -5288
11345 100 2.3 -13656 -4850
11491 100 2.3 -13692 -3872
11640 100 2.3 -13836 -2918
11790 100 2.3 -13556 -3082
11942 100 2.3 -13380 -2528
12096 100 2.3 -13668 -3282
12252 100 2.3 -12980 -3070
12410 100 2.3 -13036 -2168
12570 100 2.3 -13544 -2784
12732 100 2.3 -13872 -4708
12896 100 2.3 -13000 -4440
13062 100 2.3 -13784 -5170
13231 100 2.3 -13392 -4028
13402 100 2.3 -13172 -2840
13574 100 2.3 -12920 -3058
13750 100 2.3 -13208 -2412
13927 100 2.3 -13840 -3202
14106 100 2.3 -13412 -2472
14288 100 2.3 -13708 -3160
14473 100 2.3 -14216 -3388
14659 100 2.3 -13720 -1900
14848 100 2.3 -12928 -1924
15040 100 2.3 -13396 -2114
15234 100 2.3 -13136 -1104
15430 100 2.3 -12700 256
15629 100 2.3 -13060 82
15831 100 2.3 -12996 1116
16035 100 2.3 -13300 1132
16242 100 2.3 -12844 1266
16451 100 2.3 -13060 1424
16664 100 2.3 -12788 -58
16879 100 2.3 -13024 912
17096 100 2.3 -13372 -924
17317 100 2.3 -13520 -5016
17540 100 2.3 -14752 -6610
17766 100 2.3 -13752 -5462
17995 100 2.3 -13640 -4022
18228 100 2.3 -13748 -4046
18463 100 2.3 -13308 -2394
18701 100 2.3 -14164 -3206
18942 100 2.3 -13464 -3550
19186 100 2.3 -13700 -4550
19434 100 2.3 -14136 -5754
19684 100 2.3 -13324 -3230
19938 100 2.3 -13780 -5342
20195 100 2.3 -13364 -4824
20456 100 2.3 -13680 -5856
20720 100 2.3 -13660 -5214
20987 100 2.3 -13560 -4316
21258 100 2.3 -13892 -6052
21532 100 2.3 -13584 -4286
21810 100 2.3 -13468 -5230
22091 100 2.3 -14240 -5718
22376 100 2.3 -13404 -4784
22664 100 2.3 -13884 -5666
22957 100 2.3 -13168 -5326
23253 100 2.3 -13728 -5594
23553 100 2.3 -13272 -3974
23856 100 2.3 -13308 -2086
24164 100 2.3 -12848 -716
24476 100 2.3 -13372 -1732
24791 100 2.3 -13952 -3408
25111 100 2.3 -13784 -1558
25435 100 2.3 -13204 -1958
25763 100 2.3 -13104 -1370
26095 100 2.3 -12932 1056
26432 100 2.3 -13120 1594
26773 100 2.3 -13192 1596
27118 100 2.3 -13124 148
27468 100 2.3 -13280 -2370
27822 100 2.3 -13596 -2416
28181 100 2.3 -13528 -2338
28545 100 2.3 -13340 -3506
28913 100 2.3 -13120 -2750
29286 100 2.3 -13436 392
29663 100 2.3 -13372 398
30046 100 2.3 -13120 -328
30434 100 2.3 -13400 528
30826 100 2.3 -13480 372
31224 100 2.3 -12956 1674
31626 100 2.3 -13064 -1330
32034 100 2.3 -13096 598
32447 100 2.3 -13196 372
32866 100 2.3 -13336 -652
33290 100 2.3 -13376 176
33719 100 2.3 -13072 -842
34154 100 2.3 -13804 -2274
34595 100 2.3 -13416 -2622
35041 100 2.3 -14032 -3778
35493 100 2.3 -13292 -3430
35951 100 2.3 -13088 -3120
36414 100 2.3 -13584 -5192
36884 100 2.3 -13252 -2462
37360 100 2.3 -13260 -1740
37841 100 2.3 -13260 -1494
38330 100 2.3 -12596 -1396
38824 100 2.3 -13292 -2026
39325 100 2.3 -13212 -3058
39832 100 2.3 -13648 -3310
40346 100 2.3 -14156 -5666
40866 100 2.3 -13692 -6024
41393 100 2.3 -13676 -5866
41927 100 2.3 -14240 -6672
42468 100 2.3 -13772 -5380
43015 100 2.3 -13696 -2200
43570 100 2.3 -13856 -5222
44132 100 2.3 -13408 -4208
44701 100 2.3 -13712 -5114
45278 100 2.3 -14228 -5926
45862 100 2.3 -12896 -3534
46453 100 2.3 -13004 -2524
47053 100 2.3 -13832 -5208
47660 100 2.3 -14268 -5308
48274 100 2.3 -13092 -2120
48897 100 2.3 -13328 -3658
49528 100 2.3 -13240 -3480
50166 100 2.3 -13716 -5922
50813 100 2.3 -13696 -4746
51469 100 2.3 -13580 -4384
52133 100 2.3 -13792 -5832
52805 100 2.3 -14308 -6932
53486 100 2.3 -13624 -6214
54176 100 2.3 -13856 -4794
54875 100 2.3 -13412 -3698
55582 100 2.3 -13508 -4136
56299 100 2.3 -13552 -5840
57025 100 2.3 -13548 -5430
57761 100 2.3 -13528 -5646
58506 100 2.3 -13832 -5934
59261 100 2.3 -13148 -4416
60025 100 2.3 -13796 -5778
60799 100 2.3 -13444 -4110
61583 100 2.3 -13804 -4820
62378 100 2.3 -13248 -2464
63182 100 2.3 -12976 -786
63997 100 2.3 -13872 386
64822 100 2.3 -13168 762
65658 100 2.3 -13288 42
66505 100 2.3 -13356 -1494
67363 100 2.3 -13488 814
68232 100 2.3 -12740 -258
69112 100 2.3 -13168 -674
70003 100 2.3 -13744 4302
70906 100 2.3 -13024 -760
71821 100 2.3 -13816 3556
72747 100 2.3 -13032 1362
73685 100 2.3 -13904 6336
74636 100 2.3 -13212 5256
75599 100 2.3 -13208 3168
76574 100 2.3 -13652 4158
77561 100 2.3 -14196 6394
78562 100 2.3 -13724 4652
79575 100 2.3 -13868 5074
80601 100 2.3 -13024 3356
81641 100 2.3 -14228 5956
82694 100 2.3 -13432 5094
83760 100 2.3 -13696 5044
84841 100 2.3 -13556 3514
85935 100 2.3 -13132 2238
87043 100 2.3 -13560 2568
88166 100 2.3 -13516 1012
89303 100 2.3 -13240 758
90455 100 2.3 -13408 2770
91622 100 2.3 -13760 3298
92803 100 2.3 -13792 3558
94000 100 2.3 -13652 5368
95213 100 2.3 -13356 4490
96441 100 2.3 -13608 6044
97685 100 2.3 -13816 5262
98945 100 2.3 -13204 854
100221 100 2.3 -13384 -652
101513 100 2.3 -13396 -176
102823 100 2.3 -13184 -1252
104149 100 2.3 -13652 3608
105492 100 2.3 -13588 2570
106853 100 2.3 -13664 4230
108231 100 2.3 -13584 3834
109627 100 2.3 -14212 6188
111041 100 2.3 -13796 4664
112473 100 2.3 -13416 2884
113924 100 2.3 -13336 3316
115393 100 2.3 -13088 3592
116882 100 2.3 -13004 2466
118389 100 2.3 -12904 1892
119916 100 2.3 -12760 -2654
121463 100 2.3 -13980 -6022
123029 100 2.3 -13492 -5506
124616 100 2.3 -13408 -2184
126224 100 2.3 -13216 176
127852 100 2.3 -13448 2972
129501 100 2.3 -13228 4192
131171 100 2.3 -13320 4854
132863 100 2.3 -13388 2674
134576 100 2.3 -13104 4736
136312 100 2.3 -13288 3364
138070 100 2.3 -13684 4954
139851 100 2.3 -13244 3612
141655 100 2.3 -13432 2356
143482 100 2.3 -13688 5624
145333 100 2.3 -13300 3206
147207 100 2.3 -13020 1660
149106 100 2.3 -12884 620
151029 100 2.3 -13840 4788
152977 100 2.3 -13240 2672
154950 100 2.3 -13472 2470
156948 100 2.3 -13236 294
158973 100 2.3 -13624 4296
161023 100 2.3 -13208 3594
163100 100 2.3 -13244 2722
165204 100 2.3 -13204 -448
167334 100 2.3 -13748 -18
169493 100 2.3 -13452 3340
171679 100 2.3 -13520 588
173893 100 2.3 -13064 -392
176136 100 2.3 -13980 -5530
178408 100 2.3 -13640 -5768
180709 100 2.3 -13384 -1852
183040 100 2.3 -13656 -5366
185400 100 2.3 -14008 -4658
187792 100 2.3 -13540 -5504
190214 100 2.3 -13816 -5890
192667 100 2.3 -13204 3012
195152 100 2.3 -13924 5084
197669 100 2.3 -13548 1398
200219 100 2.3 -13856 5158
202801 100 2.3 -13332 484
205417 100 2.3 -12580 -1606
208066 100 2.3 -13384 -4102
210750 100 2.3 -13000 -1816
213468 100 2.3 -13336 -3854
216222 100 2.3 -13076 -1530
219010 100 2.3 -13888 1108
221835 100 2.3 -13332 3266
224696 100 2.3 -13452 2038
227595 100 2.3 -13396 1374
230530 100 2.3 -13740 5604
233503 100 2.3 -13828 -4982
236515 100 2.3 -13480 -4052
239566 100 2.3 -13580 -4134
242656 100 2.3 -13964 -1938
245785 100 2.3 -13368 -820
248956 100 2.3 -13708 -4948
252167 100 2.3 -12844 -1144
255419 100 2.3 -13580 -1180
258713 100 2.3 -12760 -366
262050 100 2.3 -13396 3504
265430 100 2.3 -13264 552
268854 100 2.3 -13072 -1910
272321 100 2.3 -13148 1102
275834 100 2.3 -13412 2482
279391 100 2.3 -12608 246
282995 100 2.3 -13768 3680
286645 100 2.3 -13476 -534
290342 100 2.3 -12880 1898
294087 100 2.3 -13540 -3230
297880 100 2.3 -13700 -900
301722 100 2.3 -13248 4362
305614 100 2.3 -13808 5870
309556 100 2.3 -13596 -3512
313548 100 2.3 -13852 -4032
317592 100 2.3 -13840 -5362
321689 100 2.3 -13896 -5784
325838 100 2.3 -13188 -1808
330040 100 2.3 -13752 -3978
334297 100 2.3 -12640 -1764
338609 100 2.3 -13716 -4714
342976 100 2.3 -13340 -2354
347400 100 2.3 -13192 -994
351881 100 2.3 -13576 -2456
356419 100 2.3 -12936 -2306
361016 100 2.3 -13176 198
365673 100 2.3 -13964 -5158
370389 100 2.3 -13064 812
375167 100 2.3 -13840 5118
380005 100 2.3 -13548 4478
384907 100 2.3 -13140 4240
389871 100 2.3 -12968 1352
394900 100 2.3 -12984 3202
399993 100 2.3 -13616 240
405152 100 2.3 -12964 2930
410378 100 2.3 -13164 2952
415671 100 2.3 -13640 5286
421032 100 2.3 -12988 -4130
426463 100 2.3 -13628 -4134
431963 100 2.3 -13408 -4512
437535 100 2.3 -14032 3892
443178 100 2.3 -13496 -1904
448894 100 2.3 -13268 2380
454684 100 2.3 -13060 110
460548 100 2.3 -13284 -3980
466489 100 2.3 -13468 2424
472505 100 2.3 -13272 4762
478600 100 2.3 -13420 -2190
484773 100 2.3 -13744 -3610
491025 100 2.3 -13336 2380
497358 100 2.3 -13188 3390
503773 100 2.3 -13584 2408
510271 100 2.3 -13688 4816
516852 100 2.3 -13272 -4576
523519 100 2.3 -13652 -3262
530271 100 2.3 -13072 -626
537111 100 2.3 -13708 -5120
544038 100 2.3 -13904 -6046
551055 100 2.3 -13804 -2938
558163 100 2.3 -13832 4486
565362 100 2.3 -13532 -338
572654 100 2.3 -13644 -204
580040 100 2.3 -13088 -4136
587521 100 2.3 -13616 -5104
595099 100 2.3 -13400 -1256
602775 100 2.3 -13092 -4508
610549 100 2.3 -14028 -2108
618424 100 2.3 -13408 608
626400 100 2.3 -13788 4422
634480 100 2.3 -13456 -3364
642663 100 2.3 -13304 1888
650952 100 2.3 -13304 2544
659348 100 2.3 -13196 -1732
667853 100 2.3 -13248 1342
676467 100 2.3 -13592 962
685192 100 2.3 -13668 -5858
694029 100 2.3 -14044 -5514
702981 100 2.3 -13328 356
712048 100 2.3 -13452 -4658
721232 100 2.3 -13200 -2938
730534 100 2.3 -13596 -3320
739957 100 2.3 -13792 -4062
749500 100 2.3 -13540 4138
759168 100 2.3 -13264 218
768959 100 2.3 -14196 -6272
778877 100 2.3 -13240 1082
788923 100 2.3 -13572 -4566
799099 100 2.3 -13732 -3198
809405 100 2.3 -13296 3288
819845 100 2.3 -13208 -4110
830419 100 2.3 -13348 4602
841130 100 2.3 -13424 4538
851979 100 2.3 -14280 -6392
862968 100 2.3 -13072 -2148
874098 100 2.3 -12968 -3248
885373 100 2.3 -13440 -3280
896792 100 2.3 -13164 -792
908359 100 2.3 -13168 2000
920075 100 2.3 -13160 -3340
931942 100 2.3 -13392 4784
943962 100 2.3 -13264 -1476
956137 100 2.3 -13276 1212
968470 100 2.3 -14388 4392
980961 100 2.3 -13048 1106
993613 100 2.3 -13960 -5862
999999 100 2.3 -13684 -876
