3 60 2 -3556 120
4 60 2 -3796 52
5 60 2 -4056 -2
6 60 2 -4280 -36
7 60 2 -4240 -14
8 60 2 -4256 -46
9 60 2 -4380 -120
10 60 2 -4384 -114
11 60 2 -4488 -76
12 60 2 -4604 -54
13 60 2 -4724 18
14 60 2 -4768 -14
15 60 2 -4796 -40
16 60 2 -4772 -40
17 60 2 -4784 -90
18 60 2 -4876 -90
19 60 2 -5008 -68
20 60 2 -4984 -112
21 60 2 -4964 -160
22 60 2 -5112 -144
23 60 2 -5032 -202
24 60 2 -5108 -256
25 60 2 -5044 -248
26 60 2 -5044 -268
27 60 2 -5096 -280
28 60 2 -5076 -210
29 60 2 -5084 -296
30 60 2 -5144 -326
31 60 2 -5136 -308
32 60 2 -5164 -398
33 60 2 -5148 -342
34 60 2 -5292 -344
35 60 2 -5296 -326
36 60 2 -5280 -320
37 60 2 -5216 -240
38 60 2 -5300 -186
39 60 2 -5352 -304
40 60 2 -5444 -318
41 60 2 -5432 -336
42 60 2 -5500 -344
43 60 2 -5496 -310
44 60 2 -5572 -378
45 60 2 -5564 -388
46 60 2 -5504 -382
47 60 2 -5556 -384
48 60 2 -5556 -360
49 60 2 -5512 -360
50 60 2 -5476 -314
51 60 2 -5420 -344
52 60 2 -5432 -338
53 60 2 -5376 -222
54 60 2 -5416 -188
55 60 2 -5456 -232
56 60 2 -5336 -318
57 60 2 -5368 -314
58 60 2 -5396 -310
59 60 2 -5464 -304
60 60 2 -5408 -304
61 60 2 -5492 -268
62 60 2 -5448 -290
63 60 2 -5488 -218
64 60 2 -5604 -210
65 60 2 -5456 -170
66 60 2 -5452 -224
67 60 2 -5448 -218
68 60 2 -5556 -214
69 60 2 -5552 -228
70 60 2 -5664 -174
71 60 2 -5688 -182
72 60 2 -5688 -212
73 60 2 -5700 -226
74 60 2 -5608 -268
75 60 2 -5644 -242
76 60 2 -5764 -282
77 60 2 -5636 -304
78 60 2 -5612 -266
79 60 2 -5544 -210
80 60 2 -5524 -206
81 60 2 -5604 -250
82 60 2 -5624 -276
83 60 2 -5600 -224
84 60 2 -5588 -238
85 60 2 -5528 -218
86 60 2 -5572 -170
88 60 2 -5584 -108
89 60 2 -5528 -80
90 60 2 -5596 -110
91 60 2 -5584 -96
92 60 2 -5564 -172
93 60 2 -5776 -138
95 60 2 -5712 -114
96 60 2 -5772 -102
97 60 2 -5776 -132
98 60 2 -5756 -106
99 60 2 -5660 -32
101 60 2 -5728 42
102 60 2 -5600 -2
103 60 2 -5648 44
105 60 2 -5736 86
106 60 2 -5824 84
107 60 2 -5708 136
109 60 2 -5564 114
110 60 2 -5640 56
112 60 2 -5688 18
113 60 2 -5628 54
114 60 2 -5652 100
116 60 2 -5620 98
117 60 2 -5644 106
119 60 2 -5696 94
120 60 2 -5692 128
122 60 2 -5776 140
124 60 2 -5728 116
125 60 2 -5736 142
127 60 2 -5740 248
128 60 2 -5596 262
130 60 2 -5600 264
132 60 2 -5560 176
133 60 2 -5624 148
135 60 2 -5704 138
137 60 2 -5800 74
139 60 2 -5760 -18
140 60 2 -5776 -20
142 60 2 -5692 -100
144 60 2 -5776 -98
146 60 2 -5696 -50
148 60 2 -5748 2
150 60 2 -5744 42
152 60 2 -5840 20
154 60 2 -5788 120
155 60 2 -5804 112
157 60 2 -5812 104
160 60 2 -5712 126
162 60 2 -5736 80
164 60 2 -5708 42
166 60 2 -5676 54
168 60 2 -5868 60
170 60 2 -5800 130
172 60 2 -5896 52
174 60 2 -5848 42
177 60 2 -5808 8
179 60 2 -5660 -108
181 60 2 -5692 -68
184 60 2 -5812 -150
186 60 2 -5704 -192
188 60 2 -5688 -232
191 60 2 -5756 -142
193 60 2 -5832 -164
196 60 2 -5696 -158
198 60 2 -5912 -106
201 60 2 -5884 -84
203 60 2 -5768 -52
206 60 2 -5720 -104
209 60 2 -5744 -68
211 60 2 -5752 -198
214 60 2 -5660 -82
217 60 2 -5624 -12
220 60 2 -5804 -16
222 60 2 -5800 14
225 60 2 -5780 38
228 60 2 -5772 186
231 60 2 -5812 228
234 60 2 -5768 146
237 60 2 -5660 80
240 60 2 -5788 134
243 60 2 -5632 236
246 60 2 -5668 268
250 60 2 -5672 204
253 60 2 -5904 216
256 60 2 -5900 188
259 60 2 -5932 226
263 60 2 -5812 286
266 60 2 -5824 194
269 60 2 -5872 186
273 60 2 -5944 304
276 60 2 -6128 302
280 60 2 -5928 354
284 60 2 -5928 408
287 60 2 -5976 312
291 60 2 -5848 350
295 60 2 -5876 312
298 60 2 -5956 352
302 60 2 -5916 362
306 60 2 -5896 452
310 60 2 -5980 420
314 60 2 -5920 376
318 60 2 -6024 398
322 60 2 -6092 370
326 60 2 -5964 268
331 60 2 -5944 284
335 60 2 -5932 406
339 60 2 -5916 278
344 60 2 -5808 240
348 60 2 -5672 264
352 60 2 -5704 222
357 60 2 -5820 214
362 60 2 -5740 90
366 60 2 -5624 72
371 60 2 -5964 0
376 60 2 -6036 -76
381 60 2 -5732 -68
385 60 2 -5752 -192
390 60 2 -5820 -144
395 60 2 -5932 -194
401 60 2 -5928 -214
406 60 2 -6004 -138
411 60 2 -5932 -60
416 60 2 -5776 -102
422 60 2 -5860 48
427 60 2 -5948 48
433 60 2 -5936 84
438 60 2 -5888 220
444 60 2 -5968 144
449 60 2 -5680 118
455 60 2 -5888 44
461 60 2 -5860 102
467 60 2 -5776 42
473 60 2 -5904 44
479 60 2 -5820 28
485 60 2 -5940 0
492 60 2 -5784 14
498 60 2 -5948 56
504 60 2 -5992 108
511 60 2 -5836 128
517 60 2 -5928 64
524 60 2 -5988 -2
531 60 2 -5848 54
538 60 2 -5784 38
545 60 2 -5880 18
552 60 2 -5972 26
559 60 2 -5692 -140
566 60 2 -5912 -40
573 60 2 -5868 50
581 60 2 -5816 -100
588 60 2 -5696 -306
596 60 2 -5788 -302
603 60 2 -5752 -208
611 60 2 -5620 -188
619 60 2 -5820 -46
627 60 2 -5832 -62
635 60 2 -5712 -124
643 60 2 -5844 -24
652 60 2 -5644 -86
660 60 2 -5908 -136
668 60 2 -5868 -240
677 60 2 -5976 -122
686 60 2 -5804 -160
695 60 2 -5764 -286
704 60 2 -5828 -142
713 60 2 -5804 -52
722 60 2 -5840 2
731 60 2 -5980 130
741 60 2 -5824 222
750 60 2 -5828 132
760 60 2 -5932 184
770 60 2 -6000 58
780 60 2 -5804 220
790 60 2 -6072 130
800 60 2 -5948 266
810 60 2 -5912 348
821 60 2 -5840 416
831 60 2 -5880 400
842 60 2 -5788 498
853 60 2 -5736 544
864 60 2 -5816 616
875 60 2 -5788 666
886 60 2 -5824 554
897 60 2 -5896 474
909 60 2 -5832 640
921 60 2 -5816 632
933 60 2 -5880 576
945 60 2 -5888 564
957 60 2 -5924 612
969 60 2 -5864 486
982 60 2 -5768 604
994 60 2 -5920 526
1007 60 2 -6040 526
1020 60 2 -5940 434
1033 60 2 -5836 444
1047 60 2 -5656 166
1060 60 2 -5840 134
1074 60 2 -5920 42
1088 60 2 -5928 -172
1102 60 2 -5952 -248
1116 60 2 -5980 -428
1130 60 2 -5840 -534
1145 60 2 -5752 -482
1160 60 2 -5792 -620
1174 60 2 -5852 -716
1190 60 2 -5800 -468
1205 60 2 -5828 -440
1220 60 2 -5944 -326
1236 60 2 -5824 -106
1252 60 2 -5884 -48
1268 60 2 -5680 -48
1285 60 2 -5752 -102
1301 60 2 -5768 -20
1318 60 2 -5832 -46
1335 60 2 -5932 40
1352 60 2 -5736 8
1370 60 2 -5700 12
1387 60 2 -5884 -72
1405 60 2 -5656 -226
1423 60 2 -5724 -178
1442 60 2 -5760 114
1460 60 2 -5764 220
1479 60 2 -5888 292
1498 60 2 -5748 242
1517 60 2 -5872 286
1537 60 2 -5788 392
1557 60 2 -5900 272
1577 60 2 -5692 316
1597 60 2 -5828 -70
1618 60 2 -5892 20
1639 60 2 -5752 -84
1660 60 2 -5752 -256
1681 60 2 -5984 -250
1703 60 2 -5928 -40
1725 60 2 -5904 26
1747 60 2 -5800 270
1770 60 2 -5916 102
1792 60 2 -5868 178
1816 60 2 -5840 240
1839 60 2 -5780 370
1863 60 2 -5780 366
1887 60 2 -5740 536
1911 60 2 -5876 562
1936 60 2 -5556 576
1961 60 2 -5744 584
1986 60 2 -5992 420
2012 60 2 -5796 584
2037 60 2 -5692 984
2064 60 2 -5936 826
2090 60 2 -5756 828
2117 60 2 -5996 988
2145 60 2 -5908 1152
2172 60 2 -5768 1168
2200 60 2 -5752 1180
2229 60 2 -5692 1066
2257 60 2 -5880 1130
2286 60 2 -5644 1242
2316 60 2 -5792 1528
2346 60 2 -5864 1654
2376 60 2 -5856 1568
2407 60 2 -5816 1772
2438 60 2 -5872 1800
2469 60 2 -5880 1554
2501 60 2 -5964 1592
2533 60 2 -5916 1612
2566 60 2 -5860 1652
2599 60 2 -5836 1792
2633 60 2 -5840 1818
2667 60 2 -5932 1952
2701 60 2 -5932 2102
2736 60 2 -6136 2274
2771 60 2 -6008 2102
2807 60 2 -5996 2224
2843 60 2 -6088 2666
2880 60 2 -6264 2794
2917 60 2 -5848 2654
2954 60 2 -6224 2882
2992 60 2 -6140 3014
3031 60 2 -6196 3014
3070 60 2 -6204 2914
3110 60 2 -6016 2968
3150 60 2 -6124 3094
3190 60 2 -6152 3166
3232 60 2 -6244 3238
3273 60 2 -6132 3228
3315 60 2 -6256 3244
3358 60 2 -6416 3358
3402 60 2 -6136 3180
3445 60 2 -6304 3282
3490 60 2 -6412 3356
3535 60 2 -6228 3298
3580 60 2 -6368 3248
3627 60 2 -6212 3274
3673 60 2 -6188 3200
3721 60 2 -6340 3296
3769 60 2 -6308 3296
3817 60 2 -6420 3352
3867 60 2 -6328 3340
3916 60 2 -6360 3346
3967 60 2 -6308 3302
4018 60 2 -6340 3310
4070 60 2 -6176 3246
4122 60 2 -6252 3252
4176 60 2 -6304 3296
4229 60 2 -6232 3286
4284 60 2 -6272 3282
4339 60 2 -6180 3260
4395 60 2 -6408 3316
4452 60 2 -6220 3222
4509 60 2 -6400 3306
4567 60 2 -6188 3134
4626 60 2 -6300 3286
4686 60 2 -6380 3332
4746 60 2 -6312 3312
4808 60 2 -6436 3368
4870 60 2 -6396 3314
4932 60 2 -6192 3264
4996 60 2 -6364 3340
5060 60 2 -6288 3288
5126 60 2 -6180 3270
5192 60 2 -6296 3302
5259 60 2 -6324 3314
5327 60 2 -6352 3304
5395 60 2 -6188 3194
5465 60 2 -6260 3298
5535 60 2 -6448 3348
5607 60 2 -6408 3338
5679 60 2 -6276 3284
5752 60 2 -6200 3254
5826 60 2 -6372 3342
5902 60 2 -6332 3274
5978 60 2 -6112 3214
6055 60 2 -6276 3268
6133 60 2 -6112 3230
6212 60 2 -6316 3298
6292 60 2 -6428 3338
6373 60 2 -6352 3318
6455 60 2 -6128 3214
6539 60 2 -6132 3200
6623 60 2 -6360 3318
6708 60 2 -6292 3266
6795 60 2 -6216 3230
6883 60 2 -6300 3324
6971 60 2 -6372 3302
7061 60 2 -6168 3234
7152 60 2 -6120 3204
7245 60 2 -6376 3252
7338 60 2 -6144 3242
7433 60 2 -6256 3228
7529 60 2 -6112 3236
7626 60 2 -6340 3286
7724 60 2 -6332 3322
7824 60 2 -6428 3356
7925 60 2 -6348 3298
8027 60 2 -6216 3252
8130 60 2 -6404 3328
8235 60 2 -6200 3186
8341 60 2 -6260 3288
8449 60 2 -6400 3302
8558 60 2 -6064 3192
8668 60 2 -6160 3212
8780 60 2 -6288 3316
8893 60 2 -6292 3252
9008 60 2 -6276 3260
9124 60 2 -6148 3156
9242 60 2 -6376 3346
9361 60 2 -6128 3196
9482 60 2 -6196 3256
9604 60 2 -6280 3228
9728 60 2 -6312 3312
9853 60 2 -6216 3228
9980 60 2 -6396 3342
10109 60 2 -6216 3258
10240 60 2 -6240 3242
10372 60 2 -6488 3382
10505 60 2 -6284 3268
10641 60 2 -6180 3174
10778 60 2 -6356 3278
10917 60 2 -6276 3292
11058 60 2 -6248 3258
11201 60 2 -6452 3362
11345 60 2 -6308 3302
11491 60 2 -6472 3378
11640 60 2 -6388 3334
11790 60 2 -6352 3346
11942 60 2 -6188 3254
12096 60 2 -6304 3320
12252 60 2 -6216 3260
12410 60 2 -6292 3290
12570 60 2 -6068 3172
12732 60 2 -6280 3294
12896 60 2 -6400 3340
13062 60 2 -6392 3312
13231 60 2 -6368 3322
13402 60 2 -6192 3244
13574 60 2 -6260 3278
13750 60 2 -6216 3258
13927 60 2 -6440 3326
14106 60 2 -6160 3206
14288 60 2 -6444 3354
14473 60 2 -6328 3310
14659 60 2 -6348 3318
14848 60 2 -6140 3210
15040 60 2 -6376 3304
15234 60 2 -6272 3244
15430 60 2 -6208 3292
15629 60 2 -6068 3226
15831 60 2 -6232 3282
16035 60 2 -6148 3196
16242 60 2 -6192 3290
16451 60 2 -6148 3246
16664 60 2 -6304 3280
16879 60 2 -6312 3292
17096 60 2 -6404 3340
17317 60 2 -6108 3198
17540 60 2 -6388 3300
17766 60 2 -6460 3356
17995 60 2 -6304 3310
18228 60 2 -6096 3178
18463 60 2 -6268 3268
18701 60 2 -6308 3282
18942 60 2 -6108 3250
19186 60 2 -6140 3206
19434 60 2 -6396 3332
19684 60 2 -6236 3302
19938 60 2 -6384 3316
20195 60 2 -6428 3362
20456 60 2 -6116 3178
20720 60 2 -6356 3324
20987 60 2 -6364 3326
21258 60 2 -6208 3210
21532 60 2 -6200 3226
21810 60 2 -6204 3240
22091 60 2 -6284 3288
22376 60 2 -6252 3328
22664 60 2 -6220 3242
22957 60 2 -6428 3346
23253 60 2 -6388 3342
23553 60 2 -6292 3290
23856 60 2 -6288 3304
24164 60 2 -6568 3400
24476 60 2 -6292 3298
24791 60 2 -6468 3368
25111 60 2 -6176 3248
25435 60 2 -6316 3316
25763 60 2 -6444 3324
26095 60 2 -6300 3312
26432 60 2 -6296 3304
26773 60 2 -6268 3276
27118 60 2 -6252 3306
27468 60 2 -6336 3312
27822 60 2 -6296 3298
28181 60 2 -6260 3240
28545 60 2 -6300 3300
28913 60 2 -6512 3376
29286 60 2 -6256 3280
29663 60 2 -6320 3314
30046 60 2 -6552 3400
30434 60 2 -6412 3324
30826 60 2 -6300 3312
31224 60 2 -6396 3312
31626 60 2 -6248 3258
32034 60 2 -6184 3242
32447 60 2 -6344 3314
32866 60 2 -6196 3260
33290 60 2 -6376 3314
33719 60 2 -6292 3234
34154 60 2 -6340 3296
34595 60 2 -6324 3308
35041 60 2 -6296 3314
35493 60 2 -6240 3258
35951 60 2 -6308 3310
36414 60 2 -6372 3300
36884 60 2 -6264 3272
37360 60 2 -6296 3290
37841 60 2 -6308 3296
38330 60 2 -6184 3226
38824 60 2 -6316 3332
39325 60 2 -6260 3272
39832 60 2 -6312 3260
40346 60 2 -6204 3234
40866 60 2 -6124 3176
41393 60 2 -6316 3320
41927 60 2 -6272 3296
42468 60 2 -6292 3280
43015 60 2 -6244 3300
43570 60 2 -6160 3222
44132 60 2 -6216 3238
44701 60 2 -6224 3238
45278 60 2 -6304 3304
45862 60 2 -6308 3300
46453 60 2 -6496 3374
47053 60 2 -6444 3368
47660 60 2 -6232 3288
48274 60 2 -6212 3244
48897 60 2 -6368 3314
49528 60 2 -6272 3304
50166 60 2 -6212 3244
50813 60 2 -6380 3322
51469 60 2 -6240 3228
52133 60 2 -6400 3340
52805 60 2 -6300 3290
53486 60 2 -6068 3148
54176 60 2 -6324 3288
54875 60 2 -6456 3378
55582 60 2 -6308 3304
56299 60 2 -6344 3244
57025 60 2 -6284 3284
57761 60 2 -6340 3304
58506 60 2 -6392 3328
59261 60 2 -6084 3214
60025 60 2 -6364 3340
60799 60 2 -6244 3274
61583 60 2 -6276 3254
62378 60 2 -6148 3246
63182 60 2 -6244 3284
63997 60 2 -6288 3300
64822 60 2 -6204 3270
65658 60 2 -6260 3294
66505 60 2 -6252 3284
67363 60 2 -6320 3314
68232 60 2 -6164 3234
69112 60 2 -6296 3178
70003 60 2 -6332 3310
70906 60 2 -6212 3248
71821 60 2 -6552 3382
72747 60 2 -6448 3364
73685 60 2 -6484 3372
74636 60 2 -6200 3250
75599 60 2 -6340 3324
76574 60 2 -6348 3286
77561 60 2 -6236 3254
78562 60 2 -6432 3360
79575 60 2 -6448 3374
80601 60 2 -6468 3354
81641 60 2 -6420 3350
82694 60 2 -6320 3292
83760 60 2 -6144 3220
84841 60 2 -6392 3324
85935 60 2 -6084 3180
87043 60 2 -6364 3272
88166 60 2 -6284 3310
89303 60 2 -6216 3230
90455 60 2 -6388 3306
91622 60 2 -6440 3368
92803 60 2 -6224 3280
94000 60 2 -6448 3320
95213 60 2 -6392 3334
96441 60 2 -6328 3302
97685 60 2 -6136 3164
98945 60 2 -6244 3268
100221 60 2 -6276 3248
101513 60 2 -6352 3306
102823 60 2 -6140 3184
104149 60 2 -6316 3316
105492 60 2 -6284 3256
106853 60 2 -6276 3240
108231 60 2 -6248 3258
109627 60 2 -6336 3302
111041 60 2 -6208 3222
112473 60 2 -6420 3346
113924 60 2 -6240 3258
115393 60 2 -6168 3208
116882 60 2 -6216 3216
118389 60 2 -6408 3350
119916 60 2 -6336 3324
121463 60 2 -6312 3294
123029 60 2 -6140 3240
124616 60 2 -6392 3344
126224 60 2 -6360 3328
127852 60 2 -5988 3134
129501 60 2 -6364 3266
131171 60 2 -6132 3264
132863 60 2 -6288 3298
134576 60 2 -6284 3268
136312 60 2 -6304 3312
138070 60 2 -6504 3394
139851 60 2 -6488 3380
141655 60 2 -6292 3294
143482 60 2 -6188 3266
145333 60 2 -6208 3270
147207 60 2 -6284 3252
149106 60 2 -6244 3288
151029 60 2 -6512 3396
152977 60 2 -6160 3226
154950 60 2 -6284 3264
156948 60 2 -6328 3304
158973 60 2 -6204 3180
161023 60 2 -6256 3252
163100 60 2 -6280 3296
165204 60 2 -6216 3262
167334 60 2 -6148 3194
169493 60 2 -6316 3314
171679 60 2 -6300 3270
173893 60 2 -6300 3288
176136 60 2 -6028 3148
178408 60 2 -6276 3250
180709 60 2 -6236 3174
183040 60 2 -6340 3312
185400 60 2 -6420 3340
187792 60 2 -6212 3276
190214 60 2 -6400 3322
192667 60 2 -6216 3244
195152 60 2 -6200 3264
197669 60 2 -6224 3218
200219 60 2 -6368 3334
202801 60 2 -6276 3270
205417 60 2 -6256 3290
208066 60 2 -6392 3354
210750 60 2 -6180 3234
213468 60 2 -6316 3322
216222 60 2 -6108 3190
219010 60 2 -6284 3260
221835 60 2 -6188 3254
224696 60 2 -6276 3294
227595 60 2 -6364 3342
230530 60 2 -6208 3250
233503 60 2 -6300 3268
236515 60 2 -6240 3284
239566 60 2 -6244 3314
242656 60 2 -6140 3194
245785 60 2 -6332 3292
248956 60 2 -6296 3274
252167 60 2 -6292 3294
255419 60 2 -6380 3328
258713 60 2 -6296 3292
262050 60 2 -6524 3378
265430 60 2 -6184 3220
268854 60 2 -6448 3346
272321 60 2 -6332 3286
275834 60 2 -6332 3298
279391 60 2 -6192 3264
282995 60 2 -6492 3370
286645 60 2 -6332 3298
290342 60 2 -6456 3362
294087 60 2 -6220 3268
297880 60 2 -6128 3200
301722 60 2 -6336 3306
305614 60 2 -6228 3254
309556 60 2 -6284 3302
313548 60 2 -6328 3314
317592 60 2 -6336 3338
321689 60 2 -6192 3208
325838 60 2 -6240 3274
330040 60 2 -6140 3162
334297 60 2 -6348 3322
338609 60 2 -6456 3350
342976 60 2 -6376 3348
347400 60 2 -6208 3260
351881 60 2 -6488 3388
356419 60 2 -6324 3244
361016 60 2 -6256 3260
365673 60 2 -6312 3292
370389 60 2 -6116 3242
375167 60 2 -6344 3304
380005 60 2 -6484 3364
384907 60 2 -6340 3324
389871 60 2 -6204 3220
394900 60 2 -6264 3252
399993 60 2 -6252 3248
405152 60 2 -6200 3244
410378 60 2 -6176 3190
415671 60 2 -6500 3358
421032 60 2 -6284 3258
426463 60 2 -6104 3222
431963 60 2 -6420 3344
437535 60 2 -6340 3306
443178 60 2 -6276 3286
448894 60 2 -6176 3230
454684 60 2 -6220 3266
460548 60 2 -6168 3240
466489 60 2 -6312 3298
472505 60 2 -6188 3278
478600 60 2 -6360 3334
484773 60 2 -6204 3214
491025 60 2 -6008 3200
497358 60 2 -6168 3212
503773 60 2 -6424 3318
510271 60 2 -6252 3258
516852 60 2 -6316 3288
523519 60 2 -6376 3310
530271 60 2 -6480 3346
537111 60 2 -6304 3300
544038 60 2 -6388 3330
551055 60 2 -6388 3330
558163 60 2 -6376 3330
565362 60 2 -6468 3356
572654 60 2 -6328 3300
580040 60 2 -6172 3246
587521 60 2 -6320 3304
595099 60 2 -6452 3372
602775 60 2 -6344 3282
610549 60 2 -6172 3264
618424 60 2 -6440 3352
626400 60 2 -6412 3344
634480 60 2 -6208 3222
642663 60 2 -6388 3362
650952 60 2 -6208 3264
659348 60 2 -6268 3310
667853 60 2 -6316 3300
676467 60 2 -6296 3280
685192 60 2 -6264 3288
694029 60 2 -6252 3248
702981 60 2 -6356 3340
712048 60 2 -6256 3276
721232 60 2 -6532 3390
730534 60 2 -6260 3252
739957 60 2 -6304 3298
749500 60 2 -6404 3320
759168 60 2 -6256 3270
768959 60 2 -6268 3278
778877 60 2 -6160 3238
788923 60 2 -6260 3238
799099 60 2 -6352 3322
809405 60 2 -6144 3236
819845 60 2 -6212 3264
830419 60 2 -6260 3234
841130 60 2 -6312 3318
851979 60 2 -6344 3324
862968 60 2 -6344 3300
874098 60 2 -6548 3390
885373 60 2 -6148 3224
896792 60 2 -6184 3240
908359 60 2 -6120 3218
920075 60 2 -6380 3326
931942 60 2 -6348 3274
943962 60 2 -6120 3214
956137 60 2 -6436 3368
968470 60 2 -6292 3280
980961 60 2 -6160 3224
993613 60 2 -6208 3270
999999 60 2 -6360 3306
