3 140 2.2 -18072 -860
4 140 2.2 -19908 -1082
5 140 2.2 -20664 -1104
6 140 2.2 -21344 -1208
7 140 2.2 -21976 -1264
8 140 2.2 -22384 -1166
9 140 2.2 -23260 -1260
10 140 2.2 -23336 -1366
11 140 2.2 -23752 -1444
12 140 2.2 -23912 -1292
13 140 2.2 -23720 -1358
14 140 2.2 -24220 -1358
15 140 2.2 -24220 -1552
16 140 2.2 -24412 -1626
17 140 2.2 -24780 -1748
18 140 2.2 -24680 -1746
19 140 2.2 -24800 -1874
20 140 2.2 -25096 -1882
21 140 2.2 -25220 -1598
22 140 2.2 -24760 -1574
23 140 2.2 -25004 -1532
24 140 2.2 -25360 -1530
25 140 2.2 -25760 -1740
26 140 2.2 -25468 -1868
27 140 2.2 -25988 -1884
28 140 2.2 -25860 -1998
29 140 2.2 -25948 -1990
30 140 2.2 -25992 -2238
31 140 2.2 -25792 -2226
32 140 2.2 -25876 -2282
33 140 2.2 -26140 -2450
34 140 2.2 -26216 -2482
35 140 2.2 -26316 -2498
36 140 2.2 -26196 -2344
37 140 2.2 -26280 -2332
38 140 2.2 -26284 -2390
39 140 2.2 -25844 -2336
40 140 2.2 -26108 -2410
41 140 2.2 -26128 -2364
42 140 2.2 -26668 -2360
43 140 2.2 -26440 -2600
44 140 2.2 -26452 -2678
45 140 2.2 -26372 -2720
46 140 2.2 -26440 -2670
47 140 2.2 -26624 -2656
48 140 2.2 -26304 -2600
49 140 2.2 -26480 -2812
50 140 2.2 -26704 -2908
51 140 2.2 -26376 -2860
52 140 2.2 -26556 -2968
53 140 2.2 -26684 -3144
54 140 2.2 -26368 -3132
55 140 2.2 -26616 -3412
56 140 2.2 -26784 -3518
57 140 2.2 -26548 -3632
58 140 2.2 -26612 -3570
59 140 2.2 -27128 -3726
60 140 2.2 -27124 -3528
61 140 2.2 -26852 -3360
62 140 2.2 -27076 -3420
63 140 2.2 -27184 -3348
64 140 2.2 -26684 -3426
65 140 2.2 -26948 -3522
66 140 2.2 -26476 -3424
67 140 2.2 -26988 -3492
68 140 2.2 -27024 -3588
69 140 2.2 -27128 -3712
70 140 2.2 -26992 -3642
71 140 2.2 -27104 -3658
72 140 2.2 -27028 -3788
73 140 2.2 -27244 -4036
74 140 2.2 -27324 -3970
75 140 2.2 -27320 -3900
76 140 2.2 -27400 -3992
77 140 2.2 -27224 -3934
78 140 2.2 -27244 -4202
79 140 2.2 -27304 -4084
80 140 2.2 -26888 -3902
81 140 2.2 -27028 -3746
82 140 2.2 -27468 -3642
83 140 2.2 -27232 -3702
84 140 2.2 -27276 -3728
85 140 2.2 -27412 -3674
86 140 2.2 -27492 -3654
88 140 2.2 -27272 -3686
89 140 2.2 -27156 -3538
90 140 2.2 -27032 -3672
91 140 2.2 -27360 -3692
92 140 2.2 -27364 -3890
93 140 2.2 -27092 -3958
95 140 2.2 -27436 -3766
96 140 2.2 -27576 -3712
97 140 2.2 -27380 -3674
98 140 2.2 -27244 -3828
99 140 2.2 -27308 -3870
101 140 2.2 -27744 -3712
102 140 2.2 -27828 -3924
103 140 2.2 -27728 -3996
105 140 2.2 -28044 -3936
106 140 2.2 -28072 -4164
107 140 2.2 -27860 -4350
109 140 2.2 -28052 -4370
110 140 2.2 -28052 -4380
112 140 2.2 -27880 -4426
113 140 2.2 -27988 -4642
114 140 2.2 -28180 -4856
116 140 2.2 -28044 -4498
117 140 2.2 -28068 -4466
119 140 2.2 -28152 -4664
120 140 2.2 -28028 -4820
122 140 2.2 -28096 -4894
124 140 2.2 -28220 -4990
125 140 2.2 -28148 -5056
127 140 2.2 -28432 -5036
128 140 2.2 -28436 -4980
130 140 2.2 -28104 -4992
132 140 2.2 -28068 -5024
133 140 2.2 -28372 -5210
135 140 2.2 -28532 -5316
137 140 2.2 -28476 -5490
139 140 2.2 -28244 -5540
140 140 2.2 -28380 -5608
142 140 2.2 -28340 -5790
144 140 2.2 -28552 -5580
146 140 2.2 -28652 -5996
148 140 2.2 -28916 -6348
150 140 2.2 -28676 -6346
152 140 2.2 -28700 -6324
154 140 2.2 -29224 -6536
155 140 2.2 -29280 -6562
157 140 2.2 -29236 -6616
160 140 2.2 -28988 -6642
162 140 2.2 -29344 -6672
164 140 2.2 -29252 -6658
166 140 2.2 -28968 -6422
168 140 2.2 -29144 -6524
170 140 2.2 -28892 -6324
172 140 2.2 -28688 -6194
174 140 2.2 -28588 -6200
177 140 2.2 -28364 -6198
179 140 2.2 -28612 -6302
181 140 2.2 -28436 -6418
184 140 2.2 -28880 -6388
186 140 2.2 -28460 -6380
188 140 2.2 -28824 -6544
191 140 2.2 -28832 -6328
193 140 2.2 -28900 -6564
196 140 2.2 -28640 -6080
198 140 2.2 -28896 -6104
201 140 2.2 -28564 -6084
203 140 2.2 -28656 -5950
206 140 2.2 -28244 -6154
209 140 2.2 -28268 -5858
211 140 2.2 -28556 -6016
214 140 2.2 -28900 -6228
217 140 2.2 -28556 -6146
220 140 2.2 -28864 -6298
222 140 2.2 -28928 -6410
225 140 2.2 -28540 -6490
228 140 2.2 -28940 -6820
231 140 2.2 -28932 -6682
234 140 2.2 -29348 -7088
237 140 2.2 -29456 -6850
240 140 2.2 -29000 -6748
243 140 2.2 -29088 -6958
246 140 2.2 -28944 -7000
250 140 2.2 -29188 -7266
253 140 2.2 -28760 -7020
256 140 2.2 -29036 -7172
259 140 2.2 -28492 -7428
263 140 2.2 -28792 -7464
266 140 2.2 -28448 -7408
269 140 2.2 -28652 -7446
273 140 2.2 -28972 -7764
276 140 2.2 -28560 -7488
280 140 2.2 -28832 -7286
284 140 2.2 -28856 -7416
287 140 2.2 -29272 -7362
291 140 2.2 -28652 -6900
295 140 2.2 -29076 -7012
298 140 2.2 -28480 -7036
302 140 2.2 -28688 -7046
306 140 2.2 -29076 -7608
310 140 2.2 -28720 -7560
314 140 2.2 -28468 -7626
318 140 2.2 -29300 -7894
322 140 2.2 -29244 -7876
326 140 2.2 -29536 -8172
331 140 2.2 -29516 -8106
335 140 2.2 -28800 -7752
339 140 2.2 -28820 -7756
344 140 2.2 -29056 -7892
348 140 2.2 -29440 -7798
352 140 2.2 -29356 -8004
357 140 2.2 -29100 -8148
362 140 2.2 -29404 -8216
366 140 2.2 -28912 -8152
371 140 2.2 -28876 -8378
376 140 2.2 -28836 -8572
381 140 2.2 -29012 -8970
385 140 2.2 -28484 -8728
390 140 2.2 -28660 -9034
395 140 2.2 -28776 -9192
401 140 2.2 -29136 -9442
406 140 2.2 -28920 -9872
411 140 2.2 -29464 -9450
416 140 2.2 -29240 -9470
422 140 2.2 -29496 -9178
427 140 2.2 -29180 -9314
433 140 2.2 -29284 -9208
438 140 2.2 -29520 -9514
444 140 2.2 -29352 -9704
449 140 2.2 -29092 -9732
455 140 2.2 -29480 -9794
461 140 2.2 -29428 -10038
467 140 2.2 -29572 -10048
473 140 2.2 -29160 -10106
479 140 2.2 -29272 -10504
485 140 2.2 -29624 -10538
492 140 2.2 -30452 -11192
498 140 2.2 -29964 -10904
504 140 2.2 -29624 -10940
511 140 2.2 -29464 -11330
517 140 2.2 -29276 -11014
524 140 2.2 -29540 -11220
531 140 2.2 -29408 -11148
538 140 2.2 -29776 -11308
545 140 2.2 -29592 -11490
552 140 2.2 -29068 -11268
559 140 2.2 -29440 -11436
566 140 2.2 -29296 -11350
573 140 2.2 -29596 -11320
581 140 2.2 -29084 -11556
588 140 2.2 -29356 -11382
596 140 2.2 -28952 -10900
603 140 2.2 -29412 -10968
611 140 2.2 -29012 -10716
619 140 2.2 -29308 -10694
627 140 2.2 -28832 -10046
635 140 2.2 -28644 -10394
643 140 2.2 -29420 -10682
652 140 2.2 -30192 -11216
660 140 2.2 -29488 -10778
668 140 2.2 -29344 -10436
677 140 2.2 -29764 -10934
686 140 2.2 -29232 -10706
695 140 2.2 -29324 -10908
704 140 2.2 -29260 -11062
713 140 2.2 -29104 -10966
722 140 2.2 -29716 -11196
731 140 2.2 -29548 -10866
741 140 2.2 -30448 -11398
750 140 2.2 -29824 -11410
760 140 2.2 -28692 -10554
770 140 2.2 -29132 -10686
780 140 2.2 -30140 -11214
790 140 2.2 -29596 -10758
800 140 2.2 -29708 -10466
810 140 2.2 -28772 -9948
821 140 2.2 -28788 -10298
831 140 2.2 -29148 -10446
842 140 2.2 -28864 -10946
853 140 2.2 -29860 -11314
864 140 2.2 -29404 -11226
875 140 2.2 -29576 -11188
886 140 2.2 -29136 -10776
897 140 2.2 -29948 -11674
909 140 2.2 -29132 -11770
921 140 2.2 -29664 -11908
933 140 2.2 -29636 -12094
945 140 2.2 -29288 -11736
957 140 2.2 -29792 -11874
969 140 2.2 -30164 -11882
982 140 2.2 -29976 -11894
994 140 2.2 -29144 -11618
1007 140 2.2 -29456 -11738
1020 140 2.2 -28876 -11760
1033 140 2.2 -29364 -11912
1047 140 2.2 -29576 -12338
1060 140 2.2 -29536 -12218
1074 140 2.2 -29676 -12374
1088 140 2.2 -29348 -12312
1102 140 2.2 -29776 -12716
1116 140 2.2 -30116 -12902
1130 140 2.2 -30040 -12992
1145 140 2.2 -30264 -13098
1160 140 2.2 -30000 -13338
1174 140 2.2 -30356 -13510
1190 140 2.2 -29724 -13040
1205 140 2.2 -29508 -13050
1220 140 2.2 -29372 -12994
1236 140 2.2 -30268 -13438
1252 140 2.2 -29800 -13550
1268 140 2.2 -29788 -13266
1285 140 2.2 -29280 -13152
1301 140 2.2 -29208 -13184
1318 140 2.2 -29848 -13698
1335 140 2.2 -29372 -13538
1352 140 2.2 -29804 -13944
1370 140 2.2 -29712 -13694
1387 140 2.2 -29320 -13916
1405 140 2.2 -29772 -14398
1423 140 2.2 -29968 -14670
1442 140 2.2 -30420 -15116
1460 140 2.2 -30288 -15184
1479 140 2.2 -29928 -15118
1498 140 2.2 -30456 -15628
1517 140 2.2 -29944 -15204
1537 140 2.2 -30160 -15322
1557 140 2.2 -30792 -15610
1577 140 2.2 -29876 -14960
1597 140 2.2 -30256 -15246
1618 140 2.2 -30016 -15078
1639 140 2.2 -30472 -15554
1660 140 2.2 -30520 -15156
1681 140 2.2 -29764 -15114
1703 140 2.2 -30668 -15730
1725 140 2.2 -30752 -15872
1747 140 2.2 -30264 -15104
1770 140 2.2 -29648 -14718
1792 140 2.2 -29412 -14294
1816 140 2.2 -29724 -14070
1839 140 2.2 -30060 -14472
1863 140 2.2 -29812 -14634
1887 140 2.2 -30256 -15208
1911 140 2.2 -30664 -15384
1936 140 2.2 -30008 -14938
1961 140 2.2 -30108 -14874
1986 140 2.2 -30412 -15278
2012 140 2.2 -30576 -15484
2037 140 2.2 -30320 -15658
2064 140 2.2 -30336 -15820
2090 140 2.2 -30508 -15874
2117 140 2.2 -30108 -15734
2145 140 2.2 -30036 -15576
2172 140 2.2 -30512 -15884
2200 140 2.2 -30708 -15928
2229 140 2.2 -30884 -16012
2257 140 2.2 -30612 -15888
2286 140 2.2 -30096 -15418
2316 140 2.2 -30584 -15790
2346 140 2.2 -30500 -15362
2376 140 2.2 -30484 -15182
2407 140 2.2 -29560 -14650
2438 140 2.2 -30280 -15236
2469 140 2.2 -29872 -14974
2501 140 2.2 -30248 -15422
2533 140 2.2 -30328 -15348
2566 140 2.2 -29780 -14936
2599 140 2.2 -30296 -15342
2633 140 2.2 -30344 -15568
2667 140 2.2 -30600 -15704
2701 140 2.2 -30272 -15662
2736 140 2.2 -30272 -15334
2771 140 2.2 -30424 -15424
2807 140 2.2 -30256 -15558
2843 140 2.2 -29460 -14944
2880 140 2.2 -29808 -15242
2917 140 2.2 -30012 -15158
2954 140 2.2 -30208 -14978
2992 140 2.2 -29772 -14482
3031 140 2.2 -30032 -14700
3070 140 2.2 -30280 -15254
3110 140 2.2 -30236 -15368
3150 140 2.2 -30196 -15470
3190 140 2.2 -29904 -15308
3232 140 2.2 -30692 -15742
3273 140 2.2 -30412 -15866
3315 140 2.2 -29804 -15144
3358 140 2.2 -30480 -15342
3402 140 2.2 -30624 -15468
3445 140 2.2 -29628 -15198
3490 140 2.2 -30244 -14880
3535 140 2.2 -30100 -14834
3580 140 2.2 -30532 -15666
3627 140 2.2 -30216 -15632
3673 140 2.2 -29492 -14784
3721 140 2.2 -30488 -15496
3769 140 2.2 -29880 -14996
3817 140 2.2 -30204 -15162
3867 140 2.2 -30644 -15536
3916 140 2.2 -29808 -15206
3967 140 2.2 -29568 -14804
4018 140 2.2 -29792 -14978
4070 140 2.2 -30320 -14884
4122 140 2.2 -30384 -14662
4176 140 2.2 -30456 -14408
4229 140 2.2 -30488 -14490
4284 140 2.2 -30312 -14324
4339 140 2.2 -30448 -14424
4395 140 2.2 -30556 -14330
4452 140 2.2 -29580 -13686
4509 140 2.2 -29724 -13560
4567 140 2.2 -30108 -14364
4626 140 2.2 -29312 -13888
4686 140 2.2 -30360 -14518
4746 140 2.2 -29420 -13878
4808 140 2.2 -29904 -14692
4870 140 2.2 -30188 -14786
4932 140 2.2 -29768 -14442
4996 140 2.2 -30212 -15208
5060 140 2.2 -30624 -15598
5126 140 2.2 -30248 -14952
5192 140 2.2 -29984 -14458
5259 140 2.2 -30092 -14682
5327 140 2.2 -29424 -14166
5395 140 2.2 -30128 -14266
5465 140 2.2 -29512 -14356
5535 140 2.2 -30076 -14372
5607 140 2.2 -30652 -14726
5679 140 2.2 -30576 -14460
5752 140 2.2 -29516 -13522
5826 140 2.2 -29984 -13470
5902 140 2.2 -29740 -13760
5978 140 2.2 -30044 -14486
6055 140 2.2 -29892 -14732
6133 140 2.2 -30284 -15024
6212 140 2.2 -30220 -15520
6292 140 2.2 -30572 -15584
6373 140 2.2 -30592 -16144
6455 140 2.2 -29604 -14786
6539 140 2.2 -30060 -14890
6623 140 2.2 -30448 -15676
6708 140 2.2 -30180 -15008
6795 140 2.2 -30340 -15202
6883 140 2.2 -30292 -15714
6971 140 2.2 -30348 -15848
7061 140 2.2 -30016 -15054
7152 140 2.2 -30204 -15846
7245 140 2.2 -30752 -15984
7338 140 2.2 -30224 -15340
7433 140 2.2 -30252 -15298
7529 140 2.2 -30648 -15236
7626 140 2.2 -30696 -15330
7724 140 2.2 -29308 -14416
7824 140 2.2 -30704 -15746
7925 140 2.2 -30104 -15524
8027 140 2.2 -30388 -15498
8130 140 2.2 -30560 -15772
8235 140 2.2 -30684 -15716
8341 140 2.2 -29412 -14364
8449 140 2.2 -30688 -15636
8558 140 2.2 -30708 -15942
8668 140 2.2 -31084 -16174
8780 140 2.2 -30392 -15460
8893 140 2.2 -30436 -15170
9008 140 2.2 -30004 -14918
9124 140 2.2 -29904 -14672
9242 140 2.2 -30120 -14364
9361 140 2.2 -30784 -15234
9482 140 2.2 -29720 -14682
9604 140 2.2 -29396 -13464
9728 140 2.2 -29856 -14716
9853 140 2.2 -30176 -15212
9980 140 2.2 -30412 -15524
10109 140 2.2 -30820 -15718
10240 140 2.2 -30088 -15368
10372 140 2.2 -30684 -15786
10505 140 2.2 -30496 -15484
10641 140 2.2 -30112 -15254
10778 140 2.2 -29672 -14946
10917 140 2.2 -29852 -15146
11058 140 2.2 -30028 -14716
11201 140 2.2 -30228 -15604
11345 140 2.2 -29624 -14786
11491 140 2.2 -30144 -15268
11640 140 2.2 -29980 -14956
11790 140 2.2 -29656 -14728
11942 140 2.2 -31000 -15814
12096 140 2.2 -30336 -15480
12252 140 2.2 -29644 -15062
12410 140 2.2 -30592 -15712
12570 140 2.2 -30384 -15566
12732 140 2.2 -29652 -15046
12896 140 2.2 -30280 -15320
13062 140 2.2 -30420 -15458
13231 140 2.2 -30260 -15262
13402 140 2.2 -30544 -16014
13574 140 2.2 -30288 -15324
13750 140 2.2 -30732 -15732
13927 140 2.2 -30944 -16142
14106 140 2.2 -30744 -15892
14288 140 2.2 -30768 -15504
14473 140 2.2 -29424 -14758
14659 140 2.2 -30128 -15468
14848 140 2.2 -29840 -15422
15040 140 2.2 -30820 -16090
15234 140 2.2 -30092 -14548
15430 140 2.2 -30700 -15884
15629 140 2.2 -30888 -15294
15831 140 2.2 -29924 -14824
16035 140 2.2 -30204 -14750
16242 140 2.2 -29884 -14810
16451 140 2.2 -30636 -15668
16664 140 2.2 -30532 -15942
16879 140 2.2 -30660 -15600
17096 140 2.2 -30228 -15718
17317 140 2.2 -30392 -14968
17540 140 2.2 -30492 -15450
17766 140 2.2 -30104 -15274
17995 140 2.2 -30680 -16016
18228 140 2.2 -30088 -15370
18463 140 2.2 -30404 -15890
18701 140 2.2 -30520 -15990
18942 140 2.2 -30656 -15718
19186 140 2.2 -30428 -15630
19434 140 2.2 -30796 -16046
19684 140 2.2 -30136 -15452
19938 140 2.2 -30236 -15306
20195 140 2.2 -30636 -15512
20456 140 2.2 -29872 -14972
20720 140 2.2 -30752 -15936
20987 140 2.2 -29988 -15008
21258 140 2.2 -30544 -15280
21532 140 2.2 -30168 -15326
21810 140 2.2 -29668 -14744
22091 140 2.2 -30196 -15150
22376 140 2.2 -31048 -16024
22664 140 2.2 -30396 -15546
22957 140 2.2 -30548 -15840
23253 140 2.2 -30596 -16006
23553 140 2.2 -31268 -15930
23856 140 2.2 -30540 -15836
24164 140 2.2 -30508 -15612
24476 140 2.2 -30540 -15530
24791 140 2.2 -30272 -15306
25111 140 2.2 -30324 -15010
25435 140 2.2 -30220 -15380
25763 140 2.2 -29920 -15416
26095 140 2.2 -30892 -15970
26432 140 2.2 -30352 -15296
26773 140 2.2 -29880 -15198
27118 140 2.2 -30132 -15356
27468 140 2.2 -30440 -15766
27822 140 2.2 -30776 -15168
28181 140 2.2 -30480 -15508
28545 140 2.2 -30560 -15792
28913 140 2.2 -30400 -15640
29286 140 2.2 -30360 -15152
29663 140 2.2 -30124 -15386
30046 140 2.2 -30572 -15908
30434 140 2.2 -30364 -15576
30826 140 2.2 -30164 -15340
31224 140 2.2 -30088 -15480
31626 140 2.2 -30816 -15890
32034 140 2.2 -30604 -15320
32447 140 2.2 -31044 -16072
32866 140 2.2 -30116 -15408
33290 140 2.2 -30124 -15330
33719 140 2.2 -30512 -15378
34154 140 2.2 -29736 -13046
34595 140 2.2 -30224 -14810
35041 140 2.2 -29752 -15328
35493 140 2.2 -30856 -15934
35951 140 2.2 -30464 -15712
36414 140 2.2 -30884 -16022
36884 140 2.2 -29664 -14882
37360 140 2.2 -30540 -15570
37841 140 2.2 -30688 -15954
38330 140 2.2 -31168 -15768
38824 140 2.2 -30536 -15566
39325 140 2.2 -31020 -16196
39832 140 2.2 -30448 -15732
40346 140 2.2 -30932 -15614
40866 140 2.2 -30160 -15554
41393 140 2.2 -30668 -15532
41927 140 2.2 -30256 -15188
42468 140 2.2 -30964 -16114
43015 140 2.2 -29904 -15406
43570 140 2.2 -30472 -15508
44132 140 2.2 -30328 -15254
44701 140 2.2 -30648 -15372
45278 140 2.2 -30136 -15206
45862 140 2.2 -30636 -15328
46453 140 2.2 -29572 -14740
47053 140 2.2 -30304 -15412
47660 140 2.2 -30076 -15368
48274 140 2.2 -29924 -15050
48897 140 2.2 -29940 -15012
49528 140 2.2 -30504 -15478
50166 140 2.2 -30252 -15704
50813 140 2.2 -30568 -15736
51469 140 2.2 -30292 -15790
52133 140 2.2 -30676 -16000
52805 140 2.2 -30472 -15830
53486 140 2.2 -30500 -15078
54176 140 2.2 -30480 -15178
54875 140 2.2 -30132 -14832
55582 140 2.2 -30084 -15508
56299 140 2.2 -30404 -15824
57025 140 2.2 -30280 -14584
57761 140 2.2 -30500 -15706
58506 140 2.2 -29944 -15176
59261 140 2.2 -29408 -14732
60025 140 2.2 -29756 -14346
60799 140 2.2 -30344 -15332
61583 140 2.2 -30180 -15486
62378 140 2.2 -29776 -14526
63182 140 2.2 -30148 -15330
63997 140 2.2 -29804 -15166
64822 140 2.2 -30312 -15218
65658 140 2.2 -30384 -15250
66505 140 2.2 -30296 -15284
67363 140 2.2 -30604 -15798
68232 140 2.2 -30436 -15364
69112 140 2.2 -30820 -15866
70003 140 2.2 -29764 -14660
70906 140 2.2 -30616 -15688
71821 140 2.2 -30684 -15250
72747 140 2.2 -30504 -15456
73685 140 2.2 -30236 -15102
74636 140 2.2 -30052 -15260
75599 140 2.2 -31288 -15852
76574 140 2.2 -30512 -14702
77561 140 2.2 -30356 -15462
78562 140 2.2 -30792 -15600
79575 140 2.2 -30416 -15326
80601 140 2.2 -30132 -14960
81641 140 2.2 -30248 -15372
82694 140 2.2 -30084 -15262
83760 140 2.2 -30392 -15582
84841 140 2.2 -29868 -15086
85935 140 2.2 -30168 -15220
87043 140 2.2 -30372 -15264
88166 140 2.2 -29948 -15014
89303 140 2.2 -30540 -15752
90455 140 2.2 -30456 -15612
91622 140 2.2 -30200 -15538
92803 140 2.2 -30748 -15688
94000 140 2.2 -29848 -15018
95213 140 2.2 -29968 -15018
96441 140 2.2 -30536 -15348
97685 140 2.2 -30732 -15790
98945 140 2.2 -30044 -15580
100221 140 2.2 -30512 -15214
101513 140 2.2 -30336 -15470
102823 140 2.2 -29752 -15126
104149 140 2.2 -30812 -15604
105492 140 2.2 -29948 -15154
106853 140 2.2 -30316 -15788
108231 140 2.2 -29652 -14406
109627 140 2.2 -30396 -15238
111041 140 2.2 -30972 -16236
112473 140 2.2 -30512 -15324
113924 140 2.2 -30896 -16204
115393 140 2.2 -30348 -15664
116882 140 2.2 -31064 -15722
118389 140 2.2 -30364 -15384
119916 140 2.2 -30392 -14562
121463 140 2.2 -30916 -15484
123029 140 2.2 -30216 -15058
124616 140 2.2 -30512 -15560
126224 140 2.2 -30500 -15888
127852 140 2.2 -30332 -15384
129501 140 2.2 -30204 -15588
131171 140 2.2 -30600 -15840
132863 140 2.2 -30456 -15308
134576 140 2.2 -30468 -15728
136312 140 2.2 -29996 -15296
138070 140 2.2 -29968 -14554
139851 140 2.2 -30820 -15608
141655 140 2.2 -30480 -15516
143482 140 2.2 -30024 -15322
145333 140 2.2 -30404 -15166
147207 140 2.2 -30704 -16008
149106 140 2.2 -30376 -15260
151029 140 2.2 -30500 -15402
152977 140 2.2 -30636 -15884
154950 140 2.2 -29600 -14364
156948 140 2.2 -29992 -15206
158973 140 2.2 -30044 -15186
161023 140 2.2 -29680 -14774
163100 140 2.2 -30404 -15392
165204 140 2.2 -29992 -15340
167334 140 2.2 -30324 -15064
169493 140 2.2 -30168 -15222
171679 140 2.2 -30980 -15996
173893 140 2.2 -30560 -15738
176136 140 2.2 -30700 -15726
178408 140 2.2 -30380 -15660
180709 140 2.2 -30120 -15268
183040 140 2.2 -29984 -14622
185400 140 2.2 -30572 -15710
187792 140 2.2 -30612 -15428
190214 140 2.2 -30236 -15146
192667 140 2.2 -30308 -15642
195152 140 2.2 -30104 -15426
197669 140 2.2 -29992 -15082
200219 140 2.2 -30104 -15144
202801 140 2.2 -29856 -15058
205417 140 2.2 -29916 -14406
208066 140 2.2 -30168 -15092
210750 140 2.2 -30732 -15574
213468 140 2.2 -29552 -14266
216222 140 2.2 -30256 -14420
219010 140 2.2 -29844 -14888
221835 140 2.2 -30368 -15240
224696 140 2.2 -30540 -15988
227595 140 2.2 -30508 -15640
230530 140 2.2 -30424 -15566
233503 140 2.2 -30216 -15150
236515 140 2.2 -30072 -15396
239566 140 2.2 -30764 -16068
242656 140 2.2 -30352 -13714
245785 140 2.2 -31000 -16280
248956 140 2.2 -30476 -15646
252167 140 2.2 -30296 -15684
255419 140 2.2 -30192 -15856
258713 140 2.2 -30120 -15192
262050 140 2.2 -29436 -14974
265430 140 2.2 -30256 -15510
268854 140 2.2 -30224 -15496
272321 140 2.2 -29888 -14220
275834 140 2.2 -30208 -15540
279391 140 2.2 -30416 -15232
282995 140 2.2 -30464 -15602
286645 140 2.2 -30252 -14730
290342 140 2.2 -29992 -15452
294087 140 2.2 -29624 -14790
297880 140 2.2 -30544 -15742
301722 140 2.2 -29608 -14902
305614 140 2.2 -30400 -15434
309556 140 2.2 -30288 -15342
313548 140 2.2 -30288 -15348
317592 140 2.2 -30532 -15974
321689 140 2.2 -29920 -15016
325838 140 2.2 -30640 -15680
330040 140 2.2 -29432 -14354
334297 140 2.2 -30380 -14956
338609 140 2.2 -30564 -15270
342976 140 2.2 -30552 -15408
347400 140 2.2 -30276 -15278
351881 140 2.2 -30244 -15590
356419 140 2.2 -30380 -15284
361016 140 2.2 -29760 -15094
365673 140 2.2 -30196 -15346
370389 140 2.2 -30704 -15638
375167 140 2.2 -30620 -15794
380005 140 2.2 -30192 -15710
384907 140 2.2 -30068 -15204
389871 140 2.2 -30188 -15480
394900 140 2.2 -30604 -15654
399993 140 2.2 -30448 -15596
405152 140 2.2 -30368 -15320
410378 140 2.2 -30168 -15598
415671 140 2.2 -30004 -14886
421032 140 2.2 -30192 -15648
426463 140 2.2 -30296 -15420
431963 140 2.2 -30796 -15944
437535 140 2.2 -29888 -15044
443178 140 2.2 -30824 -16086
448894 140 2.2 -30276 -15342
454684 140 2.2 -29928 -15086
460548 140 2.2 -30212 -15514
466489 140 2.2 -29864 -15466
472505 140 2.2 -30744 -15752
478600 140 2.2 -30604 -15614
484773 140 2.2 -29916 -15326
491025 140 2.2 -29692 -14784
497358 140 2.2 -30580 -15620
503773 140 2.2 -30196 -15620
510271 140 2.2 -30424 -15564
516852 140 2.2 -30380 -15562
523519 140 2.2 -30088 -15596
530271 140 2.2 -30448 -16056
537111 140 2.2 -30156 -15436
544038 140 2.2 -30964 -15936
551055 140 2.2 -30516 -15688
558163 140 2.2 -30240 -15454
565362 140 2.2 -30436 -15180
572654 140 2.2 -30316 -15416
580040 140 2.2 -30076 -13280
587521 140 2.2 -30504 -15154
595099 140 2.2 -29632 -14770
602775 140 2.2 -30752 -15496
610549 140 2.2 -29876 -14880
618424 140 2.2 -30000 -15398
626400 140 2.2 -30216 -15804
634480 140 2.2 -29656 -14530
642663 140 2.2 -30804 -15790
650952 140 2.2 -29912 -15026
659348 140 2.2 -30188 -15216
667853 140 2.2 -30436 -15596
676467 140 2.2 -29824 -15342
685192 140 2.2 -30656 -15392
694029 140 2.2 -30308 -15454
702981 140 2.2 -30264 -15388
712048 140 2.2 -30508 -15574
721232 140 2.2 -30688 -15752
730534 140 2.2 -30756 -16072
739957 140 2.2 -30064 -15084
749500 140 2.2 -29860 -14956
759168 140 2.2 -30192 -15454
768959 140 2.2 -30584 -15638
778877 140 2.2 -29912 -15328
788923 140 2.2 -30420 -15386
799099 140 2.2 -30164 -15102
809405 140 2.2 -29740 -14794
819845 140 2.2 -30204 -15800
830419 140 2.2 -30812 -16264
841130 140 2.2 -29348 -14316
851979 140 2.2 -30192 -15202
862968 140 2.2 -30256 -15294
874098 140 2.2 -30980 -15980
885373 140 2.2 -30136 -15470
896792 140 2.2 -30496 -15196
908359 140 2.2 -30372 -15528
920075 140 2.2 -30236 -15142
931942 140 2.2 -29760 -14792
943962 140 2.2 -30612 -15136
956137 140 2.2 -30024 -15222
968470 140 2.2 -30464 -15648
980961 140 2.2 -30712 -16050
993613 140 2.2 -29880 -15412
999999 140 2.2 -30708 -15682
