3 20 2.2 -384 -56
4 20 2.2 -372 -76
5 20 2.2 -440 -100
6 20 2.2 -448 -150
7 20 2.2 -472 -132
8 20 2.2 -488 -130
9 20 2.2 -444 -148
10 20 2.2 -468 -112
11 20 2.2 -472 -130
12 20 2.2 -500 -140
13 20 2.2 -480 -112
14 20 2.2 -460 -106
15 20 2.2 -516 -126
16 20 2.2 -480 -98
17 20 2.2 -476 -68
18 20 2.2 -520 -42
19 20 2.2 -512 -30
20 20 2.2 -504 -20
21 20 2.2 -468 4
22 20 2.2 -500 6
23 20 2.2 -480 -10
24 20 2.2 -484 0
25 20 2.2 -476 -26
26 20 2.2 -500 0
27 20 2.2 -520 38
28 20 2.2 -512 18
29 20 2.2 -532 40
30 20 2.2 -552 70
31 20 2.2 -556 30
32 20 2.2 -516 24
33 20 2.2 -524 18
34 20 2.2 -492 22
35 20 2.2 -492 54
36 20 2.2 -516 44
37 20 2.2 -524 50
38 20 2.2 -528 62
39 20 2.2 -512 34
40 20 2.2 -464 36
41 20 2.2 -492 36
42 20 2.2 -492 38
43 20 2.2 -480 42
44 20 2.2 -512 58
45 20 2.2 -496 60
46 20 2.2 -540 66
47 20 2.2 -568 64
48 20 2.2 -560 56
49 20 2.2 -552 54
50 20 2.2 -572 48
51 20 2.2 -540 52
52 20 2.2 -536 56
53 20 2.2 -508 38
54 20 2.2 -492 84
55 20 2.2 -532 82
56 20 2.2 -552 58
57 20 2.2 -544 30
58 20 2.2 -592 20
59 20 2.2 -580 14
60 20 2.2 -560 56
61 20 2.2 -576 60
62 20 2.2 -588 62
63 20 2.2 -532 38
64 20 2.2 -536 40
65 20 2.2 -528 38
66 20 2.2 -528 58
67 20 2.2 -600 72
68 20 2.2 -552 74
69 20 2.2 -528 70
70 20 2.2 -556 52
71 20 2.2 -544 68
72 20 2.2 -572 68
73 20 2.2 -572 46
74 20 2.2 -520 28
75 20 2.2 -532 50
76 20 2.2 -540 56
77 20 2.2 -536 44
78 20 2.2 -544 34
79 20 2.2 -548 30
80 20 2.2 -504 48
81 20 2.2 -528 26
82 20 2.2 -540 40
83 20 2.2 -588 38
84 20 2.2 -528 64
85 20 2.2 -480 90
86 20 2.2 -492 70
88 20 2.2 -508 92
89 20 2.2 -504 64
90 20 2.2 -468 48
91 20 2.2 -468 52
92 20 2.2 -440 38
93 20 2.2 -496 26
95 20 2.2 -436 50
96 20 2.2 -488 68
97 20 2.2 -524 64
98 20 2.2 -536 82
99 20 2.2 -528 62
101 20 2.2 -552 134
102 20 2.2 -556 144
103 20 2.2 -528 138
105 20 2.2 -576 180
106 20 2.2 -592 192
107 20 2.2 -560 186
109 20 2.2 -496 156
110 20 2.2 -500 134
112 20 2.2 -472 106
113 20 2.2 -500 138
114 20 2.2 -480 116
116 20 2.2 -436 72
117 20 2.2 -460 44
119 20 2.2 -456 22
120 20 2.2 -480 34
122 20 2.2 -504 82
124 20 2.2 -388 44
125 20 2.2 -384 58
127 20 2.2 -432 80
128 20 2.2 -424 34
130 20 2.2 -456 28
132 20 2.2 -448 10
133 20 2.2 -452 2
135 20 2.2 -436 16
137 20 2.2 -444 0
139 20 2.2 -500 -66
140 20 2.2 -528 -94
142 20 2.2 -496 -94
144 20 2.2 -512 -86
146 20 2.2 -532 -80
148 20 2.2 -444 -54
150 20 2.2 -448 -82
152 20 2.2 -492 -70
154 20 2.2 -476 -90
155 20 2.2 -512 -92
157 20 2.2 -476 -50
160 20 2.2 -464 -30
162 20 2.2 -504 -58
164 20 2.2 -460 -74
166 20 2.2 -472 -100
168 20 2.2 -496 -80
170 20 2.2 -548 -96
172 20 2.2 -528 -76
174 20 2.2 -556 -72
177 20 2.2 -528 -76
179 20 2.2 -580 -126
181 20 2.2 -484 -120
184 20 2.2 -504 -162
186 20 2.2 -492 -138
188 20 2.2 -572 -162
191 20 2.2 -580 -180
193 20 2.2 -548 -198
196 20 2.2 -540 -220
198 20 2.2 -576 -200
201 20 2.2 -528 -198
203 20 2.2 -596 -180
206 20 2.2 -544 -164
209 20 2.2 -588 -160
211 20 2.2 -588 -172
214 20 2.2 -548 -168
217 20 2.2 -516 -170
220 20 2.2 -536 -244
222 20 2.2 -500 -268
225 20 2.2 -580 -310
228 20 2.2 -556 -268
231 20 2.2 -652 -330
234 20 2.2 -584 -302
237 20 2.2 -680 -346
240 20 2.2 -696 -364
243 20 2.2 -656 -352
246 20 2.2 -700 -368
250 20 2.2 -644 -346
253 20 2.2 -672 -360
256 20 2.2 -604 -330
259 20 2.2 -624 -338
263 20 2.2 -664 -354
266 20 2.2 -596 -330
269 20 2.2 -640 -336
273 20 2.2 -620 -326
276 20 2.2 -620 -332
280 20 2.2 -548 -296
284 20 2.2 -632 -340
287 20 2.2 -664 -348
291 20 2.2 -612 -342
295 20 2.2 -628 -328
298 20 2.2 -680 -344
302 20 2.2 -624 -330
306 20 2.2 -604 -314
310 20 2.2 -600 -316
314 20 2.2 -600 -320
318 20 2.2 -632 -336
322 20 2.2 -664 -350
326 20 2.2 -628 -334
331 20 2.2 -620 -342
335 20 2.2 -620 -324
339 20 2.2 -648 -326
344 20 2.2 -636 -346
348 20 2.2 -632 -338
352 20 2.2 -680 -362
357 20 2.2 -644 -350
362 20 2.2 -672 -338
366 20 2.2 -588 -308
371 20 2.2 -524 -270
376 20 2.2 -592 -298
381 20 2.2 -592 -296
385 20 2.2 -640 -324
390 20 2.2 -636 -308
395 20 2.2 -588 -312
401 20 2.2 -580 -314
406 20 2.2 -600 -314
411 20 2.2 -632 -306
416 20 2.2 -572 -308
422 20 2.2 -556 -288
427 20 2.2 -596 -332
433 20 2.2 -612 -332
438 20 2.2 -604 -336
444 20 2.2 -716 -374
449 20 2.2 -712 -376
455 20 2.2 -652 -354
461 20 2.2 -580 -300
467 20 2.2 -620 -318
473 20 2.2 -600 -310
479 20 2.2 -612 -292
485 20 2.2 -612 -316
492 20 2.2 -664 -358
498 20 2.2 -652 -354
504 20 2.2 -640 -346
511 20 2.2 -644 -344
517 20 2.2 -640 -316
524 20 2.2 -644 -354
531 20 2.2 -676 -356
538 20 2.2 -632 -344
545 20 2.2 -612 -322
552 20 2.2 -656 -340
559 20 2.2 -644 -338
566 20 2.2 -604 -308
573 20 2.2 -640 -350
581 20 2.2 -592 -286
588 20 2.2 -644 -328
596 20 2.2 -640 -328
603 20 2.2 -620 -332
611 20 2.2 -680 -358
619 20 2.2 -648 -354
627 20 2.2 -652 -336
635 20 2.2 -664 -334
643 20 2.2 -612 -342
652 20 2.2 -680 -366
660 20 2.2 -652 -352
668 20 2.2 -608 -330
677 20 2.2 -560 -290
686 20 2.2 -644 -348
695 20 2.2 -684 -368
704 20 2.2 -692 -368
713 20 2.2 -656 -346
722 20 2.2 -688 -356
731 20 2.2 -660 -358
741 20 2.2 -648 -346
750 20 2.2 -660 -356
760 20 2.2 -536 -298
770 20 2.2 -624 -332
780 20 2.2 -604 -284
790 20 2.2 -648 -342
800 20 2.2 -624 -332
810 20 2.2 -656 -354
821 20 2.2 -636 -348
831 20 2.2 -628 -336
842 20 2.2 -688 -362
853 20 2.2 -744 -380
864 20 2.2 -740 -382
875 20 2.2 -620 -340
886 20 2.2 -676 -358
897 20 2.2 -620 -318
909 20 2.2 -616 -326
921 20 2.2 -676 -360
933 20 2.2 -668 -354
945 20 2.2 -640 -334
957 20 2.2 -632 -348
969 20 2.2 -708 -372
982 20 2.2 -628 -342
994 20 2.2 -560 -304
1007 20 2.2 -644 -328
1020 20 2.2 -632 -342
1033 20 2.2 -588 -326
1047 20 2.2 -480 -236
1060 20 2.2 -568 -230
1074 20 2.2 -648 -348
1088 20 2.2 -640 -336
1102 20 2.2 -572 -274
1116 20 2.2 -616 -344
1130 20 2.2 -632 -328
1145 20 2.2 -632 -336
1160 20 2.2 -664 -348
1174 20 2.2 -624 -346
1190 20 2.2 -580 -312
1205 20 2.2 -660 -314
1220 20 2.2 -576 -300
1236 20 2.2 -656 -336
1252 20 2.2 -668 -340
1268 20 2.2 -640 -340
1285 20 2.2 -656 -348
1301 20 2.2 -732 -380
1318 20 2.2 -676 -358
1335 20 2.2 -620 -316
1352 20 2.2 -624 -316
1370 20 2.2 -628 -328
1387 20 2.2 -712 -366
1405 20 2.2 -616 -314
1423 20 2.2 -692 -358
1442 20 2.2 -636 -342
1460 20 2.2 -640 -346
1479 20 2.2 -672 -364
1498 20 2.2 -672 -362
1517 20 2.2 -544 -280
1537 20 2.2 -660 -352
1557 20 2.2 -596 -306
1577 20 2.2 -640 -350
1597 20 2.2 -620 -318
1618 20 2.2 -596 -324
1639 20 2.2 -684 -370
1660 20 2.2 -576 -290
1681 20 2.2 -616 -334
1703 20 2.2 -692 -368
1725 20 2.2 -668 -346
1747 20 2.2 -676 -358
1770 20 2.2 -624 -322
1792 20 2.2 -540 -198
1816 20 2.2 -572 -294
1839 20 2.2 -652 -352
1863 20 2.2 -620 -336
1887 20 2.2 -696 -370
1911 20 2.2 -580 -326
1936 20 2.2 -684 -362
1961 20 2.2 -604 -328
1986 20 2.2 -536 -262
2012 20 2.2 -584 -298
2037 20 2.2 -704 -366
2064 20 2.2 -600 -310
2090 20 2.2 -624 -322
2117 20 2.2 -584 -294
2145 20 2.2 -552 -308
2172 20 2.2 -712 -376
2200 20 2.2 -628 -336
2229 20 2.2 -680 -362
2257 20 2.2 -604 -288
2286 20 2.2 -632 -306
2316 20 2.2 -620 -296
2346 20 2.2 -656 -356
2376 20 2.2 -712 -376
2407 20 2.2 -580 -296
2438 20 2.2 -500 -144
2469 20 2.2 -600 -272
2501 20 2.2 -504 -188
2533 20 2.2 -616 -280
2566 20 2.2 -596 -320
2599 20 2.2 -600 -282
2633 20 2.2 -660 -344
2667 20 2.2 -600 -328
2701 20 2.2 -644 -336
2736 20 2.2 -592 -314
2771 20 2.2 -580 -286
2807 20 2.2 -604 -302
2843 20 2.2 -652 -356
2880 20 2.2 -620 -336
2917 20 2.2 -632 -330
2954 20 2.2 -568 -308
2992 20 2.2 -672 -348
3031 20 2.2 -640 -344
3070 20 2.2 -580 -316
3110 20 2.2 -680 -352
3150 20 2.2 -584 -308
3190 20 2.2 -660 -330
3232 20 2.2 -620 -336
3273 20 2.2 -652 -350
3315 20 2.2 -680 -364
3358 20 2.2 -608 -328
3402 20 2.2 -656 -340
3445 20 2.2 -560 -310
3490 20 2.2 -648 -350
3535 20 2.2 -604 -324
3580 20 2.2 -584 -228
3627 20 2.2 -680 -360
3673 20 2.2 -600 -308
3721 20 2.2 -648 -344
3769 20 2.2 -648 -326
3817 20 2.2 -668 -358
3867 20 2.2 -700 -362
3916 20 2.2 -664 -334
3967 20 2.2 -568 -300
4018 20 2.2 -556 -252
4070 20 2.2 -632 -330
4122 20 2.2 -620 -334
4176 20 2.2 -612 -322
4229 20 2.2 -620 -316
4284 20 2.2 -596 -314
4339 20 2.2 -516 -276
4395 20 2.2 -628 -344
4452 20 2.2 -676 -352
4509 20 2.2 -596 -332
4567 20 2.2 -692 -366
4626 20 2.2 -528 -254
4686 20 2.2 -564 -238
4746 20 2.2 -576 -314
4808 20 2.2 -604 -326
4870 20 2.2 -576 -218
4932 20 2.2 -528 8
4996 20 2.2 -544 182
5060 20 2.2 -568 230
5126 20 2.2 -672 362
5192 20 2.2 -568 168
5259 20 2.2 -484 94
5327 20 2.2 -696 366
5395 20 2.2 -592 322
5465 20 2.2 -596 316
5535 20 2.2 -592 310
5607 20 2.2 -596 324
5679 20 2.2 -600 326
5752 20 2.2 -636 348
5826 20 2.2 -572 290
5902 20 2.2 -688 362
5978 20 2.2 -640 332
6055 20 2.2 -592 322
6133 20 2.2 -572 282
6212 20 2.2 -644 276
6292 20 2.2 -632 340
6373 20 2.2 -628 310
6455 20 2.2 -628 332
6539 20 2.2 -604 328
6623 20 2.2 -544 226
6708 20 2.2 -644 330
6795 20 2.2 -640 346
6883 20 2.2 -632 344
6971 20 2.2 -620 322
7061 20 2.2 -640 334
7152 20 2.2 -536 256
7245 20 2.2 -604 330
7338 20 2.2 -628 342
7433 20 2.2 -564 298
7529 20 2.2 -524 170
7626 20 2.2 -656 322
7724 20 2.2 -604 324
7824 20 2.2 -648 338
7925 20 2.2 -592 278
8027 20 2.2 -668 348
8130 20 2.2 -608 326
8235 20 2.2 -604 316
8341 20 2.2 -544 244
8449 20 2.2 -604 320
8558 20 2.2 -448 36
8668 20 2.2 -544 44
8780 20 2.2 -516 -214
8893 20 2.2 -564 -266
9008 20 2.2 -696 -362
9124 20 2.2 -688 -362
9242 20 2.2 -684 -364
9361 20 2.2 -620 -340
9482 20 2.2 -700 -366
9604 20 2.2 -596 -270
9728 20 2.2 -588 -248
9853 20 2.2 -620 -342
9980 20 2.2 -684 -350
10109 20 2.2 -672 -360
10240 20 2.2 -632 -330
10372 20 2.2 -716 -374
10505 20 2.2 -556 -244
10641 20 2.2 -636 -344
10778 20 2.2 -676 -364
10917 20 2.2 -612 -302
11058 20 2.2 -556 -244
11201 20 2.2 -680 -364
11345 20 2.2 -632 -328
11491 20 2.2 -684 -352
11640 20 2.2 -656 -348
11790 20 2.2 -620 -344
11942 20 2.2 -644 -340
12096 20 2.2 -556 -240
12252 20 2.2 -636 -344
12410 20 2.2 -540 -196
12570 20 2.2 -640 -296
12732 20 2.2 -680 -356
12896 20 2.2 -512 -226
13062 20 2.2 -664 -358
13231 20 2.2 -656 -296
13402 20 2.2 -720 -372
13574 20 2.2 -632 -328
13750 20 2.2 -668 -348
13927 20 2.2 -708 -374
14106 20 2.2 -600 -318
14288 20 2.2 -440 -122
14473 20 2.2 -652 -358
14659 20 2.2 -616 -322
14848 20 2.2 -572 -310
15040 20 2.2 -592 -298
15234 20 2.2 -624 -332
15430 20 2.2 -516 -122
15629 20 2.2 -560 -276
15831 20 2.2 -744 -384
16035 20 2.2 -664 -362
16242 20 2.2 -604 -300
16451 20 2.2 -660 -346
16664 20 2.2 -596 -298
16879 20 2.2 -632 -346
17096 20 2.2 -688 -352
17317 20 2.2 -588 -312
17540 20 2.2 -648 -350
17766 20 2.2 -692 -358
17995 20 2.2 -624 -332
18228 20 2.2 -560 -288
18463 20 2.2 -588 -308
18701 20 2.2 -640 -340
18942 20 2.2 -704 -368
19186 20 2.2 -560 -318
19434 20 2.2 -584 -274
19684 20 2.2 -616 -296
19938 20 2.2 -596 -324
20195 20 2.2 -656 -350
20456 20 2.2 -716 -370
20720 20 2.2 -668 -360
20987 20 2.2 -684 -356
21258 20 2.2 -552 -292
21532 20 2.2 -684 -366
21810 20 2.2 -656 -334
22091 20 2.2 -540 -292
22376 20 2.2 -652 -348
22664 20 2.2 -652 -324
22957 20 2.2 -640 -334
23253 20 2.2 -660 -358
23553 20 2.2 -656 -350
23856 20 2.2 -584 -234
24164 20 2.2 -656 -356
24476 20 2.2 -564 -258
24791 20 2.2 -576 -308
25111 20 2.2 -716 -372
25435 20 2.2 -564 300
25763 20 2.2 -612 328
26095 20 2.2 -628 332
26432 20 2.2 -644 320
26773 20 2.2 -656 354
27118 20 2.2 -604 290
27468 20 2.2 -628 268
27822 20 2.2 -584 300
28181 20 2.2 -644 348
28545 20 2.2 -612 340
28913 20 2.2 -652 348
29286 20 2.2 -596 310
29663 20 2.2 -688 368
30046 20 2.2 -640 348
30434 20 2.2 -652 344
30826 20 2.2 -664 360
31224 20 2.2 -544 168
31626 20 2.2 -652 354
32034 20 2.2 -664 348
32447 20 2.2 -560 276
32866 20 2.2 -664 342
33290 20 2.2 -600 308
33719 20 2.2 -724 378
34154 20 2.2 -584 298
34595 20 2.2 -560 226
35041 20 2.2 -596 324
35493 20 2.2 -628 314
35951 20 2.2 -624 342
36414 20 2.2 -688 358
36884 20 2.2 -488 228
37360 20 2.2 -632 344
37841 20 2.2 -588 282
38330 20 2.2 -620 324
38824 20 2.2 -588 252
39325 20 2.2 -580 264
39832 20 2.2 -608 328
40346 20 2.2 -592 328
40866 20 2.2 -608 308
41393 20 2.2 -608 316
41927 20 2.2 -616 320
42468 20 2.2 -704 374
43015 20 2.2 -656 358
43570 20 2.2 -548 256
44132 20 2.2 -704 368
44701 20 2.2 -632 324
45278 20 2.2 -604 324
45862 20 2.2 -680 364
46453 20 2.2 -572 -278
47053 20 2.2 -648 -352
47660 20 2.2 -636 -322
48274 20 2.2 -708 -370
48897 20 2.2 -612 -328
49528 20 2.2 -656 -340
50166 20 2.2 -636 -338
50813 20 2.2 -520 -38
51469 20 2.2 -696 372
52133 20 2.2 -604 308
52805 20 2.2 -596 322
53486 20 2.2 -616 286
54176 20 2.2 -624 344
54875 20 2.2 -540 276
55582 20 2.2 -712 -376
56299 20 2.2 -652 -344
57025 20 2.2 -600 -294
57761 20 2.2 -580 -240
58506 20 2.2 -604 -310
59261 20 2.2 -536 -290
60025 20 2.2 -616 -146
60799 20 2.2 -548 -256
61583 20 2.2 -552 -276
62378 20 2.2 -652 348
63182 20 2.2 -544 262
63997 20 2.2 -628 340
64822 20 2.2 -632 346
65658 20 2.2 -604 334
66505 20 2.2 -604 344
67363 20 2.2 -624 330
68232 20 2.2 -688 364
69112 20 2.2 -572 194
70003 20 2.2 -624 324
70906 20 2.2 -692 366
71821 20 2.2 -592 326
72747 20 2.2 -668 364
73685 20 2.2 -568 278
74636 20 2.2 -580 288
75599 20 2.2 -684 360
76574 20 2.2 -604 292
77561 20 2.2 -684 358
78562 20 2.2 -648 350
79575 20 2.2 -632 346
80601 20 2.2 -624 336
81641 20 2.2 -588 326
82694 20 2.2 -552 278
83760 20 2.2 -560 314
84841 20 2.2 -632 324
85935 20 2.2 -620 312
87043 20 2.2 -664 350
88166 20 2.2 -648 344
89303 20 2.2 -564 308
90455 20 2.2 -664 356
91622 20 2.2 -656 344
92803 20 2.2 -644 -340
94000 20 2.2 -568 -304
95213 20 2.2 -668 -362
96441 20 2.2 -680 -360
97685 20 2.2 -632 -344
98945 20 2.2 -592 -298
100221 20 2.2 -664 -352
101513 20 2.2 -656 -356
102823 20 2.2 -588 -268
104149 20 2.2 -624 292
105492 20 2.2 -624 326
106853 20 2.2 -632 342
108231 20 2.2 -504 218
109627 20 2.2 -652 356
111041 20 2.2 -616 332
112473 20 2.2 -592 322
113924 20 2.2 -712 368
115393 20 2.2 -632 332
116882 20 2.2 -556 306
118389 20 2.2 -628 330
119916 20 2.2 -616 324
121463 20 2.2 -568 308
123029 20 2.2 -536 -242
124616 20 2.2 -500 -160
126224 20 2.2 -572 -330
127852 20 2.2 -620 -328
129501 20 2.2 -564 -294
131171 20 2.2 -652 -314
132863 20 2.2 -696 -360
134576 20 2.2 -508 -246
136312 20 2.2 -612 320
138070 20 2.2 -540 286
139851 20 2.2 -624 324
141655 20 2.2 -648 342
143482 20 2.2 -604 310
145333 20 2.2 -640 324
147207 20 2.2 -576 270
149106 20 2.2 -524 194
151029 20 2.2 -528 152
152977 20 2.2 -592 296
154950 20 2.2 -652 344
156948 20 2.2 -640 348
158973 20 2.2 -540 228
161023 20 2.2 -612 328
163100 20 2.2 -540 266
165204 20 2.2 -564 198
167334 20 2.2 -552 276
169493 20 2.2 -624 308
171679 20 2.2 -668 356
173893 20 2.2 -536 242
176136 20 2.2 -612 322
178408 20 2.2 -572 298
180709 20 2.2 -588 272
183040 20 2.2 -616 336
185400 20 2.2 -612 314
187792 20 2.2 -620 -324
190214 20 2.2 -580 -288
192667 20 2.2 -616 -324
195152 20 2.2 -668 342
197669 20 2.2 -680 368
200219 20 2.2 -604 314
202801 20 2.2 -620 334
205417 20 2.2 -612 324
208066 20 2.2 -596 330
210750 20 2.2 -648 -340
213468 20 2.2 -596 -284
216222 20 2.2 -652 -340
219010 20 2.2 -628 -342
221835 20 2.2 -604 -318
224696 20 2.2 -704 -366
227595 20 2.2 -604 -328
230530 20 2.2 -628 -328
233503 20 2.2 -536 -290
236515 20 2.2 -620 -330
239566 20 2.2 -676 -350
242656 20 2.2 -584 -310
245785 20 2.2 -596 -286
248956 20 2.2 -704 -364
252167 20 2.2 -692 -372
255419 20 2.2 -612 -336
258713 20 2.2 -644 -326
262050 20 2.2 -644 -346
265430 20 2.2 -524 -256
268854 20 2.2 -620 -328
272321 20 2.2 -692 -362
275834 20 2.2 -660 -350
279391 20 2.2 -656 -346
282995 20 2.2 -532 280
286645 20 2.2 -624 330
290342 20 2.2 -604 240
294087 20 2.2 -664 342
297880 20 2.2 -500 172
301722 20 2.2 -596 320
305614 20 2.2 -588 316
309556 20 2.2 -664 348
313548 20 2.2 -680 362
317592 20 2.2 -512 196
321689 20 2.2 -676 -350
325838 20 2.2 -604 -322
330040 20 2.2 -684 -352
334297 20 2.2 -564 -284
338609 20 2.2 -644 -348
342976 20 2.2 -624 -336
347400 20 2.2 -680 344
351881 20 2.2 -632 -338
356419 20 2.2 -620 -336
361016 20 2.2 -652 -356
365673 20 2.2 -580 -208
370389 20 2.2 -596 -312
375167 20 2.2 -688 -340
380005 20 2.2 -584 -318
384907 20 2.2 -624 -334
389871 20 2.2 -624 -338
394900 20 2.2 -568 -188
399993 20 2.2 -624 332
405152 20 2.2 -532 260
410378 20 2.2 -668 -350
415671 20 2.2 -564 -262
421032 20 2.2 -600 -340
426463 20 2.2 -648 -354
431963 20 2.2 -544 266
437535 20 2.2 -548 280
443178 20 2.2 -612 336
448894 20 2.2 -624 -304
454684 20 2.2 -668 -354
460548 20 2.2 -564 306
466489 20 2.2 -688 366
472505 20 2.2 -540 262
478600 20 2.2 -628 -330
484773 20 2.2 -596 -326
491025 20 2.2 -596 -336
497358 20 2.2 -680 348
503773 20 2.2 -624 332
510271 20 2.2 -712 364
516852 20 2.2 -516 240
523519 20 2.2 -636 -344
530271 20 2.2 -620 -336
537111 20 2.2 -636 -312
544038 20 2.2 -584 -252
551055 20 2.2 -564 -318
558163 20 2.2 -540 272
565362 20 2.2 -688 370
572654 20 2.2 -608 -272
580040 20 2.2 -548 -296
587521 20 2.2 -572 -262
595099 20 2.2 -676 -356
602775 20 2.2 -640 338
610549 20 2.2 -592 314
618424 20 2.2 -652 324
626400 20 2.2 -560 244
634480 20 2.2 -424 170
642663 20 2.2 -688 364
650952 20 2.2 -552 284
659348 20 2.2 -684 350
667853 20 2.2 -624 -260
676467 20 2.2 -540 -296
685192 20 2.2 -572 -286
694029 20 2.2 -552 314
702981 20 2.2 -624 -322
712048 20 2.2 -628 -340
721232 20 2.2 -712 -376
730534 20 2.2 -704 370
739957 20 2.2 -624 326
749500 20 2.2 -596 316
759168 20 2.2 -564 -288
768959 20 2.2 -676 358
778877 20 2.2 -608 308
788923 20 2.2 -664 -352
799099 20 2.2 -616 -338
809405 20 2.2 -600 -320
819845 20 2.2 -624 -306
830419 20 2.2 -588 -316
841130 20 2.2 -696 -358
851979 20 2.2 -640 -336
862968 20 2.2 -680 -358
874098 20 2.2 -596 -330
885373 20 2.2 -580 -130
896792 20 2.2 -560 278
908359 20 2.2 -592 312
920075 20 2.2 -624 332
931942 20 2.2 -664 350
943962 20 2.2 -644 322
956137 20 2.2 -580 286
968470 20 2.2 -700 360
980961 20 2.2 -556 66
993613 20 2.2 -604 -272
999999 20 2.2 -480 -174
