3 140 2.1 -19188 192
4 140 2.1 -20548 102
5 140 2.1 -21856 148
6 140 2.1 -22884 70
7 140 2.1 -23040 -6
8 140 2.1 -23752 336
9 140 2.1 -24104 340
10 140 2.1 -24444 592
11 140 2.1 -24928 754
12 140 2.1 -24996 616
13 140 2.1 -25000 816
14 140 2.1 -25160 758
15 140 2.1 -25120 598
16 140 2.1 -25508 602
17 140 2.1 -25772 362
18 140 2.1 -25896 406
19 140 2.1 -25844 332
20 140 2.1 -26292 410
21 140 2.1 -26636 458
22 140 2.1 -26384 520
23 140 2.1 -26708 682
24 140 2.1 -26804 890
25 140 2.1 -26636 1024
26 140 2.1 -26432 1050
27 140 2.1 -26900 1160
28 140 2.1 -27060 1254
29 140 2.1 -27432 1136
30 140 2.1 -27440 1266
31 140 2.1 -27464 1246
32 140 2.1 -27332 1170
33 140 2.1 -27244 1188
34 140 2.1 -27288 1338
35 140 2.1 -27068 1156
36 140 2.1 -26980 994
37 140 2.1 -27236 830
38 140 2.1 -27664 1052
39 140 2.1 -27708 1162
40 140 2.1 -27824 1176
41 140 2.1 -27844 1100
42 140 2.1 -27572 1104
43 140 2.1 -27888 1224
44 140 2.1 -27716 1228
45 140 2.1 -27532 1284
46 140 2.1 -27536 1320
47 140 2.1 -27776 1526
48 140 2.1 -27600 1620
49 140 2.1 -27872 1650
50 140 2.1 -28152 1434
51 140 2.1 -28100 1334
52 140 2.1 -28072 1328
53 140 2.1 -27956 1606
54 140 2.1 -28040 1482
55 140 2.1 -27916 1284
56 140 2.1 -27664 1090
57 140 2.1 -27984 1090
58 140 2.1 -27688 964
59 140 2.1 -27720 1002
60 140 2.1 -27776 1046
61 140 2.1 -27836 998
62 140 2.1 -27644 1022
63 140 2.1 -27660 1074
64 140 2.1 -27476 1370
65 140 2.1 -27724 1474
66 140 2.1 -28068 1634
67 140 2.1 -28292 1728
68 140 2.1 -28284 1584
69 140 2.1 -28628 1616
70 140 2.1 -28464 1688
71 140 2.1 -28432 1926
72 140 2.1 -28568 1720
73 140 2.1 -28424 1680
74 140 2.1 -28260 1766
75 140 2.1 -28808 1954
76 140 2.1 -28556 1898
77 140 2.1 -28828 1922
78 140 2.1 -28916 1776
79 140 2.1 -28908 1854
80 140 2.1 -28780 1854
81 140 2.1 -28384 1906
82 140 2.1 -28500 2054
83 140 2.1 -28484 2082
84 140 2.1 -28552 2062
85 140 2.1 -28592 1960
86 140 2.1 -28616 1944
88 140 2.1 -28824 2160
89 140 2.1 -28792 2100
90 140 2.1 -28996 2186
91 140 2.1 -29196 2018
92 140 2.1 -29420 2032
93 140 2.1 -29016 1984
95 140 2.1 -28748 2212
96 140 2.1 -28916 2248
97 140 2.1 -29524 2142
98 140 2.1 -29452 2220
99 140 2.1 -29868 2062
101 140 2.1 -29504 2168
102 140 2.1 -29488 2064
103 140 2.1 -29720 2062
105 140 2.1 -29600 2318
106 140 2.1 -29516 2158
107 140 2.1 -29688 2206
109 140 2.1 -29812 2386
110 140 2.1 -29720 2304
112 140 2.1 -29452 2074
113 140 2.1 -29584 2178
114 140 2.1 -29488 2120
116 140 2.1 -29332 2006
117 140 2.1 -29224 2070
119 140 2.1 -29824 2022
120 140 2.1 -29620 1872
122 140 2.1 -29376 1786
124 140 2.1 -30004 2188
125 140 2.1 -29920 2404
127 140 2.1 -29452 2378
128 140 2.1 -29664 2480
130 140 2.1 -29684 2208
132 140 2.1 -29384 2058
133 140 2.1 -29636 2136
135 140 2.1 -29952 2338
137 140 2.1 -29852 2410
139 140 2.1 -29620 2364
140 140 2.1 -29724 2380
142 140 2.1 -29728 2192
144 140 2.1 -29472 2216
146 140 2.1 -29904 2164
148 140 2.1 -29828 2322
150 140 2.1 -29540 2586
152 140 2.1 -29720 2546
154 140 2.1 -30016 2694
155 140 2.1 -30120 2616
157 140 2.1 -29652 2704
160 140 2.1 -29636 2948
162 140 2.1 -29512 2828
164 140 2.1 -29424 2944
166 140 2.1 -29788 3256
168 140 2.1 -29748 3082
170 140 2.1 -29476 3106
172 140 2.1 -29380 2934
174 140 2.1 -29744 3140
177 140 2.1 -29652 2946
179 140 2.1 -29952 3172
181 140 2.1 -30008 3136
184 140 2.1 -29964 3404
186 140 2.1 -29716 3196
188 140 2.1 -29656 3594
191 140 2.1 -29724 3626
193 140 2.1 -30240 3904
196 140 2.1 -29804 3638
198 140 2.1 -29568 3836
201 140 2.1 -29524 4010
203 140 2.1 -29556 3836
206 140 2.1 -29520 3652
209 140 2.1 -29852 3784
211 140 2.1 -30020 3762
214 140 2.1 -29964 3808
217 140 2.1 -30284 3852
220 140 2.1 -30300 3986
222 140 2.1 -30336 4026
225 140 2.1 -30608 4050
228 140 2.1 -30788 4066
231 140 2.1 -30904 4202
234 140 2.1 -31228 4482
237 140 2.1 -31088 4322
240 140 2.1 -31104 4290
243 140 2.1 -30840 4298
246 140 2.1 -30824 4186
250 140 2.1 -30700 4332
253 140 2.1 -30576 4530
256 140 2.1 -30764 4542
259 140 2.1 -31044 4534
263 140 2.1 -30616 4376
266 140 2.1 -31124 4436
269 140 2.1 -31108 4562
273 140 2.1 -31228 4742
276 140 2.1 -31152 4826
280 140 2.1 -31072 4778
284 140 2.1 -31068 4778
287 140 2.1 -31008 4604
291 140 2.1 -30828 4738
295 140 2.1 -30828 4710
298 140 2.1 -31044 4336
302 140 2.1 -30960 4386
306 140 2.1 -30760 4422
310 140 2.1 -30676 4578
314 140 2.1 -30604 4730
318 140 2.1 -31068 4770
322 140 2.1 -31396 4654
326 140 2.1 -31192 4736
331 140 2.1 -30828 5048
335 140 2.1 -30872 5038
339 140 2.1 -30464 5106
344 140 2.1 -30892 5504
348 140 2.1 -30852 5904
352 140 2.1 -30756 5710
357 140 2.1 -31092 6100
362 140 2.1 -31316 6024
366 140 2.1 -30932 5638
371 140 2.1 -30584 5700
376 140 2.1 -31320 5998
381 140 2.1 -31112 6226
385 140 2.1 -31120 6064
390 140 2.1 -31112 5796
395 140 2.1 -31412 5918
401 140 2.1 -31648 6288
406 140 2.1 -31364 5812
411 140 2.1 -31160 6064
416 140 2.1 -31024 6202
422 140 2.1 -30896 6122
427 140 2.1 -31032 6078
433 140 2.1 -31344 6046
438 140 2.1 -30920 6134
444 140 2.1 -31488 6488
449 140 2.1 -31364 6658
455 140 2.1 -31236 6488
461 140 2.1 -31312 6286
467 140 2.1 -30920 5942
473 140 2.1 -31772 6012
479 140 2.1 -31244 6010
485 140 2.1 -31036 5764
492 140 2.1 -30872 5724
498 140 2.1 -30764 5850
504 140 2.1 -31320 6010
511 140 2.1 -31284 6260
517 140 2.1 -31136 6162
524 140 2.1 -30644 5964
531 140 2.1 -30748 5966
538 140 2.1 -30836 5982
545 140 2.1 -30812 6382
552 140 2.1 -31168 6382
559 140 2.1 -30504 6088
566 140 2.1 -31008 6056
573 140 2.1 -30704 5402
581 140 2.1 -31208 5892
588 140 2.1 -31292 5922
596 140 2.1 -30968 5808
603 140 2.1 -30808 5922
611 140 2.1 -31120 5816
619 140 2.1 -30972 5772
627 140 2.1 -30736 5896
635 140 2.1 -30688 5862
643 140 2.1 -31080 6054
652 140 2.1 -31108 5768
660 140 2.1 -30980 5678
668 140 2.1 -30756 5232
677 140 2.1 -30760 4802
686 140 2.1 -30464 4284
695 140 2.1 -30604 4632
704 140 2.1 -30940 4700
713 140 2.1 -30884 4986
722 140 2.1 -31072 5014
731 140 2.1 -30964 5494
741 140 2.1 -30832 5242
750 140 2.1 -31036 5356
760 140 2.1 -30812 5362
770 140 2.1 -30864 5442
780 140 2.1 -30952 5388
790 140 2.1 -30892 5282
800 140 2.1 -31232 5358
810 140 2.1 -30924 5102
821 140 2.1 -30900 5074
831 140 2.1 -30624 5090
842 140 2.1 -30736 5200
853 140 2.1 -31192 5846
864 140 2.1 -30916 5226
875 140 2.1 -30748 5764
886 140 2.1 -31172 6080
897 140 2.1 -31380 6524
909 140 2.1 -30704 6052
921 140 2.1 -31100 6272
933 140 2.1 -30824 5976
945 140 2.1 -31260 6018
957 140 2.1 -30972 5582
969 140 2.1 -31108 5780
982 140 2.1 -31032 5680
994 140 2.1 -31408 5584
1007 140 2.1 -31360 5972
1020 140 2.1 -31580 5910
1033 140 2.1 -31552 5896
1047 140 2.1 -30984 5452
1060 140 2.1 -31492 5728
1074 140 2.1 -31320 5560
1088 140 2.1 -31168 5740
1102 140 2.1 -30952 5134
1116 140 2.1 -31596 5326
1130 140 2.1 -30940 5102
1145 140 2.1 -31660 5074
1160 140 2.1 -31908 4936
1174 140 2.1 -31152 4686
1190 140 2.1 -31860 4428
1205 140 2.1 -31188 4074
1220 140 2.1 -31492 4340
1236 140 2.1 -30804 4096
1252 140 2.1 -31140 4270
1268 140 2.1 -31216 4436
1285 140 2.1 -31676 4606
1301 140 2.1 -31044 4364
1318 140 2.1 -30624 4358
1335 140 2.1 -31684 4466
1352 140 2.1 -30928 4182
1370 140 2.1 -31072 5270
1387 140 2.1 -30980 4826
1405 140 2.1 -31388 5210
1423 140 2.1 -31360 5510
1442 140 2.1 -31872 5718
1460 140 2.1 -31412 5656
1479 140 2.1 -31388 5450
1498 140 2.1 -31256 5342
1517 140 2.1 -31448 5380
1537 140 2.1 -31448 5034
1557 140 2.1 -31548 4986
1577 140 2.1 -31840 5228
1597 140 2.1 -31320 5534
1618 140 2.1 -31404 6018
1639 140 2.1 -31592 5978
1660 140 2.1 -31600 6456
1681 140 2.1 -31660 6380
1703 140 2.1 -31776 6560
1725 140 2.1 -31452 6606
1747 140 2.1 -31592 6550
1770 140 2.1 -31244 6746
1792 140 2.1 -31484 6444
1816 140 2.1 -31516 6668
1839 140 2.1 -31620 6064
1863 140 2.1 -31188 6048
1887 140 2.1 -31240 6124
1911 140 2.1 -31280 6496
1936 140 2.1 -31648 6438
1961 140 2.1 -31424 6888
1986 140 2.1 -31676 6716
2012 140 2.1 -31356 7094
2037 140 2.1 -31908 7262
2064 140 2.1 -32324 6740
2090 140 2.1 -31300 6312
2117 140 2.1 -31604 6832
2145 140 2.1 -31712 7182
2172 140 2.1 -31344 7348
2200 140 2.1 -31336 7594
2229 140 2.1 -31092 7264
2257 140 2.1 -31040 7264
2286 140 2.1 -31524 7938
2316 140 2.1 -32144 8448
2346 140 2.1 -31120 8164
2376 140 2.1 -31440 8484
2407 140 2.1 -31756 8362
2438 140 2.1 -31432 8534
2469 140 2.1 -31336 8464
2501 140 2.1 -31448 8590
2533 140 2.1 -31816 9050
2566 140 2.1 -31064 8866
2599 140 2.1 -32024 9234
2633 140 2.1 -31708 9086
2667 140 2.1 -31484 9262
2701 140 2.1 -31384 9340
2736 140 2.1 -31528 9480
2771 140 2.1 -31664 9066
2807 140 2.1 -31804 8814
2843 140 2.1 -31400 8744
2880 140 2.1 -31480 8792
2917 140 2.1 -31928 9112
2954 140 2.1 -31352 9350
2992 140 2.1 -31240 9522
3031 140 2.1 -31920 10180
3070 140 2.1 -31916 10034
3110 140 2.1 -31932 10862
3150 140 2.1 -31936 10896
3190 140 2.1 -31512 10516
3232 140 2.1 -31736 10122
3273 140 2.1 -31488 10052
3315 140 2.1 -31768 10196
3358 140 2.1 -32140 10200
3402 140 2.1 -31660 10774
3445 140 2.1 -31840 10294
3490 140 2.1 -31684 10178
3535 140 2.1 -31600 10256
3580 140 2.1 -31272 10288
3627 140 2.1 -31892 10362
3673 140 2.1 -31740 10126
3721 140 2.1 -32216 10590
3769 140 2.1 -31528 9830
3817 140 2.1 -31604 10088
3867 140 2.1 -31828 10324
3916 140 2.1 -31472 9970
3967 140 2.1 -32000 11122
4018 140 2.1 -31772 11018
4070 140 2.1 -31784 11644
4122 140 2.1 -31648 10940
4176 140 2.1 -32036 11334
4229 140 2.1 -31980 11342
4284 140 2.1 -32004 11006
4339 140 2.1 -31788 10948
4395 140 2.1 -31776 10828
4452 140 2.1 -31532 11372
4509 140 2.1 -32524 12000
4567 140 2.1 -31464 12624
4626 140 2.1 -31904 12690
4686 140 2.1 -32540 13330
4746 140 2.1 -32112 13592
4808 140 2.1 -31980 13372
4870 140 2.1 -31696 13786
4932 140 2.1 -31500 14190
4996 140 2.1 -32224 14934
5060 140 2.1 -32012 15254
5126 140 2.1 -32396 15768
5192 140 2.1 -31708 15836
5259 140 2.1 -32344 16428
5327 140 2.1 -32344 16448
5395 140 2.1 -32812 17150
5465 140 2.1 -32556 17006
5535 140 2.1 -31928 16644
5607 140 2.1 -32848 17074
5679 140 2.1 -32464 17154
5752 140 2.1 -32612 16942
5826 140 2.1 -32532 17138
5902 140 2.1 -33016 17226
5978 140 2.1 -32272 16762
6055 140 2.1 -32256 16844
6133 140 2.1 -32524 16890
6212 140 2.1 -32348 16938
6292 140 2.1 -32564 17120
6373 140 2.1 -32400 16946
6455 140 2.1 -32460 16976
6539 140 2.1 -32232 16924
6623 140 2.1 -32692 17180
6708 140 2.1 -33108 17202
6795 140 2.1 -32592 17050
6883 140 2.1 -32460 17014
6971 140 2.1 -32128 16700
7061 140 2.1 -33020 17334
7152 140 2.1 -32608 17104
7245 140 2.1 -32144 16666
7338 140 2.1 -32224 16914
7433 140 2.1 -33080 17314
7529 140 2.1 -32504 17030
7626 140 2.1 -32644 17166
7724 140 2.1 -32976 17178
7824 140 2.1 -32612 17060
7925 140 2.1 -32892 17150
8027 140 2.1 -32256 16920
8130 140 2.1 -32124 16798
8235 140 2.1 -32572 16964
8341 140 2.1 -32608 16850
8449 140 2.1 -32464 16950
8558 140 2.1 -32984 17264
8668 140 2.1 -32920 17134
8780 140 2.1 -32448 16990
8893 140 2.1 -32976 16910
9008 140 2.1 -32224 16884
9124 140 2.1 -32944 17268
9242 140 2.1 -32340 17092
9361 140 2.1 -32464 16952
9482 140 2.1 -32100 16696
9604 140 2.1 -32408 16918
9728 140 2.1 -32604 17100
9853 140 2.1 -32572 16848
9980 140 2.1 -32724 17066
10109 140 2.1 -33016 17258
10240 140 2.1 -33212 17384
10372 140 2.1 -32676 17160
10505 140 2.1 -32936 17198
10641 140 2.1 -32628 17232
10778 140 2.1 -32684 16998
10917 140 2.1 -32748 17096
11058 140 2.1 -32920 17318
11201 140 2.1 -32440 16900
11345 140 2.1 -32576 16976
11491 140 2.1 -32980 17262
11640 140 2.1 -32688 17196
11790 140 2.1 -32276 16882
11942 140 2.1 -32792 17106
12096 140 2.1 -32752 17238
12252 140 2.1 -32796 17146
12410 140 2.1 -32728 17072
12570 140 2.1 -32752 17110
12732 140 2.1 -32588 17162
12896 140 2.1 -32352 16980
13062 140 2.1 -32160 16880
13231 140 2.1 -32280 16956
13402 140 2.1 -32968 17292
13574 140 2.1 -32516 16882
13750 140 2.1 -32476 16890
13927 140 2.1 -33248 17150
14106 140 2.1 -32428 17144
14288 140 2.1 -32640 17054
14473 140 2.1 -32592 17034
14659 140 2.1 -32312 16784
14848 140 2.1 -32580 17200
15040 140 2.1 -32356 16778
15234 140 2.1 -32552 16860
15430 140 2.1 -32792 17218
15629 140 2.1 -32956 17268
15831 140 2.1 -32640 17100
16035 140 2.1 -32440 17026
16242 140 2.1 -33204 17318
16451 140 2.1 -32144 16842
16664 140 2.1 -32440 16894
16879 140 2.1 -32476 16872
17096 140 2.1 -32484 16962
17317 140 2.1 -32432 16896
17540 140 2.1 -32760 17100
17766 140 2.1 -32124 16660
17995 140 2.1 -32684 16872
18228 140 2.1 -32120 16894
18463 140 2.1 -32412 17048
18701 140 2.1 -33172 17390
18942 140 2.1 -32400 17040
19186 140 2.1 -32684 17124
19434 140 2.1 -33520 17476
19684 140 2.1 -32884 17160
19938 140 2.1 -32272 16850
20195 140 2.1 -32900 17260
20456 140 2.1 -32260 16898
20720 140 2.1 -31900 16634
20987 140 2.1 -32592 17108
21258 140 2.1 -32732 17144
21532 140 2.1 -33148 17262
21810 140 2.1 -32816 17144
22091 140 2.1 -32592 16950
22376 140 2.1 -32700 17134
22664 140 2.1 -32832 17092
22957 140 2.1 -32528 16920
23253 140 2.1 -32460 16958
23553 140 2.1 -32160 16404
23856 140 2.1 -32428 16898
24164 140 2.1 -32676 17170
24476 140 2.1 -32768 17114
24791 140 2.1 -32080 16758
25111 140 2.1 -32972 17254
25435 140 2.1 -32832 17168
25763 140 2.1 -33252 17462
26095 140 2.1 -32764 17152
26432 140 2.1 -32676 17102
26773 140 2.1 -32968 17184
27118 140 2.1 -32356 16922
27468 140 2.1 -32700 17068
27822 140 2.1 -32416 16910
28181 140 2.1 -32992 17332
28545 140 2.1 -32860 17180
28913 140 2.1 -32648 17054
29286 140 2.1 -32716 17200
29663 140 2.1 -32940 17258
30046 140 2.1 -32272 16686
30434 140 2.1 -32588 16936
30826 140 2.1 -32800 17162
31224 140 2.1 -32472 17000
31626 140 2.1 -32568 17074
32034 140 2.1 -32272 16856
32447 140 2.1 -32244 16950
32866 140 2.1 -32468 17154
33290 140 2.1 -32488 16900
33719 140 2.1 -32656 17084
34154 140 2.1 -32316 17044
34595 140 2.1 -32844 17204
35041 140 2.1 -32260 16888
35493 140 2.1 -32544 16920
35951 140 2.1 -32548 16988
36414 140 2.1 -32660 16856
36884 140 2.1 -32672 16992
37360 140 2.1 -32988 17210
37841 140 2.1 -32180 16542
38330 140 2.1 -32592 17142
38824 140 2.1 -31956 16482
39325 140 2.1 -32368 16828
39832 140 2.1 -32152 16790
40346 140 2.1 -32212 16610
40866 140 2.1 -32952 16980
41393 140 2.1 -32776 17100
41927 140 2.1 -32588 16918
42468 140 2.1 -32208 16768
43015 140 2.1 -32472 17026
43570 140 2.1 -32712 17100
44132 140 2.1 -32532 16834
44701 140 2.1 -32400 17086
45278 140 2.1 -32204 16702
45862 140 2.1 -32424 17072
46453 140 2.1 -33260 17458
47053 140 2.1 -32772 17142
47660 140 2.1 -32720 17158
48274 140 2.1 -32260 16640
48897 140 2.1 -32504 16826
49528 140 2.1 -32388 16774
50166 140 2.1 -32156 16656
50813 140 2.1 -32468 16998
51469 140 2.1 -32468 16924
52133 140 2.1 -32824 17094
52805 140 2.1 -32104 16422
53486 140 2.1 -32664 17162
54176 140 2.1 -32500 17052
54875 140 2.1 -32440 16920
55582 140 2.1 -32432 16968
56299 140 2.1 -32580 16962
57025 140 2.1 -32128 16412
57761 140 2.1 -32604 17002
58506 140 2.1 -32272 16842
59261 140 2.1 -32212 16584
60025 140 2.1 -32572 17008
60799 140 2.1 -32376 17020
61583 140 2.1 -32720 17194
62378 140 2.1 -32084 16862
63182 140 2.1 -32240 16762
63997 140 2.1 -32492 16820
64822 140 2.1 -32836 17186
65658 140 2.1 -32440 16974
66505 140 2.1 -32972 17194
67363 140 2.1 -32068 16734
68232 140 2.1 -32624 17084
69112 140 2.1 -32712 17048
70003 140 2.1 -32916 17466
70906 140 2.1 -32532 17008
71821 140 2.1 -32772 17066
72747 140 2.1 -32680 17274
73685 140 2.1 -32864 17116
74636 140 2.1 -32800 17104
75599 140 2.1 -32292 16822
76574 140 2.1 -32444 16968
77561 140 2.1 -32572 17034
78562 140 2.1 -32440 16928
79575 140 2.1 -32376 16996
80601 140 2.1 -32032 16664
81641 140 2.1 -32844 17140
82694 140 2.1 -32740 17164
83760 140 2.1 -32476 17068
84841 140 2.1 -32760 17052
85935 140 2.1 -32540 17188
87043 140 2.1 -32156 16454
88166 140 2.1 -32300 16858
89303 140 2.1 -32156 16784
90455 140 2.1 -32616 17020
91622 140 2.1 -32480 17016
92803 140 2.1 -32548 16886
94000 140 2.1 -32796 17096
95213 140 2.1 -32728 17078
96441 140 2.1 -33240 17428
97685 140 2.1 -32320 16424
98945 140 2.1 -32020 16724
100221 140 2.1 -32168 16608
101513 140 2.1 -32360 16834
102823 140 2.1 -32256 16546
104149 140 2.1 -32596 17004
105492 140 2.1 -32080 17002
106853 140 2.1 -32432 17070
108231 140 2.1 -32296 17036
109627 140 2.1 -32816 17230
111041 140 2.1 -32932 17204
112473 140 2.1 -33036 17256
113924 140 2.1 -32468 16930
115393 140 2.1 -32700 17126
116882 140 2.1 -32328 16926
118389 140 2.1 -32264 16982
119916 140 2.1 -33036 17240
121463 140 2.1 -32784 17350
123029 140 2.1 -32944 17152
124616 140 2.1 -32436 17002
126224 140 2.1 -32460 16794
127852 140 2.1 -32468 16748
129501 140 2.1 -32336 16938
131171 140 2.1 -32900 17172
132863 140 2.1 -32648 16988
134576 140 2.1 -32320 16870
136312 140 2.1 -32668 17208
138070 140 2.1 -32608 16980
139851 140 2.1 -32148 16908
141655 140 2.1 -32964 17084
143482 140 2.1 -32504 17088
145333 140 2.1 -32412 16826
147207 140 2.1 -32724 16968
149106 140 2.1 -32828 17126
151029 140 2.1 -32480 16882
152977 140 2.1 -32636 17004
154950 140 2.1 -32912 17242
156948 140 2.1 -32972 17290
158973 140 2.1 -33124 17306
161023 140 2.1 -32948 17340
163100 140 2.1 -33036 17258
165204 140 2.1 -32152 16918
167334 140 2.1 -32056 16822
169493 140 2.1 -32584 17086
171679 140 2.1 -32420 16958
173893 140 2.1 -32380 16738
176136 140 2.1 -33076 17120
178408 140 2.1 -32436 17080
180709 140 2.1 -32852 17262
183040 140 2.1 -32684 17112
185400 140 2.1 -32936 17158
187792 140 2.1 -32388 16892
190214 140 2.1 -32412 16998
192667 140 2.1 -32928 17126
195152 140 2.1 -32548 17018
197669 140 2.1 -32240 16822
200219 140 2.1 -32852 17262
202801 140 2.1 -32560 17094
205417 140 2.1 -32940 17044
208066 140 2.1 -32660 17030
210750 140 2.1 -32356 16846
213468 140 2.1 -32844 17246
216222 140 2.1 -32672 17006
219010 140 2.1 -32928 17282
221835 140 2.1 -32340 16874
224696 140 2.1 -32904 17258
227595 140 2.1 -32204 16932
230530 140 2.1 -32276 16858
233503 140 2.1 -32984 17322
236515 140 2.1 -32284 16972
239566 140 2.1 -32464 16868
242656 140 2.1 -32628 16996
245785 140 2.1 -32576 17140
248956 140 2.1 -32464 16948
252167 140 2.1 -32592 16866
255419 140 2.1 -32328 16998
258713 140 2.1 -32432 16980
262050 140 2.1 -32480 17098
265430 140 2.1 -32232 16940
268854 140 2.1 -32280 16842
272321 140 2.1 -32228 16818
275834 140 2.1 -32516 16936
279391 140 2.1 -32908 17274
282995 140 2.1 -32628 17130
286645 140 2.1 -32888 17170
290342 140 2.1 -32936 17404
294087 140 2.1 -32064 16594
297880 140 2.1 -32592 17060
301722 140 2.1 -32292 16900
305614 140 2.1 -32760 16892
309556 140 2.1 -32256 16750
313548 140 2.1 -32752 17032
317592 140 2.1 -32868 17292
321689 140 2.1 -32856 17224
325838 140 2.1 -32360 16864
330040 140 2.1 -32676 17166
334297 140 2.1 -32564 17080
338609 140 2.1 -32664 16934
342976 140 2.1 -31972 16612
347400 140 2.1 -32744 17280
351881 140 2.1 -33324 17238
356419 140 2.1 -32448 17066
361016 140 2.1 -33036 17364
365673 140 2.1 -32684 17194
370389 140 2.1 -32368 17022
375167 140 2.1 -32572 17030
380005 140 2.1 -32820 17120
384907 140 2.1 -32532 17090
389871 140 2.1 -32832 17282
394900 140 2.1 -32724 17058
399993 140 2.1 -32296 16728
405152 140 2.1 -32144 16742
410378 140 2.1 -31952 16520
415671 140 2.1 -32804 17342
421032 140 2.1 -32284 16816
426463 140 2.1 -32748 17204
431963 140 2.1 -32280 17042
437535 140 2.1 -32696 17176
443178 140 2.1 -32324 16794
448894 140 2.1 -32748 17158
454684 140 2.1 -32304 16850
460548 140 2.1 -32800 17226
466489 140 2.1 -32372 16764
472505 140 2.1 -32380 16724
478600 140 2.1 -32448 16852
484773 140 2.1 -32944 17356
491025 140 2.1 -32736 17234
497358 140 2.1 -32200 16684
503773 140 2.1 -32380 16954
510271 140 2.1 -32660 16968
516852 140 2.1 -32160 16908
523519 140 2.1 -32000 16554
530271 140 2.1 -32936 17274
537111 140 2.1 -32788 16940
544038 140 2.1 -32444 16948
551055 140 2.1 -32572 17034
558163 140 2.1 -33084 17302
565362 140 2.1 -32380 16968
572654 140 2.1 -32232 17066
580040 140 2.1 -32944 17048
587521 140 2.1 -32340 16872
595099 140 2.1 -32880 17350
602775 140 2.1 -32272 16784
610549 140 2.1 -32552 17028
618424 140 2.1 -32788 17058
626400 140 2.1 -32328 16920
634480 140 2.1 -33016 17272
642663 140 2.1 -32916 17096
650952 140 2.1 -32132 16800
659348 140 2.1 -32340 16916
667853 140 2.1 -32644 16852
676467 140 2.1 -33280 17386
685192 140 2.1 -32364 16702
694029 140 2.1 -33080 17274
702981 140 2.1 -32692 17152
712048 140 2.1 -32512 16980
721232 140 2.1 -32700 16966
730534 140 2.1 -32516 17022
739957 140 2.1 -32616 17106
749500 140 2.1 -32588 17216
759168 140 2.1 -32124 16592
768959 140 2.1 -32436 17072
778877 140 2.1 -32192 16900
788923 140 2.1 -32732 16984
799099 140 2.1 -32456 17086
809405 140 2.1 -32128 16844
819845 140 2.1 -32680 17022
830419 140 2.1 -32460 17014
841130 140 2.1 -32448 17066
851979 140 2.1 -32688 16962
862968 140 2.1 -32464 16952
874098 140 2.1 -32480 17144
885373 140 2.1 -32916 17182
896792 140 2.1 -32820 17178
908359 140 2.1 -32300 16688
920075 140 2.1 -32936 17170
931942 140 2.1 -33052 17328
943962 140 2.1 -32584 16992
956137 140 2.1 -32468 17084
968470 140 2.1 -33356 17430
980961 140 2.1 -32732 17130
993613 140 2.1 -32732 17280
999999 140 2.1 -32228 16934
