3 100 2.3 -9264 56
4 100 2.3 -9920 280
5 100 2.3 -10136 328
6 100 2.3 -10516 328
7 100 2.3 -10568 204
8 100 2.3 -10904 224
9 100 2.3 -11124 64
10 100 2.3 -11260 28
11 100 2.3 -11320 -146
12 100 2.3 -11368 -84
13 100 2.3 -11456 -130
14 100 2.3 -11732 -118
15 100 2.3 -11728 -222
16 100 2.3 -11592 -86
17 100 2.3 -11936 -100
18 100 2.3 -11700 -152
19 100 2.3 -11824 -124
20 100 2.3 -12048 -62
21 100 2.3 -11864 6
22 100 2.3 -11972 -140
23 100 2.3 -11836 -32
24 100 2.3 -11960 -20
25 100 2.3 -12164 -38
26 100 2.3 -11928 52
27 100 2.3 -11984 62
28 100 2.3 -11684 212
29 100 2.3 -11872 316
30 100 2.3 -12024 348
31 100 2.3 -12216 380
32 100 2.3 -12196 386
33 100 2.3 -12588 318
34 100 2.3 -12380 244
35 100 2.3 -12296 178
36 100 2.3 -12140 168
37 100 2.3 -12184 138
38 100 2.3 -12016 190
39 100 2.3 -12040 64
40 100 2.3 -12208 -84
41 100 2.3 -12192 -94
42 100 2.3 -12208 22
43 100 2.3 -12284 144
44 100 2.3 -12644 168
45 100 2.3 -12824 164
46 100 2.3 -12704 174
47 100 2.3 -12604 114
48 100 2.3 -12492 122
49 100 2.3 -12524 92
50 100 2.3 -12596 66
51 100 2.3 -12724 128
52 100 2.3 -13060 234
53 100 2.3 -12928 286
54 100 2.3 -12772 370
55 100 2.3 -12872 250
56 100 2.3 -12756 276
57 100 2.3 -12776 176
58 100 2.3 -12824 10
59 100 2.3 -12868 -10
60 100 2.3 -12728 56
61 100 2.3 -12808 66
62 100 2.3 -12796 126
63 100 2.3 -12648 74
64 100 2.3 -12628 140
65 100 2.3 -12628 140
66 100 2.3 -12772 306
67 100 2.3 -12824 358
68 100 2.3 -12940 378
69 100 2.3 -12876 478
70 100 2.3 -12604 314
71 100 2.3 -12568 258
72 100 2.3 -12488 216
73 100 2.3 -12412 270
74 100 2.3 -12648 116
75 100 2.3 -12700 52
76 100 2.3 -12520 154
77 100 2.3 -12648 106
78 100 2.3 -12740 -92
79 100 2.3 -12872 -156
80 100 2.3 -12988 -306
81 100 2.3 -13052 -178
82 100 2.3 -12940 -100
83 100 2.3 -12612 -38
84 100 2.3 -12568 -118
85 100 2.3 -12840 -66
86 100 2.3 -12932 -14
88 100 2.3 -12912 208
89 100 2.3 -12944 196
90 100 2.3 -12712 252
91 100 2.3 -12804 302
92 100 2.3 -12792 294
93 100 2.3 -12732 104
95 100 2.3 -12864 308
96 100 2.3 -13044 238
97 100 2.3 -13032 218
98 100 2.3 -13076 262
99 100 2.3 -12968 242
101 100 2.3 -13248 32
102 100 2.3 -12796 -40
103 100 2.3 -12832 -30
105 100 2.3 -12932 -194
106 100 2.3 -12788 -428
107 100 2.3 -12816 -456
109 100 2.3 -12868 -590
110 100 2.3 -13136 -660
112 100 2.3 -13036 -330
113 100 2.3 -12972 -300
114 100 2.3 -13000 -294
116 100 2.3 -12884 -362
117 100 2.3 -12768 -568
119 100 2.3 -12936 -584
120 100 2.3 -12968 -478
122 100 2.3 -12860 -528
124 100 2.3 -12824 -496
125 100 2.3 -12732 -720
127 100 2.3 -12856 -324
128 100 2.3 -12664 -406
130 100 2.3 -12788 -358
132 100 2.3 -12748 -382
133 100 2.3 -12552 -358
135 100 2.3 -12952 -388
137 100 2.3 -13268 -332
139 100 2.3 -13140 -182
140 100 2.3 -13084 -6
142 100 2.3 -13252 -146
144 100 2.3 -13036 -50
146 100 2.3 -12832 24
148 100 2.3 -12812 178
150 100 2.3 -13024 80
152 100 2.3 -13028 2
154 100 2.3 -12784 78
155 100 2.3 -13000 134
157 100 2.3 -13080 334
160 100 2.3 -13204 298
162 100 2.3 -12772 186
164 100 2.3 -13124 -182
166 100 2.3 -13008 -82
168 100 2.3 -13212 -200
170 100 2.3 -12880 -138
172 100 2.3 -12776 -120
174 100 2.3 -13132 -156
177 100 2.3 -13228 -234
179 100 2.3 -13296 -278
181 100 2.3 -13040 -54
184 100 2.3 -13360 72
186 100 2.3 -13160 154
188 100 2.3 -13072 210
191 100 2.3 -12928 242
193 100 2.3 -13052 238
196 100 2.3 -12964 298
198 100 2.3 -12936 234
201 100 2.3 -13228 230
203 100 2.3 -13032 316
206 100 2.3 -13188 468
209 100 2.3 -13224 450
211 100 2.3 -13224 398
214 100 2.3 -13240 226
217 100 2.3 -12908 426
220 100 2.3 -12776 604
222 100 2.3 -13036 734
225 100 2.3 -13528 830
228 100 2.3 -13464 806
231 100 2.3 -13280 478
234 100 2.3 -13284 70
237 100 2.3 -13648 384
240 100 2.3 -13272 318
243 100 2.3 -13124 380
246 100 2.3 -13348 324
250 100 2.3 -13360 270
253 100 2.3 -13952 308
256 100 2.3 -13648 324
259 100 2.3 -13576 22
263 100 2.3 -13784 82
266 100 2.3 -13248 152
269 100 2.3 -13132 92
273 100 2.3 -13080 228
276 100 2.3 -13320 578
280 100 2.3 -13040 496
284 100 2.3 -13216 480
287 100 2.3 -13316 624
291 100 2.3 -13376 676
295 100 2.3 -13236 492
298 100 2.3 -13412 480
302 100 2.3 -13628 652
306 100 2.3 -13356 708
310 100 2.3 -13056 470
314 100 2.3 -13236 664
318 100 2.3 -13236 446
322 100 2.3 -13176 726
326 100 2.3 -13180 808
331 100 2.3 -13208 1192
335 100 2.3 -12964 1282
339 100 2.3 -13336 1420
344 100 2.3 -13492 1242
348 100 2.3 -13452 1274
352 100 2.3 -13208 1454
357 100 2.3 -13280 1320
362 100 2.3 -13332 1434
366 100 2.3 -13484 1336
371 100 2.3 -13056 1276
376 100 2.3 -12868 1150
381 100 2.3 -13064 1072
385 100 2.3 -12800 1012
390 100 2.3 -12768 826
395 100 2.3 -13072 1258
401 100 2.3 -13484 1544
406 100 2.3 -13292 1742
411 100 2.3 -12680 1470
416 100 2.3 -12892 1298
422 100 2.3 -12880 1066
427 100 2.3 -12708 788
433 100 2.3 -12840 788
438 100 2.3 -12940 292
444 100 2.3 -13036 102
449 100 2.3 -12992 124
455 100 2.3 -12988 60
461 100 2.3 -12616 196
467 100 2.3 -12844 466
473 100 2.3 -12720 284
479 100 2.3 -13332 388
485 100 2.3 -13204 270
492 100 2.3 -13264 378
498 100 2.3 -13056 440
504 100 2.3 -13200 296
511 100 2.3 -13320 74
517 100 2.3 -13308 370
524 100 2.3 -12740 238
531 100 2.3 -12912 -148
538 100 2.3 -13284 -210
545 100 2.3 -13096 28
552 100 2.3 -12816 -128
559 100 2.3 -12628 38
566 100 2.3 -12556 346
573 100 2.3 -12948 884
581 100 2.3 -12480 368
588 100 2.3 -12776 726
596 100 2.3 -13052 282
603 100 2.3 -13320 164
611 100 2.3 -13336 -288
619 100 2.3 -13032 -358
627 100 2.3 -13088 -706
635 100 2.3 -13288 -100
643 100 2.3 -13112 -408
652 100 2.3 -13272 -390
660 100 2.3 -13156 -404
668 100 2.3 -13012 -374
677 100 2.3 -13072 -362
686 100 2.3 -13260 -594
695 100 2.3 -13416 -524
704 100 2.3 -13192 -258
713 100 2.3 -13488 -106
722 100 2.3 -13408 -38
731 100 2.3 -13592 82
741 100 2.3 -13464 480
750 100 2.3 -13340 90
760 100 2.3 -13108 12
770 100 2.3 -13484 -176
780 100 2.3 -13680 -174
790 100 2.3 -13288 -430
800 100 2.3 -13700 -150
810 100 2.3 -13196 230
821 100 2.3 -13616 72
831 100 2.3 -13768 -104
842 100 2.3 -13564 -552
853 100 2.3 -13776 -514
864 100 2.3 -13452 -536
875 100 2.3 -13132 -602
886 100 2.3 -13556 -808
897 100 2.3 -13756 -846
909 100 2.3 -13560 -830
921 100 2.3 -13664 -850
933 100 2.3 -13904 -994
945 100 2.3 -13436 -1168
957 100 2.3 -13492 -1106
969 100 2.3 -12784 -926
982 100 2.3 -13056 -1428
994 100 2.3 -13112 -1344
1007 100 2.3 -13440 -1006
1020 100 2.3 -13324 -1330
1033 100 2.3 -13568 -904
1047 100 2.3 -13580 -1008
1060 100 2.3 -13484 -910
1074 100 2.3 -13816 -702
1088 100 2.3 -13476 -602
1102 100 2.3 -14052 -872
1116 100 2.3 -13508 -978
1130 100 2.3 -13096 -980
1145 100 2.3 -13432 -850
1160 100 2.3 -13732 -1034
1174 100 2.3 -13084 -572
1190 100 2.3 -13208 -554
1205 100 2.3 -13128 -550
1220 100 2.3 -13728 -884
1236 100 2.3 -13348 -616
1252 100 2.3 -13256 -592
1268 100 2.3 -13396 -588
1285 100 2.3 -13284 -778
1301 100 2.3 -13252 -878
1318 100 2.3 -13060 -1194
1335 100 2.3 -13364 -1224
1352 100 2.3 -13180 -840
1370 100 2.3 -13384 -512
1387 100 2.3 -13056 62
1405 100 2.3 -13176 574
1423 100 2.3 -13164 -32
1442 100 2.3 -13304 438
1460 100 2.3 -13248 796
1479 100 2.3 -13024 1134
1498 100 2.3 -13416 1626
1517 100 2.3 -13404 1506
1537 100 2.3 -13336 1660
1557 100 2.3 -13416 1052
1577 100 2.3 -13752 1194
1597 100 2.3 -13432 1286
1618 100 2.3 -13124 1370
1639 100 2.3 -13488 1326
1660 100 2.3 -13304 1788
1681 100 2.3 -13664 1910
1703 100 2.3 -13132 1782
1725 100 2.3 -13296 1454
1747 100 2.3 -13236 1236
1770 100 2.3 -13228 930
1792 100 2.3 -12908 -84
1816 100 2.3 -12892 -270
1839 100 2.3 -13328 -624
1863 100 2.3 -13152 -570
1887 100 2.3 -13156 -742
1911 100 2.3 -13672 -362
1936 100 2.3 -13360 -1022
1961 100 2.3 -13504 -1458
1986 100 2.3 -13108 -1150
2012 100 2.3 -12708 -642
2037 100 2.3 -13424 -1052
2064 100 2.3 -13428 -1010
2090 100 2.3 -14028 -1474
2117 100 2.3 -13268 -1830
2145 100 2.3 -13392 -2254
2172 100 2.3 -13264 -2332
2200 100 2.3 -13280 -2038
2229 100 2.3 -13156 -1182
2257 100 2.3 -13520 -1398
2286 100 2.3 -13260 -766
2316 100 2.3 -13468 -192
2346 100 2.3 -13528 32
2376 100 2.3 -13564 6
2407 100 2.3 -13176 -308
2438 100 2.3 -13232 84
2469 100 2.3 -13092 -326
2501 100 2.3 -13192 -430
2533 100 2.3 -13504 -1364
2566 100 2.3 -13728 -1310
2599 100 2.3 -13508 -1266
2633 100 2.3 -13388 -1854
2667 100 2.3 -13032 -2298
2701 100 2.3 -13536 -2302
2736 100 2.3 -13384 -1778
2771 100 2.3 -13072 -2732
2807 100 2.3 -13368 -3602
2843 100 2.3 -13044 -3030
2880 100 2.3 -13572 -3176
2917 100 2.3 -13172 -2992
2954 100 2.3 -13848 -2700
2992 100 2.3 -13552 -2614
3031 100 2.3 -13072 -2456
3070 100 2.3 -13712 -2904
3110 100 2.3 -13656 -3410
3150 100 2.3 -13580 -3402
3190 100 2.3 -13684 -3358
3232 100 2.3 -13256 -2686
3273 100 2.3 -13960 -2638
3315 100 2.3 -13780 -2202
3358 100 2.3 -13684 -3462
3402 100 2.3 -13516 -2450
3445 100 2.3 -13128 -1960
3490 100 2.3 -13788 -1970
3535 100 2.3 -13164 -2090
3580 100 2.3 -13708 -3068
3627 100 2.3 -13188 -3402
3673 100 2.3 -13096 -2058
3721 100 2.3 -13596 -2422
3769 100 2.3 -13340 -1976
3817 100 2.3 -13172 -2326
3867 100 2.3 -13252 -1644
3916 100 2.3 -13132 -1970
3967 100 2.3 -13108 -2484
4018 100 2.3 -13344 -2568
4070 100 2.3 -12920 -2384
4122 100 2.3 -13728 -2678
4176 100 2.3 -13220 -1554
4229 100 2.3 -13544 -2166
4284 100 2.3 -13000 -1002
4339 100 2.3 -12796 -1672
4395 100 2.3 -13156 -1796
4452 100 2.3 -13308 -2152
4509 100 2.3 -13520 -3158
4567 100 2.3 -13296 -3168
4626 100 2.3 -13540 -3542
4686 100 2.3 -13500 -3776
4746 100 2.3 -13456 -3822
4808 100 2.3 -13236 -2938
4870 100 2.3 -13476 -2244
4932 100 2.3 -13216 -2542
4996 100 2.3 -13372 -2914
5060 100 2.3 -12932 -2546
5126 100 2.3 -13536 -3586
5192 100 2.3 -12888 -2054
5259 100 2.3 -13180 -1958
5327 100 2.3 -13652 -1674
5395 100 2.3 -13444 -2560
5465 100 2.3 -13784 -2152
5535 100 2.3 -13240 -1994
5607 100 2.3 -12784 -1858
5679 100 2.3 -13296 -2010
5752 100 2.3 -13360 -2120
5826 100 2.3 -13564 -2578
5902 100 2.3 -13236 -2514
5978 100 2.3 -13392 -2416
6055 100 2.3 -13356 -3246
6133 100 2.3 -13396 -3334
6212 100 2.3 -13372 -3876
6292 100 2.3 -12776 -3210
6373 100 2.3 -13408 -3736
6455 100 2.3 -13556 -2878
6539 100 2.3 -13476 -2942
6623 100 2.3 -13568 -4136
6708 100 2.3 -13440 -4300
6795 100 2.3 -13352 -3550
6883 100 2.3 -13724 -4154
6971 100 2.3 -13488 -4066
7061 100 2.3 -13120 -4204
7152 100 2.3 -13588 -3554
7245 100 2.3 -13312 -2972
7338 100 2.3 -13236 -564
7433 100 2.3 -13284 -1124
7529 100 2.3 -13328 -1648
7626 100 2.3 -13088 -1754
7724 100 2.3 -13476 -3188
7824 100 2.3 -13324 -1860
7925 100 2.3 -13668 -2910
8027 100 2.3 -13276 -1854
8130 100 2.3 -13108 -3306
8235 100 2.3 -13708 -4152
8341 100 2.3 -13184 -4088
8449 100 2.3 -13560 -4512
8558 100 2.3 -13676 -4712
8668 100 2.3 -14180 -5964
8780 100 2.3 -13984 -5868
8893 100 2.3 -13724 -5084
9008 100 2.3 -13464 -5142
9124 100 2.3 -13980 -6496
9242 100 2.3 -13944 -6258
9361 100 2.3 -13720 -6000
9482 100 2.3 -13700 -5336
9604 100 2.3 -14092 -6680
9728 100 2.3 -14220 -6230
9853 100 2.3 -12812 -4464
9980 100 2.3 -13640 -4232
10109 100 2.3 -13764 -4716
10240 100 2.3 -13724 -4338
10372 100 2.3 -14036 -4744
10505 100 2.3 -13812 -5748
10641 100 2.3 -13208 -4412
10778 100 2.3 -13736 -5632
10917 100 2.3 -13372 -5584
11058 100 2.3 -12832 -4044
11201 100 2.3 -14588 -6270
11345 100 2.3 -13552 -4568
11491 100 2.3 -13288 -4268
11640 100 2.3 -13544 -4858
11790 100 2.3 -13712 -4412
11942 100 2.3 -13144 -3042
12096 100 2.3 -13044 -3468
12252 100 2.3 -13644 -3324
12410 100 2.3 -13232 -3070
12570 100 2.3 -13404 -2386
12732 100 2.3 -13588 -2300
12896 100 2.3 -13676 -2506
13062 100 2.3 -13788 -2422
13231 100 2.3 -13704 -1218
13402 100 2.3 -13448 -956
13574 100 2.3 -13044 -26
13750 100 2.3 -12616 552
13927 100 2.3 -13244 3042
14106 100 2.3 -13988 4302
14288 100 2.3 -12684 3316
14473 100 2.3 -13396 4254
14659 100 2.3 -13852 4512
14848 100 2.3 -13532 3670
15040 100 2.3 -13028 2846
15234 100 2.3 -13496 2700
15430 100 2.3 -13360 2800
15629 100 2.3 -13132 3054
15831 100 2.3 -12944 3100
16035 100 2.3 -13724 5016
16242 100 2.3 -13772 2834
16451 100 2.3 -12880 2574
16664 100 2.3 -13104 1904
16879 100 2.3 -13468 4268
17096 100 2.3 -13984 2824
17317 100 2.3 -13444 2548
17540 100 2.3 -13172 1314
17766 100 2.3 -13268 1652
17995 100 2.3 -13112 -980
18228 100 2.3 -13640 612
18463 100 2.3 -13476 -304
18701 100 2.3 -13368 -1768
18942 100 2.3 -13596 -306
19186 100 2.3 -13216 1236
19434 100 2.3 -13528 1340
19684 100 2.3 -13336 2870
19938 100 2.3 -13664 4380
20195 100 2.3 -14124 2486
20456 100 2.3 -13544 2420
20720 100 2.3 -13600 2844
20987 100 2.3 -13252 2516
21258 100 2.3 -13480 2528
21532 100 2.3 -12788 4066
21810 100 2.3 -13724 4610
22091 100 2.3 -13708 4276
22376 100 2.3 -13488 2888
22664 100 2.3 -13296 1714
22957 100 2.3 -13452 362
23253 100 2.3 -13284 408
23553 100 2.3 -13168 1350
23856 100 2.3 -13204 2290
24164 100 2.3 -12936 478
24476 100 2.3 -13852 1614
24791 100 2.3 -13512 1942
25111 100 2.3 -12940 3480
25435 100 2.3 -13500 3724
25763 100 2.3 -13204 2202
26095 100 2.3 -13932 4028
26432 100 2.3 -13876 5840
26773 100 2.3 -13520 4626
27118 100 2.3 -13624 5286
27468 100 2.3 -13388 2144
27822 100 2.3 -13776 2422
28181 100 2.3 -13376 -596
28545 100 2.3 -13500 -774
28913 100 2.3 -13260 -2016
29286 100 2.3 -12724 -2326
29663 100 2.3 -13232 -4198
30046 100 2.3 -13296 -3804
30434 100 2.3 -13548 -4138
30826 100 2.3 -13452 -2680
31224 100 2.3 -13116 -2632
31626 100 2.3 -13720 -3794
32034 100 2.3 -13516 -2836
32447 100 2.3 -13644 -3368
32866 100 2.3 -13520 -4166
33290 100 2.3 -13512 -3724
33719 100 2.3 -14076 -6062
34154 100 2.3 -13584 -3390
34595 100 2.3 -13652 -3426
35041 100 2.3 -13524 -3012
35493 100 2.3 -13564 -926
35951 100 2.3 -12876 -1028
36414 100 2.3 -13592 -2980
36884 100 2.3 -13652 -3854
37360 100 2.3 -13596 -4822
37841 100 2.3 -13368 -4800
38330 100 2.3 -13848 -5572
38824 100 2.3 -13588 -4096
39325 100 2.3 -14280 -6844
39832 100 2.3 -13796 -6356
40346 100 2.3 -14324 -6004
40866 100 2.3 -14060 -5474
41393 100 2.3 -13476 -3734
41927 100 2.3 -13296 -4250
42468 100 2.3 -13536 -3500
43015 100 2.3 -13200 -2848
43570 100 2.3 -13076 -2110
44132 100 2.3 -13700 -4134
44701 100 2.3 -13544 -4234
45278 100 2.3 -13156 -284
45862 100 2.3 -14232 766
46453 100 2.3 -13184 -1818
47053 100 2.3 -13792 -5494
47660 100 2.3 -14188 -6750
48274 100 2.3 -13300 -2436
48897 100 2.3 -12988 -66
49528 100 2.3 -13320 824
50166 100 2.3 -13824 4720
50813 100 2.3 -13524 5172
51469 100 2.3 -13728 2448
52133 100 2.3 -13280 -1708
52805 100 2.3 -13920 -3876
53486 100 2.3 -13496 -2458
54176 100 2.3 -13888 -5680
54875 100 2.3 -13552 -2616
55582 100 2.3 -13236 -4244
56299 100 2.3 -14000 -5442
57025 100 2.3 -13500 -5134
57761 100 2.3 -13108 -896
58506 100 2.3 -14132 -942
59261 100 2.3 -13108 -250
60025 100 2.3 -13004 2656
60799 100 2.3 -12928 2034
61583 100 2.3 -13856 4154
62378 100 2.3 -13364 4568
63182 100 2.3 -13192 3048
63997 100 2.3 -12904 120
64822 100 2.3 -13200 644
65658 100 2.3 -13736 5488
66505 100 2.3 -13772 1836
67363 100 2.3 -13428 -2284
68232 100 2.3 -13784 -4752
69112 100 2.3 -13404 -4284
70003 100 2.3 -13864 -4296
70906 100 2.3 -13520 -4976
71821 100 2.3 -13616 -5060
72747 100 2.3 -13624 -4116
73685 100 2.3 -13280 736
74636 100 2.3 -13808 -1328
75599 100 2.3 -13740 -602
76574 100 2.3 -13348 3146
77561 100 2.3 -13720 -366
78562 100 2.3 -13548 408
79575 100 2.3 -13368 2202
80601 100 2.3 -13276 990
81641 100 2.3 -12980 676
82694 100 2.3 -13920 2702
83760 100 2.3 -13816 4966
84841 100 2.3 -13880 4852
85935 100 2.3 -12920 1530
87043 100 2.3 -13340 4474
88166 100 2.3 -13944 4052
89303 100 2.3 -13536 5000
90455 100 2.3 -13560 5526
91622 100 2.3 -13256 4624
92803 100 2.3 -13192 842
94000 100 2.3 -13528 4840
95213 100 2.3 -12944 2964
96441 100 2.3 -14036 6018
97685 100 2.3 -13900 5294
98945 100 2.3 -13800 4154
100221 100 2.3 -13268 3066
101513 100 2.3 -13176 3666
102823 100 2.3 -13528 3892
104149 100 2.3 -14260 5360
105492 100 2.3 -13632 5610
106853 100 2.3 -13244 -1020
108231 100 2.3 -13120 -3476
109627 100 2.3 -13500 12
111041 100 2.3 -13228 -2690
112473 100 2.3 -13292 3316
113924 100 2.3 -12968 4490
115393 100 2.3 -13856 5680
116882 100 2.3 -13876 4086
118389 100 2.3 -13052 4412
119916 100 2.3 -13392 3476
121463 100 2.3 -13336 -2706
123029 100 2.3 -13568 -3412
124616 100 2.3 -13412 -3010
126224 100 2.3 -13824 -5342
127852 100 2.3 -13432 -1988
129501 100 2.3 -13576 -3538
131171 100 2.3 -13360 -4112
132863 100 2.3 -13640 -2224
134576 100 2.3 -13248 -4800
136312 100 2.3 -13104 -2960
138070 100 2.3 -13460 -3484
139851 100 2.3 -13160 -3404
141655 100 2.3 -13736 -4314
143482 100 2.3 -13012 -792
145333 100 2.3 -13584 1084
147207 100 2.3 -13400 1770
149106 100 2.3 -13588 4142
151029 100 2.3 -13488 518
152977 100 2.3 -12964 2232
154950 100 2.3 -12560 -658
156948 100 2.3 -12896 3508
158973 100 2.3 -12856 50
161023 100 2.3 -13256 2238
163100 100 2.3 -13512 1974
165204 100 2.3 -13504 3622
167334 100 2.3 -13692 3092
169493 100 2.3 -13484 3420
171679 100 2.3 -13200 2712
173893 100 2.3 -12672 -182
176136 100 2.3 -13372 3034
178408 100 2.3 -13332 140
180709 100 2.3 -13652 -3636
183040 100 2.3 -13892 -5180
185400 100 2.3 -13172 -2820
187792 100 2.3 -14296 -6810
190214 100 2.3 -13656 -2354
192667 100 2.3 -13348 -4042
195152 100 2.3 -13700 -2218
197669 100 2.3 -13692 -68
200219 100 2.3 -13088 1834
202801 100 2.3 -13552 4190
205417 100 2.3 -13516 5080
208066 100 2.3 -13600 3518
210750 100 2.3 -13928 5850
213468 100 2.3 -13476 984
216222 100 2.3 -13644 -3352
219010 100 2.3 -13236 -2860
221835 100 2.3 -14136 6640
224696 100 2.3 -13912 6142
227595 100 2.3 -13780 3912
230530 100 2.3 -12964 4090
233503 100 2.3 -13708 3442
236515 100 2.3 -13776 6290
239566 100 2.3 -13832 5858
242656 100 2.3 -12728 2240
245785 100 2.3 -13260 1220
248956 100 2.3 -13360 -840
252167 100 2.3 -13484 -4276
255419 100 2.3 -13568 -618
258713 100 2.3 -13472 -4090
262050 100 2.3 -13532 -4122
265430 100 2.3 -13400 232
268854 100 2.3 -13232 -4148
272321 100 2.3 -13708 -1562
275834 100 2.3 -13376 -3574
279391 100 2.3 -13260 -1400
282995 100 2.3 -13484 1806
286645 100 2.3 -13584 -4154
290342 100 2.3 -13280 -1464
294087 100 2.3 -12880 -2718
297880 100 2.3 -13548 1938
301722 100 2.3 -13564 2216
305614 100 2.3 -13656 2368
309556 100 2.3 -13232 5426
313548 100 2.3 -13464 -2252
317592 100 2.3 -13396 230
321689 100 2.3 -13828 5814
325838 100 2.3 -13440 -644
330040 100 2.3 -13348 -3794
334297 100 2.3 -13640 -3478
338609 100 2.3 -13532 -98
342976 100 2.3 -13348 -2776
347400 100 2.3 -13448 -3300
351881 100 2.3 -13532 -3778
356419 100 2.3 -13560 3198
361016 100 2.3 -13772 4322
365673 100 2.3 -13408 4632
370389 100 2.3 -13880 -6116
375167 100 2.3 -13200 -114
380005 100 2.3 -13308 -278
384907 100 2.3 -13644 942
389871 100 2.3 -13536 -3644
394900 100 2.3 -13580 -4798
399993 100 2.3 -13448 -5702
405152 100 2.3 -13548 -3638
410378 100 2.3 -13228 -3158
415671 100 2.3 -13196 -3564
421032 100 2.3 -13372 -8
426463 100 2.3 -13128 -576
431963 100 2.3 -12788 -486
437535 100 2.3 -13692 -4322
443178 100 2.3 -13216 -4358
448894 100 2.3 -13472 516
454684 100 2.3 -13296 3230
460548 100 2.3 -13268 368
466489 100 2.3 -13208 3638
472505 100 2.3 -13180 -398
478600 100 2.3 -13684 -5296
484773 100 2.3 -13592 968
491025 100 2.3 -13244 3582
497358 100 2.3 -13668 6120
503773 100 2.3 -13316 1456
510271 100 2.3 -13256 1366
516852 100 2.3 -13456 -5044
523519 100 2.3 -13484 -3332
530271 100 2.3 -13620 -3644
537111 100 2.3 -14064 -6426
544038 100 2.3 -13288 -2014
551055 100 2.3 -13784 -5632
558163 100 2.3 -13264 -1452
565362 100 2.3 -13168 736
572654 100 2.3 -12992 -8
580040 100 2.3 -13104 -4544
587521 100 2.3 -13124 858
595099 100 2.3 -13204 3790
602775 100 2.3 -13168 1324
610549 100 2.3 -13544 4650
618424 100 2.3 -13496 4948
626400 100 2.3 -13516 4294
634480 100 2.3 -13088 -2990
642663 100 2.3 -13700 -1822
650952 100 2.3 -14068 6418
659348 100 2.3 -12768 198
667853 100 2.3 -13656 -3728
676467 100 2.3 -13496 -3376
685192 100 2.3 -13956 -4926
694029 100 2.3 -13288 -3462
702981 100 2.3 -13100 -1668
712048 100 2.3 -14140 -6546
721232 100 2.3 -13344 980
730534 100 2.3 -13488 1340
739957 100 2.3 -13440 -3608
749500 100 2.3 -13532 -4736
759168 100 2.3 -13732 -5022
768959 100 2.3 -14208 -5686
778877 100 2.3 -13396 1078
788923 100 2.3 -13428 4034
799099 100 2.3 -13284 -756
809405 100 2.3 -13512 6132
819845 100 2.3 -13520 4884
830419 100 2.3 -13212 3922
841130 100 2.3 -13880 -6440
851979 100 2.3 -13472 4250
862968 100 2.3 -13472 1470
874098 100 2.3 -13612 4106
885373 100 2.3 -13240 1176
896792 100 2.3 -13064 940
908359 100 2.3 -13692 3810
920075 100 2.3 -13964 -3720
931942 100 2.3 -13248 1674
943962 100 2.3 -13928 4018
956137 100 2.3 -13696 -90
968470 100 2.3 -13436 2746
980961 100 2.3 -13452 -756
993613 100 2.3 -13488 4796
999999 100 2.3 -13324 2428
