3 60 2.1 -3512 106
4 60 2.1 -3912 118
5 60 2.1 -3984 174
6 60 2.1 -4184 192
7 60 2.1 -4320 112
8 60 2.1 -4364 -14
9 60 2.1 -4480 164
10 60 2.1 -4556 126
11 60 2.1 -4668 106
12 60 2.1 -4788 146
13 60 2.1 -4856 234
14 60 2.1 -4860 232
15 60 2.1 -4940 146
16 60 2.1 -5052 52
17 60 2.1 -4996 -34
18 60 2.1 -4796 52
19 60 2.1 -4904 6
20 60 2.1 -4828 -68
21 60 2.1 -4876 -82
22 60 2.1 -4888 -118
23 60 2.1 -4964 -36
24 60 2.1 -4852 -8
25 60 2.1 -4888 2
26 60 2.1 -4992 -26
27 60 2.1 -4872 6
28 60 2.1 -5008 -146
29 60 2.1 -4916 -138
30 60 2.1 -4912 -200
31 60 2.1 -4888 -72
32 60 2.1 -4876 0
33 60 2.1 -5092 -54
34 60 2.1 -5104 -88
35 60 2.1 -4980 -48
36 60 2.1 -5004 -154
37 60 2.1 -5100 -170
38 60 2.1 -5176 -182
39 60 2.1 -5044 -168
40 60 2.1 -5192 -132
41 60 2.1 -5152 -126
42 60 2.1 -5228 -76
43 60 2.1 -5236 -48
44 60 2.1 -5432 -76
45 60 2.1 -5356 -104
46 60 2.1 -5268 -88
47 60 2.1 -5284 -76
48 60 2.1 -5404 -140
49 60 2.1 -5220 -192
50 60 2.1 -5300 -218
51 60 2.1 -5172 -240
52 60 2.1 -5380 -222
53 60 2.1 -5404 -256
54 60 2.1 -5264 -210
55 60 2.1 -5420 -172
56 60 2.1 -5272 -158
57 60 2.1 -5372 -140
58 60 2.1 -5284 -166
59 60 2.1 -5200 -164
60 60 2.1 -5304 -184
61 60 2.1 -5136 -220
62 60 2.1 -5120 -244
63 60 2.1 -5192 -176
64 60 2.1 -5332 -182
65 60 2.1 -5448 -234
66 60 2.1 -5380 -228
67 60 2.1 -5320 -306
68 60 2.1 -5364 -302
69 60 2.1 -5444 -264
70 60 2.1 -5484 -246
71 60 2.1 -5432 -256
72 60 2.1 -5448 -276
73 60 2.1 -5460 -276
74 60 2.1 -5472 -258
75 60 2.1 -5496 -230
76 60 2.1 -5652 -228
77 60 2.1 -5640 -224
78 60 2.1 -5656 -300
79 60 2.1 -5648 -306
80 60 2.1 -5608 -340
81 60 2.1 -5676 -364
82 60 2.1 -5644 -236
83 60 2.1 -5628 -186
84 60 2.1 -5564 -208
85 60 2.1 -5476 -182
86 60 2.1 -5348 -202
88 60 2.1 -5260 -256
89 60 2.1 -5104 -276
90 60 2.1 -5116 -324
91 60 2.1 -5320 -350
92 60 2.1 -5168 -346
93 60 2.1 -5276 -406
95 60 2.1 -5276 -290
96 60 2.1 -5292 -230
97 60 2.1 -5324 -232
98 60 2.1 -5328 -244
99 60 2.1 -5416 -206
101 60 2.1 -5484 -230
102 60 2.1 -5548 -178
103 60 2.1 -5576 -144
105 60 2.1 -5576 -200
106 60 2.1 -5544 -146
107 60 2.1 -5400 -188
109 60 2.1 -5528 -346
110 60 2.1 -5496 -280
112 60 2.1 -5216 -312
113 60 2.1 -5272 -298
114 60 2.1 -5276 -294
116 60 2.1 -5420 -272
117 60 2.1 -5460 -344
119 60 2.1 -5152 -370
120 60 2.1 -5124 -364
122 60 2.1 -5444 -304
124 60 2.1 -5292 -344
125 60 2.1 -5356 -268
127 60 2.1 -5336 -250
128 60 2.1 -5376 -292
130 60 2.1 -5456 -264
132 60 2.1 -5516 -272
133 60 2.1 -5504 -376
135 60 2.1 -5588 -362
137 60 2.1 -5476 -262
139 60 2.1 -5472 -428
140 60 2.1 -5544 -392
142 60 2.1 -5408 -394
144 60 2.1 -5496 -480
146 60 2.1 -5760 -444
148 60 2.1 -5560 -472
150 60 2.1 -5520 -500
152 60 2.1 -5528 -474
154 60 2.1 -5556 -444
155 60 2.1 -5624 -408
157 60 2.1 -5396 -372
160 60 2.1 -5220 -448
162 60 2.1 -5296 -384
164 60 2.1 -5400 -438
166 60 2.1 -5296 -476
168 60 2.1 -5400 -484
170 60 2.1 -5324 -550
172 60 2.1 -5496 -516
174 60 2.1 -5408 -432
177 60 2.1 -5316 -592
179 60 2.1 -5624 -722
181 60 2.1 -5540 -664
184 60 2.1 -5468 -628
186 60 2.1 -5600 -694
188 60 2.1 -5552 -610
191 60 2.1 -5528 -648
193 60 2.1 -5580 -752
196 60 2.1 -5492 -862
198 60 2.1 -5620 -890
201 60 2.1 -5516 -846
203 60 2.1 -5572 -858
206 60 2.1 -5376 -920
209 60 2.1 -5352 -894
211 60 2.1 -5220 -876
214 60 2.1 -5540 -878
217 60 2.1 -5704 -936
220 60 2.1 -5788 -888
222 60 2.1 -5668 -928
225 60 2.1 -5576 -954
228 60 2.1 -5312 -972
231 60 2.1 -5336 -966
234 60 2.1 -5696 -1066
237 60 2.1 -5572 -972
240 60 2.1 -5636 -1098
243 60 2.1 -5540 -1090
246 60 2.1 -5568 -1038
250 60 2.1 -5512 -1034
253 60 2.1 -5548 -1014
256 60 2.1 -5484 -1018
259 60 2.1 -5660 -1102
263 60 2.1 -5692 -1198
266 60 2.1 -5660 -1168
269 60 2.1 -5460 -1010
273 60 2.1 -5524 -1192
276 60 2.1 -5540 -1116
280 60 2.1 -5640 -1046
284 60 2.1 -5680 -1012
287 60 2.1 -5632 -1084
291 60 2.1 -5404 -1026
295 60 2.1 -5544 -1064
298 60 2.1 -5412 -898
302 60 2.1 -5348 -1050
306 60 2.1 -5540 -1236
310 60 2.1 -5368 -1238
314 60 2.1 -5456 -1350
318 60 2.1 -5560 -1286
322 60 2.1 -5616 -1318
326 60 2.1 -5604 -1256
331 60 2.1 -5568 -1102
335 60 2.1 -5668 -1170
339 60 2.1 -5408 -1090
344 60 2.1 -5640 -1170
348 60 2.1 -5744 -1116
352 60 2.1 -5668 -1120
357 60 2.1 -5696 -1382
362 60 2.1 -5672 -1342
366 60 2.1 -5604 -1336
371 60 2.1 -5588 -1246
376 60 2.1 -5620 -1264
381 60 2.1 -5672 -1272
385 60 2.1 -5668 -1274
390 60 2.1 -5608 -1336
395 60 2.1 -5440 -1326
401 60 2.1 -5560 -1444
406 60 2.1 -5560 -1456
411 60 2.1 -5724 -1478
416 60 2.1 -5732 -1448
422 60 2.1 -5672 -1510
427 60 2.1 -5620 -1620
433 60 2.1 -5696 -1690
438 60 2.1 -5676 -1600
444 60 2.1 -5668 -1562
449 60 2.1 -5788 -1540
455 60 2.1 -5848 -1630
461 60 2.1 -5600 -1644
467 60 2.1 -5804 -1636
473 60 2.1 -5708 -1676
479 60 2.1 -5816 -1726
485 60 2.1 -5536 -1586
492 60 2.1 -5608 -1512
498 60 2.1 -5760 -1538
504 60 2.1 -5220 -1460
511 60 2.1 -5676 -1594
517 60 2.1 -5640 -1490
524 60 2.1 -5388 -1590
531 60 2.1 -5584 -1644
538 60 2.1 -5448 -1734
545 60 2.1 -5648 -1790
552 60 2.1 -5724 -1876
559 60 2.1 -5584 -2072
566 60 2.1 -5788 -2192
573 60 2.1 -5784 -2278
581 60 2.1 -5848 -2228
588 60 2.1 -5564 -2186
596 60 2.1 -5824 -2336
603 60 2.1 -5788 -2260
611 60 2.1 -5764 -2226
619 60 2.1 -5688 -2286
627 60 2.1 -5728 -2096
635 60 2.1 -5784 -2220
643 60 2.1 -5736 -2166
652 60 2.1 -5576 -2068
660 60 2.1 -5692 -2272
668 60 2.1 -5632 -2134
677 60 2.1 -5616 -2134
686 60 2.1 -5520 -2220
695 60 2.1 -5608 -2178
704 60 2.1 -5856 -2316
713 60 2.1 -5792 -2550
722 60 2.1 -5856 -2584
731 60 2.1 -5764 -2582
741 60 2.1 -5696 -2496
750 60 2.1 -5688 -2358
760 60 2.1 -5796 -2366
770 60 2.1 -5652 -2218
780 60 2.1 -5800 -2356
790 60 2.1 -5588 -2252
800 60 2.1 -5932 -2350
810 60 2.1 -5888 -2218
821 60 2.1 -5804 -2394
831 60 2.1 -5844 -2438
842 60 2.1 -5952 -2522
853 60 2.1 -5880 -2678
864 60 2.1 -5936 -2700
875 60 2.1 -5720 -2678
886 60 2.1 -5892 -2668
897 60 2.1 -6032 -2802
909 60 2.1 -5804 -2730
921 60 2.1 -5896 -2702
933 60 2.1 -5844 -2702
945 60 2.1 -5856 -2724
957 60 2.1 -5804 -2634
969 60 2.1 -5908 -2728
982 60 2.1 -5800 -2654
994 60 2.1 -5804 -2690
1007 60 2.1 -5692 -2672
1020 60 2.1 -5572 -2604
1033 60 2.1 -5648 -2654
1047 60 2.1 -5768 -2852
1060 60 2.1 -5900 -3014
1074 60 2.1 -5992 -3158
1088 60 2.1 -5952 -3152
1102 60 2.1 -5868 -3102
1116 60 2.1 -6072 -3200
1130 60 2.1 -6020 -3182
1145 60 2.1 -6156 -3248
1160 60 2.1 -5932 -3056
1174 60 2.1 -5856 -3014
1190 60 2.1 -5880 -3122
1205 60 2.1 -5900 -3084
1220 60 2.1 -5892 -3030
1236 60 2.1 -6048 -3056
1252 60 2.1 -5912 -2984
1268 60 2.1 -6068 -3110
1285 60 2.1 -6124 -3124
1301 60 2.1 -5812 -2984
1318 60 2.1 -5808 -2912
1335 60 2.1 -6048 -3038
1352 60 2.1 -6008 -3078
1370 60 2.1 -5988 -3134
1387 60 2.1 -5724 -3024
1405 60 2.1 -6224 -3214
1423 60 2.1 -6176 -3190
1442 60 2.1 -5856 -3034
1460 60 2.1 -6020 -3110
1479 60 2.1 -5928 -3116
1498 60 2.1 -6020 -3104
1517 60 2.1 -6088 -3194
1537 60 2.1 -5848 -3022
1557 60 2.1 -5896 -3112
1577 60 2.1 -5888 -2952
1597 60 2.1 -5808 -3018
1618 60 2.1 -6068 -3192
1639 60 2.1 -5944 -3128
1660 60 2.1 -5940 -3124
1681 60 2.1 -5816 -3042
1703 60 2.1 -6068 -3172
1725 60 2.1 -6108 -3198
1747 60 2.1 -5944 -3110
1770 60 2.1 -6012 -3148
1792 60 2.1 -5792 -2934
1816 60 2.1 -5968 -3120
1839 60 2.1 -5944 -3112
1863 60 2.1 -5800 -3014
1887 60 2.1 -5956 -3126
1911 60 2.1 -5908 -3060
1936 60 2.1 -6000 -3098
1961 60 2.1 -6084 -3194
1986 60 2.1 -6064 -3084
2012 60 2.1 -5984 -3134
2037 60 2.1 -6208 -3190
2064 60 2.1 -6032 -3164
2090 60 2.1 -6112 -3238
2117 60 2.1 -6088 -3172
2145 60 2.1 -5924 -3094
2172 60 2.1 -5876 -3034
2200 60 2.1 -5940 -3112
2229 60 2.1 -5896 -2988
2257 60 2.1 -5824 -3006
2286 60 2.1 -5900 -2984
2316 60 2.1 -5820 -3044
2346 60 2.1 -6032 -3096
2376 60 2.1 -5956 -3184
2407 60 2.1 -6064 -3232
2438 60 2.1 -5920 -3132
2469 60 2.1 -5812 -3044
2501 60 2.1 -6008 -3160
2533 60 2.1 -5908 -3154
2566 60 2.1 -6128 -3254
2599 60 2.1 -5548 -2856
2633 60 2.1 -6096 -3194
2667 60 2.1 -5796 -3100
2701 60 2.1 -6024 -3148
2736 60 2.1 -5828 -3056
2771 60 2.1 -6000 -3176
2807 60 2.1 -5980 -3160
2843 60 2.1 -5732 -2952
2880 60 2.1 -6176 -3272
2917 60 2.1 -5728 -3006
2954 60 2.1 -5908 -3060
2992 60 2.1 -5920 -3086
3031 60 2.1 -6000 -3184
3070 60 2.1 -5924 -3038
3110 60 2.1 -6064 -3168
3150 60 2.1 -5900 -3148
3190 60 2.1 -5876 -3130
3232 60 2.1 -5908 -3156
3273 60 2.1 -6028 -3212
3315 60 2.1 -6196 -3266
3358 60 2.1 -6068 -3156
3402 60 2.1 -5908 -3066
3445 60 2.1 -5820 -3020
3490 60 2.1 -5872 -3028
3535 60 2.1 -5808 -3062
3580 60 2.1 -6124 -3258
3627 60 2.1 -5920 -3096
3673 60 2.1 -5896 -3062
3721 60 2.1 -6076 -3138
3769 60 2.1 -6068 -3136
3817 60 2.1 -5836 -3058
3867 60 2.1 -6016 -3062
3916 60 2.1 -5936 -3156
3967 60 2.1 -5688 -3024
4018 60 2.1 -6176 -3252
4070 60 2.1 -6248 -3306
4122 60 2.1 -6016 -3156
4176 60 2.1 -5920 -3072
4229 60 2.1 -6052 -3110
4284 60 2.1 -5928 -3110
4339 60 2.1 -6096 -3158
4395 60 2.1 -5916 -3084
4452 60 2.1 -6168 -3260
4509 60 2.1 -5920 -3078
4567 60 2.1 -5940 -3108
4626 60 2.1 -6000 -3102
4686 60 2.1 -5760 -3024
4746 60 2.1 -5784 -2788
4808 60 2.1 -6056 -2988
4870 60 2.1 -5888 -3070
4932 60 2.1 -5812 -3064
4996 60 2.1 -6060 -3132
5060 60 2.1 -5992 -3170
5126 60 2.1 -6108 -3140
5192 60 2.1 -6080 -3216
5259 60 2.1 -5812 -3072
5327 60 2.1 -5912 -3028
5395 60 2.1 -6144 -3226
5465 60 2.1 -6076 -3170
5535 60 2.1 -6016 -3152
5607 60 2.1 -5944 -3146
5679 60 2.1 -6100 -3190
5752 60 2.1 -5980 -3162
5826 60 2.1 -6156 -3242
5902 60 2.1 -6040 -3170
5978 60 2.1 -5948 -3082
6055 60 2.1 -6048 -3106
6133 60 2.1 -5708 -3012
6212 60 2.1 -5964 -3164
6292 60 2.1 -6376 -3322
6373 60 2.1 -6096 -3196
6455 60 2.1 -5820 -3054
6539 60 2.1 -5780 -2914
6623 60 2.1 -6024 -3130
6708 60 2.1 -5872 -3114
6795 60 2.1 -6012 -3166
6883 60 2.1 -5772 -2948
6971 60 2.1 -6096 -3180
7061 60 2.1 -5920 -2956
7152 60 2.1 -5940 -3120
7245 60 2.1 -5952 -3092
7338 60 2.1 -6092 -3174
7433 60 2.1 -5904 -3084
7529 60 2.1 -6044 -3170
7626 60 2.1 -6132 -3206
7724 60 2.1 -5904 -3044
7824 60 2.1 -6084 -3174
7925 60 2.1 -5944 -3162
8027 60 2.1 -5804 -3058
8130 60 2.1 -5892 -3128
8235 60 2.1 -6032 -3098
8341 60 2.1 -5932 -3136
8449 60 2.1 -5840 -3096
8558 60 2.1 -5900 -3178
8668 60 2.1 -5868 -3004
8780 60 2.1 -5968 -3082
8893 60 2.1 -5972 -3130
9008 60 2.1 -5808 -3046
9124 60 2.1 -6068 -3166
9242 60 2.1 -5988 -3156
9361 60 2.1 -6012 -3062
9482 60 2.1 -6032 -3188
9604 60 2.1 -5892 -3072
9728 60 2.1 -5888 -2944
9853 60 2.1 -6000 -3158
9980 60 2.1 -6000 -3168
10109 60 2.1 -5860 -3098
10240 60 2.1 -5880 -3110
10372 60 2.1 -6044 -3150
10505 60 2.1 -5728 -2862
10641 60 2.1 -6220 -3262
10778 60 2.1 -6212 -3216
10917 60 2.1 -6028 -3166
11058 60 2.1 -5920 -3068
11201 60 2.1 -6056 -3208
11345 60 2.1 -5752 -3002
11491 60 2.1 -5988 -3124
11640 60 2.1 -6152 -3194
11790 60 2.1 -5988 -3084
11942 60 2.1 -6004 -3098
12096 60 2.1 -6116 -3188
12252 60 2.1 -5960 -3164
12410 60 2.1 -6200 -3274
12570 60 2.1 -5904 -3104
12732 60 2.1 -5860 -3040
12896 60 2.1 -5968 -3172
13062 60 2.1 -5960 -3134
13231 60 2.1 -5744 -3062
13402 60 2.1 -6060 -3198
13574 60 2.1 -6012 -3180
13750 60 2.1 -6008 -3192
13927 60 2.1 -6020 -3158
14106 60 2.1 -5900 -3096
14288 60 2.1 -5936 -3110
14473 60 2.1 -5800 -3058
14659 60 2.1 -5868 -3026
14848 60 2.1 -6152 -3264
15040 60 2.1 -6008 -3166
15234 60 2.1 -5900 -3110
15430 60 2.1 -5800 -2986
15629 60 2.1 -5868 -3126
15831 60 2.1 -6040 -3148
16035 60 2.1 -5828 -3110
16242 60 2.1 -6032 -3042
16451 60 2.1 -6272 -3282
16664 60 2.1 -5860 -3110
16879 60 2.1 -5936 -3088
17096 60 2.1 -6064 -3180
17317 60 2.1 -6004 -3128
17540 60 2.1 -5924 -3144
17766 60 2.1 -6256 -3270
17995 60 2.1 -5948 -3174
18228 60 2.1 -5984 -3154
18463 60 2.1 -5864 -3008
18701 60 2.1 -5972 -3072
18942 60 2.1 -5940 -3058
19186 60 2.1 -6020 -3204
19434 60 2.1 -5716 -2968
19684 60 2.1 -5928 -3142
19938 60 2.1 -5828 -3068
20195 60 2.1 -6144 -3112
20456 60 2.1 -5932 -3072
20720 60 2.1 -6116 -3176
20987 60 2.1 -5932 -3076
21258 60 2.1 -5988 -3170
21532 60 2.1 -5912 -3094
21810 60 2.1 -6096 -3170
22091 60 2.1 -5776 -2952
22376 60 2.1 -6008 -3138
22664 60 2.1 -6272 -3286
22957 60 2.1 -5976 -3154
23253 60 2.1 -5720 -3010
23553 60 2.1 -6012 -3124
23856 60 2.1 -5980 -3130
24164 60 2.1 -6160 -3198
24476 60 2.1 -6232 -3234
24791 60 2.1 -5964 -3098
25111 60 2.1 -5932 -3146
25435 60 2.1 -6140 -3212
25763 60 2.1 -5932 -3132
26095 60 2.1 -5920 -3052
26432 60 2.1 -6228 -3256
26773 60 2.1 -5832 -2966
27118 60 2.1 -5948 -2982
27468 60 2.1 -6080 -3178
27822 60 2.1 -5708 -2922
28181 60 2.1 -5988 -3160
28545 60 2.1 -5912 -3112
28913 60 2.1 -6016 -3186
29286 60 2.1 -5924 -2994
29663 60 2.1 -5804 -3052
30046 60 2.1 -6012 -3174
30434 60 2.1 -6052 -3160
30826 60 2.1 -6032 -3180
31224 60 2.1 -6052 -3218
31626 60 2.1 -6040 -3112
32034 60 2.1 -5904 -2948
32447 60 2.1 -6080 -3202
32866 60 2.1 -5920 -3130
33290 60 2.1 -5896 -3108
33719 60 2.1 -5956 -3118
34154 60 2.1 -5984 -3184
34595 60 2.1 -5932 -3032
35041 60 2.1 -5848 -3056
35493 60 2.1 -5696 -3042
35951 60 2.1 -5960 -3066
36414 60 2.1 -6200 -3234
36884 60 2.1 -6020 -3132
37360 60 2.1 -5980 -3164
37841 60 2.1 -6040 -3082
38330 60 2.1 -5740 -3082
38824 60 2.1 -6048 -3146
39325 60 2.1 -6136 -3210
39832 60 2.1 -5852 -3032
40346 60 2.1 -6008 -3132
40866 60 2.1 -6176 -3242
41393 60 2.1 -6024 -3204
41927 60 2.1 -5928 -3136
42468 60 2.1 -5860 -3048
43015 60 2.1 -5880 -3020
43570 60 2.1 -6088 -3198
44132 60 2.1 -5880 -3040
44701 60 2.1 -5972 -3166
45278 60 2.1 -5892 -3120
45862 60 2.1 -6000 -3026
46453 60 2.1 -5856 -3084
47053 60 2.1 -6012 -3152
47660 60 2.1 -6192 -3260
48274 60 2.1 -6100 -3216
48897 60 2.1 -5956 -3154
49528 60 2.1 -6128 -3194
50166 60 2.1 -6000 -2994
50813 60 2.1 -5944 -3144
51469 60 2.1 -5792 -2886
52133 60 2.1 -5940 -3092
52805 60 2.1 -6004 -3166
53486 60 2.1 -6020 -3174
54176 60 2.1 -6044 -3150
54875 60 2.1 -6080 -3174
55582 60 2.1 -6044 -3134
56299 60 2.1 -6008 -3156
57025 60 2.1 -5976 -3116
57761 60 2.1 -6064 -3192
58506 60 2.1 -6032 -3188
59261 60 2.1 -6020 -3166
60025 60 2.1 -5796 -2954
60799 60 2.1 -5880 -3058
61583 60 2.1 -6060 -3176
62378 60 2.1 -5892 -3046
63182 60 2.1 -5940 -3108
63997 60 2.1 -5920 -3152
64822 60 2.1 -5992 -3142
65658 60 2.1 -6032 -3168
66505 60 2.1 -5872 -3066
67363 60 2.1 -5864 -3078
68232 60 2.1 -5880 -3130
69112 60 2.1 -5928 -3146
70003 60 2.1 -5988 -3190
70906 60 2.1 -5916 -3096
71821 60 2.1 -5940 -3080
72747 60 2.1 -5912 -3140
73685 60 2.1 -6064 -3214
74636 60 2.1 -5936 -3066
75599 60 2.1 -5912 -3068
76574 60 2.1 -6088 -3192
77561 60 2.1 -5800 -3086
78562 60 2.1 -5940 -3018
79575 60 2.1 -6112 -3176
80601 60 2.1 -5808 -2984
81641 60 2.1 -6040 -3204
82694 60 2.1 -6160 -3176
83760 60 2.1 -5920 -3016
84841 60 2.1 -6036 -3162
85935 60 2.1 -6124 -3216
87043 60 2.1 -5976 -3160
88166 60 2.1 -6140 -3230
89303 60 2.1 -6000 -3144
90455 60 2.1 -5884 -3016
91622 60 2.1 -6020 -3132
92803 60 2.1 -5952 -3140
94000 60 2.1 -5652 -3052
95213 60 2.1 -5600 -2856
96441 60 2.1 -5984 -3210
97685 60 2.1 -6024 -3192
98945 60 2.1 -5848 -3118
100221 60 2.1 -6024 -3178
101513 60 2.1 -5916 -3050
102823 60 2.1 -5956 -3152
104149 60 2.1 -5960 -3104
105492 60 2.1 -6252 -3290
106853 60 2.1 -6176 -3244
108231 60 2.1 -5956 -3154
109627 60 2.1 -5956 -3094
111041 60 2.1 -5948 -3150
112473 60 2.1 -5932 -3132
113924 60 2.1 -5932 -3124
115393 60 2.1 -6004 -3124
116882 60 2.1 -6156 -3244
118389 60 2.1 -5952 -3148
119916 60 2.1 -5768 -3034
121463 60 2.1 -5796 -2996
123029 60 2.1 -6008 -3160
124616 60 2.1 -5840 -3058
126224 60 2.1 -6020 -3164
127852 60 2.1 -6012 -3122
129501 60 2.1 -6064 -3202
131171 60 2.1 -5916 -3096
132863 60 2.1 -5940 -3134
134576 60 2.1 -5924 -3164
136312 60 2.1 -6136 -3238
138070 60 2.1 -5896 -3086
139851 60 2.1 -5992 -3136
141655 60 2.1 -5924 -3040
143482 60 2.1 -6008 -3130
145333 60 2.1 -5908 -3022
147207 60 2.1 -6216 -3236
149106 60 2.1 -5852 -3088
151029 60 2.1 -5888 -3092
152977 60 2.1 -6016 -3200
154950 60 2.1 -5788 -3030
156948 60 2.1 -6040 -3178
158973 60 2.1 -5860 -3080
161023 60 2.1 -6232 -3240
163100 60 2.1 -5920 -3100
165204 60 2.1 -6060 -3114
167334 60 2.1 -6076 -3158
169493 60 2.1 -6164 -3240
171679 60 2.1 -5916 -3068
173893 60 2.1 -5916 -3090
176136 60 2.1 -6096 -3190
178408 60 2.1 -5964 -3142
180709 60 2.1 -6052 -3062
183040 60 2.1 -5840 -3090
185400 60 2.1 -5984 -3148
187792 60 2.1 -5920 -3082
190214 60 2.1 -6060 -3188
192667 60 2.1 -6000 -3124
195152 60 2.1 -5996 -3116
197669 60 2.1 -5872 -3086
200219 60 2.1 -6132 -3224
202801 60 2.1 -5864 -2980
205417 60 2.1 -5928 -3104
208066 60 2.1 -5848 -2982
210750 60 2.1 -5816 -3004
213468 60 2.1 -6068 -3162
216222 60 2.1 -5904 -3068
219010 60 2.1 -6148 -3188
221835 60 2.1 -6252 -3286
224696 60 2.1 -6120 -3146
227595 60 2.1 -5952 -3110
230530 60 2.1 -5764 -3044
233503 60 2.1 -5964 -3150
236515 60 2.1 -5944 -3088
239566 60 2.1 -6164 -3236
242656 60 2.1 -6156 -3194
245785 60 2.1 -5992 -3140
248956 60 2.1 -5956 -2990
252167 60 2.1 -6192 -3278
255419 60 2.1 -5968 -3118
258713 60 2.1 -5808 -3010
262050 60 2.1 -6040 -3170
265430 60 2.1 -5852 -3040
268854 60 2.1 -6160 -3212
272321 60 2.1 -5800 -3056
275834 60 2.1 -5920 -3088
279391 60 2.1 -6032 -3140
282995 60 2.1 -5952 -3202
286645 60 2.1 -6252 -3256
290342 60 2.1 -5724 -2964
294087 60 2.1 -5876 -3106
297880 60 2.1 -6100 -3180
301722 60 2.1 -5980 -3096
305614 60 2.1 -5924 -3150
309556 60 2.1 -6132 -3232
313548 60 2.1 -6160 -3230
317592 60 2.1 -6068 -3224
321689 60 2.1 -6104 -3134
325838 60 2.1 -5912 -3152
330040 60 2.1 -6200 -3242
334297 60 2.1 -5636 -2928
338609 60 2.1 -6128 -3118
342976 60 2.1 -5992 -3136
347400 60 2.1 -5856 -3042
351881 60 2.1 -5988 -3136
356419 60 2.1 -5916 -3122
361016 60 2.1 -6128 -3206
365673 60 2.1 -6008 -3188
370389 60 2.1 -6080 -3182
375167 60 2.1 -6028 -3100
380005 60 2.1 -6160 -3214
384907 60 2.1 -5984 -3140
389871 60 2.1 -6108 -3222
394900 60 2.1 -6056 -3100
399993 60 2.1 -6044 -3122
405152 60 2.1 -6240 -3240
410378 60 2.1 -5880 -3130
415671 60 2.1 -5972 -3184
421032 60 2.1 -5952 -3134
426463 60 2.1 -5908 -3114
431963 60 2.1 -6012 -3036
437535 60 2.1 -6208 -3256
443178 60 2.1 -6088 -3160
448894 60 2.1 -5644 -2932
454684 60 2.1 -6112 -3146
460548 60 2.1 -5860 -3092
466489 60 2.1 -5980 -3094
472505 60 2.1 -6136 -3202
478600 60 2.1 -5892 -3100
484773 60 2.1 -6096 -3182
491025 60 2.1 -6196 -3256
497358 60 2.1 -6076 -3194
503773 60 2.1 -6012 -3116
510271 60 2.1 -5928 -3080
516852 60 2.1 -5792 -3038
523519 60 2.1 -6096 -3232
530271 60 2.1 -6204 -3250
537111 60 2.1 -5648 -2820
544038 60 2.1 -6004 -3020
551055 60 2.1 -6024 -3154
558163 60 2.1 -6228 -3270
565362 60 2.1 -6004 -3134
572654 60 2.1 -6152 -3254
580040 60 2.1 -5964 -3156
587521 60 2.1 -6060 -3162
595099 60 2.1 -5852 -3028
602775 60 2.1 -5972 -3138
610549 60 2.1 -5960 -3130
618424 60 2.1 -5912 -3102
626400 60 2.1 -5884 -3024
634480 60 2.1 -6028 -3160
642663 60 2.1 -5936 -3136
650952 60 2.1 -5820 -3082
659348 60 2.1 -6184 -3236
667853 60 2.1 -6160 -3246
676467 60 2.1 -5840 -3032
685192 60 2.1 -5932 -3086
694029 60 2.1 -5760 -2942
702981 60 2.1 -5860 -3078
712048 60 2.1 -6024 -3108
721232 60 2.1 -5912 -3062
730534 60 2.1 -5932 -3120
739957 60 2.1 -6244 -3298
749500 60 2.1 -5932 -3084
759168 60 2.1 -6056 -3198
768959 60 2.1 -6104 -3180
778877 60 2.1 -6076 -3210
788923 60 2.1 -5796 -3080
799099 60 2.1 -6072 -3130
809405 60 2.1 -5960 -3128
819845 60 2.1 -6144 -3240
830419 60 2.1 -5840 -2612
841130 60 2.1 -5972 -3134
851979 60 2.1 -5604 -2924
862968 60 2.1 -6124 -3222
874098 60 2.1 -6056 -3206
885373 60 2.1 -5988 -3136
896792 60 2.1 -6036 -3168
908359 60 2.1 -5892 -3138
920075 60 2.1 -6156 -3212
931942 60 2.1 -6092 -3224
943962 60 2.1 -5904 -3118
956137 60 2.1 -5992 -3046
968470 60 2.1 -5752 -2942
980961 60 2.1 -5924 -3146
993613 60 2.1 -5936 -3120
999999 60 2.1 -6048 -3168
