3 20 2.4 -340 2
4 20 2.4 -336 32
5 20 2.4 -352 30
6 20 2.4 -344 24
7 20 2.4 -396 10
8 20 2.4 -420 14
9 20 2.4 -460 14
10 20 2.4 -468 4
11 20 2.4 -456 42
12 20 2.4 -420 48
13 20 2.4 -440 88
14 20 2.4 -408 90
15 20 2.4 -400 114
16 20 2.4 -396 94
17 20 2.4 -428 62
18 20 2.4 -468 84
19 20 2.4 -476 94
20 20 2.4 -480 80
21 20 2.4 -424 80
22 20 2.4 -452 60
23 20 2.4 -468 10
24 20 2.4 -456 -14
25 20 2.4 -448 -12
26 20 2.4 -440 4
27 20 2.4 -444 14
28 20 2.4 -404 24
29 20 2.4 -460 42
30 20 2.4 -480 82
31 20 2.4 -456 120
32 20 2.4 -460 106
33 20 2.4 -488 116
34 20 2.4 -476 104
35 20 2.4 -444 92
36 20 2.4 -476 126
37 20 2.4 -496 170
38 20 2.4 -488 152
39 20 2.4 -472 152
40 20 2.4 -488 172
41 20 2.4 -452 210
42 20 2.4 -472 192
43 20 2.4 -468 196
44 20 2.4 -464 202
45 20 2.4 -480 244
46 20 2.4 -404 186
47 20 2.4 -444 204
48 20 2.4 -424 160
49 20 2.4 -456 166
50 20 2.4 -500 190
51 20 2.4 -452 152
52 20 2.4 -448 176
53 20 2.4 -440 160
54 20 2.4 -436 120
55 20 2.4 -456 132
56 20 2.4 -452 148
57 20 2.4 -492 162
58 20 2.4 -480 136
59 20 2.4 -520 132
60 20 2.4 -452 158
61 20 2.4 -424 174
62 20 2.4 -440 196
63 20 2.4 -416 160
64 20 2.4 -488 190
65 20 2.4 -484 170
66 20 2.4 -516 184
67 20 2.4 -500 190
68 20 2.4 -456 170
69 20 2.4 -512 176
70 20 2.4 -468 198
71 20 2.4 -452 164
72 20 2.4 -464 180
73 20 2.4 -476 214
74 20 2.4 -492 208
75 20 2.4 -516 236
76 20 2.4 -500 226
77 20 2.4 -476 210
78 20 2.4 -480 228
79 20 2.4 -464 198
80 20 2.4 -464 174
81 20 2.4 -456 174
82 20 2.4 -480 176
83 20 2.4 -456 184
84 20 2.4 -508 148
85 20 2.4 -504 144
86 20 2.4 -504 94
88 20 2.4 -488 52
89 20 2.4 -480 40
90 20 2.4 -476 74
91 20 2.4 -412 56
92 20 2.4 -376 40
93 20 2.4 -432 6
95 20 2.4 -412 6
96 20 2.4 -408 -18
97 20 2.4 -456 -48
98 20 2.4 -432 -22
99 20 2.4 -432 -16
101 20 2.4 -380 -58
102 20 2.4 -400 -74
103 20 2.4 -416 -48
105 20 2.4 -448 -102
106 20 2.4 -456 -134
107 20 2.4 -464 -166
109 20 2.4 -428 -160
110 20 2.4 -464 -150
112 20 2.4 -432 -148
113 20 2.4 -428 -120
114 20 2.4 -448 -118
116 20 2.4 -448 -134
117 20 2.4 -472 -138
119 20 2.4 -480 -176
120 20 2.4 -488 -176
122 20 2.4 -540 -178
124 20 2.4 -540 -172
125 20 2.4 -532 -178
127 20 2.4 -524 -214
128 20 2.4 -508 -218
130 20 2.4 -472 -204
132 20 2.4 -472 -214
133 20 2.4 -516 -226
135 20 2.4 -528 -270
137 20 2.4 -552 -286
139 20 2.4 -532 -278
140 20 2.4 -552 -290
142 20 2.4 -588 -306
144 20 2.4 -556 -286
146 20 2.4 -596 -310
148 20 2.4 -528 -276
150 20 2.4 -460 -232
152 20 2.4 -400 -200
154 20 2.4 -344 -166
155 20 2.4 -396 -198
157 20 2.4 -484 -222
160 20 2.4 -528 -246
162 20 2.4 -536 -250
164 20 2.4 -484 -214
166 20 2.4 -512 -202
168 20 2.4 -504 -198
170 20 2.4 -492 -242
172 20 2.4 -480 -212
174 20 2.4 -476 -208
177 20 2.4 -528 -190
179 20 2.4 -464 -186
181 20 2.4 -492 -188
184 20 2.4 -500 -168
186 20 2.4 -416 -190
188 20 2.4 -460 -188
191 20 2.4 -524 -206
193 20 2.4 -496 -184
196 20 2.4 -512 -240
198 20 2.4 -512 -232
201 20 2.4 -540 -248
203 20 2.4 -548 -250
206 20 2.4 -544 -276
209 20 2.4 -580 -302
211 20 2.4 -544 -280
214 20 2.4 -612 -300
217 20 2.4 -520 -262
220 20 2.4 -552 -290
222 20 2.4 -536 -282
225 20 2.4 -560 -264
228 20 2.4 -528 -230
231 20 2.4 -492 -238
234 20 2.4 -496 -262
237 20 2.4 -528 -272
240 20 2.4 -564 -284
243 20 2.4 -524 -246
246 20 2.4 -508 -274
250 20 2.4 -588 -304
253 20 2.4 -556 -302
256 20 2.4 -596 -328
259 20 2.4 -504 -252
263 20 2.4 -480 -252
266 20 2.4 -556 -276
269 20 2.4 -620 -298
273 20 2.4 -488 -234
276 20 2.4 -492 -222
280 20 2.4 -544 -224
284 20 2.4 -532 -300
287 20 2.4 -520 -286
291 20 2.4 -544 -284
295 20 2.4 -528 -276
298 20 2.4 -484 -238
302 20 2.4 -544 -282
306 20 2.4 -576 -280
310 20 2.4 -516 -296
314 20 2.4 -536 -276
318 20 2.4 -564 -312
322 20 2.4 -660 -352
326 20 2.4 -596 -336
331 20 2.4 -552 -296
335 20 2.4 -484 -256
339 20 2.4 -492 -216
344 20 2.4 -504 -236
348 20 2.4 -516 -226
352 20 2.4 -528 -260
357 20 2.4 -488 -256
362 20 2.4 -532 -302
366 20 2.4 -536 -302
371 20 2.4 -600 -336
376 20 2.4 -564 -316
381 20 2.4 -520 -298
385 20 2.4 -584 -290
390 20 2.4 -504 -240
395 20 2.4 -504 -244
401 20 2.4 -648 -288
406 20 2.4 -496 -266
411 20 2.4 -492 -266
416 20 2.4 -508 -266
422 20 2.4 -520 -274
427 20 2.4 -512 -280
433 20 2.4 -504 -198
438 20 2.4 -436 -224
444 20 2.4 -436 -176
449 20 2.4 -376 -80
455 20 2.4 -412 -74
461 20 2.4 -420 -126
467 20 2.4 -420 -110
473 20 2.4 -480 -126
479 20 2.4 -488 -62
485 20 2.4 -500 -112
492 20 2.4 -468 -94
498 20 2.4 -424 -142
504 20 2.4 -460 -118
511 20 2.4 -524 -188
517 20 2.4 -496 -194
524 20 2.4 -504 -158
531 20 2.4 -424 -32
538 20 2.4 -484 52
545 20 2.4 -420 88
552 20 2.4 -444 72
559 20 2.4 -400 88
566 20 2.4 -452 74
573 20 2.4 -480 90
581 20 2.4 -504 90
588 20 2.4 -440 28
596 20 2.4 -464 -4
603 20 2.4 -408 -46
611 20 2.4 -496 -220
619 20 2.4 -488 -216
627 20 2.4 -544 -282
635 20 2.4 -524 -224
643 20 2.4 -540 -228
652 20 2.4 -432 -156
660 20 2.4 -492 -216
668 20 2.4 -468 -150
677 20 2.4 -504 -178
686 20 2.4 -504 -38
695 20 2.4 -472 -80
704 20 2.4 -536 -152
713 20 2.4 -464 -232
722 20 2.4 -436 -140
731 20 2.4 -500 -182
741 20 2.4 -428 -96
750 20 2.4 -432 -40
760 20 2.4 -408 -138
770 20 2.4 -460 -142
780 20 2.4 -440 -184
790 20 2.4 -404 -208
800 20 2.4 -568 -260
810 20 2.4 -524 -276
821 20 2.4 -636 -324
831 20 2.4 -584 -310
842 20 2.4 -468 -236
853 20 2.4 -516 -284
864 20 2.4 -504 -254
875 20 2.4 -432 -102
886 20 2.4 -508 -162
897 20 2.4 -472 -156
909 20 2.4 -508 -242
921 20 2.4 -584 -312
933 20 2.4 -456 -238
945 20 2.4 -540 -272
957 20 2.4 -480 -200
969 20 2.4 -496 -150
982 20 2.4 -488 -154
994 20 2.4 -564 -278
1007 20 2.4 -476 -274
1020 20 2.4 -524 -298
1033 20 2.4 -488 -210
1047 20 2.4 -472 -178
1060 20 2.4 -512 -188
1074 20 2.4 -480 -266
1088 20 2.4 -588 -314
1102 20 2.4 -536 -300
1116 20 2.4 -608 -312
1130 20 2.4 -536 -290
1145 20 2.4 -612 -310
1160 20 2.4 -572 -310
1174 20 2.4 -504 -262
1190 20 2.4 -500 -158
1205 20 2.4 -432 -94
1220 20 2.4 -508 -74
1236 20 2.4 -412 -164
1252 20 2.4 -432 -14
1268 20 2.4 -400 -114
1285 20 2.4 -516 -198
1301 20 2.4 -468 -56
1318 20 2.4 -480 -120
1335 20 2.4 -416 -56
1352 20 2.4 -420 -158
1370 20 2.4 -416 -98
1387 20 2.4 -520 -208
1405 20 2.4 -472 -210
1423 20 2.4 -472 -216
1442 20 2.4 -548 -240
1460 20 2.4 -524 -294
1479 20 2.4 -452 -230
1498 20 2.4 -512 -190
1517 20 2.4 -376 -132
1537 20 2.4 -444 -188
1557 20 2.4 -456 -208
1577 20 2.4 -488 -184
1597 20 2.4 -492 -180
1618 20 2.4 -488 -204
1639 20 2.4 -608 -292
1660 20 2.4 -508 -286
1681 20 2.4 -624 -314
1703 20 2.4 -536 -286
1725 20 2.4 -496 -234
1747 20 2.4 -592 -314
1770 20 2.4 -616 -338
1792 20 2.4 -464 -194
1816 20 2.4 -484 -246
1839 20 2.4 -584 -316
1863 20 2.4 -572 -260
1887 20 2.4 -568 -306
1911 20 2.4 -512 -234
1936 20 2.4 -508 -30
1961 20 2.4 -476 -122
1986 20 2.4 -512 -86
2012 20 2.4 -492 84
2037 20 2.4 -520 218
2064 20 2.4 -476 220
2090 20 2.4 -620 340
2117 20 2.4 -500 202
2145 20 2.4 -492 122
2172 20 2.4 -520 152
2200 20 2.4 -432 172
2229 20 2.4 -572 298
2257 20 2.4 -492 272
2286 20 2.4 -464 58
2316 20 2.4 -440 156
2346 20 2.4 -520 -138
2376 20 2.4 -476 -174
2407 20 2.4 -508 -234
2438 20 2.4 -460 -228
2469 20 2.4 -600 -336
2501 20 2.4 -560 -288
2533 20 2.4 -520 -220
2566 20 2.4 -576 -294
2599 20 2.4 -568 -310
2633 20 2.4 -456 -180
2667 20 2.4 -412 -138
2701 20 2.4 -436 -10
2736 20 2.4 -460 156
2771 20 2.4 -548 220
2807 20 2.4 -488 188
2843 20 2.4 -500 -132
2880 20 2.4 -544 -278
2917 20 2.4 -652 -354
2954 20 2.4 -488 -264
2992 20 2.4 -544 -256
3031 20 2.4 -516 -282
3070 20 2.4 -536 -238
3110 20 2.4 -580 -304
3150 20 2.4 -432 -102
3190 20 2.4 -484 -144
3232 20 2.4 -660 -356
3273 20 2.4 -588 -320
3315 20 2.4 -500 -222
3358 20 2.4 -564 -280
3402 20 2.4 -500 -236
3445 20 2.4 -480 -228
3490 20 2.4 -468 -150
3535 20 2.4 -488 -158
3580 20 2.4 -388 -76
3627 20 2.4 -432 50
3673 20 2.4 -508 -116
3721 20 2.4 -408 -14
3769 20 2.4 -496 -192
3817 20 2.4 -432 -152
3867 20 2.4 -496 52
3916 20 2.4 -448 172
3967 20 2.4 -504 280
4018 20 2.4 -460 208
4070 20 2.4 -488 28
4122 20 2.4 -480 -96
4176 20 2.4 -492 24
4229 20 2.4 -508 52
4284 20 2.4 -376 46
4339 20 2.4 -440 132
4395 20 2.4 -476 28
4452 20 2.4 -572 246
4509 20 2.4 -536 244
4567 20 2.4 -460 134
4626 20 2.4 -568 282
4686 20 2.4 -592 330
4746 20 2.4 -512 234
4808 20 2.4 -472 188
4870 20 2.4 -528 264
4932 20 2.4 -484 68
4996 20 2.4 -516 200
5060 20 2.4 -524 298
5126 20 2.4 -432 164
5192 20 2.4 -496 -2
5259 20 2.4 -520 202
5327 20 2.4 -448 78
5395 20 2.4 -432 22
5465 20 2.4 -616 294
5535 20 2.4 -528 296
5607 20 2.4 -528 254
5679 20 2.4 -512 202
5752 20 2.4 -488 262
5826 20 2.4 -492 136
5902 20 2.4 -464 146
5978 20 2.4 -576 298
6055 20 2.4 -508 250
6133 20 2.4 -500 216
6212 20 2.4 -508 236
6292 20 2.4 -484 248
6373 20 2.4 -592 320
6455 20 2.4 -564 280
6539 20 2.4 -464 152
6623 20 2.4 -520 52
6708 20 2.4 -476 -26
6795 20 2.4 -512 -256
6883 20 2.4 -496 -278
6971 20 2.4 -520 -292
7061 20 2.4 -532 -168
7152 20 2.4 -560 -244
7245 20 2.4 -560 -304
7338 20 2.4 -516 186
7433 20 2.4 -472 136
7529 20 2.4 -536 292
7626 20 2.4 -468 68
7724 20 2.4 -412 78
7824 20 2.4 -456 118
7925 20 2.4 -532 204
8027 20 2.4 -480 134
8130 20 2.4 -472 44
8235 20 2.4 -560 -286
8341 20 2.4 -564 -326
8449 20 2.4 -448 -94
8558 20 2.4 -548 -38
8668 20 2.4 -596 302
8780 20 2.4 -576 234
8893 20 2.4 -444 106
9008 20 2.4 -444 104
9124 20 2.4 -596 320
9242 20 2.4 -408 194
9361 20 2.4 -444 130
9482 20 2.4 -504 64
9604 20 2.4 -528 230
9728 20 2.4 -508 144
9853 20 2.4 -404 -34
9980 20 2.4 -560 314
10109 20 2.4 -492 250
10240 20 2.4 -484 122
10372 20 2.4 -508 -20
10505 20 2.4 -504 98
10641 20 2.4 -500 10
10778 20 2.4 -592 314
10917 20 2.4 -528 176
11058 20 2.4 -384 72
11201 20 2.4 -508 188
11345 20 2.4 -508 234
11491 20 2.4 -584 318
11640 20 2.4 -512 270
11790 20 2.4 -576 324
11942 20 2.4 -496 168
12096 20 2.4 -452 162
12252 20 2.4 -484 116
12410 20 2.4 -480 -18
12570 20 2.4 -460 -140
12732 20 2.4 -476 -62
12896 20 2.4 -604 278
13062 20 2.4 -624 -326
13231 20 2.4 -448 50
13402 20 2.4 -520 -44
13574 20 2.4 -428 34
13750 20 2.4 -468 198
13927 20 2.4 -532 208
14106 20 2.4 -492 -208
14288 20 2.4 -544 -274
14473 20 2.4 -488 -232
14659 20 2.4 -424 -82
14848 20 2.4 -436 -88
15040 20 2.4 -428 174
15234 20 2.4 -448 -76
15430 20 2.4 -528 12
15629 20 2.4 -528 228
15831 20 2.4 -452 172
16035 20 2.4 -456 -192
16242 20 2.4 -456 -90
16451 20 2.4 -448 -112
16664 20 2.4 -532 300
16879 20 2.4 -472 8
17096 20 2.4 -528 286
17317 20 2.4 -452 66
17540 20 2.4 -472 -90
17766 20 2.4 -432 -166
17995 20 2.4 -600 -326
18228 20 2.4 -424 -200
18463 20 2.4 -520 -252
18701 20 2.4 -468 -194
18942 20 2.4 -448 -172
19186 20 2.4 -564 -298
19434 20 2.4 -452 -18
19684 20 2.4 -584 -316
19938 20 2.4 -548 -198
20195 20 2.4 -580 -294
20456 20 2.4 -500 -158
20720 20 2.4 -416 -162
20987 20 2.4 -504 200
21258 20 2.4 -516 208
21532 20 2.4 -484 104
21810 20 2.4 -560 -286
22091 20 2.4 -520 -258
22376 20 2.4 -500 96
22664 20 2.4 -492 194
22957 20 2.4 -436 98
23253 20 2.4 -532 258
23553 20 2.4 -556 296
23856 20 2.4 -460 124
24164 20 2.4 -544 -248
24476 20 2.4 -392 -176
24791 20 2.4 -416 -80
25111 20 2.4 -512 224
25435 20 2.4 -400 -110
25763 20 2.4 -528 -266
26095 20 2.4 -444 -10
26432 20 2.4 -516 -180
26773 20 2.4 -440 -20
27118 20 2.4 -508 -234
27468 20 2.4 -444 -100
27822 20 2.4 -560 -290
28181 20 2.4 -440 92
28545 20 2.4 -496 198
28913 20 2.4 -424 -48
29286 20 2.4 -532 -284
29663 20 2.4 -624 338
30046 20 2.4 -640 334
30434 20 2.4 -528 -272
30826 20 2.4 -556 -278
31224 20 2.4 -520 -212
31626 20 2.4 -512 -216
32034 20 2.4 -608 322
32447 20 2.4 -556 -228
32866 20 2.4 -468 54
33290 20 2.4 -464 96
33719 20 2.4 -448 192
34154 20 2.4 -528 -282
34595 20 2.4 -520 -198
35041 20 2.4 -448 206
35493 20 2.4 -544 284
35951 20 2.4 -512 -20
36414 20 2.4 -472 -250
36884 20 2.4 -452 -26
37360 20 2.4 -432 126
37841 20 2.4 -392 154
38330 20 2.4 -452 -98
38824 20 2.4 -592 322
39325 20 2.4 -580 326
39832 20 2.4 -412 -128
40346 20 2.4 -484 -202
40866 20 2.4 -516 250
41393 20 2.4 -504 -252
41927 20 2.4 -440 -170
42468 20 2.4 -460 98
43015 20 2.4 -428 -28
43570 20 2.4 -544 -270
44132 20 2.4 -600 -324
44701 20 2.4 -492 -194
45278 20 2.4 -412 20
45862 20 2.4 -512 -252
46453 20 2.4 -484 -248
47053 20 2.4 -460 -182
47660 20 2.4 -488 6
48274 20 2.4 -448 -14
48897 20 2.4 -548 -258
49528 20 2.4 -468 -132
50166 20 2.4 -424 -144
50813 20 2.4 -352 58
51469 20 2.4 -592 256
52133 20 2.4 -472 -148
52805 20 2.4 -492 192
53486 20 2.4 -380 -58
54176 20 2.4 -552 166
54875 20 2.4 -604 -330
55582 20 2.4 -456 180
56299 20 2.4 -448 -26
57025 20 2.4 -496 -250
57761 20 2.4 -512 -252
58506 20 2.4 -460 -148
59261 20 2.4 -456 -164
60025 20 2.4 -532 -248
60799 20 2.4 -580 202
61583 20 2.4 -452 162
62378 20 2.4 -456 6
63182 20 2.4 -576 -276
63997 20 2.4 -452 -132
64822 20 2.4 -516 -218
65658 20 2.4 -596 -330
66505 20 2.4 -604 290
67363 20 2.4 -428 -2
68232 20 2.4 -464 -142
69112 20 2.4 -448 -118
70003 20 2.4 -472 -240
70906 20 2.4 -520 186
71821 20 2.4 -524 -242
72747 20 2.4 -480 -166
73685 20 2.4 -452 218
74636 20 2.4 -452 -146
75599 20 2.4 -484 168
76574 20 2.4 -476 192
77561 20 2.4 -508 190
78562 20 2.4 -508 -248
79575 20 2.4 -368 54
80601 20 2.4 -444 -52
81641 20 2.4 -496 -254
82694 20 2.4 -544 242
83760 20 2.4 -444 154
84841 20 2.4 -456 62
85935 20 2.4 -572 292
87043 20 2.4 -552 290
88166 20 2.4 -484 278
89303 20 2.4 -500 244
90455 20 2.4 -580 316
91622 20 2.4 -476 -20
92803 20 2.4 -572 -316
94000 20 2.4 -428 -92
95213 20 2.4 -460 -90
96441 20 2.4 -576 282
97685 20 2.4 -460 162
98945 20 2.4 -528 224
100221 20 2.4 -432 -128
101513 20 2.4 -460 192
102823 20 2.4 -552 -278
104149 20 2.4 -364 -112
105492 20 2.4 -556 -276
106853 20 2.4 -560 -258
108231 20 2.4 -552 -276
109627 20 2.4 -532 130
111041 20 2.4 -504 -146
112473 20 2.4 -472 84
113924 20 2.4 -452 -198
115393 20 2.4 -624 -336
116882 20 2.4 -484 -148
118389 20 2.4 -472 -252
119916 20 2.4 -500 -94
121463 20 2.4 -420 -80
123029 20 2.4 -460 148
124616 20 2.4 -504 -208
126224 20 2.4 -596 -292
127852 20 2.4 -472 -102
129501 20 2.4 -480 -134
131171 20 2.4 -384 136
132863 20 2.4 -556 232
134576 20 2.4 -364 30
136312 20 2.4 -524 288
138070 20 2.4 -544 -268
139851 20 2.4 -476 -10
141655 20 2.4 -488 254
143482 20 2.4 -520 282
145333 20 2.4 -540 -270
147207 20 2.4 -516 94
149106 20 2.4 -484 -136
151029 20 2.4 -548 -272
152977 20 2.4 -504 -282
154950 20 2.4 -604 -324
156948 20 2.4 -592 -310
158973 20 2.4 -500 234
161023 20 2.4 -392 -62
163100 20 2.4 -440 46
165204 20 2.4 -552 -278
167334 20 2.4 -516 -250
169493 20 2.4 -544 226
171679 20 2.4 -416 -44
173893 20 2.4 -556 228
176136 20 2.4 -504 258
178408 20 2.4 -416 -48
180709 20 2.4 -476 194
183040 20 2.4 -564 -254
185400 20 2.4 -448 -114
187792 20 2.4 -460 -28
190214 20 2.4 -572 -284
192667 20 2.4 -608 330
195152 20 2.4 -420 58
197669 20 2.4 -652 344
200219 20 2.4 -560 284
202801 20 2.4 -388 40
205417 20 2.4 -496 190
208066 20 2.4 -416 -86
210750 20 2.4 -372 106
213468 20 2.4 -540 -290
216222 20 2.4 -428 -16
219010 20 2.4 -464 70
221835 20 2.4 -472 154
224696 20 2.4 -600 338
227595 20 2.4 -468 -160
230530 20 2.4 -576 226
233503 20 2.4 -412 -62
236515 20 2.4 -516 282
239566 20 2.4 -544 -158
242656 20 2.4 -480 -264
245785 20 2.4 -584 -292
248956 20 2.4 -524 -150
252167 20 2.4 -568 288
255419 20 2.4 -464 160
258713 20 2.4 -492 -26
262050 20 2.4 -484 -140
265430 20 2.4 -496 -282
268854 20 2.4 -396 86
272321 20 2.4 -452 -38
275834 20 2.4 -444 -124
279391 20 2.4 -460 -216
282995 20 2.4 -488 -66
286645 20 2.4 -488 208
290342 20 2.4 -584 300
294087 20 2.4 -480 62
297880 20 2.4 -448 -172
301722 20 2.4 -420 24
305614 20 2.4 -480 262
309556 20 2.4 -616 -334
313548 20 2.4 -448 36
317592 20 2.4 -524 -204
321689 20 2.4 -424 108
325838 20 2.4 -444 52
330040 20 2.4 -408 -22
334297 20 2.4 -536 -186
338609 20 2.4 -520 -34
342976 20 2.4 -456 -194
347400 20 2.4 -516 262
351881 20 2.4 -496 224
356419 20 2.4 -460 160
361016 20 2.4 -612 316
365673 20 2.4 -464 -26
370389 20 2.4 -556 -286
375167 20 2.4 -576 298
380005 20 2.4 -404 -170
384907 20 2.4 -492 -70
389871 20 2.4 -548 -240
394900 20 2.4 -560 -290
399993 20 2.4 -424 -126
405152 20 2.4 -452 74
410378 20 2.4 -424 178
415671 20 2.4 -652 346
421032 20 2.4 -492 270
426463 20 2.4 -428 -90
431963 20 2.4 -516 -278
437535 20 2.4 -404 -40
443178 20 2.4 -396 -94
448894 20 2.4 -484 212
454684 20 2.4 -504 -212
460548 20 2.4 -496 144
466489 20 2.4 -572 290
472505 20 2.4 -576 282
478600 20 2.4 -548 -250
484773 20 2.4 -488 170
491025 20 2.4 -412 -114
497358 20 2.4 -512 -240
503773 20 2.4 -452 -92
510271 20 2.4 -452 -150
516852 20 2.4 -548 -180
523519 20 2.4 -472 98
530271 20 2.4 -416 68
537111 20 2.4 -444 66
544038 20 2.4 -464 190
551055 20 2.4 -432 140
558163 20 2.4 -424 154
565362 20 2.4 -564 298
572654 20 2.4 -528 -100
580040 20 2.4 -556 -220
587521 20 2.4 -576 286
595099 20 2.4 -452 -148
602775 20 2.4 -488 130
610549 20 2.4 -608 -324
618424 20 2.4 -440 -112
626400 20 2.4 -480 266
634480 20 2.4 -416 22
642663 20 2.4 -532 264
650952 20 2.4 -484 86
659348 20 2.4 -400 -160
667853 20 2.4 -520 -222
676467 20 2.4 -448 -180
685192 20 2.4 -460 -192
694029 20 2.4 -500 36
702981 20 2.4 -548 -294
712048 20 2.4 -584 304
721232 20 2.4 -448 -214
730534 20 2.4 -472 -226
739957 20 2.4 -600 310
749500 20 2.4 -392 -16
759168 20 2.4 -464 -112
768959 20 2.4 -472 -234
778877 20 2.4 -568 298
788923 20 2.4 -476 60
799099 20 2.4 -504 258
809405 20 2.4 -452 112
819845 20 2.4 -508 -282
830419 20 2.4 -424 64
841130 20 2.4 -464 32
851979 20 2.4 -512 222
862968 20 2.4 -492 216
874098 20 2.4 -460 178
885373 20 2.4 -468 230
896792 20 2.4 -592 -304
908359 20 2.4 -496 282
920075 20 2.4 -496 -238
931942 20 2.4 -548 170
943962 20 2.4 -516 218
956137 20 2.4 -448 102
968470 20 2.4 -528 224
980961 20 2.4 -552 308
993613 20 2.4 -584 332
999999 20 2.4 -592 -328
