3 60 2.1 -3616 224
4 60 2.1 -3924 292
5 60 2.1 -4008 272
6 60 2.1 -4096 256
7 60 2.1 -4440 168
8 60 2.1 -4404 28
9 60 2.1 -4428 18
10 60 2.1 -4612 74
11 60 2.1 -4560 94
12 60 2.1 -4576 38
13 60 2.1 -4720 -68
14 60 2.1 -4736 -134
15 60 2.1 -4784 -228
16 60 2.1 -4756 -238
17 60 2.1 -4788 -274
18 60 2.1 -4780 -288
19 60 2.1 -4892 -216
20 60 2.1 -4968 -234
21 60 2.1 -5068 -294
22 60 2.1 -5060 -298
23 60 2.1 -5076 -234
24 60 2.1 -5036 -194
25 60 2.1 -5092 -232
26 60 2.1 -5008 -288
27 60 2.1 -5036 -280
28 60 2.1 -5028 -292
29 60 2.1 -5148 -332
30 60 2.1 -5112 -344
31 60 2.1 -5232 -302
32 60 2.1 -5188 -290
33 60 2.1 -5092 -386
34 60 2.1 -5140 -376
35 60 2.1 -5216 -390
36 60 2.1 -5168 -404
37 60 2.1 -5124 -448
38 60 2.1 -4964 -418
39 60 2.1 -5064 -396
40 60 2.1 -5192 -456
41 60 2.1 -5196 -538
42 60 2.1 -5192 -518
43 60 2.1 -4972 -428
44 60 2.1 -5172 -488
45 60 2.1 -5252 -506
46 60 2.1 -5264 -508
47 60 2.1 -5352 -480
48 60 2.1 -5360 -494
49 60 2.1 -5284 -518
50 60 2.1 -5248 -472
51 60 2.1 -5260 -450
52 60 2.1 -5068 -468
53 60 2.1 -5120 -462
54 60 2.1 -5152 -356
55 60 2.1 -5276 -338
56 60 2.1 -5352 -368
57 60 2.1 -5356 -348
58 60 2.1 -5312 -402
59 60 2.1 -5204 -338
60 60 2.1 -5156 -304
61 60 2.1 -5188 -246
62 60 2.1 -5204 -250
63 60 2.1 -5260 -264
64 60 2.1 -5164 -322
65 60 2.1 -5100 -450
66 60 2.1 -5144 -538
67 60 2.1 -5108 -540
68 60 2.1 -5052 -578
69 60 2.1 -5172 -570
70 60 2.1 -5112 -624
71 60 2.1 -5116 -676
72 60 2.1 -5104 -762
73 60 2.1 -5156 -734
74 60 2.1 -5108 -692
75 60 2.1 -5184 -690
76 60 2.1 -5176 -636
77 60 2.1 -5104 -710
78 60 2.1 -5124 -760
79 60 2.1 -5036 -712
80 60 2.1 -5156 -720
81 60 2.1 -4976 -694
82 60 2.1 -5076 -742
83 60 2.1 -5028 -824
84 60 2.1 -5332 -904
85 60 2.1 -5164 -814
86 60 2.1 -5108 -794
88 60 2.1 -5240 -802
89 60 2.1 -5228 -832
90 60 2.1 -5132 -804
91 60 2.1 -5228 -810
92 60 2.1 -5156 -830
93 60 2.1 -5200 -812
95 60 2.1 -5244 -810
96 60 2.1 -5276 -832
97 60 2.1 -5376 -698
98 60 2.1 -5276 -642
99 60 2.1 -5184 -616
101 60 2.1 -5252 -492
102 60 2.1 -5248 -460
103 60 2.1 -5396 -496
105 60 2.1 -5492 -514
106 60 2.1 -5468 -506
107 60 2.1 -5416 -526
109 60 2.1 -5296 -480
110 60 2.1 -5276 -550
112 60 2.1 -5384 -662
113 60 2.1 -5220 -578
114 60 2.1 -5312 -576
116 60 2.1 -5428 -698
117 60 2.1 -5468 -604
119 60 2.1 -5472 -616
120 60 2.1 -5492 -690
122 60 2.1 -5360 -562
124 60 2.1 -5244 -508
125 60 2.1 -5300 -484
127 60 2.1 -5412 -646
128 60 2.1 -5536 -704
130 60 2.1 -5488 -722
132 60 2.1 -5460 -660
133 60 2.1 -5304 -558
135 60 2.1 -5168 -478
137 60 2.1 -5400 -624
139 60 2.1 -5400 -618
140 60 2.1 -5372 -638
142 60 2.1 -5232 -742
144 60 2.1 -5436 -834
146 60 2.1 -5472 -888
148 60 2.1 -5508 -964
150 60 2.1 -5444 -968
152 60 2.1 -5524 -998
154 60 2.1 -5404 -1004
155 60 2.1 -5412 -1066
157 60 2.1 -5528 -1078
160 60 2.1 -5500 -1066
162 60 2.1 -5380 -1016
164 60 2.1 -5424 -1208
166 60 2.1 -5572 -1130
168 60 2.1 -5548 -1114
170 60 2.1 -5564 -1076
172 60 2.1 -5588 -1056
174 60 2.1 -5616 -1140
177 60 2.1 -5556 -1168
179 60 2.1 -5636 -1186
181 60 2.1 -5600 -1234
184 60 2.1 -5740 -1390
186 60 2.1 -5712 -1300
188 60 2.1 -5552 -1316
191 60 2.1 -5452 -1236
193 60 2.1 -5492 -1226
196 60 2.1 -5508 -1232
198 60 2.1 -5528 -1278
201 60 2.1 -5484 -1396
203 60 2.1 -5520 -1458
206 60 2.1 -5484 -1438
209 60 2.1 -5688 -1506
211 60 2.1 -5584 -1562
214 60 2.1 -5784 -1652
217 60 2.1 -5896 -1594
220 60 2.1 -5712 -1668
222 60 2.1 -5656 -1620
225 60 2.1 -5728 -1674
228 60 2.1 -5668 -1626
231 60 2.1 -5536 -1570
234 60 2.1 -5668 -1590
237 60 2.1 -5656 -1628
240 60 2.1 -5512 -1554
243 60 2.1 -5636 -1524
246 60 2.1 -5624 -1568
250 60 2.1 -5796 -1674
253 60 2.1 -5528 -1600
256 60 2.1 -5620 -1634
259 60 2.1 -5768 -1692
263 60 2.1 -5676 -1684
266 60 2.1 -5852 -1716
269 60 2.1 -5872 -1730
273 60 2.1 -5604 -1738
276 60 2.1 -5476 -1690
280 60 2.1 -5484 -1686
284 60 2.1 -5468 -1636
287 60 2.1 -5428 -1688
291 60 2.1 -5524 -1628
295 60 2.1 -5408 -1742
298 60 2.1 -5592 -1844
302 60 2.1 -5676 -1830
306 60 2.1 -5564 -1736
310 60 2.1 -5604 -1842
314 60 2.1 -5524 -1778
318 60 2.1 -5628 -1834
322 60 2.1 -5540 -1852
326 60 2.1 -5484 -1894
331 60 2.1 -5592 -1976
335 60 2.1 -5628 -2052
339 60 2.1 -5768 -2092
344 60 2.1 -5524 -2140
348 60 2.1 -5768 -2158
352 60 2.1 -5768 -2262
357 60 2.1 -5648 -2230
362 60 2.1 -5744 -2240
366 60 2.1 -5728 -2186
371 60 2.1 -5724 -2270
376 60 2.1 -5716 -2222
381 60 2.1 -5548 -2090
385 60 2.1 -5600 -2028
390 60 2.1 -5388 -2000
395 60 2.1 -5412 -1964
401 60 2.1 -5720 -2116
406 60 2.1 -5704 -2080
411 60 2.1 -5544 -2124
416 60 2.1 -5608 -2106
422 60 2.1 -5700 -2032
427 60 2.1 -5748 -2238
433 60 2.1 -5708 -2292
438 60 2.1 -5940 -2244
444 60 2.1 -5604 -2096
449 60 2.1 -5596 -2160
455 60 2.1 -5596 -2248
461 60 2.1 -5368 -2174
467 60 2.1 -5752 -2286
473 60 2.1 -5772 -2370
479 60 2.1 -5672 -2504
485 60 2.1 -5640 -2370
492 60 2.1 -5892 -2440
498 60 2.1 -5636 -2416
504 60 2.1 -5796 -2464
511 60 2.1 -5880 -2492
517 60 2.1 -5820 -2580
524 60 2.1 -5856 -2648
531 60 2.1 -5812 -2764
538 60 2.1 -5768 -2794
545 60 2.1 -5572 -2644
552 60 2.1 -5692 -2676
559 60 2.1 -5708 -2838
566 60 2.1 -5756 -2792
573 60 2.1 -5784 -2866
581 60 2.1 -5804 -2772
588 60 2.1 -5828 -2782
596 60 2.1 -5756 -2754
603 60 2.1 -5900 -2708
611 60 2.1 -5492 -2604
619 60 2.1 -5676 -2720
627 60 2.1 -5708 -2670
635 60 2.1 -5680 -2618
643 60 2.1 -5612 -2684
652 60 2.1 -5784 -2886
660 60 2.1 -5664 -2794
668 60 2.1 -5744 -2830
677 60 2.1 -5732 -2834
686 60 2.1 -5992 -2944
695 60 2.1 -5816 -2910
704 60 2.1 -5784 -2972
713 60 2.1 -5900 -2968
722 60 2.1 -5916 -3006
731 60 2.1 -5920 -3066
741 60 2.1 -5896 -3010
750 60 2.1 -5872 -2936
760 60 2.1 -6028 -2916
770 60 2.1 -5784 -2942
780 60 2.1 -6028 -3060
790 60 2.1 -5864 -3072
800 60 2.1 -6196 -3228
810 60 2.1 -5920 -3128
821 60 2.1 -5924 -3086
831 60 2.1 -6044 -3158
842 60 2.1 -6228 -3292
853 60 2.1 -6116 -3246
864 60 2.1 -6108 -3204
875 60 2.1 -5952 -3148
886 60 2.1 -5960 -3166
897 60 2.1 -6172 -3240
909 60 2.1 -5856 -3118
921 60 2.1 -6068 -3220
933 60 2.1 -6096 -3244
945 60 2.1 -6044 -3168
957 60 2.1 -5868 -3118
969 60 2.1 -6108 -3174
982 60 2.1 -5980 -3100
994 60 2.1 -6016 -3130
1007 60 2.1 -5640 -2888
1020 60 2.1 -5684 -2832
1033 60 2.1 -5868 -3000
1047 60 2.1 -6052 -3088
1060 60 2.1 -6144 -3198
1074 60 2.1 -6148 -3204
1088 60 2.1 -5828 -3030
1102 60 2.1 -6004 -3208
1116 60 2.1 -5956 -3152
1130 60 2.1 -6076 -3200
1145 60 2.1 -5944 -3156
1160 60 2.1 -6000 -3178
1174 60 2.1 -6148 -3236
1190 60 2.1 -5956 -3144
1205 60 2.1 -6144 -3214
1220 60 2.1 -6228 -3284
1236 60 2.1 -5972 -3132
1252 60 2.1 -5944 -3112
1268 60 2.1 -5880 -3128
1285 60 2.1 -5796 -3052
1301 60 2.1 -5756 -3042
1318 60 2.1 -6120 -3178
1335 60 2.1 -6016 -3150
1352 60 2.1 -5976 -3104
1370 60 2.1 -6108 -3194
1387 60 2.1 -5952 -3114
1405 60 2.1 -6008 -3150
1423 60 2.1 -5880 -3050
1442 60 2.1 -5784 -3060
1460 60 2.1 -6148 -3164
1479 60 2.1 -5888 -3092
1498 60 2.1 -6076 -3132
1517 60 2.1 -6040 -3188
1537 60 2.1 -6108 -3236
1557 60 2.1 -5940 -3098
1577 60 2.1 -6120 -3192
1597 60 2.1 -6148 -3192
1618 60 2.1 -5916 -3034
1639 60 2.1 -6172 -3194
1660 60 2.1 -5932 -3180
1681 60 2.1 -6108 -3186
1703 60 2.1 -6012 -3168
1725 60 2.1 -5880 -3118
1747 60 2.1 -5976 -3136
1770 60 2.1 -6028 -3198
1792 60 2.1 -5844 -3104
1816 60 2.1 -6148 -3236
1839 60 2.1 -6136 -3216
1863 60 2.1 -5996 -3158
1887 60 2.1 -6120 -3224
1911 60 2.1 -5976 -3122
1936 60 2.1 -6092 -3210
1961 60 2.1 -5956 -3158
1986 60 2.1 -5948 -3162
2012 60 2.1 -6056 -3196
2037 60 2.1 -5932 -3086
2064 60 2.1 -5864 -3126
2090 60 2.1 -5892 -3090
2117 60 2.1 -5964 -3078
2145 60 2.1 -5816 -3010
2172 60 2.1 -6176 -3224
2200 60 2.1 -5892 -3072
2229 60 2.1 -6072 -3236
2257 60 2.1 -5980 -3140
2286 60 2.1 -5992 -3130
2316 60 2.1 -5944 -3090
2346 60 2.1 -6084 -3212
2376 60 2.1 -5992 -3150
2407 60 2.1 -5692 -2892
2438 60 2.1 -6232 -3226
2469 60 2.1 -6008 -3182
2501 60 2.1 -5984 -3142
2533 60 2.1 -5976 -3156
2566 60 2.1 -5644 -2930
2599 60 2.1 -6156 -3232
2633 60 2.1 -5888 -3088
2667 60 2.1 -5912 -3108
2701 60 2.1 -6188 -3224
2736 60 2.1 -6080 -3192
2771 60 2.1 -5940 -3174
2807 60 2.1 -6124 -3202
2843 60 2.1 -6036 -3204
2880 60 2.1 -5716 -3006
2917 60 2.1 -6116 -3172
2954 60 2.1 -6004 -3118
2992 60 2.1 -5996 -3078
3031 60 2.1 -5912 -3146
3070 60 2.1 -5924 -3110
3110 60 2.1 -6096 -3194
3150 60 2.1 -6116 -3250
3190 60 2.1 -6236 -3280
3232 60 2.1 -6048 -3158
3273 60 2.1 -5912 -3056
3315 60 2.1 -5812 -3092
3358 60 2.1 -6036 -3148
3402 60 2.1 -5820 -3000
3445 60 2.1 -6048 -3162
3490 60 2.1 -6036 -3116
3535 60 2.1 -5852 -2906
3580 60 2.1 -6016 -3160
3627 60 2.1 -5648 -2942
3673 60 2.1 -6068 -3216
3721 60 2.1 -5980 -3032
3769 60 2.1 -5852 -2912
3817 60 2.1 -6032 -3110
3867 60 2.1 -5804 -3076
3916 60 2.1 -6032 -3178
3967 60 2.1 -6088 -3220
4018 60 2.1 -5876 -3038
4070 60 2.1 -5836 -3000
4122 60 2.1 -6080 -3132
4176 60 2.1 -6112 -3168
4229 60 2.1 -6032 -3210
4284 60 2.1 -5976 -3152
4339 60 2.1 -5996 -3162
4395 60 2.1 -6036 -3206
4452 60 2.1 -6008 -3178
4509 60 2.1 -5716 -2872
4567 60 2.1 -5956 -3104
4626 60 2.1 -6064 -3130
4686 60 2.1 -6056 -3152
4746 60 2.1 -5880 -3154
4808 60 2.1 -5872 -3036
4870 60 2.1 -6052 -3126
4932 60 2.1 -5836 -3066
4996 60 2.1 -5816 -3078
5060 60 2.1 -6008 -3168
5126 60 2.1 -5948 -3144
5192 60 2.1 -5900 -3036
5259 60 2.1 -6200 -3202
5327 60 2.1 -6112 -3162
5395 60 2.1 -6320 -3316
5465 60 2.1 -5980 -3148
5535 60 2.1 -5920 -3122
5607 60 2.1 -5892 -3028
5679 60 2.1 -6112 -3148
5752 60 2.1 -5924 -3120
5826 60 2.1 -6096 -3214
5902 60 2.1 -6160 -3130
5978 60 2.1 -5852 -3152
6055 60 2.1 -5988 -3180
6133 60 2.1 -5920 -3062
6212 60 2.1 -6108 -3182
6292 60 2.1 -5932 -3144
6373 60 2.1 -5940 -3186
6455 60 2.1 -6012 -3116
6539 60 2.1 -5916 -3162
6623 60 2.1 -5932 -3016
6708 60 2.1 -5900 -2980
6795 60 2.1 -6080 -3202
6883 60 2.1 -5984 -3158
6971 60 2.1 -5860 -2986
7061 60 2.1 -5628 -2938
7152 60 2.1 -6056 -3176
7245 60 2.1 -5904 -3088
7338 60 2.1 -6048 -3178
7433 60 2.1 -5872 -3096
7529 60 2.1 -5772 -2998
7626 60 2.1 -5976 -3036
7724 60 2.1 -5816 -3072
7824 60 2.1 -5984 -3148
7925 60 2.1 -6112 -3154
8027 60 2.1 -5980 -3096
8130 60 2.1 -5920 -3090
8235 60 2.1 -5816 -3082
8341 60 2.1 -6056 -3186
8449 60 2.1 -6148 -3234
8558 60 2.1 -5932 -3124
8668 60 2.1 -5908 -3002
8780 60 2.1 -5924 -3134
8893 60 2.1 -5928 -3102
9008 60 2.1 -6080 -3228
9124 60 2.1 -6088 -3250
9242 60 2.1 -5836 -3116
9361 60 2.1 -5984 -3156
9482 60 2.1 -5764 -2968
9604 60 2.1 -5948 -3152
9728 60 2.1 -6004 -3152
9853 60 2.1 -5992 -3114
9980 60 2.1 -5988 -3084
10109 60 2.1 -5856 -3136
10240 60 2.1 -6084 -3192
10372 60 2.1 -6128 -3208
10505 60 2.1 -5968 -3108
10641 60 2.1 -5952 -2976
10778 60 2.1 -6084 -3202
10917 60 2.1 -5788 -3048
11058 60 2.1 -6152 -3166
11201 60 2.1 -6088 -3186
11345 60 2.1 -5908 -3098
11491 60 2.1 -5932 -3082
11640 60 2.1 -5952 -3098
11790 60 2.1 -6108 -3250
11942 60 2.1 -5812 -3000
12096 60 2.1 -5840 -3080
12252 60 2.1 -5892 -3124
12410 60 2.1 -5976 -3068
12570 60 2.1 -6040 -3180
12732 60 2.1 -6180 -3236
12896 60 2.1 -5972 -3178
13062 60 2.1 -5912 -3142
13231 60 2.1 -5864 -3062
13402 60 2.1 -6120 -3178
13574 60 2.1 -5924 -3130
13750 60 2.1 -6032 -3152
13927 60 2.1 -6160 -3252
14106 60 2.1 -5996 -3106
14288 60 2.1 -6036 -3168
14473 60 2.1 -6056 -3210
14659 60 2.1 -6068 -3168
14848 60 2.1 -5916 -3104
15040 60 2.1 -5976 -3166
15234 60 2.1 -5796 -3062
15430 60 2.1 -5984 -3146
15629 60 2.1 -6156 -3272
15831 60 2.1 -6136 -3166
16035 60 2.1 -5932 -3160
16242 60 2.1 -5864 -3060
16451 60 2.1 -6048 -3178
16664 60 2.1 -5864 -3056
16879 60 2.1 -6092 -3192
17096 60 2.1 -6064 -3180
17317 60 2.1 -5688 -3030
17540 60 2.1 -5952 -3142
17766 60 2.1 -5884 -3148
17995 60 2.1 -5904 -3160
18228 60 2.1 -6132 -3252
18463 60 2.1 -5780 -2958
18701 60 2.1 -6204 -3260
18942 60 2.1 -6100 -3184
19186 60 2.1 -5840 -3104
19434 60 2.1 -5824 -2972
19684 60 2.1 -5912 -3158
19938 60 2.1 -5940 -3048
20195 60 2.1 -5844 -3064
20456 60 2.1 -6080 -3200
20720 60 2.1 -6016 -3134
20987 60 2.1 -6028 -3194
21258 60 2.1 -6132 -3224
21532 60 2.1 -6088 -3222
21810 60 2.1 -5892 -3012
22091 60 2.1 -5868 -3146
22376 60 2.1 -6092 -3244
22664 60 2.1 -5928 -3140
22957 60 2.1 -6064 -3224
23253 60 2.1 -5752 -3018
23553 60 2.1 -6096 -3216
23856 60 2.1 -5840 -3062
24164 60 2.1 -5848 -3052
24476 60 2.1 -6100 -3212
24791 60 2.1 -5948 -3074
25111 60 2.1 -6128 -3236
25435 60 2.1 -6280 -3292
25763 60 2.1 -5944 -3064
26095 60 2.1 -6080 -3182
26432 60 2.1 -6112 -3184
26773 60 2.1 -5708 -3010
27118 60 2.1 -5804 -3036
27468 60 2.1 -5940 -3142
27822 60 2.1 -5980 -3168
28181 60 2.1 -5860 -3008
28545 60 2.1 -5848 -3100
28913 60 2.1 -6048 -3096
29286 60 2.1 -6112 -3188
29663 60 2.1 -5820 -2946
30046 60 2.1 -5768 -3030
30434 60 2.1 -5996 -3094
30826 60 2.1 -6148 -3206
31224 60 2.1 -5976 -3162
31626 60 2.1 -6032 -3152
32034 60 2.1 -6024 -3162
32447 60 2.1 -5840 -3096
32866 60 2.1 -6104 -3132
33290 60 2.1 -5924 -3014
33719 60 2.1 -5952 -3100
34154 60 2.1 -6056 -3122
34595 60 2.1 -5828 -3130
35041 60 2.1 -5960 -3060
35493 60 2.1 -6132 -3208
35951 60 2.1 -6144 -3224
36414 60 2.1 -6028 -3074
36884 60 2.1 -5908 -2962
37360 60 2.1 -6000 -3180
37841 60 2.1 -6136 -3196
38330 60 2.1 -5904 -3124
38824 60 2.1 -5748 -2990
39325 60 2.1 -6136 -3226
39832 60 2.1 -5984 -3102
40346 60 2.1 -5948 -3146
40866 60 2.1 -6036 -3134
41393 60 2.1 -6056 -3156
41927 60 2.1 -5904 -3056
42468 60 2.1 -6100 -3246
43015 60 2.1 -5892 -3140
43570 60 2.1 -6164 -3228
44132 60 2.1 -6028 -3202
44701 60 2.1 -6064 -3174
45278 60 2.1 -5944 -3076
45862 60 2.1 -5968 -3200
46453 60 2.1 -6072 -3222
47053 60 2.1 -5764 -3012
47660 60 2.1 -5920 -3044
48274 60 2.1 -6064 -3198
48897 60 2.1 -6028 -3102
49528 60 2.1 -5856 -3036
50166 60 2.1 -5876 -3024
50813 60 2.1 -5920 -2994
51469 60 2.1 -6088 -3188
52133 60 2.1 -6076 -3204
52805 60 2.1 -6044 -3140
53486 60 2.1 -6032 -3160
54176 60 2.1 -6092 -3074
54875 60 2.1 -5920 -3024
55582 60 2.1 -6056 -3122
56299 60 2.1 -6004 -3130
57025 60 2.1 -6152 -3238
57761 60 2.1 -5956 -3130
58506 60 2.1 -6172 -3220
59261 60 2.1 -6284 -3296
60025 60 2.1 -5772 -3042
60799 60 2.1 -6268 -3300
61583 60 2.1 -6008 -3168
62378 60 2.1 -6192 -3276
63182 60 2.1 -5964 -3086
63997 60 2.1 -5912 -3134
64822 60 2.1 -5884 -3070
65658 60 2.1 -6008 -3118
66505 60 2.1 -5904 -2976
67363 60 2.1 -5916 -2904
68232 60 2.1 -5972 -3120
69112 60 2.1 -5928 -3116
70003 60 2.1 -5968 -3118
70906 60 2.1 -5728 -3074
71821 60 2.1 -6092 -3144
72747 60 2.1 -6100 -3172
73685 60 2.1 -5852 -3068
74636 60 2.1 -5900 -3108
75599 60 2.1 -5840 -3068
76574 60 2.1 -5992 -3076
77561 60 2.1 -5864 -3146
78562 60 2.1 -5892 -3094
79575 60 2.1 -6008 -3138
80601 60 2.1 -5996 -3172
81641 60 2.1 -6248 -3284
82694 60 2.1 -5976 -3044
83760 60 2.1 -6116 -3202
84841 60 2.1 -5724 -3016
85935 60 2.1 -5972 -3136
87043 60 2.1 -6304 -3300
88166 60 2.1 -6188 -3160
89303 60 2.1 -5980 -3152
90455 60 2.1 -5864 -2984
91622 60 2.1 -6004 -3160
92803 60 2.1 -6028 -3182
94000 60 2.1 -5840 -3004
95213 60 2.1 -5640 -2984
96441 60 2.1 -5800 -3012
97685 60 2.1 -5952 -3162
98945 60 2.1 -6176 -3250
100221 60 2.1 -5976 -3056
101513 60 2.1 -5852 -3022
102823 60 2.1 -6080 -3180
104149 60 2.1 -5856 -3044
105492 60 2.1 -5976 -3130
106853 60 2.1 -6080 -3204
108231 60 2.1 -6128 -3234
109627 60 2.1 -5940 -3152
111041 60 2.1 -5804 -3112
112473 60 2.1 -6080 -3188
113924 60 2.1 -6024 -3146
115393 60 2.1 -5952 -3008
116882 60 2.1 -5876 -2980
118389 60 2.1 -5980 -3152
119916 60 2.1 -5696 -2954
121463 60 2.1 -5988 -3158
123029 60 2.1 -5844 -3108
124616 60 2.1 -6196 -3262
126224 60 2.1 -6016 -3142
127852 60 2.1 -5880 -3048
129501 60 2.1 -6076 -3216
131171 60 2.1 -6148 -3244
132863 60 2.1 -5904 -3140
134576 60 2.1 -5744 -3012
136312 60 2.1 -6060 -3140
138070 60 2.1 -5896 -3054
139851 60 2.1 -5956 -3120
141655 60 2.1 -6016 -3030
143482 60 2.1 -6220 -3276
145333 60 2.1 -6088 -3102
147207 60 2.1 -6024 -3170
149106 60 2.1 -6008 -3182
151029 60 2.1 -6040 -3178
152977 60 2.1 -5996 -3146
154950 60 2.1 -5952 -3178
156948 60 2.1 -6224 -3222
158973 60 2.1 -5844 -3070
161023 60 2.1 -6112 -3196
163100 60 2.1 -5824 -2924
165204 60 2.1 -6160 -3144
167334 60 2.1 -6052 -3220
169493 60 2.1 -6320 -3298
171679 60 2.1 -5936 -3094
173893 60 2.1 -6244 -3272
176136 60 2.1 -5868 -3104
178408 60 2.1 -5920 -3022
180709 60 2.1 -5924 -3114
183040 60 2.1 -5916 -3132
185400 60 2.1 -6016 -3082
187792 60 2.1 -5984 -3078
190214 60 2.1 -6188 -3266
192667 60 2.1 -5828 -3066
195152 60 2.1 -6000 -3124
197669 60 2.1 -6012 -3168
200219 60 2.1 -5860 -3060
202801 60 2.1 -5988 -3094
205417 60 2.1 -5780 -3052
208066 60 2.1 -6008 -3178
210750 60 2.1 -6116 -3214
213468 60 2.1 -6136 -3214
216222 60 2.1 -6120 -3216
219010 60 2.1 -6112 -3196
221835 60 2.1 -6080 -3200
224696 60 2.1 -6004 -3172
227595 60 2.1 -6036 -3190
230530 60 2.1 -6092 -3182
233503 60 2.1 -5900 -2912
236515 60 2.1 -6028 -3174
239566 60 2.1 -6008 -3174
242656 60 2.1 -5976 -3072
245785 60 2.1 -5988 -3098
248956 60 2.1 -6164 -3222
252167 60 2.1 -6064 -3130
255419 60 2.1 -6172 -3254
258713 60 2.1 -5812 -3092
262050 60 2.1 -5912 -3080
265430 60 2.1 -6012 -3088
268854 60 2.1 -6064 -3178
272321 60 2.1 -6096 -3218
275834 60 2.1 -6148 -3218
279391 60 2.1 -6120 -3166
282995 60 2.1 -5988 -3144
286645 60 2.1 -5924 -3150
290342 60 2.1 -6080 -3208
294087 60 2.1 -6056 -3138
297880 60 2.1 -6048 -3216
301722 60 2.1 -6128 -3110
305614 60 2.1 -6156 -3234
309556 60 2.1 -6000 -3090
313548 60 2.1 -6120 -3174
317592 60 2.1 -5728 -3032
321689 60 2.1 -5912 -3070
325838 60 2.1 -5764 -3056
330040 60 2.1 -5856 -3078
334297 60 2.1 -6196 -3266
338609 60 2.1 -5984 -3168
342976 60 2.1 -5684 -2898
347400 60 2.1 -5904 -3034
351881 60 2.1 -5880 -3032
356419 60 2.1 -5996 -3176
361016 60 2.1 -5844 -3024
365673 60 2.1 -5972 -3102
370389 60 2.1 -5740 -2940
375167 60 2.1 -6048 -3098
380005 60 2.1 -5988 -3158
384907 60 2.1 -5676 -2952
389871 60 2.1 -5988 -3136
394900 60 2.1 -6164 -3238
399993 60 2.1 -5988 -3144
405152 60 2.1 -6212 -3276
410378 60 2.1 -6092 -3168
415671 60 2.1 -6096 -3172
421032 60 2.1 -5996 -3128
426463 60 2.1 -5996 -3126
431963 60 2.1 -6160 -3262
437535 60 2.1 -5920 -3122
443178 60 2.1 -6004 -3140
448894 60 2.1 -6040 -3200
454684 60 2.1 -6072 -3196
460548 60 2.1 -6128 -3220
466489 60 2.1 -5924 -3126
472505 60 2.1 -6052 -3164
478600 60 2.1 -5916 -3082
484773 60 2.1 -5972 -3176
491025 60 2.1 -5956 -3142
497358 60 2.1 -6000 -3202
503773 60 2.1 -5924 -3082
510271 60 2.1 -5824 -2978
516852 60 2.1 -6136 -3238
523519 60 2.1 -5988 -3160
530271 60 2.1 -6040 -3220
537111 60 2.1 -5936 -3120
544038 60 2.1 -6236 -3270
551055 60 2.1 -6064 -3156
558163 60 2.1 -6056 -3146
565362 60 2.1 -6160 -3274
572654 60 2.1 -5776 -2948
580040 60 2.1 -5892 -3022
587521 60 2.1 -6092 -3226
595099 60 2.1 -6100 -3168
602775 60 2.1 -5924 -3126
610549 60 2.1 -5968 -3130
618424 60 2.1 -5904 -3146
626400 60 2.1 -6256 -3262
634480 60 2.1 -5884 -3032
642663 60 2.1 -6088 -3202
650952 60 2.1 -5972 -3128
659348 60 2.1 -6204 -3260
667853 60 2.1 -5764 -2962
676467 60 2.1 -5976 -3072
685192 60 2.1 -6292 -3282
694029 60 2.1 -5940 -3168
702981 60 2.1 -5952 -3110
712048 60 2.1 -6248 -3250
721232 60 2.1 -5952 -3084
730534 60 2.1 -5724 -2990
739957 60 2.1 -6144 -3240
749500 60 2.1 -6096 -3206
759168 60 2.1 -5952 -3120
768959 60 2.1 -5920 -3128
778877 60 2.1 -5980 -3146
788923 60 2.1 -6108 -3200
799099 60 2.1 -5848 -3050
809405 60 2.1 -5976 -3068
819845 60 2.1 -5840 -2990
830419 60 2.1 -6056 -3170
841130 60 2.1 -6156 -3246
851979 60 2.1 -6132 -3254
862968 60 2.1 -5988 -3196
874098 60 2.1 -5964 -2920
885373 60 2.1 -6204 -3278
896792 60 2.1 -6044 -3206
908359 60 2.1 -6008 -3168
920075 60 2.1 -6060 -3198
931942 60 2.1 -6024 -3164
943962 60 2.1 -6056 -3150
956137 60 2.1 -5856 -3062
968470 60 2.1 -6080 -3224
980961 60 2.1 -5984 -3062
993613 60 2.1 -6244 -3240
999999 60 2.1 -6072 -3154
