3 100 2.1 -10152 216
4 100 2.1 -10776 292
5 100 2.1 -11392 248
6 100 2.1 -11888 266
7 100 2.1 -12108 228
8 100 2.1 -12172 268
9 100 2.1 -12204 320
10 100 2.1 -12568 334
11 100 2.1 -12668 488
12 100 2.1 -12668 426
13 100 2.1 -12836 600
14 100 2.1 -12992 680
15 100 2.1 -13128 746
16 100 2.1 -13480 818
17 100 2.1 -13444 938
18 100 2.1 -13404 1062
19 100 2.1 -13536 1030
20 100 2.1 -13672 1210
21 100 2.1 -13348 1180
22 100 2.1 -13296 1210
23 100 2.1 -13336 1198
24 100 2.1 -13584 1160
25 100 2.1 -13652 1280
26 100 2.1 -13700 1328
27 100 2.1 -13848 1238
28 100 2.1 -13824 1296
29 100 2.1 -13660 1440
30 100 2.1 -13780 1354
31 100 2.1 -13776 1322
32 100 2.1 -13984 1416
33 100 2.1 -13916 1408
34 100 2.1 -13960 1230
35 100 2.1 -14044 1394
36 100 2.1 -13984 1398
37 100 2.1 -14068 1498
38 100 2.1 -14060 1516
39 100 2.1 -14280 1448
40 100 2.1 -14388 1498
41 100 2.1 -14548 1496
42 100 2.1 -14388 1530
43 100 2.1 -14292 1594
44 100 2.1 -14136 1656
45 100 2.1 -14144 1682
46 100 2.1 -14380 1752
47 100 2.1 -14116 1666
48 100 2.1 -14292 1638
49 100 2.1 -14272 1652
50 100 2.1 -14332 1582
51 100 2.1 -14204 1552
52 100 2.1 -14344 1396
53 100 2.1 -14472 1318
54 100 2.1 -14668 1412
55 100 2.1 -14644 1462
56 100 2.1 -14672 1474
57 100 2.1 -14696 1494
58 100 2.1 -14672 1440
59 100 2.1 -14804 1510
60 100 2.1 -14572 1568
61 100 2.1 -14568 1408
62 100 2.1 -14424 1432
63 100 2.1 -14492 1356
64 100 2.1 -14572 1396
65 100 2.1 -14512 1448
66 100 2.1 -14808 1472
67 100 2.1 -14768 1392
68 100 2.1 -14828 1512
69 100 2.1 -14696 1552
70 100 2.1 -14800 1642
71 100 2.1 -14748 1690
72 100 2.1 -14852 1678
73 100 2.1 -14772 1624
74 100 2.1 -14968 1566
75 100 2.1 -14828 1490
76 100 2.1 -14680 1528
77 100 2.1 -14592 1540
78 100 2.1 -14528 1490
79 100 2.1 -14368 1452
80 100 2.1 -14424 1444
81 100 2.1 -14520 1410
82 100 2.1 -14480 1352
83 100 2.1 -14508 1514
84 100 2.1 -14356 1284
85 100 2.1 -14528 1274
86 100 2.1 -14380 1190
88 100 2.1 -14556 1270
89 100 2.1 -14440 1202
90 100 2.1 -14620 1176
91 100 2.1 -14652 1230
92 100 2.1 -14644 1346
93 100 2.1 -14656 1358
95 100 2.1 -14632 1356
96 100 2.1 -14620 1186
97 100 2.1 -14652 1152
98 100 2.1 -14492 1330
99 100 2.1 -14408 1332
101 100 2.1 -14568 1300
102 100 2.1 -14480 1204
103 100 2.1 -14316 1224
105 100 2.1 -14420 1180
106 100 2.1 -14492 1148
107 100 2.1 -14700 1140
109 100 2.1 -14888 1206
110 100 2.1 -14816 1228
112 100 2.1 -14960 1234
113 100 2.1 -14652 1248
114 100 2.1 -14772 1118
116 100 2.1 -14892 1068
117 100 2.1 -14716 1002
119 100 2.1 -14656 892
120 100 2.1 -14652 862
122 100 2.1 -14960 852
124 100 2.1 -14888 990
125 100 2.1 -14800 968
127 100 2.1 -14560 860
128 100 2.1 -14832 776
130 100 2.1 -14784 618
132 100 2.1 -14752 606
133 100 2.1 -14896 594
135 100 2.1 -14896 660
137 100 2.1 -15084 626
139 100 2.1 -15220 560
140 100 2.1 -15016 538
142 100 2.1 -14996 632
144 100 2.1 -15140 584
146 100 2.1 -14880 598
148 100 2.1 -14860 732
150 100 2.1 -14928 648
152 100 2.1 -15288 710
154 100 2.1 -14696 804
155 100 2.1 -14708 850
157 100 2.1 -14948 798
160 100 2.1 -14732 698
162 100 2.1 -14904 548
164 100 2.1 -15144 462
166 100 2.1 -15092 600
168 100 2.1 -14864 580
170 100 2.1 -15388 638
172 100 2.1 -15424 688
174 100 2.1 -15264 794
177 100 2.1 -15064 770
179 100 2.1 -15056 844
181 100 2.1 -15100 886
184 100 2.1 -15252 882
186 100 2.1 -15332 966
188 100 2.1 -15132 998
191 100 2.1 -15140 1062
193 100 2.1 -15376 1104
196 100 2.1 -15080 1052
198 100 2.1 -14936 1104
201 100 2.1 -14960 1068
203 100 2.1 -15224 1132
206 100 2.1 -15328 1086
209 100 2.1 -15216 978
211 100 2.1 -15292 1012
214 100 2.1 -15304 720
217 100 2.1 -15416 582
220 100 2.1 -15340 474
222 100 2.1 -15536 608
225 100 2.1 -15556 542
228 100 2.1 -15356 498
231 100 2.1 -15260 656
234 100 2.1 -15136 822
237 100 2.1 -15352 930
240 100 2.1 -15364 906
243 100 2.1 -15212 958
246 100 2.1 -15384 1186
250 100 2.1 -15352 1048
253 100 2.1 -15292 974
256 100 2.1 -15404 982
259 100 2.1 -15316 1084
263 100 2.1 -15608 1082
266 100 2.1 -15240 1160
269 100 2.1 -15632 1232
273 100 2.1 -15392 1208
276 100 2.1 -15344 1192
280 100 2.1 -15256 1040
284 100 2.1 -14916 958
287 100 2.1 -15308 1142
291 100 2.1 -15320 1206
295 100 2.1 -15176 1224
298 100 2.1 -15200 1364
302 100 2.1 -15420 1268
306 100 2.1 -15584 1246
310 100 2.1 -15172 1072
314 100 2.1 -15352 1102
318 100 2.1 -15384 1076
322 100 2.1 -15276 1000
326 100 2.1 -15420 812
331 100 2.1 -15564 856
335 100 2.1 -15204 874
339 100 2.1 -15212 1016
344 100 2.1 -15220 1084
348 100 2.1 -15444 1158
352 100 2.1 -15084 900
357 100 2.1 -15432 1260
362 100 2.1 -15404 1294
366 100 2.1 -15624 1456
371 100 2.1 -15312 1272
376 100 2.1 -15628 1262
381 100 2.1 -15568 1310
385 100 2.1 -15372 1268
390 100 2.1 -15500 1044
395 100 2.1 -15396 952
401 100 2.1 -15388 736
406 100 2.1 -15520 790
411 100 2.1 -15372 750
416 100 2.1 -15888 902
422 100 2.1 -15708 758
427 100 2.1 -15752 1096
433 100 2.1 -15888 1096
438 100 2.1 -15752 1172
444 100 2.1 -15536 936
449 100 2.1 -15480 886
455 100 2.1 -15356 936
461 100 2.1 -15356 1000
467 100 2.1 -15356 1300
473 100 2.1 -15460 1140
479 100 2.1 -15580 1228
485 100 2.1 -15572 1288
492 100 2.1 -15384 1450
498 100 2.1 -15316 1266
504 100 2.1 -15420 1274
511 100 2.1 -15532 1256
517 100 2.1 -15644 1284
524 100 2.1 -15504 1250
531 100 2.1 -15232 908
538 100 2.1 -15244 910
545 100 2.1 -15252 1124
552 100 2.1 -15524 1272
559 100 2.1 -15812 1338
566 100 2.1 -15312 1190
573 100 2.1 -15396 1272
581 100 2.1 -15680 1672
588 100 2.1 -15716 1576
596 100 2.1 -15624 1506
603 100 2.1 -15588 1472
611 100 2.1 -15704 1770
619 100 2.1 -16080 1758
627 100 2.1 -15692 1892
635 100 2.1 -15608 2118
643 100 2.1 -15540 2172
652 100 2.1 -15860 2398
660 100 2.1 -16056 2462
668 100 2.1 -15732 2256
677 100 2.1 -15520 2118
686 100 2.1 -15384 2236
695 100 2.1 -15852 2202
704 100 2.1 -15956 2108
713 100 2.1 -15688 2216
722 100 2.1 -15240 2234
731 100 2.1 -15820 2206
741 100 2.1 -16048 2280
750 100 2.1 -15792 2342
760 100 2.1 -15576 2508
770 100 2.1 -15800 2528
780 100 2.1 -15880 2344
790 100 2.1 -16200 2402
800 100 2.1 -15884 2412
810 100 2.1 -15600 2530
821 100 2.1 -15688 2596
831 100 2.1 -15728 2722
842 100 2.1 -15588 2658
853 100 2.1 -15708 2720
864 100 2.1 -15680 2558
875 100 2.1 -15888 2580
886 100 2.1 -15768 2650
897 100 2.1 -15920 2698
909 100 2.1 -16052 2700
921 100 2.1 -15844 2300
933 100 2.1 -16004 2162
945 100 2.1 -15800 2496
957 100 2.1 -15608 2362
969 100 2.1 -15844 2178
982 100 2.1 -15904 2674
994 100 2.1 -15724 2518
1007 100 2.1 -15876 2408
1020 100 2.1 -15740 2146
1033 100 2.1 -15712 2030
1047 100 2.1 -15728 1922
1060 100 2.1 -15688 1862
1074 100 2.1 -16076 2038
1088 100 2.1 -15844 2088
1102 100 2.1 -15632 1768
1116 100 2.1 -15756 1746
1130 100 2.1 -15516 1916
1145 100 2.1 -15884 1622
1160 100 2.1 -15488 1344
1174 100 2.1 -15948 1516
1190 100 2.1 -15856 1710
1205 100 2.1 -15536 1332
1220 100 2.1 -15956 1500
1236 100 2.1 -15668 1700
1252 100 2.1 -15456 1600
1268 100 2.1 -15428 1954
1285 100 2.1 -15828 2152
1301 100 2.1 -16100 2346
1318 100 2.1 -15940 2298
1335 100 2.1 -15976 2600
1352 100 2.1 -16024 2378
1370 100 2.1 -15996 2402
1387 100 2.1 -15964 2592
1405 100 2.1 -16160 2742
1423 100 2.1 -15988 2492
1442 100 2.1 -16156 2736
1460 100 2.1 -15700 2730
1479 100 2.1 -15420 2782
1498 100 2.1 -15804 2776
1517 100 2.1 -16012 2742
1537 100 2.1 -16048 2598
1557 100 2.1 -16024 2740
1577 100 2.1 -15916 2430
1597 100 2.1 -15836 2534
1618 100 2.1 -16036 3008
1639 100 2.1 -16088 2880
1660 100 2.1 -16048 3018
1681 100 2.1 -15904 2904
1703 100 2.1 -15672 3294
1725 100 2.1 -16016 3250
1747 100 2.1 -15860 3092
1770 100 2.1 -16324 3372
1792 100 2.1 -15892 3842
1816 100 2.1 -16324 4030
1839 100 2.1 -15948 4096
1863 100 2.1 -15760 4238
1887 100 2.1 -15860 4202
1911 100 2.1 -16020 4074
1936 100 2.1 -15804 4340
1961 100 2.1 -16124 4408
1986 100 2.1 -16028 4566
2012 100 2.1 -16032 4364
2037 100 2.1 -16044 4542
2064 100 2.1 -15924 4344
2090 100 2.1 -15788 4250
2117 100 2.1 -16048 4394
2145 100 2.1 -16204 4296
2172 100 2.1 -15872 3786
2200 100 2.1 -15552 4084
2229 100 2.1 -15860 4066
2257 100 2.1 -15572 3932
2286 100 2.1 -15872 4024
2316 100 2.1 -15908 4070
2346 100 2.1 -16152 4966
2376 100 2.1 -15964 4614
2407 100 2.1 -16152 5208
2438 100 2.1 -16356 5406
2469 100 2.1 -16540 5530
2501 100 2.1 -16204 5552
2533 100 2.1 -16300 5652
2566 100 2.1 -16000 5640
2599 100 2.1 -16136 5622
2633 100 2.1 -16068 5394
2667 100 2.1 -16300 5704
2701 100 2.1 -16208 5552
2736 100 2.1 -16536 5768
2771 100 2.1 -15916 5328
2807 100 2.1 -15876 5122
2843 100 2.1 -16312 5488
2880 100 2.1 -16160 5862
2917 100 2.1 -16424 6322
2954 100 2.1 -16184 6226
2992 100 2.1 -16592 6470
3031 100 2.1 -16412 6858
3070 100 2.1 -15916 6790
3110 100 2.1 -16240 7202
3150 100 2.1 -16272 7666
3190 100 2.1 -16512 7796
3232 100 2.1 -16336 7842
3273 100 2.1 -16592 8100
3315 100 2.1 -16604 8224
3358 100 2.1 -16368 8178
3402 100 2.1 -16728 8194
3445 100 2.1 -16724 8334
3490 100 2.1 -16444 8152
3535 100 2.1 -16636 8332
3580 100 2.1 -16544 8246
3627 100 2.1 -16228 8178
3673 100 2.1 -16172 8184
3721 100 2.1 -16304 8146
3769 100 2.1 -16724 8444
3817 100 2.1 -16552 8418
3867 100 2.1 -16648 8484
3916 100 2.1 -16760 8642
3967 100 2.1 -16572 8720
4018 100 2.1 -16696 8834
4070 100 2.1 -16680 8796
4122 100 2.1 -16456 8646
4176 100 2.1 -16728 8756
4229 100 2.1 -16596 8750
4284 100 2.1 -16832 8834
4339 100 2.1 -16900 8812
4395 100 2.1 -16504 8670
4452 100 2.1 -16524 8758
4509 100 2.1 -16956 8928
4567 100 2.1 -16912 8778
4626 100 2.1 -16616 8740
4686 100 2.1 -16268 8564
4746 100 2.1 -16520 8758
4808 100 2.1 -16736 8662
4870 100 2.1 -16328 8370
4932 100 2.1 -16848 8826
4996 100 2.1 -16584 8544
5060 100 2.1 -16468 8524
5126 100 2.1 -16572 8646
5192 100 2.1 -16692 8606
5259 100 2.1 -17176 8952
5327 100 2.1 -16620 8740
5395 100 2.1 -16800 8634
5465 100 2.1 -16548 8510
5535 100 2.1 -16644 8594
5607 100 2.1 -16744 8750
5679 100 2.1 -16580 8574
5752 100 2.1 -16536 8590
5826 100 2.1 -16740 8634
5902 100 2.1 -16420 8602
5978 100 2.1 -16624 8760
6055 100 2.1 -16448 8710
6133 100 2.1 -16460 8520
6212 100 2.1 -16648 8424
6292 100 2.1 -16736 8748
6373 100 2.1 -16972 8856
6455 100 2.1 -16560 8620
6539 100 2.1 -16396 8608
6623 100 2.1 -16312 8508
6708 100 2.1 -16544 8600
6795 100 2.1 -16196 8570
6883 100 2.1 -17108 8918
6971 100 2.1 -16464 8630
7061 100 2.1 -17028 8904
7152 100 2.1 -16476 8566
7245 100 2.1 -16584 8774
7338 100 2.1 -16424 8518
7433 100 2.1 -16692 8594
7529 100 2.1 -16880 8800
7626 100 2.1 -16432 8624
7724 100 2.1 -17040 8836
7824 100 2.1 -16200 8400
7925 100 2.1 -16504 8630
8027 100 2.1 -16872 8832
8130 100 2.1 -16760 8730
8235 100 2.1 -16828 8880
8341 100 2.1 -16544 8780
8449 100 2.1 -16652 8606
8558 100 2.1 -16740 8734
8668 100 2.1 -16484 8618
8780 100 2.1 -16852 8750
8893 100 2.1 -16644 8638
9008 100 2.1 -16716 8766
9124 100 2.1 -16688 8752
9242 100 2.1 -16720 8700
9361 100 2.1 -16932 8820
9482 100 2.1 -16692 8764
9604 100 2.1 -16676 8646
9728 100 2.1 -16636 8704
9853 100 2.1 -16740 8718
9980 100 2.1 -16364 8552
10109 100 2.1 -16648 8636
10240 100 2.1 -16768 8774
10372 100 2.1 -16316 8382
10505 100 2.1 -16528 8576
10641 100 2.1 -16532 8694
10778 100 2.1 -16832 8798
10917 100 2.1 -16844 8830
11058 100 2.1 -16340 8328
11201 100 2.1 -16844 8862
11345 100 2.1 -16496 8646
11491 100 2.1 -16984 8946
11640 100 2.1 -16448 8634
11790 100 2.1 -16612 8700
11942 100 2.1 -16692 8672
12096 100 2.1 -16816 8804
12252 100 2.1 -16664 8740
12410 100 2.1 -16648 8778
12570 100 2.1 -16664 8718
12732 100 2.1 -16628 8626
12896 100 2.1 -16608 8706
13062 100 2.1 -17052 9014
13231 100 2.1 -16504 8690
13402 100 2.1 -16908 8818
13574 100 2.1 -16500 8612
13750 100 2.1 -16644 8732
13927 100 2.1 -16960 8934
14106 100 2.1 -16608 8732
14288 100 2.1 -16860 8944
14473 100 2.1 -16232 8376
14659 100 2.1 -16812 8844
14848 100 2.1 -16836 8832
15040 100 2.1 -16684 8694
15234 100 2.1 -16672 8722
15430 100 2.1 -16268 8476
15629 100 2.1 -16204 8424
15831 100 2.1 -16556 8570
16035 100 2.1 -16812 8840
16242 100 2.1 -16140 8370
16451 100 2.1 -16792 8884
16664 100 2.1 -16800 8776
16879 100 2.1 -16808 8834
17096 100 2.1 -16576 8770
17317 100 2.1 -16724 8740
17540 100 2.1 -16356 8504
17766 100 2.1 -16364 8544
17995 100 2.1 -16588 8678
18228 100 2.1 -16360 8404
18463 100 2.1 -16760 8728
18701 100 2.1 -16556 8722
18942 100 2.1 -16632 8714
19186 100 2.1 -16736 8782
19434 100 2.1 -16652 8706
19684 100 2.1 -16436 8626
19938 100 2.1 -16776 8760
20195 100 2.1 -16580 8678
20456 100 2.1 -16764 8720
20720 100 2.1 -16720 8724
20987 100 2.1 -16812 8810
21258 100 2.1 -16652 8718
21532 100 2.1 -16760 8744
21810 100 2.1 -16660 8594
22091 100 2.1 -16360 8562
22376 100 2.1 -16596 8732
22664 100 2.1 -16476 8440
22957 100 2.1 -16588 8560
23253 100 2.1 -16876 8922
23553 100 2.1 -16756 8804
23856 100 2.1 -16468 8550
24164 100 2.1 -16548 8710
24476 100 2.1 -17004 8890
24791 100 2.1 -16296 8458
25111 100 2.1 -16716 8798
25435 100 2.1 -16672 8814
25763 100 2.1 -16452 8736
26095 100 2.1 -16732 8684
26432 100 2.1 -16800 8800
26773 100 2.1 -16832 8880
27118 100 2.1 -16312 8418
27468 100 2.1 -16776 8806
27822 100 2.1 -16484 8674
28181 100 2.1 -16400 8418
28545 100 2.1 -16508 8652
28913 100 2.1 -16976 8808
29286 100 2.1 -16640 8778
29663 100 2.1 -16844 8872
30046 100 2.1 -16648 8726
30434 100 2.1 -16464 8622
30826 100 2.1 -16456 8688
31224 100 2.1 -16924 8624
31626 100 2.1 -16796 8898
32034 100 2.1 -16564 8736
32447 100 2.1 -16560 8540
32866 100 2.1 -16348 8510
33290 100 2.1 -16984 8916
33719 100 2.1 -16604 8668
34154 100 2.1 -16660 8668
34595 100 2.1 -16608 8632
35041 100 2.1 -16552 8616
35493 100 2.1 -16384 8590
35951 100 2.1 -16784 8834
36414 100 2.1 -16680 8630
36884 100 2.1 -16480 8532
37360 100 2.1 -16900 8964
37841 100 2.1 -16584 8694
38330 100 2.1 -16984 8798
38824 100 2.1 -17076 8938
39325 100 2.1 -16700 8840
39832 100 2.1 -16776 8796
40346 100 2.1 -16624 8768
40866 100 2.1 -16952 8812
41393 100 2.1 -16716 8748
41927 100 2.1 -16400 8536
42468 100 2.1 -16672 8502
43015 100 2.1 -16824 8882
43570 100 2.1 -16680 8566
44132 100 2.1 -16296 8272
44701 100 2.1 -16540 8574
45278 100 2.1 -16456 8676
45862 100 2.1 -16728 8668
46453 100 2.1 -16612 8696
47053 100 2.1 -16400 8712
47660 100 2.1 -16780 8764
48274 100 2.1 -16596 8738
48897 100 2.1 -16848 8798
49528 100 2.1 -16592 8764
50166 100 2.1 -16768 8816
50813 100 2.1 -16916 8882
51469 100 2.1 -16672 8730
52133 100 2.1 -16956 8818
52805 100 2.1 -16428 8632
53486 100 2.1 -16492 8654
54176 100 2.1 -16976 8920
54875 100 2.1 -16472 8646
55582 100 2.1 -16756 8796
56299 100 2.1 -16588 8584
57025 100 2.1 -16948 8882
57761 100 2.1 -16388 8444
58506 100 2.1 -16672 8820
59261 100 2.1 -16608 8640
60025 100 2.1 -16320 8540
60799 100 2.1 -16568 8726
61583 100 2.1 -16536 8628
62378 100 2.1 -16352 8482
63182 100 2.1 -16688 8742
63997 100 2.1 -16688 8698
64822 100 2.1 -16672 8760
65658 100 2.1 -16376 8510
66505 100 2.1 -17040 8878
67363 100 2.1 -16424 8592
68232 100 2.1 -17072 9014
69112 100 2.1 -16792 8838
70003 100 2.1 -16768 8694
70906 100 2.1 -16728 8818
71821 100 2.1 -16316 8564
72747 100 2.1 -16512 8642
73685 100 2.1 -16372 8488
74636 100 2.1 -16740 8588
75599 100 2.1 -16368 8592
76574 100 2.1 -16472 8686
77561 100 2.1 -16592 8726
78562 100 2.1 -16688 8688
79575 100 2.1 -16612 8612
80601 100 2.1 -16780 8794
81641 100 2.1 -17072 8950
82694 100 2.1 -16812 8704
83760 100 2.1 -16260 8536
84841 100 2.1 -16108 8406
85935 100 2.1 -16760 8718
87043 100 2.1 -16264 8622
88166 100 2.1 -16620 8636
89303 100 2.1 -16672 8682
90455 100 2.1 -16640 8714
91622 100 2.1 -16720 8724
92803 100 2.1 -16940 8814
94000 100 2.1 -16600 8722
95213 100 2.1 -16720 8620
96441 100 2.1 -16584 8588
97685 100 2.1 -16780 8696
98945 100 2.1 -16528 8734
100221 100 2.1 -16808 8744
101513 100 2.1 -16504 8500
102823 100 2.1 -16660 8646
104149 100 2.1 -16456 8740
105492 100 2.1 -16688 8638
106853 100 2.1 -16828 8880
108231 100 2.1 -16772 8754
109627 100 2.1 -16584 8680
111041 100 2.1 -16620 8774
112473 100 2.1 -16680 8756
113924 100 2.1 -16836 8824
115393 100 2.1 -16232 8470
116882 100 2.1 -16808 8752
118389 100 2.1 -16864 8838
119916 100 2.1 -16784 8788
121463 100 2.1 -16840 8656
123029 100 2.1 -17136 8980
124616 100 2.1 -16236 8330
126224 100 2.1 -16748 8730
127852 100 2.1 -16624 8834
129501 100 2.1 -16940 8920
131171 100 2.1 -16404 8462
132863 100 2.1 -16308 8462
134576 100 2.1 -16564 8622
136312 100 2.1 -16512 8564
138070 100 2.1 -16316 8592
139851 100 2.1 -16620 8742
141655 100 2.1 -16492 8598
143482 100 2.1 -16700 8726
145333 100 2.1 -16752 8684
147207 100 2.1 -16516 8564
149106 100 2.1 -16440 8656
151029 100 2.1 -16512 8596
152977 100 2.1 -16372 8566
154950 100 2.1 -16616 8742
156948 100 2.1 -16612 8674
158973 100 2.1 -16720 8854
161023 100 2.1 -16640 8726
163100 100 2.1 -16616 8740
165204 100 2.1 -16740 8812
167334 100 2.1 -16492 8674
169493 100 2.1 -16600 8678
171679 100 2.1 -16776 8726
173893 100 2.1 -16564 8698
176136 100 2.1 -17032 8908
178408 100 2.1 -16480 8616
180709 100 2.1 -16536 8576
183040 100 2.1 -16724 8696
185400 100 2.1 -16608 8666
187792 100 2.1 -16688 8776
190214 100 2.1 -16628 8786
192667 100 2.1 -17024 8886
195152 100 2.1 -16588 8746
197669 100 2.1 -16440 8536
200219 100 2.1 -16484 8606
202801 100 2.1 -16460 8602
205417 100 2.1 -16372 8460
208066 100 2.1 -16848 8836
210750 100 2.1 -16708 8728
213468 100 2.1 -16516 8678
216222 100 2.1 -16168 8440
219010 100 2.1 -16652 8712
221835 100 2.1 -16584 8744
224696 100 2.1 -16660 8682
227595 100 2.1 -16756 8802
230530 100 2.1 -16684 8794
233503 100 2.1 -16884 8826
236515 100 2.1 -16560 8762
239566 100 2.1 -16368 8632
242656 100 2.1 -16864 8806
245785 100 2.1 -16720 8664
248956 100 2.1 -16468 8584
252167 100 2.1 -16484 8596
255419 100 2.1 -16624 8720
258713 100 2.1 -16608 8776
262050 100 2.1 -16476 8514
265430 100 2.1 -16696 8832
268854 100 2.1 -16600 8620
272321 100 2.1 -16492 8598
275834 100 2.1 -16664 8700
279391 100 2.1 -16608 8766
282995 100 2.1 -16508 8722
286645 100 2.1 -16652 8730
290342 100 2.1 -16660 8688
294087 100 2.1 -16340 8556
297880 100 2.1 -16728 8656
301722 100 2.1 -16528 8582
305614 100 2.1 -16788 8788
309556 100 2.1 -16412 8426
313548 100 2.1 -16528 8670
317592 100 2.1 -16772 8800
321689 100 2.1 -16504 8712
325838 100 2.1 -16772 8808
330040 100 2.1 -16712 8736
334297 100 2.1 -16696 8784
338609 100 2.1 -16900 8844
342976 100 2.1 -16288 8596
347400 100 2.1 -16492 8672
351881 100 2.1 -16512 8560
356419 100 2.1 -16472 8556
361016 100 2.1 -16384 8576
365673 100 2.1 -16680 8662
370389 100 2.1 -16760 8786
375167 100 2.1 -16436 8500
380005 100 2.1 -17060 8950
384907 100 2.1 -16600 8688
389871 100 2.1 -16524 8608
394900 100 2.1 -16776 8740
399993 100 2.1 -16460 8634
405152 100 2.1 -16292 8530
410378 100 2.1 -16408 8578
415671 100 2.1 -16676 8764
421032 100 2.1 -16580 8658
426463 100 2.1 -16448 8640
431963 100 2.1 -16836 8716
437535 100 2.1 -16368 8544
443178 100 2.1 -16884 8732
448894 100 2.1 -16392 8610
454684 100 2.1 -16292 8376
460548 100 2.1 -16664 8576
466489 100 2.1 -16212 8382
472505 100 2.1 -16328 8588
478600 100 2.1 -16840 8780
484773 100 2.1 -16628 8692
491025 100 2.1 -16760 8692
497358 100 2.1 -16480 8678
503773 100 2.1 -16772 8638
510271 100 2.1 -16708 8750
516852 100 2.1 -16652 8704
523519 100 2.1 -16736 8684
530271 100 2.1 -16560 8612
537111 100 2.1 -16692 8760
544038 100 2.1 -16528 8524
551055 100 2.1 -16748 8680
558163 100 2.1 -16564 8628
565362 100 2.1 -17036 8976
572654 100 2.1 -16692 8824
580040 100 2.1 -16556 8706
587521 100 2.1 -16536 8708
595099 100 2.1 -16636 8706
602775 100 2.1 -16752 8806
610549 100 2.1 -16464 8640
618424 100 2.1 -16560 8502
626400 100 2.1 -16548 8696
634480 100 2.1 -16452 8592
642663 100 2.1 -16872 8754
650952 100 2.1 -16728 8800
659348 100 2.1 -16744 8794
667853 100 2.1 -16920 8906
676467 100 2.1 -16684 8704
685192 100 2.1 -16252 8374
694029 100 2.1 -16884 8886
702981 100 2.1 -16724 8730
712048 100 2.1 -16744 8740
721232 100 2.1 -16780 8844
730534 100 2.1 -16492 8654
739957 100 2.1 -16496 8640
749500 100 2.1 -16180 8334
759168 100 2.1 -16836 8922
768959 100 2.1 -16848 8896
778877 100 2.1 -16348 8572
788923 100 2.1 -16660 8706
799099 100 2.1 -16464 8624
809405 100 2.1 -16548 8728
819845 100 2.1 -16680 8702
830419 100 2.1 -16384 8630
841130 100 2.1 -16600 8570
851979 100 2.1 -16904 8914
862968 100 2.1 -16612 8600
874098 100 2.1 -16792 8784
885373 100 2.1 -16684 8812
896792 100 2.1 -16604 8756
908359 100 2.1 -16924 8848
920075 100 2.1 -16816 8738
931942 100 2.1 -16816 8868
943962 100 2.1 -16648 8802
956137 100 2.1 -16436 8636
968470 100 2.1 -16560 8648
980961 100 2.1 -16668 8820
993613 100 2.1 -16820 8834
999999 100 2.1 -16784 8840
