3 20 2 -432 -6
4 20 2 -444 -6
5 20 2 -476 -24
6 20 2 -508 -32
7 20 2 -540 -22
8 20 2 -484 -18
9 20 2 -524 -28
10 20 2 -524 -30
11 20 2 -520 -90
12 20 2 -504 -116
13 20 2 -496 -110
14 20 2 -532 -104
15 20 2 -568 -116
16 20 2 -592 -124
17 20 2 -572 -124
18 20 2 -544 -132
19 20 2 -564 -128
20 20 2 -536 -122
21 20 2 -540 -120
22 20 2 -540 -120
23 20 2 -516 -96
24 20 2 -556 -98
25 20 2 -564 -86
26 20 2 -580 -100
27 20 2 -560 -132
28 20 2 -556 -148
29 20 2 -592 -144
30 20 2 -588 -162
31 20 2 -608 -186
32 20 2 -608 -194
33 20 2 -604 -202
34 20 2 -584 -182
35 20 2 -624 -186
36 20 2 -616 -164
37 20 2 -592 -184
38 20 2 -560 -180
39 20 2 -532 -160
40 20 2 -572 -180
41 20 2 -576 -194
42 20 2 -584 -188
43 20 2 -572 -180
44 20 2 -588 -190
45 20 2 -584 -158
46 20 2 -568 -210
47 20 2 -532 -196
48 20 2 -544 -192
49 20 2 -580 -230
50 20 2 -600 -272
51 20 2 -624 -286
52 20 2 -628 -292
53 20 2 -608 -308
54 20 2 -632 -328
55 20 2 -616 -326
56 20 2 -636 -330
57 20 2 -604 -312
58 20 2 -656 -332
59 20 2 -644 -334
60 20 2 -672 -348
61 20 2 -668 -346
62 20 2 -656 -346
63 20 2 -628 -320
64 20 2 -660 -336
65 20 2 -636 -336
66 20 2 -688 -364
67 20 2 -688 -362
68 20 2 -704 -364
69 20 2 -680 -360
70 20 2 -664 -358
71 20 2 -628 -344
72 20 2 -688 -368
73 20 2 -696 -364
74 20 2 -688 -360
75 20 2 -704 -368
76 20 2 -692 -358
77 20 2 -648 -352
78 20 2 -624 -338
79 20 2 -620 -330
80 20 2 -660 -344
81 20 2 -680 -360
82 20 2 -672 -358
83 20 2 -656 -354
84 20 2 -712 -378
85 20 2 -708 -372
86 20 2 -720 -376
88 20 2 -708 -368
89 20 2 -692 -368
90 20 2 -660 -350
91 20 2 -680 -366
92 20 2 -652 -350
93 20 2 -676 -360
95 20 2 -688 -346
96 20 2 -676 -336
97 20 2 -680 -352
98 20 2 -692 -358
99 20 2 -668 -350
101 20 2 -648 -340
102 20 2 -656 -352
103 20 2 -668 -356
105 20 2 -704 -370
106 20 2 -684 -366
107 20 2 -696 -364
109 20 2 -728 -380
110 20 2 -748 -386
112 20 2 -712 -376
113 20 2 -664 -360
114 20 2 -664 -364
116 20 2 -720 -376
117 20 2 -684 -364
119 20 2 -712 -366
120 20 2 -740 -380
122 20 2 -756 -386
124 20 2 -700 -370
125 20 2 -708 -374
127 20 2 -720 -374
128 20 2 -700 -368
130 20 2 -696 -362
132 20 2 -660 -346
133 20 2 -660 -356
135 20 2 -684 -362
137 20 2 -716 -372
139 20 2 -652 -358
140 20 2 -664 -354
142 20 2 -696 -368
144 20 2 -732 -380
146 20 2 -720 -376
148 20 2 -708 -374
150 20 2 -668 -356
152 20 2 -672 -360
154 20 2 -648 -348
155 20 2 -680 -362
157 20 2 -760 -388
160 20 2 -708 -372
162 20 2 -700 -368
164 20 2 -700 -374
166 20 2 -692 -364
168 20 2 -720 -378
170 20 2 -740 -382
172 20 2 -728 -380
174 20 2 -744 -376
177 20 2 -696 -360
179 20 2 -708 -368
181 20 2 -708 -374
184 20 2 -744 -380
186 20 2 -724 -376
188 20 2 -724 -376
191 20 2 -684 -368
193 20 2 -764 -388
196 20 2 -720 -374
198 20 2 -672 -356
201 20 2 -736 -374
203 20 2 -676 -348
206 20 2 -648 -332
209 20 2 -612 -322
211 20 2 -624 -342
214 20 2 -684 -364
217 20 2 -680 -366
220 20 2 -724 -374
222 20 2 -676 -358
225 20 2 -684 -364
228 20 2 -720 -372
231 20 2 -684 -354
234 20 2 -688 -366
237 20 2 -704 -374
240 20 2 -668 -356
243 20 2 -724 -374
246 20 2 -724 -378
250 20 2 -712 -370
253 20 2 -728 -380
256 20 2 -752 -388
259 20 2 -724 -380
263 20 2 -720 -378
266 20 2 -716 -378
269 20 2 -692 -360
273 20 2 -648 -354
276 20 2 -696 -368
280 20 2 -632 -346
284 20 2 -628 -314
287 20 2 -636 -334
291 20 2 -700 -348
295 20 2 -716 -366
298 20 2 -732 -374
302 20 2 -704 -370
306 20 2 -720 -372
310 20 2 -696 -368
314 20 2 -732 -378
318 20 2 -792 -398
322 20 2 -752 -388
326 20 2 -732 -376
331 20 2 -676 -362
335 20 2 -620 -310
339 20 2 -668 -348
344 20 2 -664 -356
348 20 2 -692 -360
352 20 2 -684 -368
357 20 2 -668 -360
362 20 2 -692 -368
366 20 2 -712 -374
371 20 2 -736 -384
376 20 2 -756 -388
381 20 2 -708 -374
385 20 2 -656 -348
390 20 2 -672 -352
395 20 2 -636 -350
401 20 2 -712 -372
406 20 2 -712 -376
411 20 2 -712 -376
416 20 2 -696 -368
422 20 2 -700 -370
427 20 2 -752 -388
433 20 2 -732 -374
438 20 2 -704 -368
444 20 2 -700 -364
449 20 2 -724 -370
455 20 2 -712 -370
461 20 2 -724 -378
467 20 2 -712 -378
473 20 2 -640 -342
479 20 2 -728 -374
485 20 2 -668 -358
492 20 2 -628 -342
498 20 2 -696 -366
504 20 2 -724 -376
511 20 2 -736 -384
517 20 2 -748 -386
524 20 2 -664 -354
531 20 2 -680 -356
538 20 2 -748 -386
545 20 2 -672 -356
552 20 2 -728 -380
559 20 2 -732 -382
566 20 2 -660 -354
573 20 2 -764 -390
581 20 2 -668 -360
588 20 2 -732 -374
596 20 2 -708 -374
603 20 2 -684 -360
611 20 2 -700 -366
619 20 2 -720 -378
627 20 2 -760 -388
635 20 2 -664 -354
643 20 2 -708 -376
652 20 2 -728 -380
660 20 2 -684 -368
668 20 2 -732 -380
677 20 2 -676 -362
686 20 2 -720 -372
695 20 2 -668 -362
704 20 2 -732 -382
713 20 2 -752 -384
722 20 2 -724 -376
731 20 2 -680 -358
741 20 2 -740 -384
750 20 2 -712 -376
760 20 2 -736 -380
770 20 2 -736 -384
780 20 2 -732 -378
790 20 2 -640 -338
800 20 2 -704 -346
810 20 2 -676 -348
821 20 2 -716 -376
831 20 2 -676 -352
842 20 2 -748 -386
853 20 2 -688 -368
864 20 2 -716 -374
875 20 2 -704 -372
886 20 2 -660 -360
897 20 2 -692 -356
909 20 2 -724 -374
921 20 2 -672 -354
933 20 2 -612 -320
945 20 2 -676 -354
957 20 2 -720 -374
969 20 2 -712 -362
982 20 2 -748 -384
994 20 2 -656 -352
1007 20 2 -744 -384
1020 20 2 -720 -372
1033 20 2 -656 -344
1047 20 2 -752 -386
1060 20 2 -732 -376
1074 20 2 -652 -354
1088 20 2 -720 -364
1102 20 2 -688 -368
1116 20 2 -704 -374
1130 20 2 -680 -364
1145 20 2 -748 -386
1160 20 2 -720 -376
1174 20 2 -768 -392
1190 20 2 -668 -362
1205 20 2 -700 -370
1220 20 2 -720 -368
1236 20 2 -744 -384
1252 20 2 -688 -360
1268 20 2 -716 -372
1285 20 2 -720 -376
1301 20 2 -708 -366
1318 20 2 -668 -362
1335 20 2 -688 -360
1352 20 2 -596 -288
1370 20 2 -676 -362
1387 20 2 -740 -384
1405 20 2 -704 -370
1423 20 2 -732 -382
1442 20 2 -720 -376
1460 20 2 -708 -368
1479 20 2 -708 -364
1498 20 2 -724 -380
1517 20 2 -624 -320
1537 20 2 -728 -380
1557 20 2 -692 -354
1577 20 2 -688 -364
1597 20 2 -748 -386
1618 20 2 -740 -382
1639 20 2 -680 -368
1660 20 2 -720 -374
1681 20 2 -648 -338
1703 20 2 -696 -368
1725 20 2 -724 -374
1747 20 2 -700 -370
1770 20 2 -716 -372
1792 20 2 -712 -376
1816 20 2 -688 -366
1839 20 2 -704 -372
1863 20 2 -732 -380
1887 20 2 -672 -350
1911 20 2 -732 -378
1936 20 2 -680 -364
1961 20 2 -728 -382
1986 20 2 -688 -364
2012 20 2 -768 -392
2037 20 2 -724 -372
2064 20 2 -688 -366
2090 20 2 -684 -360
2117 20 2 -732 -374
2145 20 2 -692 -366
2172 20 2 -668 -358
2200 20 2 -708 -374
2229 20 2 -752 -386
2257 20 2 -688 -362
2286 20 2 -712 -366
2316 20 2 -664 -350
2346 20 2 -724 -380
2376 20 2 -668 -346
2407 20 2 -672 -358
2438 20 2 -684 -362
2469 20 2 -708 -370
2501 20 2 -724 -380
2533 20 2 -724 -376
2566 20 2 -696 -370
2599 20 2 -680 -350
2633 20 2 -636 -340
2667 20 2 -764 -388
2701 20 2 -712 -372
2736 20 2 -716 -376
2771 20 2 -696 -368
2807 20 2 -676 -334
2843 20 2 -716 -376
2880 20 2 -724 -380
2917 20 2 -716 -364
2954 20 2 -728 -376
2992 20 2 -692 -354
3031 20 2 -740 -384
3070 20 2 -672 -354
3110 20 2 -700 -358
3150 20 2 -676 -356
3190 20 2 -748 -384
3232 20 2 -668 -362
3273 20 2 -744 -386
3315 20 2 -776 -394
3358 20 2 -640 -352
3402 20 2 -760 -390
3445 20 2 -692 -366
3490 20 2 -668 -358
3535 20 2 -716 -376
3580 20 2 -720 -380
3627 20 2 -688 -368
3673 20 2 -712 -370
3721 20 2 -684 -354
3769 20 2 -688 -368
3817 20 2 -600 -320
3867 20 2 -640 -332
3916 20 2 -724 -378
3967 20 2 -660 -346
4018 20 2 -728 -374
4070 20 2 -776 -394
4122 20 2 -716 -378
4176 20 2 -680 -368
4229 20 2 -712 -376
4284 20 2 -744 -382
4339 20 2 -732 -382
4395 20 2 -748 -384
4452 20 2 -740 -380
4509 20 2 -672 -360
4567 20 2 -708 -372
4626 20 2 -684 -360
4686 20 2 -728 -378
4746 20 2 -680 -362
4808 20 2 -644 -336
4870 20 2 -708 -372
4932 20 2 -724 -378
4996 20 2 -728 -372
5060 20 2 -660 -344
5126 20 2 -724 -372
5192 20 2 -680 -366
5259 20 2 -712 -372
5327 20 2 -640 -314
5395 20 2 -708 -372
5465 20 2 -752 -388
5535 20 2 -692 -358
5607 20 2 -684 -364
5679 20 2 -624 -344
5752 20 2 -740 -384
5826 20 2 -720 -374
5902 20 2 -740 -384
5978 20 2 -676 -362
6055 20 2 -656 -348
6133 20 2 -656 -352
6212 20 2 -696 -370
6292 20 2 -704 -368
6373 20 2 -768 -392
6455 20 2 -656 -358
6539 20 2 -704 -368
6623 20 2 -752 -386
6708 20 2 -644 -340
6795 20 2 -644 -334
6883 20 2 -616 -316
6971 20 2 -664 -334
7061 20 2 -728 -378
7152 20 2 -688 -368
7245 20 2 -696 -370
7338 20 2 -696 -368
7433 20 2 -724 -376
7529 20 2 -692 -370
7626 20 2 -640 -330
7724 20 2 -624 -302
7824 20 2 -688 -368
7925 20 2 -692 -364
8027 20 2 -692 -368
8130 20 2 -748 -386
8235 20 2 -700 -372
8341 20 2 -668 -342
8449 20 2 -692 -348
8558 20 2 -732 -380
8668 20 2 -688 -362
8780 20 2 -720 -378
8893 20 2 -668 -364
9008 20 2 -684 -364
9124 20 2 -700 -372
9242 20 2 -720 -378
9361 20 2 -716 -378
9482 20 2 -736 -382
9604 20 2 -692 -366
9728 20 2 -712 -374
9853 20 2 -724 -376
9980 20 2 -720 -378
10109 20 2 -688 -358
10240 20 2 -684 -356
10372 20 2 -676 -358
10505 20 2 -692 -352
10641 20 2 -712 -366
10778 20 2 -720 -370
10917 20 2 -724 -376
11058 20 2 -712 -372
11201 20 2 -624 -340
11345 20 2 -728 -376
11491 20 2 -720 -380
11640 20 2 -756 -388
11790 20 2 -680 -356
11942 20 2 -664 -336
12096 20 2 -716 -376
12252 20 2 -708 -364
12410 20 2 -740 -382
12570 20 2 -680 -364
12732 20 2 -712 -374
12896 20 2 -672 -360
13062 20 2 -704 -368
13231 20 2 -736 -380
13402 20 2 -700 -366
13574 20 2 -692 -366
13750 20 2 -692 -354
13927 20 2 -684 -364
14106 20 2 -724 -378
14288 20 2 -732 -380
14473 20 2 -696 -362
14659 20 2 -680 -354
14848 20 2 -696 -370
15040 20 2 -704 -372
15234 20 2 -724 -374
15430 20 2 -624 -308
15629 20 2 -748 -382
15831 20 2 -744 -384
16035 20 2 -692 -372
16242 20 2 -668 -342
16451 20 2 -696 -366
16664 20 2 -664 -350
16879 20 2 -636 -330
17096 20 2 -676 -360
17317 20 2 -724 -376
17540 20 2 -752 -388
17766 20 2 -728 -380
17995 20 2 -636 -306
18228 20 2 -688 -366
18463 20 2 -744 -384
18701 20 2 -688 -364
18942 20 2 -676 -352
19186 20 2 -716 -366
19434 20 2 -688 -368
19684 20 2 -704 -376
19938 20 2 -652 -348
20195 20 2 -752 -386
20456 20 2 -744 -384
20720 20 2 -696 -364
20987 20 2 -696 -366
21258 20 2 -752 -386
21532 20 2 -740 -384
21810 20 2 -740 -384
22091 20 2 -728 -382
22376 20 2 -716 -376
22664 20 2 -652 -350
22957 20 2 -696 -364
23253 20 2 -736 -380
23553 20 2 -736 -378
23856 20 2 -708 -374
24164 20 2 -696 -366
24476 20 2 -720 -374
24791 20 2 -712 -376
25111 20 2 -664 -358
25435 20 2 -704 -374
25763 20 2 -720 -374
26095 20 2 -672 -350
26432 20 2 -736 -382
26773 20 2 -728 -378
27118 20 2 -660 -338
27468 20 2 -740 -380
27822 20 2 -712 -376
28181 20 2 -680 -364
28545 20 2 -740 -382
28913 20 2 -724 -368
29286 20 2 -704 -368
29663 20 2 -700 -362
30046 20 2 -700 -368
30434 20 2 -716 -366
30826 20 2 -720 -374
31224 20 2 -688 -370
31626 20 2 -692 -366
32034 20 2 -728 -372
32447 20 2 -672 -346
32866 20 2 -708 -368
33290 20 2 -680 -358
33719 20 2 -688 -364
34154 20 2 -708 -376
34595 20 2 -640 -336
35041 20 2 -692 -346
35493 20 2 -700 -368
35951 20 2 -708 -368
36414 20 2 -664 -356
36884 20 2 -708 -356
37360 20 2 -620 -334
37841 20 2 -712 -360
38330 20 2 -652 -346
38824 20 2 -684 -360
39325 20 2 -672 -354
39832 20 2 -732 -370
40346 20 2 -660 -362
40866 20 2 -684 -360
41393 20 2 -720 -374
41927 20 2 -664 -348
42468 20 2 -676 -350
43015 20 2 -652 -338
43570 20 2 -648 -342
44132 20 2 -672 -338
44701 20 2 -664 -358
45278 20 2 -704 -374
45862 20 2 -732 -382
46453 20 2 -632 -342
47053 20 2 -720 -372
47660 20 2 -692 -356
48274 20 2 -700 -364
48897 20 2 -692 -356
49528 20 2 -596 -308
50166 20 2 -692 -364
50813 20 2 -684 -368
51469 20 2 -696 -358
52133 20 2 -692 -354
52805 20 2 -704 -366
53486 20 2 -748 -386
54176 20 2 -744 -386
54875 20 2 -708 -368
55582 20 2 -656 -354
56299 20 2 -692 -366
57025 20 2 -700 -362
57761 20 2 -704 -370
58506 20 2 -704 -366
59261 20 2 -704 -346
60025 20 2 -716 -374
60799 20 2 -676 -360
61583 20 2 -612 -316
62378 20 2 -668 -360
63182 20 2 -660 -356
63997 20 2 -700 -366
64822 20 2 -700 -372
65658 20 2 -696 -364
66505 20 2 -760 -388
67363 20 2 -752 -384
68232 20 2 -688 -364
69112 20 2 -704 -364
70003 20 2 -736 -380
70906 20 2 -648 -330
71821 20 2 -652 -344
72747 20 2 -768 -392
73685 20 2 -732 -378
74636 20 2 -692 -354
75599 20 2 -704 -368
76574 20 2 -680 -364
77561 20 2 -716 -376
78562 20 2 -712 -374
79575 20 2 -648 -340
80601 20 2 -660 -350
81641 20 2 -736 -372
82694 20 2 -748 -386
83760 20 2 -676 -364
84841 20 2 -612 -312
85935 20 2 -708 -372
87043 20 2 -732 -378
88166 20 2 -700 -362
89303 20 2 -732 -378
90455 20 2 -708 -368
91622 20 2 -708 -374
92803 20 2 -716 -368
94000 20 2 -704 -368
95213 20 2 -680 -360
96441 20 2 -704 -368
97685 20 2 -624 -336
98945 20 2 -708 -376
100221 20 2 -724 -378
101513 20 2 -696 -364
102823 20 2 -720 -374
104149 20 2 -652 -344
105492 20 2 -680 -338
106853 20 2 -680 -364
108231 20 2 -692 -360
109627 20 2 -696 -368
111041 20 2 -712 -370
112473 20 2 -712 -366
113924 20 2 -728 -380
115393 20 2 -656 -346
116882 20 2 -700 -366
118389 20 2 -704 -368
119916 20 2 -672 -358
121463 20 2 -708 -368
123029 20 2 -716 -378
124616 20 2 -696 -372
126224 20 2 -716 -368
127852 20 2 -716 -376
129501 20 2 -728 -380
131171 20 2 -656 -348
132863 20 2 -672 -354
134576 20 2 -672 -362
136312 20 2 -720 -376
138070 20 2 -716 -370
139851 20 2 -648 -342
141655 20 2 -680 -356
143482 20 2 -736 -384
145333 20 2 -644 -340
147207 20 2 -672 -360
149106 20 2 -696 -370
151029 20 2 -684 -350
152977 20 2 -692 -366
154950 20 2 -656 -350
156948 20 2 -696 -364
158973 20 2 -720 -372
161023 20 2 -664 -344
163100 20 2 -712 -372
165204 20 2 -692 -372
167334 20 2 -656 -352
169493 20 2 -756 -386
171679 20 2 -720 -378
173893 20 2 -744 -384
176136 20 2 -708 -374
178408 20 2 -684 -366
180709 20 2 -708 -364
183040 20 2 -708 -370
185400 20 2 -676 -354
187792 20 2 -760 -388
190214 20 2 -720 -378
192667 20 2 -668 -360
195152 20 2 -716 -374
197669 20 2 -732 -380
200219 20 2 -712 -376
202801 20 2 -740 -384
205417 20 2 -704 -368
208066 20 2 -700 -368
210750 20 2 -696 -370
213468 20 2 -712 -370
216222 20 2 -588 -312
219010 20 2 -724 -380
221835 20 2 -656 -342
224696 20 2 -724 -374
227595 20 2 -672 -338
230530 20 2 -672 -358
233503 20 2 -676 -362
236515 20 2 -664 -362
239566 20 2 -708 -368
242656 20 2 -692 -364
245785 20 2 -676 -362
248956 20 2 -664 -352
252167 20 2 -748 -386
255419 20 2 -708 -374
258713 20 2 -672 -360
262050 20 2 -688 -364
265430 20 2 -652 -346
268854 20 2 -620 -324
272321 20 2 -720 -376
275834 20 2 -676 -360
279391 20 2 -672 -364
282995 20 2 -756 -388
286645 20 2 -744 -382
290342 20 2 -692 -368
294087 20 2 -640 -332
297880 20 2 -608 -342
301722 20 2 -700 -362
305614 20 2 -736 -382
309556 20 2 -684 -368
313548 20 2 -700 -362
317592 20 2 -648 -342
321689 20 2 -696 -362
325838 20 2 -720 -360
330040 20 2 -724 -378
334297 20 2 -716 -370
338609 20 2 -724 -376
342976 20 2 -660 -326
347400 20 2 -724 -378
351881 20 2 -704 -374
356419 20 2 -672 -350
361016 20 2 -716 -368
365673 20 2 -708 -376
370389 20 2 -684 -336
375167 20 2 -708 -372
380005 20 2 -716 -378
384907 20 2 -680 -360
389871 20 2 -696 -354
394900 20 2 -676 -346
399993 20 2 -712 -364
405152 20 2 -728 -366
410378 20 2 -692 -362
415671 20 2 -704 -366
421032 20 2 -688 -366
426463 20 2 -720 -378
431963 20 2 -708 -372
437535 20 2 -728 -376
443178 20 2 -692 -366
448894 20 2 -712 -374
454684 20 2 -700 -338
460548 20 2 -652 -352
466489 20 2 -744 -386
472505 20 2 -724 -376
478600 20 2 -672 -360
484773 20 2 -692 -370
491025 20 2 -696 -366
497358 20 2 -656 -342
503773 20 2 -684 -360
510271 20 2 -700 -368
516852 20 2 -724 -372
523519 20 2 -740 -384
530271 20 2 -684 -358
537111 20 2 -692 -362
544038 20 2 -660 -350
551055 20 2 -704 -372
558163 20 2 -676 -360
565362 20 2 -712 -376
572654 20 2 -688 -368
580040 20 2 -720 -380
587521 20 2 -684 -356
595099 20 2 -644 -342
602775 20 2 -712 -372
610549 20 2 -700 -366
618424 20 2 -652 -352
626400 20 2 -680 -364
634480 20 2 -708 -370
642663 20 2 -732 -378
650952 20 2 -692 -370
659348 20 2 -744 -384
667853 20 2 -752 -388
676467 20 2 -688 -360
685192 20 2 -728 -380
694029 20 2 -664 -340
702981 20 2 -648 -344
712048 20 2 -680 -364
721232 20 2 -724 -374
730534 20 2 -696 -372
739957 20 2 -692 -364
749500 20 2 -668 -348
759168 20 2 -764 -390
768959 20 2 -732 -380
778877 20 2 -704 -356
788923 20 2 -740 -384
799099 20 2 -756 -388
809405 20 2 -684 -352
819845 20 2 -736 -384
830419 20 2 -676 -362
841130 20 2 -704 -370
851979 20 2 -732 -380
862968 20 2 -680 -358
874098 20 2 -740 -380
885373 20 2 -628 -344
896792 20 2 -656 -348
908359 20 2 -776 -394
920075 20 2 -716 -374
931942 20 2 -724 -378
943962 20 2 -700 -372
956137 20 2 -764 -388
968470 20 2 -676 -358
980961 20 2 -704 -352
993613 20 2 -712 -378
999999 20 2 -696 -370
