3 140 2.1 -19500 -144
4 140 2.1 -20896 -96
5 140 2.1 -21684 -206
6 140 2.1 -22472 8
7 140 2.1 -23292 -232
8 140 2.1 -23580 -252
9 140 2.1 -23564 -320
10 140 2.1 -24232 -108
11 140 2.1 -24660 -116
12 140 2.1 -25008 42
13 140 2.1 -25464 132
14 140 2.1 -25444 -54
15 140 2.1 -25468 -296
16 140 2.1 -25992 -274
17 140 2.1 -25964 -544
18 140 2.1 -26116 -620
19 140 2.1 -26572 -400
20 140 2.1 -26912 -482
21 140 2.1 -27156 -616
22 140 2.1 -26956 -550
23 140 2.1 -27072 -504
24 140 2.1 -27108 -480
25 140 2.1 -27020 -426
26 140 2.1 -27336 -434
27 140 2.1 -27220 -528
28 140 2.1 -27272 -502
29 140 2.1 -27336 -484
30 140 2.1 -27328 -536
31 140 2.1 -27608 -660
32 140 2.1 -27712 -676
33 140 2.1 -27648 -758
34 140 2.1 -27500 -782
35 140 2.1 -27900 -754
36 140 2.1 -27924 -562
37 140 2.1 -28044 -500
38 140 2.1 -28020 -328
39 140 2.1 -28268 -334
40 140 2.1 -28108 -204
41 140 2.1 -27932 -278
42 140 2.1 -28096 -104
43 140 2.1 -28208 -36
44 140 2.1 -28080 12
45 140 2.1 -28048 -126
46 140 2.1 -28076 -202
47 140 2.1 -28384 -88
48 140 2.1 -28308 -36
49 140 2.1 -28128 22
50 140 2.1 -28316 -42
51 140 2.1 -28448 172
52 140 2.1 -28416 112
53 140 2.1 -28620 42
54 140 2.1 -28436 -38
55 140 2.1 -28236 50
56 140 2.1 -28348 88
57 140 2.1 -28292 200
58 140 2.1 -28436 228
59 140 2.1 -28292 112
60 140 2.1 -28364 30
61 140 2.1 -28244 -2
62 140 2.1 -28528 24
63 140 2.1 -28376 128
64 140 2.1 -28452 -86
65 140 2.1 -28452 -128
66 140 2.1 -28836 -96
67 140 2.1 -28540 -2
68 140 2.1 -28208 94
69 140 2.1 -28232 216
70 140 2.1 -28196 212
71 140 2.1 -28064 158
72 140 2.1 -28224 200
73 140 2.1 -28516 172
74 140 2.1 -28456 446
75 140 2.1 -28628 336
76 140 2.1 -28460 382
77 140 2.1 -28736 338
78 140 2.1 -28820 212
79 140 2.1 -28560 272
80 140 2.1 -28936 150
81 140 2.1 -28896 154
82 140 2.1 -28648 146
83 140 2.1 -28556 182
84 140 2.1 -28832 236
85 140 2.1 -28924 170
86 140 2.1 -28912 192
88 140 2.1 -28456 180
89 140 2.1 -28704 190
90 140 2.1 -29092 254
91 140 2.1 -29072 144
92 140 2.1 -28860 190
93 140 2.1 -29232 196
95 140 2.1 -28924 -92
96 140 2.1 -28860 -236
97 140 2.1 -28824 -112
98 140 2.1 -28992 82
99 140 2.1 -28832 164
101 140 2.1 -28728 168
102 140 2.1 -28992 148
103 140 2.1 -29056 56
105 140 2.1 -29284 42
106 140 2.1 -29180 234
107 140 2.1 -29108 418
109 140 2.1 -28776 316
110 140 2.1 -28920 254
112 140 2.1 -28792 232
113 140 2.1 -28956 86
114 140 2.1 -29100 206
116 140 2.1 -29132 88
117 140 2.1 -29120 -86
119 140 2.1 -29116 148
120 140 2.1 -29004 134
122 140 2.1 -29320 -34
124 140 2.1 -29332 -148
125 140 2.1 -29072 -96
127 140 2.1 -28664 42
128 140 2.1 -28768 66
130 140 2.1 -29156 210
132 140 2.1 -29444 142
133 140 2.1 -29328 174
135 140 2.1 -29328 434
137 140 2.1 -29056 266
139 140 2.1 -29276 280
140 140 2.1 -29192 310
142 140 2.1 -29240 558
144 140 2.1 -29132 276
146 140 2.1 -29376 150
148 140 2.1 -29208 152
150 140 2.1 -29328 294
152 140 2.1 -29652 280
154 140 2.1 -29816 284
155 140 2.1 -29592 420
157 140 2.1 -29564 346
160 140 2.1 -29532 478
162 140 2.1 -29400 658
164 140 2.1 -29384 554
166 140 2.1 -29468 538
168 140 2.1 -29276 340
170 140 2.1 -29160 274
172 140 2.1 -29040 -12
174 140 2.1 -29684 158
177 140 2.1 -29524 38
179 140 2.1 -29296 198
181 140 2.1 -29932 410
184 140 2.1 -29900 746
186 140 2.1 -30020 558
188 140 2.1 -29692 368
191 140 2.1 -29512 194
193 140 2.1 -29728 54
196 140 2.1 -29524 148
198 140 2.1 -29696 268
201 140 2.1 -29900 404
203 140 2.1 -29648 326
206 140 2.1 -29820 54
209 140 2.1 -30264 86
211 140 2.1 -29892 236
214 140 2.1 -29816 388
217 140 2.1 -30080 412
220 140 2.1 -29588 298
222 140 2.1 -30112 290
225 140 2.1 -30320 254
228 140 2.1 -30120 20
231 140 2.1 -30088 60
234 140 2.1 -30292 -346
237 140 2.1 -29876 -170
240 140 2.1 -29720 -162
243 140 2.1 -29956 20
246 140 2.1 -30052 24
250 140 2.1 -29960 -6
253 140 2.1 -29804 90
256 140 2.1 -29768 14
259 140 2.1 -30072 -216
263 140 2.1 -30068 -188
266 140 2.1 -29828 -280
269 140 2.1 -29900 -276
273 140 2.1 -29896 -170
276 140 2.1 -30072 18
280 140 2.1 -29936 -242
284 140 2.1 -30412 -252
287 140 2.1 -29776 -216
291 140 2.1 -30028 -142
295 140 2.1 -30404 -320
298 140 2.1 -30456 -382
302 140 2.1 -29864 -102
306 140 2.1 -30184 -240
310 140 2.1 -29928 -6
314 140 2.1 -29936 -430
318 140 2.1 -29900 -354
322 140 2.1 -29976 -340
326 140 2.1 -30076 -460
331 140 2.1 -30756 -856
335 140 2.1 -30848 -758
339 140 2.1 -30776 -720
344 140 2.1 -30760 -668
348 140 2.1 -30448 -702
352 140 2.1 -30520 -624
357 140 2.1 -30936 -314
362 140 2.1 -30524 -116
366 140 2.1 -30936 78
371 140 2.1 -30820 340
376 140 2.1 -30764 454
381 140 2.1 -30056 68
385 140 2.1 -30408 116
390 140 2.1 -30448 296
395 140 2.1 -30344 192
401 140 2.1 -30672 226
406 140 2.1 -30984 346
411 140 2.1 -30572 472
416 140 2.1 -30984 516
422 140 2.1 -30180 810
427 140 2.1 -30732 1272
433 140 2.1 -31060 1182
438 140 2.1 -30852 1226
444 140 2.1 -31252 1326
449 140 2.1 -30752 1160
455 140 2.1 -31244 1330
461 140 2.1 -30716 1492
467 140 2.1 -30592 1376
473 140 2.1 -30704 1662
479 140 2.1 -30912 1652
485 140 2.1 -30964 1546
492 140 2.1 -31088 1564
498 140 2.1 -31072 1834
504 140 2.1 -31164 2064
511 140 2.1 -31088 2264
517 140 2.1 -31060 2262
524 140 2.1 -31212 2260
531 140 2.1 -30820 2276
538 140 2.1 -31028 2426
545 140 2.1 -31008 2442
552 140 2.1 -31096 2188
559 140 2.1 -31244 2094
566 140 2.1 -30968 2278
573 140 2.1 -31008 2244
581 140 2.1 -30992 2166
588 140 2.1 -30552 2460
596 140 2.1 -30936 2688
603 140 2.1 -31572 2878
611 140 2.1 -31056 2920
619 140 2.1 -31188 2752
627 140 2.1 -31432 2998
635 140 2.1 -31460 3292
643 140 2.1 -31488 3294
652 140 2.1 -31008 3324
660 140 2.1 -31336 3148
668 140 2.1 -31324 2738
677 140 2.1 -31732 2546
686 140 2.1 -31496 2506
695 140 2.1 -31404 2106
704 140 2.1 -31360 1842
713 140 2.1 -31280 1644
722 140 2.1 -31444 1826
731 140 2.1 -31344 1810
741 140 2.1 -31436 2040
750 140 2.1 -31508 1872
760 140 2.1 -31044 2104
770 140 2.1 -31152 2092
780 140 2.1 -31648 1796
790 140 2.1 -30688 1946
800 140 2.1 -31460 1984
810 140 2.1 -31240 1840
821 140 2.1 -31644 2224
831 140 2.1 -31280 2222
842 140 2.1 -31184 2178
853 140 2.1 -31420 2314
864 140 2.1 -31588 2030
875 140 2.1 -31044 2180
886 140 2.1 -31620 1804
897 140 2.1 -31860 1422
909 140 2.1 -31796 1018
921 140 2.1 -31348 1398
933 140 2.1 -31404 1872
945 140 2.1 -31044 2592
957 140 2.1 -30956 2820
969 140 2.1 -31784 2876
982 140 2.1 -30984 2864
994 140 2.1 -31468 2758
1007 140 2.1 -31176 2968
1020 140 2.1 -31576 2834
1033 140 2.1 -30908 2420
1047 140 2.1 -31464 2710
1060 140 2.1 -31580 2500
1074 140 2.1 -31144 2532
1088 140 2.1 -30904 2544
1102 140 2.1 -31248 2424
1116 140 2.1 -30796 2488
1130 140 2.1 -31076 2900
1145 140 2.1 -30828 3120
1160 140 2.1 -31428 2986
1174 140 2.1 -31092 2814
1190 140 2.1 -30904 2530
1205 140 2.1 -31068 2634
1220 140 2.1 -31204 2546
1236 140 2.1 -30728 2480
1252 140 2.1 -30796 2398
1268 140 2.1 -31348 2796
1285 140 2.1 -31176 2776
1301 140 2.1 -30968 2768
1318 140 2.1 -31024 3074
1335 140 2.1 -31340 2952
1352 140 2.1 -31456 2584
1370 140 2.1 -31000 2992
1387 140 2.1 -31388 3598
1405 140 2.1 -31404 3452
1423 140 2.1 -31536 3342
1442 140 2.1 -31548 3658
1460 140 2.1 -31756 3622
1479 140 2.1 -31620 4432
1498 140 2.1 -31484 4172
1517 140 2.1 -31952 4648
1537 140 2.1 -31376 4630
1557 140 2.1 -31516 4786
1577 140 2.1 -31528 4040
1597 140 2.1 -31668 4320
1618 140 2.1 -31452 4534
1639 140 2.1 -31420 4816
1660 140 2.1 -31572 4764
1681 140 2.1 -31016 4528
1703 140 2.1 -31508 4552
1725 140 2.1 -30836 4326
1747 140 2.1 -31628 4522
1770 140 2.1 -31196 4472
1792 140 2.1 -30860 4250
1816 140 2.1 -31684 4908
1839 140 2.1 -31928 4900
1863 140 2.1 -31632 4938
1887 140 2.1 -31468 4928
1911 140 2.1 -31444 5218
1936 140 2.1 -31700 5714
1961 140 2.1 -31328 5402
1986 140 2.1 -31908 5498
2012 140 2.1 -31104 5436
2037 140 2.1 -31332 5478
2064 140 2.1 -31636 5242
2090 140 2.1 -31620 5034
2117 140 2.1 -31316 5200
2145 140 2.1 -31192 5974
2172 140 2.1 -31904 5650
2200 140 2.1 -31024 5430
2229 140 2.1 -31300 5948
2257 140 2.1 -31488 5540
2286 140 2.1 -31160 6236
2316 140 2.1 -31620 5790
2346 140 2.1 -31636 5860
2376 140 2.1 -31244 6446
2407 140 2.1 -30992 6152
2438 140 2.1 -31760 7082
2469 140 2.1 -31688 6762
2501 140 2.1 -31596 6986
2533 140 2.1 -32124 7096
2566 140 2.1 -31548 6414
2599 140 2.1 -31576 6612
2633 140 2.1 -31192 6934
2667 140 2.1 -31788 6916
2701 140 2.1 -31456 6968
2736 140 2.1 -31712 7236
2771 140 2.1 -31744 7120
2807 140 2.1 -31588 7418
2843 140 2.1 -31588 7652
2880 140 2.1 -31716 7136
2917 140 2.1 -31868 7176
2954 140 2.1 -31660 7474
2992 140 2.1 -31252 7642
3031 140 2.1 -32156 7730
3070 140 2.1 -31544 7244
3110 140 2.1 -31668 7990
3150 140 2.1 -32132 7934
3190 140 2.1 -31560 8080
3232 140 2.1 -31704 8128
3273 140 2.1 -31856 8828
3315 140 2.1 -31788 8834
3358 140 2.1 -31300 8758
3402 140 2.1 -31640 9132
3445 140 2.1 -32136 9428
3490 140 2.1 -31704 8744
3535 140 2.1 -31868 9334
3580 140 2.1 -32104 9916
3627 140 2.1 -31544 9358
3673 140 2.1 -32292 10268
3721 140 2.1 -32128 10230
3769 140 2.1 -31816 10586
3817 140 2.1 -32028 10530
3867 140 2.1 -31672 9746
3916 140 2.1 -31368 9384
3967 140 2.1 -30856 9764
4018 140 2.1 -31416 10094
4070 140 2.1 -31500 10208
4122 140 2.1 -31616 10272
4176 140 2.1 -31756 10704
4229 140 2.1 -31548 11422
4284 140 2.1 -31660 11268
4339 140 2.1 -32516 11812
4395 140 2.1 -31308 11366
4452 140 2.1 -32144 11572
4509 140 2.1 -31764 10850
4567 140 2.1 -31020 11270
4626 140 2.1 -32232 11630
4686 140 2.1 -31784 11104
4746 140 2.1 -31584 11174
4808 140 2.1 -31772 11718
4870 140 2.1 -31628 11502
4932 140 2.1 -31060 11428
4996 140 2.1 -32108 12302
5060 140 2.1 -31884 12346
5126 140 2.1 -31700 13234
5192 140 2.1 -31804 13592
5259 140 2.1 -31536 14240
5327 140 2.1 -32444 15156
5395 140 2.1 -32468 15406
5465 140 2.1 -32424 15904
5535 140 2.1 -32340 16010
5607 140 2.1 -32612 16062
5679 140 2.1 -32328 16540
5752 140 2.1 -32292 16640
5826 140 2.1 -32248 16550
5902 140 2.1 -32792 16816
5978 140 2.1 -32688 16890
6055 140 2.1 -33152 17400
6133 140 2.1 -32328 16982
6212 140 2.1 -32968 17240
6292 140 2.1 -32924 17154
6373 140 2.1 -31980 16792
6455 140 2.1 -32124 16754
6539 140 2.1 -32624 17100
6623 140 2.1 -33348 17488
6708 140 2.1 -32576 17102
6795 140 2.1 -32744 16964
6883 140 2.1 -32844 16958
6971 140 2.1 -32080 16876
7061 140 2.1 -32652 17062
7152 140 2.1 -32596 17162
7245 140 2.1 -32832 17292
7338 140 2.1 -32812 17142
7433 140 2.1 -32616 17050
7529 140 2.1 -32232 16776
7626 140 2.1 -32776 17230
7724 140 2.1 -32556 17106
7824 140 2.1 -32096 16790
7925 140 2.1 -32304 16784
8027 140 2.1 -32408 16958
8130 140 2.1 -32724 17106
8235 140 2.1 -32856 17216
8341 140 2.1 -32536 16754
8449 140 2.1 -32200 16624
8558 140 2.1 -32700 16900
8668 140 2.1 -32780 17158
8780 140 2.1 -31996 16740
8893 140 2.1 -32348 16930
9008 140 2.1 -32360 16440
9124 140 2.1 -32144 16634
9242 140 2.1 -32208 16890
9361 140 2.1 -32448 17016
9482 140 2.1 -32532 16960
9604 140 2.1 -32452 16946
9728 140 2.1 -32400 17020
9853 140 2.1 -33180 17276
9980 140 2.1 -32564 16934
10109 140 2.1 -32456 16812
10240 140 2.1 -32940 17334
10372 140 2.1 -32704 16912
10505 140 2.1 -32820 17108
10641 140 2.1 -32784 17154
10778 140 2.1 -32796 17304
10917 140 2.1 -32904 17258
11058 140 2.1 -32708 17192
11201 140 2.1 -32896 17330
11345 140 2.1 -31864 16468
11491 140 2.1 -32596 17030
11640 140 2.1 -32344 16720
11790 140 2.1 -32600 16940
11942 140 2.1 -32528 16966
12096 140 2.1 -32416 17018
12252 140 2.1 -32500 16840
12410 140 2.1 -32732 16964
12570 140 2.1 -32768 17020
12732 140 2.1 -32460 17048
12896 140 2.1 -32944 17174
13062 140 2.1 -32908 17098
13231 140 2.1 -32968 17330
13402 140 2.1 -32724 16930
13574 140 2.1 -32600 17006
13750 140 2.1 -32876 17164
13927 140 2.1 -32672 17114
14106 140 2.1 -32956 17110
14288 140 2.1 -32720 17168
14473 140 2.1 -33064 17348
14659 140 2.1 -32744 17194
14848 140 2.1 -32552 16698
15040 140 2.1 -32088 16624
15234 140 2.1 -32480 17062
15430 140 2.1 -32012 16760
15629 140 2.1 -32700 17124
15831 140 2.1 -32556 16836
16035 140 2.1 -32148 16868
16242 140 2.1 -31928 16752
16451 140 2.1 -32728 17048
16664 140 2.1 -32684 17072
16879 140 2.1 -32672 17032
17096 140 2.1 -32520 16746
17317 140 2.1 -32668 17204
17540 140 2.1 -32776 17062
17766 140 2.1 -32576 17084
17995 140 2.1 -32576 17034
18228 140 2.1 -32408 16898
18463 140 2.1 -32512 16602
18701 140 2.1 -32848 17290
18942 140 2.1 -32644 16872
19186 140 2.1 -32644 17132
19434 140 2.1 -32908 17012
19684 140 2.1 -32444 17004
19938 140 2.1 -32204 16716
20195 140 2.1 -32588 17146
20456 140 2.1 -32552 16982
20720 140 2.1 -32556 16988
20987 140 2.1 -32612 17106
21258 140 2.1 -32128 16950
21532 140 2.1 -32228 16944
21810 140 2.1 -32628 17046
22091 140 2.1 -32568 16878
22376 140 2.1 -32260 16836
22664 140 2.1 -32736 17112
22957 140 2.1 -32312 16952
23253 140 2.1 -33128 17402
23553 140 2.1 -32696 17124
23856 140 2.1 -32304 16756
24164 140 2.1 -32716 17036
24476 140 2.1 -32736 17178
24791 140 2.1 -32388 17000
25111 140 2.1 -32840 16996
25435 140 2.1 -33288 17292
25763 140 2.1 -32412 16904
26095 140 2.1 -33032 17424
26432 140 2.1 -32560 17118
26773 140 2.1 -32956 17260
27118 140 2.1 -32304 16942
27468 140 2.1 -32560 16988
27822 140 2.1 -32320 16958
28181 140 2.1 -32624 17066
28545 140 2.1 -32216 16890
28913 140 2.1 -32476 16962
29286 140 2.1 -33196 17474
29663 140 2.1 -32984 17230
30046 140 2.1 -32648 17152
30434 140 2.1 -32672 17156
30826 140 2.1 -32660 17132
31224 140 2.1 -32532 16870
31626 140 2.1 -32448 16776
32034 140 2.1 -32596 17032
32447 140 2.1 -32384 16914
32866 140 2.1 -32324 16704
33290 140 2.1 -32884 17210
33719 140 2.1 -33208 17420
34154 140 2.1 -32444 16930
34595 140 2.1 -32324 16908
35041 140 2.1 -32344 16784
35493 140 2.1 -33056 17202
35951 140 2.1 -32788 17304
36414 140 2.1 -32852 17234
36884 140 2.1 -32788 17258
37360 140 2.1 -32588 16784
37841 140 2.1 -32532 16952
38330 140 2.1 -32232 16780
38824 140 2.1 -31868 16570
39325 140 2.1 -32636 17024
39832 140 2.1 -32280 16670
40346 140 2.1 -32484 17056
40866 140 2.1 -32272 16990
41393 140 2.1 -32976 17284
41927 140 2.1 -32688 17018
42468 140 2.1 -32268 16832
43015 140 2.1 -32672 17202
43570 140 2.1 -32960 17262
44132 140 2.1 -32372 16736
44701 140 2.1 -33308 17512
45278 140 2.1 -32644 17226
45862 140 2.1 -32744 17162
46453 140 2.1 -32844 17186
47053 140 2.1 -32652 17032
47660 140 2.1 -32616 17130
48274 140 2.1 -32652 17118
48897 140 2.1 -33280 17480
49528 140 2.1 -32536 16858
50166 140 2.1 -32916 17162
50813 140 2.1 -32688 17168
51469 140 2.1 -32552 17104
52133 140 2.1 -32964 17368
52805 140 2.1 -32820 17044
53486 140 2.1 -32772 17246
54176 140 2.1 -32780 17190
54875 140 2.1 -32944 17244
55582 140 2.1 -32684 17086
56299 140 2.1 -33076 17388
57025 140 2.1 -32508 17112
57761 140 2.1 -32092 16702
58506 140 2.1 -32200 16762
59261 140 2.1 -32392 17070
60025 140 2.1 -32872 17234
60799 140 2.1 -32908 17384
61583 140 2.1 -33084 17278
62378 140 2.1 -32612 17028
63182 140 2.1 -32776 17078
63997 140 2.1 -32580 17054
64822 140 2.1 -32680 17020
65658 140 2.1 -32652 17128
66505 140 2.1 -32536 16926
67363 140 2.1 -32428 16636
68232 140 2.1 -32664 17196
69112 140 2.1 -32400 17052
70003 140 2.1 -32864 17160
70906 140 2.1 -32760 17104
71821 140 2.1 -33152 17302
72747 140 2.1 -32196 16898
73685 140 2.1 -32652 17006
74636 140 2.1 -32628 16724
75599 140 2.1 -32608 17184
76574 140 2.1 -32868 17278
77561 140 2.1 -32604 17116
78562 140 2.1 -33104 17388
79575 140 2.1 -32968 17266
80601 140 2.1 -32396 16948
81641 140 2.1 -32576 17056
82694 140 2.1 -32544 16862
83760 140 2.1 -32480 17032
84841 140 2.1 -33340 17518
85935 140 2.1 -32884 17272
87043 140 2.1 -32680 17072
88166 140 2.1 -32856 17196
89303 140 2.1 -32780 17308
90455 140 2.1 -32828 17176
91622 140 2.1 -33096 17150
92803 140 2.1 -32324 16856
94000 140 2.1 -32104 16614
95213 140 2.1 -32984 17154
96441 140 2.1 -32060 16738
97685 140 2.1 -32392 16920
98945 140 2.1 -33084 17222
100221 140 2.1 -32704 17156
101513 140 2.1 -32812 17254
102823 140 2.1 -32688 16610
104149 140 2.1 -32724 17122
105492 140 2.1 -33024 17320
106853 140 2.1 -32792 17312
108231 140 2.1 -32012 16596
109627 140 2.1 -32484 17072
111041 140 2.1 -32392 16938
112473 140 2.1 -32680 17114
113924 140 2.1 -32288 16848
115393 140 2.1 -32500 16934
116882 140 2.1 -32896 17268
118389 140 2.1 -32688 17160
119916 140 2.1 -32572 17176
121463 140 2.1 -31940 16706
123029 140 2.1 -32448 17092
124616 140 2.1 -32500 17004
126224 140 2.1 -32976 17326
127852 140 2.1 -32280 16930
129501 140 2.1 -32608 16936
131171 140 2.1 -32260 16928
132863 140 2.1 -32968 17254
134576 140 2.1 -33340 17444
136312 140 2.1 -32880 17214
138070 140 2.1 -32744 17104
139851 140 2.1 -32324 16766
141655 140 2.1 -32964 17264
143482 140 2.1 -32616 16994
145333 140 2.1 -32424 17016
147207 140 2.1 -32980 17310
149106 140 2.1 -32504 16770
151029 140 2.1 -32772 17218
152977 140 2.1 -32692 17118
154950 140 2.1 -32412 16824
156948 140 2.1 -32564 17176
158973 140 2.1 -32876 17240
161023 140 2.1 -32620 16974
163100 140 2.1 -32860 16986
165204 140 2.1 -32184 16862
167334 140 2.1 -32912 17070
169493 140 2.1 -32440 16886
171679 140 2.1 -32476 16882
173893 140 2.1 -32940 17188
176136 140 2.1 -33000 17342
178408 140 2.1 -32108 16748
180709 140 2.1 -32444 16966
183040 140 2.1 -32840 17196
185400 140 2.1 -32524 17100
187792 140 2.1 -32528 17088
190214 140 2.1 -32332 16886
192667 140 2.1 -32516 17018
195152 140 2.1 -32416 16888
197669 140 2.1 -32136 16918
200219 140 2.1 -32852 17256
202801 140 2.1 -32372 16684
205417 140 2.1 -32716 17242
208066 140 2.1 -32676 17078
210750 140 2.1 -32736 17212
213468 140 2.1 -32092 16322
216222 140 2.1 -32720 17060
219010 140 2.1 -32192 17010
221835 140 2.1 -32440 16892
224696 140 2.1 -32092 16776
227595 140 2.1 -32752 16896
230530 140 2.1 -32316 17034
233503 140 2.1 -32416 16932
236515 140 2.1 -32624 17050
239566 140 2.1 -33060 17256
242656 140 2.1 -32808 17048
245785 140 2.1 -32468 17140
248956 140 2.1 -32744 17170
252167 140 2.1 -32692 17000
255419 140 2.1 -32828 17236
258713 140 2.1 -32572 17032
262050 140 2.1 -32528 17010
265430 140 2.1 -32636 16612
268854 140 2.1 -33572 17580
272321 140 2.1 -32240 16824
275834 140 2.1 -32088 16596
279391 140 2.1 -33116 17296
282995 140 2.1 -32704 17162
286645 140 2.1 -32832 17218
290342 140 2.1 -32208 16788
294087 140 2.1 -32532 17056
297880 140 2.1 -32480 17100
301722 140 2.1 -32452 16978
305614 140 2.1 -32680 17090
309556 140 2.1 -32312 17018
313548 140 2.1 -32728 16818
317592 140 2.1 -32688 17096
321689 140 2.1 -33076 17334
325838 140 2.1 -32612 16928
330040 140 2.1 -32752 16994
334297 140 2.1 -32608 17056
338609 140 2.1 -32440 16978
342976 140 2.1 -32184 16810
347400 140 2.1 -32740 17052
351881 140 2.1 -32660 17112
356419 140 2.1 -31664 16576
361016 140 2.1 -31880 16590
365673 140 2.1 -32680 17082
370389 140 2.1 -32856 17158
375167 140 2.1 -32480 17014
380005 140 2.1 -32584 17064
384907 140 2.1 -32712 17058
389871 140 2.1 -32436 16998
394900 140 2.1 -32872 16992
399993 140 2.1 -32508 17036
405152 140 2.1 -32800 17168
410378 140 2.1 -33172 17414
415671 140 2.1 -32448 16982
421032 140 2.1 -32644 17118
426463 140 2.1 -32476 16836
431963 140 2.1 -32448 16934
437535 140 2.1 -32412 16812
443178 140 2.1 -32248 16780
448894 140 2.1 -32488 17044
454684 140 2.1 -31940 16700
460548 140 2.1 -32256 16994
466489 140 2.1 -32620 17120
472505 140 2.1 -32384 16628
478600 140 2.1 -32792 17008
484773 140 2.1 -32500 17086
491025 140 2.1 -32024 16840
497358 140 2.1 -32108 16956
503773 140 2.1 -32800 17020
510271 140 2.1 -32412 17000
516852 140 2.1 -32328 16840
523519 140 2.1 -32364 17006
530271 140 2.1 -32432 16666
537111 140 2.1 -32448 16956
544038 140 2.1 -32368 16758
551055 140 2.1 -32288 16982
558163 140 2.1 -32572 17200
565362 140 2.1 -32636 17148
572654 140 2.1 -33004 17256
580040 140 2.1 -32424 16984
587521 140 2.1 -32728 17164
595099 140 2.1 -33128 17180
602775 140 2.1 -32080 16620
610549 140 2.1 -32472 16808
618424 140 2.1 -32904 17362
626400 140 2.1 -32996 17336
634480 140 2.1 -32572 16758
642663 140 2.1 -32124 16874
650952 140 2.1 -32352 16972
659348 140 2.1 -32264 16994
667853 140 2.1 -32500 16946
676467 140 2.1 -32776 17098
685192 140 2.1 -32704 17112
694029 140 2.1 -32584 17172
702981 140 2.1 -32316 16852
712048 140 2.1 -32356 16904
721232 140 2.1 -32232 16978
730534 140 2.1 -32472 17086
739957 140 2.1 -32496 17060
749500 140 2.1 -32968 17362
759168 140 2.1 -32476 16898
768959 140 2.1 -32116 16410
778877 140 2.1 -32404 16788
788923 140 2.1 -32360 16898
799099 140 2.1 -32736 17164
809405 140 2.1 -32924 17242
819845 140 2.1 -32136 16708
830419 140 2.1 -32568 17060
841130 140 2.1 -32552 17138
851979 140 2.1 -32256 16910
862968 140 2.1 -32644 17080
874098 140 2.1 -32348 16786
885373 140 2.1 -32324 16992
896792 140 2.1 -32444 16994
908359 140 2.1 -32468 17096
920075 140 2.1 -32812 17114
931942 140 2.1 -32328 16874
943962 140 2.1 -32260 16978
956137 140 2.1 -33128 17410
968470 140 2.1 -32616 17088
980961 140 2.1 -32408 16898
993613 140 2.1 -32684 16888
999999 140 2.1 -32268 16774
