3 20 2.2 -420 -38
4 20 2.2 -420 -32
5 20 2.2 -448 -44
6 20 2.2 -416 -48
7 20 2.2 -484 -36
8 20 2.2 -464 -46
9 20 2.2 -512 -52
10 20 2.2 -468 -74
11 20 2.2 -500 -74
12 20 2.2 -496 -98
13 20 2.2 -564 -98
14 20 2.2 -556 -126
15 20 2.2 -500 -156
16 20 2.2 -488 -138
17 20 2.2 -544 -106
18 20 2.2 -504 -108
19 20 2.2 -548 -120
20 20 2.2 -512 -144
21 20 2.2 -540 -102
22 20 2.2 -508 -110
23 20 2.2 -516 -96
24 20 2.2 -520 -102
25 20 2.2 -544 -84
26 20 2.2 -552 -104
27 20 2.2 -572 -106
28 20 2.2 -528 -102
29 20 2.2 -488 -88
30 20 2.2 -524 -82
31 20 2.2 -512 -114
32 20 2.2 -500 -124
33 20 2.2 -520 -100
34 20 2.2 -456 -76
35 20 2.2 -520 -68
36 20 2.2 -488 -64
37 20 2.2 -448 -76
38 20 2.2 -492 -94
39 20 2.2 -508 -100
40 20 2.2 -508 -118
41 20 2.2 -544 -118
42 20 2.2 -508 -106
43 20 2.2 -548 -120
44 20 2.2 -540 -92
45 20 2.2 -540 -90
46 20 2.2 -520 -96
47 20 2.2 -560 -76
48 20 2.2 -520 -88
49 20 2.2 -524 -94
50 20 2.2 -476 -96
51 20 2.2 -492 -116
52 20 2.2 -512 -82
53 20 2.2 -492 -100
54 20 2.2 -532 -106
55 20 2.2 -528 -122
56 20 2.2 -548 -114
57 20 2.2 -556 -110
58 20 2.2 -532 -120
59 20 2.2 -532 -118
60 20 2.2 -500 -90
61 20 2.2 -528 -122
62 20 2.2 -548 -130
63 20 2.2 -556 -122
64 20 2.2 -584 -136
65 20 2.2 -576 -118
66 20 2.2 -556 -116
67 20 2.2 -524 -74
68 20 2.2 -536 -96
69 20 2.2 -536 -112
70 20 2.2 -556 -72
71 20 2.2 -564 -40
72 20 2.2 -560 -40
73 20 2.2 -512 -50
74 20 2.2 -488 -74
75 20 2.2 -472 -74
76 20 2.2 -452 -72
77 20 2.2 -480 -58
78 20 2.2 -492 -16
79 20 2.2 -496 -40
80 20 2.2 -496 -64
81 20 2.2 -496 -62
82 20 2.2 -496 -90
83 20 2.2 -536 -120
84 20 2.2 -524 -132
85 20 2.2 -528 -136
86 20 2.2 -536 -148
88 20 2.2 -544 -102
89 20 2.2 -532 -112
90 20 2.2 -536 -156
91 20 2.2 -484 -172
92 20 2.2 -516 -186
93 20 2.2 -524 -156
95 20 2.2 -476 -120
96 20 2.2 -484 -146
97 20 2.2 -464 -134
98 20 2.2 -468 -140
99 20 2.2 -512 -152
101 20 2.2 -508 -144
102 20 2.2 -480 -154
103 20 2.2 -488 -168
105 20 2.2 -504 -176
106 20 2.2 -564 -198
107 20 2.2 -540 -176
109 20 2.2 -548 -172
110 20 2.2 -508 -192
112 20 2.2 -488 -184
113 20 2.2 -548 -230
114 20 2.2 -556 -230
116 20 2.2 -580 -248
117 20 2.2 -588 -240
119 20 2.2 -536 -266
120 20 2.2 -576 -274
122 20 2.2 -540 -264
124 20 2.2 -608 -316
125 20 2.2 -584 -304
127 20 2.2 -552 -294
128 20 2.2 -584 -298
130 20 2.2 -540 -282
132 20 2.2 -516 -264
133 20 2.2 -544 -280
135 20 2.2 -544 -266
137 20 2.2 -600 -298
139 20 2.2 -588 -284
140 20 2.2 -612 -284
142 20 2.2 -600 -272
144 20 2.2 -608 -316
146 20 2.2 -604 -310
148 20 2.2 -568 -290
150 20 2.2 -568 -284
152 20 2.2 -616 -280
154 20 2.2 -640 -302
155 20 2.2 -544 -260
157 20 2.2 -536 -280
160 20 2.2 -596 -322
162 20 2.2 -628 -336
164 20 2.2 -652 -344
166 20 2.2 -644 -338
168 20 2.2 -660 -346
170 20 2.2 -648 -354
172 20 2.2 -608 -318
174 20 2.2 -624 -328
177 20 2.2 -528 -294
179 20 2.2 -540 -282
181 20 2.2 -568 -296
184 20 2.2 -592 -302
186 20 2.2 -560 -292
188 20 2.2 -544 -270
191 20 2.2 -596 -296
193 20 2.2 -560 -266
196 20 2.2 -540 -270
198 20 2.2 -548 -280
201 20 2.2 -548 -288
203 20 2.2 -504 -262
206 20 2.2 -528 -252
209 20 2.2 -484 -194
211 20 2.2 -504 -224
214 20 2.2 -556 -274
217 20 2.2 -580 -300
220 20 2.2 -648 -344
222 20 2.2 -620 -344
225 20 2.2 -584 -312
228 20 2.2 -560 -302
231 20 2.2 -632 -346
234 20 2.2 -672 -362
237 20 2.2 -684 -366
240 20 2.2 -668 -362
243 20 2.2 -668 -356
246 20 2.2 -572 -312
250 20 2.2 -596 -322
253 20 2.2 -584 -306
256 20 2.2 -584 -280
259 20 2.2 -572 -288
263 20 2.2 -636 -326
266 20 2.2 -640 -308
269 20 2.2 -544 -268
273 20 2.2 -560 -260
276 20 2.2 -520 -226
280 20 2.2 -512 -202
284 20 2.2 -512 -192
287 20 2.2 -544 -200
291 20 2.2 -572 -194
295 20 2.2 -508 -182
298 20 2.2 -492 -174
302 20 2.2 -544 -170
306 20 2.2 -580 -214
310 20 2.2 -548 -216
314 20 2.2 -564 -246
318 20 2.2 -572 -208
322 20 2.2 -528 -184
326 20 2.2 -576 -222
331 20 2.2 -528 -232
335 20 2.2 -576 -230
339 20 2.2 -668 -290
344 20 2.2 -568 -286
348 20 2.2 -612 -308
352 20 2.2 -632 -312
357 20 2.2 -620 -332
362 20 2.2 -608 -320
366 20 2.2 -680 -358
371 20 2.2 -672 -360
376 20 2.2 -664 -360
381 20 2.2 -656 -350
385 20 2.2 -552 -308
390 20 2.2 -656 -350
395 20 2.2 -684 -364
401 20 2.2 -648 -348
406 20 2.2 -648 -356
411 20 2.2 -668 -358
416 20 2.2 -660 -354
422 20 2.2 -660 -340
427 20 2.2 -572 -270
433 20 2.2 -608 -308
438 20 2.2 -564 -318
444 20 2.2 -568 -298
449 20 2.2 -664 -346
455 20 2.2 -712 -370
461 20 2.2 -676 -366
467 20 2.2 -680 -354
473 20 2.2 -716 -378
479 20 2.2 -704 -374
485 20 2.2 -636 -348
492 20 2.2 -696 -364
498 20 2.2 -676 -364
504 20 2.2 -748 -382
511 20 2.2 -604 -322
517 20 2.2 -672 -358
524 20 2.2 -640 -338
531 20 2.2 -696 -366
538 20 2.2 -644 -346
545 20 2.2 -616 -336
552 20 2.2 -592 -318
559 20 2.2 -644 -348
566 20 2.2 -692 -364
573 20 2.2 -580 -314
581 20 2.2 -616 -328
588 20 2.2 -632 -330
596 20 2.2 -672 -354
603 20 2.2 -632 -342
611 20 2.2 -580 -298
619 20 2.2 -560 -272
627 20 2.2 -548 -290
635 20 2.2 -568 -284
643 20 2.2 -592 -326
652 20 2.2 -636 -346
660 20 2.2 -604 -324
668 20 2.2 -628 -332
677 20 2.2 -664 -358
686 20 2.2 -588 -312
695 20 2.2 -716 -368
704 20 2.2 -612 -310
713 20 2.2 -604 -300
722 20 2.2 -656 -348
731 20 2.2 -628 -326
741 20 2.2 -620 -338
750 20 2.2 -648 -348
760 20 2.2 -644 -352
770 20 2.2 -548 -286
780 20 2.2 -592 -324
790 20 2.2 -600 -282
800 20 2.2 -632 -298
810 20 2.2 -524 -230
821 20 2.2 -564 -288
831 20 2.2 -612 -320
842 20 2.2 -560 -246
853 20 2.2 -492 -198
864 20 2.2 -552 -274
875 20 2.2 -724 -374
886 20 2.2 -684 -362
897 20 2.2 -672 -364
909 20 2.2 -576 -310
921 20 2.2 -620 -320
933 20 2.2 -628 -324
945 20 2.2 -640 -336
957 20 2.2 -648 -348
969 20 2.2 -628 -344
982 20 2.2 -536 -292
994 20 2.2 -576 -246
1007 20 2.2 -608 -332
1020 20 2.2 -524 -262
1033 20 2.2 -620 -278
1047 20 2.2 -584 -312
1060 20 2.2 -564 -298
1074 20 2.2 -612 -336
1088 20 2.2 -624 -324
1102 20 2.2 -676 -360
1116 20 2.2 -580 -302
1130 20 2.2 -660 -348
1145 20 2.2 -660 -354
1160 20 2.2 -700 -358
1174 20 2.2 -608 -332
1190 20 2.2 -636 -334
1205 20 2.2 -632 -336
1220 20 2.2 -648 -328
1236 20 2.2 -628 -324
1252 20 2.2 -628 -284
1268 20 2.2 -620 -254
1285 20 2.2 -556 -270
1301 20 2.2 -668 -354
1318 20 2.2 -680 -364
1335 20 2.2 -640 -350
1352 20 2.2 -676 -354
1370 20 2.2 -596 -318
1387 20 2.2 -608 -316
1405 20 2.2 -628 -338
1423 20 2.2 -680 -364
1442 20 2.2 -660 -362
1460 20 2.2 -604 -340
1479 20 2.2 -584 -320
1498 20 2.2 -656 -358
1517 20 2.2 -668 -350
1537 20 2.2 -604 -272
1557 20 2.2 -636 -350
1577 20 2.2 -560 -252
1597 20 2.2 -588 -330
1618 20 2.2 -584 -316
1639 20 2.2 -668 -356
1660 20 2.2 -664 -344
1681 20 2.2 -540 -236
1703 20 2.2 -656 -344
1725 20 2.2 -632 -338
1747 20 2.2 -704 -352
1770 20 2.2 -636 -338
1792 20 2.2 -648 -348
1816 20 2.2 -636 -344
1839 20 2.2 -632 -350
1863 20 2.2 -544 -298
1887 20 2.2 -516 -262
1911 20 2.2 -644 -330
1936 20 2.2 -544 -224
1961 20 2.2 -524 -136
1986 20 2.2 -508 -194
2012 20 2.2 -520 32
2037 20 2.2 -568 -268
2064 20 2.2 -656 -348
2090 20 2.2 -580 -276
2117 20 2.2 -512 -212
2145 20 2.2 -664 -356
2172 20 2.2 -600 -326
2200 20 2.2 -628 -330
2229 20 2.2 -616 -316
2257 20 2.2 -604 -318
2286 20 2.2 -612 -296
2316 20 2.2 -684 -360
2346 20 2.2 -620 -336
2376 20 2.2 -620 -308
2407 20 2.2 -616 -330
2438 20 2.2 -684 -350
2469 20 2.2 -656 -346
2501 20 2.2 -644 -334
2533 20 2.2 -636 -322
2566 20 2.2 -672 -356
2599 20 2.2 -664 -348
2633 20 2.2 -536 -292
2667 20 2.2 -628 -324
2701 20 2.2 -636 -340
2736 20 2.2 -600 -314
2771 20 2.2 -560 -240
2807 20 2.2 -612 -290
2843 20 2.2 -584 -316
2880 20 2.2 -756 -388
2917 20 2.2 -592 -314
2954 20 2.2 -668 -342
2992 20 2.2 -576 -272
3031 20 2.2 -584 -290
3070 20 2.2 -648 -342
3110 20 2.2 -660 -358
3150 20 2.2 -652 -356
3190 20 2.2 -632 -336
3232 20 2.2 -596 -310
3273 20 2.2 -652 -356
3315 20 2.2 -676 -362
3358 20 2.2 -536 -290
3402 20 2.2 -688 -358
3445 20 2.2 -568 -268
3490 20 2.2 -684 -362
3535 20 2.2 -672 -362
3580 20 2.2 -632 -348
3627 20 2.2 -616 -340
3673 20 2.2 -596 -198
3721 20 2.2 -500 -128
3769 20 2.2 -488 -144
3817 20 2.2 -580 -292
3867 20 2.2 -652 -338
3916 20 2.2 -640 -332
3967 20 2.2 -688 -368
4018 20 2.2 -604 -330
4070 20 2.2 -636 -348
4122 20 2.2 -648 -352
4176 20 2.2 -540 -194
4229 20 2.2 -704 -374
4284 20 2.2 -660 -346
4339 20 2.2 -568 -316
4395 20 2.2 -572 -284
4452 20 2.2 -528 -300
4509 20 2.2 -680 -352
4567 20 2.2 -648 -348
4626 20 2.2 -608 -332
4686 20 2.2 -584 -302
4746 20 2.2 -584 -290
4808 20 2.2 -564 -280
4870 20 2.2 -672 -358
4932 20 2.2 -552 -266
4996 20 2.2 -644 -344
5060 20 2.2 -612 -338
5126 20 2.2 -684 -368
5192 20 2.2 -652 -344
5259 20 2.2 -636 -330
5327 20 2.2 -620 -334
5395 20 2.2 -620 -330
5465 20 2.2 -724 -376
5535 20 2.2 -676 -366
5607 20 2.2 -576 -286
5679 20 2.2 -576 -294
5752 20 2.2 -644 -344
5826 20 2.2 -684 -364
5902 20 2.2 -484 -252
5978 20 2.2 -632 -322
6055 20 2.2 -600 -304
6133 20 2.2 -588 -324
6212 20 2.2 -660 -356
6292 20 2.2 -608 -324
6373 20 2.2 -648 -350
6455 20 2.2 -580 -304
6539 20 2.2 -592 -322
6623 20 2.2 -576 -294
6708 20 2.2 -652 -326
6795 20 2.2 -708 -362
6883 20 2.2 -704 -366
6971 20 2.2 -540 -294
7061 20 2.2 -544 -310
7152 20 2.2 -580 -308
7245 20 2.2 -608 -322
7338 20 2.2 -676 -358
7433 20 2.2 -632 -336
7529 20 2.2 -592 -320
7626 20 2.2 -696 -366
7724 20 2.2 -588 -286
7824 20 2.2 -676 -364
7925 20 2.2 -632 -302
8027 20 2.2 -684 -344
8130 20 2.2 -644 -354
8235 20 2.2 -656 -322
8341 20 2.2 -580 -308
8449 20 2.2 -648 -350
8558 20 2.2 -684 -354
8668 20 2.2 -632 -344
8780 20 2.2 -652 -350
8893 20 2.2 -584 -314
9008 20 2.2 -572 -180
9124 20 2.2 -552 -270
9242 20 2.2 -576 -302
9361 20 2.2 -664 -358
9482 20 2.2 -596 -314
9604 20 2.2 -596 -308
9728 20 2.2 -680 -364
9853 20 2.2 -540 -274
9980 20 2.2 -600 -332
10109 20 2.2 -732 -380
10240 20 2.2 -636 -340
10372 20 2.2 -656 -352
10505 20 2.2 -600 -266
10641 20 2.2 -628 -340
10778 20 2.2 -620 -330
10917 20 2.2 -624 -330
11058 20 2.2 -584 -306
11201 20 2.2 -596 -336
11345 20 2.2 -556 -272
11491 20 2.2 -520 -246
11640 20 2.2 -608 -336
11790 20 2.2 -676 -344
11942 20 2.2 -592 -308
12096 20 2.2 -524 -288
12252 20 2.2 -692 -366
12410 20 2.2 -672 -362
12570 20 2.2 -524 -198
12732 20 2.2 -564 -262
12896 20 2.2 -636 -324
13062 20 2.2 -600 -330
13231 20 2.2 -704 -370
13402 20 2.2 -656 -350
13574 20 2.2 -612 -300
13750 20 2.2 -572 -302
13927 20 2.2 -656 -348
14106 20 2.2 -672 -354
14288 20 2.2 -652 -332
14473 20 2.2 -656 -338
14659 20 2.2 -536 -222
14848 20 2.2 -520 -294
15040 20 2.2 -636 -330
15234 20 2.2 -612 -254
15430 20 2.2 -644 -342
15629 20 2.2 -632 -348
15831 20 2.2 -624 -340
16035 20 2.2 -648 -340
16242 20 2.2 -588 -314
16451 20 2.2 -624 -350
16664 20 2.2 -564 -280
16879 20 2.2 -544 -228
17096 20 2.2 -456 -108
17317 20 2.2 -724 374
17540 20 2.2 -588 310
17766 20 2.2 -608 334
17995 20 2.2 -560 290
18228 20 2.2 -608 324
18463 20 2.2 -660 336
18701 20 2.2 -664 358
18942 20 2.2 -676 350
19186 20 2.2 -624 330
19434 20 2.2 -648 358
19684 20 2.2 -704 368
19938 20 2.2 -624 302
20195 20 2.2 -576 -252
20456 20 2.2 -500 -198
20720 20 2.2 -604 -334
20987 20 2.2 -680 -366
21258 20 2.2 -656 -350
21532 20 2.2 -576 -268
21810 20 2.2 -572 -312
22091 20 2.2 -708 -374
22376 20 2.2 -580 -296
22664 20 2.2 -596 -308
22957 20 2.2 -688 -362
23253 20 2.2 -560 -286
23553 20 2.2 -472 -152
23856 20 2.2 -656 -360
24164 20 2.2 -640 -340
24476 20 2.2 -672 -360
24791 20 2.2 -644 -344
25111 20 2.2 -560 -230
25435 20 2.2 -588 -298
25763 20 2.2 -668 -348
26095 20 2.2 -628 -348
26432 20 2.2 -632 -324
26773 20 2.2 -576 -240
27118 20 2.2 -692 -362
27468 20 2.2 -680 -330
27822 20 2.2 -668 -360
28181 20 2.2 -540 -294
28545 20 2.2 -608 -304
28913 20 2.2 -592 -238
29286 20 2.2 -552 -278
29663 20 2.2 -596 -324
30046 20 2.2 -572 240
30434 20 2.2 -476 78
30826 20 2.2 -644 352
31224 20 2.2 -548 232
31626 20 2.2 -624 344
32034 20 2.2 -524 -56
32447 20 2.2 -608 -310
32866 20 2.2 -732 -382
33290 20 2.2 -560 -224
33719 20 2.2 -652 356
34154 20 2.2 -620 348
34595 20 2.2 -588 314
35041 20 2.2 -684 358
35493 20 2.2 -564 310
35951 20 2.2 -708 370
36414 20 2.2 -664 342
36884 20 2.2 -576 316
37360 20 2.2 -648 334
37841 20 2.2 -588 286
38330 20 2.2 -544 306
38824 20 2.2 -612 324
39325 20 2.2 -596 318
39832 20 2.2 -636 342
40346 20 2.2 -644 344
40866 20 2.2 -536 134
41393 20 2.2 -648 344
41927 20 2.2 -668 356
42468 20 2.2 -668 356
43015 20 2.2 -656 338
43570 20 2.2 -688 366
44132 20 2.2 -624 316
44701 20 2.2 -536 266
45278 20 2.2 -648 354
45862 20 2.2 -656 354
46453 20 2.2 -588 320
47053 20 2.2 -640 342
47660 20 2.2 -628 336
48274 20 2.2 -672 354
48897 20 2.2 -644 330
49528 20 2.2 -572 322
50166 20 2.2 -568 224
50813 20 2.2 -552 274
51469 20 2.2 -652 350
52133 20 2.2 -684 366
52805 20 2.2 -628 264
53486 20 2.2 -644 340
54176 20 2.2 -668 360
54875 20 2.2 -644 340
55582 20 2.2 -668 344
56299 20 2.2 -688 370
57025 20 2.2 -592 -274
57761 20 2.2 -584 -322
58506 20 2.2 -640 -322
59261 20 2.2 -672 -360
60025 20 2.2 -588 -278
60799 20 2.2 -532 114
61583 20 2.2 -684 366
62378 20 2.2 -712 374
63182 20 2.2 -720 374
63997 20 2.2 -688 368
64822 20 2.2 -672 354
65658 20 2.2 -660 352
66505 20 2.2 -652 334
67363 20 2.2 -604 332
68232 20 2.2 -580 288
69112 20 2.2 -612 338
70003 20 2.2 -632 322
70906 20 2.2 -628 332
71821 20 2.2 -644 346
72747 20 2.2 -664 342
73685 20 2.2 -624 342
74636 20 2.2 -564 252
75599 20 2.2 -652 318
76574 20 2.2 -532 268
77561 20 2.2 -636 338
78562 20 2.2 -644 344
79575 20 2.2 -588 318
80601 20 2.2 -588 262
81641 20 2.2 -628 326
82694 20 2.2 -512 242
83760 20 2.2 -584 302
84841 20 2.2 -656 358
85935 20 2.2 -624 306
87043 20 2.2 -580 300
88166 20 2.2 -620 310
89303 20 2.2 -616 338
90455 20 2.2 -492 272
91622 20 2.2 -668 -360
92803 20 2.2 -612 -316
94000 20 2.2 -576 -272
95213 20 2.2 -604 -322
96441 20 2.2 -712 -370
97685 20 2.2 -652 -348
98945 20 2.2 -552 -304
100221 20 2.2 -656 -350
101513 20 2.2 -648 -330
102823 20 2.2 -540 -298
104149 20 2.2 -564 -294
105492 20 2.2 -592 -260
106853 20 2.2 -632 -328
108231 20 2.2 -628 -344
109627 20 2.2 -620 340
111041 20 2.2 -624 336
112473 20 2.2 -580 288
113924 20 2.2 -584 324
115393 20 2.2 -636 344
116882 20 2.2 -632 326
118389 20 2.2 -668 358
119916 20 2.2 -648 334
121463 20 2.2 -688 362
123029 20 2.2 -620 326
124616 20 2.2 -664 354
126224 20 2.2 -504 174
127852 20 2.2 -676 362
129501 20 2.2 -620 342
131171 20 2.2 -572 278
132863 20 2.2 -472 226
134576 20 2.2 -592 324
136312 20 2.2 -584 260
138070 20 2.2 -668 348
139851 20 2.2 -688 366
141655 20 2.2 -664 -328
143482 20 2.2 -620 -334
145333 20 2.2 -560 -292
147207 20 2.2 -628 -268
149106 20 2.2 -516 -210
151029 20 2.2 -548 -154
152977 20 2.2 -556 -290
154950 20 2.2 -516 -170
156948 20 2.2 -664 -358
158973 20 2.2 -700 -372
161023 20 2.2 -544 -2
163100 20 2.2 -604 326
165204 20 2.2 -672 362
167334 20 2.2 -644 320
169493 20 2.2 -640 346
171679 20 2.2 -604 290
173893 20 2.2 -524 252
176136 20 2.2 -576 -292
178408 20 2.2 -632 -336
180709 20 2.2 -524 32
183040 20 2.2 -660 -354
185400 20 2.2 -620 -338
187792 20 2.2 -636 -310
190214 20 2.2 -532 -272
192667 20 2.2 -672 -358
195152 20 2.2 -612 -326
197669 20 2.2 -696 -366
200219 20 2.2 -624 322
202801 20 2.2 -664 356
205417 20 2.2 -632 294
208066 20 2.2 -572 328
210750 20 2.2 -648 346
213468 20 2.2 -588 280
216222 20 2.2 -540 194
219010 20 2.2 -540 244
221835 20 2.2 -676 330
224696 20 2.2 -584 306
227595 20 2.2 -656 334
230530 20 2.2 -640 338
233503 20 2.2 -584 282
236515 20 2.2 -504 214
239566 20 2.2 -492 -32
242656 20 2.2 -660 344
245785 20 2.2 -576 256
248956 20 2.2 -640 340
252167 20 2.2 -544 242
255419 20 2.2 -696 364
258713 20 2.2 -632 348
262050 20 2.2 -636 352
265430 20 2.2 -600 328
268854 20 2.2 -692 358
272321 20 2.2 -568 306
275834 20 2.2 -532 274
279391 20 2.2 -600 264
282995 20 2.2 -520 268
286645 20 2.2 -644 350
290342 20 2.2 -580 280
294087 20 2.2 -568 218
297880 20 2.2 -632 -304
301722 20 2.2 -608 -286
305614 20 2.2 -696 -368
309556 20 2.2 -500 -162
313548 20 2.2 -616 -322
317592 20 2.2 -556 -236
321689 20 2.2 -640 -334
325838 20 2.2 -588 -320
330040 20 2.2 -708 -352
334297 20 2.2 -676 -350
338609 20 2.2 -604 314
342976 20 2.2 -656 348
347400 20 2.2 -536 196
351881 20 2.2 -512 226
356419 20 2.2 -652 352
361016 20 2.2 -656 338
365673 20 2.2 -676 -356
370389 20 2.2 -688 -362
375167 20 2.2 -644 -332
380005 20 2.2 -676 -352
384907 20 2.2 -640 -342
389871 20 2.2 -684 -364
394900 20 2.2 -624 -284
399993 20 2.2 -644 -344
405152 20 2.2 -604 -326
410378 20 2.2 -608 -322
415671 20 2.2 -544 -250
421032 20 2.2 -528 -94
426463 20 2.2 -660 -342
431963 20 2.2 -668 -356
437535 20 2.2 -644 -340
443178 20 2.2 -580 -284
448894 20 2.2 -596 -310
454684 20 2.2 -656 -328
460548 20 2.2 -672 -364
466489 20 2.2 -640 -348
472505 20 2.2 -532 -172
478600 20 2.2 -660 358
484773 20 2.2 -640 332
491025 20 2.2 -708 -374
497358 20 2.2 -524 266
503773 20 2.2 -668 356
510271 20 2.2 -688 356
516852 20 2.2 -504 -254
523519 20 2.2 -652 -356
530271 20 2.2 -696 -370
537111 20 2.2 -692 -360
544038 20 2.2 -532 -206
551055 20 2.2 -572 -302
558163 20 2.2 -624 -340
565362 20 2.2 -712 374
572654 20 2.2 -612 322
580040 20 2.2 -636 324
587521 20 2.2 -660 -338
595099 20 2.2 -612 -260
602775 20 2.2 -564 -298
610549 20 2.2 -596 252
618424 20 2.2 -656 -326
626400 20 2.2 -652 322
634480 20 2.2 -584 280
642663 20 2.2 -628 344
650952 20 2.2 -616 332
659348 20 2.2 -596 328
667853 20 2.2 -636 344
676467 20 2.2 -656 340
685192 20 2.2 -676 -358
694029 20 2.2 -524 -276
702981 20 2.2 -568 296
712048 20 2.2 -664 352
721232 20 2.2 -632 348
730534 20 2.2 -556 300
739957 20 2.2 -584 300
749500 20 2.2 -604 -324
759168 20 2.2 -620 -334
768959 20 2.2 -680 356
778877 20 2.2 -588 294
788923 20 2.2 -608 -316
799099 20 2.2 -592 56
809405 20 2.2 -528 252
819845 20 2.2 -580 312
830419 20 2.2 -648 -346
841130 20 2.2 -580 278
851979 20 2.2 -608 324
862968 20 2.2 -628 318
874098 20 2.2 -616 330
885373 20 2.2 -536 250
896792 20 2.2 -740 384
908359 20 2.2 -672 -356
920075 20 2.2 -632 -324
931942 20 2.2 -592 -210
943962 20 2.2 -700 350
956137 20 2.2 -580 308
968470 20 2.2 -584 190
980961 20 2.2 -656 356
993613 20 2.2 -676 352
999999 20 2.2 -620 -330
