3 60 2.3 -3200 -302
4 60 2.3 -3396 -238
5 60 2.3 -3596 -286
6 60 2.3 -3796 -388
7 60 2.3 -3908 -344
8 60 2.3 -3880 -374
9 60 2.3 -4032 -428
10 60 2.3 -4152 -520
11 60 2.3 -4116 -508
12 60 2.3 -4172 -546
13 60 2.3 -4188 -478
14 60 2.3 -4092 -444
15 60 2.3 -4380 -378
16 60 2.3 -4380 -288
17 60 2.3 -4320 -214
18 60 2.3 -4436 -296
19 60 2.3 -4484 -120
20 60 2.3 -4656 -106
21 60 2.3 -4532 -116
22 60 2.3 -4428 -90
23 60 2.3 -4364 -100
24 60 2.3 -4084 -66
25 60 2.3 -4076 -4
26 60 2.3 -4208 40
27 60 2.3 -4248 148
28 60 2.3 -4212 76
29 60 2.3 -4232 12
30 60 2.3 -4240 36
31 60 2.3 -4264 102
32 60 2.3 -4364 126
33 60 2.3 -4352 112
34 60 2.3 -4560 242
35 60 2.3 -4524 154
36 60 2.3 -4480 130
37 60 2.3 -4604 86
38 60 2.3 -4492 104
39 60 2.3 -4528 4
40 60 2.3 -4484 28
41 60 2.3 -4508 42
42 60 2.3 -4504 2
43 60 2.3 -4604 54
44 60 2.3 -4476 84
45 60 2.3 -4368 128
46 60 2.3 -4456 192
47 60 2.3 -4424 290
48 60 2.3 -4280 240
49 60 2.3 -4476 270
50 60 2.3 -4420 282
51 60 2.3 -4452 204
52 60 2.3 -4512 156
53 60 2.3 -4536 150
54 60 2.3 -4532 150
55 60 2.3 -4548 132
56 60 2.3 -4568 164
57 60 2.3 -4548 248
58 60 2.3 -4516 272
59 60 2.3 -4452 254
60 60 2.3 -4500 250
61 60 2.3 -4444 234
62 60 2.3 -4568 242
63 60 2.3 -4444 242
64 60 2.3 -4352 258
65 60 2.3 -4388 262
66 60 2.3 -4424 328
67 60 2.3 -4448 328
68 60 2.3 -4384 256
69 60 2.3 -4436 128
70 60 2.3 -4496 202
71 60 2.3 -4452 176
72 60 2.3 -4468 222
73 60 2.3 -4552 120
74 60 2.3 -4384 180
75 60 2.3 -4600 210
76 60 2.3 -4616 282
77 60 2.3 -4668 296
78 60 2.3 -4596 332
79 60 2.3 -4656 378
80 60 2.3 -4608 470
81 60 2.3 -4472 432
82 60 2.3 -4532 436
83 60 2.3 -4500 406
84 60 2.3 -4464 374
85 60 2.3 -4496 456
86 60 2.3 -4652 546
88 60 2.3 -4604 558
89 60 2.3 -4476 546
90 60 2.3 -4492 548
91 60 2.3 -4468 542
92 60 2.3 -4376 566
93 60 2.3 -4384 648
95 60 2.3 -4296 710
96 60 2.3 -4536 666
97 60 2.3 -4416 704
98 60 2.3 -4488 672
99 60 2.3 -4468 734
101 60 2.3 -4516 812
102 60 2.3 -4520 820
103 60 2.3 -4532 812
105 60 2.3 -4604 712
106 60 2.3 -4616 662
107 60 2.3 -4492 634
109 60 2.3 -4556 660
110 60 2.3 -4416 770
112 60 2.3 -4352 730
113 60 2.3 -4416 656
114 60 2.3 -4340 580
116 60 2.3 -4276 528
117 60 2.3 -4296 494
119 60 2.3 -4384 564
120 60 2.3 -4568 592
122 60 2.3 -4524 608
124 60 2.3 -4484 560
125 60 2.3 -4424 536
127 60 2.3 -4620 604
128 60 2.3 -4664 646
130 60 2.3 -4736 614
132 60 2.3 -4712 558
133 60 2.3 -4720 608
135 60 2.3 -4696 554
137 60 2.3 -4704 478
139 60 2.3 -4580 500
140 60 2.3 -4708 508
142 60 2.3 -4452 420
144 60 2.3 -4624 324
146 60 2.3 -4724 266
148 60 2.3 -4720 300
150 60 2.3 -4724 358
152 60 2.3 -4692 348
154 60 2.3 -4604 348
155 60 2.3 -4688 378
157 60 2.3 -4684 426
160 60 2.3 -4732 352
162 60 2.3 -4852 360
164 60 2.3 -4680 478
166 60 2.3 -4520 462
168 60 2.3 -4752 528
170 60 2.3 -4792 552
172 60 2.3 -4640 606
174 60 2.3 -4648 594
177 60 2.3 -4816 404
179 60 2.3 -4944 422
181 60 2.3 -4672 474
184 60 2.3 -4912 512
186 60 2.3 -4824 388
188 60 2.3 -4768 466
191 60 2.3 -4864 492
193 60 2.3 -4700 478
196 60 2.3 -4532 484
198 60 2.3 -4536 370
201 60 2.3 -4544 458
203 60 2.3 -4636 558
206 60 2.3 -4764 760
209 60 2.3 -4572 784
211 60 2.3 -4724 840
214 60 2.3 -4524 960
217 60 2.3 -4652 916
220 60 2.3 -4604 986
222 60 2.3 -4760 1050
225 60 2.3 -5072 1122
228 60 2.3 -4912 956
231 60 2.3 -4784 862
234 60 2.3 -4792 862
237 60 2.3 -4736 820
240 60 2.3 -4688 620
243 60 2.3 -4556 824
246 60 2.3 -4572 832
250 60 2.3 -4840 834
253 60 2.3 -4740 852
256 60 2.3 -4388 760
259 60 2.3 -4460 870
263 60 2.3 -4704 726
266 60 2.3 -4524 698
269 60 2.3 -4616 632
273 60 2.3 -4392 548
276 60 2.3 -4760 540
280 60 2.3 -4628 580
284 60 2.3 -4628 512
287 60 2.3 -4712 548
291 60 2.3 -4672 566
295 60 2.3 -4692 654
298 60 2.3 -4756 706
302 60 2.3 -4596 532
306 60 2.3 -4572 448
310 60 2.3 -4796 408
314 60 2.3 -4852 388
318 60 2.3 -4760 418
322 60 2.3 -4716 478
326 60 2.3 -4620 430
331 60 2.3 -4608 498
335 60 2.3 -4696 270
339 60 2.3 -4684 188
344 60 2.3 -4660 88
348 60 2.3 -4584 -64
352 60 2.3 -4612 130
357 60 2.3 -4608 178
362 60 2.3 -4568 36
366 60 2.3 -4524 178
371 60 2.3 -4604 314
376 60 2.3 -4844 460
381 60 2.3 -4932 312
385 60 2.3 -4956 292
390 60 2.3 -5144 290
395 60 2.3 -5016 402
401 60 2.3 -4812 340
406 60 2.3 -4968 410
411 60 2.3 -4956 484
416 60 2.3 -4856 480
422 60 2.3 -5064 408
427 60 2.3 -5176 388
433 60 2.3 -4684 404
438 60 2.3 -4876 486
444 60 2.3 -4940 360
449 60 2.3 -4788 298
455 60 2.3 -4888 304
461 60 2.3 -4824 338
467 60 2.3 -4664 308
473 60 2.3 -4708 270
479 60 2.3 -4904 254
485 60 2.3 -4732 44
492 60 2.3 -4800 -182
498 60 2.3 -4644 -78
504 60 2.3 -4708 -26
511 60 2.3 -4532 114
517 60 2.3 -4520 -80
524 60 2.3 -4784 -196
531 60 2.3 -4500 -270
538 60 2.3 -4752 -358
545 60 2.3 -4620 -478
552 60 2.3 -5016 -712
559 60 2.3 -4872 -584
566 60 2.3 -4748 -546
573 60 2.3 -4620 -480
581 60 2.3 -4484 -452
588 60 2.3 -4292 -458
596 60 2.3 -4408 -374
603 60 2.3 -4660 -458
611 60 2.3 -4552 -328
619 60 2.3 -4396 -282
627 60 2.3 -4332 54
635 60 2.3 -4376 -174
643 60 2.3 -4568 54
652 60 2.3 -4416 128
660 60 2.3 -4636 -184
668 60 2.3 -4752 -128
677 60 2.3 -4496 -14
686 60 2.3 -4812 -24
695 60 2.3 -4364 -22
704 60 2.3 -4704 -230
713 60 2.3 -4516 -212
722 60 2.3 -4624 -618
731 60 2.3 -4564 -762
741 60 2.3 -4404 -710
750 60 2.3 -4540 -862
760 60 2.3 -4980 -1054
770 60 2.3 -4828 -1374
780 60 2.3 -4668 -1604
790 60 2.3 -4728 -1886
800 60 2.3 -5028 -2050
810 60 2.3 -4916 -2050
821 60 2.3 -4972 -1950
831 60 2.3 -4956 -1858
842 60 2.3 -5044 -2056
853 60 2.3 -4984 -2110
864 60 2.3 -4876 -2098
875 60 2.3 -4924 -2236
886 60 2.3 -5160 -2286
897 60 2.3 -5108 -1948
909 60 2.3 -4916 -1676
921 60 2.3 -4920 -1566
933 60 2.3 -4664 -1344
945 60 2.3 -4788 -1506
957 60 2.3 -4860 -1416
969 60 2.3 -4708 -1440
982 60 2.3 -4824 -1196
994 60 2.3 -4824 -1192
1007 60 2.3 -4752 -1202
1020 60 2.3 -4820 -1560
1033 60 2.3 -4968 -1602
1047 60 2.3 -5072 -1714
1060 60 2.3 -4824 -1980
1074 60 2.3 -5064 -1994
1088 60 2.3 -4860 -2156
1102 60 2.3 -5024 -2220
1116 60 2.3 -5036 -2306
1130 60 2.3 -5040 -2274
1145 60 2.3 -4696 -2096
1160 60 2.3 -5112 -2256
1174 60 2.3 -4968 -2138
1190 60 2.3 -4692 -2100
1205 60 2.3 -5064 -2314
1220 60 2.3 -5088 -2376
1236 60 2.3 -4840 -2324
1252 60 2.3 -5028 -2362
1268 60 2.3 -4968 -2286
1285 60 2.3 -4784 -1976
1301 60 2.3 -4904 -1910
1318 60 2.3 -4772 -1616
1335 60 2.3 -4912 -1162
1352 60 2.3 -4804 -1348
1370 60 2.3 -4912 -1190
1387 60 2.3 -4548 -1382
1405 60 2.3 -4852 -1620
1423 60 2.3 -4796 -1468
1442 60 2.3 -4724 -1480
1460 60 2.3 -4828 -1696
1479 60 2.3 -4912 -2110
1498 60 2.3 -4888 -2060
1517 60 2.3 -4908 -1858
1537 60 2.3 -4916 -1806
1557 60 2.3 -4916 -2040
1577 60 2.3 -4956 -2028
1597 60 2.3 -5012 -2254
1618 60 2.3 -5180 -2428
1639 60 2.3 -5296 -2424
1660 60 2.3 -4900 -2252
1681 60 2.3 -5164 -2438
1703 60 2.3 -4872 -2062
1725 60 2.3 -5212 -2200
1747 60 2.3 -5140 -2402
1770 60 2.3 -4964 -2372
1792 60 2.3 -4832 -2360
1816 60 2.3 -5076 -2434
1839 60 2.3 -5124 -2254
1863 60 2.3 -5112 -2442
1887 60 2.3 -5144 -2146
1911 60 2.3 -4888 -1880
1936 60 2.3 -4648 -1610
1961 60 2.3 -4736 -1496
1986 60 2.3 -4792 -1446
2012 60 2.3 -4876 -1380
2037 60 2.3 -4724 -1346
2064 60 2.3 -4824 -1520
2090 60 2.3 -4800 -1474
2117 60 2.3 -4860 -1650
2145 60 2.3 -4716 -1658
2172 60 2.3 -4736 -1368
2200 60 2.3 -4552 -880
2229 60 2.3 -4636 -734
2257 60 2.3 -4772 -812
2286 60 2.3 -4920 -668
2316 60 2.3 -4848 -350
2346 60 2.3 -4796 42
2376 60 2.3 -4880 -176
2407 60 2.3 -4648 -272
2438 60 2.3 -4480 -354
2469 60 2.3 -4732 -558
2501 60 2.3 -5016 -126
2533 60 2.3 -4928 -246
2566 60 2.3 -4452 -128
2599 60 2.3 -5244 164
2633 60 2.3 -4740 398
2667 60 2.3 -4764 204
2701 60 2.3 -4940 320
2736 60 2.3 -4796 170
2771 60 2.3 -4640 586
2807 60 2.3 -4576 520
2843 60 2.3 -4648 732
2880 60 2.3 -4748 866
2917 60 2.3 -4800 1026
2954 60 2.3 -4724 1086
2992 60 2.3 -4968 1440
3031 60 2.3 -4836 1234
3070 60 2.3 -4808 1542
3110 60 2.3 -5088 1872
3150 60 2.3 -4820 1442
3190 60 2.3 -5080 2078
3232 60 2.3 -5056 2226
3273 60 2.3 -4864 1988
3315 60 2.3 -4784 2172
3358 60 2.3 -5156 2332
3402 60 2.3 -5184 1950
3445 60 2.3 -4920 1566
3490 60 2.3 -4484 1208
3535 60 2.3 -4740 1328
3580 60 2.3 -4568 760
3627 60 2.3 -4588 466
3673 60 2.3 -4632 828
3721 60 2.3 -4612 758
3769 60 2.3 -4588 802
3817 60 2.3 -4724 614
3867 60 2.3 -4904 954
3916 60 2.3 -4712 804
3967 60 2.3 -4688 306
4018 60 2.3 -5012 678
4070 60 2.3 -4708 864
4122 60 2.3 -4872 800
4176 60 2.3 -4784 344
4229 60 2.3 -4596 -196
4284 60 2.3 -4636 -84
4339 60 2.3 -4568 428
4395 60 2.3 -4660 1038
4452 60 2.3 -4772 690
4509 60 2.3 -4968 222
4567 60 2.3 -4916 -116
4626 60 2.3 -4604 176
4686 60 2.3 -4884 -14
4746 60 2.3 -4668 18
4808 60 2.3 -4496 30
4870 60 2.3 -4780 262
4932 60 2.3 -4488 -82
4996 60 2.3 -4544 -492
5060 60 2.3 -4640 -586
5126 60 2.3 -4608 -738
5192 60 2.3 -4484 -614
5259 60 2.3 -4804 -690
5327 60 2.3 -5000 -126
5395 60 2.3 -4716 26
5465 60 2.3 -4632 -188
5535 60 2.3 -4536 590
5607 60 2.3 -4900 436
5679 60 2.3 -4680 1048
5752 60 2.3 -5052 1780
5826 60 2.3 -4752 1708
5902 60 2.3 -4764 1810
5978 60 2.3 -4988 1826
6055 60 2.3 -4728 1342
6133 60 2.3 -4772 1368
6212 60 2.3 -4756 1428
6292 60 2.3 -4932 1746
6373 60 2.3 -4752 1562
6455 60 2.3 -4652 1624
6539 60 2.3 -4868 2004
6623 60 2.3 -4872 1884
6708 60 2.3 -4728 1716
6795 60 2.3 -4992 1600
6883 60 2.3 -4824 1808
6971 60 2.3 -4744 1638
7061 60 2.3 -4676 1428
7152 60 2.3 -4776 1572
7245 60 2.3 -4748 1712
7338 60 2.3 -5220 2394
7433 60 2.3 -5040 2592
7529 60 2.3 -4960 2390
7626 60 2.3 -5296 2516
7724 60 2.3 -5184 2450
7824 60 2.3 -4836 2202
7925 60 2.3 -5016 2576
8027 60 2.3 -5368 2580
8130 60 2.3 -5036 2488
8235 60 2.3 -4860 1986
8341 60 2.3 -4968 1952
8449 60 2.3 -4792 1564
8558 60 2.3 -4656 1704
8668 60 2.3 -4916 1534
8780 60 2.3 -4568 1308
8893 60 2.3 -4720 576
9008 60 2.3 -4748 -496
9124 60 2.3 -5112 -2238
9242 60 2.3 -5108 -2468
9361 60 2.3 -4916 -1880
9482 60 2.3 -4768 -1920
9604 60 2.3 -4816 -2084
9728 60 2.3 -4520 -1520
9853 60 2.3 -4888 -1770
9980 60 2.3 -5032 -2280
10109 60 2.3 -5100 -1652
10240 60 2.3 -4480 -864
10372 60 2.3 -5000 -1564
10505 60 2.3 -4988 -2102
10641 60 2.3 -4824 -1508
10778 60 2.3 -5084 -2028
10917 60 2.3 -5008 -1854
11058 60 2.3 -4616 -1852
11201 60 2.3 -5080 -2110
11345 60 2.3 -4616 -452
11491 60 2.3 -4580 -144
11640 60 2.3 -4692 -884
11790 60 2.3 -5008 -1790
11942 60 2.3 -4892 -1430
12096 60 2.3 -4916 -1926
12252 60 2.3 -4660 -1852
12410 60 2.3 -4856 -2090
12570 60 2.3 -5072 -2326
12732 60 2.3 -5128 -2506
12896 60 2.3 -4928 -2208
13062 60 2.3 -5004 -2360
13231 60 2.3 -5120 -1966
13402 60 2.3 -4932 -2028
13574 60 2.3 -4964 -2098
13750 60 2.3 -5200 -2426
13927 60 2.3 -4656 -1654
14106 60 2.3 -4968 -1800
14288 60 2.3 -4796 -1804
14473 60 2.3 -5104 -2154
14659 60 2.3 -5032 -2430
14848 60 2.3 -5232 -2620
15040 60 2.3 -4880 -1472
15234 60 2.3 -4652 -1842
15430 60 2.3 -5064 -1770
15629 60 2.3 -4692 -906
15831 60 2.3 -5024 -2222
16035 60 2.3 -5124 -2220
16242 60 2.3 -4980 -2058
16451 60 2.3 -5056 -2478
16664 60 2.3 -5164 -2422
16879 60 2.3 -4980 -2348
17096 60 2.3 -4804 -1762
17317 60 2.3 -4632 -1566
17540 60 2.3 -4892 -2182
17766 60 2.3 -4856 -1558
17995 60 2.3 -4780 -1652
18228 60 2.3 -4900 -1554
18463 60 2.3 -4844 -1694
18701 60 2.3 -4896 -1798
18942 60 2.3 -4636 -1436
19186 60 2.3 -4596 -362
19434 60 2.3 -4684 -1450
19684 60 2.3 -4528 -628
19938 60 2.3 -5076 -2306
20195 60 2.3 -4976 -2352
20456 60 2.3 -4996 -2172
20720 60 2.3 -5512 -2708
20987 60 2.3 -5204 -2602
21258 60 2.3 -4788 -1996
21532 60 2.3 -4936 -2028
21810 60 2.3 -5044 -2570
22091 60 2.3 -5044 -1864
22376 60 2.3 -4796 -728
22664 60 2.3 -4936 240
22957 60 2.3 -4784 -290
23253 60 2.3 -4740 -522
23553 60 2.3 -5264 486
23856 60 2.3 -4992 1386
24164 60 2.3 -4992 2082
24476 60 2.3 -4968 1932
24791 60 2.3 -4716 2094
25111 60 2.3 -4840 2264
25435 60 2.3 -4908 1936
25763 60 2.3 -5144 2562
26095 60 2.3 -5120 2604
26432 60 2.3 -5264 2536
26773 60 2.3 -4908 1752
27118 60 2.3 -4816 1244
27468 60 2.3 -5036 1310
27822 60 2.3 -4996 2492
28181 60 2.3 -4724 272
28545 60 2.3 -4544 132
28913 60 2.3 -4464 694
29286 60 2.3 -4860 1588
29663 60 2.3 -4564 -384
30046 60 2.3 -4844 -636
30434 60 2.3 -4896 -1140
30826 60 2.3 -5036 -1468
31224 60 2.3 -4608 -1088
31626 60 2.3 -4872 -1348
32034 60 2.3 -4840 -1682
32447 60 2.3 -4816 -1614
32866 60 2.3 -4572 -1558
33290 60 2.3 -4720 -1638
33719 60 2.3 -5064 -2396
34154 60 2.3 -4540 -916
34595 60 2.3 -4576 -1494
35041 60 2.3 -4808 -2136
35493 60 2.3 -4724 -1496
35951 60 2.3 -5064 -2252
36414 60 2.3 -4696 -1370
36884 60 2.3 -4812 -1938
37360 60 2.3 -5000 -1996
37841 60 2.3 -4868 -1864
38330 60 2.3 -4972 -1924
38824 60 2.3 -4908 -1844
39325 60 2.3 -4788 378
39832 60 2.3 -4844 1250
40346 60 2.3 -4808 1068
40866 60 2.3 -4804 716
41393 60 2.3 -4596 576
41927 60 2.3 -5096 2388
42468 60 2.3 -4732 1594
43015 60 2.3 -5028 2192
43570 60 2.3 -4912 1748
44132 60 2.3 -4964 2242
44701 60 2.3 -4884 2336
45278 60 2.3 -5088 1244
45862 60 2.3 -4848 1886
46453 60 2.3 -4900 970
47053 60 2.3 -5084 2320
47660 60 2.3 -4856 818
48274 60 2.3 -4872 -1738
48897 60 2.3 -5000 -2240
49528 60 2.3 -4672 132
50166 60 2.3 -4916 1552
50813 60 2.3 -4504 -910
51469 60 2.3 -4820 -2008
52133 60 2.3 -4920 -2198
52805 60 2.3 -5000 -2132
53486 60 2.3 -4616 -1046
54176 60 2.3 -5004 -2508
54875 60 2.3 -4568 -1514
55582 60 2.3 -4628 -350
56299 60 2.3 -4968 -1988
57025 60 2.3 -4728 -1462
57761 60 2.3 -4600 -62
58506 60 2.3 -4540 88
59261 60 2.3 -4972 2178
60025 60 2.3 -4784 2026
60799 60 2.3 -4876 1554
61583 60 2.3 -4960 1812
62378 60 2.3 -4620 1690
63182 60 2.3 -5072 2534
63997 60 2.3 -4952 2454
64822 60 2.3 -4660 394
65658 60 2.3 -4752 470
66505 60 2.3 -5036 -1854
67363 60 2.3 -4748 -1956
68232 60 2.3 -5060 -2288
69112 60 2.3 -4844 -1332
70003 60 2.3 -5160 -2332
70906 60 2.3 -5208 -2552
71821 60 2.3 -4856 -1704
72747 60 2.3 -4520 -1348
73685 60 2.3 -4884 1392
74636 60 2.3 -4524 -342
75599 60 2.3 -4928 1384
76574 60 2.3 -5036 1376
77561 60 2.3 -4896 -2088
78562 60 2.3 -4756 68
79575 60 2.3 -4904 2240
80601 60 2.3 -5196 2678
81641 60 2.3 -5284 2548
82694 60 2.3 -4820 840
83760 60 2.3 -5004 2244
84841 60 2.3 -4792 1216
85935 60 2.3 -4976 -2434
87043 60 2.3 -4976 -1308
88166 60 2.3 -4616 706
89303 60 2.3 -4936 1306
90455 60 2.3 -4484 -640
91622 60 2.3 -4828 1790
92803 60 2.3 -4796 2152
94000 60 2.3 -4992 1656
95213 60 2.3 -4716 1620
96441 60 2.3 -4936 1218
97685 60 2.3 -4564 1084
98945 60 2.3 -4588 436
100221 60 2.3 -4744 -1720
101513 60 2.3 -4580 -650
102823 60 2.3 -4752 652
104149 60 2.3 -4884 1694
105492 60 2.3 -4724 1244
106853 60 2.3 -4876 -460
108231 60 2.3 -4772 -1640
109627 60 2.3 -5100 -2286
111041 60 2.3 -4704 -1902
112473 60 2.3 -5296 -2060
113924 60 2.3 -5016 -2444
115393 60 2.3 -4860 240
116882 60 2.3 -4852 -2038
118389 60 2.3 -4924 -2412
119916 60 2.3 -4688 -980
121463 60 2.3 -4532 -728
123029 60 2.3 -4988 -1860
124616 60 2.3 -4452 -1062
126224 60 2.3 -4784 -602
127852 60 2.3 -4864 1960
129501 60 2.3 -4776 -1256
131171 60 2.3 -4916 -1652
132863 60 2.3 -4748 -1860
134576 60 2.3 -5076 -2420
136312 60 2.3 -4904 -2018
138070 60 2.3 -4904 -2034
139851 60 2.3 -4980 -726
141655 60 2.3 -5244 -2646
143482 60 2.3 -5100 -2006
145333 60 2.3 -5164 -2354
147207 60 2.3 -4796 -1642
149106 60 2.3 -4620 -326
151029 60 2.3 -4712 -2078
152977 60 2.3 -4668 -1690
154950 60 2.3 -5004 -2052
156948 60 2.3 -5016 -2100
158973 60 2.3 -4856 1780
161023 60 2.3 -4880 1996
163100 60 2.3 -4988 1662
165204 60 2.3 -4952 2370
167334 60 2.3 -4852 1438
169493 60 2.3 -4932 2212
171679 60 2.3 -4712 1432
173893 60 2.3 -4816 2278
176136 60 2.3 -4964 2482
178408 60 2.3 -4916 2104
180709 60 2.3 -4996 2098
183040 60 2.3 -5296 2600
185400 60 2.3 -5004 2456
187792 60 2.3 -4748 1848
190214 60 2.3 -5104 2354
192667 60 2.3 -4876 1544
195152 60 2.3 -4712 720
197669 60 2.3 -4792 -624
200219 60 2.3 -5012 -1758
202801 60 2.3 -4844 -1956
205417 60 2.3 -4880 -1972
208066 60 2.3 -4868 -2022
210750 60 2.3 -5160 2036
213468 60 2.3 -4468 -734
216222 60 2.3 -4472 -26
219010 60 2.3 -4852 564
221835 60 2.3 -4876 -108
224696 60 2.3 -4724 -1328
227595 60 2.3 -4516 -150
230530 60 2.3 -4792 -1864
233503 60 2.3 -4860 -2038
236515 60 2.3 -4968 -2384
239566 60 2.3 -5032 -1728
242656 60 2.3 -4708 -310
245785 60 2.3 -5136 -2466
248956 60 2.3 -4896 -136
252167 60 2.3 -4804 1980
255419 60 2.3 -4988 2248
258713 60 2.3 -4804 2174
262050 60 2.3 -5112 2238
265430 60 2.3 -4548 878
268854 60 2.3 -4944 1932
272321 60 2.3 -4948 1562
275834 60 2.3 -5048 2230
279391 60 2.3 -5032 -2282
282995 60 2.3 -4844 -1632
286645 60 2.3 -4580 -1060
290342 60 2.3 -4984 -2324
294087 60 2.3 -4796 -1788
297880 60 2.3 -5028 2034
301722 60 2.3 -4672 260
305614 60 2.3 -4668 436
309556 60 2.3 -4708 90
313548 60 2.3 -4944 -1710
317592 60 2.3 -4520 550
321689 60 2.3 -4832 176
325838 60 2.3 -4836 -1832
330040 60 2.3 -4696 -1230
334297 60 2.3 -5012 -1972
338609 60 2.3 -4852 -708
342976 60 2.3 -4744 -1532
347400 60 2.3 -4928 -1426
351881 60 2.3 -4800 684
356419 60 2.3 -4896 -1614
361016 60 2.3 -4844 -1832
365673 60 2.3 -5248 2322
370389 60 2.3 -4888 -1240
375167 60 2.3 -5136 2390
380005 60 2.3 -4832 1472
384907 60 2.3 -4780 1768
389871 60 2.3 -4796 882
394900 60 2.3 -4744 644
399993 60 2.3 -4936 1620
405152 60 2.3 -5112 -2546
410378 60 2.3 -4996 -2384
415671 60 2.3 -4996 -1746
421032 60 2.3 -5028 2104
426463 60 2.3 -4652 -1120
431963 60 2.3 -4760 -512
437535 60 2.3 -5092 2338
443178 60 2.3 -5212 2264
448894 60 2.3 -4984 -1790
454684 60 2.3 -4964 -1196
460548 60 2.3 -4872 -2296
466489 60 2.3 -4932 1918
472505 60 2.3 -4984 -2640
478600 60 2.3 -5044 -1760
484773 60 2.3 -4364 490
491025 60 2.3 -5132 -2486
497358 60 2.3 -4812 -1632
503773 60 2.3 -4864 -1602
510271 60 2.3 -4708 -1178
516852 60 2.3 -4716 1820
523519 60 2.3 -4640 -1342
530271 60 2.3 -4704 1686
537111 60 2.3 -5296 2760
544038 60 2.3 -5140 -2524
551055 60 2.3 -4796 -1238
558163 60 2.3 -4924 2178
565362 60 2.3 -4820 1220
572654 60 2.3 -5084 -2482
580040 60 2.3 -4740 -1500
587521 60 2.3 -4808 1448
595099 60 2.3 -4860 -1110
602775 60 2.3 -4756 -1642
610549 60 2.3 -4696 -1332
618424 60 2.3 -4744 -1278
626400 60 2.3 -5164 2522
634480 60 2.3 -4800 -1046
642663 60 2.3 -4992 406
650952 60 2.3 -5004 -1918
659348 60 2.3 -5016 -1870
667853 60 2.3 -4860 2126
676467 60 2.3 -5148 -2074
685192 60 2.3 -4816 2134
694029 60 2.3 -5208 2420
702981 60 2.3 -4836 1806
712048 60 2.3 -4804 -1618
721232 60 2.3 -5068 -2288
730534 60 2.3 -4756 -1124
739957 60 2.3 -4792 1496
749500 60 2.3 -4472 -430
759168 60 2.3 -5496 2880
768959 60 2.3 -4792 1144
778877 60 2.3 -4596 1288
788923 60 2.3 -5036 -2344
799099 60 2.3 -4560 -1328
809405 60 2.3 -4804 -360
819845 60 2.3 -4780 1042
830419 60 2.3 -4956 -2242
841130 60 2.3 -4844 -1556
851979 60 2.3 -5100 2188
862968 60 2.3 -4840 -772
874098 60 2.3 -4740 748
885373 60 2.3 -4528 -6
896792 60 2.3 -4896 -670
908359 60 2.3 -4696 1374
920075 60 2.3 -4588 -196
931942 60 2.3 -4744 152
943962 60 2.3 -5084 1308
956137 60 2.3 -4760 564
968470 60 2.3 -4800 -1706
980961 60 2.3 -4964 1942
993613 60 2.3 -4564 206
999999 60 2.3 -4920 -1600
