3 140 2.4 -17380 358
4 140 2.4 -18564 304
5 140 2.4 -19264 202
6 140 2.4 -19820 494
7 140 2.4 -20212 860
8 140 2.4 -20432 1130
9 140 2.4 -20956 882
10 140 2.4 -21068 550
11 140 2.4 -21088 482
12 140 2.4 -21040 606
13 140 2.4 -21268 732
14 140 2.4 -21440 1110
15 140 2.4 -21536 926
16 140 2.4 -22120 962
17 140 2.4 -22136 1160
18 140 2.4 -22124 882
19 140 2.4 -21984 540
20 140 2.4 -22308 674
21 140 2.4 -22572 856
22 140 2.4 -22744 836
23 140 2.4 -22524 758
24 140 2.4 -22720 794
25 140 2.4 -22764 636
26 140 2.4 -22700 644
27 140 2.4 -22832 622
28 140 2.4 -22732 550
29 140 2.4 -22736 522
30 140 2.4 -22928 456
31 140 2.4 -22548 554
32 140 2.4 -22732 466
33 140 2.4 -22824 436
34 140 2.4 -23024 318
35 140 2.4 -23036 234
36 140 2.4 -23392 -46
37 140 2.4 -23072 76
38 140 2.4 -23208 16
39 140 2.4 -23328 48
40 140 2.4 -23400 78
41 140 2.4 -23180 -2
42 140 2.4 -23396 -74
43 140 2.4 -23616 144
44 140 2.4 -23660 260
45 140 2.4 -23556 376
46 140 2.4 -23648 576
47 140 2.4 -23740 424
48 140 2.4 -23844 582
49 140 2.4 -24056 622
50 140 2.4 -23812 680
51 140 2.4 -23516 502
52 140 2.4 -23256 570
53 140 2.4 -23400 664
54 140 2.4 -23716 870
55 140 2.4 -23464 1038
56 140 2.4 -22920 1294
57 140 2.4 -23312 1530
58 140 2.4 -23356 1266
59 140 2.4 -23100 1454
60 140 2.4 -22620 1366
61 140 2.4 -22584 1408
62 140 2.4 -22844 1368
63 140 2.4 -22924 1364
64 140 2.4 -22780 1290
65 140 2.4 -22824 1424
66 140 2.4 -22852 1054
67 140 2.4 -23044 890
68 140 2.4 -22888 994
69 140 2.4 -23236 1024
70 140 2.4 -23180 1104
71 140 2.4 -23228 1274
72 140 2.4 -23228 1108
73 140 2.4 -23040 996
74 140 2.4 -23204 756
75 140 2.4 -23572 904
76 140 2.4 -23984 858
77 140 2.4 -23840 756
78 140 2.4 -23496 884
79 140 2.4 -23764 878
80 140 2.4 -23976 1070
81 140 2.4 -23676 904
82 140 2.4 -23628 1080
83 140 2.4 -23260 1190
84 140 2.4 -23432 1248
85 140 2.4 -23508 1296
86 140 2.4 -23848 1250
88 140 2.4 -23232 1190
89 140 2.4 -23320 1092
90 140 2.4 -23688 1280
91 140 2.4 -23620 1428
92 140 2.4 -23236 1466
93 140 2.4 -23316 1532
95 140 2.4 -22916 1418
96 140 2.4 -22844 1424
97 140 2.4 -23120 1440
98 140 2.4 -22792 1586
99 140 2.4 -22796 1754
101 140 2.4 -22840 1964
102 140 2.4 -23004 2002
103 140 2.4 -23052 2054
105 140 2.4 -22924 2060
106 140 2.4 -23012 2264
107 140 2.4 -23008 2138
109 140 2.4 -23348 1948
110 140 2.4 -23696 1716
112 140 2.4 -23664 1560
113 140 2.4 -23372 1516
114 140 2.4 -23288 1580
116 140 2.4 -23528 1780
117 140 2.4 -23652 1848
119 140 2.4 -24040 1962
120 140 2.4 -23720 1940
122 140 2.4 -24048 2086
124 140 2.4 -23904 2278
125 140 2.4 -23516 1940
127 140 2.4 -23268 1660
128 140 2.4 -23632 1610
130 140 2.4 -22920 1312
132 140 2.4 -22736 1198
133 140 2.4 -22796 894
135 140 2.4 -23088 1150
137 140 2.4 -23160 1412
139 140 2.4 -23276 1738
140 140 2.4 -23272 1572
142 140 2.4 -23160 1540
144 140 2.4 -23464 1596
146 140 2.4 -23696 1576
148 140 2.4 -23648 1744
150 140 2.4 -23536 1566
152 140 2.4 -23572 1482
154 140 2.4 -23100 1514
155 140 2.4 -23312 1522
157 140 2.4 -23348 1442
160 140 2.4 -23148 1320
162 140 2.4 -23352 1636
164 140 2.4 -22684 1108
166 140 2.4 -23028 1142
168 140 2.4 -23024 988
170 140 2.4 -23468 976
172 140 2.4 -23384 1036
174 140 2.4 -23552 1288
177 140 2.4 -22920 1612
179 140 2.4 -23180 1680
181 140 2.4 -23600 2100
184 140 2.4 -23940 2296
186 140 2.4 -23900 2330
188 140 2.4 -24004 2222
191 140 2.4 -23316 2338
193 140 2.4 -23880 2378
196 140 2.4 -23404 2250
198 140 2.4 -23244 2374
201 140 2.4 -23388 2170
203 140 2.4 -23560 1978
206 140 2.4 -23568 2060
209 140 2.4 -23852 1906
211 140 2.4 -23252 1918
214 140 2.4 -23532 1402
217 140 2.4 -23840 1536
220 140 2.4 -23588 1708
222 140 2.4 -23740 1624
225 140 2.4 -23708 1508
228 140 2.4 -23916 1690
231 140 2.4 -23064 1504
234 140 2.4 -23124 1618
237 140 2.4 -23232 1578
240 140 2.4 -23488 1586
243 140 2.4 -23328 1256
246 140 2.4 -23860 1318
250 140 2.4 -23488 1136
253 140 2.4 -23812 1366
256 140 2.4 -23648 848
259 140 2.4 -23456 586
263 140 2.4 -23812 486
266 140 2.4 -23968 798
269 140 2.4 -23900 568
273 140 2.4 -23664 1048
276 140 2.4 -23616 1250
280 140 2.4 -23548 1394
284 140 2.4 -23308 1132
287 140 2.4 -23568 1382
291 140 2.4 -23320 1400
295 140 2.4 -23588 1176
298 140 2.4 -23416 1438
302 140 2.4 -23212 1764
306 140 2.4 -23440 1482
310 140 2.4 -23800 2054
314 140 2.4 -23752 1950
318 140 2.4 -23196 2282
322 140 2.4 -23076 2072
326 140 2.4 -22744 2150
331 140 2.4 -23284 2302
335 140 2.4 -23312 2142
339 140 2.4 -23432 2032
344 140 2.4 -23040 1678
348 140 2.4 -23044 1392
352 140 2.4 -23340 1362
357 140 2.4 -23328 988
362 140 2.4 -23612 1146
366 140 2.4 -23828 1398
371 140 2.4 -24120 1598
376 140 2.4 -24224 1704
381 140 2.4 -23616 1216
385 140 2.4 -23692 1652
390 140 2.4 -23300 1636
395 140 2.4 -23360 1504
401 140 2.4 -23780 1574
406 140 2.4 -23520 1028
411 140 2.4 -23160 638
416 140 2.4 -23984 830
422 140 2.4 -23444 1050
427 140 2.4 -23668 642
433 140 2.4 -24156 660
438 140 2.4 -24360 798
444 140 2.4 -23820 1326
449 140 2.4 -24052 2034
455 140 2.4 -23720 3062
461 140 2.4 -23948 3814
467 140 2.4 -23544 3852
473 140 2.4 -23788 3960
479 140 2.4 -23948 4372
485 140 2.4 -24032 4650
492 140 2.4 -23580 4630
498 140 2.4 -23400 4526
504 140 2.4 -23928 4552
511 140 2.4 -23720 4316
517 140 2.4 -23200 3818
524 140 2.4 -23252 3610
531 140 2.4 -22712 3424
538 140 2.4 -23696 3200
545 140 2.4 -23708 3126
552 140 2.4 -23440 3592
559 140 2.4 -23984 3030
566 140 2.4 -23424 3038
573 140 2.4 -23336 2924
581 140 2.4 -23760 2936
588 140 2.4 -23584 2574
596 140 2.4 -23200 2734
603 140 2.4 -23484 2810
611 140 2.4 -23748 3382
619 140 2.4 -23772 4084
627 140 2.4 -23572 4018
635 140 2.4 -23628 4604
643 140 2.4 -23364 4214
652 140 2.4 -23340 4298
660 140 2.4 -23288 3902
668 140 2.4 -23772 3324
677 140 2.4 -23160 2598
686 140 2.4 -23636 2866
695 140 2.4 -23600 2474
704 140 2.4 -23116 2730
713 140 2.4 -23584 2418
722 140 2.4 -23200 2394
731 140 2.4 -23504 1962
741 140 2.4 -23548 1634
750 140 2.4 -23980 2044
760 140 2.4 -23852 2268
770 140 2.4 -23632 2106
780 140 2.4 -24240 1832
790 140 2.4 -23808 1618
800 140 2.4 -23408 1364
810 140 2.4 -23984 1384
821 140 2.4 -24108 1418
831 140 2.4 -23688 1422
842 140 2.4 -23172 1430
853 140 2.4 -23736 1048
864 140 2.4 -24016 912
875 140 2.4 -23416 984
886 140 2.4 -23928 1352
897 140 2.4 -24476 1354
909 140 2.4 -24196 1188
921 140 2.4 -23716 828
933 140 2.4 -23408 958
945 140 2.4 -24228 1992
957 140 2.4 -23352 1362
969 140 2.4 -23640 1638
982 140 2.4 -23796 2068
994 140 2.4 -23268 2212
1007 140 2.4 -23968 2516
1020 140 2.4 -23900 2422
1033 140 2.4 -23176 2044
1047 140 2.4 -23016 1660
1060 140 2.4 -23632 1190
1074 140 2.4 -23476 1356
1088 140 2.4 -24272 1092
1102 140 2.4 -23568 260
1116 140 2.4 -23660 -316
1130 140 2.4 -23480 -144
1145 140 2.4 -23012 136
1160 140 2.4 -23380 234
1174 140 2.4 -22952 -56
1190 140 2.4 -23556 72
1205 140 2.4 -24260 -642
1220 140 2.4 -23804 -968
1236 140 2.4 -23484 -1448
1252 140 2.4 -23736 -1974
1268 140 2.4 -23940 -938
1285 140 2.4 -23852 -1508
1301 140 2.4 -23916 -1112
1318 140 2.4 -23104 -946
1335 140 2.4 -24024 -864
1352 140 2.4 -23688 -150
1370 140 2.4 -23736 -376
1387 140 2.4 -23992 -400
1405 140 2.4 -23948 -710
1423 140 2.4 -23932 -194
1442 140 2.4 -23892 180
1460 140 2.4 -23964 -764
1479 140 2.4 -23016 -616
1498 140 2.4 -23644 -1868
1517 140 2.4 -23508 -1238
1537 140 2.4 -23860 -346
1557 140 2.4 -23656 -240
1577 140 2.4 -23508 -592
1597 140 2.4 -23740 -932
1618 140 2.4 -23488 -1334
1639 140 2.4 -23816 -2342
1660 140 2.4 -23420 -2698
1681 140 2.4 -23948 -2270
1703 140 2.4 -23584 -1624
1725 140 2.4 -23216 -1528
1747 140 2.4 -22940 -1626
1770 140 2.4 -23400 -1444
1792 140 2.4 -22640 -1864
1816 140 2.4 -23688 -1726
1839 140 2.4 -23560 -1428
1863 140 2.4 -23216 -792
1887 140 2.4 -23356 122
1911 140 2.4 -23572 12
1936 140 2.4 -23392 862
1961 140 2.4 -23068 484
1986 140 2.4 -22708 -144
2012 140 2.4 -23192 -1366
2037 140 2.4 -23192 -622
2064 140 2.4 -22936 -696
2090 140 2.4 -23948 -1082
2117 140 2.4 -23480 -630
2145 140 2.4 -23456 -28
2172 140 2.4 -23660 -420
2200 140 2.4 -23740 -934
2229 140 2.4 -22812 -956
2257 140 2.4 -23760 -1040
2286 140 2.4 -23988 -1964
2316 140 2.4 -24124 -2690
2346 140 2.4 -24052 -3134
2376 140 2.4 -23544 -2874
2407 140 2.4 -24408 -1666
2438 140 2.4 -23772 -1106
2469 140 2.4 -23780 -990
2501 140 2.4 -23588 -1824
2533 140 2.4 -23600 -1256
2566 140 2.4 -23384 -1648
2599 140 2.4 -23448 -1620
2633 140 2.4 -23520 -994
2667 140 2.4 -24152 476
2701 140 2.4 -23248 -38
2736 140 2.4 -22828 -1006
2771 140 2.4 -23516 -1840
2807 140 2.4 -22752 -764
2843 140 2.4 -23472 -876
2880 140 2.4 -23552 152
2917 140 2.4 -23668 38
2954 140 2.4 -23256 -126
2992 140 2.4 -23752 -340
3031 140 2.4 -24164 -2074
3070 140 2.4 -23440 -1810
3110 140 2.4 -23988 -2596
3150 140 2.4 -23768 -1656
3190 140 2.4 -23828 -1634
3232 140 2.4 -23908 -1718
3273 140 2.4 -23484 -542
3315 140 2.4 -23544 -894
3358 140 2.4 -23808 -2216
3402 140 2.4 -24192 -3382
3445 140 2.4 -23760 -4116
3490 140 2.4 -23888 -4188
3535 140 2.4 -24008 -2182
3580 140 2.4 -23848 -1906
3627 140 2.4 -23232 -580
3673 140 2.4 -23076 468
3721 140 2.4 -23184 958
3769 140 2.4 -23708 190
3817 140 2.4 -22980 220
3867 140 2.4 -22992 490
3916 140 2.4 -23476 954
3967 140 2.4 -23048 -108
4018 140 2.4 -23536 1148
4070 140 2.4 -23936 1294
4122 140 2.4 -22900 150
4176 140 2.4 -23252 1576
4229 140 2.4 -23224 1982
4284 140 2.4 -23396 2422
4339 140 2.4 -24308 1662
4395 140 2.4 -23564 550
4452 140 2.4 -23172 816
4509 140 2.4 -22992 2552
4567 140 2.4 -23260 2404
4626 140 2.4 -23956 1220
4686 140 2.4 -23676 614
4746 140 2.4 -23428 354
4808 140 2.4 -23504 -74
4870 140 2.4 -23108 -994
4932 140 2.4 -23788 -2636
4996 140 2.4 -23012 -1414
5060 140 2.4 -23568 354
5126 140 2.4 -23396 -440
5192 140 2.4 -23576 120
5259 140 2.4 -23440 -1164
5327 140 2.4 -22720 -1552
5395 140 2.4 -23204 -1668
5465 140 2.4 -23932 -460
5535 140 2.4 -23264 -802
5607 140 2.4 -23324 640
5679 140 2.4 -23320 -1324
5752 140 2.4 -23460 -1674
5826 140 2.4 -23856 -326
5902 140 2.4 -23168 -316
5978 140 2.4 -23084 432
6055 140 2.4 -24052 1840
6133 140 2.4 -23788 1406
6212 140 2.4 -24200 1308
6292 140 2.4 -23452 508
6373 140 2.4 -23968 -312
6455 140 2.4 -24644 -52
6539 140 2.4 -23968 -826
6623 140 2.4 -23628 -2150
6708 140 2.4 -24040 -1194
6795 140 2.4 -23720 -1442
6883 140 2.4 -23788 320
6971 140 2.4 -23472 -1276
7061 140 2.4 -23240 -1156
7152 140 2.4 -23624 -418
7245 140 2.4 -23336 -588
7338 140 2.4 -23460 2430
7433 140 2.4 -23100 1782
7529 140 2.4 -23968 3942
7626 140 2.4 -23836 3970
7724 140 2.4 -24012 3452
7824 140 2.4 -23516 1810
7925 140 2.4 -23276 1878
8027 140 2.4 -23700 454
8130 140 2.4 -23568 -1136
8235 140 2.4 -23008 -2032
8341 140 2.4 -23228 -3460
8449 140 2.4 -24368 -1918
8558 140 2.4 -23596 346
8668 140 2.4 -23804 -434
8780 140 2.4 -23624 -982
8893 140 2.4 -23228 -1988
9008 140 2.4 -23112 -2102
9124 140 2.4 -23700 312
9242 140 2.4 -23504 428
9361 140 2.4 -23332 -616
9482 140 2.4 -23632 -728
9604 140 2.4 -23464 1036
9728 140 2.4 -23604 -606
9853 140 2.4 -23528 -2156
9980 140 2.4 -23736 -2854
10109 140 2.4 -23760 -2266
10240 140 2.4 -23120 596
10372 140 2.4 -22792 -640
10505 140 2.4 -23820 -1106
10641 140 2.4 -23892 -788
10778 140 2.4 -23904 -600
10917 140 2.4 -23144 -494
11058 140 2.4 -23164 1030
11201 140 2.4 -23292 1726
11345 140 2.4 -23916 1684
11491 140 2.4 -23868 -1266
11640 140 2.4 -23748 -1836
11790 140 2.4 -23908 -214
11942 140 2.4 -24252 -926
12096 140 2.4 -23632 -1452
12252 140 2.4 -23212 -162
12410 140 2.4 -23600 -1246
12570 140 2.4 -23764 -148
12732 140 2.4 -23380 -1704
12896 140 2.4 -23788 -2156
13062 140 2.4 -23476 -1616
13231 140 2.4 -23756 394
13402 140 2.4 -23616 216
13574 140 2.4 -24060 680
13750 140 2.4 -23716 -2050
13927 140 2.4 -24068 -484
14106 140 2.4 -23856 1736
14288 140 2.4 -23724 1080
14473 140 2.4 -23780 1288
14659 140 2.4 -23376 -566
14848 140 2.4 -23356 -1300
15040 140 2.4 -23684 -2016
15234 140 2.4 -24124 508
15430 140 2.4 -22744 -144
15629 140 2.4 -23960 -1370
15831 140 2.4 -23668 -4188
16035 140 2.4 -23484 -3620
16242 140 2.4 -23604 -2744
16451 140 2.4 -23752 -3548
16664 140 2.4 -23560 -3758
16879 140 2.4 -23684 -1890
17096 140 2.4 -23720 -376
17317 140 2.4 -23384 -234
17540 140 2.4 -23212 1532
17766 140 2.4 -23904 6
17995 140 2.4 -23704 2830
18228 140 2.4 -22836 2134
18463 140 2.4 -24256 -2098
18701 140 2.4 -23564 -2156
18942 140 2.4 -23788 -2720
19186 140 2.4 -24032 40
19434 140 2.4 -23356 1044
19684 140 2.4 -23676 132
19938 140 2.4 -23272 -324
20195 140 2.4 -23488 -1984
20456 140 2.4 -24204 1304
20720 140 2.4 -22868 -140
20987 140 2.4 -23756 -570
21258 140 2.4 -23380 246
21532 140 2.4 -23892 -50
21810 140 2.4 -24100 -2138
22091 140 2.4 -23632 132
22376 140 2.4 -23720 3252
22664 140 2.4 -23436 1988
22957 140 2.4 -24260 3316
23253 140 2.4 -23144 -854
23553 140 2.4 -24088 -1234
23856 140 2.4 -24500 86
24164 140 2.4 -24240 -1106
24476 140 2.4 -23348 -2708
24791 140 2.4 -23800 -2412
25111 140 2.4 -23836 -1096
25435 140 2.4 -23696 854
25763 140 2.4 -23856 3630
26095 140 2.4 -24008 1220
26432 140 2.4 -23040 300
26773 140 2.4 -23684 -1056
27118 140 2.4 -23500 2228
27468 140 2.4 -23804 -816
27822 140 2.4 -23108 200
28181 140 2.4 -23384 -684
28545 140 2.4 -24044 -4680
28913 140 2.4 -23788 -3140
29286 140 2.4 -23364 -2194
29663 140 2.4 -23688 1704
30046 140 2.4 -23968 2832
30434 140 2.4 -24064 1530
30826 140 2.4 -23484 1244
31224 140 2.4 -23608 -466
31626 140 2.4 -22976 -2188
32034 140 2.4 -23656 -516
32447 140 2.4 -23804 366
32866 140 2.4 -23404 4828
33290 140 2.4 -23592 -132
33719 140 2.4 -23880 1082
34154 140 2.4 -23576 2440
34595 140 2.4 -23752 -1334
35041 140 2.4 -23500 2026
35493 140 2.4 -23912 2002
35951 140 2.4 -23368 -234
36414 140 2.4 -24000 366
36884 140 2.4 -22956 -512
37360 140 2.4 -24004 -1402
37841 140 2.4 -23296 -276
38330 140 2.4 -23156 -50
38824 140 2.4 -23504 358
39325 140 2.4 -23056 742
39832 140 2.4 -23680 8
40346 140 2.4 -23560 514
40866 140 2.4 -23404 60
41393 140 2.4 -24044 1920
41927 140 2.4 -23388 244
42468 140 2.4 -23564 2756
43015 140 2.4 -23660 1534
43570 140 2.4 -22920 -1146
44132 140 2.4 -23488 4212
44701 140 2.4 -23876 -338
45278 140 2.4 -23048 196
45862 140 2.4 -23496 -1402
46453 140 2.4 -23180 -984
47053 140 2.4 -23292 408
47660 140 2.4 -24052 -1542
48274 140 2.4 -23976 1948
48897 140 2.4 -24008 528
49528 140 2.4 -23792 -1000
50166 140 2.4 -23864 -190
50813 140 2.4 -24000 -1524
51469 140 2.4 -23996 1204
52133 140 2.4 -23368 384
52805 140 2.4 -23816 1594
53486 140 2.4 -23372 28
54176 140 2.4 -23268 -740
54875 140 2.4 -23228 -732
55582 140 2.4 -24024 -960
56299 140 2.4 -23432 -80
57025 140 2.4 -23688 -1590
57761 140 2.4 -24160 1698
58506 140 2.4 -23832 714
59261 140 2.4 -22812 -900
60025 140 2.4 -23600 -26
60799 140 2.4 -23680 540
61583 140 2.4 -23792 -1172
62378 140 2.4 -23640 -1532
63182 140 2.4 -23404 -3440
63997 140 2.4 -23552 176
64822 140 2.4 -23844 -1578
65658 140 2.4 -23476 -1462
66505 140 2.4 -23412 -1268
67363 140 2.4 -22876 -1934
68232 140 2.4 -23612 -282
69112 140 2.4 -24588 336
70003 140 2.4 -23636 3088
70906 140 2.4 -23996 -1652
71821 140 2.4 -23180 -654
72747 140 2.4 -23404 664
73685 140 2.4 -24184 -3990
74636 140 2.4 -23104 -866
75599 140 2.4 -23712 1548
76574 140 2.4 -23576 -1186
77561 140 2.4 -23448 146
78562 140 2.4 -23636 1552
79575 140 2.4 -23216 466
80601 140 2.4 -23092 -2202
81641 140 2.4 -23404 -1170
82694 140 2.4 -23504 -258
83760 140 2.4 -24004 2058
84841 140 2.4 -23888 1952
85935 140 2.4 -23788 540
87043 140 2.4 -24208 -2932
88166 140 2.4 -23344 912
89303 140 2.4 -23460 -1152
90455 140 2.4 -23640 2092
91622 140 2.4 -23968 1282
92803 140 2.4 -23824 -338
94000 140 2.4 -23112 1058
95213 140 2.4 -23480 988
96441 140 2.4 -23508 -574
97685 140 2.4 -23732 -220
98945 140 2.4 -23424 -2106
100221 140 2.4 -23560 1798
101513 140 2.4 -23172 -1118
102823 140 2.4 -23332 -1362
104149 140 2.4 -23452 2064
105492 140 2.4 -23196 -714
106853 140 2.4 -23380 1636
108231 140 2.4 -23820 20
109627 140 2.4 -23752 -302
111041 140 2.4 -22824 328
112473 140 2.4 -23460 1654
113924 140 2.4 -23204 -144
115393 140 2.4 -24236 1280
116882 140 2.4 -23736 910
118389 140 2.4 -23564 -3614
119916 140 2.4 -23900 1944
121463 140 2.4 -23116 -1944
123029 140 2.4 -22912 -34
124616 140 2.4 -23144 -1684
126224 140 2.4 -22708 106
127852 140 2.4 -23464 -420
129501 140 2.4 -23480 -844
131171 140 2.4 -23392 -2808
132863 140 2.4 -23556 -1160
134576 140 2.4 -23520 -2190
136312 140 2.4 -23312 -68
138070 140 2.4 -23284 244
139851 140 2.4 -22860 784
141655 140 2.4 -23796 2194
143482 140 2.4 -23800 -2074
145333 140 2.4 -23916 -910
147207 140 2.4 -24572 -380
149106 140 2.4 -23996 74
151029 140 2.4 -23500 3960
152977 140 2.4 -23776 -1418
154950 140 2.4 -23180 682
156948 140 2.4 -23664 -3374
158973 140 2.4 -23980 -1214
161023 140 2.4 -23036 1066
163100 140 2.4 -23888 1016
165204 140 2.4 -23992 -202
167334 140 2.4 -23856 -2778
169493 140 2.4 -23688 -792
171679 140 2.4 -23864 -2306
173893 140 2.4 -23900 -3238
176136 140 2.4 -23756 -566
178408 140 2.4 -23672 1480
180709 140 2.4 -23424 1642
183040 140 2.4 -24084 -1212
185400 140 2.4 -23872 -1304
187792 140 2.4 -23852 2922
190214 140 2.4 -23684 -1486
192667 140 2.4 -24132 -1456
195152 140 2.4 -23804 -2112
197669 140 2.4 -23728 -376
200219 140 2.4 -23528 -2982
202801 140 2.4 -23200 738
205417 140 2.4 -23540 784
208066 140 2.4 -23268 1322
210750 140 2.4 -23776 -784
213468 140 2.4 -23884 800
216222 140 2.4 -22984 482
219010 140 2.4 -23896 -1922
221835 140 2.4 -23476 200
224696 140 2.4 -23900 2764
227595 140 2.4 -23500 2458
230530 140 2.4 -24020 174
233503 140 2.4 -23876 -64
236515 140 2.4 -23656 -2764
239566 140 2.4 -23096 1032
242656 140 2.4 -23340 2568
245785 140 2.4 -23648 614
248956 140 2.4 -23188 -1184
252167 140 2.4 -23868 2640
255419 140 2.4 -23460 -2862
258713 140 2.4 -23016 -2042
262050 140 2.4 -23496 1252
265430 140 2.4 -23276 180
268854 140 2.4 -23620 396
272321 140 2.4 -24040 1810
275834 140 2.4 -23680 -520
279391 140 2.4 -23784 130
282995 140 2.4 -23188 -484
286645 140 2.4 -23260 -1186
290342 140 2.4 -23972 2474
294087 140 2.4 -23516 -2006
297880 140 2.4 -23412 -1050
301722 140 2.4 -23188 1954
305614 140 2.4 -23740 -4186
309556 140 2.4 -23480 -498
313548 140 2.4 -23356 -2186
317592 140 2.4 -23140 -1790
321689 140 2.4 -23408 472
325838 140 2.4 -23116 594
330040 140 2.4 -23844 2006
334297 140 2.4 -23420 -340
338609 140 2.4 -23860 -966
342976 140 2.4 -23504 -154
347400 140 2.4 -24052 1494
351881 140 2.4 -24060 492
356419 140 2.4 -23344 2152
361016 140 2.4 -23512 -1142
365673 140 2.4 -23880 4786
370389 140 2.4 -23360 -558
375167 140 2.4 -23388 1516
380005 140 2.4 -23972 1712
384907 140 2.4 -23860 -2224
389871 140 2.4 -23608 -312
394900 140 2.4 -24172 1276
399993 140 2.4 -23560 1824
405152 140 2.4 -23772 -3256
410378 140 2.4 -23156 -358
415671 140 2.4 -23248 2592
421032 140 2.4 -23824 652
426463 140 2.4 -23224 808
431963 140 2.4 -23892 -524
437535 140 2.4 -23984 320
443178 140 2.4 -24008 1894
448894 140 2.4 -24196 -878
454684 140 2.4 -23164 -646
460548 140 2.4 -23528 -2512
466489 140 2.4 -24124 1374
472505 140 2.4 -23228 2934
478600 140 2.4 -23516 -448
484773 140 2.4 -24260 2740
491025 140 2.4 -23580 -1720
497358 140 2.4 -23152 -1484
503773 140 2.4 -24020 -2276
510271 140 2.4 -23012 430
516852 140 2.4 -23828 530
523519 140 2.4 -23240 -400
530271 140 2.4 -23688 -3450
537111 140 2.4 -23020 390
544038 140 2.4 -23720 210
551055 140 2.4 -23580 -364
558163 140 2.4 -23936 398
565362 140 2.4 -23508 -180
572654 140 2.4 -23304 2072
580040 140 2.4 -23748 368
587521 140 2.4 -23764 2528
595099 140 2.4 -23336 -1584
602775 140 2.4 -23332 3402
610549 140 2.4 -23352 2380
618424 140 2.4 -23500 316
626400 140 2.4 -23308 1680
634480 140 2.4 -23620 -1630
642663 140 2.4 -23972 1912
650952 140 2.4 -23468 -2662
659348 140 2.4 -23724 1068
667853 140 2.4 -22884 -526
676467 140 2.4 -23308 1836
685192 140 2.4 -23340 -280
694029 140 2.4 -23720 -1888
702981 140 2.4 -23004 3072
712048 140 2.4 -22816 0
721232 140 2.4 -23904 -2098
730534 140 2.4 -23248 188
739957 140 2.4 -23168 2134
749500 140 2.4 -24444 -2504
759168 140 2.4 -24192 -608
768959 140 2.4 -23248 -2008
778877 140 2.4 -24012 -642
788923 140 2.4 -22900 -916
799099 140 2.4 -23540 -2670
809405 140 2.4 -23752 -2704
819845 140 2.4 -23364 922
830419 140 2.4 -23120 -3194
841130 140 2.4 -23580 -1270
851979 140 2.4 -24096 -410
862968 140 2.4 -23144 2150
874098 140 2.4 -23352 -1254
885373 140 2.4 -24116 -1826
896792 140 2.4 -23464 -2350
908359 140 2.4 -23480 -1810
920075 140 2.4 -24228 776
931942 140 2.4 -23440 -440
943962 140 2.4 -23192 162
956137 140 2.4 -23332 -2410
968470 140 2.4 -23624 508
980961 140 2.4 -23412 -2692
993613 140 2.4 -23992 -2382
999999 140 2.4 -23488 764
