3 20 2.3 -364 -54
4 20 2.3 -400 -64
5 20 2.3 -432 -34
6 20 2.3 -436 -54
7 20 2.3 -480 -64
8 20 2.3 -512 -80
9 20 2.3 -492 -76
10 20 2.3 -468 -86
11 20 2.3 -512 -90
12 20 2.3 -560 -108
13 20 2.3 -532 -76
14 20 2.3 -508 -88
15 20 2.3 -540 -86
16 20 2.3 -540 -84
17 20 2.3 -552 -66
18 20 2.3 -552 -48
19 20 2.3 -548 -58
20 20 2.3 -560 -68
21 20 2.3 -524 -76
22 20 2.3 -476 -66
23 20 2.3 -524 -46
24 20 2.3 -536 -44
25 20 2.3 -512 -60
26 20 2.3 -468 -44
27 20 2.3 -440 -20
28 20 2.3 -460 -46
29 20 2.3 -436 -38
30 20 2.3 -452 -4
31 20 2.3 -496 -8
32 20 2.3 -472 8
33 20 2.3 -468 -40
34 20 2.3 -460 -18
35 20 2.3 -436 -2
36 20 2.3 -428 30
37 20 2.3 -480 48
38 20 2.3 -492 28
39 20 2.3 -500 -4
40 20 2.3 -520 12
41 20 2.3 -476 38
42 20 2.3 -460 82
43 20 2.3 -560 122
44 20 2.3 -528 108
45 20 2.3 -512 100
46 20 2.3 -516 94
47 20 2.3 -492 114
48 20 2.3 -516 104
49 20 2.3 -500 110
50 20 2.3 -516 114
51 20 2.3 -500 94
52 20 2.3 -484 74
53 20 2.3 -500 60
54 20 2.3 -464 70
55 20 2.3 -512 76
56 20 2.3 -496 82
57 20 2.3 -548 84
58 20 2.3 -520 80
59 20 2.3 -520 72
60 20 2.3 -520 78
61 20 2.3 -548 110
62 20 2.3 -560 132
63 20 2.3 -564 144
64 20 2.3 -524 114
65 20 2.3 -452 88
66 20 2.3 -492 92
67 20 2.3 -492 94
68 20 2.3 -480 86
69 20 2.3 -508 96
70 20 2.3 -480 104
71 20 2.3 -408 100
72 20 2.3 -428 98
73 20 2.3 -452 60
74 20 2.3 -464 74
75 20 2.3 -472 56
76 20 2.3 -488 72
77 20 2.3 -532 66
78 20 2.3 -488 76
79 20 2.3 -544 104
80 20 2.3 -548 74
81 20 2.3 -520 64
82 20 2.3 -500 98
83 20 2.3 -480 102
84 20 2.3 -556 132
85 20 2.3 -568 128
86 20 2.3 -548 160
88 20 2.3 -508 150
89 20 2.3 -528 156
90 20 2.3 -476 148
91 20 2.3 -496 100
92 20 2.3 -524 134
93 20 2.3 -540 156
95 20 2.3 -496 150
96 20 2.3 -532 136
97 20 2.3 -548 154
98 20 2.3 -500 120
99 20 2.3 -540 114
101 20 2.3 -516 134
102 20 2.3 -548 126
103 20 2.3 -544 158
105 20 2.3 -528 172
106 20 2.3 -564 162
107 20 2.3 -508 156
109 20 2.3 -508 188
110 20 2.3 -476 180
112 20 2.3 -496 196
113 20 2.3 -524 226
114 20 2.3 -504 226
116 20 2.3 -544 250
117 20 2.3 -556 268
119 20 2.3 -604 274
120 20 2.3 -552 250
122 20 2.3 -548 250
124 20 2.3 -584 276
125 20 2.3 -592 280
127 20 2.3 -528 258
128 20 2.3 -540 244
130 20 2.3 -572 272
132 20 2.3 -572 282
133 20 2.3 -468 248
135 20 2.3 -536 268
137 20 2.3 -524 228
139 20 2.3 -544 228
140 20 2.3 -520 250
142 20 2.3 -540 280
144 20 2.3 -600 308
146 20 2.3 -580 306
148 20 2.3 -632 334
150 20 2.3 -624 336
152 20 2.3 -664 340
154 20 2.3 -564 308
155 20 2.3 -612 312
157 20 2.3 -632 336
160 20 2.3 -552 300
162 20 2.3 -548 288
164 20 2.3 -512 280
166 20 2.3 -580 316
168 20 2.3 -556 300
170 20 2.3 -500 290
172 20 2.3 -564 300
174 20 2.3 -576 314
177 20 2.3 -580 282
179 20 2.3 -532 222
181 20 2.3 -572 240
184 20 2.3 -592 282
186 20 2.3 -612 310
188 20 2.3 -536 274
191 20 2.3 -524 250
193 20 2.3 -576 278
196 20 2.3 -540 270
198 20 2.3 -492 256
201 20 2.3 -576 290
203 20 2.3 -588 298
206 20 2.3 -576 294
209 20 2.3 -592 284
211 20 2.3 -576 292
214 20 2.3 -584 290
217 20 2.3 -552 280
220 20 2.3 -576 276
222 20 2.3 -560 248
225 20 2.3 -568 252
228 20 2.3 -532 194
231 20 2.3 -520 178
234 20 2.3 -548 200
237 20 2.3 -532 188
240 20 2.3 -572 226
243 20 2.3 -496 212
246 20 2.3 -564 228
250 20 2.3 -516 192
253 20 2.3 -504 230
256 20 2.3 -520 238
259 20 2.3 -476 206
263 20 2.3 -500 126
266 20 2.3 -476 134
269 20 2.3 -500 160
273 20 2.3 -520 240
276 20 2.3 -504 236
280 20 2.3 -624 278
284 20 2.3 -612 304
287 20 2.3 -620 336
291 20 2.3 -620 332
295 20 2.3 -668 348
298 20 2.3 -672 358
302 20 2.3 -620 320
306 20 2.3 -544 278
310 20 2.3 -536 270
314 20 2.3 -560 274
318 20 2.3 -540 240
322 20 2.3 -592 254
326 20 2.3 -580 272
331 20 2.3 -524 220
335 20 2.3 -516 242
339 20 2.3 -596 274
344 20 2.3 -584 306
348 20 2.3 -580 298
352 20 2.3 -576 308
357 20 2.3 -536 296
362 20 2.3 -556 310
366 20 2.3 -604 332
371 20 2.3 -632 334
376 20 2.3 -540 280
381 20 2.3 -656 342
385 20 2.3 -560 314
390 20 2.3 -552 298
395 20 2.3 -576 316
401 20 2.3 -608 312
406 20 2.3 -596 322
411 20 2.3 -584 318
416 20 2.3 -596 338
422 20 2.3 -568 304
427 20 2.3 -592 306
433 20 2.3 -620 336
438 20 2.3 -620 326
444 20 2.3 -640 342
449 20 2.3 -632 340
455 20 2.3 -608 324
461 20 2.3 -596 332
467 20 2.3 -656 340
473 20 2.3 -608 324
479 20 2.3 -536 284
485 20 2.3 -576 286
492 20 2.3 -524 288
498 20 2.3 -632 336
504 20 2.3 -600 322
511 20 2.3 -524 258
517 20 2.3 -628 346
524 20 2.3 -636 344
531 20 2.3 -584 308
538 20 2.3 -564 302
545 20 2.3 -596 320
552 20 2.3 -576 294
559 20 2.3 -600 310
566 20 2.3 -564 264
573 20 2.3 -524 240
581 20 2.3 -556 270
588 20 2.3 -552 252
596 20 2.3 -492 206
603 20 2.3 -504 216
611 20 2.3 -552 222
619 20 2.3 -532 176
627 20 2.3 -484 244
635 20 2.3 -528 306
643 20 2.3 -636 338
652 20 2.3 -560 318
660 20 2.3 -608 312
668 20 2.3 -636 346
677 20 2.3 -620 336
686 20 2.3 -572 320
695 20 2.3 -620 338
704 20 2.3 -564 304
713 20 2.3 -544 304
722 20 2.3 -640 344
731 20 2.3 -612 334
741 20 2.3 -552 274
750 20 2.3 -488 244
760 20 2.3 -520 210
770 20 2.3 -548 168
780 20 2.3 -560 188
790 20 2.3 -560 234
800 20 2.3 -592 328
810 20 2.3 -612 320
821 20 2.3 -512 242
831 20 2.3 -564 270
842 20 2.3 -468 206
853 20 2.3 -492 228
864 20 2.3 -472 158
875 20 2.3 -492 186
886 20 2.3 -480 208
897 20 2.3 -512 236
909 20 2.3 -464 180
921 20 2.3 -428 220
933 20 2.3 -572 250
945 20 2.3 -704 366
957 20 2.3 -640 344
969 20 2.3 -544 238
982 20 2.3 -600 282
994 20 2.3 -564 266
1007 20 2.3 -532 282
1020 20 2.3 -588 314
1033 20 2.3 -616 320
1047 20 2.3 -524 272
1060 20 2.3 -592 278
1074 20 2.3 -576 310
1088 20 2.3 -628 326
1102 20 2.3 -628 334
1116 20 2.3 -636 328
1130 20 2.3 -580 296
1145 20 2.3 -588 310
1160 20 2.3 -512 266
1174 20 2.3 -596 330
1190 20 2.3 -580 274
1205 20 2.3 -488 236
1220 20 2.3 -508 286
1236 20 2.3 -552 306
1252 20 2.3 -492 236
1268 20 2.3 -544 250
1285 20 2.3 -588 322
1301 20 2.3 -636 324
1318 20 2.3 -608 312
1335 20 2.3 -548 292
1352 20 2.3 -612 324
1370 20 2.3 -600 326
1387 20 2.3 -660 342
1405 20 2.3 -620 320
1423 20 2.3 -572 234
1442 20 2.3 -564 296
1460 20 2.3 -544 318
1479 20 2.3 -552 290
1498 20 2.3 -632 352
1517 20 2.3 -460 242
1537 20 2.3 -504 242
1557 20 2.3 -516 220
1577 20 2.3 -544 264
1597 20 2.3 -564 226
1618 20 2.3 -640 340
1639 20 2.3 -552 268
1660 20 2.3 -572 296
1681 20 2.3 -604 334
1703 20 2.3 -648 344
1725 20 2.3 -544 268
1747 20 2.3 -608 322
1770 20 2.3 -588 316
1792 20 2.3 -528 242
1816 20 2.3 -548 244
1839 20 2.3 -572 314
1863 20 2.3 -556 302
1887 20 2.3 -620 328
1911 20 2.3 -640 330
1936 20 2.3 -568 272
1961 20 2.3 -496 166
1986 20 2.3 -536 226
2012 20 2.3 -576 302
2037 20 2.3 -672 344
2064 20 2.3 -580 276
2090 20 2.3 -640 350
2117 20 2.3 -580 294
2145 20 2.3 -556 198
2172 20 2.3 -512 228
2200 20 2.3 -552 258
2229 20 2.3 -604 286
2257 20 2.3 -480 230
2286 20 2.3 -548 276
2316 20 2.3 -452 82
2346 20 2.3 -440 -38
2376 20 2.3 -500 -30
2407 20 2.3 -436 -60
2438 20 2.3 -484 -44
2469 20 2.3 -628 -332
2501 20 2.3 -560 -296
2533 20 2.3 -612 -314
2566 20 2.3 -600 -272
2599 20 2.3 -448 -180
2633 20 2.3 -500 -140
2667 20 2.3 -460 -180
2701 20 2.3 -448 -44
2736 20 2.3 -668 -356
2771 20 2.3 -576 -286
2807 20 2.3 -452 -90
2843 20 2.3 -464 -34
2880 20 2.3 -448 -82
2917 20 2.3 -640 -348
2954 20 2.3 -556 -308
2992 20 2.3 -516 -310
3031 20 2.3 -544 -288
3070 20 2.3 -512 -238
3110 20 2.3 -552 -286
3150 20 2.3 -512 -202
3190 20 2.3 -596 -238
3232 20 2.3 -536 -278
3273 20 2.3 -560 -230
3315 20 2.3 -520 -248
3358 20 2.3 -572 -308
3402 20 2.3 -572 -314
3445 20 2.3 -524 -118
3490 20 2.3 -552 -138
3535 20 2.3 -560 -216
3580 20 2.3 -692 -366
3627 20 2.3 -624 -340
3673 20 2.3 -600 -342
3721 20 2.3 -480 -252
3769 20 2.3 -632 -316
3817 20 2.3 -512 -248
3867 20 2.3 -472 -22
3916 20 2.3 -540 78
3967 20 2.3 -496 154
4018 20 2.3 -524 140
4070 20 2.3 -552 316
4122 20 2.3 -604 326
4176 20 2.3 -596 328
4229 20 2.3 -532 212
4284 20 2.3 -624 296
4339 20 2.3 -508 152
4395 20 2.3 -588 300
4452 20 2.3 -676 338
4509 20 2.3 -436 180
4567 20 2.3 -544 290
4626 20 2.3 -508 230
4686 20 2.3 -496 248
4746 20 2.3 -600 328
4808 20 2.3 -636 322
4870 20 2.3 -496 194
4932 20 2.3 -576 292
4996 20 2.3 -612 332
5060 20 2.3 -676 330
5126 20 2.3 -544 268
5192 20 2.3 -564 244
5259 20 2.3 -600 310
5327 20 2.3 -608 290
5395 20 2.3 -540 248
5465 20 2.3 -440 -52
5535 20 2.3 -516 -136
5607 20 2.3 -604 -320
5679 20 2.3 -600 -310
5752 20 2.3 -560 -290
5826 20 2.3 -488 -262
5902 20 2.3 -432 -114
5978 20 2.3 -488 14
6055 20 2.3 -480 -60
6133 20 2.3 -508 -172
6212 20 2.3 -632 -336
6292 20 2.3 -396 -204
6373 20 2.3 -644 -352
6455 20 2.3 -580 -306
6539 20 2.3 -596 -324
6623 20 2.3 -588 -276
6708 20 2.3 -656 -340
6795 20 2.3 -528 -234
6883 20 2.3 -592 -270
6971 20 2.3 -508 -264
7061 20 2.3 -664 -354
7152 20 2.3 -600 -296
7245 20 2.3 -576 -282
7338 20 2.3 -556 -310
7433 20 2.3 -424 -56
7529 20 2.3 -480 -36
7626 20 2.3 -504 -256
7724 20 2.3 -564 -300
7824 20 2.3 -648 -346
7925 20 2.3 -580 -312
8027 20 2.3 -668 -336
8130 20 2.3 -556 -274
8235 20 2.3 -608 -332
8341 20 2.3 -544 -286
8449 20 2.3 -620 -230
8558 20 2.3 -552 -290
8668 20 2.3 -608 -316
8780 20 2.3 -440 -218
8893 20 2.3 -568 -256
9008 20 2.3 -476 52
9124 20 2.3 -536 244
9242 20 2.3 -660 354
9361 20 2.3 -524 254
9482 20 2.3 -564 268
9604 20 2.3 -528 166
9728 20 2.3 -528 228
9853 20 2.3 -568 304
9980 20 2.3 -504 236
10109 20 2.3 -580 224
10240 20 2.3 -472 142
10372 20 2.3 -608 326
10505 20 2.3 -516 254
10641 20 2.3 -428 -14
10778 20 2.3 -440 -28
10917 20 2.3 -472 -214
11058 20 2.3 -536 -214
11201 20 2.3 -616 -336
11345 20 2.3 -560 -312
11491 20 2.3 -460 -230
11640 20 2.3 -548 76
11790 20 2.3 -576 308
11942 20 2.3 -508 284
12096 20 2.3 -580 308
12252 20 2.3 -596 312
12410 20 2.3 -500 -228
12570 20 2.3 -604 -294
12732 20 2.3 -544 -306
12896 20 2.3 -620 -334
13062 20 2.3 -524 -62
13231 20 2.3 -676 360
13402 20 2.3 -660 334
13574 20 2.3 -440 44
13750 20 2.3 -644 -336
13927 20 2.3 -456 -194
14106 20 2.3 -468 4
14288 20 2.3 -524 -206
14473 20 2.3 -424 -214
14659 20 2.3 -596 -320
14848 20 2.3 -628 -304
15040 20 2.3 -692 -362
15234 20 2.3 -592 -264
15430 20 2.3 -572 -304
15629 20 2.3 -508 -192
15831 20 2.3 -528 -238
16035 20 2.3 -512 -90
16242 20 2.3 -524 -230
16451 20 2.3 -552 -158
16664 20 2.3 -480 -84
16879 20 2.3 -512 -120
17096 20 2.3 -520 -130
17317 20 2.3 -588 -312
17540 20 2.3 -556 -298
17766 20 2.3 -608 -338
17995 20 2.3 -592 -304
18228 20 2.3 -608 -336
18463 20 2.3 -572 -258
18701 20 2.3 -420 -32
18942 20 2.3 -584 304
19186 20 2.3 -636 344
19434 20 2.3 -508 242
19684 20 2.3 -508 190
19938 20 2.3 -572 282
20195 20 2.3 -596 314
20456 20 2.3 -660 350
20720 20 2.3 -580 272
20987 20 2.3 -560 258
21258 20 2.3 -540 44
21532 20 2.3 -536 -270
21810 20 2.3 -504 -184
22091 20 2.3 -536 -268
22376 20 2.3 -560 -122
22664 20 2.3 -564 -290
22957 20 2.3 -468 -228
23253 20 2.3 -540 -296
23553 20 2.3 -484 214
23856 20 2.3 -512 128
24164 20 2.3 -516 258
24476 20 2.3 -608 326
24791 20 2.3 -600 -300
25111 20 2.3 -656 -342
25435 20 2.3 -604 -320
25763 20 2.3 -492 -258
26095 20 2.3 -540 268
26432 20 2.3 -624 340
26773 20 2.3 -524 198
27118 20 2.3 -564 -296
27468 20 2.3 -532 -32
27822 20 2.3 -528 -266
28181 20 2.3 -588 -316
28545 20 2.3 -440 -146
28913 20 2.3 -520 -122
29286 20 2.3 -552 -302
29663 20 2.3 -612 -284
30046 20 2.3 -500 -250
30434 20 2.3 -468 -60
30826 20 2.3 -476 -24
31224 20 2.3 -568 -320
31626 20 2.3 -576 -270
32034 20 2.3 -560 -308
32447 20 2.3 -560 300
32866 20 2.3 -380 120
33290 20 2.3 -520 168
33719 20 2.3 -468 178
34154 20 2.3 -576 -320
34595 20 2.3 -536 290
35041 20 2.3 -536 268
35493 20 2.3 -620 324
35951 20 2.3 -576 312
36414 20 2.3 -544 240
36884 20 2.3 -588 328
37360 20 2.3 -504 -12
37841 20 2.3 -600 326
38330 20 2.3 -524 202
38824 20 2.3 -612 218
39325 20 2.3 -512 68
39832 20 2.3 -548 250
40346 20 2.3 -520 -278
40866 20 2.3 -556 -312
41393 20 2.3 -524 -146
41927 20 2.3 -580 292
42468 20 2.3 -580 318
43015 20 2.3 -476 56
43570 20 2.3 -560 304
44132 20 2.3 -520 192
44701 20 2.3 -612 328
45278 20 2.3 -588 312
45862 20 2.3 -556 290
46453 20 2.3 -536 240
47053 20 2.3 -540 292
47660 20 2.3 -604 328
48274 20 2.3 -504 -270
48897 20 2.3 -644 -340
49528 20 2.3 -540 -222
50166 20 2.3 -552 -294
50813 20 2.3 -488 -236
51469 20 2.3 -584 -302
52133 20 2.3 -584 312
52805 20 2.3 -508 224
53486 20 2.3 -488 -210
54176 20 2.3 -620 -326
54875 20 2.3 -468 212
55582 20 2.3 -600 288
56299 20 2.3 -592 336
57025 20 2.3 -500 270
57761 20 2.3 -588 -280
58506 20 2.3 -576 308
59261 20 2.3 -624 328
60025 20 2.3 -608 -326
60799 20 2.3 -472 192
61583 20 2.3 -560 182
62378 20 2.3 -540 290
63182 20 2.3 -644 354
63997 20 2.3 -508 268
64822 20 2.3 -576 308
65658 20 2.3 -568 268
66505 20 2.3 -488 172
67363 20 2.3 -628 338
68232 20 2.3 -452 172
69112 20 2.3 -528 -212
70003 20 2.3 -540 270
70906 20 2.3 -536 206
71821 20 2.3 -504 196
72747 20 2.3 -616 -298
73685 20 2.3 -640 -350
74636 20 2.3 -576 -312
75599 20 2.3 -508 -234
76574 20 2.3 -472 -236
77561 20 2.3 -472 -118
78562 20 2.3 -552 -290
79575 20 2.3 -492 -236
80601 20 2.3 -564 -292
81641 20 2.3 -612 -312
82694 20 2.3 -520 -120
83760 20 2.3 -556 -278
84841 20 2.3 -616 318
85935 20 2.3 -580 -246
87043 20 2.3 -632 -318
88166 20 2.3 -616 -344
89303 20 2.3 -584 314
90455 20 2.3 -508 204
91622 20 2.3 -552 -290
92803 20 2.3 -604 -318
94000 20 2.3 -432 70
95213 20 2.3 -568 286
96441 20 2.3 -580 -304
97685 20 2.3 -520 240
98945 20 2.3 -604 312
100221 20 2.3 -548 -288
101513 20 2.3 -500 -280
102823 20 2.3 -572 312
104149 20 2.3 -512 220
105492 20 2.3 -624 334
106853 20 2.3 -500 244
108231 20 2.3 -476 174
109627 20 2.3 -620 332
111041 20 2.3 -608 336
112473 20 2.3 -580 -288
113924 20 2.3 -576 232
115393 20 2.3 -472 -176
116882 20 2.3 -500 -204
118389 20 2.3 -632 -322
119916 20 2.3 -512 -252
121463 20 2.3 -424 40
123029 20 2.3 -620 -336
124616 20 2.3 -588 -308
126224 20 2.3 -564 -272
127852 20 2.3 -524 -164
129501 20 2.3 -640 334
131171 20 2.3 -592 266
132863 20 2.3 -620 -342
134576 20 2.3 -632 -332
136312 20 2.3 -468 210
138070 20 2.3 -572 -278
139851 20 2.3 -600 -334
141655 20 2.3 -552 298
143482 20 2.3 -540 292
145333 20 2.3 -552 -278
147207 20 2.3 -544 292
149106 20 2.3 -476 226
151029 20 2.3 -508 150
152977 20 2.3 -420 -100
154950 20 2.3 -592 -320
156948 20 2.3 -536 -266
158973 20 2.3 -616 -332
161023 20 2.3 -556 -292
163100 20 2.3 -548 224
165204 20 2.3 -500 154
167334 20 2.3 -508 212
169493 20 2.3 -428 -106
171679 20 2.3 -712 -370
173893 20 2.3 -584 304
176136 20 2.3 -464 -54
178408 20 2.3 -416 -176
180709 20 2.3 -528 -244
183040 20 2.3 -504 -120
185400 20 2.3 -544 266
187792 20 2.3 -640 340
190214 20 2.3 -532 300
192667 20 2.3 -444 74
195152 20 2.3 -604 324
197669 20 2.3 -560 314
200219 20 2.3 -612 -294
202801 20 2.3 -556 232
205417 20 2.3 -476 -196
208066 20 2.3 -464 242
210750 20 2.3 -480 -84
213468 20 2.3 -452 118
216222 20 2.3 -604 330
219010 20 2.3 -624 -318
221835 20 2.3 -608 -324
224696 20 2.3 -556 310
227595 20 2.3 -500 -182
230530 20 2.3 -548 -272
233503 20 2.3 -576 -290
236515 20 2.3 -528 20
239566 20 2.3 -536 294
242656 20 2.3 -496 40
245785 20 2.3 -564 288
248956 20 2.3 -632 338
252167 20 2.3 -524 158
255419 20 2.3 -516 250
258713 20 2.3 -588 290
262050 20 2.3 -604 -318
265430 20 2.3 -544 -294
268854 20 2.3 -480 222
272321 20 2.3 -552 262
275834 20 2.3 -476 -242
279391 20 2.3 -640 -330
282995 20 2.3 -488 54
286645 20 2.3 -560 316
290342 20 2.3 -516 38
294087 20 2.3 -524 90
297880 20 2.3 -628 278
301722 20 2.3 -656 -346
305614 20 2.3 -484 -192
309556 20 2.3 -636 320
313548 20 2.3 -504 86
317592 20 2.3 -568 -310
321689 20 2.3 -640 304
325838 20 2.3 -508 -238
330040 20 2.3 -632 -342
334297 20 2.3 -532 244
338609 20 2.3 -540 300
342976 20 2.3 -548 288
347400 20 2.3 -548 286
351881 20 2.3 -548 138
356419 20 2.3 -512 200
361016 20 2.3 -544 66
365673 20 2.3 -524 258
370389 20 2.3 -672 -354
375167 20 2.3 -584 272
380005 20 2.3 -568 274
384907 20 2.3 -604 -310
389871 20 2.3 -576 288
394900 20 2.3 -472 -200
399993 20 2.3 -548 -256
405152 20 2.3 -488 -222
410378 20 2.3 -480 30
415671 20 2.3 -596 300
421032 20 2.3 -516 210
426463 20 2.3 -524 -146
431963 20 2.3 -612 -226
437535 20 2.3 -512 260
443178 20 2.3 -596 282
448894 20 2.3 -660 -348
454684 20 2.3 -484 -210
460548 20 2.3 -576 264
466489 20 2.3 -576 -310
472505 20 2.3 -552 216
478600 20 2.3 -484 186
484773 20 2.3 -520 122
491025 20 2.3 -640 336
497358 20 2.3 -608 314
503773 20 2.3 -536 290
510271 20 2.3 -568 -128
516852 20 2.3 -596 -286
523519 20 2.3 -560 -188
530271 20 2.3 -596 282
537111 20 2.3 -568 -314
544038 20 2.3 -544 290
551055 20 2.3 -540 254
558163 20 2.3 -516 242
565362 20 2.3 -624 -326
572654 20 2.3 -536 228
580040 20 2.3 -636 334
587521 20 2.3 -468 256
595099 20 2.3 -540 304
602775 20 2.3 -580 -330
610549 20 2.3 -584 -310
618424 20 2.3 -536 286
626400 20 2.3 -572 314
634480 20 2.3 -596 322
642663 20 2.3 -620 -328
650952 20 2.3 -628 338
659348 20 2.3 -416 -14
667853 20 2.3 -612 -332
676467 20 2.3 -608 -324
685192 20 2.3 -536 298
694029 20 2.3 -568 -238
702981 20 2.3 -516 196
712048 20 2.3 -568 -266
721232 20 2.3 -616 306
730534 20 2.3 -496 -146
739957 20 2.3 -468 134
749500 20 2.3 -612 310
759168 20 2.3 -548 302
768959 20 2.3 -600 278
778877 20 2.3 -608 -300
788923 20 2.3 -448 174
799099 20 2.3 -520 -150
809405 20 2.3 -508 -278
819845 20 2.3 -592 -304
830419 20 2.3 -508 -228
841130 20 2.3 -540 -244
851979 20 2.3 -484 -150
862968 20 2.3 -596 -308
874098 20 2.3 -612 -342
885373 20 2.3 -608 -278
896792 20 2.3 -596 -224
908359 20 2.3 -452 -98
920075 20 2.3 -640 -344
931942 20 2.3 -556 -256
943962 20 2.3 -540 276
956137 20 2.3 -516 -224
968470 20 2.3 -456 174
980961 20 2.3 -484 -172
993613 20 2.3 -520 238
999999 20 2.3 -456 146
