3 140 2.3 -17752 628
4 140 2.3 -19248 822
5 140 2.3 -20752 640
6 140 2.3 -21356 856
7 140 2.3 -21472 760
8 140 2.3 -21984 1052
9 140 2.3 -22236 838
10 140 2.3 -22404 562
11 140 2.3 -22884 534
12 140 2.3 -22756 536
13 140 2.3 -23156 642
14 140 2.3 -23036 768
15 140 2.3 -23444 546
16 140 2.3 -23528 786
17 140 2.3 -23576 538
18 140 2.3 -24236 396
19 140 2.3 -23592 408
20 140 2.3 -23612 278
21 140 2.3 -23768 230
22 140 2.3 -23824 198
23 140 2.3 -24064 -20
24 140 2.3 -23932 -122
25 140 2.3 -23708 -122
26 140 2.3 -23900 -116
27 140 2.3 -24100 -36
28 140 2.3 -23628 -258
29 140 2.3 -23624 -350
30 140 2.3 -23876 -484
31 140 2.3 -24144 -396
32 140 2.3 -24100 -442
33 140 2.3 -24488 -358
34 140 2.3 -24588 -300
35 140 2.3 -24524 -326
36 140 2.3 -24508 -408
37 140 2.3 -24580 -508
38 140 2.3 -24476 -568
39 140 2.3 -24620 -524
40 140 2.3 -24260 -494
41 140 2.3 -24636 -570
42 140 2.3 -24952 -776
43 140 2.3 -25056 -674
44 140 2.3 -24844 -666
45 140 2.3 -25324 -380
46 140 2.3 -25096 -328
47 140 2.3 -25276 -354
48 140 2.3 -25128 -284
49 140 2.3 -25280 -468
50 140 2.3 -25084 -490
51 140 2.3 -25164 -496
52 140 2.3 -25172 -332
53 140 2.3 -25072 -332
54 140 2.3 -25104 -464
55 140 2.3 -25172 -590
56 140 2.3 -24680 -502
57 140 2.3 -24624 -182
58 140 2.3 -24856 -330
59 140 2.3 -24724 -216
60 140 2.3 -25076 -304
61 140 2.3 -24848 -356
62 140 2.3 -24868 -632
63 140 2.3 -24984 -682
64 140 2.3 -25080 -616
65 140 2.3 -25388 -736
66 140 2.3 -24936 -558
67 140 2.3 -25200 -530
68 140 2.3 -25524 -632
69 140 2.3 -25268 -592
70 140 2.3 -25108 -516
71 140 2.3 -25208 -294
72 140 2.3 -25112 -490
73 140 2.3 -25212 -274
74 140 2.3 -25232 -88
75 140 2.3 -25472 2
76 140 2.3 -25376 -110
77 140 2.3 -25296 -284
78 140 2.3 -25432 -302
79 140 2.3 -25224 -618
80 140 2.3 -24924 -734
81 140 2.3 -25348 -764
82 140 2.3 -25144 -570
83 140 2.3 -25224 -638
84 140 2.3 -24988 -662
85 140 2.3 -25128 -858
86 140 2.3 -25200 -606
88 140 2.3 -25328 -456
89 140 2.3 -25136 -548
90 140 2.3 -25236 -502
91 140 2.3 -24976 -708
92 140 2.3 -25116 -898
93 140 2.3 -25548 -810
95 140 2.3 -25636 -822
96 140 2.3 -25880 -872
97 140 2.3 -25812 -728
98 140 2.3 -25676 -572
99 140 2.3 -25356 -398
101 140 2.3 -25308 -578
102 140 2.3 -25416 -470
103 140 2.3 -25188 -416
105 140 2.3 -25392 -328
106 140 2.3 -25384 -314
107 140 2.3 -25784 -356
109 140 2.3 -25624 -706
110 140 2.3 -25468 -792
112 140 2.3 -25508 -680
113 140 2.3 -25364 -522
114 140 2.3 -25244 -400
116 140 2.3 -25244 -270
117 140 2.3 -25204 -130
119 140 2.3 -25408 -220
120 140 2.3 -25316 -282
122 140 2.3 -25280 -312
124 140 2.3 -25412 -252
125 140 2.3 -25700 -362
127 140 2.3 -25520 -162
128 140 2.3 -25716 -140
130 140 2.3 -25736 -92
132 140 2.3 -25632 -170
133 140 2.3 -25860 -188
135 140 2.3 -25528 -120
137 140 2.3 -25468 -104
139 140 2.3 -25732 -30
140 140 2.3 -25716 -68
142 140 2.3 -25924 -294
144 140 2.3 -26088 -476
146 140 2.3 -25704 0
148 140 2.3 -25312 -152
150 140 2.3 -25872 -2
152 140 2.3 -25592 72
154 140 2.3 -25668 -166
155 140 2.3 -25800 -68
157 140 2.3 -25688 -124
160 140 2.3 -25612 -376
162 140 2.3 -25648 -234
164 140 2.3 -26144 -502
166 140 2.3 -25992 -336
168 140 2.3 -26048 -292
170 140 2.3 -25592 -412
172 140 2.3 -25732 -542
174 140 2.3 -25428 -586
177 140 2.3 -25672 -1084
179 140 2.3 -26176 -1118
181 140 2.3 -26404 -1158
184 140 2.3 -26048 -1150
186 140 2.3 -26052 -1422
188 140 2.3 -26536 -1142
191 140 2.3 -26432 -1062
193 140 2.3 -26508 -1142
196 140 2.3 -25856 -1408
198 140 2.3 -26036 -1362
201 140 2.3 -26336 -1298
203 140 2.3 -26016 -942
206 140 2.3 -26048 -556
209 140 2.3 -25868 -268
211 140 2.3 -26176 -218
214 140 2.3 -26140 -562
217 140 2.3 -25656 -310
220 140 2.3 -26060 -488
222 140 2.3 -26480 -734
225 140 2.3 -25864 -652
228 140 2.3 -26044 -1060
231 140 2.3 -25916 -1378
234 140 2.3 -25504 -1566
237 140 2.3 -25656 -1788
240 140 2.3 -25560 -1676
243 140 2.3 -26256 -1718
246 140 2.3 -26060 -1520
250 140 2.3 -25616 -1598
253 140 2.3 -25844 -1492
256 140 2.3 -25840 -1658
259 140 2.3 -26116 -1532
263 140 2.3 -25952 -1506
266 140 2.3 -25952 -1526
269 140 2.3 -25820 -1256
273 140 2.3 -26096 -1046
276 140 2.3 -26084 -1542
280 140 2.3 -25716 -1836
284 140 2.3 -26352 -1540
287 140 2.3 -26260 -1748
291 140 2.3 -26280 -2220
295 140 2.3 -26640 -2266
298 140 2.3 -26868 -2422
302 140 2.3 -26380 -2342
306 140 2.3 -26588 -2278
310 140 2.3 -25680 -1880
314 140 2.3 -26016 -2046
318 140 2.3 -26048 -1990
322 140 2.3 -25820 -2294
326 140 2.3 -25956 -2332
331 140 2.3 -25480 -2258
335 140 2.3 -25016 -1590
339 140 2.3 -25996 -1936
344 140 2.3 -26396 -1770
348 140 2.3 -26084 -1956
352 140 2.3 -25764 -1548
357 140 2.3 -26012 -1506
362 140 2.3 -25652 -1434
366 140 2.3 -25868 -1632
371 140 2.3 -25220 -1634
376 140 2.3 -25364 -1418
381 140 2.3 -25848 -1154
385 140 2.3 -25400 -1468
390 140 2.3 -25384 -1562
395 140 2.3 -25832 -2300
401 140 2.3 -25756 -2560
406 140 2.3 -25908 -2404
411 140 2.3 -25740 -2566
416 140 2.3 -26120 -2584
422 140 2.3 -25820 -3194
427 140 2.3 -25464 -3202
433 140 2.3 -26208 -3428
438 140 2.3 -26020 -3352
444 140 2.3 -26180 -3116
449 140 2.3 -25928 -3012
455 140 2.3 -26100 -3272
461 140 2.3 -26360 -3716
467 140 2.3 -26164 -3362
473 140 2.3 -26504 -2866
479 140 2.3 -26524 -2876
485 140 2.3 -26540 -2856
492 140 2.3 -26192 -3092
498 140 2.3 -26144 -2980
504 140 2.3 -26124 -2808
511 140 2.3 -26372 -2532
517 140 2.3 -26560 -2576
524 140 2.3 -26544 -3230
531 140 2.3 -26080 -3214
538 140 2.3 -26608 -3514
545 140 2.3 -27544 -3912
552 140 2.3 -26800 -4204
559 140 2.3 -27044 -4010
566 140 2.3 -26832 -3466
573 140 2.3 -26304 -3626
581 140 2.3 -26628 -3328
588 140 2.3 -26500 -3036
596 140 2.3 -26900 -2992
603 140 2.3 -26436 -2746
611 140 2.3 -26240 -3132
619 140 2.3 -26248 -3190
627 140 2.3 -26304 -3002
635 140 2.3 -26520 -2796
643 140 2.3 -26404 -2440
652 140 2.3 -26420 -2826
660 140 2.3 -26472 -2728
668 140 2.3 -26616 -3130
677 140 2.3 -26696 -3572
686 140 2.3 -25768 -2956
695 140 2.3 -27004 -2550
704 140 2.3 -26624 -2874
713 140 2.3 -25584 -2688
722 140 2.3 -25964 -1962
731 140 2.3 -26064 -1746
741 140 2.3 -25980 -1980
750 140 2.3 -25812 -1696
760 140 2.3 -25948 -1524
770 140 2.3 -26256 -1232
780 140 2.3 -26424 -806
790 140 2.3 -26632 -304
800 140 2.3 -26464 -1026
810 140 2.3 -26372 -990
821 140 2.3 -26572 -670
831 140 2.3 -26836 -726
842 140 2.3 -25880 -902
853 140 2.3 -25992 -1472
864 140 2.3 -26892 -1342
875 140 2.3 -25876 -1138
886 140 2.3 -26152 -1754
897 140 2.3 -25996 -1240
909 140 2.3 -26736 -1368
921 140 2.3 -26144 -1276
933 140 2.3 -26276 -1820
945 140 2.3 -26968 -2206
957 140 2.3 -25956 -2544
969 140 2.3 -25512 -3080
982 140 2.3 -25976 -3236
994 140 2.3 -26340 -3900
1007 140 2.3 -26008 -3184
1020 140 2.3 -26312 -3250
1033 140 2.3 -26400 -3600
1047 140 2.3 -26152 -4262
1060 140 2.3 -26352 -4106
1074 140 2.3 -26320 -4974
1088 140 2.3 -26432 -4710
1102 140 2.3 -26328 -4286
1116 140 2.3 -26892 -3870
1130 140 2.3 -26904 -4296
1145 140 2.3 -26592 -4696
1160 140 2.3 -26304 -4852
1174 140 2.3 -26788 -4948
1190 140 2.3 -26028 -4966
1205 140 2.3 -26084 -5314
1220 140 2.3 -26728 -5414
1236 140 2.3 -26272 -5204
1252 140 2.3 -26768 -5716
1268 140 2.3 -25912 -5162
1285 140 2.3 -25828 -3972
1301 140 2.3 -26144 -3792
1318 140 2.3 -26000 -3598
1335 140 2.3 -26376 -4994
1352 140 2.3 -26572 -5254
1370 140 2.3 -26316 -4428
1387 140 2.3 -26156 -4856
1405 140 2.3 -26552 -4814
1423 140 2.3 -26912 -5410
1442 140 2.3 -26068 -4510
1460 140 2.3 -25688 -4904
1479 140 2.3 -26764 -4638
1498 140 2.3 -26852 -5068
1517 140 2.3 -26820 -4984
1537 140 2.3 -26640 -4312
1557 140 2.3 -26836 -4742
1577 140 2.3 -26368 -4776
1597 140 2.3 -26352 -4572
1618 140 2.3 -25768 -5410
1639 140 2.3 -26452 -5002
1660 140 2.3 -26292 -5078
1681 140 2.3 -26228 -5088
1703 140 2.3 -26284 -4876
1725 140 2.3 -25920 -4372
1747 140 2.3 -26640 -4772
1770 140 2.3 -26692 -4260
1792 140 2.3 -26312 -4236
1816 140 2.3 -25760 -3944
1839 140 2.3 -27036 -4174
1863 140 2.3 -26332 -4244
1887 140 2.3 -26816 -4694
1911 140 2.3 -26960 -4900
1936 140 2.3 -26072 -5414
1961 140 2.3 -26872 -6178
1986 140 2.3 -26484 -5604
2012 140 2.3 -27048 -6074
2037 140 2.3 -26012 -4544
2064 140 2.3 -26080 -4096
2090 140 2.3 -26664 -4252
2117 140 2.3 -26960 -5062
2145 140 2.3 -26940 -5140
2172 140 2.3 -26156 -4046
2200 140 2.3 -26720 -4946
2229 140 2.3 -27348 -4010
2257 140 2.3 -27464 -5240
2286 140 2.3 -27616 -5282
2316 140 2.3 -26844 -4912
2346 140 2.3 -26668 -4448
2376 140 2.3 -26640 -4488
2407 140 2.3 -26440 -4442
2438 140 2.3 -25860 -3766
2469 140 2.3 -26304 -5032
2501 140 2.3 -26432 -3936
2533 140 2.3 -26280 -4926
2566 140 2.3 -26036 -4688
2599 140 2.3 -26344 -5490
2633 140 2.3 -26156 -5162
2667 140 2.3 -27116 -5908
2701 140 2.3 -27028 -5968
2736 140 2.3 -27224 -6768
2771 140 2.3 -26280 -6366
2807 140 2.3 -25988 -6362
2843 140 2.3 -26588 -5794
2880 140 2.3 -26408 -5870
2917 140 2.3 -26576 -6330
2954 140 2.3 -26172 -6004
2992 140 2.3 -26380 -6630
3031 140 2.3 -26676 -7950
3070 140 2.3 -26164 -6768
3110 140 2.3 -26544 -6084
3150 140 2.3 -26224 -5654
3190 140 2.3 -26008 -4796
3232 140 2.3 -25904 -3906
3273 140 2.3 -26132 -3466
3315 140 2.3 -25816 -3068
3358 140 2.3 -26204 -3126
3402 140 2.3 -26304 -4236
3445 140 2.3 -26356 -3730
3490 140 2.3 -26592 -2004
3535 140 2.3 -25476 -2892
3580 140 2.3 -25896 -2760
3627 140 2.3 -25972 -2756
3673 140 2.3 -26212 -3262
3721 140 2.3 -26408 -2478
3769 140 2.3 -26208 -3672
3817 140 2.3 -26580 -5136
3867 140 2.3 -26696 -4754
3916 140 2.3 -26144 -4944
3967 140 2.3 -25736 -4350
4018 140 2.3 -26144 -4064
4070 140 2.3 -25824 -3118
4122 140 2.3 -26500 -4126
4176 140 2.3 -25812 -4874
4229 140 2.3 -26308 -4758
4284 140 2.3 -25788 -5924
4339 140 2.3 -26232 -6722
4395 140 2.3 -26680 -5208
4452 140 2.3 -26016 -5372
4509 140 2.3 -25880 -5338
4567 140 2.3 -26192 -4720
4626 140 2.3 -26144 -4580
4686 140 2.3 -25972 -5634
4746 140 2.3 -26004 -5260
4808 140 2.3 -26348 -7816
4870 140 2.3 -27180 -8686
4932 140 2.3 -26884 -8514
4996 140 2.3 -26760 -7050
5060 140 2.3 -26752 -6626
5126 140 2.3 -26544 -5504
5192 140 2.3 -25992 -4108
5259 140 2.3 -25912 -3714
5327 140 2.3 -26184 -3482
5395 140 2.3 -25776 -3690
5465 140 2.3 -26028 -3022
5535 140 2.3 -25588 -2230
5607 140 2.3 -26608 -3474
5679 140 2.3 -26332 -3914
5752 140 2.3 -25800 -2306
5826 140 2.3 -25972 -2062
5902 140 2.3 -25576 -4260
5978 140 2.3 -26056 -4434
6055 140 2.3 -25956 -3308
6133 140 2.3 -26628 -2812
6212 140 2.3 -26200 -2860
6292 140 2.3 -25020 -2752
6373 140 2.3 -26020 -4166
6455 140 2.3 -26388 -5176
6539 140 2.3 -25860 -5774
6623 140 2.3 -26688 -4664
6708 140 2.3 -25792 -6718
6795 140 2.3 -26504 -7742
6883 140 2.3 -26304 -9142
6971 140 2.3 -26296 -9862
7061 140 2.3 -27420 -10868
7152 140 2.3 -27164 -11116
7245 140 2.3 -26884 -11032
7338 140 2.3 -27284 -12154
7433 140 2.3 -27712 -12852
7529 140 2.3 -27712 -12496
7626 140 2.3 -27152 -12136
7724 140 2.3 -27160 -12490
7824 140 2.3 -27152 -12110
7925 140 2.3 -27052 -11222
8027 140 2.3 -26880 -10722
8130 140 2.3 -26860 -10490
8235 140 2.3 -26352 -9348
8341 140 2.3 -26188 -9548
8449 140 2.3 -27164 -9054
8558 140 2.3 -26856 -6982
8668 140 2.3 -26716 -6576
8780 140 2.3 -26396 -4864
8893 140 2.3 -26292 -5838
9008 140 2.3 -26756 -5574
9124 140 2.3 -25964 -5864
9242 140 2.3 -26016 -7316
9361 140 2.3 -26336 -5836
9482 140 2.3 -26164 -6278
9604 140 2.3 -26568 -5984
9728 140 2.3 -26020 -5928
9853 140 2.3 -26212 -6872
9980 140 2.3 -26592 -6480
10109 140 2.3 -26284 -6022
10240 140 2.3 -26196 -8562
10372 140 2.3 -26828 -8926
10505 140 2.3 -27120 -9342
10641 140 2.3 -26976 -4930
10778 140 2.3 -26488 -5186
10917 140 2.3 -26492 -6240
11058 140 2.3 -26348 -6250
11201 140 2.3 -26640 -6038
11345 140 2.3 -25704 -3022
11491 140 2.3 -25504 -3762
11640 140 2.3 -25336 -806
11790 140 2.3 -26000 324
11942 140 2.3 -26444 182
12096 140 2.3 -26228 1090
12252 140 2.3 -26244 816
12410 140 2.3 -25928 2264
12570 140 2.3 -26340 3730
12732 140 2.3 -26704 5872
12896 140 2.3 -26652 5266
13062 140 2.3 -26632 6100
13231 140 2.3 -26768 5572
13402 140 2.3 -26528 4658
13574 140 2.3 -26712 3618
13750 140 2.3 -26240 1590
13927 140 2.3 -26576 2992
14106 140 2.3 -25704 1648
14288 140 2.3 -25964 -72
14473 140 2.3 -26820 -806
14659 140 2.3 -26828 -1894
14848 140 2.3 -26168 -2024
15040 140 2.3 -26352 -1678
15234 140 2.3 -26988 -2474
15430 140 2.3 -25820 -328
15629 140 2.3 -25824 -472
15831 140 2.3 -26752 1598
16035 140 2.3 -26340 1882
16242 140 2.3 -26032 746
16451 140 2.3 -26268 2726
16664 140 2.3 -26668 1614
16879 140 2.3 -25904 2460
17096 140 2.3 -26552 1424
17317 140 2.3 -26020 2226
17540 140 2.3 -26220 2862
17766 140 2.3 -26328 2738
17995 140 2.3 -26268 5902
18228 140 2.3 -26564 6324
18463 140 2.3 -26792 6542
18701 140 2.3 -26304 4832
18942 140 2.3 -26256 4770
19186 140 2.3 -25896 1902
19434 140 2.3 -26032 1744
19684 140 2.3 -25996 3578
19938 140 2.3 -25292 2468
20195 140 2.3 -26004 3050
20456 140 2.3 -25952 4624
20720 140 2.3 -25796 4924
20987 140 2.3 -26288 4404
21258 140 2.3 -25872 6446
21532 140 2.3 -26840 8552
21810 140 2.3 -26720 6658
22091 140 2.3 -27172 7792
22376 140 2.3 -26376 6290
22664 140 2.3 -26752 4638
22957 140 2.3 -25692 1944
23253 140 2.3 -26344 3246
23553 140 2.3 -25672 2158
23856 140 2.3 -26064 1494
24164 140 2.3 -26232 4112
24476 140 2.3 -25876 4932
24791 140 2.3 -25852 2304
25111 140 2.3 -26084 4134
25435 140 2.3 -26836 3808
25763 140 2.3 -26264 -30
26095 140 2.3 -26848 2294
26432 140 2.3 -27000 -1324
26773 140 2.3 -26584 146
27118 140 2.3 -26504 866
27468 140 2.3 -25696 1840
27822 140 2.3 -26692 4370
28181 140 2.3 -26356 4410
28545 140 2.3 -26640 5724
28913 140 2.3 -25944 5322
29286 140 2.3 -25972 4978
29663 140 2.3 -26844 4480
30046 140 2.3 -25964 3574
30434 140 2.3 -26568 5588
30826 140 2.3 -26748 3432
31224 140 2.3 -26800 3304
31626 140 2.3 -26820 3880
32034 140 2.3 -26428 5434
32447 140 2.3 -27148 8382
32866 140 2.3 -26152 6476
33290 140 2.3 -26028 2786
33719 140 2.3 -26100 958
34154 140 2.3 -25648 334
34595 140 2.3 -26316 -468
35041 140 2.3 -25664 -1868
35493 140 2.3 -25708 -668
35951 140 2.3 -25508 -2774
36414 140 2.3 -26060 -2962
36884 140 2.3 -25716 -4874
37360 140 2.3 -25700 -4610
37841 140 2.3 -25884 -3400
38330 140 2.3 -27084 -8508
38824 140 2.3 -26404 -5206
39325 140 2.3 -26320 -4340
39832 140 2.3 -26208 1818
40346 140 2.3 -26944 4386
40866 140 2.3 -25512 5416
41393 140 2.3 -26700 3258
41927 140 2.3 -25464 5156
42468 140 2.3 -26540 6976
43015 140 2.3 -27300 9150
43570 140 2.3 -27092 5924
44132 140 2.3 -26644 7726
44701 140 2.3 -26240 4424
45278 140 2.3 -26464 4358
45862 140 2.3 -26440 994
46453 140 2.3 -25892 2690
47053 140 2.3 -26636 3068
47660 140 2.3 -26696 4452
48274 140 2.3 -26304 6554
48897 140 2.3 -25972 8348
49528 140 2.3 -25932 6054
50166 140 2.3 -26356 6856
50813 140 2.3 -26104 4606
51469 140 2.3 -26652 7472
52133 140 2.3 -26728 10902
52805 140 2.3 -26980 10750
53486 140 2.3 -27312 12114
54176 140 2.3 -26488 9630
54875 140 2.3 -26956 2432
55582 140 2.3 -26484 3914
56299 140 2.3 -26224 -770
57025 140 2.3 -25140 -1032
57761 140 2.3 -25532 2848
58506 140 2.3 -25992 2018
59261 140 2.3 -25140 4468
60025 140 2.3 -26112 596
60799 140 2.3 -26492 2440
61583 140 2.3 -26888 4798
62378 140 2.3 -26340 4044
63182 140 2.3 -26192 6660
63997 140 2.3 -27168 9778
64822 140 2.3 -26952 9356
65658 140 2.3 -27204 10500
66505 140 2.3 -26424 7332
67363 140 2.3 -26196 6706
68232 140 2.3 -26800 7434
69112 140 2.3 -26208 6498
70003 140 2.3 -26336 4012
70906 140 2.3 -26156 -876
71821 140 2.3 -27204 -8734
72747 140 2.3 -26236 -5490
73685 140 2.3 -27048 -3840
74636 140 2.3 -26716 394
75599 140 2.3 -26572 274
76574 140 2.3 -25660 -54
77561 140 2.3 -26020 -2430
78562 140 2.3 -25740 -686
79575 140 2.3 -26572 -4948
80601 140 2.3 -26768 -5648
81641 140 2.3 -26744 398
82694 140 2.3 -26296 -4250
83760 140 2.3 -25828 -5320
84841 140 2.3 -26084 -8424
85935 140 2.3 -26292 -8860
87043 140 2.3 -27224 -9288
88166 140 2.3 -27132 -10090
89303 140 2.3 -25864 -5706
90455 140 2.3 -26240 -3478
91622 140 2.3 -26844 -5542
92803 140 2.3 -26552 -3520
94000 140 2.3 -26176 -1460
95213 140 2.3 -26172 -806
96441 140 2.3 -26404 -1582
97685 140 2.3 -25860 -3188
98945 140 2.3 -27328 -11648
100221 140 2.3 -25920 -6970
101513 140 2.3 -25852 -988
102823 140 2.3 -26336 -992
104149 140 2.3 -26068 -2218
105492 140 2.3 -26272 -1524
106853 140 2.3 -25828 318
108231 140 2.3 -26252 5146
109627 140 2.3 -26984 9984
111041 140 2.3 -27008 11204
112473 140 2.3 -26960 10696
113924 140 2.3 -26648 9954
115393 140 2.3 -26184 8946
116882 140 2.3 -26600 9828
118389 140 2.3 -27176 7758
119916 140 2.3 -26916 7336
121463 140 2.3 -26328 6156
123029 140 2.3 -26696 4454
124616 140 2.3 -25900 -1660
126224 140 2.3 -26376 -2648
127852 140 2.3 -26172 1924
129501 140 2.3 -25992 -2428
131171 140 2.3 -26284 4976
132863 140 2.3 -27208 -5472
134576 140 2.3 -25852 -1102
136312 140 2.3 -26320 4450
138070 140 2.3 -26520 5150
139851 140 2.3 -26756 7576
141655 140 2.3 -26400 8226
143482 140 2.3 -26644 7712
145333 140 2.3 -25772 4994
147207 140 2.3 -26056 2946
149106 140 2.3 -26256 12
151029 140 2.3 -26572 -7800
152977 140 2.3 -26028 -5142
154950 140 2.3 -26660 -2784
156948 140 2.3 -26576 -10306
158973 140 2.3 -26956 -9042
161023 140 2.3 -26184 -7620
163100 140 2.3 -27352 -11344
165204 140 2.3 -25860 -4072
167334 140 2.3 -26396 -2650
169493 140 2.3 -26048 -4624
171679 140 2.3 -26216 2052
173893 140 2.3 -26764 3750
176136 140 2.3 -26828 6068
178408 140 2.3 -26560 8322
180709 140 2.3 -26820 5074
183040 140 2.3 -27240 -7024
185400 140 2.3 -27260 -11094
187792 140 2.3 -27036 -11498
190214 140 2.3 -26748 -7374
192667 140 2.3 -26044 -2370
195152 140 2.3 -27192 -6570
197669 140 2.3 -26388 -6154
200219 140 2.3 -26452 -4866
202801 140 2.3 -26812 -11650
205417 140 2.3 -26008 -8148
208066 140 2.3 -26796 -640
210750 140 2.3 -26784 -1330
213468 140 2.3 -26072 1870
216222 140 2.3 -27264 -11566
219010 140 2.3 -28040 -12116
221835 140 2.3 -26344 2870
224696 140 2.3 -26272 8474
227595 140 2.3 -26056 5264
230530 140 2.3 -25492 2870
233503 140 2.3 -26196 -1558
236515 140 2.3 -26016 1146
239566 140 2.3 -26156 6720
242656 140 2.3 -27004 9882
245785 140 2.3 -26660 5892
248956 140 2.3 -27016 7414
252167 140 2.3 -26664 7486
255419 140 2.3 -26136 3232
258713 140 2.3 -27412 11296
262050 140 2.3 -25876 4782
265430 140 2.3 -26924 10802
268854 140 2.3 -25756 7400
272321 140 2.3 -27592 9530
275834 140 2.3 -25620 -2714
279391 140 2.3 -26964 7030
282995 140 2.3 -26472 8730
286645 140 2.3 -26120 7922
290342 140 2.3 -25920 3754
294087 140 2.3 -26440 5342
297880 140 2.3 -25808 -2164
301722 140 2.3 -26524 110
305614 140 2.3 -26852 9694
309556 140 2.3 -26308 4076
313548 140 2.3 -26812 -8440
317592 140 2.3 -25384 -4564
321689 140 2.3 -25984 -3362
325838 140 2.3 -26044 -8718
330040 140 2.3 -26848 -10956
334297 140 2.3 -26416 -5920
338609 140 2.3 -26640 -4434
342976 140 2.3 -25924 -6490
347400 140 2.3 -26040 -3828
351881 140 2.3 -25520 -5624
356419 140 2.3 -26120 -5918
361016 140 2.3 -26052 -950
365673 140 2.3 -25864 -2206
370389 140 2.3 -26416 -3886
375167 140 2.3 -26604 -6476
380005 140 2.3 -26508 -11452
384907 140 2.3 -26824 -5880
389871 140 2.3 -26076 5504
394900 140 2.3 -25816 1826
399993 140 2.3 -26068 5872
405152 140 2.3 -26156 -2164
410378 140 2.3 -26012 -2470
415671 140 2.3 -26520 -1428
421032 140 2.3 -26624 -4610
426463 140 2.3 -26068 -1998
431963 140 2.3 -27168 -10468
437535 140 2.3 -25820 3970
443178 140 2.3 -26300 7234
448894 140 2.3 -26132 3082
454684 140 2.3 -26468 7464
460548 140 2.3 -26004 -98
466489 140 2.3 -26408 -4884
472505 140 2.3 -25980 -7410
478600 140 2.3 -26876 -5160
484773 140 2.3 -26796 -10876
491025 140 2.3 -26024 -6948
497358 140 2.3 -25996 -3456
503773 140 2.3 -25760 6764
510271 140 2.3 -26688 8146
516852 140 2.3 -26156 2240
523519 140 2.3 -26644 9382
530271 140 2.3 -26288 9854
537111 140 2.3 -25884 -3022
544038 140 2.3 -26628 5296
551055 140 2.3 -26664 -2228
558163 140 2.3 -26624 6662
565362 140 2.3 -26724 7230
572654 140 2.3 -26748 6326
580040 140 2.3 -26256 7782
587521 140 2.3 -26312 3388
595099 140 2.3 -26400 4096
602775 140 2.3 -26296 4728
610549 140 2.3 -26256 8592
618424 140 2.3 -26892 -9208
626400 140 2.3 -26092 -3188
634480 140 2.3 -26372 1668
642663 140 2.3 -26636 4934
650952 140 2.3 -26272 -5318
659348 140 2.3 -26860 -8422
667853 140 2.3 -26772 6262
676467 140 2.3 -27164 1300
685192 140 2.3 -26400 -1310
694029 140 2.3 -25932 5100
702981 140 2.3 -26308 -930
712048 140 2.3 -25980 414
721232 140 2.3 -26324 6026
730534 140 2.3 -25836 682
739957 140 2.3 -26300 3546
749500 140 2.3 -25844 4280
759168 140 2.3 -26848 -7148
768959 140 2.3 -25788 -4316
778877 140 2.3 -25836 -962
788923 140 2.3 -25784 -72
799099 140 2.3 -25472 -3200
809405 140 2.3 -25412 -1458
819845 140 2.3 -26884 -6090
830419 140 2.3 -26036 -2286
841130 140 2.3 -26044 -2028
851979 140 2.3 -26516 -878
862968 140 2.3 -26516 -4092
874098 140 2.3 -26272 1104
885373 140 2.3 -25580 2048
896792 140 2.3 -26036 1354
908359 140 2.3 -25704 -5258
920075 140 2.3 -26212 152
931942 140 2.3 -26052 302
943962 140 2.3 -26228 6628
956137 140 2.3 -26144 -1004
968470 140 2.3 -26000 -1218
980961 140 2.3 -26888 -2492
993613 140 2.3 -26528 3978
999999 140 2.3 -26180 -426
