3 20 2.3 -296 36
4 20 2.3 -348 28
5 20 2.3 -384 12
6 20 2.3 -404 18
7 20 2.3 -408 6
8 20 2.3 -420 28
9 20 2.3 -472 26
10 20 2.3 -524 4
11 20 2.3 -532 -36
12 20 2.3 -484 -30
13 20 2.3 -504 -58
14 20 2.3 -464 -26
15 20 2.3 -528 -30
16 20 2.3 -500 -56
17 20 2.3 -500 -52
18 20 2.3 -484 -60
19 20 2.3 -520 -88
20 20 2.3 -484 -92
21 20 2.3 -476 -100
22 20 2.3 -496 -94
23 20 2.3 -484 -94
24 20 2.3 -420 -84
25 20 2.3 -420 -116
26 20 2.3 -484 -126
27 20 2.3 -432 -70
28 20 2.3 -424 -56
29 20 2.3 -460 -64
30 20 2.3 -444 -96
31 20 2.3 -424 -112
32 20 2.3 -452 -120
33 20 2.3 -456 -108
34 20 2.3 -476 -146
35 20 2.3 -500 -166
36 20 2.3 -552 -170
37 20 2.3 -508 -162
38 20 2.3 -460 -132
39 20 2.3 -440 -132
40 20 2.3 -388 -112
41 20 2.3 -468 -144
42 20 2.3 -456 -156
43 20 2.3 -500 -170
44 20 2.3 -456 -174
45 20 2.3 -464 -172
46 20 2.3 -448 -172
47 20 2.3 -432 -114
48 20 2.3 -444 -162
49 20 2.3 -504 -168
50 20 2.3 -556 -180
51 20 2.3 -576 -166
52 20 2.3 -504 -156
53 20 2.3 -536 -146
54 20 2.3 -508 -84
55 20 2.3 -540 -74
56 20 2.3 -548 -60
57 20 2.3 -552 -52
58 20 2.3 -516 -90
59 20 2.3 -472 -78
60 20 2.3 -456 -78
61 20 2.3 -488 -78
62 20 2.3 -468 -64
63 20 2.3 -500 -70
64 20 2.3 -500 -86
65 20 2.3 -544 -94
66 20 2.3 -468 -76
67 20 2.3 -424 -36
68 20 2.3 -428 -30
69 20 2.3 -456 22
70 20 2.3 -440 12
71 20 2.3 -412 -14
72 20 2.3 -396 0
73 20 2.3 -456 0
74 20 2.3 -436 48
75 20 2.3 -464 44
76 20 2.3 -468 24
77 20 2.3 -428 52
78 20 2.3 -464 46
79 20 2.3 -468 78
80 20 2.3 -508 86
81 20 2.3 -484 76
82 20 2.3 -512 110
83 20 2.3 -500 124
84 20 2.3 -460 112
85 20 2.3 -444 120
86 20 2.3 -464 88
88 20 2.3 -428 120
89 20 2.3 -480 152
90 20 2.3 -556 160
91 20 2.3 -496 158
92 20 2.3 -500 140
93 20 2.3 -488 134
95 20 2.3 -512 134
96 20 2.3 -480 126
97 20 2.3 -560 136
98 20 2.3 -516 146
99 20 2.3 -476 150
101 20 2.3 -484 138
102 20 2.3 -536 138
103 20 2.3 -464 116
105 20 2.3 -448 132
106 20 2.3 -444 128
107 20 2.3 -448 96
109 20 2.3 -460 136
110 20 2.3 -444 130
112 20 2.3 -440 112
113 20 2.3 -492 130
114 20 2.3 -480 128
116 20 2.3 -456 116
117 20 2.3 -492 128
119 20 2.3 -556 104
120 20 2.3 -544 102
122 20 2.3 -552 124
124 20 2.3 -480 78
125 20 2.3 -516 80
127 20 2.3 -548 118
128 20 2.3 -532 140
130 20 2.3 -452 138
132 20 2.3 -520 144
133 20 2.3 -496 134
135 20 2.3 -532 168
137 20 2.3 -548 164
139 20 2.3 -480 156
140 20 2.3 -500 172
142 20 2.3 -564 178
144 20 2.3 -504 132
146 20 2.3 -572 170
148 20 2.3 -528 162
150 20 2.3 -520 124
152 20 2.3 -496 102
154 20 2.3 -520 86
155 20 2.3 -552 132
157 20 2.3 -544 162
160 20 2.3 -444 76
162 20 2.3 -448 86
164 20 2.3 -488 102
166 20 2.3 -476 124
168 20 2.3 -440 146
170 20 2.3 -456 130
172 20 2.3 -404 116
174 20 2.3 -480 142
177 20 2.3 -512 130
179 20 2.3 -456 140
181 20 2.3 -496 132
184 20 2.3 -540 130
186 20 2.3 -532 150
188 20 2.3 -496 130
191 20 2.3 -480 192
193 20 2.3 -500 168
196 20 2.3 -520 190
198 20 2.3 -520 228
201 20 2.3 -548 226
203 20 2.3 -536 228
206 20 2.3 -508 222
209 20 2.3 -516 234
211 20 2.3 -420 170
214 20 2.3 -432 100
217 20 2.3 -452 16
220 20 2.3 -540 48
222 20 2.3 -488 42
225 20 2.3 -492 32
228 20 2.3 -488 48
231 20 2.3 -440 68
234 20 2.3 -528 68
237 20 2.3 -544 106
240 20 2.3 -520 166
243 20 2.3 -532 166
246 20 2.3 -548 156
250 20 2.3 -448 92
253 20 2.3 -492 138
256 20 2.3 -512 126
259 20 2.3 -508 160
263 20 2.3 -544 182
266 20 2.3 -560 168
269 20 2.3 -544 154
273 20 2.3 -496 168
276 20 2.3 -480 184
280 20 2.3 -456 190
284 20 2.3 -556 220
287 20 2.3 -528 236
291 20 2.3 -552 250
295 20 2.3 -568 250
298 20 2.3 -552 262
302 20 2.3 -568 266
306 20 2.3 -540 230
310 20 2.3 -512 240
314 20 2.3 -652 298
318 20 2.3 -564 288
322 20 2.3 -604 306
326 20 2.3 -576 282
331 20 2.3 -620 308
335 20 2.3 -572 280
339 20 2.3 -588 280
344 20 2.3 -612 332
348 20 2.3 -548 300
352 20 2.3 -640 338
357 20 2.3 -600 328
362 20 2.3 -620 332
366 20 2.3 -552 308
371 20 2.3 -616 318
376 20 2.3 -560 284
381 20 2.3 -552 254
385 20 2.3 -572 246
390 20 2.3 -544 182
395 20 2.3 -508 228
401 20 2.3 -552 242
406 20 2.3 -492 244
411 20 2.3 -488 280
416 20 2.3 -632 344
422 20 2.3 -536 270
427 20 2.3 -532 284
433 20 2.3 -572 300
438 20 2.3 -560 290
444 20 2.3 -620 326
449 20 2.3 -644 348
455 20 2.3 -568 300
461 20 2.3 -544 282
467 20 2.3 -488 202
473 20 2.3 -536 226
479 20 2.3 -544 214
485 20 2.3 -492 204
492 20 2.3 -504 204
498 20 2.3 -528 234
504 20 2.3 -528 210
511 20 2.3 -580 286
517 20 2.3 -608 286
524 20 2.3 -496 246
531 20 2.3 -524 240
538 20 2.3 -548 212
545 20 2.3 -520 170
552 20 2.3 -560 190
559 20 2.3 -452 198
566 20 2.3 -448 144
573 20 2.3 -492 164
581 20 2.3 -528 178
588 20 2.3 -464 94
596 20 2.3 -496 148
603 20 2.3 -620 308
611 20 2.3 -624 322
619 20 2.3 -632 330
627 20 2.3 -612 320
635 20 2.3 -532 244
643 20 2.3 -608 318
652 20 2.3 -532 272
660 20 2.3 -620 324
668 20 2.3 -568 284
677 20 2.3 -584 312
686 20 2.3 -576 302
695 20 2.3 -564 296
704 20 2.3 -488 238
713 20 2.3 -516 256
722 20 2.3 -580 320
731 20 2.3 -512 240
741 20 2.3 -432 226
750 20 2.3 -508 218
760 20 2.3 -496 236
770 20 2.3 -612 310
780 20 2.3 -548 254
790 20 2.3 -588 288
800 20 2.3 -532 288
810 20 2.3 -612 322
821 20 2.3 -640 356
831 20 2.3 -564 304
842 20 2.3 -596 282
853 20 2.3 -600 334
864 20 2.3 -648 352
875 20 2.3 -580 292
886 20 2.3 -600 324
897 20 2.3 -592 302
909 20 2.3 -592 334
921 20 2.3 -648 350
933 20 2.3 -528 254
945 20 2.3 -552 228
957 20 2.3 -468 216
969 20 2.3 -484 228
982 20 2.3 -640 332
994 20 2.3 -572 264
1007 20 2.3 -596 318
1020 20 2.3 -568 268
1033 20 2.3 -604 242
1047 20 2.3 -500 210
1060 20 2.3 -584 250
1074 20 2.3 -600 256
1088 20 2.3 -508 256
1102 20 2.3 -580 224
1116 20 2.3 -556 308
1130 20 2.3 -624 338
1145 20 2.3 -504 208
1160 20 2.3 -416 144
1174 20 2.3 -544 272
1190 20 2.3 -504 244
1205 20 2.3 -524 192
1220 20 2.3 -456 156
1236 20 2.3 -580 300
1252 20 2.3 -668 344
1268 20 2.3 -612 308
1285 20 2.3 -556 254
1301 20 2.3 -536 276
1318 20 2.3 -576 270
1335 20 2.3 -592 258
1352 20 2.3 -612 314
1370 20 2.3 -536 252
1387 20 2.3 -588 294
1405 20 2.3 -572 324
1423 20 2.3 -560 294
1442 20 2.3 -600 300
1460 20 2.3 -656 354
1479 20 2.3 -596 310
1498 20 2.3 -536 248
1517 20 2.3 -576 240
1537 20 2.3 -544 212
1557 20 2.3 -540 286
1577 20 2.3 -728 372
1597 20 2.3 -608 326
1618 20 2.3 -628 322
1639 20 2.3 -684 360
1660 20 2.3 -540 276
1681 20 2.3 -596 330
1703 20 2.3 -588 276
1725 20 2.3 -528 292
1747 20 2.3 -632 350
1770 20 2.3 -536 254
1792 20 2.3 -548 212
1816 20 2.3 -380 60
1839 20 2.3 -452 48
1863 20 2.3 -492 182
1887 20 2.3 -440 112
1911 20 2.3 -468 94
1936 20 2.3 -436 72
1961 20 2.3 -580 266
1986 20 2.3 -520 206
2012 20 2.3 -500 106
2037 20 2.3 -592 268
2064 20 2.3 -572 286
2090 20 2.3 -468 242
2117 20 2.3 -560 266
2145 20 2.3 -552 210
2172 20 2.3 -496 260
2200 20 2.3 -616 328
2229 20 2.3 -624 344
2257 20 2.3 -600 312
2286 20 2.3 -612 338
2316 20 2.3 -520 260
2346 20 2.3 -600 314
2376 20 2.3 -600 326
2407 20 2.3 -604 322
2438 20 2.3 -592 326
2469 20 2.3 -632 330
2501 20 2.3 -640 338
2533 20 2.3 -512 258
2566 20 2.3 -608 314
2599 20 2.3 -544 286
2633 20 2.3 -588 324
2667 20 2.3 -592 302
2701 20 2.3 -484 214
2736 20 2.3 -632 332
2771 20 2.3 -624 342
2807 20 2.3 -428 136
2843 20 2.3 -568 234
2880 20 2.3 -612 304
2917 20 2.3 -516 296
2954 20 2.3 -556 294
2992 20 2.3 -588 324
3031 20 2.3 -536 260
3070 20 2.3 -568 272
3110 20 2.3 -540 140
3150 20 2.3 -572 158
3190 20 2.3 -544 194
3232 20 2.3 -560 222
3273 20 2.3 -564 184
3315 20 2.3 -624 288
3358 20 2.3 -496 256
3402 20 2.3 -528 282
3445 20 2.3 -636 346
3490 20 2.3 -612 332
3535 20 2.3 -592 306
3580 20 2.3 -576 262
3627 20 2.3 -540 296
3673 20 2.3 -504 280
3721 20 2.3 -544 282
3769 20 2.3 -512 252
3817 20 2.3 -620 344
3867 20 2.3 -528 254
3916 20 2.3 -552 280
3967 20 2.3 -632 334
4018 20 2.3 -572 282
4070 20 2.3 -512 198
4122 20 2.3 -544 180
4176 20 2.3 -604 284
4229 20 2.3 -584 296
4284 20 2.3 -596 318
4339 20 2.3 -568 296
4395 20 2.3 -572 224
4452 20 2.3 -696 364
4509 20 2.3 -492 204
4567 20 2.3 -456 180
4626 20 2.3 -492 218
4686 20 2.3 -580 286
4746 20 2.3 -660 350
4808 20 2.3 -588 328
4870 20 2.3 -616 286
4932 20 2.3 -576 312
4996 20 2.3 -644 350
5060 20 2.3 -584 296
5126 20 2.3 -580 290
5192 20 2.3 -568 296
5259 20 2.3 -612 330
5327 20 2.3 -620 336
5395 20 2.3 -588 318
5465 20 2.3 -596 334
5535 20 2.3 -644 356
5607 20 2.3 -480 248
5679 20 2.3 -672 356
5752 20 2.3 -608 302
5826 20 2.3 -500 240
5902 20 2.3 -572 288
5978 20 2.3 -484 248
6055 20 2.3 -604 320
6133 20 2.3 -588 318
6212 20 2.3 -464 130
6292 20 2.3 -476 88
6373 20 2.3 -580 290
6455 20 2.3 -572 302
6539 20 2.3 -628 348
6623 20 2.3 -656 334
6708 20 2.3 -604 316
6795 20 2.3 -504 216
6883 20 2.3 -628 338
6971 20 2.3 -540 290
7061 20 2.3 -508 196
7152 20 2.3 -456 190
7245 20 2.3 -560 284
7338 20 2.3 -532 268
7433 20 2.3 -624 336
7529 20 2.3 -612 282
7626 20 2.3 -612 312
7724 20 2.3 -496 -128
7824 20 2.3 -568 -318
7925 20 2.3 -440 -122
8027 20 2.3 -600 -292
8130 20 2.3 -432 -164
8235 20 2.3 -556 -284
8341 20 2.3 -572 -300
8449 20 2.3 -580 -304
8558 20 2.3 -548 -274
8668 20 2.3 -640 -334
8780 20 2.3 -472 -198
8893 20 2.3 -604 -314
9008 20 2.3 -576 -308
9124 20 2.3 -456 -188
9242 20 2.3 -600 -326
9361 20 2.3 -588 -300
9482 20 2.3 -464 -178
9604 20 2.3 -572 -312
9728 20 2.3 -504 -254
9853 20 2.3 -556 -258
9980 20 2.3 -532 -296
10109 20 2.3 -544 -220
10240 20 2.3 -652 -348
10372 20 2.3 -492 -216
10505 20 2.3 -568 -278
10641 20 2.3 -616 -338
10778 20 2.3 -564 -298
10917 20 2.3 -488 -228
11058 20 2.3 -592 -330
11201 20 2.3 -604 -308
11345 20 2.3 -564 -212
11491 20 2.3 -588 -296
11640 20 2.3 -600 -266
11790 20 2.3 -672 -358
11942 20 2.3 -492 -218
12096 20 2.3 -656 356
12252 20 2.3 -448 122
12410 20 2.3 -468 46
12570 20 2.3 -572 -282
12732 20 2.3 -524 -170
12896 20 2.3 -608 -326
13062 20 2.3 -592 -322
13231 20 2.3 -588 -306
13402 20 2.3 -584 -264
13574 20 2.3 -576 -284
13750 20 2.3 -532 -302
13927 20 2.3 -640 -346
14106 20 2.3 -564 -58
14288 20 2.3 -668 350
14473 20 2.3 -540 118
14659 20 2.3 -496 96
14848 20 2.3 -576 304
15040 20 2.3 -512 262
15234 20 2.3 -668 356
15430 20 2.3 -640 338
15629 20 2.3 -640 340
15831 20 2.3 -556 268
16035 20 2.3 -528 304
16242 20 2.3 -552 288
16451 20 2.3 -588 304
16664 20 2.3 -472 198
16879 20 2.3 -548 312
17096 20 2.3 -604 298
17317 20 2.3 -504 224
17540 20 2.3 -588 254
17766 20 2.3 -480 170
17995 20 2.3 -644 330
18228 20 2.3 -572 308
18463 20 2.3 -532 214
18701 20 2.3 -432 192
18942 20 2.3 -556 278
19186 20 2.3 -576 292
19434 20 2.3 -548 284
19684 20 2.3 -572 284
19938 20 2.3 -544 266
20195 20 2.3 -600 -270
20456 20 2.3 -476 -178
20720 20 2.3 -508 -266
20987 20 2.3 -616 -338
21258 20 2.3 -572 -286
21532 20 2.3 -484 20
21810 20 2.3 -548 262
22091 20 2.3 -516 -246
22376 20 2.3 -544 -276
22664 20 2.3 -572 -298
22957 20 2.3 -460 58
23253 20 2.3 -496 -232
23553 20 2.3 -488 -260
23856 20 2.3 -580 -294
24164 20 2.3 -508 -152
24476 20 2.3 -464 -216
24791 20 2.3 -576 -300
25111 20 2.3 -612 -322
25435 20 2.3 -556 264
25763 20 2.3 -584 296
26095 20 2.3 -412 40
26432 20 2.3 -656 342
26773 20 2.3 -520 62
27118 20 2.3 -552 -264
27468 20 2.3 -632 -342
27822 20 2.3 -600 -320
28181 20 2.3 -624 -336
28545 20 2.3 -588 -240
28913 20 2.3 -588 -266
29286 20 2.3 -544 -266
29663 20 2.3 -540 -274
30046 20 2.3 -440 -32
30434 20 2.3 -552 286
30826 20 2.3 -668 358
31224 20 2.3 -528 -224
31626 20 2.3 -544 -308
32034 20 2.3 -472 -238
32447 20 2.3 -556 -270
32866 20 2.3 -632 -330
33290 20 2.3 -556 -276
33719 20 2.3 -508 -224
34154 20 2.3 -536 -280
34595 20 2.3 -512 -274
35041 20 2.3 -652 -346
35493 20 2.3 -456 -206
35951 20 2.3 -624 -320
36414 20 2.3 -636 -344
36884 20 2.3 -516 -240
37360 20 2.3 -516 -280
37841 20 2.3 -504 -230
38330 20 2.3 -496 -194
38824 20 2.3 -528 284
39325 20 2.3 -564 276
39832 20 2.3 -616 334
40346 20 2.3 -652 344
40866 20 2.3 -540 -54
41393 20 2.3 -508 -246
41927 20 2.3 -636 -320
42468 20 2.3 -632 -340
43015 20 2.3 -476 208
43570 20 2.3 -528 282
44132 20 2.3 -600 334
44701 20 2.3 -672 366
45278 20 2.3 -520 220
45862 20 2.3 -604 312
46453 20 2.3 -512 236
47053 20 2.3 -572 258
47660 20 2.3 -580 -282
48274 20 2.3 -552 -228
48897 20 2.3 -596 322
49528 20 2.3 -628 318
50166 20 2.3 -600 -320
50813 20 2.3 -584 -320
51469 20 2.3 -548 -234
52133 20 2.3 -564 -294
52805 20 2.3 -556 -220
53486 20 2.3 -520 210
54176 20 2.3 -528 256
54875 20 2.3 -488 164
55582 20 2.3 -600 -260
56299 20 2.3 -456 -206
57025 20 2.3 -600 -320
57761 20 2.3 -504 -160
58506 20 2.3 -596 -332
59261 20 2.3 -524 -278
60025 20 2.3 -456 -124
60799 20 2.3 -660 346
61583 20 2.3 -656 354
62378 20 2.3 -608 -320
63182 20 2.3 -520 -250
63997 20 2.3 -548 278
64822 20 2.3 -660 344
65658 20 2.3 -628 -330
66505 20 2.3 -620 328
67363 20 2.3 -528 234
68232 20 2.3 -588 308
69112 20 2.3 -528 138
70003 20 2.3 -612 338
70906 20 2.3 -652 336
71821 20 2.3 -652 -328
72747 20 2.3 -572 -268
73685 20 2.3 -564 -290
74636 20 2.3 -432 -64
75599 20 2.3 -608 296
76574 20 2.3 -588 294
77561 20 2.3 -592 -228
78562 20 2.3 -552 290
79575 20 2.3 -660 350
80601 20 2.3 -504 190
81641 20 2.3 -508 74
82694 20 2.3 -388 68
83760 20 2.3 -556 248
84841 20 2.3 -544 240
85935 20 2.3 -636 342
87043 20 2.3 -556 284
88166 20 2.3 -528 -248
89303 20 2.3 -492 -216
90455 20 2.3 -572 -268
91622 20 2.3 -664 -352
92803 20 2.3 -524 218
94000 20 2.3 -556 288
95213 20 2.3 -500 -256
96441 20 2.3 -536 -260
97685 20 2.3 -628 -330
98945 20 2.3 -544 200
100221 20 2.3 -476 -176
101513 20 2.3 -624 342
102823 20 2.3 -448 110
104149 20 2.3 -584 -84
105492 20 2.3 -580 312
106853 20 2.3 -492 -108
108231 20 2.3 -508 -282
109627 20 2.3 -512 168
111041 20 2.3 -604 302
112473 20 2.3 -520 286
113924 20 2.3 -572 312
115393 20 2.3 -516 -228
116882 20 2.3 -524 -180
118389 20 2.3 -484 -162
119916 20 2.3 -480 -236
121463 20 2.3 -600 -318
123029 20 2.3 -508 -172
124616 20 2.3 -580 -324
126224 20 2.3 -452 98
127852 20 2.3 -540 228
129501 20 2.3 -516 230
131171 20 2.3 -488 -168
132863 20 2.3 -624 -312
134576 20 2.3 -660 -348
136312 20 2.3 -632 -342
138070 20 2.3 -672 -346
139851 20 2.3 -564 -310
141655 20 2.3 -604 -328
143482 20 2.3 -560 282
145333 20 2.3 -584 306
147207 20 2.3 -532 -266
149106 20 2.3 -628 -342
151029 20 2.3 -668 -362
152977 20 2.3 -536 -218
154950 20 2.3 -564 306
156948 20 2.3 -704 364
158973 20 2.3 -612 308
161023 20 2.3 -540 274
163100 20 2.3 -500 4
165204 20 2.3 -592 -280
167334 20 2.3 -516 220
169493 20 2.3 -536 262
171679 20 2.3 -540 284
173893 20 2.3 -476 150
176136 20 2.3 -544 -232
178408 20 2.3 -540 -260
180709 20 2.3 -472 168
183040 20 2.3 -460 32
185400 20 2.3 -444 -154
187792 20 2.3 -560 238
190214 20 2.3 -632 338
192667 20 2.3 -472 132
195152 20 2.3 -576 260
197669 20 2.3 -464 50
200219 20 2.3 -552 274
202801 20 2.3 -564 290
205417 20 2.3 -416 106
208066 20 2.3 -592 270
210750 20 2.3 -512 80
213468 20 2.3 -532 -212
216222 20 2.3 -420 56
219010 20 2.3 -532 -276
221835 20 2.3 -636 -306
224696 20 2.3 -476 220
227595 20 2.3 -520 -260
230530 20 2.3 -560 318
233503 20 2.3 -596 -304
236515 20 2.3 -504 -254
239566 20 2.3 -512 42
242656 20 2.3 -592 -324
245785 20 2.3 -580 -308
248956 20 2.3 -476 -248
252167 20 2.3 -564 280
255419 20 2.3 -472 -158
258713 20 2.3 -580 292
262050 20 2.3 -476 172
265430 20 2.3 -548 302
268854 20 2.3 -516 -172
272321 20 2.3 -620 318
275834 20 2.3 -668 352
279391 20 2.3 -600 338
282995 20 2.3 -524 270
286645 20 2.3 -484 -126
290342 20 2.3 -584 268
294087 20 2.3 -628 344
297880 20 2.3 -612 -336
301722 20 2.3 -512 202
305614 20 2.3 -532 298
309556 20 2.3 -616 326
313548 20 2.3 -568 306
317592 20 2.3 -516 286
321689 20 2.3 -500 234
325838 20 2.3 -484 270
330040 20 2.3 -480 -194
334297 20 2.3 -452 -36
338609 20 2.3 -580 -292
342976 20 2.3 -512 -210
347400 20 2.3 -556 -300
351881 20 2.3 -568 -256
356419 20 2.3 -596 312
361016 20 2.3 -476 -176
365673 20 2.3 -556 -196
370389 20 2.3 -628 -340
375167 20 2.3 -512 -258
380005 20 2.3 -556 282
384907 20 2.3 -480 -250
389871 20 2.3 -536 288
394900 20 2.3 -552 -288
399993 20 2.3 -488 264
405152 20 2.3 -640 -318
410378 20 2.3 -572 274
415671 20 2.3 -488 -186
421032 20 2.3 -608 306
426463 20 2.3 -552 -294
431963 20 2.3 -632 346
437535 20 2.3 -460 242
443178 20 2.3 -456 -184
448894 20 2.3 -644 338
454684 20 2.3 -468 -214
460548 20 2.3 -568 232
466489 20 2.3 -520 -272
472505 20 2.3 -616 -336
478600 20 2.3 -536 270
484773 20 2.3 -548 -266
491025 20 2.3 -588 266
497358 20 2.3 -708 -372
503773 20 2.3 -484 196
510271 20 2.3 -560 -302
516852 20 2.3 -540 -200
523519 20 2.3 -564 234
530271 20 2.3 -596 -320
537111 20 2.3 -500 242
544038 20 2.3 -620 306
551055 20 2.3 -524 184
558163 20 2.3 -512 -182
565362 20 2.3 -472 -52
572654 20 2.3 -620 -340
580040 20 2.3 -576 286
587521 20 2.3 -624 318
595099 20 2.3 -492 -138
602775 20 2.3 -536 -270
610549 20 2.3 -496 -56
618424 20 2.3 -564 -272
626400 20 2.3 -600 -330
634480 20 2.3 -512 202
642663 20 2.3 -588 -326
650952 20 2.3 -456 -170
659348 20 2.3 -484 -210
667853 20 2.3 -540 -256
676467 20 2.3 -488 -36
685192 20 2.3 -596 -316
694029 20 2.3 -628 266
702981 20 2.3 -488 92
712048 20 2.3 -412 -96
721232 20 2.3 -412 20
730534 20 2.3 -580 -320
739957 20 2.3 -584 -276
749500 20 2.3 -564 318
759168 20 2.3 -620 318
768959 20 2.3 -524 -80
778877 20 2.3 -632 334
788923 20 2.3 -544 -264
799099 20 2.3 -532 -272
809405 20 2.3 -700 -372
819845 20 2.3 -600 318
830419 20 2.3 -584 308
841130 20 2.3 -556 -296
851979 20 2.3 -536 168
862968 20 2.3 -552 296
874098 20 2.3 -564 -282
885373 20 2.3 -552 -230
896792 20 2.3 -452 126
908359 20 2.3 -596 -316
920075 20 2.3 -456 -146
931942 20 2.3 -508 -26
943962 20 2.3 -464 -140
956137 20 2.3 -548 222
968470 20 2.3 -444 36
980961 20 2.3 -548 156
993613 20 2.3 -552 -254
999999 20 2.3 -556 290
