3 60 2.1 -3316 36
4 60 2.1 -3688 180
5 60 2.1 -4156 270
6 60 2.1 -4212 234
7 60 2.1 -4368 212
8 60 2.1 -4308 244
9 60 2.1 -4424 156
10 60 2.1 -4632 154
11 60 2.1 -4576 218
12 60 2.1 -4780 342
13 60 2.1 -4832 300
14 60 2.1 -4788 338
15 60 2.1 -4840 418
16 60 2.1 -4856 454
17 60 2.1 -4760 276
18 60 2.1 -4764 294
19 60 2.1 -4856 328
20 60 2.1 -4928 260
21 60 2.1 -4908 312
22 60 2.1 -5004 328
23 60 2.1 -4956 284
24 60 2.1 -4956 282
25 60 2.1 -4972 250
26 60 2.1 -4892 192
27 60 2.1 -4944 226
28 60 2.1 -4960 256
29 60 2.1 -5024 178
30 60 2.1 -4916 212
31 60 2.1 -5004 278
32 60 2.1 -4964 278
33 60 2.1 -4996 410
34 60 2.1 -4984 348
35 60 2.1 -4976 384
36 60 2.1 -5068 306
37 60 2.1 -5156 292
38 60 2.1 -4992 324
39 60 2.1 -5152 268
40 60 2.1 -5200 300
41 60 2.1 -5092 248
42 60 2.1 -5032 228
43 60 2.1 -5204 92
44 60 2.1 -5132 120
45 60 2.1 -5168 126
46 60 2.1 -5124 122
47 60 2.1 -5136 116
48 60 2.1 -5048 32
49 60 2.1 -5108 -10
50 60 2.1 -5216 16
51 60 2.1 -5336 -86
52 60 2.1 -5148 -84
53 60 2.1 -5100 -164
54 60 2.1 -5084 -158
55 60 2.1 -5152 -232
56 60 2.1 -5024 -196
57 60 2.1 -5128 -210
58 60 2.1 -5248 -232
59 60 2.1 -5180 -230
60 60 2.1 -5100 -152
61 60 2.1 -5100 -78
62 60 2.1 -5168 -124
63 60 2.1 -5092 -138
64 60 2.1 -5000 -164
65 60 2.1 -5044 -176
66 60 2.1 -5072 -106
67 60 2.1 -5064 -158
68 60 2.1 -5060 -98
69 60 2.1 -5184 -188
70 60 2.1 -5092 -46
71 60 2.1 -5124 -190
72 60 2.1 -5148 -116
73 60 2.1 -5084 -200
74 60 2.1 -5148 -198
75 60 2.1 -5104 -206
76 60 2.1 -5176 -176
77 60 2.1 -5244 -124
78 60 2.1 -5164 -94
79 60 2.1 -5260 -66
80 60 2.1 -5212 -62
81 60 2.1 -5204 -34
82 60 2.1 -5124 -26
83 60 2.1 -5200 10
84 60 2.1 -5216 54
85 60 2.1 -5256 84
86 60 2.1 -5260 82
88 60 2.1 -5260 124
89 60 2.1 -5064 178
90 60 2.1 -5064 250
91 60 2.1 -5144 280
92 60 2.1 -5128 256
93 60 2.1 -5124 182
95 60 2.1 -5220 206
96 60 2.1 -5200 142
97 60 2.1 -5196 138
98 60 2.1 -5324 154
99 60 2.1 -5340 158
101 60 2.1 -5288 112
102 60 2.1 -5428 108
103 60 2.1 -5352 114
105 60 2.1 -5444 304
106 60 2.1 -5344 238
107 60 2.1 -5256 184
109 60 2.1 -5192 284
110 60 2.1 -5236 228
112 60 2.1 -5352 200
113 60 2.1 -5288 156
114 60 2.1 -5228 202
116 60 2.1 -5284 284
117 60 2.1 -5208 256
119 60 2.1 -5076 354
120 60 2.1 -5084 414
122 60 2.1 -5036 392
124 60 2.1 -5032 354
125 60 2.1 -5140 336
127 60 2.1 -5252 368
128 60 2.1 -5284 314
130 60 2.1 -5276 430
132 60 2.1 -5308 494
133 60 2.1 -5212 466
135 60 2.1 -5076 368
137 60 2.1 -5160 422
139 60 2.1 -5344 464
140 60 2.1 -5404 524
142 60 2.1 -5360 498
144 60 2.1 -5412 508
146 60 2.1 -5356 464
148 60 2.1 -5308 426
150 60 2.1 -5224 378
152 60 2.1 -5120 284
154 60 2.1 -5060 66
155 60 2.1 -5228 -30
157 60 2.1 -5292 -62
160 60 2.1 -5152 14
162 60 2.1 -5360 14
164 60 2.1 -5284 -122
166 60 2.1 -5196 -84
168 60 2.1 -5200 14
170 60 2.1 -5268 -10
172 60 2.1 -5388 -52
174 60 2.1 -5352 -86
177 60 2.1 -5340 -182
179 60 2.1 -5064 -114
181 60 2.1 -5116 -78
184 60 2.1 -5140 -90
186 60 2.1 -5248 -58
188 60 2.1 -5200 -180
191 60 2.1 -5336 -104
193 60 2.1 -5324 -174
196 60 2.1 -5364 -54
198 60 2.1 -5356 -66
201 60 2.1 -5232 4
203 60 2.1 -5260 30
206 60 2.1 -5396 226
209 60 2.1 -5220 164
211 60 2.1 -5384 258
214 60 2.1 -5312 274
217 60 2.1 -5356 318
220 60 2.1 -5328 236
222 60 2.1 -5348 264
225 60 2.1 -5356 224
228 60 2.1 -5388 358
231 60 2.1 -5316 362
234 60 2.1 -4944 396
237 60 2.1 -5260 416
240 60 2.1 -5292 414
243 60 2.1 -5072 384
246 60 2.1 -5188 404
250 60 2.1 -5244 380
253 60 2.1 -5252 352
256 60 2.1 -5360 372
259 60 2.1 -5392 462
263 60 2.1 -5232 382
266 60 2.1 -5136 432
269 60 2.1 -5128 450
273 60 2.1 -5372 544
276 60 2.1 -5176 492
280 60 2.1 -5192 520
284 60 2.1 -5336 596
287 60 2.1 -5400 742
291 60 2.1 -5444 802
295 60 2.1 -5532 880
298 60 2.1 -5616 924
302 60 2.1 -5420 926
306 60 2.1 -5580 1152
310 60 2.1 -5280 1128
314 60 2.1 -5388 1168
318 60 2.1 -5568 1250
322 60 2.1 -5480 1176
326 60 2.1 -5392 1262
331 60 2.1 -5724 1196
335 60 2.1 -5564 1116
339 60 2.1 -5744 1270
344 60 2.1 -5488 1264
348 60 2.1 -5576 1244
352 60 2.1 -5660 1224
357 60 2.1 -5576 1388
362 60 2.1 -5708 1406
366 60 2.1 -5544 1354
371 60 2.1 -5668 1476
376 60 2.1 -5860 1426
381 60 2.1 -5832 1498
385 60 2.1 -5776 1424
390 60 2.1 -5724 1366
395 60 2.1 -5664 1520
401 60 2.1 -5616 1402
406 60 2.1 -5524 1396
411 60 2.1 -5696 1386
416 60 2.1 -5404 1304
422 60 2.1 -5756 1368
427 60 2.1 -5732 1286
433 60 2.1 -5708 1298
438 60 2.1 -5500 1248
444 60 2.1 -5680 1160
449 60 2.1 -5832 1150
455 60 2.1 -5752 1188
461 60 2.1 -5680 1000
467 60 2.1 -5492 996
473 60 2.1 -5540 904
479 60 2.1 -5412 856
485 60 2.1 -5468 928
492 60 2.1 -5520 984
498 60 2.1 -5456 948
504 60 2.1 -5472 1024
511 60 2.1 -5524 1260
517 60 2.1 -5708 1464
524 60 2.1 -5736 1402
531 60 2.1 -5896 1534
538 60 2.1 -5652 1528
545 60 2.1 -5764 1628
552 60 2.1 -5664 1562
559 60 2.1 -5624 1510
566 60 2.1 -5812 1512
573 60 2.1 -5528 1546
581 60 2.1 -5636 1608
588 60 2.1 -5584 1546
596 60 2.1 -5560 1728
603 60 2.1 -5688 1542
611 60 2.1 -5568 1612
619 60 2.1 -5472 1698
627 60 2.1 -5632 1862
635 60 2.1 -5648 2036
643 60 2.1 -5756 2196
652 60 2.1 -5560 2172
660 60 2.1 -5784 2246
668 60 2.1 -5764 2250
677 60 2.1 -5580 2190
686 60 2.1 -5312 2242
695 60 2.1 -5796 2658
704 60 2.1 -5748 2670
713 60 2.1 -5764 2692
722 60 2.1 -6004 2696
731 60 2.1 -5844 2626
741 60 2.1 -5692 2622
750 60 2.1 -5928 2800
760 60 2.1 -5692 2672
770 60 2.1 -6036 2770
780 60 2.1 -5960 2712
790 60 2.1 -5956 2826
800 60 2.1 -5844 2854
810 60 2.1 -5744 2842
821 60 2.1 -5952 2990
831 60 2.1 -5808 2882
842 60 2.1 -5868 3030
853 60 2.1 -5936 3002
864 60 2.1 -5680 2918
875 60 2.1 -5960 3044
886 60 2.1 -5944 3072
897 60 2.1 -5956 3102
909 60 2.1 -6100 3194
921 60 2.1 -5856 3022
933 60 2.1 -5876 3042
945 60 2.1 -5992 3118
957 60 2.1 -6068 3116
969 60 2.1 -6092 3144
982 60 2.1 -6024 3192
994 60 2.1 -6024 3136
1007 60 2.1 -5916 3052
1020 60 2.1 -5888 3082
1033 60 2.1 -5864 3074
1047 60 2.1 -5920 3136
1060 60 2.1 -5980 3102
1074 60 2.1 -6176 3260
1088 60 2.1 -6084 3212
1102 60 2.1 -6124 3244
1116 60 2.1 -6108 3192
1130 60 2.1 -6196 3234
1145 60 2.1 -5952 3150
1160 60 2.1 -6288 3286
1174 60 2.1 -6188 3192
1190 60 2.1 -5756 3008
1205 60 2.1 -6148 3196
1220 60 2.1 -5992 3132
1236 60 2.1 -5928 3186
1252 60 2.1 -5988 3120
1268 60 2.1 -5932 3110
1285 60 2.1 -6016 3118
1301 60 2.1 -5996 3178
1318 60 2.1 -6136 3202
1335 60 2.1 -6144 3218
1352 60 2.1 -6084 3210
1370 60 2.1 -6180 3200
1387 60 2.1 -6088 3194
1405 60 2.1 -6072 3200
1423 60 2.1 -6196 3236
1442 60 2.1 -6128 3192
1460 60 2.1 -6160 3208
1479 60 2.1 -5992 3106
1498 60 2.1 -5960 3046
1517 60 2.1 -6036 3134
1537 60 2.1 -6052 3162
1557 60 2.1 -5836 3048
1577 60 2.1 -6076 3184
1597 60 2.1 -5936 3146
1618 60 2.1 -5932 3142
1639 60 2.1 -6016 3164
1660 60 2.1 -5996 3136
1681 60 2.1 -6084 3166
1703 60 2.1 -5980 3170
1725 60 2.1 -5896 3112
1747 60 2.1 -6068 3206
1770 60 2.1 -6180 3230
1792 60 2.1 -6216 3262
1816 60 2.1 -6152 3222
1839 60 2.1 -5848 3052
1863 60 2.1 -5868 3106
1887 60 2.1 -6056 3168
1911 60 2.1 -5952 3164
1936 60 2.1 -6028 3100
1961 60 2.1 -5968 3156
1986 60 2.1 -6080 3172
2012 60 2.1 -5968 3170
2037 60 2.1 -6140 3208
2064 60 2.1 -6040 3136
2090 60 2.1 -5952 3174
2117 60 2.1 -6108 3206
2145 60 2.1 -5888 3030
2172 60 2.1 -5880 3102
2200 60 2.1 -6380 3300
2229 60 2.1 -6008 3190
2257 60 2.1 -5920 3110
2286 60 2.1 -5980 3118
2316 60 2.1 -5900 3086
2346 60 2.1 -6052 3130
2376 60 2.1 -6080 3202
2407 60 2.1 -5996 3132
2438 60 2.1 -6068 3146
2469 60 2.1 -6012 3128
2501 60 2.1 -5872 3050
2533 60 2.1 -5968 3142
2566 60 2.1 -5856 3070
2599 60 2.1 -5960 3114
2633 60 2.1 -6128 3246
2667 60 2.1 -6156 3202
2701 60 2.1 -5984 3168
2736 60 2.1 -6100 3188
2771 60 2.1 -6032 3164
2807 60 2.1 -6136 3212
2843 60 2.1 -5860 2966
2880 60 2.1 -5904 2872
2917 60 2.1 -5832 3044
2954 60 2.1 -6024 3186
2992 60 2.1 -5948 3086
3031 60 2.1 -6136 3246
3070 60 2.1 -6052 3152
3110 60 2.1 -5756 3010
3150 60 2.1 -6020 3174
3190 60 2.1 -5896 3104
3232 60 2.1 -6204 3246
3273 60 2.1 -5956 3096
3315 60 2.1 -6032 3152
3358 60 2.1 -5900 3150
3402 60 2.1 -5860 3076
3445 60 2.1 -5716 3082
3490 60 2.1 -6248 3268
3535 60 2.1 -5744 3030
3580 60 2.1 -5960 3144
3627 60 2.1 -5956 3142
3673 60 2.1 -5952 3156
3721 60 2.1 -6016 3152
3769 60 2.1 -5900 3066
3817 60 2.1 -6004 2972
3867 60 2.1 -6184 3270
3916 60 2.1 -5988 3060
3967 60 2.1 -6212 3242
4018 60 2.1 -5924 3118
4070 60 2.1 -6032 3218
4122 60 2.1 -6208 3252
4176 60 2.1 -5856 3048
4229 60 2.1 -5688 2906
4284 60 2.1 -6120 3208
4339 60 2.1 -6080 3176
4395 60 2.1 -6128 3242
4452 60 2.1 -5836 3072
4509 60 2.1 -6072 3184
4567 60 2.1 -5872 3122
4626 60 2.1 -6032 3154
4686 60 2.1 -5932 3114
4746 60 2.1 -6068 3246
4808 60 2.1 -5880 3088
4870 60 2.1 -5920 3106
4932 60 2.1 -6108 3212
4996 60 2.1 -5960 3156
5060 60 2.1 -6112 3194
5126 60 2.1 -5960 3086
5192 60 2.1 -6000 3172
5259 60 2.1 -6304 3304
5327 60 2.1 -5764 2948
5395 60 2.1 -5832 3064
5465 60 2.1 -6268 3258
5535 60 2.1 -5944 3114
5607 60 2.1 -5776 3098
5679 60 2.1 -5924 3170
5752 60 2.1 -5920 3122
5826 60 2.1 -5756 2990
5902 60 2.1 -5928 3098
5978 60 2.1 -5940 3052
6055 60 2.1 -5984 3150
6133 60 2.1 -5776 3020
6212 60 2.1 -5984 3144
6292 60 2.1 -5908 3132
6373 60 2.1 -5860 3068
6455 60 2.1 -5972 3206
6539 60 2.1 -5908 3134
6623 60 2.1 -5828 3052
6708 60 2.1 -5928 3132
6795 60 2.1 -5860 3110
6883 60 2.1 -6044 3208
6971 60 2.1 -6104 3256
7061 60 2.1 -6056 3086
7152 60 2.1 -5812 3034
7245 60 2.1 -5932 3154
7338 60 2.1 -6024 3152
7433 60 2.1 -6008 3192
7529 60 2.1 -5952 3138
7626 60 2.1 -6052 3072
7724 60 2.1 -6044 3168
7824 60 2.1 -6068 3210
7925 60 2.1 -6028 3168
8027 60 2.1 -6080 3230
8130 60 2.1 -5964 3128
8235 60 2.1 -5884 3062
8341 60 2.1 -6072 3156
8449 60 2.1 -5952 3104
8558 60 2.1 -5856 3038
8668 60 2.1 -6036 3210
8780 60 2.1 -6004 3168
8893 60 2.1 -6192 3222
9008 60 2.1 -5972 3156
9124 60 2.1 -5936 3078
9242 60 2.1 -5844 3068
9361 60 2.1 -5844 2836
9482 60 2.1 -6032 3182
9604 60 2.1 -6140 3164
9728 60 2.1 -5916 3098
9853 60 2.1 -5836 3056
9980 60 2.1 -5968 3116
10109 60 2.1 -5836 3016
10240 60 2.1 -5956 3116
10372 60 2.1 -5976 3122
10505 60 2.1 -5800 3060
10641 60 2.1 -6076 3126
10778 60 2.1 -6024 3146
10917 60 2.1 -5908 3024
11058 60 2.1 -5992 3128
11201 60 2.1 -6024 3196
11345 60 2.1 -6052 3170
11491 60 2.1 -6040 3130
11640 60 2.1 -6064 3104
11790 60 2.1 -6040 3114
11942 60 2.1 -6084 3236
12096 60 2.1 -6136 3224
12252 60 2.1 -5900 3158
12410 60 2.1 -6000 3126
12570 60 2.1 -6064 3206
12732 60 2.1 -5948 3092
12896 60 2.1 -6232 3248
13062 60 2.1 -5700 2918
13231 60 2.1 -5916 3032
13402 60 2.1 -5952 3134
13574 60 2.1 -6000 3166
13750 60 2.1 -6000 3144
13927 60 2.1 -6160 3204
14106 60 2.1 -6024 3208
14288 60 2.1 -5760 3046
14473 60 2.1 -6068 3228
14659 60 2.1 -5876 2870
14848 60 2.1 -5804 2946
15040 60 2.1 -6020 3092
15234 60 2.1 -6116 3178
15430 60 2.1 -5876 3118
15629 60 2.1 -5936 3102
15831 60 2.1 -5924 3060
16035 60 2.1 -5932 3030
16242 60 2.1 -5776 3058
16451 60 2.1 -6120 3202
16664 60 2.1 -6136 3226
16879 60 2.1 -6036 3190
17096 60 2.1 -5880 3144
17317 60 2.1 -5952 3108
17540 60 2.1 -6084 3228
17766 60 2.1 -6032 3190
17995 60 2.1 -6008 3086
18228 60 2.1 -5800 2886
18463 60 2.1 -5956 3152
18701 60 2.1 -6092 3186
18942 60 2.1 -5968 3166
19186 60 2.1 -5936 3110
19434 60 2.1 -5988 3116
19684 60 2.1 -6120 3248
19938 60 2.1 -5936 3096
20195 60 2.1 -6064 3074
20456 60 2.1 -5968 3158
20720 60 2.1 -6092 3170
20987 60 2.1 -6172 3180
21258 60 2.1 -6088 3152
21532 60 2.1 -5844 3060
21810 60 2.1 -5904 3152
22091 60 2.1 -6028 3122
22376 60 2.1 -5856 2984
22664 60 2.1 -5956 3116
22957 60 2.1 -6160 3260
23253 60 2.1 -5908 3064
23553 60 2.1 -5772 2978
23856 60 2.1 -5872 3062
24164 60 2.1 -6032 3014
24476 60 2.1 -6052 3210
24791 60 2.1 -5988 3160
25111 60 2.1 -5900 3116
25435 60 2.1 -6104 3176
25763 60 2.1 -5992 3104
26095 60 2.1 -5852 3044
26432 60 2.1 -5764 2976
26773 60 2.1 -5988 3148
27118 60 2.1 -6060 3198
27468 60 2.1 -6156 3250
27822 60 2.1 -5956 3148
28181 60 2.1 -6112 3202
28545 60 2.1 -5932 3088
28913 60 2.1 -5896 3126
29286 60 2.1 -5900 3078
29663 60 2.1 -5792 3032
30046 60 2.1 -5876 3048
30434 60 2.1 -5964 3148
30826 60 2.1 -6168 3240
31224 60 2.1 -5984 3168
31626 60 2.1 -6028 3190
32034 60 2.1 -5820 2954
32447 60 2.1 -5864 3040
32866 60 2.1 -6192 3220
33290 60 2.1 -6044 3088
33719 60 2.1 -6088 3212
34154 60 2.1 -6016 3008
34595 60 2.1 -5984 3044
35041 60 2.1 -6140 3134
35493 60 2.1 -5908 3072
35951 60 2.1 -6164 3230
36414 60 2.1 -5736 2952
36884 60 2.1 -5872 3096
37360 60 2.1 -6168 3258
37841 60 2.1 -5996 3138
38330 60 2.1 -6032 3194
38824 60 2.1 -6192 3268
39325 60 2.1 -6028 3122
39832 60 2.1 -6088 3210
40346 60 2.1 -6144 3194
40866 60 2.1 -6152 3208
41393 60 2.1 -5932 3094
41927 60 2.1 -5964 3110
42468 60 2.1 -5944 3108
43015 60 2.1 -6056 3164
43570 60 2.1 -5964 3138
44132 60 2.1 -6008 3122
44701 60 2.1 -5964 3048
45278 60 2.1 -5968 3164
45862 60 2.1 -5964 3104
46453 60 2.1 -5856 3098
47053 60 2.1 -6084 3218
47660 60 2.1 -6264 3256
48274 60 2.1 -5976 3136
48897 60 2.1 -6056 3196
49528 60 2.1 -5684 3048
50166 60 2.1 -6092 3236
50813 60 2.1 -6088 3186
51469 60 2.1 -6044 3206
52133 60 2.1 -5844 3072
52805 60 2.1 -5872 3088
53486 60 2.1 -5808 3100
54176 60 2.1 -6064 3160
54875 60 2.1 -6048 3140
55582 60 2.1 -6012 3164
56299 60 2.1 -5840 3078
57025 60 2.1 -5944 3162
57761 60 2.1 -5992 3086
58506 60 2.1 -5956 3172
59261 60 2.1 -5820 3008
60025 60 2.1 -5944 3184
60799 60 2.1 -5976 3100
61583 60 2.1 -5756 2976
62378 60 2.1 -6020 3158
63182 60 2.1 -6100 3140
63997 60 2.1 -6076 3180
64822 60 2.1 -5856 3084
65658 60 2.1 -6104 3126
66505 60 2.1 -5884 3078
67363 60 2.1 -6000 3094
68232 60 2.1 -6148 3224
69112 60 2.1 -5928 2938
70003 60 2.1 -6164 3184
70906 60 2.1 -6000 3204
71821 60 2.1 -5880 3052
72747 60 2.1 -6180 3282
73685 60 2.1 -5740 2946
74636 60 2.1 -6020 3056
75599 60 2.1 -6016 3134
76574 60 2.1 -6072 3192
77561 60 2.1 -6064 3148
78562 60 2.1 -6180 3294
79575 60 2.1 -5988 3152
80601 60 2.1 -5968 3184
81641 60 2.1 -6036 3164
82694 60 2.1 -5996 2998
83760 60 2.1 -6128 3250
84841 60 2.1 -6032 3184
85935 60 2.1 -5952 3122
87043 60 2.1 -6080 3134
88166 60 2.1 -6024 3172
89303 60 2.1 -5920 3148
90455 60 2.1 -5968 3194
91622 60 2.1 -6056 3142
92803 60 2.1 -5836 3040
94000 60 2.1 -5980 3140
95213 60 2.1 -6000 3144
96441 60 2.1 -5936 3070
97685 60 2.1 -5812 2974
98945 60 2.1 -6004 3194
100221 60 2.1 -5948 3112
101513 60 2.1 -6024 3118
102823 60 2.1 -6144 3188
104149 60 2.1 -6000 3112
105492 60 2.1 -5960 3092
106853 60 2.1 -5884 3114
108231 60 2.1 -5916 3124
109627 60 2.1 -6056 3178
111041 60 2.1 -6132 3234
112473 60 2.1 -6016 3114
113924 60 2.1 -5932 3024
115393 60 2.1 -5836 2958
116882 60 2.1 -6012 3182
118389 60 2.1 -5884 3040
119916 60 2.1 -6096 3190
121463 60 2.1 -5824 3014
123029 60 2.1 -5920 3042
124616 60 2.1 -5936 3134
126224 60 2.1 -6008 3162
127852 60 2.1 -5948 2964
129501 60 2.1 -6092 3194
131171 60 2.1 -5964 3140
132863 60 2.1 -6184 3280
134576 60 2.1 -5904 3140
136312 60 2.1 -6136 3204
138070 60 2.1 -5972 3160
139851 60 2.1 -5844 3066
141655 60 2.1 -5908 3136
143482 60 2.1 -6100 3166
145333 60 2.1 -5888 3150
147207 60 2.1 -6080 3162
149106 60 2.1 -6008 3174
151029 60 2.1 -6032 3172
152977 60 2.1 -5920 3090
154950 60 2.1 -5936 3030
156948 60 2.1 -5944 3144
158973 60 2.1 -6156 3242
161023 60 2.1 -6020 3186
163100 60 2.1 -5964 3082
165204 60 2.1 -6028 3172
167334 60 2.1 -6000 3144
169493 60 2.1 -5928 3122
171679 60 2.1 -6044 3186
173893 60 2.1 -6048 3176
176136 60 2.1 -5820 2974
178408 60 2.1 -6068 3164
180709 60 2.1 -6116 3232
183040 60 2.1 -6004 3108
185400 60 2.1 -6064 3124
187792 60 2.1 -6084 3034
190214 60 2.1 -6072 3072
192667 60 2.1 -6040 3184
195152 60 2.1 -6016 3200
197669 60 2.1 -5992 3164
200219 60 2.1 -5852 3064
202801 60 2.1 -5872 3030
205417 60 2.1 -6032 3110
208066 60 2.1 -6036 3156
210750 60 2.1 -5896 3140
213468 60 2.1 -6168 3232
216222 60 2.1 -5940 3106
219010 60 2.1 -5872 3068
221835 60 2.1 -5964 3136
224696 60 2.1 -5976 3114
227595 60 2.1 -5860 3128
230530 60 2.1 -5820 3044
233503 60 2.1 -6012 3100
236515 60 2.1 -6044 3118
239566 60 2.1 -5808 3046
242656 60 2.1 -5796 3060
245785 60 2.1 -6116 3170
248956 60 2.1 -6052 3194
252167 60 2.1 -6024 3160
255419 60 2.1 -5896 3130
258713 60 2.1 -5832 2988
262050 60 2.1 -6088 3218
265430 60 2.1 -6236 3228
268854 60 2.1 -5888 3148
272321 60 2.1 -5924 3156
275834 60 2.1 -5976 3090
279391 60 2.1 -5940 3062
282995 60 2.1 -5964 3088
286645 60 2.1 -5968 3124
290342 60 2.1 -6004 3138
294087 60 2.1 -5876 3134
297880 60 2.1 -5960 3146
301722 60 2.1 -5852 3086
305614 60 2.1 -6008 3172
309556 60 2.1 -5792 3064
313548 60 2.1 -5956 3154
317592 60 2.1 -5984 3146
321689 60 2.1 -6048 3166
325838 60 2.1 -6068 3172
330040 60 2.1 -5936 3172
334297 60 2.1 -5860 3086
338609 60 2.1 -5968 3162
342976 60 2.1 -6164 3224
347400 60 2.1 -5872 3152
351881 60 2.1 -5940 3058
356419 60 2.1 -5816 3082
361016 60 2.1 -5936 3120
365673 60 2.1 -5904 3096
370389 60 2.1 -6076 3218
375167 60 2.1 -5920 2866
380005 60 2.1 -5896 3074
384907 60 2.1 -5988 3172
389871 60 2.1 -5892 3064
394900 60 2.1 -6276 3294
399993 60 2.1 -6320 3306
405152 60 2.1 -6200 3244
410378 60 2.1 -6004 3160
415671 60 2.1 -5968 3112
421032 60 2.1 -5724 3002
426463 60 2.1 -6084 3200
431963 60 2.1 -5920 3182
437535 60 2.1 -6216 3260
443178 60 2.1 -5848 3012
448894 60 2.1 -6028 3156
454684 60 2.1 -5896 3090
460548 60 2.1 -5816 3050
466489 60 2.1 -5944 3152
472505 60 2.1 -6048 3166
478600 60 2.1 -5888 3082
484773 60 2.1 -5672 2974
491025 60 2.1 -6012 3122
497358 60 2.1 -5872 3086
503773 60 2.1 -5904 3124
510271 60 2.1 -6100 3164
516852 60 2.1 -6060 3204
523519 60 2.1 -5968 3080
530271 60 2.1 -6024 3194
537111 60 2.1 -6092 3188
544038 60 2.1 -5564 2736
551055 60 2.1 -5908 3070
558163 60 2.1 -5852 3014
565362 60 2.1 -6028 3180
572654 60 2.1 -6148 3230
580040 60 2.1 -6192 3230
587521 60 2.1 -5844 3088
595099 60 2.1 -5988 3132
602775 60 2.1 -5808 3068
610549 60 2.1 -6024 3172
618424 60 2.1 -6200 3216
626400 60 2.1 -5972 3158
634480 60 2.1 -5984 3086
642663 60 2.1 -5984 3062
650952 60 2.1 -6084 3156
659348 60 2.1 -5564 2978
667853 60 2.1 -5836 3066
676467 60 2.1 -5916 3052
685192 60 2.1 -6112 3212
694029 60 2.1 -6020 3164
702981 60 2.1 -6064 3210
712048 60 2.1 -6004 3136
721232 60 2.1 -6076 3180
730534 60 2.1 -5776 3032
739957 60 2.1 -5776 3006
749500 60 2.1 -6188 3226
759168 60 2.1 -6080 3224
768959 60 2.1 -6040 3182
778877 60 2.1 -6004 3180
788923 60 2.1 -5944 3108
799099 60 2.1 -6076 3216
809405 60 2.1 -5920 2956
819845 60 2.1 -5952 3106
830419 60 2.1 -6028 3152
841130 60 2.1 -6184 3232
851979 60 2.1 -5816 3024
862968 60 2.1 -6016 3168
874098 60 2.1 -5856 2956
885373 60 2.1 -6052 3170
896792 60 2.1 -5708 2864
908359 60 2.1 -6032 3142
920075 60 2.1 -6064 3166
931942 60 2.1 -6080 3174
943962 60 2.1 -6084 3230
956137 60 2.1 -5996 3072
968470 60 2.1 -5728 3040
980961 60 2.1 -5964 3080
993613 60 2.1 -5996 3192
999999 60 2.1 -5884 3064
