3 100 2 -10236 62
4 100 2 -10864 -2
5 100 2 -11304 -168
6 100 2 -11552 -194
7 100 2 -11752 -258
8 100 2 -12028 -186
9 100 2 -12104 -290
10 100 2 -12304 -322
11 100 2 -12892 -350
12 100 2 -13048 -522
13 100 2 -13256 -620
14 100 2 -13504 -614
15 100 2 -13620 -678
16 100 2 -13584 -624
17 100 2 -13688 -612
18 100 2 -13828 -576
19 100 2 -13912 -488
20 100 2 -14168 -524
21 100 2 -14236 -570
22 100 2 -14404 -738
23 100 2 -14404 -744
24 100 2 -14512 -798
25 100 2 -14424 -882
26 100 2 -14328 -862
27 100 2 -14572 -892
28 100 2 -14712 -916
29 100 2 -14648 -798
30 100 2 -14584 -772
31 100 2 -14728 -858
32 100 2 -14932 -958
33 100 2 -14932 -902
34 100 2 -14936 -922
35 100 2 -14968 -986
36 100 2 -14976 -960
37 100 2 -15136 -1134
38 100 2 -15120 -956
39 100 2 -15220 -966
40 100 2 -15096 -958
41 100 2 -15084 -1020
42 100 2 -15152 -1068
43 100 2 -15216 -1010
44 100 2 -15176 -1116
45 100 2 -15380 -1162
46 100 2 -15292 -1236
47 100 2 -15400 -1248
48 100 2 -15280 -1268
49 100 2 -15372 -1356
50 100 2 -15324 -1270
51 100 2 -15260 -1286
52 100 2 -15076 -1316
53 100 2 -15148 -1286
54 100 2 -15344 -1246
55 100 2 -15256 -1300
56 100 2 -15248 -1250
57 100 2 -15200 -1282
58 100 2 -15220 -1244
59 100 2 -15048 -1262
60 100 2 -15140 -1352
61 100 2 -15228 -1430
62 100 2 -15388 -1380
63 100 2 -15404 -1450
64 100 2 -15508 -1384
65 100 2 -15352 -1410
66 100 2 -15568 -1242
67 100 2 -15420 -1290
68 100 2 -15448 -1434
69 100 2 -15680 -1514
70 100 2 -15548 -1470
71 100 2 -15544 -1388
72 100 2 -15628 -1342
73 100 2 -15464 -1348
74 100 2 -15612 -1328
75 100 2 -15532 -1298
76 100 2 -15464 -1364
77 100 2 -15540 -1338
78 100 2 -15720 -1340
79 100 2 -15432 -1342
80 100 2 -15660 -1362
81 100 2 -15788 -1390
82 100 2 -15796 -1468
83 100 2 -15832 -1400
84 100 2 -15816 -1466
85 100 2 -15868 -1546
86 100 2 -15772 -1566
88 100 2 -15924 -1476
89 100 2 -15680 -1498
90 100 2 -15840 -1510
91 100 2 -15880 -1496
92 100 2 -15764 -1518
93 100 2 -15724 -1428
95 100 2 -15692 -1294
96 100 2 -15704 -1288
97 100 2 -15836 -1278
98 100 2 -15708 -1372
99 100 2 -15832 -1174
101 100 2 -15652 -1228
102 100 2 -15712 -1170
103 100 2 -15836 -1170
105 100 2 -15864 -1132
106 100 2 -16048 -1180
107 100 2 -16128 -1196
109 100 2 -15900 -1288
110 100 2 -15992 -1336
112 100 2 -16064 -1282
113 100 2 -15800 -1188
114 100 2 -15872 -1188
116 100 2 -15596 -1168
117 100 2 -15932 -1282
119 100 2 -15952 -1336
120 100 2 -15884 -1434
122 100 2 -15520 -1382
124 100 2 -15740 -1580
125 100 2 -15764 -1524
127 100 2 -15816 -1556
128 100 2 -15684 -1648
130 100 2 -15884 -1564
132 100 2 -15640 -1682
133 100 2 -15728 -1718
135 100 2 -15824 -1866
137 100 2 -15860 -1880
139 100 2 -16008 -1898
140 100 2 -16044 -1912
142 100 2 -15960 -1814
144 100 2 -15936 -1720
146 100 2 -16144 -1844
148 100 2 -16252 -1790
150 100 2 -16132 -1924
152 100 2 -15936 -1862
154 100 2 -15760 -1940
155 100 2 -16040 -1888
157 100 2 -15960 -1974
160 100 2 -15952 -2058
162 100 2 -16096 -2008
164 100 2 -16064 -2132
166 100 2 -15936 -2082
168 100 2 -15768 -2196
170 100 2 -15772 -2138
172 100 2 -15960 -2100
174 100 2 -15900 -1886
177 100 2 -15588 -1960
179 100 2 -15912 -2164
181 100 2 -15616 -2332
184 100 2 -15772 -2484
186 100 2 -16136 -2330
188 100 2 -15748 -2318
191 100 2 -15932 -2352
193 100 2 -16152 -2348
196 100 2 -16200 -2402
198 100 2 -15860 -2422
201 100 2 -15892 -2390
203 100 2 -16004 -2556
206 100 2 -15976 -2770
209 100 2 -15752 -2874
211 100 2 -15748 -2854
214 100 2 -15956 -2854
217 100 2 -16168 -2962
220 100 2 -15868 -3018
222 100 2 -16024 -2986
225 100 2 -16436 -2926
228 100 2 -15972 -2930
231 100 2 -16048 -2998
234 100 2 -15960 -3012
237 100 2 -16064 -3400
240 100 2 -16356 -3576
243 100 2 -16312 -3432
246 100 2 -16068 -3312
250 100 2 -16216 -3374
253 100 2 -16004 -3294
256 100 2 -15928 -3202
259 100 2 -16388 -3240
263 100 2 -16352 -3408
266 100 2 -16396 -3436
269 100 2 -16232 -3486
273 100 2 -16268 -3538
276 100 2 -16380 -3630
280 100 2 -16440 -3784
284 100 2 -16288 -3694
287 100 2 -16484 -3804
291 100 2 -16176 -3648
295 100 2 -16472 -3652
298 100 2 -16240 -3876
302 100 2 -16600 -4080
306 100 2 -16376 -4060
310 100 2 -16340 -4118
314 100 2 -16332 -4120
318 100 2 -16296 -4344
322 100 2 -16268 -4232
326 100 2 -16380 -4246
331 100 2 -16468 -4370
335 100 2 -16464 -4310
339 100 2 -16328 -4240
344 100 2 -16528 -4232
348 100 2 -16416 -4162
352 100 2 -16404 -4164
357 100 2 -16580 -4108
362 100 2 -16488 -4106
366 100 2 -16556 -4132
371 100 2 -16432 -4058
376 100 2 -16704 -4130
381 100 2 -16928 -4084
385 100 2 -16708 -4124
390 100 2 -16432 -4146
395 100 2 -16560 -4150
401 100 2 -16568 -4160
406 100 2 -16468 -4098
411 100 2 -16200 -4108
416 100 2 -16800 -4256
422 100 2 -16512 -4204
427 100 2 -16604 -4152
433 100 2 -16672 -4254
438 100 2 -16796 -4358
444 100 2 -16440 -4204
449 100 2 -16732 -4248
455 100 2 -16712 -4296
461 100 2 -16780 -4166
467 100 2 -16744 -4294
473 100 2 -16528 -4356
479 100 2 -16468 -4552
485 100 2 -16592 -4572
492 100 2 -16664 -4722
498 100 2 -16492 -4736
504 100 2 -16788 -4946
511 100 2 -16876 -5042
517 100 2 -16704 -4948
524 100 2 -16720 -4992
531 100 2 -16588 -5030
538 100 2 -16612 -5226
545 100 2 -16788 -5298
552 100 2 -16820 -5394
559 100 2 -16492 -5364
566 100 2 -16660 -5318
573 100 2 -16560 -5362
581 100 2 -16844 -5490
588 100 2 -16816 -5462
596 100 2 -17040 -5638
603 100 2 -16804 -5668
611 100 2 -16872 -5706
619 100 2 -17008 -5862
627 100 2 -16908 -5766
635 100 2 -16820 -5766
643 100 2 -16872 -5792
652 100 2 -16792 -6024
660 100 2 -16804 -6052
668 100 2 -16804 -6152
677 100 2 -16924 -6142
686 100 2 -16876 -6196
695 100 2 -16900 -6356
704 100 2 -16992 -6460
713 100 2 -17156 -6536
722 100 2 -17060 -6388
731 100 2 -17204 -6580
741 100 2 -16812 -6466
750 100 2 -17000 -6510
760 100 2 -16684 -6520
770 100 2 -17092 -6682
780 100 2 -17144 -6818
790 100 2 -17456 -6912
800 100 2 -17116 -6730
810 100 2 -16972 -6582
821 100 2 -16972 -6644
831 100 2 -16516 -6544
842 100 2 -16832 -6738
853 100 2 -17108 -6912
864 100 2 -17036 -6898
875 100 2 -16948 -6884
886 100 2 -16896 -6918
897 100 2 -17044 -6806
909 100 2 -17084 -7062
921 100 2 -17000 -7206
933 100 2 -17180 -7288
945 100 2 -17040 -7428
957 100 2 -17076 -7436
969 100 2 -17040 -7504
982 100 2 -17160 -7320
994 100 2 -17120 -7362
1007 100 2 -17272 -7448
1020 100 2 -17064 -7348
1033 100 2 -16972 -7404
1047 100 2 -17248 -7726
1060 100 2 -17076 -7612
1074 100 2 -16816 -7586
1088 100 2 -17300 -7824
1102 100 2 -17184 -7916
1116 100 2 -16660 -7808
1130 100 2 -17028 -7792
1145 100 2 -17200 -7936
1160 100 2 -17124 -7982
1174 100 2 -17040 -8036
1190 100 2 -17316 -8170
1205 100 2 -17244 -8252
1220 100 2 -17344 -8292
1236 100 2 -17144 -8350
1252 100 2 -17060 -8386
1268 100 2 -17308 -8510
1285 100 2 -16908 -8164
1301 100 2 -17328 -8434
1318 100 2 -17400 -8536
1335 100 2 -17384 -8486
1352 100 2 -17200 -8620
1370 100 2 -17400 -8750
1387 100 2 -17300 -8638
1405 100 2 -17188 -8728
1423 100 2 -17292 -8796
1442 100 2 -17136 -8750
1460 100 2 -16936 -8764
1479 100 2 -17528 -9078
1498 100 2 -17500 -9068
1517 100 2 -17456 -9166
1537 100 2 -17620 -9232
1557 100 2 -17300 -9062
1577 100 2 -17472 -9036
1597 100 2 -17308 -9058
1618 100 2 -17112 -8976
1639 100 2 -17724 -9200
1660 100 2 -17756 -9254
1681 100 2 -17696 -9198
1703 100 2 -17588 -9214
1725 100 2 -17556 -9192
1747 100 2 -17468 -9150
1770 100 2 -17248 -9068
1792 100 2 -17560 -9190
1816 100 2 -17720 -9248
1839 100 2 -17596 -9226
1863 100 2 -17592 -9176
1887 100 2 -17576 -9210
1911 100 2 -17404 -9066
1936 100 2 -17548 -9138
1961 100 2 -17464 -9130
1986 100 2 -17248 -9012
2012 100 2 -17504 -9198
2037 100 2 -17584 -9172
2064 100 2 -17532 -9148
2090 100 2 -17472 -9108
2117 100 2 -17196 -9074
2145 100 2 -17436 -9140
2172 100 2 -17512 -9136
2200 100 2 -17576 -9196
2229 100 2 -17660 -9250
2257 100 2 -17500 -9116
2286 100 2 -17404 -9142
2316 100 2 -17484 -9072
2346 100 2 -17364 -9118
2376 100 2 -17492 -9124
2407 100 2 -17728 -9188
2438 100 2 -17468 -9152
2469 100 2 -17392 -9108
2501 100 2 -17336 -9044
2533 100 2 -17428 -9110
2566 100 2 -17780 -9260
2599 100 2 -17376 -9104
2633 100 2 -17788 -9312
2667 100 2 -17352 -9104
2701 100 2 -17432 -9126
2736 100 2 -17624 -9178
2771 100 2 -17416 -9126
2807 100 2 -17600 -9200
2843 100 2 -17420 -9094
2880 100 2 -17476 -9074
2917 100 2 -17244 -8988
2954 100 2 -17440 -9034
2992 100 2 -17400 -9046
3031 100 2 -17180 -9064
3070 100 2 -17492 -9166
3110 100 2 -17256 -9030
3150 100 2 -17736 -9286
3190 100 2 -17252 -9018
3232 100 2 -17704 -9212
3273 100 2 -17156 -8810
3315 100 2 -17336 -8964
3358 100 2 -17140 -8800
3402 100 2 -17596 -9106
3445 100 2 -17528 -9110
3490 100 2 -17316 -9114
3535 100 2 -17572 -9130
3580 100 2 -17640 -9252
3627 100 2 -17372 -9064
3673 100 2 -17216 -9096
3721 100 2 -17784 -9274
3769 100 2 -17532 -9164
3817 100 2 -17368 -8998
3867 100 2 -17500 -9086
3916 100 2 -17416 -9090
3967 100 2 -17416 -9054
4018 100 2 -17680 -9160
4070 100 2 -17388 -9054
4122 100 2 -17532 -9178
4176 100 2 -17428 -9166
4229 100 2 -17640 -9210
4284 100 2 -17400 -9022
4339 100 2 -17488 -9214
4395 100 2 -17468 -9084
4452 100 2 -17072 -8988
4509 100 2 -17484 -9082
4567 100 2 -17328 -9042
4626 100 2 -17364 -9136
4686 100 2 -17608 -9230
4746 100 2 -17652 -9236
4808 100 2 -17528 -9210
4870 100 2 -17280 -8998
4932 100 2 -17620 -9210
4996 100 2 -17396 -9090
5060 100 2 -17656 -9236
5126 100 2 -17704 -9214
5192 100 2 -17032 -8884
5259 100 2 -17252 -9022
5327 100 2 -17468 -9160
5395 100 2 -17668 -9194
5465 100 2 -17476 -9128
5535 100 2 -17604 -9230
5607 100 2 -17600 -9224
5679 100 2 -17592 -9214
5752 100 2 -17680 -9218
5826 100 2 -17472 -9148
5902 100 2 -17796 -9308
5978 100 2 -17264 -8940
6055 100 2 -17388 -9052
6133 100 2 -17364 -9092
6212 100 2 -17452 -9052
6292 100 2 -17532 -9170
6373 100 2 -17516 -9154
6455 100 2 -17100 -8930
6539 100 2 -17460 -9186
6623 100 2 -17616 -9200
6708 100 2 -17212 -9032
6795 100 2 -17324 -9048
6883 100 2 -17816 -9282
6971 100 2 -17332 -9056
7061 100 2 -17408 -9112
7152 100 2 -17684 -9198
7245 100 2 -17228 -9018
7338 100 2 -17220 -9010
7433 100 2 -17464 -9122
7529 100 2 -17712 -9220
7626 100 2 -17628 -9206
7724 100 2 -17484 -9202
7824 100 2 -17468 -9096
7925 100 2 -17560 -9154
8027 100 2 -17520 -9124
8130 100 2 -17508 -9174
8235 100 2 -17696 -9250
8341 100 2 -17436 -9156
8449 100 2 -17476 -9156
8558 100 2 -17680 -9228
8668 100 2 -17480 -9104
8780 100 2 -17628 -9172
8893 100 2 -17424 -9174
9008 100 2 -17556 -9150
9124 100 2 -17724 -9224
9242 100 2 -17244 -9030
9361 100 2 -17380 -9066
9482 100 2 -17608 -9190
9604 100 2 -17420 -9062
9728 100 2 -17412 -9096
9853 100 2 -17464 -9158
9980 100 2 -17500 -9124
10109 100 2 -17464 -9148
10240 100 2 -17572 -9194
10372 100 2 -17832 -9286
10505 100 2 -17184 -9014
10641 100 2 -17360 -9098
10778 100 2 -17200 -9006
10917 100 2 -17792 -9252
11058 100 2 -17208 -9086
11201 100 2 -17448 -9176
11345 100 2 -17300 -9028
11491 100 2 -17256 -9096
11640 100 2 -17376 -8976
11790 100 2 -17540 -9192
11942 100 2 -17100 -8950
12096 100 2 -17464 -9184
12252 100 2 -17292 -9052
12410 100 2 -17604 -9216
12570 100 2 -17548 -9150
12732 100 2 -17500 -9128
12896 100 2 -17468 -9154
13062 100 2 -17572 -9150
13231 100 2 -17560 -9132
13402 100 2 -17508 -9152
13574 100 2 -17592 -9134
13750 100 2 -17636 -9194
13927 100 2 -17308 -9058
14106 100 2 -17320 -9088
14288 100 2 -17328 -9070
14473 100 2 -17268 -8890
14659 100 2 -17604 -9102
14848 100 2 -17468 -9152
15040 100 2 -17140 -8972
15234 100 2 -17388 -9086
15430 100 2 -17580 -9170
15629 100 2 -17208 -9038
15831 100 2 -17696 -9256
16035 100 2 -17432 -9062
16242 100 2 -17628 -9208
16451 100 2 -17248 -8976
16664 100 2 -17380 -9116
16879 100 2 -17404 -9104
17096 100 2 -17596 -9134
17317 100 2 -17292 -9054
17540 100 2 -17364 -9000
17766 100 2 -17412 -9058
17995 100 2 -17240 -9068
18228 100 2 -17536 -9192
18463 100 2 -17332 -9100
18701 100 2 -17404 -9072
18942 100 2 -17408 -9154
19186 100 2 -17484 -9142
19434 100 2 -17512 -9100
19684 100 2 -17228 -8998
19938 100 2 -17476 -9104
20195 100 2 -17508 -9194
20456 100 2 -17412 -9094
20720 100 2 -17280 -8996
20987 100 2 -17612 -9236
21258 100 2 -17424 -9146
21532 100 2 -17156 -9006
21810 100 2 -17716 -9178
22091 100 2 -17480 -9146
22376 100 2 -17472 -9134
22664 100 2 -17528 -9222
22957 100 2 -17632 -9158
23253 100 2 -17376 -9098
23553 100 2 -17636 -9248
23856 100 2 -17412 -9130
24164 100 2 -17612 -9194
24476 100 2 -17216 -8984
24791 100 2 -17480 -9148
25111 100 2 -17344 -9020
25435 100 2 -17344 -9026
25763 100 2 -17448 -9136
26095 100 2 -17352 -9020
26432 100 2 -17472 -9150
26773 100 2 -17460 -9082
27118 100 2 -17196 -8994
27468 100 2 -17596 -9178
27822 100 2 -17132 -8936
28181 100 2 -17536 -9084
28545 100 2 -17372 -9126
28913 100 2 -17248 -9052
29286 100 2 -17284 -9060
29663 100 2 -17384 -9040
30046 100 2 -17512 -9096
30434 100 2 -17196 -8938
30826 100 2 -17408 -9090
31224 100 2 -17512 -9176
31626 100 2 -17584 -9208
32034 100 2 -17408 -9050
32447 100 2 -17480 -9154
32866 100 2 -17720 -9232
33290 100 2 -17508 -9110
33719 100 2 -17384 -9106
34154 100 2 -17288 -9016
34595 100 2 -17604 -9150
35041 100 2 -17208 -8966
35493 100 2 -17228 -9022
35951 100 2 -17460 -9176
36414 100 2 -17604 -9186
36884 100 2 -17280 -9084
37360 100 2 -17480 -9194
37841 100 2 -17464 -9068
38330 100 2 -17552 -9174
38824 100 2 -17288 -9022
39325 100 2 -17232 -9030
39832 100 2 -17316 -8952
40346 100 2 -17676 -9238
40866 100 2 -17532 -9096
41393 100 2 -17464 -9190
41927 100 2 -17140 -9032
42468 100 2 -17672 -9218
43015 100 2 -17332 -9020
43570 100 2 -17208 -9014
44132 100 2 -17420 -9052
44701 100 2 -17140 -8966
45278 100 2 -17440 -9142
45862 100 2 -17508 -9206
46453 100 2 -17316 -9052
47053 100 2 -17396 -9148
47660 100 2 -17476 -9150
48274 100 2 -17364 -9080
48897 100 2 -17532 -9144
49528 100 2 -17448 -9088
50166 100 2 -17484 -9046
50813 100 2 -17360 -9080
51469 100 2 -17688 -9212
52133 100 2 -17452 -9190
52805 100 2 -17272 -9028
53486 100 2 -17528 -9168
54176 100 2 -17268 -9012
54875 100 2 -17308 -9092
55582 100 2 -17352 -9048
56299 100 2 -17536 -9186
57025 100 2 -17608 -9178
57761 100 2 -17348 -9070
58506 100 2 -17336 -9110
59261 100 2 -17604 -9202
60025 100 2 -17168 -9016
60799 100 2 -17188 -9054
61583 100 2 -17164 -8958
62378 100 2 -17368 -9010
63182 100 2 -17304 -9050
63997 100 2 -17340 -9066
64822 100 2 -17268 -9042
65658 100 2 -17348 -9124
66505 100 2 -17564 -9060
67363 100 2 -17492 -9168
68232 100 2 -17548 -9170
69112 100 2 -17476 -9150
70003 100 2 -17552 -9168
70906 100 2 -17588 -9226
71821 100 2 -17480 -9118
72747 100 2 -17400 -9080
73685 100 2 -17340 -9016
74636 100 2 -17352 -9066
75599 100 2 -17592 -9110
76574 100 2 -17300 -9046
77561 100 2 -17416 -9088
78562 100 2 -17140 -8988
79575 100 2 -17708 -9152
80601 100 2 -17372 -9136
81641 100 2 -17796 -9280
82694 100 2 -17372 -9002
83760 100 2 -17268 -9016
84841 100 2 -17184 -8954
85935 100 2 -17268 -9000
87043 100 2 -17364 -9112
88166 100 2 -17532 -9126
89303 100 2 -17180 -8946
90455 100 2 -17496 -9158
91622 100 2 -17508 -9194
92803 100 2 -17348 -9028
94000 100 2 -17452 -9120
95213 100 2 -17780 -9228
96441 100 2 -17332 -9100
97685 100 2 -17424 -9140
98945 100 2 -17628 -9162
100221 100 2 -17576 -9172
101513 100 2 -17408 -9084
102823 100 2 -17856 -9310
104149 100 2 -17416 -9050
105492 100 2 -17504 -9142
106853 100 2 -17344 -9038
108231 100 2 -17568 -9230
109627 100 2 -17680 -9212
111041 100 2 -17528 -9152
112473 100 2 -17308 -9044
113924 100 2 -17216 -9036
115393 100 2 -17544 -9140
116882 100 2 -17100 -8980
118389 100 2 -17720 -9278
119916 100 2 -17260 -9022
121463 100 2 -17628 -9230
123029 100 2 -17348 -9036
124616 100 2 -17116 -8926
126224 100 2 -17556 -9178
127852 100 2 -17568 -9118
129501 100 2 -17504 -9152
131171 100 2 -17552 -9184
132863 100 2 -17348 -9070
134576 100 2 -17160 -9004
136312 100 2 -17328 -8938
138070 100 2 -17416 -9192
139851 100 2 -17436 -9148
141655 100 2 -17392 -9090
143482 100 2 -17660 -9188
145333 100 2 -17608 -9162
147207 100 2 -17480 -9072
149106 100 2 -17404 -9098
151029 100 2 -17520 -9122
152977 100 2 -17288 -9054
154950 100 2 -16672 -8652
156948 100 2 -17296 -8956
158973 100 2 -17336 -9086
161023 100 2 -17648 -9188
163100 100 2 -17360 -9016
165204 100 2 -17544 -9132
167334 100 2 -17336 -9158
169493 100 2 -17312 -9092
171679 100 2 -17472 -9136
173893 100 2 -17540 -9148
176136 100 2 -17552 -9146
178408 100 2 -17736 -9186
180709 100 2 -17484 -9078
183040 100 2 -17460 -9180
185400 100 2 -17512 -9184
187792 100 2 -17184 -8932
190214 100 2 -17440 -9132
192667 100 2 -17268 -9008
195152 100 2 -16980 -8872
197669 100 2 -18048 -9370
200219 100 2 -17328 -9048
202801 100 2 -17332 -9070
205417 100 2 -17440 -9116
208066 100 2 -17412 -9086
210750 100 2 -17032 -8962
213468 100 2 -17440 -9136
216222 100 2 -17648 -9224
219010 100 2 -17540 -9132
221835 100 2 -17416 -9104
224696 100 2 -17460 -9148
227595 100 2 -17368 -9106
230530 100 2 -17112 -9030
233503 100 2 -17540 -9090
236515 100 2 -17432 -9148
239566 100 2 -17408 -9106
242656 100 2 -17308 -9066
245785 100 2 -17780 -9268
248956 100 2 -17280 -9086
252167 100 2 -17464 -9080
255419 100 2 -17752 -9168
258713 100 2 -17140 -9022
262050 100 2 -17572 -9178
265430 100 2 -17576 -9226
268854 100 2 -17496 -9148
272321 100 2 -17528 -9176
275834 100 2 -17376 -9116
279391 100 2 -17256 -8972
282995 100 2 -17548 -9208
286645 100 2 -17528 -9072
290342 100 2 -17424 -9130
294087 100 2 -17200 -8990
297880 100 2 -17512 -9194
301722 100 2 -17308 -9076
305614 100 2 -17748 -9240
309556 100 2 -17448 -9174
313548 100 2 -17504 -9102
317592 100 2 -17408 -9146
321689 100 2 -17420 -9106
325838 100 2 -17096 -8962
330040 100 2 -17572 -9108
334297 100 2 -17436 -9138
338609 100 2 -17256 -9024
342976 100 2 -17180 -9010
347400 100 2 -17584 -9200
351881 100 2 -17284 -9058
356419 100 2 -17596 -9214
361016 100 2 -17420 -9128
365673 100 2 -17596 -9206
370389 100 2 -17592 -9182
375167 100 2 -17288 -9034
380005 100 2 -17492 -9104
384907 100 2 -17432 -9122
389871 100 2 -17260 -8998
394900 100 2 -17192 -9052
399993 100 2 -17504 -9100
405152 100 2 -17692 -9180
410378 100 2 -17552 -9160
415671 100 2 -17348 -9066
421032 100 2 -17288 -9130
426463 100 2 -17176 -9062
431963 100 2 -17368 -9068
437535 100 2 -17392 -9110
443178 100 2 -17184 -8986
448894 100 2 -17152 -9014
454684 100 2 -17524 -9170
460548 100 2 -17440 -9170
466489 100 2 -17280 -9044
472505 100 2 -17300 -9034
478600 100 2 -17564 -9164
484773 100 2 -17324 -9108
491025 100 2 -17692 -9162
497358 100 2 -17604 -9218
503773 100 2 -17288 -9008
510271 100 2 -17420 -9164
516852 100 2 -17396 -9108
523519 100 2 -17688 -9220
530271 100 2 -17168 -9022
537111 100 2 -17276 -8980
544038 100 2 -17056 -8856
551055 100 2 -17672 -9254
558163 100 2 -17300 -9086
565362 100 2 -17504 -9160
572654 100 2 -17368 -9110
580040 100 2 -17340 -9096
587521 100 2 -17504 -9196
595099 100 2 -17204 -9018
602775 100 2 -17396 -9146
610549 100 2 -17172 -8996
618424 100 2 -17104 -8950
626400 100 2 -17588 -9164
634480 100 2 -17440 -9142
642663 100 2 -17516 -9068
650952 100 2 -17052 -8946
659348 100 2 -17364 -9068
667853 100 2 -17216 -8912
676467 100 2 -17408 -9122
685192 100 2 -17568 -9166
694029 100 2 -17412 -9052
702981 100 2 -17492 -9132
712048 100 2 -17584 -9194
721232 100 2 -17468 -9096
730534 100 2 -17576 -9204
739957 100 2 -17408 -9098
749500 100 2 -17488 -9138
759168 100 2 -17540 -9166
768959 100 2 -17044 -8916
778877 100 2 -17492 -9162
788923 100 2 -17680 -9218
799099 100 2 -17508 -9228
809405 100 2 -17532 -9084
819845 100 2 -17568 -9166
830419 100 2 -17444 -9120
841130 100 2 -17540 -9114
851979 100 2 -17296 -9098
862968 100 2 -17524 -9168
874098 100 2 -17316 -9058
885373 100 2 -17388 -9128
896792 100 2 -17596 -9196
908359 100 2 -17308 -9012
920075 100 2 -17352 -9110
931942 100 2 -17260 -9074
943962 100 2 -17640 -9194
956137 100 2 -17408 -9144
968470 100 2 -17820 -9296
980961 100 2 -17476 -9178
993613 100 2 -17472 -9124
999999 100 2 -17228 -9034
