3 20 2.4 -460 176
4 20 2.4 -488 146
5 20 2.4 -484 106
6 20 2.4 -476 98
7 20 2.4 -452 92
8 20 2.4 -428 90
9 20 2.4 -460 114
10 20 2.4 -456 112
11 20 2.4 -516 118
12 20 2.4 -500 132
13 20 2.4 -464 120
14 20 2.4 -484 124
15 20 2.4 -480 144
16 20 2.4 -492 148
17 20 2.4 -460 138
18 20 2.4 -436 128
19 20 2.4 -428 142
20 20 2.4 -440 128
21 20 2.4 -424 118
22 20 2.4 -416 106
23 20 2.4 -412 116
24 20 2.4 -416 130
25 20 2.4 -424 170
26 20 2.4 -472 168
27 20 2.4 -460 174
28 20 2.4 -512 218
29 20 2.4 -508 236
30 20 2.4 -488 230
31 20 2.4 -488 198
32 20 2.4 -516 208
33 20 2.4 -476 202
34 20 2.4 -440 152
35 20 2.4 -428 160
36 20 2.4 -428 166
37 20 2.4 -408 162
38 20 2.4 -396 150
39 20 2.4 -440 162
40 20 2.4 -440 174
41 20 2.4 -456 196
42 20 2.4 -484 214
43 20 2.4 -500 238
44 20 2.4 -488 248
45 20 2.4 -516 256
46 20 2.4 -488 264
47 20 2.4 -532 248
48 20 2.4 -488 238
49 20 2.4 -484 250
50 20 2.4 -484 242
51 20 2.4 -488 246
52 20 2.4 -540 276
53 20 2.4 -560 282
54 20 2.4 -520 258
55 20 2.4 -524 258
56 20 2.4 -472 236
57 20 2.4 -516 262
58 20 2.4 -504 234
59 20 2.4 -460 172
60 20 2.4 -476 200
61 20 2.4 -492 186
62 20 2.4 -484 198
63 20 2.4 -496 214
64 20 2.4 -456 192
65 20 2.4 -428 210
66 20 2.4 -416 198
67 20 2.4 -428 180
68 20 2.4 -472 166
69 20 2.4 -500 172
70 20 2.4 -508 162
71 20 2.4 -464 172
72 20 2.4 -448 164
73 20 2.4 -496 204
74 20 2.4 -488 234
75 20 2.4 -484 248
76 20 2.4 -432 210
77 20 2.4 -396 176
78 20 2.4 -380 146
79 20 2.4 -344 112
80 20 2.4 -352 128
81 20 2.4 -368 126
82 20 2.4 -368 122
83 20 2.4 -368 96
84 20 2.4 -388 74
85 20 2.4 -432 122
86 20 2.4 -452 108
88 20 2.4 -460 132
89 20 2.4 -460 124
90 20 2.4 -464 134
91 20 2.4 -468 134
92 20 2.4 -460 166
93 20 2.4 -464 166
95 20 2.4 -500 192
96 20 2.4 -484 168
97 20 2.4 -468 158
98 20 2.4 -392 112
99 20 2.4 -456 104
101 20 2.4 -408 34
102 20 2.4 -404 44
103 20 2.4 -376 76
105 20 2.4 -412 48
106 20 2.4 -416 60
107 20 2.4 -400 50
109 20 2.4 -380 46
110 20 2.4 -428 36
112 20 2.4 -472 -22
113 20 2.4 -476 -74
114 20 2.4 -444 -74
116 20 2.4 -432 -116
117 20 2.4 -448 -134
119 20 2.4 -516 -158
120 20 2.4 -504 -152
122 20 2.4 -500 -144
124 20 2.4 -520 -152
125 20 2.4 -524 -152
127 20 2.4 -504 -112
128 20 2.4 -424 -100
130 20 2.4 -440 -82
132 20 2.4 -452 -144
133 20 2.4 -480 -116
135 20 2.4 -484 -170
137 20 2.4 -508 -140
139 20 2.4 -432 -140
140 20 2.4 -468 -166
142 20 2.4 -472 -194
144 20 2.4 -568 -246
146 20 2.4 -464 -180
148 20 2.4 -524 -184
150 20 2.4 -548 -180
152 20 2.4 -508 -160
154 20 2.4 -508 -172
155 20 2.4 -492 -172
157 20 2.4 -532 -218
160 20 2.4 -504 -222
162 20 2.4 -540 -206
164 20 2.4 -556 -174
166 20 2.4 -520 -186
168 20 2.4 -508 -218
170 20 2.4 -496 -192
172 20 2.4 -492 -152
174 20 2.4 -504 -168
177 20 2.4 -488 -196
179 20 2.4 -448 -182
181 20 2.4 -452 -192
184 20 2.4 -480 -204
186 20 2.4 -496 -242
188 20 2.4 -464 -260
191 20 2.4 -520 -268
193 20 2.4 -512 -258
196 20 2.4 -464 -224
198 20 2.4 -524 -234
201 20 2.4 -484 -232
203 20 2.4 -516 -276
206 20 2.4 -508 -270
209 20 2.4 -504 -270
211 20 2.4 -560 -306
214 20 2.4 -584 -324
217 20 2.4 -496 -246
220 20 2.4 -500 -220
222 20 2.4 -504 -226
225 20 2.4 -512 -186
228 20 2.4 -456 -186
231 20 2.4 -428 -156
234 20 2.4 -456 -192
237 20 2.4 -444 -156
240 20 2.4 -480 -134
243 20 2.4 -488 -128
246 20 2.4 -476 -122
250 20 2.4 -432 -118
253 20 2.4 -452 -152
256 20 2.4 -460 -178
259 20 2.4 -460 -170
263 20 2.4 -436 -200
266 20 2.4 -488 -162
269 20 2.4 -424 -154
273 20 2.4 -512 -218
276 20 2.4 -540 -260
280 20 2.4 -456 -196
284 20 2.4 -496 -220
287 20 2.4 -500 -144
291 20 2.4 -460 -156
295 20 2.4 -432 -130
298 20 2.4 -488 -116
302 20 2.4 -504 -154
306 20 2.4 -472 -170
310 20 2.4 -456 -228
314 20 2.4 -500 -220
318 20 2.4 -528 -234
322 20 2.4 -496 -212
326 20 2.4 -536 -240
331 20 2.4 -496 -206
335 20 2.4 -524 -244
339 20 2.4 -492 -258
344 20 2.4 -516 -242
348 20 2.4 -532 -210
352 20 2.4 -516 -232
357 20 2.4 -464 -212
362 20 2.4 -456 -192
366 20 2.4 -500 -222
371 20 2.4 -492 -186
376 20 2.4 -508 -150
381 20 2.4 -444 -148
385 20 2.4 -552 -206
390 20 2.4 -444 -218
395 20 2.4 -496 -268
401 20 2.4 -548 -264
406 20 2.4 -524 -244
411 20 2.4 -624 -320
416 20 2.4 -488 -278
422 20 2.4 -516 -226
427 20 2.4 -604 -256
433 20 2.4 -512 -102
438 20 2.4 -516 -108
444 20 2.4 -468 -128
449 20 2.4 -484 -160
455 20 2.4 -468 -132
461 20 2.4 -468 -150
467 20 2.4 -504 -68
473 20 2.4 -568 -116
479 20 2.4 -472 -152
485 20 2.4 -448 -116
492 20 2.4 -412 -126
498 20 2.4 -504 -200
504 20 2.4 -552 -256
511 20 2.4 -576 -308
517 20 2.4 -572 -302
524 20 2.4 -516 -224
531 20 2.4 -452 -162
538 20 2.4 -452 -176
545 20 2.4 -540 -222
552 20 2.4 -428 -130
559 20 2.4 -432 -118
566 20 2.4 -408 -60
573 20 2.4 -460 -80
581 20 2.4 -508 -106
588 20 2.4 -488 -90
596 20 2.4 -484 -72
603 20 2.4 -468 -56
611 20 2.4 -468 46
619 20 2.4 -420 -18
627 20 2.4 -444 40
635 20 2.4 -400 -18
643 20 2.4 -440 -26
652 20 2.4 -364 -62
660 20 2.4 -440 -170
668 20 2.4 -404 -126
677 20 2.4 -448 -206
686 20 2.4 -492 -222
695 20 2.4 -456 -184
704 20 2.4 -504 -132
713 20 2.4 -420 -134
722 20 2.4 -512 -216
731 20 2.4 -580 -272
741 20 2.4 -564 -270
750 20 2.4 -560 -288
760 20 2.4 -560 -324
770 20 2.4 -528 -238
780 20 2.4 -524 -278
790 20 2.4 -584 -276
800 20 2.4 -540 -232
810 20 2.4 -516 -206
821 20 2.4 -448 -114
831 20 2.4 -504 -232
842 20 2.4 -476 -134
853 20 2.4 -452 -104
864 20 2.4 -468 -138
875 20 2.4 -448 -126
886 20 2.4 -376 28
897 20 2.4 -536 -38
909 20 2.4 -480 -32
921 20 2.4 -452 -66
933 20 2.4 -460 -122
945 20 2.4 -548 -250
957 20 2.4 -472 -200
969 20 2.4 -464 -136
982 20 2.4 -424 -128
994 20 2.4 -500 -198
1007 20 2.4 -528 -204
1020 20 2.4 -596 -188
1033 20 2.4 -512 -182
1047 20 2.4 -472 -148
1060 20 2.4 -496 -118
1074 20 2.4 -428 -24
1088 20 2.4 -420 -130
1102 20 2.4 -516 -92
1116 20 2.4 -444 -30
1130 20 2.4 -444 30
1145 20 2.4 -492 112
1160 20 2.4 -492 168
1174 20 2.4 -504 216
1190 20 2.4 -448 126
1205 20 2.4 -488 20
1220 20 2.4 -452 40
1236 20 2.4 -520 172
1252 20 2.4 -528 310
1268 20 2.4 -452 246
1285 20 2.4 -516 216
1301 20 2.4 -508 136
1318 20 2.4 -444 176
1335 20 2.4 -532 190
1352 20 2.4 -444 4
1370 20 2.4 -504 -10
1387 20 2.4 -464 -90
1405 20 2.4 -492 -218
1423 20 2.4 -472 -198
1442 20 2.4 -420 -152
1460 20 2.4 -460 -174
1479 20 2.4 -532 -146
1498 20 2.4 -444 -84
1517 20 2.4 -440 -18
1537 20 2.4 -436 132
1557 20 2.4 -552 240
1577 20 2.4 -504 216
1597 20 2.4 -492 268
1618 20 2.4 -576 286
1639 20 2.4 -632 324
1660 20 2.4 -560 284
1681 20 2.4 -508 236
1703 20 2.4 -520 278
1725 20 2.4 -608 236
1747 20 2.4 -512 256
1770 20 2.4 -560 310
1792 20 2.4 -604 322
1816 20 2.4 -516 222
1839 20 2.4 -540 254
1863 20 2.4 -572 300
1887 20 2.4 -436 166
1911 20 2.4 -468 218
1936 20 2.4 -560 272
1961 20 2.4 -504 266
1986 20 2.4 -492 208
2012 20 2.4 -472 -2
2037 20 2.4 -512 -160
2064 20 2.4 -436 16
2090 20 2.4 -404 40
2117 20 2.4 -412 102
2145 20 2.4 -444 74
2172 20 2.4 -400 116
2200 20 2.4 -400 -30
2229 20 2.4 -364 -128
2257 20 2.4 -428 -138
2286 20 2.4 -452 -100
2316 20 2.4 -464 40
2346 20 2.4 -388 -24
2376 20 2.4 -448 120
2407 20 2.4 -528 -160
2438 20 2.4 -552 -60
2469 20 2.4 -456 -202
2501 20 2.4 -512 -174
2533 20 2.4 -468 -200
2566 20 2.4 -476 -152
2599 20 2.4 -464 -152
2633 20 2.4 -576 -248
2667 20 2.4 -608 -336
2701 20 2.4 -580 -262
2736 20 2.4 -456 -128
2771 20 2.4 -452 18
2807 20 2.4 -416 -138
2843 20 2.4 -624 -340
2880 20 2.4 -648 -342
2917 20 2.4 -560 -206
2954 20 2.4 -540 -236
2992 20 2.4 -468 -166
3031 20 2.4 -520 -222
3070 20 2.4 -636 -346
3110 20 2.4 -508 -232
3150 20 2.4 -580 -332
3190 20 2.4 -504 -256
3232 20 2.4 -472 -240
3273 20 2.4 -616 -326
3315 20 2.4 -564 -194
3358 20 2.4 -508 -270
3402 20 2.4 -492 -120
3445 20 2.4 -412 -146
3490 20 2.4 -492 -68
3535 20 2.4 -536 -168
3580 20 2.4 -552 -292
3627 20 2.4 -520 -272
3673 20 2.4 -500 -200
3721 20 2.4 -448 -154
3769 20 2.4 -492 -202
3817 20 2.4 -496 -122
3867 20 2.4 -504 -164
3916 20 2.4 -460 -158
3967 20 2.4 -424 -100
4018 20 2.4 -548 -246
4070 20 2.4 -464 -56
4122 20 2.4 -448 -126
4176 20 2.4 -424 -174
4229 20 2.4 -424 -108
4284 20 2.4 -460 -42
4339 20 2.4 -408 -18
4395 20 2.4 -436 28
4452 20 2.4 -464 -226
4509 20 2.4 -552 -284
4567 20 2.4 -552 -260
4626 20 2.4 -524 -268
4686 20 2.4 -572 -308
4746 20 2.4 -556 -266
4808 20 2.4 -476 -260
4870 20 2.4 -400 -164
4932 20 2.4 -556 -268
4996 20 2.4 -592 -320
5060 20 2.4 -524 -304
5126 20 2.4 -540 -258
5192 20 2.4 -428 -156
5259 20 2.4 -464 -102
5327 20 2.4 -556 -144
5395 20 2.4 -464 -258
5465 20 2.4 -476 -218
5535 20 2.4 -580 -262
5607 20 2.4 -504 -142
5679 20 2.4 -488 246
5752 20 2.4 -648 356
5826 20 2.4 -564 276
5902 20 2.4 -556 302
5978 20 2.4 -424 128
6055 20 2.4 -548 276
6133 20 2.4 -604 320
6212 20 2.4 -464 156
6292 20 2.4 -448 42
6373 20 2.4 -436 102
6455 20 2.4 -436 20
6539 20 2.4 -532 -272
6623 20 2.4 -496 -226
6708 20 2.4 -492 -264
6795 20 2.4 -448 -142
6883 20 2.4 -512 64
6971 20 2.4 -480 134
7061 20 2.4 -420 82
7152 20 2.4 -468 -12
7245 20 2.4 -536 226
7338 20 2.4 -464 180
7433 20 2.4 -532 266
7529 20 2.4 -564 280
7626 20 2.4 -476 68
7724 20 2.4 -420 170
7824 20 2.4 -412 36
7925 20 2.4 -532 -188
8027 20 2.4 -516 2
8130 20 2.4 -536 96
8235 20 2.4 -508 -214
8341 20 2.4 -520 -72
8449 20 2.4 -384 74
8558 20 2.4 -436 -160
8668 20 2.4 -488 88
8780 20 2.4 -564 -296
8893 20 2.4 -440 -114
9008 20 2.4 -556 -218
9124 20 2.4 -432 86
9242 20 2.4 -460 -52
9361 20 2.4 -596 -294
9482 20 2.4 -544 -94
9604 20 2.4 -440 -40
9728 20 2.4 -456 98
9853 20 2.4 -472 220
9980 20 2.4 -512 144
10109 20 2.4 -556 296
10240 20 2.4 -508 202
10372 20 2.4 -456 -12
10505 20 2.4 -516 -278
10641 20 2.4 -500 -202
10778 20 2.4 -540 -140
10917 20 2.4 -400 -6
11058 20 2.4 -560 298
11201 20 2.4 -480 248
11345 20 2.4 -504 254
11491 20 2.4 -468 198
11640 20 2.4 -480 38
11790 20 2.4 -492 84
11942 20 2.4 -460 230
12096 20 2.4 -528 176
12252 20 2.4 -572 274
12410 20 2.4 -500 234
12570 20 2.4 -480 -108
12732 20 2.4 -476 -228
12896 20 2.4 -512 -226
13062 20 2.4 -416 -128
13231 20 2.4 -464 208
13402 20 2.4 -484 114
13574 20 2.4 -508 -98
13750 20 2.4 -556 -296
13927 20 2.4 -552 -272
14106 20 2.4 -428 222
14288 20 2.4 -452 -232
14473 20 2.4 -452 -222
14659 20 2.4 -536 -144
14848 20 2.4 -452 -168
15040 20 2.4 -536 -288
15234 20 2.4 -428 -20
15430 20 2.4 -452 -166
15629 20 2.4 -532 212
15831 20 2.4 -456 100
16035 20 2.4 -492 208
16242 20 2.4 -552 274
16451 20 2.4 -492 194
16664 20 2.4 -392 146
16879 20 2.4 -428 62
17096 20 2.4 -504 -78
17317 20 2.4 -420 -184
17540 20 2.4 -416 -48
17766 20 2.4 -408 -10
17995 20 2.4 -364 -112
18228 20 2.4 -552 222
18463 20 2.4 -376 70
18701 20 2.4 -552 -296
18942 20 2.4 -484 -2
19186 20 2.4 -508 262
19434 20 2.4 -464 214
19684 20 2.4 -500 232
19938 20 2.4 -532 264
20195 20 2.4 -472 148
20456 20 2.4 -524 200
20720 20 2.4 -588 272
20987 20 2.4 -428 66
21258 20 2.4 -424 130
21532 20 2.4 -528 274
21810 20 2.4 -520 36
22091 20 2.4 -556 294
22376 20 2.4 -400 -110
22664 20 2.4 -532 -260
22957 20 2.4 -460 -212
23253 20 2.4 -504 118
23553 20 2.4 -468 -126
23856 20 2.4 -392 60
24164 20 2.4 -608 -316
24476 20 2.4 -412 42
24791 20 2.4 -400 -90
25111 20 2.4 -484 -268
25435 20 2.4 -520 290
25763 20 2.4 -496 262
26095 20 2.4 -484 -120
26432 20 2.4 -596 -330
26773 20 2.4 -488 220
27118 20 2.4 -516 -274
27468 20 2.4 -540 -196
27822 20 2.4 -432 -194
28181 20 2.4 -476 200
28545 20 2.4 -440 172
28913 20 2.4 -592 -280
29286 20 2.4 -508 264
29663 20 2.4 -576 262
30046 20 2.4 -512 152
30434 20 2.4 -480 -150
30826 20 2.4 -436 -222
31224 20 2.4 -472 -94
31626 20 2.4 -444 -38
32034 20 2.4 -480 120
32447 20 2.4 -568 312
32866 20 2.4 -452 -244
33290 20 2.4 -396 -116
33719 20 2.4 -476 -160
34154 20 2.4 -564 284
34595 20 2.4 -508 120
35041 20 2.4 -540 240
35493 20 2.4 -532 -272
35951 20 2.4 -464 236
36414 20 2.4 -424 -106
36884 20 2.4 -492 208
37360 20 2.4 -484 -250
37841 20 2.4 -500 -198
38330 20 2.4 -428 -154
38824 20 2.4 -580 -306
39325 20 2.4 -584 284
39832 20 2.4 -568 296
40346 20 2.4 -600 286
40866 20 2.4 -512 258
41393 20 2.4 -480 -234
41927 20 2.4 -492 216
42468 20 2.4 -436 -178
43015 20 2.4 -480 -58
43570 20 2.4 -580 318
44132 20 2.4 -476 -88
44701 20 2.4 -576 -298
45278 20 2.4 -540 290
45862 20 2.4 -552 -224
46453 20 2.4 -544 -282
47053 20 2.4 -560 316
47660 20 2.4 -536 176
48274 20 2.4 -400 70
48897 20 2.4 -560 294
49528 20 2.4 -480 176
50166 20 2.4 -556 290
50813 20 2.4 -508 -254
51469 20 2.4 -580 -302
52133 20 2.4 -496 -152
52805 20 2.4 -520 186
53486 20 2.4 -452 -144
54176 20 2.4 -496 -120
54875 20 2.4 -440 174
55582 20 2.4 -472 -16
56299 20 2.4 -524 264
57025 20 2.4 -432 -38
57761 20 2.4 -520 -238
58506 20 2.4 -564 270
59261 20 2.4 -532 246
60025 20 2.4 -452 -4
60799 20 2.4 -468 -166
61583 20 2.4 -368 -28
62378 20 2.4 -444 -144
63182 20 2.4 -484 -220
63997 20 2.4 -484 -110
64822 20 2.4 -576 -292
65658 20 2.4 -536 -282
66505 20 2.4 -452 -132
67363 20 2.4 -500 272
68232 20 2.4 -468 -186
69112 20 2.4 -476 -132
70003 20 2.4 -520 110
70906 20 2.4 -460 4
71821 20 2.4 -440 176
72747 20 2.4 -560 206
73685 20 2.4 -572 -316
74636 20 2.4 -468 -88
75599 20 2.4 -564 282
76574 20 2.4 -488 -124
77561 20 2.4 -596 318
78562 20 2.4 -396 -172
79575 20 2.4 -608 330
80601 20 2.4 -468 174
81641 20 2.4 -572 -278
82694 20 2.4 -484 -18
83760 20 2.4 -408 58
84841 20 2.4 -572 -306
85935 20 2.4 -484 108
87043 20 2.4 -500 270
88166 20 2.4 -504 186
89303 20 2.4 -444 52
90455 20 2.4 -524 104
91622 20 2.4 -476 -150
92803 20 2.4 -592 318
94000 20 2.4 -488 188
95213 20 2.4 -544 -284
96441 20 2.4 -600 334
97685 20 2.4 -528 248
98945 20 2.4 -488 128
100221 20 2.4 -488 106
101513 20 2.4 -572 288
102823 20 2.4 -564 264
104149 20 2.4 -524 -198
105492 20 2.4 -448 -166
106853 20 2.4 -484 226
108231 20 2.4 -596 296
109627 20 2.4 -516 -212
111041 20 2.4 -452 -86
112473 20 2.4 -464 178
113924 20 2.4 -564 -270
115393 20 2.4 -568 -274
116882 20 2.4 -476 -204
118389 20 2.4 -500 -254
119916 20 2.4 -456 -80
121463 20 2.4 -548 274
123029 20 2.4 -468 -148
124616 20 2.4 -492 154
126224 20 2.4 -492 134
127852 20 2.4 -596 -330
129501 20 2.4 -620 326
131171 20 2.4 -540 -250
132863 20 2.4 -536 -292
134576 20 2.4 -468 -156
136312 20 2.4 -576 312
138070 20 2.4 -452 -140
139851 20 2.4 -468 88
141655 20 2.4 -524 -220
143482 20 2.4 -504 -158
145333 20 2.4 -424 -60
147207 20 2.4 -412 50
149106 20 2.4 -436 -208
151029 20 2.4 -476 144
152977 20 2.4 -576 306
154950 20 2.4 -516 22
156948 20 2.4 -516 236
158973 20 2.4 -464 -234
161023 20 2.4 -568 284
163100 20 2.4 -436 168
165204 20 2.4 -464 20
167334 20 2.4 -456 206
169493 20 2.4 -588 306
171679 20 2.4 -492 -118
173893 20 2.4 -424 -152
176136 20 2.4 -536 180
178408 20 2.4 -488 186
180709 20 2.4 -412 -94
183040 20 2.4 -460 162
185400 20 2.4 -560 -282
187792 20 2.4 -396 76
190214 20 2.4 -428 84
192667 20 2.4 -484 -214
195152 20 2.4 -500 274
197669 20 2.4 -472 28
200219 20 2.4 -524 -204
202801 20 2.4 -468 14
205417 20 2.4 -492 -20
208066 20 2.4 -524 62
210750 20 2.4 -588 -322
213468 20 2.4 -516 238
216222 20 2.4 -556 192
219010 20 2.4 -480 262
221835 20 2.4 -480 -232
224696 20 2.4 -440 -124
227595 20 2.4 -576 314
230530 20 2.4 -392 20
233503 20 2.4 -612 -310
236515 20 2.4 -552 -276
239566 20 2.4 -540 264
242656 20 2.4 -480 -282
245785 20 2.4 -520 188
248956 20 2.4 -432 -102
252167 20 2.4 -488 -84
255419 20 2.4 -540 -288
258713 20 2.4 -480 -166
262050 20 2.4 -460 -112
265430 20 2.4 -504 -200
268854 20 2.4 -552 274
272321 20 2.4 -448 184
275834 20 2.4 -428 104
279391 20 2.4 -560 294
282995 20 2.4 -412 -68
286645 20 2.4 -464 -140
290342 20 2.4 -464 -70
294087 20 2.4 -480 138
297880 20 2.4 -488 -68
301722 20 2.4 -436 -86
305614 20 2.4 -524 110
309556 20 2.4 -444 -242
313548 20 2.4 -476 -190
317592 20 2.4 -516 270
321689 20 2.4 -496 -232
325838 20 2.4 -348 64
330040 20 2.4 -628 -342
334297 20 2.4 -536 148
338609 20 2.4 -436 148
342976 20 2.4 -444 -120
347400 20 2.4 -548 178
351881 20 2.4 -472 -162
356419 20 2.4 -484 122
361016 20 2.4 -396 -130
365673 20 2.4 -504 236
370389 20 2.4 -468 -40
375167 20 2.4 -500 -160
380005 20 2.4 -500 -250
384907 20 2.4 -440 2
389871 20 2.4 -392 142
394900 20 2.4 -660 346
399993 20 2.4 -512 178
405152 20 2.4 -576 -306
410378 20 2.4 -492 -154
415671 20 2.4 -472 152
421032 20 2.4 -556 190
426463 20 2.4 -532 -178
431963 20 2.4 -452 150
437535 20 2.4 -552 -268
443178 20 2.4 -492 -54
448894 20 2.4 -476 128
454684 20 2.4 -400 -90
460548 20 2.4 -432 64
466489 20 2.4 -528 246
472505 20 2.4 -500 210
478600 20 2.4 -596 300
484773 20 2.4 -464 -92
491025 20 2.4 -504 -136
497358 20 2.4 -560 314
503773 20 2.4 -440 -164
510271 20 2.4 -456 32
516852 20 2.4 -416 -20
523519 20 2.4 -520 -264
530271 20 2.4 -380 -38
537111 20 2.4 -464 -230
544038 20 2.4 -492 -160
551055 20 2.4 -528 -218
558163 20 2.4 -504 -178
565362 20 2.4 -532 -274
572654 20 2.4 -460 92
580040 20 2.4 -408 76
587521 20 2.4 -640 350
595099 20 2.4 -588 -322
602775 20 2.4 -480 -232
610549 20 2.4 -544 -274
618424 20 2.4 -568 298
626400 20 2.4 -456 -40
634480 20 2.4 -512 -2
642663 20 2.4 -432 66
650952 20 2.4 -500 -116
659348 20 2.4 -560 -292
667853 20 2.4 -472 124
676467 20 2.4 -424 76
685192 20 2.4 -448 -158
694029 20 2.4 -616 -338
702981 20 2.4 -568 308
712048 20 2.4 -448 -92
721232 20 2.4 -492 144
730534 20 2.4 -464 -50
739957 20 2.4 -524 270
749500 20 2.4 -528 286
759168 20 2.4 -472 -192
768959 20 2.4 -492 -162
778877 20 2.4 -536 282
788923 20 2.4 -452 236
799099 20 2.4 -540 -248
809405 20 2.4 -532 -272
819845 20 2.4 -496 -80
830419 20 2.4 -480 170
841130 20 2.4 -520 -272
851979 20 2.4 -516 -194
862968 20 2.4 -484 198
874098 20 2.4 -540 -304
885373 20 2.4 -496 -244
896792 20 2.4 -540 -274
908359 20 2.4 -544 270
920075 20 2.4 -392 -32
931942 20 2.4 -508 -40
943962 20 2.4 -428 -182
956137 20 2.4 -532 -238
968470 20 2.4 -524 -264
980961 20 2.4 -416 -162
993613 20 2.4 -480 -152
999999 20 2.4 -480 92
