3 60 2.3 -3336 188
4 60 2.3 -3644 134
5 60 2.3 -3816 50
6 60 2.3 -3948 -18
7 60 2.3 -3956 -208
8 60 2.3 -4060 -220
9 60 2.3 -4032 -306
10 60 2.3 -4204 -302
11 60 2.3 -4188 -230
12 60 2.3 -4164 -228
13 60 2.3 -4300 -326
14 60 2.3 -4336 -428
15 60 2.3 -4392 -406
16 60 2.3 -4264 -414
17 60 2.3 -4304 -418
18 60 2.3 -4436 -432
19 60 2.3 -4388 -368
20 60 2.3 -4380 -326
21 60 2.3 -4396 -278
22 60 2.3 -4420 -460
23 60 2.3 -4352 -384
24 60 2.3 -4400 -420
25 60 2.3 -4532 -516
26 60 2.3 -4504 -598
27 60 2.3 -4380 -620
28 60 2.3 -4416 -576
29 60 2.3 -4336 -456
30 60 2.3 -4480 -496
31 60 2.3 -4452 -472
32 60 2.3 -4336 -526
33 60 2.3 -4448 -676
34 60 2.3 -4224 -678
35 60 2.3 -4552 -754
36 60 2.3 -4484 -754
37 60 2.3 -4572 -744
38 60 2.3 -4640 -744
39 60 2.3 -4652 -704
40 60 2.3 -4552 -780
41 60 2.3 -4476 -788
42 60 2.3 -4384 -716
43 60 2.3 -4448 -780
44 60 2.3 -4596 -780
45 60 2.3 -4556 -810
46 60 2.3 -4444 -792
47 60 2.3 -4540 -820
48 60 2.3 -4488 -762
49 60 2.3 -4588 -764
50 60 2.3 -4596 -744
51 60 2.3 -4688 -732
52 60 2.3 -4624 -742
53 60 2.3 -4532 -690
54 60 2.3 -4564 -640
55 60 2.3 -4712 -706
56 60 2.3 -4656 -688
57 60 2.3 -4576 -772
58 60 2.3 -4560 -788
59 60 2.3 -4388 -808
60 60 2.3 -4340 -872
61 60 2.3 -4272 -814
62 60 2.3 -4272 -762
63 60 2.3 -4300 -912
64 60 2.3 -4348 -826
65 60 2.3 -4348 -822
66 60 2.3 -4396 -820
67 60 2.3 -4544 -746
68 60 2.3 -4576 -752
69 60 2.3 -4616 -740
70 60 2.3 -4680 -764
71 60 2.3 -4480 -776
72 60 2.3 -4524 -780
73 60 2.3 -4580 -770
74 60 2.3 -4544 -698
75 60 2.3 -4484 -624
76 60 2.3 -4600 -604
77 60 2.3 -4556 -646
78 60 2.3 -4420 -624
79 60 2.3 -4552 -586
80 60 2.3 -4572 -490
81 60 2.3 -4680 -538
82 60 2.3 -4684 -578
83 60 2.3 -4628 -632
84 60 2.3 -4584 -638
85 60 2.3 -4584 -736
86 60 2.3 -4660 -740
88 60 2.3 -4644 -746
89 60 2.3 -4668 -700
90 60 2.3 -4728 -786
91 60 2.3 -4780 -778
92 60 2.3 -4620 -784
93 60 2.3 -4528 -750
95 60 2.3 -4536 -808
96 60 2.3 -4416 -808
97 60 2.3 -4452 -802
98 60 2.3 -4372 -730
99 60 2.3 -4468 -790
101 60 2.3 -4484 -756
102 60 2.3 -4312 -802
103 60 2.3 -4524 -916
105 60 2.3 -4368 -934
106 60 2.3 -4524 -970
107 60 2.3 -4432 -898
109 60 2.3 -4668 -1052
110 60 2.3 -4656 -1070
112 60 2.3 -4712 -1206
113 60 2.3 -4724 -1186
114 60 2.3 -4604 -1086
116 60 2.3 -4556 -1066
117 60 2.3 -4472 -1076
119 60 2.3 -4612 -1072
120 60 2.3 -4608 -1042
122 60 2.3 -4756 -974
124 60 2.3 -4676 -1012
125 60 2.3 -4668 -862
127 60 2.3 -4780 -936
128 60 2.3 -4876 -950
130 60 2.3 -4680 -964
132 60 2.3 -4832 -1044
133 60 2.3 -4560 -970
135 60 2.3 -4620 -1016
137 60 2.3 -4796 -1168
139 60 2.3 -4608 -974
140 60 2.3 -4672 -830
142 60 2.3 -4588 -940
144 60 2.3 -4476 -838
146 60 2.3 -4596 -828
148 60 2.3 -4636 -820
150 60 2.3 -4580 -800
152 60 2.3 -4572 -778
154 60 2.3 -4548 -672
155 60 2.3 -4516 -704
157 60 2.3 -4444 -606
160 60 2.3 -4316 -460
162 60 2.3 -4532 -496
164 60 2.3 -4728 -468
166 60 2.3 -4536 -402
168 60 2.3 -4544 -422
170 60 2.3 -4724 -480
172 60 2.3 -4600 -508
174 60 2.3 -4564 -444
177 60 2.3 -4632 -264
179 60 2.3 -4524 -206
181 60 2.3 -4672 -236
184 60 2.3 -4808 -268
186 60 2.3 -4696 -266
188 60 2.3 -4684 -166
191 60 2.3 -4688 -272
193 60 2.3 -4728 -464
196 60 2.3 -4752 -350
198 60 2.3 -4720 -270
201 60 2.3 -4772 -432
203 60 2.3 -4608 -366
206 60 2.3 -4564 -246
209 60 2.3 -4760 -300
211 60 2.3 -4556 -314
214 60 2.3 -4840 -322
217 60 2.3 -4636 -94
220 60 2.3 -4616 -8
222 60 2.3 -4528 138
225 60 2.3 -4548 244
228 60 2.3 -4732 36
231 60 2.3 -4636 -36
234 60 2.3 -4764 14
237 60 2.3 -4608 140
240 60 2.3 -4676 276
243 60 2.3 -4552 382
246 60 2.3 -4668 300
250 60 2.3 -4648 328
253 60 2.3 -4708 354
256 60 2.3 -4704 462
259 60 2.3 -4648 420
263 60 2.3 -4584 206
266 60 2.3 -4624 150
269 60 2.3 -4636 230
273 60 2.3 -4720 178
276 60 2.3 -4576 154
280 60 2.3 -4544 134
284 60 2.3 -4644 56
287 60 2.3 -4792 10
291 60 2.3 -4584 140
295 60 2.3 -4564 162
298 60 2.3 -4472 220
302 60 2.3 -4512 320
306 60 2.3 -4576 340
310 60 2.3 -4524 442
314 60 2.3 -4380 244
318 60 2.3 -4576 354
322 60 2.3 -4412 358
326 60 2.3 -4352 364
331 60 2.3 -4516 390
335 60 2.3 -4432 300
339 60 2.3 -4572 504
344 60 2.3 -4516 488
348 60 2.3 -4740 700
352 60 2.3 -4500 574
357 60 2.3 -4780 808
362 60 2.3 -4788 622
366 60 2.3 -4652 524
371 60 2.3 -4724 650
376 60 2.3 -4628 562
381 60 2.3 -4692 694
385 60 2.3 -4536 608
390 60 2.3 -4644 444
395 60 2.3 -4596 668
401 60 2.3 -4488 570
406 60 2.3 -4536 678
411 60 2.3 -4792 902
416 60 2.3 -4784 882
422 60 2.3 -4716 906
427 60 2.3 -4808 882
433 60 2.3 -4856 836
438 60 2.3 -4700 642
444 60 2.3 -4836 770
449 60 2.3 -4912 734
455 60 2.3 -4756 704
461 60 2.3 -4524 788
467 60 2.3 -4440 574
473 60 2.3 -4712 788
479 60 2.3 -4908 694
485 60 2.3 -4684 652
492 60 2.3 -4568 682
498 60 2.3 -4572 646
504 60 2.3 -4824 666
511 60 2.3 -4628 688
517 60 2.3 -4492 664
524 60 2.3 -4612 744
531 60 2.3 -4788 804
538 60 2.3 -4680 792
545 60 2.3 -4684 438
552 60 2.3 -4600 524
559 60 2.3 -4720 510
566 60 2.3 -4764 646
573 60 2.3 -4592 616
581 60 2.3 -4796 528
588 60 2.3 -4668 540
596 60 2.3 -4740 482
603 60 2.3 -4708 382
611 60 2.3 -4564 326
619 60 2.3 -4548 248
627 60 2.3 -4836 366
635 60 2.3 -4572 322
643 60 2.3 -4516 408
652 60 2.3 -4676 594
660 60 2.3 -4784 530
668 60 2.3 -4932 354
677 60 2.3 -4820 434
686 60 2.3 -4824 294
695 60 2.3 -4604 102
704 60 2.3 -4756 376
713 60 2.3 -4940 32
722 60 2.3 -4656 76
731 60 2.3 -4932 -40
741 60 2.3 -4724 -66
750 60 2.3 -4728 -320
760 60 2.3 -4824 -390
770 60 2.3 -4540 -254
780 60 2.3 -4556 -84
790 60 2.3 -4728 -368
800 60 2.3 -4916 -350
810 60 2.3 -4924 -276
821 60 2.3 -4840 -152
831 60 2.3 -4676 -76
842 60 2.3 -4484 -294
853 60 2.3 -4600 -136
864 60 2.3 -4720 -92
875 60 2.3 -4812 -374
886 60 2.3 -4744 -254
897 60 2.3 -4832 -194
909 60 2.3 -4624 -176
921 60 2.3 -4476 10
933 60 2.3 -4872 262
945 60 2.3 -4408 -12
957 60 2.3 -4844 46
969 60 2.3 -4672 186
982 60 2.3 -4656 174
994 60 2.3 -4536 410
1007 60 2.3 -4776 312
1020 60 2.3 -4868 420
1033 60 2.3 -4888 366
1047 60 2.3 -4888 320
1060 60 2.3 -4764 510
1074 60 2.3 -4748 594
1088 60 2.3 -4816 268
1102 60 2.3 -4764 430
1116 60 2.3 -4732 474
1130 60 2.3 -4844 684
1145 60 2.3 -5104 576
1160 60 2.3 -4684 458
1174 60 2.3 -4644 568
1190 60 2.3 -4808 574
1205 60 2.3 -4564 964
1220 60 2.3 -4996 906
1236 60 2.3 -4936 1038
1252 60 2.3 -4632 672
1268 60 2.3 -4952 1036
1285 60 2.3 -4988 1020
1301 60 2.3 -5028 922
1318 60 2.3 -4792 1236
1335 60 2.3 -4824 1194
1352 60 2.3 -4664 1208
1370 60 2.3 -4944 898
1387 60 2.3 -4892 872
1405 60 2.3 -4880 1262
1423 60 2.3 -4736 762
1442 60 2.3 -4788 864
1460 60 2.3 -4732 804
1479 60 2.3 -4628 462
1498 60 2.3 -4792 662
1517 60 2.3 -4772 404
1537 60 2.3 -4588 500
1557 60 2.3 -4588 260
1577 60 2.3 -4672 302
1597 60 2.3 -4772 834
1618 60 2.3 -4796 1096
1639 60 2.3 -4592 1010
1660 60 2.3 -4808 1054
1681 60 2.3 -4620 944
1703 60 2.3 -4728 1210
1725 60 2.3 -4680 1288
1747 60 2.3 -4928 1500
1770 60 2.3 -4472 1204
1792 60 2.3 -4668 1074
1816 60 2.3 -4524 642
1839 60 2.3 -4924 1304
1863 60 2.3 -5040 1400
1887 60 2.3 -4876 1352
1911 60 2.3 -5076 1296
1936 60 2.3 -4688 1712
1961 60 2.3 -4984 1738
1986 60 2.3 -4724 1742
2012 60 2.3 -4828 1926
2037 60 2.3 -5156 2148
2064 60 2.3 -4804 2024
2090 60 2.3 -5100 2324
2117 60 2.3 -5236 2396
2145 60 2.3 -5004 2324
2172 60 2.3 -4768 2158
2200 60 2.3 -4964 2044
2229 60 2.3 -5232 2356
2257 60 2.3 -5268 2424
2286 60 2.3 -5076 2266
2316 60 2.3 -4912 2144
2346 60 2.3 -5156 2538
2376 60 2.3 -5528 2932
2407 60 2.3 -5368 2804
2438 60 2.3 -4672 2212
2469 60 2.3 -4856 2248
2501 60 2.3 -5140 2472
2533 60 2.3 -4980 2466
2566 60 2.3 -5096 2412
2599 60 2.3 -5168 2454
2633 60 2.3 -5160 2712
2667 60 2.3 -5372 2590
2701 60 2.3 -5200 2482
2736 60 2.3 -5156 2392
2771 60 2.3 -4992 2426
2807 60 2.3 -5352 2698
2843 60 2.3 -5272 2660
2880 60 2.3 -5072 2440
2917 60 2.3 -5004 2348
2954 60 2.3 -5040 2388
2992 60 2.3 -5420 2682
3031 60 2.3 -4928 2276
3070 60 2.3 -4888 2270
3110 60 2.3 -4752 2226
3150 60 2.3 -5208 2556
3190 60 2.3 -4932 1960
3232 60 2.3 -4856 2034
3273 60 2.3 -5028 2184
3315 60 2.3 -4792 2202
3358 60 2.3 -4864 2326
3402 60 2.3 -4864 2464
3445 60 2.3 -4984 2562
3490 60 2.3 -5360 2778
3535 60 2.3 -5056 2622
3580 60 2.3 -5140 2520
3627 60 2.3 -5148 2632
3673 60 2.3 -5308 2776
3721 60 2.3 -5336 2642
3769 60 2.3 -5276 2810
3817 60 2.3 -5220 2450
3867 60 2.3 -5056 2218
3916 60 2.3 -5140 2352
3967 60 2.3 -5080 2294
4018 60 2.3 -5060 2508
4070 60 2.3 -4940 2176
4122 60 2.3 -5036 2188
4176 60 2.3 -5156 2374
4229 60 2.3 -4980 2250
4284 60 2.3 -5120 2664
4339 60 2.3 -4948 2168
4395 60 2.3 -4864 2058
4452 60 2.3 -5108 2302
4509 60 2.3 -4804 1970
4567 60 2.3 -4936 2284
4626 60 2.3 -4964 1848
4686 60 2.3 -4580 1356
4746 60 2.3 -4600 1192
4808 60 2.3 -4492 1150
4870 60 2.3 -4836 1396
4932 60 2.3 -4628 1396
4996 60 2.3 -4856 2094
5060 60 2.3 -5208 2554
5126 60 2.3 -5244 2576
5192 60 2.3 -4764 1526
5259 60 2.3 -4744 1494
5327 60 2.3 -4812 1580
5395 60 2.3 -4640 1314
5465 60 2.3 -5088 1674
5535 60 2.3 -4856 1214
5607 60 2.3 -4860 1026
5679 60 2.3 -4588 866
5752 60 2.3 -4692 694
5826 60 2.3 -4816 1178
5902 60 2.3 -4808 1030
5978 60 2.3 -4740 778
6055 60 2.3 -4472 618
6133 60 2.3 -4836 806
6212 60 2.3 -4700 1338
6292 60 2.3 -4844 602
6373 60 2.3 -4940 960
6455 60 2.3 -4932 714
6539 60 2.3 -4684 712
6623 60 2.3 -4616 810
6708 60 2.3 -4612 782
6795 60 2.3 -4836 632
6883 60 2.3 -4692 284
6971 60 2.3 -4800 608
7061 60 2.3 -4680 -386
7152 60 2.3 -4592 -400
7245 60 2.3 -5032 -666
7338 60 2.3 -4948 -1160
7433 60 2.3 -4788 -1204
7529 60 2.3 -4736 -998
7626 60 2.3 -4788 -938
7724 60 2.3 -5128 -558
7824 60 2.3 -4732 -722
7925 60 2.3 -4972 -1186
8027 60 2.3 -4676 -694
8130 60 2.3 -4920 -790
8235 60 2.3 -4864 132
8341 60 2.3 -4756 680
8449 60 2.3 -4836 1258
8558 60 2.3 -4724 870
8668 60 2.3 -5004 228
8780 60 2.3 -4656 -366
8893 60 2.3 -4720 -770
9008 60 2.3 -4836 110
9124 60 2.3 -4504 1102
9242 60 2.3 -4752 1570
9361 60 2.3 -4968 2098
9482 60 2.3 -5184 2486
9604 60 2.3 -5136 2496
9728 60 2.3 -4920 2378
9853 60 2.3 -5172 2292
9980 60 2.3 -4652 988
10109 60 2.3 -5016 1492
10240 60 2.3 -5176 1342
10372 60 2.3 -4540 854
10505 60 2.3 -4660 392
10641 60 2.3 -4984 1088
10778 60 2.3 -4856 1626
10917 60 2.3 -5048 1832
11058 60 2.3 -4832 1596
11201 60 2.3 -4796 1370
11345 60 2.3 -4952 1730
11491 60 2.3 -5016 1972
11640 60 2.3 -5184 2476
11790 60 2.3 -5032 2620
11942 60 2.3 -4944 2398
12096 60 2.3 -4976 2500
12252 60 2.3 -5060 2272
12410 60 2.3 -4840 1968
12570 60 2.3 -4860 2330
12732 60 2.3 -5112 2610
12896 60 2.3 -4872 2004
13062 60 2.3 -4852 1952
13231 60 2.3 -4968 1922
13402 60 2.3 -4660 836
13574 60 2.3 -4656 598
13750 60 2.3 -4712 1026
13927 60 2.3 -4560 1410
14106 60 2.3 -4616 1504
14288 60 2.3 -4564 1562
14473 60 2.3 -5008 1960
14659 60 2.3 -4792 776
14848 60 2.3 -4776 1112
15040 60 2.3 -4744 1518
15234 60 2.3 -5076 2278
15430 60 2.3 -4672 1240
15629 60 2.3 -4684 102
15831 60 2.3 -4592 -204
16035 60 2.3 -4852 -400
16242 60 2.3 -4880 -258
16451 60 2.3 -4796 -1186
16664 60 2.3 -4636 -756
16879 60 2.3 -4632 -660
17096 60 2.3 -4452 -1224
17317 60 2.3 -5396 -2694
17540 60 2.3 -4756 -1770
17766 60 2.3 -5056 -1930
17995 60 2.3 -5204 -2340
18228 60 2.3 -4892 -2066
18463 60 2.3 -4760 -2104
18701 60 2.3 -4652 -1616
18942 60 2.3 -4656 -1140
19186 60 2.3 -4912 -1938
19434 60 2.3 -4696 -1932
19684 60 2.3 -4660 -1820
19938 60 2.3 -5064 -2550
20195 60 2.3 -4860 -1700
20456 60 2.3 -5156 -1914
20720 60 2.3 -4844 -1418
20987 60 2.3 -4788 -1700
21258 60 2.3 -4652 -1336
21532 60 2.3 -5072 -2226
21810 60 2.3 -4908 -1656
22091 60 2.3 -5100 -2146
22376 60 2.3 -4940 -1342
22664 60 2.3 -5136 -1802
22957 60 2.3 -4888 -1648
23253 60 2.3 -5200 -2246
23553 60 2.3 -5032 -2074
23856 60 2.3 -4920 -1916
24164 60 2.3 -4852 -2170
24476 60 2.3 -4668 -1504
24791 60 2.3 -4872 -1420
25111 60 2.3 -4676 -1618
25435 60 2.3 -5156 -2572
25763 60 2.3 -4876 -2248
26095 60 2.3 -4932 -2056
26432 60 2.3 -5232 -2704
26773 60 2.3 -5016 -2306
27118 60 2.3 -5144 -1834
27468 60 2.3 -5072 -2402
27822 60 2.3 -4848 -1440
28181 60 2.3 -4756 826
28545 60 2.3 -4584 902
28913 60 2.3 -4988 2298
29286 60 2.3 -5044 2088
29663 60 2.3 -4908 2066
30046 60 2.3 -4864 2092
30434 60 2.3 -5216 2646
30826 60 2.3 -4592 578
31224 60 2.3 -4896 2272
31626 60 2.3 -4772 1000
32034 60 2.3 -4600 1148
32447 60 2.3 -4820 1172
32866 60 2.3 -5156 2198
33290 60 2.3 -4796 910
33719 60 2.3 -4848 496
34154 60 2.3 -5156 2086
34595 60 2.3 -5248 2516
35041 60 2.3 -4832 2360
35493 60 2.3 -5084 2134
35951 60 2.3 -4820 576
36414 60 2.3 -4664 956
36884 60 2.3 -4632 -1030
37360 60 2.3 -4744 -1212
37841 60 2.3 -4640 124
38330 60 2.3 -4816 -344
38824 60 2.3 -4560 -310
39325 60 2.3 -4764 -1484
39832 60 2.3 -4772 -1908
40346 60 2.3 -4768 -978
40866 60 2.3 -4816 -104
41393 60 2.3 -4680 -316
41927 60 2.3 -4728 -208
42468 60 2.3 -4624 1548
43015 60 2.3 -4864 1716
43570 60 2.3 -4920 1828
44132 60 2.3 -5012 1488
44701 60 2.3 -4580 392
45278 60 2.3 -4724 218
45862 60 2.3 -4788 1604
46453 60 2.3 -5096 2476
47053 60 2.3 -4936 2272
47660 60 2.3 -5152 2426
48274 60 2.3 -5120 2132
48897 60 2.3 -5144 1558
49528 60 2.3 -5020 -38
50166 60 2.3 -4684 -270
50813 60 2.3 -4712 -400
51469 60 2.3 -5020 -2132
52133 60 2.3 -5224 -2750
52805 60 2.3 -4916 -2120
53486 60 2.3 -4848 -1812
54176 60 2.3 -4948 -1252
54875 60 2.3 -4772 -1584
55582 60 2.3 -4584 170
56299 60 2.3 -4656 162
57025 60 2.3 -5216 2338
57761 60 2.3 -4912 2370
58506 60 2.3 -5016 1586
59261 60 2.3 -4808 712
60025 60 2.3 -4884 -418
60799 60 2.3 -4816 1564
61583 60 2.3 -5064 1848
62378 60 2.3 -4772 -1122
63182 60 2.3 -5084 -2196
63997 60 2.3 -5016 -2384
64822 60 2.3 -5216 -2144
65658 60 2.3 -4648 -782
66505 60 2.3 -4932 -1978
67363 60 2.3 -4936 -1736
68232 60 2.3 -4868 -2304
69112 60 2.3 -4920 -1016
70003 60 2.3 -4568 -1006
70906 60 2.3 -5028 -2156
71821 60 2.3 -5164 -2350
72747 60 2.3 -4876 -1992
73685 60 2.3 -4820 -900
74636 60 2.3 -5268 -1530
75599 60 2.3 -5348 -2752
76574 60 2.3 -4448 -268
77561 60 2.3 -5044 2066
78562 60 2.3 -4964 1942
79575 60 2.3 -5016 2134
80601 60 2.3 -4728 1274
81641 60 2.3 -4724 1172
82694 60 2.3 -4980 -308
83760 60 2.3 -4956 -2354
84841 60 2.3 -4804 -1746
85935 60 2.3 -4880 -1946
87043 60 2.3 -4944 -1984
88166 60 2.3 -4980 -2038
89303 60 2.3 -4772 -476
90455 60 2.3 -4816 -1956
91622 60 2.3 -5128 -2406
92803 60 2.3 -5144 -2504
94000 60 2.3 -4920 -2182
95213 60 2.3 -4828 -1974
96441 60 2.3 -4920 -2176
97685 60 2.3 -4900 -2396
98945 60 2.3 -4652 -1718
100221 60 2.3 -4808 -1580
101513 60 2.3 -4688 -1488
102823 60 2.3 -4780 868
104149 60 2.3 -5148 2530
105492 60 2.3 -4836 88
106853 60 2.3 -4600 474
108231 60 2.3 -5152 2636
109627 60 2.3 -5132 2520
111041 60 2.3 -5088 2516
112473 60 2.3 -4556 -34
113924 60 2.3 -4688 1534
115393 60 2.3 -4764 1956
116882 60 2.3 -5280 2708
118389 60 2.3 -4752 1682
119916 60 2.3 -4892 1332
121463 60 2.3 -4444 -820
123029 60 2.3 -4796 -992
124616 60 2.3 -4768 -1654
126224 60 2.3 -4912 -2066
127852 60 2.3 -4688 -930
129501 60 2.3 -4664 144
131171 60 2.3 -4900 1956
132863 60 2.3 -4504 1320
134576 60 2.3 -4356 -234
136312 60 2.3 -4680 -1568
138070 60 2.3 -4952 -2490
139851 60 2.3 -4740 -1534
141655 60 2.3 -5052 -2326
143482 60 2.3 -5212 -2468
145333 60 2.3 -5132 -2350
147207 60 2.3 -4908 -2030
149106 60 2.3 -4808 -1464
151029 60 2.3 -4844 -2002
152977 60 2.3 -5100 -2344
154950 60 2.3 -4892 -2052
156948 60 2.3 -4808 1632
158973 60 2.3 -4920 1124
161023 60 2.3 -4964 2118
163100 60 2.3 -5068 1586
165204 60 2.3 -5120 2410
167334 60 2.3 -4896 2122
169493 60 2.3 -5116 2316
171679 60 2.3 -4940 1888
173893 60 2.3 -5004 374
176136 60 2.3 -4960 -1038
178408 60 2.3 -4792 -546
180709 60 2.3 -4948 -1584
183040 60 2.3 -4464 -950
185400 60 2.3 -4972 -1896
187792 60 2.3 -5052 -2130
190214 60 2.3 -4760 1900
192667 60 2.3 -5076 2578
195152 60 2.3 -5116 2572
197669 60 2.3 -4964 1812
200219 60 2.3 -5224 2590
202801 60 2.3 -4772 -212
205417 60 2.3 -4352 -864
208066 60 2.3 -5084 1898
210750 60 2.3 -4680 1948
213468 60 2.3 -4756 1598
216222 60 2.3 -4996 1898
219010 60 2.3 -4792 -372
221835 60 2.3 -5376 2696
224696 60 2.3 -4760 2076
227595 60 2.3 -4696 514
230530 60 2.3 -5148 2380
233503 60 2.3 -4508 -842
236515 60 2.3 -4888 1944
239566 60 2.3 -5128 -1492
242656 60 2.3 -5056 -2448
245785 60 2.3 -4652 -1718
248956 60 2.3 -4928 2094
252167 60 2.3 -4676 -376
255419 60 2.3 -5068 -2034
258713 60 2.3 -4756 -930
262050 60 2.3 -4952 -2082
265430 60 2.3 -4872 2210
268854 60 2.3 -4828 1394
272321 60 2.3 -5396 2836
275834 60 2.3 -4540 1388
279391 60 2.3 -5020 2220
282995 60 2.3 -5128 2414
286645 60 2.3 -5028 -2406
290342 60 2.3 -4564 -924
294087 60 2.3 -4640 1322
297880 60 2.3 -4948 -1748
301722 60 2.3 -4764 1312
305614 60 2.3 -5036 1046
309556 60 2.3 -4784 1198
313548 60 2.3 -4952 -2086
317592 60 2.3 -5044 -2432
321689 60 2.3 -4532 230
325838 60 2.3 -5216 1884
330040 60 2.3 -4716 1882
334297 60 2.3 -5032 2454
338609 60 2.3 -5008 2054
342976 60 2.3 -4604 796
347400 60 2.3 -5220 2686
351881 60 2.3 -4808 1788
356419 60 2.3 -4620 140
361016 60 2.3 -5256 -2532
365673 60 2.3 -5148 -2212
370389 60 2.3 -5040 2164
375167 60 2.3 -5016 122
380005 60 2.3 -4708 -544
384907 60 2.3 -4664 1390
389871 60 2.3 -4872 -1932
394900 60 2.3 -4876 -1668
399993 60 2.3 -5040 2702
405152 60 2.3 -4860 1488
410378 60 2.3 -5088 2480
415671 60 2.3 -4772 760
421032 60 2.3 -4860 -1538
426463 60 2.3 -5048 -2094
431963 60 2.3 -4944 1844
437535 60 2.3 -5124 2628
443178 60 2.3 -5028 -2522
448894 60 2.3 -4640 -1482
454684 60 2.3 -4828 -2000
460548 60 2.3 -4844 -1860
466489 60 2.3 -4828 -1378
472505 60 2.3 -5008 2342
478600 60 2.3 -4868 2146
484773 60 2.3 -4928 2420
491025 60 2.3 -4896 2218
497358 60 2.3 -4996 968
503773 60 2.3 -4740 -1174
510271 60 2.3 -4968 -1090
516852 60 2.3 -4872 -436
523519 60 2.3 -4412 -982
530271 60 2.3 -4976 -2460
537111 60 2.3 -4972 -2390
544038 60 2.3 -4928 1572
551055 60 2.3 -4680 1012
558163 60 2.3 -4948 -280
565362 60 2.3 -4876 1332
572654 60 2.3 -4976 -2018
580040 60 2.3 -5124 -2122
587521 60 2.3 -4812 -676
595099 60 2.3 -4924 -2034
602775 60 2.3 -5468 -2568
610549 60 2.3 -5084 -2160
618424 60 2.3 -4888 -498
626400 60 2.3 -4880 -2332
634480 60 2.3 -4672 858
642663 60 2.3 -4540 -1532
650952 60 2.3 -4504 -108
659348 60 2.3 -4716 1594
667853 60 2.3 -4880 828
676467 60 2.3 -4664 230
685192 60 2.3 -4896 -1810
694029 60 2.3 -5020 2486
702981 60 2.3 -4672 -328
712048 60 2.3 -4828 2096
721232 60 2.3 -5108 1850
730534 60 2.3 -4828 40
739957 60 2.3 -5172 2384
749500 60 2.3 -4976 -1696
759168 60 2.3 -4744 -1268
768959 60 2.3 -5092 -2286
778877 60 2.3 -4928 564
788923 60 2.3 -4956 -1978
799099 60 2.3 -4748 -486
809405 60 2.3 -5028 -2104
819845 60 2.3 -4892 -268
830419 60 2.3 -5144 -1872
841130 60 2.3 -4908 -2280
851979 60 2.3 -4876 -1020
862968 60 2.3 -5068 2468
874098 60 2.3 -4712 52
885373 60 2.3 -4848 2314
896792 60 2.3 -4644 -1860
908359 60 2.3 -5080 2118
920075 60 2.3 -4820 1948
931942 60 2.3 -4748 -68
943962 60 2.3 -5020 2216
956137 60 2.3 -4804 -1972
968470 60 2.3 -4488 -880
980961 60 2.3 -5024 -2182
993613 60 2.3 -4568 -1486
999999 60 2.3 -5116 -2228
