3 60 2 -3492 -36
4 60 2 -3868 -90
5 60 2 -4324 -52
6 60 2 -4444 -8
7 60 2 -4492 18
8 60 2 -4588 -26
9 60 2 -4684 58
10 60 2 -4712 70
11 60 2 -4664 20
12 60 2 -4808 -40
13 60 2 -4708 16
14 60 2 -4776 44
15 60 2 -4856 30
16 60 2 -4932 94
17 60 2 -4932 92
18 60 2 -4944 80
19 60 2 -4932 82
20 60 2 -5060 66
21 60 2 -5168 100
22 60 2 -5116 200
23 60 2 -5000 254
24 60 2 -4996 310
25 60 2 -4924 308
26 60 2 -5020 194
27 60 2 -5004 170
28 60 2 -5016 148
29 60 2 -5064 220
30 60 2 -5004 262
31 60 2 -5024 220
32 60 2 -5060 274
33 60 2 -5120 276
34 60 2 -5020 370
35 60 2 -4984 404
36 60 2 -5016 462
37 60 2 -5104 424
38 60 2 -5204 528
39 60 2 -5140 466
40 60 2 -5192 474
41 60 2 -5124 440
42 60 2 -5072 438
43 60 2 -5112 464
44 60 2 -5140 470
45 60 2 -5172 434
46 60 2 -5336 374
47 60 2 -5260 344
48 60 2 -5300 390
49 60 2 -5312 450
50 60 2 -5288 436
51 60 2 -5428 410
52 60 2 -5404 328
53 60 2 -5420 330
54 60 2 -5396 350
55 60 2 -5352 318
56 60 2 -5248 264
57 60 2 -5296 316
58 60 2 -5384 318
59 60 2 -5308 372
60 60 2 -5264 430
61 60 2 -5316 414
62 60 2 -5404 486
63 60 2 -5416 454
64 60 2 -5384 460
65 60 2 -5524 424
66 60 2 -5564 492
67 60 2 -5632 558
68 60 2 -5680 636
69 60 2 -5636 638
70 60 2 -5596 660
71 60 2 -5536 732
72 60 2 -5500 754
73 60 2 -5504 716
74 60 2 -5496 734
75 60 2 -5500 780
76 60 2 -5500 846
77 60 2 -5540 878
78 60 2 -5452 860
79 60 2 -5556 834
80 60 2 -5512 792
81 60 2 -5592 864
82 60 2 -5592 882
83 60 2 -5532 908
84 60 2 -5500 916
85 60 2 -5500 928
86 60 2 -5732 964
88 60 2 -5628 922
89 60 2 -5744 844
90 60 2 -5680 838
91 60 2 -5552 840
92 60 2 -5560 892
93 60 2 -5508 938
95 60 2 -5544 1080
96 60 2 -5608 1058
97 60 2 -5616 1124
98 60 2 -5768 1190
99 60 2 -5704 1226
101 60 2 -5712 1162
102 60 2 -5644 1160
103 60 2 -5684 1220
105 60 2 -5700 1178
106 60 2 -5740 1156
107 60 2 -5824 1186
109 60 2 -5808 1164
110 60 2 -5864 1166
112 60 2 -5884 1146
113 60 2 -5856 1142
114 60 2 -5804 1098
116 60 2 -5700 1140
117 60 2 -5736 1156
119 60 2 -5768 1148
120 60 2 -5756 1160
122 60 2 -5672 1072
124 60 2 -5816 1036
125 60 2 -5808 1008
127 60 2 -5956 1058
128 60 2 -5956 1060
130 60 2 -5936 1106
132 60 2 -5820 1140
133 60 2 -5752 1160
135 60 2 -5816 1140
137 60 2 -5988 1052
139 60 2 -5776 982
140 60 2 -5768 992
142 60 2 -5852 904
144 60 2 -5840 900
146 60 2 -5760 866
148 60 2 -5836 884
150 60 2 -5644 876
152 60 2 -5792 814
154 60 2 -5824 798
155 60 2 -5812 796
157 60 2 -5772 798
160 60 2 -5820 664
162 60 2 -5816 654
164 60 2 -5812 718
166 60 2 -5752 700
168 60 2 -5768 682
170 60 2 -5796 644
172 60 2 -5672 636
174 60 2 -5692 780
177 60 2 -5900 646
179 60 2 -5936 600
181 60 2 -5948 600
184 60 2 -5872 618
186 60 2 -5732 616
188 60 2 -5800 630
191 60 2 -5756 614
193 60 2 -5764 554
196 60 2 -5820 504
198 60 2 -5876 480
201 60 2 -5824 282
203 60 2 -5736 260
206 60 2 -5644 142
209 60 2 -5804 178
211 60 2 -5988 130
214 60 2 -5696 192
217 60 2 -5744 260
220 60 2 -5836 204
222 60 2 -5900 260
225 60 2 -5712 148
228 60 2 -5744 96
231 60 2 -5804 84
234 60 2 -5768 36
237 60 2 -5812 -60
240 60 2 -5832 -124
243 60 2 -5768 -76
246 60 2 -5968 -118
250 60 2 -5772 -206
253 60 2 -5888 -266
256 60 2 -6004 -216
259 60 2 -5972 -154
263 60 2 -5860 -200
266 60 2 -5828 -238
269 60 2 -5772 -226
273 60 2 -5808 -308
276 60 2 -5812 -274
280 60 2 -5868 -338
284 60 2 -5788 -370
287 60 2 -5964 -358
291 60 2 -5764 -436
295 60 2 -6012 -456
298 60 2 -6072 -400
302 60 2 -5988 -460
306 60 2 -5732 -448
310 60 2 -5800 -422
314 60 2 -5732 -456
318 60 2 -5700 -524
322 60 2 -5660 -624
326 60 2 -5736 -568
331 60 2 -5720 -598
335 60 2 -5700 -596
339 60 2 -5792 -564
344 60 2 -5812 -680
348 60 2 -5736 -524
352 60 2 -5776 -592
357 60 2 -5708 -560
362 60 2 -5852 -590
366 60 2 -5628 -682
371 60 2 -5836 -834
376 60 2 -5944 -846
381 60 2 -5760 -850
385 60 2 -5740 -910
390 60 2 -5728 -772
395 60 2 -5892 -792
401 60 2 -5740 -696
406 60 2 -5784 -776
411 60 2 -5708 -786
416 60 2 -5696 -856
422 60 2 -5788 -824
427 60 2 -5788 -800
433 60 2 -5944 -874
438 60 2 -5840 -884
444 60 2 -5720 -848
449 60 2 -5808 -824
455 60 2 -5952 -826
461 60 2 -5816 -732
467 60 2 -6008 -606
473 60 2 -5740 -512
479 60 2 -6004 -570
485 60 2 -5764 -618
492 60 2 -5856 -602
498 60 2 -5772 -552
504 60 2 -5880 -488
511 60 2 -5804 -546
517 60 2 -5936 -572
524 60 2 -6020 -554
531 60 2 -6116 -482
538 60 2 -5852 -538
545 60 2 -5928 -690
552 60 2 -5792 -572
559 60 2 -5860 -584
566 60 2 -5764 -422
573 60 2 -5824 -330
581 60 2 -5852 -270
588 60 2 -5840 -210
596 60 2 -5828 -178
603 60 2 -5932 -134
611 60 2 -5852 -102
619 60 2 -5904 -142
627 60 2 -5944 -120
635 60 2 -5784 -102
643 60 2 -5800 -110
652 60 2 -6096 -94
660 60 2 -5912 -176
668 60 2 -5896 -152
677 60 2 -5840 -36
686 60 2 -5928 140
695 60 2 -5796 192
704 60 2 -5528 -14
713 60 2 -5900 108
722 60 2 -5804 192
731 60 2 -5912 338
741 60 2 -5852 344
750 60 2 -5840 454
760 60 2 -5940 486
770 60 2 -5868 506
780 60 2 -5980 570
790 60 2 -5868 470
800 60 2 -5928 664
810 60 2 -5996 926
821 60 2 -5960 1098
831 60 2 -5980 900
842 60 2 -5784 846
853 60 2 -5728 882
864 60 2 -5784 946
875 60 2 -5820 912
886 60 2 -5856 850
897 60 2 -5808 856
909 60 2 -5848 972
921 60 2 -5844 1000
933 60 2 -5588 1066
945 60 2 -5928 1066
957 60 2 -5788 1066
969 60 2 -5656 1200
982 60 2 -5792 1478
994 60 2 -5696 1544
1007 60 2 -5672 1396
1020 60 2 -6004 1652
1033 60 2 -5632 1624
1047 60 2 -5832 1610
1060 60 2 -5872 1712
1074 60 2 -5628 1694
1088 60 2 -5744 1970
1102 60 2 -5632 2006
1116 60 2 -5548 2130
1130 60 2 -5840 2488
1145 60 2 -5988 2600
1160 60 2 -5972 2736
1174 60 2 -5964 2872
1190 60 2 -6132 3086
1205 60 2 -6180 3118
1220 60 2 -6144 3088
1236 60 2 -6188 3062
1252 60 2 -6240 3130
1268 60 2 -6228 3110
1285 60 2 -6272 3154
1301 60 2 -6120 3052
1318 60 2 -6296 3126
1335 60 2 -6080 3054
1352 60 2 -6300 3204
1370 60 2 -6112 3178
1387 60 2 -6296 3282
1405 60 2 -6476 3340
1423 60 2 -6084 3160
1442 60 2 -6312 3318
1460 60 2 -6436 3338
1479 60 2 -6168 3204
1498 60 2 -6252 3274
1517 60 2 -6348 3322
1537 60 2 -6328 3278
1557 60 2 -6352 3326
1577 60 2 -6264 3258
1597 60 2 -6432 3332
1618 60 2 -6140 3254
1639 60 2 -6400 3314
1660 60 2 -6252 3274
1681 60 2 -6252 3278
1703 60 2 -6372 3298
1725 60 2 -6300 3228
1747 60 2 -6304 3268
1770 60 2 -6388 3328
1792 60 2 -6392 3344
1816 60 2 -6224 3264
1839 60 2 -6064 3202
1863 60 2 -6112 3182
1887 60 2 -6312 3290
1911 60 2 -6348 3280
1936 60 2 -6144 3172
1961 60 2 -6112 3214
1986 60 2 -6188 3212
2012 60 2 -6212 3250
2037 60 2 -6156 3254
2064 60 2 -6384 3324
2090 60 2 -6192 3252
2117 60 2 -6120 3216
2145 60 2 -6224 3274
2172 60 2 -6160 3220
2200 60 2 -6336 3316
2229 60 2 -6232 3266
2257 60 2 -6212 3256
2286 60 2 -6368 3324
2316 60 2 -6288 3312
2346 60 2 -6088 3212
2376 60 2 -6344 3334
2407 60 2 -6336 3330
2438 60 2 -6140 3266
2469 60 2 -6436 3372
2501 60 2 -6348 3318
2533 60 2 -6304 3320
2566 60 2 -6356 3320
2599 60 2 -6372 3328
2633 60 2 -6048 3144
2667 60 2 -6372 3340
2701 60 2 -6480 3390
2736 60 2 -6380 3342
2771 60 2 -6260 3298
2807 60 2 -6148 3198
2843 60 2 -6224 3228
2880 60 2 -6212 3194
2917 60 2 -6264 3254
2954 60 2 -6292 3302
2992 60 2 -6124 3220
3031 60 2 -6212 3270
3070 60 2 -6400 3330
3110 60 2 -6236 3248
3150 60 2 -6312 3314
3190 60 2 -6272 3278
3232 60 2 -6388 3344
3273 60 2 -6468 3374
3315 60 2 -6260 3262
3358 60 2 -6176 3172
3402 60 2 -6340 3318
3445 60 2 -6276 3284
3490 60 2 -6180 3226
3535 60 2 -6424 3348
3580 60 2 -6436 3366
3627 60 2 -6356 3346
3673 60 2 -6328 3306
3721 60 2 -6176 3268
3769 60 2 -6292 3274
3817 60 2 -6288 3294
3867 60 2 -6108 3152
3916 60 2 -6376 3308
3967 60 2 -6424 3336
4018 60 2 -6468 3370
4070 60 2 -6320 3326
4122 60 2 -6232 3286
4176 60 2 -6244 3296
4229 60 2 -6292 3272
4284 60 2 -6352 3298
4339 60 2 -6416 3344
4395 60 2 -6332 3262
4452 60 2 -6372 3290
4509 60 2 -6208 3238
4567 60 2 -6352 3334
4626 60 2 -6256 3284
4686 60 2 -6188 3252
4746 60 2 -6372 3322
4808 60 2 -6256 3274
4870 60 2 -6280 3270
4932 60 2 -6356 3312
4996 60 2 -6420 3330
5060 60 2 -6212 3246
5126 60 2 -6232 3256
5192 60 2 -6304 3316
5259 60 2 -6328 3302
5327 60 2 -6444 3362
5395 60 2 -6208 3264
5465 60 2 -6344 3326
5535 60 2 -6152 3238
5607 60 2 -6284 3266
5679 60 2 -6104 3234
5752 60 2 -6212 3218
5826 60 2 -6396 3326
5902 60 2 -6240 3268
5978 60 2 -6272 3250
6055 60 2 -6264 3290
6133 60 2 -6172 3250
6212 60 2 -6120 3194
6292 60 2 -6368 3296
6373 60 2 -6344 3328
6455 60 2 -6240 3278
6539 60 2 -6156 3212
6623 60 2 -6304 3200
6708 60 2 -6224 3260
6795 60 2 -6188 3172
6883 60 2 -6408 3354
6971 60 2 -6260 3250
7061 60 2 -6356 3318
7152 60 2 -6296 3310
7245 60 2 -6396 3352
7338 60 2 -6360 3332
7433 60 2 -6244 3276
7529 60 2 -6520 3394
7626 60 2 -6360 3294
7724 60 2 -6244 3280
7824 60 2 -6244 3290
7925 60 2 -6224 3238
8027 60 2 -6060 3116
8130 60 2 -6252 3288
8235 60 2 -6096 3228
8341 60 2 -6252 3296
8449 60 2 -6164 3206
8558 60 2 -6060 3178
8668 60 2 -6356 3290
8780 60 2 -6304 3292
8893 60 2 -6328 3234
9008 60 2 -6288 3266
9124 60 2 -6268 3320
9242 60 2 -6088 3190
9361 60 2 -6132 3250
9482 60 2 -6380 3312
9604 60 2 -6188 3198
9728 60 2 -6372 3334
9853 60 2 -6228 3246
9980 60 2 -6164 3220
10109 60 2 -6268 3284
10240 60 2 -6176 3250
10372 60 2 -6224 3260
10505 60 2 -6288 3258
10641 60 2 -6232 3282
10778 60 2 -6220 3276
10917 60 2 -6356 3322
11058 60 2 -6080 3158
11201 60 2 -6336 3318
11345 60 2 -6144 3144
11491 60 2 -6112 3184
11640 60 2 -6392 3332
11790 60 2 -6156 3238
11942 60 2 -6216 3264
12096 60 2 -6292 3274
12252 60 2 -6176 3212
12410 60 2 -6288 3306
12570 60 2 -6288 3250
12732 60 2 -6244 3282
12896 60 2 -6192 3250
13062 60 2 -6292 3280
13231 60 2 -6440 3348
13402 60 2 -6180 3232
13574 60 2 -6204 3276
13750 60 2 -6384 3294
13927 60 2 -6276 3296
14106 60 2 -6240 3230
14288 60 2 -6236 3292
14473 60 2 -6276 3240
14659 60 2 -6120 3196
14848 60 2 -6304 3256
15040 60 2 -6292 3274
15234 60 2 -6332 3304
15430 60 2 -6400 3332
15629 60 2 -6376 3314
15831 60 2 -6300 3334
16035 60 2 -6436 3362
16242 60 2 -6272 3186
16451 60 2 -6300 3302
16664 60 2 -6048 3212
16879 60 2 -6176 3222
17096 60 2 -6244 3246
17317 60 2 -6436 3356
17540 60 2 -6488 3374
17766 60 2 -6152 3230
17995 60 2 -6188 3244
18228 60 2 -6276 3296
18463 60 2 -6260 3280
18701 60 2 -6364 3342
18942 60 2 -6296 3298
19186 60 2 -6252 3264
19434 60 2 -6364 3344
19684 60 2 -6204 3276
19938 60 2 -6172 3226
20195 60 2 -6380 3336
20456 60 2 -6488 3342
20720 60 2 -6336 3326
20987 60 2 -6416 3330
21258 60 2 -6172 3234
21532 60 2 -6340 3344
21810 60 2 -6316 3316
22091 60 2 -6208 3244
22376 60 2 -6224 3264
22664 60 2 -6524 3382
22957 60 2 -6252 3282
23253 60 2 -6100 3256
23553 60 2 -6180 3212
23856 60 2 -6168 3254
24164 60 2 -6464 3374
24476 60 2 -6324 3314
24791 60 2 -6288 3308
25111 60 2 -6160 3224
25435 60 2 -6268 3260
25763 60 2 -6156 3246
26095 60 2 -6364 3316
26432 60 2 -6336 3306
26773 60 2 -6204 3232
27118 60 2 -6252 3254
27468 60 2 -6168 3244
27822 60 2 -6296 3276
28181 60 2 -6440 3334
28545 60 2 -6176 3190
28913 60 2 -6368 3302
29286 60 2 -6344 3310
29663 60 2 -6420 3340
30046 60 2 -6324 3300
30434 60 2 -6292 3300
30826 60 2 -6336 3300
31224 60 2 -6332 3316
31626 60 2 -6136 3224
32034 60 2 -6328 3308
32447 60 2 -6276 3292
32866 60 2 -6268 3296
33290 60 2 -6188 3254
33719 60 2 -6320 3302
34154 60 2 -6044 3146
34595 60 2 -6240 3258
35041 60 2 -6308 3322
35493 60 2 -6372 3346
35951 60 2 -6368 3326
36414 60 2 -6408 3346
36884 60 2 -6296 3302
37360 60 2 -6336 3306
37841 60 2 -6140 3222
38330 60 2 -6420 3354
38824 60 2 -6264 3302
39325 60 2 -6272 3240
39832 60 2 -6260 3204
40346 60 2 -6376 3308
40866 60 2 -6380 3336
41393 60 2 -6316 3262
41927 60 2 -6268 3284
42468 60 2 -6380 3330
43015 60 2 -6192 3262
43570 60 2 -6336 3328
44132 60 2 -6256 3274
44701 60 2 -6380 3324
45278 60 2 -6384 3320
45862 60 2 -6348 3294
46453 60 2 -6076 3148
47053 60 2 -6140 3230
47660 60 2 -6340 3314
48274 60 2 -6272 3300
48897 60 2 -6184 3240
49528 60 2 -6128 3212
50166 60 2 -6532 3404
50813 60 2 -6440 3342
51469 60 2 -6324 3314
52133 60 2 -6200 3258
52805 60 2 -6416 3360
53486 60 2 -6436 3316
54176 60 2 -6356 3336
54875 60 2 -6372 3328
55582 60 2 -6064 3156
56299 60 2 -6260 3270
57025 60 2 -6260 3254
57761 60 2 -6204 3266
58506 60 2 -6356 3326
59261 60 2 -6300 3298
60025 60 2 -6084 3182
60799 60 2 -6412 3340
61583 60 2 -6508 3370
62378 60 2 -6136 3170
63182 60 2 -6132 3152
63997 60 2 -6176 3264
64822 60 2 -6248 3276
65658 60 2 -6388 3322
66505 60 2 -6364 3322
67363 60 2 -6404 3346
68232 60 2 -6384 3294
69112 60 2 -6456 3372
70003 60 2 -6444 3370
70906 60 2 -6128 3116
71821 60 2 -6284 3272
72747 60 2 -6292 3236
73685 60 2 -6292 3304
74636 60 2 -6252 3228
75599 60 2 -6408 3328
76574 60 2 -6368 3318
77561 60 2 -6508 3386
78562 60 2 -6292 3288
79575 60 2 -6236 3246
80601 60 2 -6348 3316
81641 60 2 -6120 3172
82694 60 2 -6384 3348
83760 60 2 -6004 3154
84841 60 2 -6364 3322
85935 60 2 -6184 3276
87043 60 2 -6360 3284
88166 60 2 -6168 3242
89303 60 2 -6456 3370
90455 60 2 -6180 3230
91622 60 2 -6476 3374
92803 60 2 -6216 3216
94000 60 2 -6344 3292
95213 60 2 -6436 3330
96441 60 2 -6412 3352
97685 60 2 -6296 3286
98945 60 2 -6364 3338
100221 60 2 -6084 3180
101513 60 2 -6396 3224
102823 60 2 -6428 3366
104149 60 2 -6348 3312
105492 60 2 -6328 3306
106853 60 2 -6120 3256
108231 60 2 -6376 3338
109627 60 2 -6112 3202
111041 60 2 -6304 3314
112473 60 2 -6360 3324
113924 60 2 -6272 3246
115393 60 2 -6084 3104
116882 60 2 -6392 3320
118389 60 2 -6288 3248
119916 60 2 -6088 3208
121463 60 2 -6312 3276
123029 60 2 -6252 3280
124616 60 2 -6340 3316
126224 60 2 -6176 3244
127852 60 2 -6276 3280
129501 60 2 -6368 3314
131171 60 2 -6252 3298
132863 60 2 -6344 3320
134576 60 2 -6372 3286
136312 60 2 -6464 3358
138070 60 2 -6348 3288
139851 60 2 -6284 3246
141655 60 2 -6216 3234
143482 60 2 -6340 3268
145333 60 2 -6128 3232
147207 60 2 -6112 3148
149106 60 2 -6264 3268
151029 60 2 -6380 3338
152977 60 2 -6156 3232
154950 60 2 -6248 3292
156948 60 2 -6208 3234
158973 60 2 -6260 3290
161023 60 2 -6348 3324
163100 60 2 -6292 3298
165204 60 2 -6256 3260
167334 60 2 -6192 3220
169493 60 2 -6116 3176
171679 60 2 -6332 3296
173893 60 2 -6208 3260
176136 60 2 -6340 3310
178408 60 2 -6284 3290
180709 60 2 -6236 3208
183040 60 2 -6472 3314
185400 60 2 -6376 3300
187792 60 2 -6224 3268
190214 60 2 -6336 3312
192667 60 2 -6276 3250
195152 60 2 -6416 3330
197669 60 2 -6344 3282
200219 60 2 -6280 3314
202801 60 2 -6272 3252
205417 60 2 -6380 3344
208066 60 2 -6360 3270
210750 60 2 -6440 3370
213468 60 2 -6200 3216
216222 60 2 -6552 3402
219010 60 2 -6448 3300
221835 60 2 -6400 3332
224696 60 2 -6300 3286
227595 60 2 -6284 3298
230530 60 2 -6328 3324
233503 60 2 -6356 3244
236515 60 2 -6188 3276
239566 60 2 -6332 3316
242656 60 2 -6192 3196
245785 60 2 -6280 3298
248956 60 2 -6096 3202
252167 60 2 -6360 3340
255419 60 2 -6300 3252
258713 60 2 -6240 3276
262050 60 2 -6104 3220
265430 60 2 -6236 3272
268854 60 2 -6212 3272
272321 60 2 -6324 3312
275834 60 2 -6360 3272
279391 60 2 -6192 3268
282995 60 2 -6236 3248
286645 60 2 -6348 3292
290342 60 2 -6480 3374
294087 60 2 -6304 3246
297880 60 2 -6264 3236
301722 60 2 -6340 3284
305614 60 2 -6312 3282
309556 60 2 -6348 3314
313548 60 2 -6420 3328
317592 60 2 -6388 3314
321689 60 2 -6316 3256
325838 60 2 -6468 3380
330040 60 2 -6412 3354
334297 60 2 -6472 3374
338609 60 2 -6044 3152
342976 60 2 -6232 3288
347400 60 2 -6128 3216
351881 60 2 -6344 3326
356419 60 2 -6240 3256
361016 60 2 -6116 3164
365673 60 2 -6132 3236
370389 60 2 -6196 3236
375167 60 2 -6292 3298
380005 60 2 -6392 3318
384907 60 2 -6384 3322
389871 60 2 -6388 3342
394900 60 2 -6232 3272
399993 60 2 -6260 3300
405152 60 2 -6316 3282
410378 60 2 -6264 3296
415671 60 2 -6360 3316
421032 60 2 -6144 3232
426463 60 2 -6232 3286
431963 60 2 -6324 3286
437535 60 2 -6100 3208
443178 60 2 -6236 3256
448894 60 2 -6360 3318
454684 60 2 -6284 3248
460548 60 2 -6168 3204
466489 60 2 -6316 3282
472505 60 2 -6332 3326
478600 60 2 -6196 3264
484773 60 2 -6256 3260
491025 60 2 -6320 3280
497358 60 2 -6420 3352
503773 60 2 -6240 3290
510271 60 2 -6396 3342
516852 60 2 -6200 3214
523519 60 2 -6324 3318
530271 60 2 -6292 3318
537111 60 2 -6356 3314
544038 60 2 -6148 3212
551055 60 2 -6108 3200
558163 60 2 -6268 3268
565362 60 2 -6300 3318
572654 60 2 -6316 3306
580040 60 2 -6336 3288
587521 60 2 -6328 3312
595099 60 2 -6236 3294
602775 60 2 -6084 3196
610549 60 2 -6344 3274
618424 60 2 -6172 3222
626400 60 2 -6356 3316
634480 60 2 -6256 3266
642663 60 2 -6436 3350
650952 60 2 -6504 3382
659348 60 2 -6444 3364
667853 60 2 -6268 3280
676467 60 2 -6264 3260
685192 60 2 -6332 3316
694029 60 2 -6200 3242
702981 60 2 -6240 3268
712048 60 2 -6316 3286
721232 60 2 -6408 3342
730534 60 2 -6136 3208
739957 60 2 -6096 3236
749500 60 2 -6224 3266
759168 60 2 -6092 3176
768959 60 2 -6204 3258
778877 60 2 -6360 3318
788923 60 2 -6164 3260
799099 60 2 -6264 3284
809405 60 2 -6232 3290
819845 60 2 -6304 3308
830419 60 2 -6412 3306
841130 60 2 -6444 3358
851979 60 2 -6312 3334
862968 60 2 -6152 3184
874098 60 2 -6296 3296
885373 60 2 -6140 3186
896792 60 2 -6244 3258
908359 60 2 -6272 3268
920075 60 2 -6188 3206
931942 60 2 -6292 3232
943962 60 2 -6344 3280
956137 60 2 -6088 3204
968470 60 2 -6304 3278
980961 60 2 -6260 3270
993613 60 2 -6152 3184
999999 60 2 -6300 3302
