3 100 2.4 -8980 -482
4 100 2.4 -9884 -410
5 100 2.4 -10304 -600
6 100 2.4 -10436 -730
7 100 2.4 -10700 -754
8 100 2.4 -10596 -774
9 100 2.4 -10820 -744
10 100 2.4 -10876 -820
11 100 2.4 -11108 -704
12 100 2.4 -11140 -544
13 100 2.4 -11280 -808
14 100 2.4 -11640 -726
15 100 2.4 -11572 -674
16 100 2.4 -11468 -628
17 100 2.4 -11368 -600
18 100 2.4 -11448 -502
19 100 2.4 -11588 -386
20 100 2.4 -11424 -336
21 100 2.4 -11360 -312
22 100 2.4 -11640 -362
23 100 2.4 -11888 -462
24 100 2.4 -11916 -480
25 100 2.4 -11868 -322
26 100 2.4 -11792 -302
27 100 2.4 -12084 -302
28 100 2.4 -12272 -292
29 100 2.4 -12116 -272
30 100 2.4 -11924 -330
31 100 2.4 -12032 -432
32 100 2.4 -11916 -326
33 100 2.4 -12204 -258
34 100 2.4 -12136 -290
35 100 2.4 -11940 -232
36 100 2.4 -11928 -82
37 100 2.4 -11868 -126
38 100 2.4 -11968 -46
39 100 2.4 -12044 124
40 100 2.4 -11992 62
41 100 2.4 -11788 106
42 100 2.4 -11940 184
43 100 2.4 -12040 102
44 100 2.4 -11888 18
45 100 2.4 -11836 -128
46 100 2.4 -11796 -230
47 100 2.4 -11732 -142
48 100 2.4 -11584 -328
49 100 2.4 -11700 -332
50 100 2.4 -11844 -380
51 100 2.4 -11984 -390
52 100 2.4 -11732 -448
53 100 2.4 -12012 -638
54 100 2.4 -11704 -652
55 100 2.4 -11620 -572
56 100 2.4 -11676 -496
57 100 2.4 -11636 -614
58 100 2.4 -11464 -616
59 100 2.4 -11468 -368
60 100 2.4 -11836 -476
61 100 2.4 -11856 -402
62 100 2.4 -11680 -410
63 100 2.4 -11528 -484
64 100 2.4 -11896 -656
65 100 2.4 -11716 -544
66 100 2.4 -11824 -468
67 100 2.4 -11780 -274
68 100 2.4 -11852 -340
69 100 2.4 -11608 -312
70 100 2.4 -11884 -360
71 100 2.4 -11980 -288
72 100 2.4 -11832 -84
73 100 2.4 -11620 -192
74 100 2.4 -11908 -292
75 100 2.4 -11932 -448
76 100 2.4 -12068 -260
77 100 2.4 -11948 -302
78 100 2.4 -11960 -260
79 100 2.4 -12044 -118
80 100 2.4 -11916 -14
81 100 2.4 -11696 -160
82 100 2.4 -11784 -54
83 100 2.4 -11712 100
84 100 2.4 -11908 20
85 100 2.4 -12052 -114
86 100 2.4 -11776 -206
88 100 2.4 -11992 -242
89 100 2.4 -11956 -238
90 100 2.4 -12152 -354
91 100 2.4 -12024 -230
92 100 2.4 -11672 -204
93 100 2.4 -11824 -204
95 100 2.4 -11552 -252
96 100 2.4 -11588 -222
97 100 2.4 -11668 -304
98 100 2.4 -11680 -404
99 100 2.4 -11700 -278
101 100 2.4 -12344 -342
102 100 2.4 -12168 -406
103 100 2.4 -12328 -516
105 100 2.4 -12200 -534
106 100 2.4 -12100 -530
107 100 2.4 -11936 -608
109 100 2.4 -11964 -474
110 100 2.4 -12068 -442
112 100 2.4 -12300 -428
113 100 2.4 -12552 -498
114 100 2.4 -12480 -526
116 100 2.4 -12348 -502
117 100 2.4 -12136 -522
119 100 2.4 -11892 -446
120 100 2.4 -12008 -450
122 100 2.4 -12024 -464
124 100 2.4 -12160 -448
125 100 2.4 -12220 -382
127 100 2.4 -12004 -374
128 100 2.4 -11948 -176
130 100 2.4 -11756 -2
132 100 2.4 -11780 124
133 100 2.4 -12000 -22
135 100 2.4 -11608 158
137 100 2.4 -12100 256
139 100 2.4 -12304 188
140 100 2.4 -12044 136
142 100 2.4 -12040 98
144 100 2.4 -12024 14
146 100 2.4 -12048 116
148 100 2.4 -12172 -76
150 100 2.4 -11776 -282
152 100 2.4 -12320 -76
154 100 2.4 -11932 -118
155 100 2.4 -11580 -152
157 100 2.4 -11888 110
160 100 2.4 -12056 -168
162 100 2.4 -11964 -154
164 100 2.4 -11996 -116
166 100 2.4 -12120 -12
168 100 2.4 -11816 -306
170 100 2.4 -11980 -108
172 100 2.4 -11748 -126
174 100 2.4 -11944 22
177 100 2.4 -11720 -98
179 100 2.4 -11976 4
181 100 2.4 -11916 -180
184 100 2.4 -12224 256
186 100 2.4 -12060 210
188 100 2.4 -12172 6
191 100 2.4 -11852 -72
193 100 2.4 -11792 164
196 100 2.4 -11460 604
198 100 2.4 -11736 446
201 100 2.4 -11684 712
203 100 2.4 -11604 610
206 100 2.4 -11972 392
209 100 2.4 -11968 570
211 100 2.4 -11980 622
214 100 2.4 -11668 308
217 100 2.4 -11852 502
220 100 2.4 -11752 896
222 100 2.4 -11508 592
225 100 2.4 -11832 456
228 100 2.4 -11476 572
231 100 2.4 -11384 562
234 100 2.4 -11816 464
237 100 2.4 -11604 536
240 100 2.4 -11716 708
243 100 2.4 -11872 624
246 100 2.4 -11768 822
250 100 2.4 -11704 860
253 100 2.4 -11568 840
256 100 2.4 -11612 980
259 100 2.4 -11776 1036
263 100 2.4 -11724 1290
266 100 2.4 -11752 1616
269 100 2.4 -11768 1608
273 100 2.4 -11864 1536
276 100 2.4 -11872 1422
280 100 2.4 -11772 1122
284 100 2.4 -12184 1450
287 100 2.4 -12188 1538
291 100 2.4 -11608 1320
295 100 2.4 -11756 1042
298 100 2.4 -11776 1000
302 100 2.4 -11864 582
306 100 2.4 -11604 586
310 100 2.4 -11608 538
314 100 2.4 -11680 324
318 100 2.4 -11828 692
322 100 2.4 -12024 512
326 100 2.4 -12100 586
331 100 2.4 -12708 534
335 100 2.4 -12472 448
339 100 2.4 -12328 766
344 100 2.4 -12320 1014
348 100 2.4 -12504 1324
352 100 2.4 -12524 1074
357 100 2.4 -12556 1246
362 100 2.4 -12760 1472
366 100 2.4 -12992 1378
371 100 2.4 -12540 1434
376 100 2.4 -12300 1568
381 100 2.4 -12516 1634
385 100 2.4 -12124 1702
390 100 2.4 -12340 1650
395 100 2.4 -12224 1298
401 100 2.4 -12236 1094
406 100 2.4 -12072 1002
411 100 2.4 -12344 1374
416 100 2.4 -11756 1368
422 100 2.4 -12224 1334
427 100 2.4 -11912 1678
433 100 2.4 -11840 1404
438 100 2.4 -11952 1460
444 100 2.4 -12164 1264
449 100 2.4 -12036 1360
455 100 2.4 -12300 1430
461 100 2.4 -12368 774
467 100 2.4 -12344 678
473 100 2.4 -12240 572
479 100 2.4 -12028 384
485 100 2.4 -12096 462
492 100 2.4 -12220 124
498 100 2.4 -12240 -92
504 100 2.4 -12212 -6
511 100 2.4 -12072 58
517 100 2.4 -12480 176
524 100 2.4 -12176 410
531 100 2.4 -12104 180
538 100 2.4 -11884 314
545 100 2.4 -12096 130
552 100 2.4 -12160 -122
559 100 2.4 -12420 -424
566 100 2.4 -12132 -432
573 100 2.4 -11924 -502
581 100 2.4 -12388 -576
588 100 2.4 -12340 -416
596 100 2.4 -11676 244
603 100 2.4 -11984 -106
611 100 2.4 -11924 -220
619 100 2.4 -11992 -300
627 100 2.4 -11916 -324
635 100 2.4 -11980 74
643 100 2.4 -12400 184
652 100 2.4 -12116 -272
660 100 2.4 -12244 -422
668 100 2.4 -11992 -276
677 100 2.4 -12056 -502
686 100 2.4 -12024 -878
695 100 2.4 -12008 -796
704 100 2.4 -12280 -1210
713 100 2.4 -12152 -1174
722 100 2.4 -12292 -1456
731 100 2.4 -12068 -1396
741 100 2.4 -12012 -1338
750 100 2.4 -12152 -1024
760 100 2.4 -12128 -850
770 100 2.4 -11996 -1020
780 100 2.4 -11856 -758
790 100 2.4 -11908 -836
800 100 2.4 -12352 -174
810 100 2.4 -12256 22
821 100 2.4 -12192 -202
831 100 2.4 -11952 6
842 100 2.4 -12436 -208
853 100 2.4 -12468 -16
864 100 2.4 -12496 330
875 100 2.4 -12472 -102
886 100 2.4 -12400 -398
897 100 2.4 -12336 -662
909 100 2.4 -12128 -250
921 100 2.4 -12052 230
933 100 2.4 -11808 -624
945 100 2.4 -12012 -672
957 100 2.4 -12376 -72
969 100 2.4 -12072 -60
982 100 2.4 -12108 186
994 100 2.4 -11748 98
1007 100 2.4 -12672 534
1020 100 2.4 -12448 1056
1033 100 2.4 -12180 942
1047 100 2.4 -12240 1128
1060 100 2.4 -12256 938
1074 100 2.4 -11748 1108
1088 100 2.4 -11808 780
1102 100 2.4 -11688 824
1116 100 2.4 -11888 446
1130 100 2.4 -11988 528
1145 100 2.4 -12500 304
1160 100 2.4 -12296 194
1174 100 2.4 -12616 620
1190 100 2.4 -12728 726
1205 100 2.4 -12036 908
1220 100 2.4 -12040 1224
1236 100 2.4 -11704 922
1252 100 2.4 -11912 838
1268 100 2.4 -12148 1192
1285 100 2.4 -12140 1368
1301 100 2.4 -12092 1210
1318 100 2.4 -11900 712
1335 100 2.4 -11876 176
1352 100 2.4 -11496 376
1370 100 2.4 -11988 574
1387 100 2.4 -11696 768
1405 100 2.4 -11920 418
1423 100 2.4 -11712 932
1442 100 2.4 -11896 1244
1460 100 2.4 -11632 1404
1479 100 2.4 -12432 1210
1498 100 2.4 -12496 1322
1517 100 2.4 -12128 858
1537 100 2.4 -11812 382
1557 100 2.4 -12304 -168
1577 100 2.4 -12224 -222
1597 100 2.4 -12040 -1188
1618 100 2.4 -11716 -408
1639 100 2.4 -11684 -620
1660 100 2.4 -12124 20
1681 100 2.4 -11924 118
1703 100 2.4 -11848 12
1725 100 2.4 -11868 -158
1747 100 2.4 -11992 -876
1770 100 2.4 -11732 -1022
1792 100 2.4 -11656 -940
1816 100 2.4 -11684 -318
1839 100 2.4 -12088 -316
1863 100 2.4 -12316 -1234
1887 100 2.4 -12004 -1452
1911 100 2.4 -11820 -1664
1936 100 2.4 -11916 -1130
1961 100 2.4 -11464 40
1986 100 2.4 -12244 -760
2012 100 2.4 -12224 -378
2037 100 2.4 -11756 -454
2064 100 2.4 -12100 -30
2090 100 2.4 -12340 -70
2117 100 2.4 -11956 -230
2145 100 2.4 -11852 -330
2172 100 2.4 -12112 -630
2200 100 2.4 -11756 -862
2229 100 2.4 -11844 -1702
2257 100 2.4 -12180 -860
2286 100 2.4 -11996 -420
2316 100 2.4 -12216 -1150
2346 100 2.4 -12024 -2432
2376 100 2.4 -12004 -2306
2407 100 2.4 -11820 -2148
2438 100 2.4 -11852 -1580
2469 100 2.4 -11796 -1996
2501 100 2.4 -11700 -1302
2533 100 2.4 -12176 -1426
2566 100 2.4 -11676 -630
2599 100 2.4 -11984 -704
2633 100 2.4 -11700 202
2667 100 2.4 -11780 -652
2701 100 2.4 -12308 -954
2736 100 2.4 -12496 -1226
2771 100 2.4 -11852 -1320
2807 100 2.4 -11780 -594
2843 100 2.4 -12052 -520
2880 100 2.4 -12016 230
2917 100 2.4 -12236 -448
2954 100 2.4 -12380 -2216
2992 100 2.4 -11984 -1716
3031 100 2.4 -11996 -2186
3070 100 2.4 -11880 -2124
3110 100 2.4 -12660 -1394
3150 100 2.4 -11904 -1058
3190 100 2.4 -11896 -570
3232 100 2.4 -11836 -580
3273 100 2.4 -11672 862
3315 100 2.4 -11644 418
3358 100 2.4 -12064 920
3402 100 2.4 -12132 1214
3445 100 2.4 -12096 1318
3490 100 2.4 -12004 788
3535 100 2.4 -11596 614
3580 100 2.4 -11824 88
3627 100 2.4 -11852 -294
3673 100 2.4 -12088 -860
3721 100 2.4 -11900 -820
3769 100 2.4 -12388 -1492
3817 100 2.4 -11908 -1318
3867 100 2.4 -11952 -930
3916 100 2.4 -12084 -742
3967 100 2.4 -12328 -328
4018 100 2.4 -12128 -346
4070 100 2.4 -12024 -366
4122 100 2.4 -11616 -1014
4176 100 2.4 -12268 -1326
4229 100 2.4 -11772 -260
4284 100 2.4 -12100 -722
4339 100 2.4 -12032 -1506
4395 100 2.4 -12436 -604
4452 100 2.4 -12472 458
4509 100 2.4 -12120 58
4567 100 2.4 -12232 -404
4626 100 2.4 -11780 144
4686 100 2.4 -11996 658
4746 100 2.4 -12136 3372
4808 100 2.4 -12072 3112
4870 100 2.4 -12164 2288
4932 100 2.4 -11932 1706
4996 100 2.4 -12512 1488
5060 100 2.4 -12388 1226
5126 100 2.4 -12252 432
5192 100 2.4 -12160 1216
5259 100 2.4 -12364 2188
5327 100 2.4 -11684 2150
5395 100 2.4 -12372 1452
5465 100 2.4 -12304 1074
5535 100 2.4 -12460 1660
5607 100 2.4 -12904 2670
5679 100 2.4 -12092 1252
5752 100 2.4 -11992 680
5826 100 2.4 -11944 -152
5902 100 2.4 -12096 -770
5978 100 2.4 -12144 -998
6055 100 2.4 -12384 884
6133 100 2.4 -12088 1024
6212 100 2.4 -11744 584
6292 100 2.4 -12244 786
6373 100 2.4 -11756 476
6455 100 2.4 -11716 258
6539 100 2.4 -11516 620
6623 100 2.4 -11780 728
6708 100 2.4 -11656 1122
6795 100 2.4 -12132 130
6883 100 2.4 -12208 2022
6971 100 2.4 -12276 1480
7061 100 2.4 -12160 446
7152 100 2.4 -12152 1302
7245 100 2.4 -12048 160
7338 100 2.4 -11656 450
7433 100 2.4 -12048 -1198
7529 100 2.4 -12012 -1852
7626 100 2.4 -12152 -2004
7724 100 2.4 -12220 -1732
7824 100 2.4 -11580 -1190
7925 100 2.4 -12428 -678
8027 100 2.4 -11460 304
8130 100 2.4 -12160 1820
8235 100 2.4 -11828 88
8341 100 2.4 -11892 224
8449 100 2.4 -12016 510
8558 100 2.4 -11816 -772
8668 100 2.4 -11792 -448
8780 100 2.4 -11736 610
8893 100 2.4 -12220 1014
9008 100 2.4 -11884 604
9124 100 2.4 -11584 358
9242 100 2.4 -12392 -430
9361 100 2.4 -11964 636
9482 100 2.4 -12120 -246
9604 100 2.4 -11872 -876
9728 100 2.4 -12504 -620
9853 100 2.4 -11740 156
9980 100 2.4 -11676 -1764
10109 100 2.4 -12148 -1360
10240 100 2.4 -12456 -2196
10372 100 2.4 -12128 -1346
10505 100 2.4 -11688 -1300
10641 100 2.4 -12008 -510
10778 100 2.4 -11564 -414
10917 100 2.4 -11532 942
11058 100 2.4 -11900 1110
11201 100 2.4 -12072 1068
11345 100 2.4 -12404 1924
11491 100 2.4 -12236 1582
11640 100 2.4 -12436 308
11790 100 2.4 -12240 2084
11942 100 2.4 -12044 1696
12096 100 2.4 -11892 -126
12252 100 2.4 -12380 -1816
12410 100 2.4 -12072 -2752
12570 100 2.4 -12336 -544
12732 100 2.4 -11772 320
12896 100 2.4 -11940 874
13062 100 2.4 -11852 1456
13231 100 2.4 -12288 1838
13402 100 2.4 -12188 -1334
13574 100 2.4 -12024 994
13750 100 2.4 -11660 -684
13927 100 2.4 -11704 -372
14106 100 2.4 -12196 -122
14288 100 2.4 -12052 -1952
14473 100 2.4 -12060 -984
14659 100 2.4 -12040 -124
14848 100 2.4 -11912 1654
15040 100 2.4 -12028 274
15234 100 2.4 -11768 -988
15430 100 2.4 -12424 -1790
15629 100 2.4 -11724 -1184
15831 100 2.4 -12116 -1348
16035 100 2.4 -11760 -2526
16242 100 2.4 -12216 -1494
16451 100 2.4 -11596 690
16664 100 2.4 -11704 922
16879 100 2.4 -12200 790
17096 100 2.4 -12208 800
17317 100 2.4 -12316 2036
17540 100 2.4 -12104 12
17766 100 2.4 -11940 -272
17995 100 2.4 -12084 286
18228 100 2.4 -12240 -2286
18463 100 2.4 -11984 -2980
18701 100 2.4 -11788 -1554
18942 100 2.4 -12044 -650
19186 100 2.4 -12428 -1220
19434 100 2.4 -12144 34
19684 100 2.4 -12376 -1016
19938 100 2.4 -11892 1294
20195 100 2.4 -11940 2628
20456 100 2.4 -11956 1138
20720 100 2.4 -12112 -3230
20987 100 2.4 -12212 -196
21258 100 2.4 -11832 1976
21532 100 2.4 -11792 1588
21810 100 2.4 -12100 1260
22091 100 2.4 -12436 -538
22376 100 2.4 -11688 380
22664 100 2.4 -12264 -1190
22957 100 2.4 -11984 -2154
23253 100 2.4 -12164 -74
23553 100 2.4 -12176 902
23856 100 2.4 -11852 978
24164 100 2.4 -12064 824
24476 100 2.4 -12284 -296
24791 100 2.4 -12348 -894
25111 100 2.4 -12084 -446
25435 100 2.4 -12040 -884
25763 100 2.4 -12020 -1592
26095 100 2.4 -12096 -2112
26432 100 2.4 -12036 -694
26773 100 2.4 -11940 2148
27118 100 2.4 -12360 2310
27468 100 2.4 -12272 568
27822 100 2.4 -11624 820
28181 100 2.4 -12192 -1022
28545 100 2.4 -11524 -1450
28913 100 2.4 -11904 -1288
29286 100 2.4 -11824 -1334
29663 100 2.4 -11756 -230
30046 100 2.4 -11700 -1176
30434 100 2.4 -12612 1252
30826 100 2.4 -11888 168
31224 100 2.4 -12216 80
31626 100 2.4 -12144 -694
32034 100 2.4 -11972 -1306
32447 100 2.4 -11776 90
32866 100 2.4 -11900 1590
33290 100 2.4 -12124 568
33719 100 2.4 -12404 -122
34154 100 2.4 -11472 1412
34595 100 2.4 -12368 -2318
35041 100 2.4 -11788 -654
35493 100 2.4 -12044 342
35951 100 2.4 -11776 1480
36414 100 2.4 -11800 1236
36884 100 2.4 -12476 2192
37360 100 2.4 -12036 414
37841 100 2.4 -12000 402
38330 100 2.4 -11696 -1266
38824 100 2.4 -12104 -976
39325 100 2.4 -11872 -700
39832 100 2.4 -12188 -2380
40346 100 2.4 -11748 -1118
40866 100 2.4 -11712 -990
41393 100 2.4 -12100 146
41927 100 2.4 -12068 -2242
42468 100 2.4 -12300 -198
43015 100 2.4 -11764 1048
43570 100 2.4 -12304 -2050
44132 100 2.4 -11980 -520
44701 100 2.4 -12248 -988
45278 100 2.4 -11960 94
45862 100 2.4 -12116 -1194
46453 100 2.4 -12344 -1710
47053 100 2.4 -12288 -850
47660 100 2.4 -11488 614
48274 100 2.4 -11804 488
48897 100 2.4 -12372 -622
49528 100 2.4 -12352 -2154
50166 100 2.4 -11932 -306
50813 100 2.4 -11912 146
51469 100 2.4 -11828 112
52133 100 2.4 -11796 1622
52805 100 2.4 -11948 -42
53486 100 2.4 -11876 -294
54176 100 2.4 -12244 2402
54875 100 2.4 -12380 888
55582 100 2.4 -11560 948
56299 100 2.4 -11888 -2102
57025 100 2.4 -11832 -812
57761 100 2.4 -12148 -1758
58506 100 2.4 -12268 -928
59261 100 2.4 -12032 -620
60025 100 2.4 -11832 -534
60799 100 2.4 -12072 -1716
61583 100 2.4 -11928 -1880
62378 100 2.4 -12192 1818
63182 100 2.4 -12204 -228
63997 100 2.4 -12188 1526
64822 100 2.4 -12356 1170
65658 100 2.4 -12228 -1268
66505 100 2.4 -12396 2054
67363 100 2.4 -12412 -998
68232 100 2.4 -12160 1096
69112 100 2.4 -12100 1558
70003 100 2.4 -12140 700
70906 100 2.4 -11928 1386
71821 100 2.4 -12368 -2946
72747 100 2.4 -11892 70
73685 100 2.4 -12436 58
74636 100 2.4 -11852 952
75599 100 2.4 -11952 1736
76574 100 2.4 -12072 -286
77561 100 2.4 -11996 -80
78562 100 2.4 -11748 -162
79575 100 2.4 -11668 746
80601 100 2.4 -12360 1470
81641 100 2.4 -12164 2816
82694 100 2.4 -12400 -992
83760 100 2.4 -12004 -732
84841 100 2.4 -11932 -466
85935 100 2.4 -11968 632
87043 100 2.4 -12200 1134
88166 100 2.4 -12136 -910
89303 100 2.4 -11376 446
90455 100 2.4 -11968 1054
91622 100 2.4 -11736 512
92803 100 2.4 -12092 -804
94000 100 2.4 -11972 -338
95213 100 2.4 -12360 148
96441 100 2.4 -11932 1852
97685 100 2.4 -11924 132
98945 100 2.4 -12064 902
100221 100 2.4 -11932 1280
101513 100 2.4 -12092 782
102823 100 2.4 -12144 -564
104149 100 2.4 -11872 -1310
105492 100 2.4 -12568 -3934
106853 100 2.4 -11848 58
108231 100 2.4 -11652 1260
109627 100 2.4 -12148 258
111041 100 2.4 -12276 -1358
112473 100 2.4 -12204 -430
113924 100 2.4 -12264 3264
115393 100 2.4 -12312 908
116882 100 2.4 -11984 -1164
118389 100 2.4 -12352 574
119916 100 2.4 -12164 526
121463 100 2.4 -11964 -1046
123029 100 2.4 -12340 -1112
124616 100 2.4 -11716 -196
126224 100 2.4 -11784 -178
127852 100 2.4 -11528 8
129501 100 2.4 -12184 -88
131171 100 2.4 -12084 958
132863 100 2.4 -12476 654
134576 100 2.4 -12136 266
136312 100 2.4 -12228 144
138070 100 2.4 -11804 1736
139851 100 2.4 -12040 -186
141655 100 2.4 -12412 -1158
143482 100 2.4 -12012 -736
145333 100 2.4 -12020 2552
147207 100 2.4 -12100 -676
149106 100 2.4 -12044 566
151029 100 2.4 -11784 -1506
152977 100 2.4 -12044 898
154950 100 2.4 -12228 2124
156948 100 2.4 -12620 1596
158973 100 2.4 -11948 716
161023 100 2.4 -11888 -1690
163100 100 2.4 -11992 172
165204 100 2.4 -11844 -1058
167334 100 2.4 -12384 -1636
169493 100 2.4 -12332 1810
171679 100 2.4 -12008 -1508
173893 100 2.4 -11692 -554
176136 100 2.4 -11916 1562
178408 100 2.4 -12028 -1242
180709 100 2.4 -12328 -386
183040 100 2.4 -12244 1990
185400 100 2.4 -12056 -1482
187792 100 2.4 -11840 -1168
190214 100 2.4 -11436 246
192667 100 2.4 -12444 -280
195152 100 2.4 -11596 -1914
197669 100 2.4 -11952 102
200219 100 2.4 -12024 344
202801 100 2.4 -12196 686
205417 100 2.4 -11560 -618
208066 100 2.4 -12212 -1314
210750 100 2.4 -12260 -2514
213468 100 2.4 -12120 -306
216222 100 2.4 -11660 -1334
219010 100 2.4 -11828 280
221835 100 2.4 -12824 634
224696 100 2.4 -12312 1092
227595 100 2.4 -12548 -1052
230530 100 2.4 -12220 1264
233503 100 2.4 -11680 626
236515 100 2.4 -12268 992
239566 100 2.4 -12084 674
242656 100 2.4 -12004 -776
245785 100 2.4 -11732 -416
248956 100 2.4 -11360 -1010
252167 100 2.4 -12084 -522
255419 100 2.4 -12460 -2790
258713 100 2.4 -11796 -2568
262050 100 2.4 -11844 -1650
265430 100 2.4 -12360 -368
268854 100 2.4 -11644 -1194
272321 100 2.4 -12312 1102
275834 100 2.4 -12012 -1594
279391 100 2.4 -12324 2892
282995 100 2.4 -11804 -854
286645 100 2.4 -12288 1582
290342 100 2.4 -12024 250
294087 100 2.4 -11612 376
297880 100 2.4 -12468 1816
301722 100 2.4 -12088 -1082
305614 100 2.4 -11820 1886
309556 100 2.4 -12004 1454
313548 100 2.4 -11932 -272
317592 100 2.4 -12056 -388
321689 100 2.4 -12676 -290
325838 100 2.4 -12012 -1850
330040 100 2.4 -12132 538
334297 100 2.4 -12200 -2666
338609 100 2.4 -12276 1742
342976 100 2.4 -11964 278
347400 100 2.4 -11872 -258
351881 100 2.4 -11872 -942
356419 100 2.4 -12140 -1140
361016 100 2.4 -11832 1248
365673 100 2.4 -12060 -310
370389 100 2.4 -12428 -1550
375167 100 2.4 -12240 -412
380005 100 2.4 -11840 1266
384907 100 2.4 -12064 446
389871 100 2.4 -11552 -1570
394900 100 2.4 -11788 -346
399993 100 2.4 -12428 828
405152 100 2.4 -11464 -582
410378 100 2.4 -11828 -658
415671 100 2.4 -11540 416
421032 100 2.4 -11568 -1014
426463 100 2.4 -12020 2300
431963 100 2.4 -11772 396
437535 100 2.4 -11596 -496
443178 100 2.4 -11740 -1922
448894 100 2.4 -12120 -1302
454684 100 2.4 -11872 -276
460548 100 2.4 -12124 3020
466489 100 2.4 -11912 1732
472505 100 2.4 -12236 2654
478600 100 2.4 -12072 -1180
484773 100 2.4 -11916 -10
491025 100 2.4 -12228 570
497358 100 2.4 -12000 -1308
503773 100 2.4 -12120 378
510271 100 2.4 -12012 -276
516852 100 2.4 -11872 1086
523519 100 2.4 -12392 -880
530271 100 2.4 -11844 984
537111 100 2.4 -12056 480
544038 100 2.4 -12776 284
551055 100 2.4 -12112 -1054
558163 100 2.4 -11868 314
565362 100 2.4 -11972 974
572654 100 2.4 -12168 -86
580040 100 2.4 -12152 146
587521 100 2.4 -12252 -1222
595099 100 2.4 -11852 20
602775 100 2.4 -11796 852
610549 100 2.4 -11796 1712
618424 100 2.4 -12052 -2146
626400 100 2.4 -12248 1194
634480 100 2.4 -11904 128
642663 100 2.4 -11892 -1206
650952 100 2.4 -11976 -1540
659348 100 2.4 -11704 -888
667853 100 2.4 -11988 1704
676467 100 2.4 -12172 -1382
685192 100 2.4 -12140 -1318
694029 100 2.4 -12204 -898
702981 100 2.4 -11652 -894
712048 100 2.4 -12064 -1664
721232 100 2.4 -12444 536
730534 100 2.4 -12356 784
739957 100 2.4 -12260 982
749500 100 2.4 -11916 566
759168 100 2.4 -12220 -2214
768959 100 2.4 -12268 680
778877 100 2.4 -12048 -278
788923 100 2.4 -11884 252
799099 100 2.4 -11904 -980
809405 100 2.4 -12476 730
819845 100 2.4 -12168 1328
830419 100 2.4 -11760 -1492
841130 100 2.4 -11912 -1024
851979 100 2.4 -11952 166
862968 100 2.4 -11888 568
874098 100 2.4 -12020 -958
885373 100 2.4 -11792 -1014
896792 100 2.4 -11892 -2096
908359 100 2.4 -12248 2796
920075 100 2.4 -12028 1004
931942 100 2.4 -12536 108
943962 100 2.4 -12200 226
956137 100 2.4 -11572 -738
968470 100 2.4 -12348 -838
980961 100 2.4 -11988 -842
993613 100 2.4 -12404 -110
999999 100 2.4 -12020 2280
