3 140 2.4 -17972 416
4 140 2.4 -18800 668
5 140 2.4 -19540 666
6 140 2.4 -20316 594
7 140 2.4 -20540 640
8 140 2.4 -20692 826
9 140 2.4 -21392 1094
10 140 2.4 -21152 930
11 140 2.4 -21172 794
12 140 2.4 -21632 850
13 140 2.4 -21564 908
14 140 2.4 -21848 1102
15 140 2.4 -21924 1130
16 140 2.4 -22008 1054
17 140 2.4 -22176 1106
18 140 2.4 -22128 1026
19 140 2.4 -22128 1202
20 140 2.4 -21896 1284
21 140 2.4 -22284 1420
22 140 2.4 -21832 1370
23 140 2.4 -21980 1324
24 140 2.4 -22152 1408
25 140 2.4 -22364 1414
26 140 2.4 -22536 1248
27 140 2.4 -22724 1532
28 140 2.4 -22724 1438
29 140 2.4 -22788 1514
30 140 2.4 -23000 1614
31 140 2.4 -22952 1680
32 140 2.4 -22948 1906
33 140 2.4 -23072 2026
34 140 2.4 -23316 2218
35 140 2.4 -22936 2132
36 140 2.4 -23212 2134
37 140 2.4 -23032 2026
38 140 2.4 -23092 1936
39 140 2.4 -22976 1948
40 140 2.4 -23076 1840
41 140 2.4 -23152 1960
42 140 2.4 -23468 2002
43 140 2.4 -23564 2064
44 140 2.4 -23428 1954
45 140 2.4 -23428 1954
46 140 2.4 -23560 1938
47 140 2.4 -23956 2100
48 140 2.4 -23732 1982
49 140 2.4 -23908 1802
50 140 2.4 -23964 1894
51 140 2.4 -23640 1570
52 140 2.4 -23932 1490
53 140 2.4 -23808 1548
54 140 2.4 -23492 1498
55 140 2.4 -23544 1404
56 140 2.4 -23580 1352
57 140 2.4 -23692 1254
58 140 2.4 -23508 1378
59 140 2.4 -23404 1436
60 140 2.4 -23448 1686
61 140 2.4 -23172 1572
62 140 2.4 -23392 1700
63 140 2.4 -23312 1758
64 140 2.4 -23348 1758
65 140 2.4 -23312 1746
66 140 2.4 -22776 1918
67 140 2.4 -23120 2388
68 140 2.4 -23100 2180
69 140 2.4 -23084 2050
70 140 2.4 -23232 1942
71 140 2.4 -23484 2078
72 140 2.4 -23564 2136
73 140 2.4 -23900 2074
74 140 2.4 -23944 2000
75 140 2.4 -23832 1946
76 140 2.4 -23684 1932
77 140 2.4 -23732 1864
78 140 2.4 -23480 1750
79 140 2.4 -23660 1818
80 140 2.4 -23288 1762
81 140 2.4 -22996 1966
82 140 2.4 -23356 2124
83 140 2.4 -22984 2174
84 140 2.4 -23164 2238
85 140 2.4 -23316 2410
86 140 2.4 -23356 2522
88 140 2.4 -22704 2166
89 140 2.4 -22888 2120
90 140 2.4 -23204 2204
91 140 2.4 -23564 2060
92 140 2.4 -23204 2176
93 140 2.4 -23400 2062
95 140 2.4 -23180 1972
96 140 2.4 -23124 2200
97 140 2.4 -23256 2102
98 140 2.4 -23280 1928
99 140 2.4 -23108 1730
101 140 2.4 -23184 2094
102 140 2.4 -23136 2114
103 140 2.4 -23260 2012
105 140 2.4 -23208 2222
106 140 2.4 -23100 2030
107 140 2.4 -23372 2064
109 140 2.4 -23044 2016
110 140 2.4 -23268 1814
112 140 2.4 -23208 1658
113 140 2.4 -23208 1282
114 140 2.4 -23424 1278
116 140 2.4 -23792 1162
117 140 2.4 -23856 1116
119 140 2.4 -23820 1204
120 140 2.4 -23920 1036
122 140 2.4 -23632 994
124 140 2.4 -23652 990
125 140 2.4 -23684 1088
127 140 2.4 -23704 1070
128 140 2.4 -23576 932
130 140 2.4 -23328 690
132 140 2.4 -23608 778
133 140 2.4 -23392 626
135 140 2.4 -23664 866
137 140 2.4 -23880 1044
139 140 2.4 -23860 1054
140 140 2.4 -23804 914
142 140 2.4 -23620 968
144 140 2.4 -23152 774
146 140 2.4 -23616 930
148 140 2.4 -23172 1286
150 140 2.4 -23468 1452
152 140 2.4 -23172 1570
154 140 2.4 -23312 1700
155 140 2.4 -23296 1950
157 140 2.4 -23624 2030
160 140 2.4 -23608 2240
162 140 2.4 -24104 2136
164 140 2.4 -23752 2148
166 140 2.4 -23448 2356
168 140 2.4 -23840 2346
170 140 2.4 -23452 2544
172 140 2.4 -23604 2354
174 140 2.4 -24052 2474
177 140 2.4 -24184 2416
179 140 2.4 -23800 2554
181 140 2.4 -24060 2690
184 140 2.4 -23416 2678
186 140 2.4 -23160 2498
188 140 2.4 -23236 2614
191 140 2.4 -23192 2814
193 140 2.4 -23396 2726
196 140 2.4 -23028 2944
198 140 2.4 -23076 2568
201 140 2.4 -23280 2526
203 140 2.4 -23332 2238
206 140 2.4 -23084 2062
209 140 2.4 -23988 2108
211 140 2.4 -23212 2158
214 140 2.4 -23640 2020
217 140 2.4 -23424 2146
220 140 2.4 -23760 2266
222 140 2.4 -23472 2106
225 140 2.4 -23552 1932
228 140 2.4 -23316 2262
231 140 2.4 -23624 2140
234 140 2.4 -23600 1912
237 140 2.4 -23272 2120
240 140 2.4 -23700 2216
243 140 2.4 -23636 1810
246 140 2.4 -23348 1778
250 140 2.4 -23592 1328
253 140 2.4 -23308 1116
256 140 2.4 -23636 1188
259 140 2.4 -23436 1244
263 140 2.4 -23328 1734
266 140 2.4 -23688 2054
269 140 2.4 -23432 2034
273 140 2.4 -23980 1928
276 140 2.4 -23548 1814
280 140 2.4 -24060 1910
284 140 2.4 -23496 1952
287 140 2.4 -23476 1934
291 140 2.4 -23508 2072
295 140 2.4 -23656 1988
298 140 2.4 -22848 2096
302 140 2.4 -23368 1940
306 140 2.4 -23948 1576
310 140 2.4 -23460 1192
314 140 2.4 -23452 1546
318 140 2.4 -23676 1760
322 140 2.4 -23108 1976
326 140 2.4 -23084 1756
331 140 2.4 -23628 1716
335 140 2.4 -22888 2068
339 140 2.4 -23760 1992
344 140 2.4 -23608 1816
348 140 2.4 -23740 2298
352 140 2.4 -23920 2846
357 140 2.4 -23664 3086
362 140 2.4 -23748 2886
366 140 2.4 -23612 2812
371 140 2.4 -23040 2804
376 140 2.4 -23580 2818
381 140 2.4 -23468 2518
385 140 2.4 -23776 3202
390 140 2.4 -24176 3194
395 140 2.4 -23768 3062
401 140 2.4 -23944 3068
406 140 2.4 -23888 2544
411 140 2.4 -24460 1952
416 140 2.4 -23792 1924
422 140 2.4 -24256 1606
427 140 2.4 -24084 1472
433 140 2.4 -23560 1412
438 140 2.4 -23636 1272
444 140 2.4 -24260 666
449 140 2.4 -23256 278
455 140 2.4 -23676 450
461 140 2.4 -23644 462
467 140 2.4 -23508 806
473 140 2.4 -22984 674
479 140 2.4 -23008 400
485 140 2.4 -23800 250
492 140 2.4 -23840 114
498 140 2.4 -24124 -264
504 140 2.4 -23572 -750
511 140 2.4 -23660 -1176
517 140 2.4 -23264 -1174
524 140 2.4 -23016 -1480
531 140 2.4 -23308 -1382
538 140 2.4 -23260 -1374
545 140 2.4 -23596 -960
552 140 2.4 -23172 -644
559 140 2.4 -23564 -696
566 140 2.4 -23724 -980
573 140 2.4 -23668 -1372
581 140 2.4 -23296 -1698
588 140 2.4 -23576 -2042
596 140 2.4 -23772 -2374
603 140 2.4 -23520 -2226
611 140 2.4 -23728 -2064
619 140 2.4 -23560 -2250
627 140 2.4 -23120 -1714
635 140 2.4 -23236 -1896
643 140 2.4 -23700 -2218
652 140 2.4 -22944 -2486
660 140 2.4 -23808 -2702
668 140 2.4 -23348 -2016
677 140 2.4 -23980 -2118
686 140 2.4 -23704 -1574
695 140 2.4 -23620 -1722
704 140 2.4 -23712 -2090
713 140 2.4 -24284 -1972
722 140 2.4 -23936 -2300
731 140 2.4 -23464 -1740
741 140 2.4 -23744 -1926
750 140 2.4 -23888 -2186
760 140 2.4 -23936 -2512
770 140 2.4 -23532 -2900
780 140 2.4 -23192 -2870
790 140 2.4 -23684 -2724
800 140 2.4 -23536 -3034
810 140 2.4 -23460 -2506
821 140 2.4 -23592 -2692
831 140 2.4 -23728 -3420
842 140 2.4 -24052 -3496
853 140 2.4 -23592 -2564
864 140 2.4 -23568 -2340
875 140 2.4 -23200 -1814
886 140 2.4 -23428 -1606
897 140 2.4 -23452 -1528
909 140 2.4 -23528 -1520
921 140 2.4 -23548 -1552
933 140 2.4 -23416 -830
945 140 2.4 -23812 -460
957 140 2.4 -23440 -24
969 140 2.4 -23004 1012
982 140 2.4 -23552 1298
994 140 2.4 -23404 1386
1007 140 2.4 -23900 668
1020 140 2.4 -23640 1708
1033 140 2.4 -24280 1216
1047 140 2.4 -23324 1358
1060 140 2.4 -23928 1220
1074 140 2.4 -23240 1430
1088 140 2.4 -23328 1444
1102 140 2.4 -23584 880
1116 140 2.4 -23508 -256
1130 140 2.4 -23800 -802
1145 140 2.4 -24148 -480
1160 140 2.4 -24048 -810
1174 140 2.4 -23640 -616
1190 140 2.4 -23560 -94
1205 140 2.4 -23500 -526
1220 140 2.4 -23724 -1242
1236 140 2.4 -24012 -1336
1252 140 2.4 -24108 -1766
1268 140 2.4 -23476 -1862
1285 140 2.4 -24116 -1698
1301 140 2.4 -23392 -2182
1318 140 2.4 -23652 -1698
1335 140 2.4 -24188 -1602
1352 140 2.4 -24040 -2096
1370 140 2.4 -24240 -2180
1387 140 2.4 -23360 -1930
1405 140 2.4 -23812 -1800
1423 140 2.4 -23932 -2200
1442 140 2.4 -23672 -1390
1460 140 2.4 -23788 -1148
1479 140 2.4 -23632 42
1498 140 2.4 -23992 564
1517 140 2.4 -23448 722
1537 140 2.4 -23348 52
1557 140 2.4 -22936 428
1577 140 2.4 -23536 556
1597 140 2.4 -23568 -460
1618 140 2.4 -23100 -472
1639 140 2.4 -23640 -264
1660 140 2.4 -22780 236
1681 140 2.4 -23548 552
1703 140 2.4 -23452 446
1725 140 2.4 -23500 958
1747 140 2.4 -23996 454
1770 140 2.4 -24000 698
1792 140 2.4 -24092 1230
1816 140 2.4 -23692 1288
1839 140 2.4 -23620 1302
1863 140 2.4 -23548 1006
1887 140 2.4 -23660 -168
1911 140 2.4 -23224 -150
1936 140 2.4 -23228 -602
1961 140 2.4 -24180 -6
1986 140 2.4 -22996 148
2012 140 2.4 -22980 480
2037 140 2.4 -23800 558
2064 140 2.4 -23364 658
2090 140 2.4 -23400 1306
2117 140 2.4 -23956 1800
2145 140 2.4 -23384 1378
2172 140 2.4 -23488 510
2200 140 2.4 -23748 1002
2229 140 2.4 -24072 1074
2257 140 2.4 -23316 222
2286 140 2.4 -23364 408
2316 140 2.4 -23516 414
2346 140 2.4 -23480 274
2376 140 2.4 -23332 -370
2407 140 2.4 -23208 682
2438 140 2.4 -23544 1436
2469 140 2.4 -23612 420
2501 140 2.4 -23396 498
2533 140 2.4 -23312 796
2566 140 2.4 -23876 1238
2599 140 2.4 -23344 -652
2633 140 2.4 -23784 -240
2667 140 2.4 -23604 -658
2701 140 2.4 -23488 426
2736 140 2.4 -23316 -692
2771 140 2.4 -24316 -18
2807 140 2.4 -24056 82
2843 140 2.4 -23436 1064
2880 140 2.4 -23848 432
2917 140 2.4 -23244 -274
2954 140 2.4 -24208 150
2992 140 2.4 -24168 -1130
3031 140 2.4 -23784 -1652
3070 140 2.4 -23632 -980
3110 140 2.4 -23476 -1030
3150 140 2.4 -23796 -1566
3190 140 2.4 -23848 -1482
3232 140 2.4 -23320 -206
3273 140 2.4 -23732 -290
3315 140 2.4 -24276 -484
3358 140 2.4 -23756 -658
3402 140 2.4 -23880 -1842
3445 140 2.4 -23660 -370
3490 140 2.4 -23752 216
3535 140 2.4 -23932 570
3580 140 2.4 -23508 420
3627 140 2.4 -23968 390
3673 140 2.4 -24232 1022
3721 140 2.4 -23136 2042
3769 140 2.4 -23832 1408
3817 140 2.4 -23820 2598
3867 140 2.4 -23472 2554
3916 140 2.4 -23796 2768
3967 140 2.4 -23740 3126
4018 140 2.4 -24012 2578
4070 140 2.4 -23952 1518
4122 140 2.4 -23932 2824
4176 140 2.4 -23924 2652
4229 140 2.4 -23620 2198
4284 140 2.4 -23560 1278
4339 140 2.4 -23720 1186
4395 140 2.4 -23312 902
4452 140 2.4 -23996 1144
4509 140 2.4 -23544 766
4567 140 2.4 -23460 520
4626 140 2.4 -23652 568
4686 140 2.4 -23492 -434
4746 140 2.4 -23540 1838
4808 140 2.4 -23520 1536
4870 140 2.4 -23872 2782
4932 140 2.4 -23732 2094
4996 140 2.4 -23716 2256
5060 140 2.4 -23532 2462
5126 140 2.4 -23660 2276
5192 140 2.4 -23368 1282
5259 140 2.4 -23880 236
5327 140 2.4 -23884 -1078
5395 140 2.4 -23244 -1030
5465 140 2.4 -23340 -160
5535 140 2.4 -23644 302
5607 140 2.4 -23444 1142
5679 140 2.4 -23396 1298
5752 140 2.4 -23900 1728
5826 140 2.4 -23028 1802
5902 140 2.4 -23284 1370
5978 140 2.4 -23768 -196
6055 140 2.4 -22692 810
6133 140 2.4 -23156 -112
6212 140 2.4 -23492 -636
6292 140 2.4 -23460 462
6373 140 2.4 -24296 122
6455 140 2.4 -23040 304
6539 140 2.4 -23584 926
6623 140 2.4 -24104 -262
6708 140 2.4 -24404 -1840
6795 140 2.4 -23296 -2790
6883 140 2.4 -23536 -3430
6971 140 2.4 -23676 -2226
7061 140 2.4 -24456 -1846
7152 140 2.4 -23660 -764
7245 140 2.4 -23216 -118
7338 140 2.4 -23920 1202
7433 140 2.4 -22984 -418
7529 140 2.4 -23652 -2802
7626 140 2.4 -23396 -848
7724 140 2.4 -23628 -1098
7824 140 2.4 -24556 -1350
7925 140 2.4 -23208 -1098
8027 140 2.4 -23476 -1104
8130 140 2.4 -24276 -2932
8235 140 2.4 -23788 -2478
8341 140 2.4 -23060 -722
8449 140 2.4 -23764 -332
8558 140 2.4 -23884 -426
8668 140 2.4 -24144 -434
8780 140 2.4 -23444 98
8893 140 2.4 -23836 836
9008 140 2.4 -23964 2236
9124 140 2.4 -23892 900
9242 140 2.4 -23680 -66
9361 140 2.4 -23800 -444
9482 140 2.4 -23460 924
9604 140 2.4 -22952 992
9728 140 2.4 -23160 -1022
9853 140 2.4 -23420 266
9980 140 2.4 -23524 446
10109 140 2.4 -23668 1550
10240 140 2.4 -23248 1546
10372 140 2.4 -23280 210
10505 140 2.4 -23888 526
10641 140 2.4 -24156 618
10778 140 2.4 -24192 1692
10917 140 2.4 -23740 -2486
11058 140 2.4 -23740 -2588
11201 140 2.4 -23268 2126
11345 140 2.4 -24156 692
11491 140 2.4 -23388 -1480
11640 140 2.4 -23840 -1604
11790 140 2.4 -23480 -2070
11942 140 2.4 -23284 -2398
12096 140 2.4 -24316 -1062
12252 140 2.4 -23480 -1990
12410 140 2.4 -23640 -838
12570 140 2.4 -23660 -688
12732 140 2.4 -23664 -1492
12896 140 2.4 -24136 -2574
13062 140 2.4 -24092 -448
13231 140 2.4 -23592 -1462
13402 140 2.4 -23504 866
13574 140 2.4 -23984 390
13750 140 2.4 -23940 894
13927 140 2.4 -23392 -1052
14106 140 2.4 -23364 910
14288 140 2.4 -23284 1348
14473 140 2.4 -23740 -1150
14659 140 2.4 -23588 -2030
14848 140 2.4 -23264 -372
15040 140 2.4 -23760 2634
15234 140 2.4 -24136 2674
15430 140 2.4 -24220 2938
15629 140 2.4 -22828 808
15831 140 2.4 -24092 -636
16035 140 2.4 -23848 -1862
16242 140 2.4 -23440 1578
16451 140 2.4 -23456 3204
16664 140 2.4 -24480 4236
16879 140 2.4 -23976 1800
17096 140 2.4 -23388 1968
17317 140 2.4 -23532 2228
17540 140 2.4 -23400 1088
17766 140 2.4 -23432 -928
17995 140 2.4 -23804 288
18228 140 2.4 -23268 456
18463 140 2.4 -23644 1914
18701 140 2.4 -23900 2932
18942 140 2.4 -23268 1304
19186 140 2.4 -23028 2370
19434 140 2.4 -23872 -154
19684 140 2.4 -23644 -386
19938 140 2.4 -23860 2098
20195 140 2.4 -24300 3310
20456 140 2.4 -22820 1696
20720 140 2.4 -23428 -956
20987 140 2.4 -23404 -1812
21258 140 2.4 -23832 -1506
21532 140 2.4 -23348 1894
21810 140 2.4 -23108 936
22091 140 2.4 -23596 -2504
22376 140 2.4 -23812 -584
22664 140 2.4 -23584 1758
22957 140 2.4 -23388 1592
23253 140 2.4 -23996 5068
23553 140 2.4 -23900 4770
23856 140 2.4 -23176 460
24164 140 2.4 -23752 3786
24476 140 2.4 -23980 2526
24791 140 2.4 -23364 -2120
25111 140 2.4 -23060 592
25435 140 2.4 -24612 1556
25763 140 2.4 -23408 1920
26095 140 2.4 -24124 362
26432 140 2.4 -23300 2128
26773 140 2.4 -23828 728
27118 140 2.4 -23580 -110
27468 140 2.4 -23268 2414
27822 140 2.4 -23836 1152
28181 140 2.4 -23284 -3294
28545 140 2.4 -23308 -776
28913 140 2.4 -23884 2700
29286 140 2.4 -24048 2582
29663 140 2.4 -23320 2424
30046 140 2.4 -23612 2096
30434 140 2.4 -23740 2784
30826 140 2.4 -24332 1350
31224 140 2.4 -23480 -1422
31626 140 2.4 -23792 242
32034 140 2.4 -23024 -1258
32447 140 2.4 -23928 -1970
32866 140 2.4 -23436 1178
33290 140 2.4 -23720 -1500
33719 140 2.4 -23188 1116
34154 140 2.4 -23456 432
34595 140 2.4 -23464 -1270
35041 140 2.4 -23520 -602
35493 140 2.4 -23756 -180
35951 140 2.4 -23940 -652
36414 140 2.4 -23260 -650
36884 140 2.4 -24208 2554
37360 140 2.4 -23996 1134
37841 140 2.4 -23232 282
38330 140 2.4 -23324 930
38824 140 2.4 -22792 -1132
39325 140 2.4 -23864 -494
39832 140 2.4 -23296 -1248
40346 140 2.4 -23128 -1404
40866 140 2.4 -23452 -1288
41393 140 2.4 -23196 -562
41927 140 2.4 -23776 3740
42468 140 2.4 -22908 694
43015 140 2.4 -24252 -718
43570 140 2.4 -24052 708
44132 140 2.4 -22760 608
44701 140 2.4 -23640 32
45278 140 2.4 -23660 284
45862 140 2.4 -23888 -568
46453 140 2.4 -23024 -3038
47053 140 2.4 -23492 -1420
47660 140 2.4 -23576 -122
48274 140 2.4 -24364 -3686
48897 140 2.4 -23216 872
49528 140 2.4 -24036 3346
50166 140 2.4 -23800 -1718
50813 140 2.4 -23256 818
51469 140 2.4 -24048 -654
52133 140 2.4 -24028 -3000
52805 140 2.4 -24308 -3824
53486 140 2.4 -22800 -1906
54176 140 2.4 -23628 20
54875 140 2.4 -23768 552
55582 140 2.4 -23920 580
56299 140 2.4 -24084 -2462
57025 140 2.4 -23128 -1790
57761 140 2.4 -23736 -554
58506 140 2.4 -23160 2980
59261 140 2.4 -23936 -3568
60025 140 2.4 -23284 -2330
60799 140 2.4 -23628 -2914
61583 140 2.4 -24276 2074
62378 140 2.4 -23696 -40
63182 140 2.4 -23540 2846
63997 140 2.4 -23432 1156
64822 140 2.4 -23784 624
65658 140 2.4 -23408 -596
66505 140 2.4 -24392 254
67363 140 2.4 -23580 -1614
68232 140 2.4 -24076 -1930
69112 140 2.4 -24028 1376
70003 140 2.4 -23988 1212
70906 140 2.4 -23816 -850
71821 140 2.4 -23800 160
72747 140 2.4 -23420 1110
73685 140 2.4 -23252 -1890
74636 140 2.4 -23888 424
75599 140 2.4 -23432 244
76574 140 2.4 -23432 -208
77561 140 2.4 -23500 184
78562 140 2.4 -23728 -662
79575 140 2.4 -23812 -1112
80601 140 2.4 -23552 -1284
81641 140 2.4 -23740 3358
82694 140 2.4 -23596 1796
83760 140 2.4 -23888 -2614
84841 140 2.4 -23572 2108
85935 140 2.4 -23824 2128
87043 140 2.4 -23056 724
88166 140 2.4 -23092 -30
89303 140 2.4 -23928 1598
90455 140 2.4 -23544 266
91622 140 2.4 -23968 -1978
92803 140 2.4 -23472 -300
94000 140 2.4 -24056 -2252
95213 140 2.4 -23124 784
96441 140 2.4 -23784 2908
97685 140 2.4 -22812 2778
98945 140 2.4 -23636 60
100221 140 2.4 -23596 -1538
101513 140 2.4 -24132 -1328
102823 140 2.4 -23256 192
104149 140 2.4 -23616 1944
105492 140 2.4 -24040 -610
106853 140 2.4 -23780 3252
108231 140 2.4 -23156 -1290
109627 140 2.4 -23636 266
111041 140 2.4 -23468 3814
112473 140 2.4 -23444 202
113924 140 2.4 -23116 -58
115393 140 2.4 -23640 698
116882 140 2.4 -23904 3466
118389 140 2.4 -23284 116
119916 140 2.4 -23568 -956
121463 140 2.4 -23396 -2670
123029 140 2.4 -24144 326
124616 140 2.4 -23848 -1228
126224 140 2.4 -23472 2650
127852 140 2.4 -23532 -1936
129501 140 2.4 -22800 458
131171 140 2.4 -23936 -3192
132863 140 2.4 -23956 -428
134576 140 2.4 -24072 1316
136312 140 2.4 -23916 2982
138070 140 2.4 -23660 1502
139851 140 2.4 -23604 -2106
141655 140 2.4 -23804 -1696
143482 140 2.4 -23192 -2138
145333 140 2.4 -23232 -1078
147207 140 2.4 -23676 14
149106 140 2.4 -24068 458
151029 140 2.4 -24112 -664
152977 140 2.4 -23456 2786
154950 140 2.4 -23388 1904
156948 140 2.4 -23848 290
158973 140 2.4 -24032 402
161023 140 2.4 -23140 778
163100 140 2.4 -23692 1754
165204 140 2.4 -23956 2724
167334 140 2.4 -23504 -382
169493 140 2.4 -23472 -1318
171679 140 2.4 -23248 -714
173893 140 2.4 -24372 224
176136 140 2.4 -23244 -1578
178408 140 2.4 -23604 -142
180709 140 2.4 -23728 -532
183040 140 2.4 -23564 -1552
185400 140 2.4 -23748 -882
187792 140 2.4 -23316 -1384
190214 140 2.4 -23304 -864
192667 140 2.4 -23796 1364
195152 140 2.4 -23648 -46
197669 140 2.4 -23820 -488
200219 140 2.4 -23392 526
202801 140 2.4 -23304 110
205417 140 2.4 -23932 1764
208066 140 2.4 -23696 1454
210750 140 2.4 -23404 1170
213468 140 2.4 -23696 -180
216222 140 2.4 -23208 850
219010 140 2.4 -23020 590
221835 140 2.4 -23576 2204
224696 140 2.4 -23844 1280
227595 140 2.4 -23644 -3082
230530 140 2.4 -23516 -1418
233503 140 2.4 -23360 166
236515 140 2.4 -23648 1054
239566 140 2.4 -23828 -2214
242656 140 2.4 -23956 -544
245785 140 2.4 -24056 3264
248956 140 2.4 -23308 -864
252167 140 2.4 -24072 -668
255419 140 2.4 -23248 -1376
258713 140 2.4 -23820 492
262050 140 2.4 -23580 -478
265430 140 2.4 -23636 -852
268854 140 2.4 -23240 1996
272321 140 2.4 -23620 3046
275834 140 2.4 -23956 -522
279391 140 2.4 -23904 582
282995 140 2.4 -23808 -2830
286645 140 2.4 -23664 -260
290342 140 2.4 -23888 -466
294087 140 2.4 -23948 720
297880 140 2.4 -23776 684
301722 140 2.4 -23224 -528
305614 140 2.4 -23236 -770
309556 140 2.4 -23732 -1130
313548 140 2.4 -23740 -934
317592 140 2.4 -23476 -32
321689 140 2.4 -23576 -350
325838 140 2.4 -23472 -1596
330040 140 2.4 -23508 -1300
334297 140 2.4 -23472 -714
338609 140 2.4 -23748 -1836
342976 140 2.4 -24296 -86
347400 140 2.4 -23484 4646
351881 140 2.4 -23612 474
356419 140 2.4 -23488 2756
361016 140 2.4 -23240 304
365673 140 2.4 -23268 -1484
370389 140 2.4 -23808 1902
375167 140 2.4 -23852 1256
380005 140 2.4 -23016 -1444
384907 140 2.4 -23380 -3338
389871 140 2.4 -23712 -2310
394900 140 2.4 -24008 -10
399993 140 2.4 -24348 -410
405152 140 2.4 -24352 -2124
410378 140 2.4 -23572 -1712
415671 140 2.4 -23520 -340
421032 140 2.4 -23188 1526
426463 140 2.4 -23616 -448
431963 140 2.4 -23012 212
437535 140 2.4 -23884 1024
443178 140 2.4 -23520 -456
448894 140 2.4 -24156 -14
454684 140 2.4 -23384 4574
460548 140 2.4 -23324 1470
466489 140 2.4 -23540 -2214
472505 140 2.4 -23352 -810
478600 140 2.4 -23560 1110
484773 140 2.4 -24364 -2022
491025 140 2.4 -23320 -2196
497358 140 2.4 -23692 2780
503773 140 2.4 -23632 -1368
510271 140 2.4 -23464 -698
516852 140 2.4 -23208 -174
523519 140 2.4 -23800 -314
530271 140 2.4 -23564 470
537111 140 2.4 -23612 856
544038 140 2.4 -23236 -1324
551055 140 2.4 -23668 -1498
558163 140 2.4 -23720 -1830
565362 140 2.4 -23788 -444
572654 140 2.4 -24324 -1216
580040 140 2.4 -24100 2816
587521 140 2.4 -23804 -808
595099 140 2.4 -23548 2268
602775 140 2.4 -23488 3774
610549 140 2.4 -23932 1988
618424 140 2.4 -23948 -1658
626400 140 2.4 -23592 1638
634480 140 2.4 -23548 534
642663 140 2.4 -23040 -1390
650952 140 2.4 -24224 888
659348 140 2.4 -23588 652
667853 140 2.4 -23916 -128
676467 140 2.4 -23380 278
685192 140 2.4 -22780 3330
694029 140 2.4 -23532 3550
702981 140 2.4 -23248 562
712048 140 2.4 -24080 -206
721232 140 2.4 -24164 -2446
730534 140 2.4 -23832 954
739957 140 2.4 -23260 -2358
749500 140 2.4 -23664 1208
759168 140 2.4 -23216 -2016
768959 140 2.4 -23240 2184
778877 140 2.4 -23924 3322
788923 140 2.4 -23640 -2562
799099 140 2.4 -23108 218
809405 140 2.4 -23624 1856
819845 140 2.4 -23452 942
830419 140 2.4 -23400 1636
841130 140 2.4 -23288 904
851979 140 2.4 -23548 2136
862968 140 2.4 -23528 -1764
874098 140 2.4 -23700 -1282
885373 140 2.4 -23868 -2562
896792 140 2.4 -23776 -1690
908359 140 2.4 -24004 1592
920075 140 2.4 -23700 1456
931942 140 2.4 -23564 628
943962 140 2.4 -23672 1902
956137 140 2.4 -23632 188
968470 140 2.4 -23644 -1254
980961 140 2.4 -23200 -406
993613 140 2.4 -23284 -834
999999 140 2.4 -23280 1742
