3 60 2 -3756 4
4 60 2 -4088 -46
5 60 2 -4296 -54
6 60 2 -4472 6
7 60 2 -4480 16
8 60 2 -4548 50
9 60 2 -4612 114
10 60 2 -4760 168
11 60 2 -4888 178
12 60 2 -4892 136
13 60 2 -4852 196
14 60 2 -4828 278
15 60 2 -4944 412
16 60 2 -4992 400
17 60 2 -4988 466
18 60 2 -5000 508
19 60 2 -5028 508
20 60 2 -5108 518
21 60 2 -5112 538
22 60 2 -5168 506
23 60 2 -5140 560
24 60 2 -5188 560
25 60 2 -5188 504
26 60 2 -5272 548
27 60 2 -5244 600
28 60 2 -5268 652
29 60 2 -5284 614
30 60 2 -5216 648
31 60 2 -5204 552
32 60 2 -5188 620
33 60 2 -5144 532
34 60 2 -5068 570
35 60 2 -5280 570
36 60 2 -5260 538
37 60 2 -5264 552
38 60 2 -5260 556
39 60 2 -5284 540
40 60 2 -5312 558
41 60 2 -5336 552
42 60 2 -5408 538
43 60 2 -5424 468
44 60 2 -5344 490
45 60 2 -5440 490
46 60 2 -5424 528
47 60 2 -5404 578
48 60 2 -5396 574
49 60 2 -5532 562
50 60 2 -5452 602
51 60 2 -5436 552
52 60 2 -5452 616
53 60 2 -5440 602
54 60 2 -5384 546
55 60 2 -5416 522
56 60 2 -5488 520
57 60 2 -5516 464
58 60 2 -5456 542
59 60 2 -5600 546
60 60 2 -5612 472
61 60 2 -5472 432
62 60 2 -5676 406
63 60 2 -5536 362
64 60 2 -5508 408
65 60 2 -5340 442
66 60 2 -5336 440
67 60 2 -5348 508
68 60 2 -5456 504
69 60 2 -5560 450
70 60 2 -5572 454
71 60 2 -5596 502
72 60 2 -5632 536
73 60 2 -5640 568
74 60 2 -5624 584
75 60 2 -5604 586
76 60 2 -5504 704
77 60 2 -5560 728
78 60 2 -5544 696
79 60 2 -5564 656
80 60 2 -5600 720
81 60 2 -5676 646
82 60 2 -5620 688
83 60 2 -5532 648
84 60 2 -5584 616
85 60 2 -5520 648
86 60 2 -5600 674
88 60 2 -5532 722
89 60 2 -5564 690
90 60 2 -5544 594
91 60 2 -5452 656
92 60 2 -5516 660
93 60 2 -5604 634
95 60 2 -5592 706
96 60 2 -5616 708
97 60 2 -5728 728
98 60 2 -5644 716
99 60 2 -5764 722
101 60 2 -5748 742
102 60 2 -5676 678
103 60 2 -5588 688
105 60 2 -5656 706
106 60 2 -5660 758
107 60 2 -5832 762
109 60 2 -5696 808
110 60 2 -5624 804
112 60 2 -5796 768
113 60 2 -5632 760
114 60 2 -5680 758
116 60 2 -5728 748
117 60 2 -5752 842
119 60 2 -5744 848
120 60 2 -5740 886
122 60 2 -5804 878
124 60 2 -5824 872
125 60 2 -5828 782
127 60 2 -5844 754
128 60 2 -5892 848
130 60 2 -5996 880
132 60 2 -5844 948
133 60 2 -5936 1020
135 60 2 -5808 1008
137 60 2 -5816 1026
139 60 2 -5828 1104
140 60 2 -5864 1084
142 60 2 -5840 1104
144 60 2 -5760 1128
146 60 2 -5888 1098
148 60 2 -5732 1024
150 60 2 -5720 996
152 60 2 -5596 960
154 60 2 -5668 952
155 60 2 -5724 940
157 60 2 -5860 970
160 60 2 -5716 968
162 60 2 -5660 952
164 60 2 -5688 1022
166 60 2 -5828 998
168 60 2 -5748 910
170 60 2 -5764 930
172 60 2 -5776 896
174 60 2 -5760 1002
177 60 2 -5800 994
179 60 2 -5948 984
181 60 2 -5780 1012
184 60 2 -5932 1068
186 60 2 -5968 1012
188 60 2 -5908 972
191 60 2 -5684 916
193 60 2 -5872 946
196 60 2 -5652 902
198 60 2 -5776 920
201 60 2 -5828 886
203 60 2 -5804 840
206 60 2 -5908 744
209 60 2 -5920 792
211 60 2 -5856 730
214 60 2 -5836 740
217 60 2 -5840 752
220 60 2 -5612 782
222 60 2 -5852 698
225 60 2 -5808 696
228 60 2 -5708 642
231 60 2 -5952 560
234 60 2 -5892 612
237 60 2 -5832 558
240 60 2 -5828 568
243 60 2 -5720 578
246 60 2 -5780 482
250 60 2 -5872 372
253 60 2 -5804 440
256 60 2 -5964 450
259 60 2 -5828 350
263 60 2 -5764 402
266 60 2 -5816 426
269 60 2 -5940 592
273 60 2 -5772 448
276 60 2 -5748 326
280 60 2 -5828 442
284 60 2 -5632 256
287 60 2 -5752 234
291 60 2 -5672 296
295 60 2 -5652 376
298 60 2 -5852 394
302 60 2 -5788 468
306 60 2 -6012 470
310 60 2 -6044 420
314 60 2 -5784 498
318 60 2 -6044 582
322 60 2 -5780 490
326 60 2 -5988 614
331 60 2 -5860 614
335 60 2 -5904 596
339 60 2 -5952 520
344 60 2 -5856 418
348 60 2 -5828 440
352 60 2 -5812 368
357 60 2 -5996 370
362 60 2 -5980 440
366 60 2 -5844 436
371 60 2 -5736 422
376 60 2 -5852 382
381 60 2 -5784 400
385 60 2 -5864 414
390 60 2 -5784 390
395 60 2 -6112 422
401 60 2 -5804 242
406 60 2 -5912 326
411 60 2 -5988 286
416 60 2 -5868 300
422 60 2 -6036 402
427 60 2 -5848 352
433 60 2 -5824 522
438 60 2 -5820 400
444 60 2 -5840 302
449 60 2 -5696 386
455 60 2 -5796 336
461 60 2 -5780 280
467 60 2 -5900 386
473 60 2 -5684 512
479 60 2 -5924 600
485 60 2 -5676 588
492 60 2 -5884 566
498 60 2 -5904 654
504 60 2 -5756 758
511 60 2 -5696 776
517 60 2 -5880 680
524 60 2 -5916 726
531 60 2 -6032 792
538 60 2 -5764 630
545 60 2 -5820 630
552 60 2 -5868 692
559 60 2 -5820 700
566 60 2 -5920 556
573 60 2 -5900 516
581 60 2 -5768 586
588 60 2 -6020 506
596 60 2 -5840 570
603 60 2 -5976 550
611 60 2 -5760 640
619 60 2 -5796 524
627 60 2 -5860 624
635 60 2 -5936 648
643 60 2 -5756 688
652 60 2 -5832 694
660 60 2 -5828 694
668 60 2 -5972 674
677 60 2 -5664 636
686 60 2 -6028 666
695 60 2 -5892 522
704 60 2 -5952 382
713 60 2 -5772 248
722 60 2 -5700 178
731 60 2 -5884 178
741 60 2 -5812 194
750 60 2 -5876 130
760 60 2 -5876 258
770 60 2 -5812 324
780 60 2 -6000 504
790 60 2 -5832 398
800 60 2 -5828 302
810 60 2 -6072 246
821 60 2 -5880 312
831 60 2 -5820 218
842 60 2 -6008 84
853 60 2 -5736 178
864 60 2 -5880 204
875 60 2 -5944 196
886 60 2 -5992 100
897 60 2 -5928 144
909 60 2 -6072 160
921 60 2 -5840 38
933 60 2 -5716 150
945 60 2 -5796 -78
957 60 2 -5680 20
969 60 2 -5796 -34
982 60 2 -5984 -50
994 60 2 -5896 -6
1007 60 2 -5920 78
1020 60 2 -5916 36
1033 60 2 -6060 6
1047 60 2 -6012 40
1060 60 2 -5712 -16
1074 60 2 -6152 154
1088 60 2 -5868 -78
1102 60 2 -5852 28
1116 60 2 -5764 0
1130 60 2 -5828 140
1145 60 2 -5924 110
1160 60 2 -5772 -18
1174 60 2 -5836 -86
1190 60 2 -5908 -238
1205 60 2 -5840 -204
1220 60 2 -5796 -134
1236 60 2 -5932 -82
1252 60 2 -5900 26
1268 60 2 -5792 62
1285 60 2 -5780 -108
1301 60 2 -5884 -214
1318 60 2 -5664 -150
1335 60 2 -5668 -62
1352 60 2 -5672 28
1370 60 2 -5868 -22
1387 60 2 -5880 -140
1405 60 2 -5876 -106
1423 60 2 -6068 -78
1442 60 2 -5692 -116
1460 60 2 -5736 -4
1479 60 2 -5772 -52
1498 60 2 -5944 -128
1517 60 2 -5964 38
1537 60 2 -5876 214
1557 60 2 -5860 74
1577 60 2 -5788 -68
1597 60 2 -5980 -266
1618 60 2 -5960 -290
1639 60 2 -5932 -436
1660 60 2 -5880 -186
1681 60 2 -5824 -256
1703 60 2 -6092 -56
1725 60 2 -5964 -204
1747 60 2 -5880 -284
1770 60 2 -6000 -436
1792 60 2 -5908 -310
1816 60 2 -5904 -560
1839 60 2 -5828 -644
1863 60 2 -5848 -892
1887 60 2 -5688 -854
1911 60 2 -5856 -954
1936 60 2 -5596 -764
1961 60 2 -5732 -712
1986 60 2 -5940 -664
2012 60 2 -5924 -910
2037 60 2 -5848 -786
2064 60 2 -5668 -830
2090 60 2 -5904 -994
2117 60 2 -5832 -842
2145 60 2 -5940 -984
2172 60 2 -5944 -1184
2200 60 2 -6096 -1112
2229 60 2 -5808 -766
2257 60 2 -5932 -900
2286 60 2 -5740 -1090
2316 60 2 -5716 -1338
2346 60 2 -5536 -932
2376 60 2 -5892 -834
2407 60 2 -5908 -860
2438 60 2 -5800 -712
2469 60 2 -5992 -922
2501 60 2 -5920 -948
2533 60 2 -5784 -794
2566 60 2 -5848 -448
2599 60 2 -5828 -276
2633 60 2 -5848 -380
2667 60 2 -5672 -546
2701 60 2 -5968 -450
2736 60 2 -5860 -290
2771 60 2 -5740 -6
2807 60 2 -6060 -150
2843 60 2 -5844 -382
2880 60 2 -5864 -170
2917 60 2 -5760 -138
2954 60 2 -5884 -160
2992 60 2 -5804 -248
3031 60 2 -5780 -368
3070 60 2 -5700 -332
3110 60 2 -5968 -412
3150 60 2 -5924 -218
3190 60 2 -5796 -26
3232 60 2 -5832 -132
3273 60 2 -5864 -386
3315 60 2 -5796 -246
3358 60 2 -6068 -62
3402 60 2 -5876 -382
3445 60 2 -5836 -332
3490 60 2 -5864 -222
3535 60 2 -6008 -104
3580 60 2 -5880 -106
3627 60 2 -5916 192
3673 60 2 -5936 402
3721 60 2 -5820 616
3769 60 2 -5788 598
3817 60 2 -5820 442
3867 60 2 -5672 496
3916 60 2 -5652 312
3967 60 2 -5772 350
4018 60 2 -5864 316
4070 60 2 -5980 180
4122 60 2 -6040 -26
4176 60 2 -5760 138
4229 60 2 -5928 -132
4284 60 2 -5876 288
4339 60 2 -5840 132
4395 60 2 -5812 394
4452 60 2 -5864 476
4509 60 2 -5904 602
4567 60 2 -5828 482
4626 60 2 -5916 734
4686 60 2 -6020 778
4746 60 2 -5732 928
4808 60 2 -6064 684
4870 60 2 -5888 728
4932 60 2 -5800 906
4996 60 2 -5936 948
5060 60 2 -5932 772
5126 60 2 -5948 604
5192 60 2 -5896 864
5259 60 2 -6004 1084
5327 60 2 -5812 668
5395 60 2 -5756 696
5465 60 2 -5712 566
5535 60 2 -5768 286
5607 60 2 -5908 474
5679 60 2 -6044 758
5752 60 2 -5896 872
5826 60 2 -5860 614
5902 60 2 -5840 584
5978 60 2 -5964 -2
6055 60 2 -6032 138
6133 60 2 -5984 32
6212 60 2 -5752 -72
6292 60 2 -6008 -184
6373 60 2 -6080 -372
6455 60 2 -5872 -322
6539 60 2 -5536 -728
6623 60 2 -5896 -802
6708 60 2 -6000 -668
6795 60 2 -5972 -762
6883 60 2 -6048 -846
6971 60 2 -5812 -364
7061 60 2 -5960 -184
7152 60 2 -5980 -292
7245 60 2 -5848 -420
7338 60 2 -5832 150
7433 60 2 -5928 -354
7529 60 2 -5776 -182
7626 60 2 -5708 -610
7724 60 2 -5860 -346
7824 60 2 -5788 194
7925 60 2 -5644 -582
8027 60 2 -5616 -670
8130 60 2 -5880 -340
8235 60 2 -5816 -426
8341 60 2 -5504 -524
8449 60 2 -5700 -546
8558 60 2 -5856 -2
8668 60 2 -5816 -344
8780 60 2 -5820 40
8893 60 2 -5720 206
9008 60 2 -5820 300
9124 60 2 -5828 -228
9242 60 2 -5864 -644
9361 60 2 -5760 -300
9482 60 2 -5776 -62
9604 60 2 -5840 -214
9728 60 2 -5928 -494
9853 60 2 -5844 -394
9980 60 2 -5892 -492
10109 60 2 -5872 -80
10240 60 2 -5896 108
10372 60 2 -5976 -166
10505 60 2 -5844 24
10641 60 2 -5940 -104
10778 60 2 -5904 -32
10917 60 2 -5572 -626
11058 60 2 -5896 -868
11201 60 2 -5752 -2006
11345 60 2 -5812 -2918
11491 60 2 -6432 -3348
11640 60 2 -6276 -3288
11790 60 2 -6072 -3226
11942 60 2 -6428 -3360
12096 60 2 -6304 -3300
12252 60 2 -6412 -3294
12410 60 2 -6436 -3328
12570 60 2 -6188 -3282
12732 60 2 -6400 -3344
12896 60 2 -6316 -3272
13062 60 2 -6036 -3184
13231 60 2 -6304 -3290
13402 60 2 -6264 -3274
13574 60 2 -6144 -3202
13750 60 2 -6196 -3248
13927 60 2 -6444 -3356
14106 60 2 -6312 -3284
14288 60 2 -6192 -3234
14473 60 2 -6268 -3296
14659 60 2 -6192 -3218
14848 60 2 -6252 -3274
15040 60 2 -6364 -3314
15234 60 2 -6512 -3382
15430 60 2 -6252 -3262
15629 60 2 -6232 -3262
15831 60 2 -6164 -3248
16035 60 2 -6304 -3306
16242 60 2 -6408 -3338
16451 60 2 -6476 -3342
16664 60 2 -6432 -3336
16879 60 2 -6324 -3246
17096 60 2 -6280 -3292
17317 60 2 -6416 -3322
17540 60 2 -6224 -3270
17766 60 2 -6372 -3324
17995 60 2 -6144 -3262
18228 60 2 -6148 -3218
18463 60 2 -6392 -3304
18701 60 2 -6488 -3386
18942 60 2 -6172 -3206
19186 60 2 -6160 -3222
19434 60 2 -6220 -3268
19684 60 2 -6348 -3320
19938 60 2 -6272 -3304
20195 60 2 -6184 -3240
20456 60 2 -6348 -3304
20720 60 2 -6212 -3266
20987 60 2 -6244 -3280
21258 60 2 -6276 -3218
21532 60 2 -6388 -3302
21810 60 2 -6536 -3410
22091 60 2 -6388 -3344
22376 60 2 -6308 -3296
22664 60 2 -6268 -3244
22957 60 2 -6300 -3316
23253 60 2 -6340 -3328
23553 60 2 -6332 -3320
23856 60 2 -6352 -3310
24164 60 2 -6216 -3270
24476 60 2 -6368 -3326
24791 60 2 -6224 -3246
25111 60 2 -6180 -3242
25435 60 2 -6352 -3316
25763 60 2 -6360 -3312
26095 60 2 -6272 -3250
26432 60 2 -6180 -3226
26773 60 2 -6192 -3202
27118 60 2 -6204 -3230
27468 60 2 -6184 -3188
27822 60 2 -6224 -3216
28181 60 2 -6136 -3236
28545 60 2 -6368 -3330
28913 60 2 -6352 -3328
29286 60 2 -6304 -3290
29663 60 2 -6296 -3230
30046 60 2 -6392 -3354
30434 60 2 -6172 -3248
30826 60 2 -6312 -3278
31224 60 2 -6304 -3280
31626 60 2 -6268 -3314
32034 60 2 -6224 -3202
32447 60 2 -6296 -3260
32866 60 2 -6272 -3282
33290 60 2 -6316 -3252
33719 60 2 -6220 -3264
34154 60 2 -6176 -3264
34595 60 2 -6220 -3292
35041 60 2 -6336 -3296
35493 60 2 -6292 -3298
35951 60 2 -6492 -3366
36414 60 2 -6308 -3314
36884 60 2 -6372 -3316
37360 60 2 -6328 -3308
37841 60 2 -6332 -3252
38330 60 2 -6380 -3332
38824 60 2 -6260 -3288
39325 60 2 -6424 -3334
39832 60 2 -6340 -3348
40346 60 2 -6256 -3276
40866 60 2 -6356 -3292
41393 60 2 -6276 -3308
41927 60 2 -6308 -3256
42468 60 2 -6212 -3216
43015 60 2 -6308 -3316
43570 60 2 -6552 -3394
44132 60 2 -6452 -3360
44701 60 2 -6148 -3240
45278 60 2 -6348 -3318
45862 60 2 -6008 -3078
46453 60 2 -6184 -3234
47053 60 2 -6220 -3244
47660 60 2 -6172 -3208
48274 60 2 -6360 -3306
48897 60 2 -6408 -3338
49528 60 2 -6312 -3300
50166 60 2 -6340 -3324
50813 60 2 -6160 -3220
51469 60 2 -6424 -3340
52133 60 2 -6132 -3206
52805 60 2 -6260 -3264
53486 60 2 -6392 -3334
54176 60 2 -6304 -3216
54875 60 2 -6296 -3284
55582 60 2 -6180 -3274
56299 60 2 -6512 -3364
57025 60 2 -6364 -3344
57761 60 2 -6196 -3252
58506 60 2 -6188 -3262
59261 60 2 -6372 -3298
60025 60 2 -6344 -3318
60799 60 2 -6220 -3258
61583 60 2 -6240 -3288
62378 60 2 -6328 -3208
63182 60 2 -6316 -3302
63997 60 2 -6208 -3252
64822 60 2 -6240 -3240
65658 60 2 -6320 -3286
66505 60 2 -6284 -3300
67363 60 2 -6356 -3326
68232 60 2 -6372 -3324
69112 60 2 -6376 -3296
70003 60 2 -6148 -3192
70906 60 2 -6300 -3304
71821 60 2 -6076 -3082
72747 60 2 -6172 -3186
73685 60 2 -6328 -3278
74636 60 2 -6228 -3238
75599 60 2 -6244 -3248
76574 60 2 -6368 -3326
77561 60 2 -6444 -3356
78562 60 2 -6176 -3164
79575 60 2 -6224 -3244
80601 60 2 -6372 -3310
81641 60 2 -6368 -3334
82694 60 2 -6328 -3296
83760 60 2 -6200 -3294
84841 60 2 -6208 -3266
85935 60 2 -6064 -3114
87043 60 2 -6244 -3292
88166 60 2 -6064 -3178
89303 60 2 -6332 -3316
90455 60 2 -6308 -3276
91622 60 2 -6368 -3320
92803 60 2 -6408 -3342
94000 60 2 -6288 -3296
95213 60 2 -6352 -3310
96441 60 2 -6360 -3322
97685 60 2 -6284 -3296
98945 60 2 -6264 -3270
100221 60 2 -6328 -3316
101513 60 2 -6368 -3290
102823 60 2 -6368 -3330
104149 60 2 -6268 -3252
105492 60 2 -6288 -3270
106853 60 2 -6276 -3288
108231 60 2 -6248 -3286
109627 60 2 -6376 -3218
111041 60 2 -6312 -3278
112473 60 2 -6276 -3290
113924 60 2 -6256 -3254
115393 60 2 -6304 -3246
116882 60 2 -6328 -3326
118389 60 2 -6220 -3262
119916 60 2 -6228 -3248
121463 60 2 -6156 -3208
123029 60 2 -6296 -3318
124616 60 2 -6200 -3232
126224 60 2 -6188 -3258
127852 60 2 -6212 -3288
129501 60 2 -6232 -3286
131171 60 2 -6340 -3280
132863 60 2 -6248 -3260
134576 60 2 -6264 -3286
136312 60 2 -6240 -3260
138070 60 2 -6316 -3302
139851 60 2 -6336 -3298
141655 60 2 -6188 -3220
143482 60 2 -6364 -3322
145333 60 2 -6328 -3324
147207 60 2 -6448 -3364
149106 60 2 -6132 -3184
151029 60 2 -6352 -3318
152977 60 2 -5964 -3054
154950 60 2 -6164 -3236
156948 60 2 -6268 -3286
158973 60 2 -6260 -3268
161023 60 2 -6436 -3360
163100 60 2 -6288 -3288
165204 60 2 -6356 -3308
167334 60 2 -6432 -3338
169493 60 2 -6144 -3224
171679 60 2 -6404 -3312
173893 60 2 -6224 -3280
176136 60 2 -6456 -3374
178408 60 2 -6204 -3256
180709 60 2 -6352 -3306
183040 60 2 -6152 -3202
185400 60 2 -6336 -3298
187792 60 2 -6188 -3230
190214 60 2 -6480 -3372
192667 60 2 -6248 -3282
195152 60 2 -6292 -3288
197669 60 2 -6240 -3278
200219 60 2 -6140 -3230
202801 60 2 -6280 -3304
205417 60 2 -6248 -3272
208066 60 2 -6248 -3268
210750 60 2 -6436 -3302
213468 60 2 -6252 -3278
216222 60 2 -6188 -3244
219010 60 2 -6192 -3246
221835 60 2 -6156 -3152
224696 60 2 -6296 -3312
227595 60 2 -6404 -3318
230530 60 2 -6308 -3256
233503 60 2 -6284 -3280
236515 60 2 -6236 -3240
239566 60 2 -6236 -3270
242656 60 2 -6192 -3224
245785 60 2 -6440 -3346
248956 60 2 -6480 -3372
252167 60 2 -6276 -3260
255419 60 2 -6452 -3364
258713 60 2 -6388 -3326
262050 60 2 -6084 -3210
265430 60 2 -6380 -3338
268854 60 2 -6372 -3288
272321 60 2 -6196 -3238
275834 60 2 -6304 -3288
279391 60 2 -5972 -3118
282995 60 2 -6324 -3288
286645 60 2 -6212 -3260
290342 60 2 -6308 -3304
294087 60 2 -6264 -3310
297880 60 2 -6236 -3238
301722 60 2 -6420 -3360
305614 60 2 -6312 -3294
309556 60 2 -6356 -3278
313548 60 2 -6288 -3300
317592 60 2 -6120 -3184
321689 60 2 -6304 -3304
325838 60 2 -6260 -3316
330040 60 2 -6440 -3342
334297 60 2 -6332 -3276
338609 60 2 -6460 -3350
342976 60 2 -6376 -3346
347400 60 2 -6232 -3264
351881 60 2 -6512 -3352
356419 60 2 -6276 -3304
361016 60 2 -6308 -3274
365673 60 2 -6400 -3338
370389 60 2 -6320 -3306
375167 60 2 -6348 -3266
380005 60 2 -6244 -3256
384907 60 2 -6124 -3240
389871 60 2 -6172 -3218
394900 60 2 -6204 -3234
399993 60 2 -6356 -3270
405152 60 2 -6156 -3248
410378 60 2 -6312 -3280
415671 60 2 -6240 -3272
421032 60 2 -6144 -3218
426463 60 2 -6300 -3300
431963 60 2 -6380 -3298
437535 60 2 -6188 -3234
443178 60 2 -6240 -3278
448894 60 2 -6164 -3232
454684 60 2 -6152 -3214
460548 60 2 -6372 -3338
466489 60 2 -6180 -3234
472505 60 2 -6336 -3260
478600 60 2 -6348 -3316
484773 60 2 -6304 -3306
491025 60 2 -6312 -3318
497358 60 2 -6204 -3224
503773 60 2 -6244 -3290
510271 60 2 -6392 -3312
516852 60 2 -6368 -3336
523519 60 2 -6424 -3276
530271 60 2 -6368 -3328
537111 60 2 -6348 -3310
544038 60 2 -6284 -3288
551055 60 2 -6388 -3320
558163 60 2 -6340 -3322
565362 60 2 -6360 -3328
572654 60 2 -6236 -3280
580040 60 2 -6412 -3306
587521 60 2 -6100 -3222
595099 60 2 -6364 -3314
602775 60 2 -6256 -3282
610549 60 2 -6368 -3302
618424 60 2 -6412 -3330
626400 60 2 -6404 -3334
634480 60 2 -6228 -3276
642663 60 2 -6188 -3238
650952 60 2 -6180 -3266
659348 60 2 -6076 -3164
667853 60 2 -6280 -3270
676467 60 2 -6176 -3256
685192 60 2 -6256 -3272
694029 60 2 -6404 -3346
702981 60 2 -6272 -3288
712048 60 2 -6124 -3186
721232 60 2 -6332 -3272
730534 60 2 -6248 -3266
739957 60 2 -6416 -3370
749500 60 2 -6208 -3272
759168 60 2 -6296 -3290
768959 60 2 -6248 -3268
778877 60 2 -6196 -3262
788923 60 2 -6276 -3280
799099 60 2 -6332 -3324
809405 60 2 -6300 -3278
819845 60 2 -6276 -3290
830419 60 2 -6128 -3240
841130 60 2 -6176 -3258
851979 60 2 -6104 -3170
862968 60 2 -6152 -3238
874098 60 2 -6336 -3310
885373 60 2 -6484 -3356
896792 60 2 -6456 -3364
908359 60 2 -6276 -3294
920075 60 2 -6188 -3252
931942 60 2 -6144 -3230
943962 60 2 -6052 -3116
956137 60 2 -6232 -3294
968470 60 2 -6300 -3268
980961 60 2 -6160 -3226
993613 60 2 -6264 -3264
999999 60 2 -6244 -3270
