3 60 2.1 -3588 -96
4 60 2.1 -3700 -104
5 60 2.1 -4032 -114
6 60 2.1 -4252 -58
7 60 2.1 -4448 -122
8 60 2.1 -4400 -196
9 60 2.1 -4548 -82
10 60 2.1 -4560 -58
11 60 2.1 -4668 -158
12 60 2.1 -4692 -164
13 60 2.1 -4732 -168
14 60 2.1 -4644 -258
15 60 2.1 -4820 -310
16 60 2.1 -5040 -354
17 60 2.1 -5088 -330
18 60 2.1 -5072 -300
19 60 2.1 -5064 -188
20 60 2.1 -4888 -142
21 60 2.1 -5028 -178
22 60 2.1 -5016 -96
23 60 2.1 -5028 -58
24 60 2.1 -4960 -114
25 60 2.1 -5140 -28
26 60 2.1 -5252 -72
27 60 2.1 -5332 -62
28 60 2.1 -5288 -66
29 60 2.1 -5192 -34
30 60 2.1 -5264 -60
31 60 2.1 -5216 -94
32 60 2.1 -5076 -184
33 60 2.1 -5180 -194
34 60 2.1 -5072 -220
35 60 2.1 -5060 -128
36 60 2.1 -5048 -144
37 60 2.1 -5140 -180
38 60 2.1 -5228 -196
39 60 2.1 -5304 -228
40 60 2.1 -5176 -118
41 60 2.1 -5208 -168
42 60 2.1 -5384 -238
43 60 2.1 -5300 -240
44 60 2.1 -5164 -242
45 60 2.1 -5232 -248
46 60 2.1 -5340 -262
47 60 2.1 -5348 -276
48 60 2.1 -5360 -240
49 60 2.1 -5300 -214
50 60 2.1 -5212 -154
51 60 2.1 -5204 -166
52 60 2.1 -5188 -152
53 60 2.1 -5196 -200
54 60 2.1 -5180 -212
55 60 2.1 -5152 -280
56 60 2.1 -5140 -274
57 60 2.1 -5144 -246
58 60 2.1 -5200 -300
59 60 2.1 -5088 -206
60 60 2.1 -5156 -244
61 60 2.1 -5228 -306
62 60 2.1 -5060 -280
63 60 2.1 -5204 -364
64 60 2.1 -5252 -422
65 60 2.1 -5272 -358
66 60 2.1 -5192 -316
67 60 2.1 -5304 -278
68 60 2.1 -5488 -274
69 60 2.1 -5500 -284
70 60 2.1 -5576 -260
71 60 2.1 -5416 -244
72 60 2.1 -5460 -264
73 60 2.1 -5412 -220
74 60 2.1 -5416 -148
75 60 2.1 -5420 -146
76 60 2.1 -5268 -132
77 60 2.1 -5312 -98
78 60 2.1 -5424 -98
79 60 2.1 -5576 -72
80 60 2.1 -5448 -128
81 60 2.1 -5460 -72
82 60 2.1 -5428 -88
83 60 2.1 -5392 -38
84 60 2.1 -5448 -48
85 60 2.1 -5420 -78
86 60 2.1 -5332 -74
88 60 2.1 -5188 -208
89 60 2.1 -5332 -236
90 60 2.1 -5332 -232
91 60 2.1 -5208 -170
92 60 2.1 -5220 -226
93 60 2.1 -5244 -188
95 60 2.1 -5212 -162
96 60 2.1 -5276 -48
97 60 2.1 -5304 -100
98 60 2.1 -5404 -124
99 60 2.1 -5292 -72
101 60 2.1 -5412 -68
102 60 2.1 -5452 -26
103 60 2.1 -5496 -38
105 60 2.1 -5492 138
106 60 2.1 -5484 198
107 60 2.1 -5428 178
109 60 2.1 -5360 262
110 60 2.1 -5336 294
112 60 2.1 -5432 346
113 60 2.1 -5472 336
114 60 2.1 -5312 388
116 60 2.1 -5196 420
117 60 2.1 -5196 368
119 60 2.1 -5204 492
120 60 2.1 -5160 530
122 60 2.1 -5288 508
124 60 2.1 -5436 504
125 60 2.1 -5364 480
127 60 2.1 -5280 558
128 60 2.1 -5344 510
130 60 2.1 -5384 496
132 60 2.1 -5504 536
133 60 2.1 -5328 466
135 60 2.1 -5280 620
137 60 2.1 -5252 670
139 60 2.1 -5092 608
140 60 2.1 -5080 604
142 60 2.1 -5104 576
144 60 2.1 -5240 596
146 60 2.1 -5324 620
148 60 2.1 -5336 648
150 60 2.1 -5668 700
152 60 2.1 -5324 644
154 60 2.1 -5512 692
155 60 2.1 -5404 662
157 60 2.1 -5368 634
160 60 2.1 -5368 690
162 60 2.1 -5560 700
164 60 2.1 -5624 754
166 60 2.1 -5432 706
168 60 2.1 -5392 710
170 60 2.1 -5520 704
172 60 2.1 -5448 688
174 60 2.1 -5376 690
177 60 2.1 -5432 694
179 60 2.1 -5504 680
181 60 2.1 -5472 588
184 60 2.1 -5608 702
186 60 2.1 -5532 672
188 60 2.1 -5576 616
191 60 2.1 -5316 692
193 60 2.1 -5412 694
196 60 2.1 -5408 822
198 60 2.1 -5576 814
201 60 2.1 -5556 1022
203 60 2.1 -5588 1080
206 60 2.1 -5488 1096
209 60 2.1 -5768 1124
211 60 2.1 -5608 1102
214 60 2.1 -5416 1086
217 60 2.1 -5352 1260
220 60 2.1 -5260 1294
222 60 2.1 -5460 1282
225 60 2.1 -5540 1494
228 60 2.1 -5448 1484
231 60 2.1 -5472 1426
234 60 2.1 -5612 1500
237 60 2.1 -5540 1534
240 60 2.1 -5736 1512
243 60 2.1 -5856 1448
246 60 2.1 -5648 1438
250 60 2.1 -5680 1448
253 60 2.1 -5580 1566
256 60 2.1 -5576 1596
259 60 2.1 -5624 1608
263 60 2.1 -5692 1704
266 60 2.1 -5660 1722
269 60 2.1 -5664 1842
273 60 2.1 -5740 1768
276 60 2.1 -5812 1738
280 60 2.1 -5864 1862
284 60 2.1 -5740 1852
287 60 2.1 -5808 1822
291 60 2.1 -5760 1826
295 60 2.1 -5876 1874
298 60 2.1 -5840 1856
302 60 2.1 -5780 1900
306 60 2.1 -5548 1786
310 60 2.1 -5728 1854
314 60 2.1 -5700 1952
318 60 2.1 -5648 1946
322 60 2.1 -5584 1954
326 60 2.1 -5504 1928
331 60 2.1 -5636 1908
335 60 2.1 -5600 1998
339 60 2.1 -5940 2152
344 60 2.1 -5560 2010
348 60 2.1 -5640 2008
352 60 2.1 -5560 1938
357 60 2.1 -5712 2018
362 60 2.1 -5576 2012
366 60 2.1 -5736 2124
371 60 2.1 -5764 2012
376 60 2.1 -5640 2054
381 60 2.1 -5772 2190
385 60 2.1 -5796 2180
390 60 2.1 -5552 2162
395 60 2.1 -5728 2310
401 60 2.1 -5500 2190
406 60 2.1 -5700 2362
411 60 2.1 -5560 2226
416 60 2.1 -5688 2304
422 60 2.1 -5644 2474
427 60 2.1 -5636 2574
433 60 2.1 -5604 2524
438 60 2.1 -5632 2570
444 60 2.1 -5688 2632
449 60 2.1 -5736 2794
455 60 2.1 -5716 2766
461 60 2.1 -5836 2820
467 60 2.1 -5840 2918
473 60 2.1 -6084 3032
479 60 2.1 -6108 3110
485 60 2.1 -5764 2986
492 60 2.1 -6048 3092
498 60 2.1 -5888 3052
504 60 2.1 -5980 3110
511 60 2.1 -6176 3206
517 60 2.1 -6028 3162
524 60 2.1 -6064 3218
531 60 2.1 -5988 3174
538 60 2.1 -6060 3186
545 60 2.1 -5980 3164
552 60 2.1 -5948 3130
559 60 2.1 -6112 3206
566 60 2.1 -6220 3278
573 60 2.1 -5944 3156
581 60 2.1 -6168 3260
588 60 2.1 -6144 3232
596 60 2.1 -6148 3252
603 60 2.1 -5964 3156
611 60 2.1 -5872 3132
619 60 2.1 -6260 3284
627 60 2.1 -6068 3204
635 60 2.1 -5960 3056
643 60 2.1 -5804 3064
652 60 2.1 -5988 3110
660 60 2.1 -5992 3118
668 60 2.1 -5916 3150
677 60 2.1 -5888 3120
686 60 2.1 -6052 3192
695 60 2.1 -5788 2996
704 60 2.1 -5832 2968
713 60 2.1 -5804 2950
722 60 2.1 -5936 3114
731 60 2.1 -5896 3066
741 60 2.1 -5984 3028
750 60 2.1 -6024 3160
760 60 2.1 -6068 3168
770 60 2.1 -5964 3124
780 60 2.1 -6136 3242
790 60 2.1 -6124 3212
800 60 2.1 -5932 3064
810 60 2.1 -5796 2990
821 60 2.1 -5880 3038
831 60 2.1 -5808 3118
842 60 2.1 -6144 3232
853 60 2.1 -5724 2982
864 60 2.1 -6056 3142
875 60 2.1 -6128 3146
886 60 2.1 -6028 3144
897 60 2.1 -5900 3126
909 60 2.1 -5976 3156
921 60 2.1 -6056 3172
933 60 2.1 -6084 3162
945 60 2.1 -6004 3146
957 60 2.1 -5944 3138
969 60 2.1 -5800 3050
982 60 2.1 -5880 3110
994 60 2.1 -5992 3062
1007 60 2.1 -6108 3156
1020 60 2.1 -6020 3134
1033 60 2.1 -5892 2982
1047 60 2.1 -5872 3058
1060 60 2.1 -6044 3152
1074 60 2.1 -5996 3144
1088 60 2.1 -6004 3162
1102 60 2.1 -5888 3094
1116 60 2.1 -5876 3072
1130 60 2.1 -6016 3188
1145 60 2.1 -5992 3104
1160 60 2.1 -6016 3140
1174 60 2.1 -6072 3178
1190 60 2.1 -5868 3142
1205 60 2.1 -5988 3172
1220 60 2.1 -6084 3210
1236 60 2.1 -6032 3152
1252 60 2.1 -6084 3106
1268 60 2.1 -5924 3064
1285 60 2.1 -5968 3096
1301 60 2.1 -6176 3242
1318 60 2.1 -6080 3152
1335 60 2.1 -6052 3168
1352 60 2.1 -6040 3166
1370 60 2.1 -6056 3142
1387 60 2.1 -6084 3180
1405 60 2.1 -6168 3260
1423 60 2.1 -5992 3148
1442 60 2.1 -5980 3162
1460 60 2.1 -5992 3080
1479 60 2.1 -5912 3052
1498 60 2.1 -5892 3018
1517 60 2.1 -5956 3016
1537 60 2.1 -6044 3150
1557 60 2.1 -6036 3114
1577 60 2.1 -6072 3186
1597 60 2.1 -5980 3188
1618 60 2.1 -5924 3120
1639 60 2.1 -5960 3122
1660 60 2.1 -6240 3260
1681 60 2.1 -6112 3238
1703 60 2.1 -5912 3114
1725 60 2.1 -5936 3068
1747 60 2.1 -6116 3196
1770 60 2.1 -6096 3194
1792 60 2.1 -6088 3232
1816 60 2.1 -5892 3028
1839 60 2.1 -5988 3062
1863 60 2.1 -5896 2998
1887 60 2.1 -5832 3052
1911 60 2.1 -6068 3176
1936 60 2.1 -6040 3202
1961 60 2.1 -6088 3194
1986 60 2.1 -5924 3116
2012 60 2.1 -6080 3196
2037 60 2.1 -6316 3292
2064 60 2.1 -5696 3038
2090 60 2.1 -5952 3138
2117 60 2.1 -6024 3120
2145 60 2.1 -6124 3226
2172 60 2.1 -6128 3234
2200 60 2.1 -6004 3172
2229 60 2.1 -5964 3128
2257 60 2.1 -6028 3098
2286 60 2.1 -5816 3006
2316 60 2.1 -5884 2942
2346 60 2.1 -6032 3158
2376 60 2.1 -5912 2932
2407 60 2.1 -5964 3194
2438 60 2.1 -5876 3076
2469 60 2.1 -6028 3180
2501 60 2.1 -5972 3128
2533 60 2.1 -5940 3080
2566 60 2.1 -5760 2980
2599 60 2.1 -5904 3062
2633 60 2.1 -6124 3226
2667 60 2.1 -5896 3142
2701 60 2.1 -6008 3156
2736 60 2.1 -5940 3110
2771 60 2.1 -6048 3184
2807 60 2.1 -6092 3206
2843 60 2.1 -5856 3020
2880 60 2.1 -6080 3196
2917 60 2.1 -5848 3102
2954 60 2.1 -6024 3156
2992 60 2.1 -6036 3162
3031 60 2.1 -5980 3088
3070 60 2.1 -6088 3202
3110 60 2.1 -6040 3174
3150 60 2.1 -5920 3124
3190 60 2.1 -5824 3072
3232 60 2.1 -6136 3240
3273 60 2.1 -5960 3124
3315 60 2.1 -5964 3114
3358 60 2.1 -5992 3158
3402 60 2.1 -6084 3210
3445 60 2.1 -5912 3098
3490 60 2.1 -5812 3058
3535 60 2.1 -6068 3094
3580 60 2.1 -5888 3098
3627 60 2.1 -6084 3184
3673 60 2.1 -5848 3022
3721 60 2.1 -5864 3082
3769 60 2.1 -5928 3176
3817 60 2.1 -6008 3150
3867 60 2.1 -5924 3108
3916 60 2.1 -6256 3268
3967 60 2.1 -5908 3106
4018 60 2.1 -6068 3152
4070 60 2.1 -5968 3110
4122 60 2.1 -6124 3184
4176 60 2.1 -5916 3038
4229 60 2.1 -6068 3172
4284 60 2.1 -6068 3202
4339 60 2.1 -6032 3148
4395 60 2.1 -6008 3154
4452 60 2.1 -6032 3188
4509 60 2.1 -5892 3142
4567 60 2.1 -6120 3200
4626 60 2.1 -6052 3188
4686 60 2.1 -6144 3180
4746 60 2.1 -5980 3108
4808 60 2.1 -6004 3158
4870 60 2.1 -5988 3114
4932 60 2.1 -5716 2980
4996 60 2.1 -5780 3000
5060 60 2.1 -6208 3272
5126 60 2.1 -5832 3036
5192 60 2.1 -6024 3148
5259 60 2.1 -5712 2942
5327 60 2.1 -6060 3196
5395 60 2.1 -5984 3178
5465 60 2.1 -5936 3112
5535 60 2.1 -6244 3252
5607 60 2.1 -5888 3064
5679 60 2.1 -6020 3164
5752 60 2.1 -6048 3188
5826 60 2.1 -5976 3134
5902 60 2.1 -5788 2996
5978 60 2.1 -5760 2994
6055 60 2.1 -5880 3024
6133 60 2.1 -5904 3100
6212 60 2.1 -5936 3080
6292 60 2.1 -6008 3148
6373 60 2.1 -6168 3226
6455 60 2.1 -6152 3254
6539 60 2.1 -5868 3070
6623 60 2.1 -5892 3018
6708 60 2.1 -6068 3186
6795 60 2.1 -6172 3208
6883 60 2.1 -5944 3148
6971 60 2.1 -5772 3028
7061 60 2.1 -5980 3166
7152 60 2.1 -6092 3242
7245 60 2.1 -5984 3046
7338 60 2.1 -5880 3090
7433 60 2.1 -6100 3166
7529 60 2.1 -6056 3072
7626 60 2.1 -5932 3122
7724 60 2.1 -5928 3148
7824 60 2.1 -6044 3192
7925 60 2.1 -5892 3084
8027 60 2.1 -6144 3238
8130 60 2.1 -6020 3162
8235 60 2.1 -5956 3128
8341 60 2.1 -6068 3194
8449 60 2.1 -6136 3226
8558 60 2.1 -5888 3062
8668 60 2.1 -5916 3058
8780 60 2.1 -5920 3114
8893 60 2.1 -6148 3180
9008 60 2.1 -6176 3268
9124 60 2.1 -5912 3066
9242 60 2.1 -5732 2882
9361 60 2.1 -5828 3066
9482 60 2.1 -5912 3134
9604 60 2.1 -6012 3186
9728 60 2.1 -6032 3150
9853 60 2.1 -6104 3204
9980 60 2.1 -6056 3096
10109 60 2.1 -6120 3212
10240 60 2.1 -5872 3030
10372 60 2.1 -5904 3122
10505 60 2.1 -6132 3240
10641 60 2.1 -6152 3202
10778 60 2.1 -6052 3182
10917 60 2.1 -6152 3264
11058 60 2.1 -5888 3026
11201 60 2.1 -5860 3064
11345 60 2.1 -6020 3140
11491 60 2.1 -5904 3024
11640 60 2.1 -5900 3136
11790 60 2.1 -5784 2978
11942 60 2.1 -5996 3200
12096 60 2.1 -5968 3142
12252 60 2.1 -5872 3080
12410 60 2.1 -5948 3080
12570 60 2.1 -5996 3156
12732 60 2.1 -6072 3214
12896 60 2.1 -5880 3030
13062 60 2.1 -5960 3160
13231 60 2.1 -5996 3138
13402 60 2.1 -6228 3244
13574 60 2.1 -5856 3138
13750 60 2.1 -5964 3150
13927 60 2.1 -6060 3222
14106 60 2.1 -5940 3044
14288 60 2.1 -5984 3148
14473 60 2.1 -6060 3186
14659 60 2.1 -5708 2930
14848 60 2.1 -5960 3130
15040 60 2.1 -5992 3156
15234 60 2.1 -5952 3126
15430 60 2.1 -6016 3088
15629 60 2.1 -5820 3028
15831 60 2.1 -6188 3206
16035 60 2.1 -5960 3146
16242 60 2.1 -5804 3012
16451 60 2.1 -5980 3140
16664 60 2.1 -6196 3250
16879 60 2.1 -5872 3044
17096 60 2.1 -6036 3156
17317 60 2.1 -6152 3220
17540 60 2.1 -6200 3244
17766 60 2.1 -5876 3038
17995 60 2.1 -6056 3142
18228 60 2.1 -5888 3032
18463 60 2.1 -5936 3088
18701 60 2.1 -6120 3190
18942 60 2.1 -6152 3212
19186 60 2.1 -5796 3040
19434 60 2.1 -6012 3152
19684 60 2.1 -5964 3128
19938 60 2.1 -6168 3218
20195 60 2.1 -5936 3174
20456 60 2.1 -5772 3042
20720 60 2.1 -6092 3186
20987 60 2.1 -6088 3222
21258 60 2.1 -5928 3134
21532 60 2.1 -6036 3162
21810 60 2.1 -5856 3102
22091 60 2.1 -5764 2996
22376 60 2.1 -5984 3206
22664 60 2.1 -5800 2996
22957 60 2.1 -5860 3056
23253 60 2.1 -6116 3244
23553 60 2.1 -5932 3144
23856 60 2.1 -6032 3136
24164 60 2.1 -5804 3022
24476 60 2.1 -5828 3048
24791 60 2.1 -6060 3224
25111 60 2.1 -5988 3160
25435 60 2.1 -5744 2880
25763 60 2.1 -6184 3276
26095 60 2.1 -6032 3180
26432 60 2.1 -6060 3212
26773 60 2.1 -5860 2970
27118 60 2.1 -6072 3222
27468 60 2.1 -6180 3232
27822 60 2.1 -6076 3192
28181 60 2.1 -5960 3176
28545 60 2.1 -6052 3170
28913 60 2.1 -5896 3090
29286 60 2.1 -6028 3194
29663 60 2.1 -5980 3106
30046 60 2.1 -5920 3096
30434 60 2.1 -6104 3178
30826 60 2.1 -6084 3106
31224 60 2.1 -6044 3174
31626 60 2.1 -6044 3156
32034 60 2.1 -5792 2976
32447 60 2.1 -6020 3102
32866 60 2.1 -5992 3196
33290 60 2.1 -5828 2966
33719 60 2.1 -5864 3056
34154 60 2.1 -6024 3122
34595 60 2.1 -6156 3254
35041 60 2.1 -5856 3096
35493 60 2.1 -5856 3074
35951 60 2.1 -6064 3130
36414 60 2.1 -5960 2982
36884 60 2.1 -5972 3034
37360 60 2.1 -5948 3106
37841 60 2.1 -5844 2946
38330 60 2.1 -5956 3126
38824 60 2.1 -5788 2972
39325 60 2.1 -6060 3146
39832 60 2.1 -6052 3180
40346 60 2.1 -5872 2948
40866 60 2.1 -6200 3254
41393 60 2.1 -5828 2928
41927 60 2.1 -5964 3100
42468 60 2.1 -5976 3190
43015 60 2.1 -5808 3032
43570 60 2.1 -5944 3104
44132 60 2.1 -5816 2964
44701 60 2.1 -6068 3168
45278 60 2.1 -5968 3098
45862 60 2.1 -5916 3080
46453 60 2.1 -5948 3154
47053 60 2.1 -5744 2980
47660 60 2.1 -6124 3222
48274 60 2.1 -6036 3118
48897 60 2.1 -6116 3210
49528 60 2.1 -6084 3212
50166 60 2.1 -5952 3154
50813 60 2.1 -6184 3192
51469 60 2.1 -6172 3218
52133 60 2.1 -5976 3124
52805 60 2.1 -6016 3166
53486 60 2.1 -5852 3068
54176 60 2.1 -6056 3180
54875 60 2.1 -5976 3168
55582 60 2.1 -6072 3174
56299 60 2.1 -5996 3158
57025 60 2.1 -5820 3112
57761 60 2.1 -5876 3098
58506 60 2.1 -5952 3134
59261 60 2.1 -6008 3084
60025 60 2.1 -5976 3148
60799 60 2.1 -5984 3168
61583 60 2.1 -5876 3134
62378 60 2.1 -6008 3180
63182 60 2.1 -5796 2920
63997 60 2.1 -5840 3036
64822 60 2.1 -6112 3116
65658 60 2.1 -6000 3180
66505 60 2.1 -5944 3124
67363 60 2.1 -5924 3140
68232 60 2.1 -5748 3004
69112 60 2.1 -6008 3118
70003 60 2.1 -6048 3218
70906 60 2.1 -6040 3194
71821 60 2.1 -5980 3124
72747 60 2.1 -6112 3192
73685 60 2.1 -6136 3092
74636 60 2.1 -6024 3142
75599 60 2.1 -5816 3084
76574 60 2.1 -6060 3168
77561 60 2.1 -6084 3166
78562 60 2.1 -6092 3204
79575 60 2.1 -5988 3186
80601 60 2.1 -5916 3060
81641 60 2.1 -5968 3162
82694 60 2.1 -5964 3118
83760 60 2.1 -6072 3214
84841 60 2.1 -6036 3206
85935 60 2.1 -6012 3190
87043 60 2.1 -6068 3212
88166 60 2.1 -5936 3102
89303 60 2.1 -5864 3114
90455 60 2.1 -5700 2986
91622 60 2.1 -5928 3150
92803 60 2.1 -5976 3152
94000 60 2.1 -6140 3220
95213 60 2.1 -5876 3122
96441 60 2.1 -5876 3098
97685 60 2.1 -5892 3086
98945 60 2.1 -5916 3148
100221 60 2.1 -5956 3172
101513 60 2.1 -5984 3060
102823 60 2.1 -5860 3054
104149 60 2.1 -5996 3168
105492 60 2.1 -6048 3150
106853 60 2.1 -6068 3210
108231 60 2.1 -5904 3100
109627 60 2.1 -5896 3084
111041 60 2.1 -5984 3156
112473 60 2.1 -6164 3236
113924 60 2.1 -5924 3068
115393 60 2.1 -5696 2962
116882 60 2.1 -6144 3208
118389 60 2.1 -5896 3060
119916 60 2.1 -5972 3150
121463 60 2.1 -6052 3180
123029 60 2.1 -5972 3118
124616 60 2.1 -5932 3000
126224 60 2.1 -5868 3074
127852 60 2.1 -6168 3206
129501 60 2.1 -5828 2944
131171 60 2.1 -6160 3238
132863 60 2.1 -5812 3074
134576 60 2.1 -5964 3062
136312 60 2.1 -6004 3136
138070 60 2.1 -6084 3214
139851 60 2.1 -6028 3074
141655 60 2.1 -5936 3118
143482 60 2.1 -6160 3208
145333 60 2.1 -5836 3012
147207 60 2.1 -5976 3118
149106 60 2.1 -5960 3132
151029 60 2.1 -5880 3102
152977 60 2.1 -5812 3040
154950 60 2.1 -5820 3104
156948 60 2.1 -5920 3130
158973 60 2.1 -6156 3158
161023 60 2.1 -6124 3222
163100 60 2.1 -6068 3134
165204 60 2.1 -6072 3126
167334 60 2.1 -5988 3000
169493 60 2.1 -6116 3180
171679 60 2.1 -5732 2966
173893 60 2.1 -5952 3122
176136 60 2.1 -5812 3046
178408 60 2.1 -6144 3232
180709 60 2.1 -6220 3230
183040 60 2.1 -5884 3108
185400 60 2.1 -5908 3072
187792 60 2.1 -6108 3160
190214 60 2.1 -5960 3068
192667 60 2.1 -5968 3136
195152 60 2.1 -6156 3140
197669 60 2.1 -6116 3208
200219 60 2.1 -5944 3126
202801 60 2.1 -5988 3138
205417 60 2.1 -6008 3186
208066 60 2.1 -5956 3114
210750 60 2.1 -6088 3142
213468 60 2.1 -6276 3290
216222 60 2.1 -5864 3030
219010 60 2.1 -6052 3146
221835 60 2.1 -6216 3236
224696 60 2.1 -5976 3106
227595 60 2.1 -5920 3076
230530 60 2.1 -6008 3190
233503 60 2.1 -6012 3126
236515 60 2.1 -6048 3174
239566 60 2.1 -5800 3040
242656 60 2.1 -5764 2924
245785 60 2.1 -5832 3094
248956 60 2.1 -5968 3116
252167 60 2.1 -5920 3022
255419 60 2.1 -5924 3154
258713 60 2.1 -6068 3186
262050 60 2.1 -5940 3144
265430 60 2.1 -6228 3250
268854 60 2.1 -6000 3164
272321 60 2.1 -6120 3168
275834 60 2.1 -5908 3106
279391 60 2.1 -5892 3014
282995 60 2.1 -5948 3170
286645 60 2.1 -6076 3210
290342 60 2.1 -5724 2968
294087 60 2.1 -6012 3076
297880 60 2.1 -5936 3038
301722 60 2.1 -5644 2944
305614 60 2.1 -5868 3030
309556 60 2.1 -6084 3070
313548 60 2.1 -6120 3202
317592 60 2.1 -6000 3150
321689 60 2.1 -6252 3276
325838 60 2.1 -6104 3158
330040 60 2.1 -5968 3126
334297 60 2.1 -5816 3100
338609 60 2.1 -5960 3036
342976 60 2.1 -6184 3236
347400 60 2.1 -5828 3060
351881 60 2.1 -5880 3048
356419 60 2.1 -6064 3182
361016 60 2.1 -5928 3114
365673 60 2.1 -5896 3036
370389 60 2.1 -6068 3134
375167 60 2.1 -6040 3164
380005 60 2.1 -6012 3174
384907 60 2.1 -6036 3106
389871 60 2.1 -6000 3162
394900 60 2.1 -5880 3080
399993 60 2.1 -5984 3190
405152 60 2.1 -5984 3126
410378 60 2.1 -5884 3144
415671 60 2.1 -6056 3070
421032 60 2.1 -5880 3098
426463 60 2.1 -6012 3172
431963 60 2.1 -6124 3242
437535 60 2.1 -5816 3056
443178 60 2.1 -6136 3234
448894 60 2.1 -6148 3198
454684 60 2.1 -5988 3106
460548 60 2.1 -6012 3148
466489 60 2.1 -6120 3228
472505 60 2.1 -6028 3190
478600 60 2.1 -6048 3192
484773 60 2.1 -6132 3180
491025 60 2.1 -5788 3038
497358 60 2.1 -5864 3104
503773 60 2.1 -5960 3000
510271 60 2.1 -5952 3108
516852 60 2.1 -6168 3268
523519 60 2.1 -6000 3176
530271 60 2.1 -6104 3210
537111 60 2.1 -6004 3050
544038 60 2.1 -5968 3128
551055 60 2.1 -5884 3054
558163 60 2.1 -6076 3194
565362 60 2.1 -6076 3192
572654 60 2.1 -6016 3166
580040 60 2.1 -6020 3102
587521 60 2.1 -6136 3244
595099 60 2.1 -6024 3172
602775 60 2.1 -6032 3196
610549 60 2.1 -5976 3082
618424 60 2.1 -5812 3050
626400 60 2.1 -6092 3236
634480 60 2.1 -5816 3036
642663 60 2.1 -6068 3170
650952 60 2.1 -5960 3142
659348 60 2.1 -5904 3072
667853 60 2.1 -5920 3052
676467 60 2.1 -6024 3162
685192 60 2.1 -6124 3220
694029 60 2.1 -5844 3110
702981 60 2.1 -6024 3164
712048 60 2.1 -5932 2974
721232 60 2.1 -6084 3184
730534 60 2.1 -5772 3018
739957 60 2.1 -5916 3118
749500 60 2.1 -5932 3142
759168 60 2.1 -5856 3130
768959 60 2.1 -5896 3140
778877 60 2.1 -6004 3164
788923 60 2.1 -6108 3186
799099 60 2.1 -5988 3212
809405 60 2.1 -5796 3016
819845 60 2.1 -5964 3066
830419 60 2.1 -5828 3034
841130 60 2.1 -5956 3052
851979 60 2.1 -6080 3178
862968 60 2.1 -6056 3164
874098 60 2.1 -5928 3040
885373 60 2.1 -6176 3258
896792 60 2.1 -5792 2932
908359 60 2.1 -6136 3222
920075 60 2.1 -5776 3048
931942 60 2.1 -5980 3088
943962 60 2.1 -6056 3190
956137 60 2.1 -6216 3228
968470 60 2.1 -6016 3146
980961 60 2.1 -5952 3030
993613 60 2.1 -6028 3208
999999 60 2.1 -5872 3040
