3 100 2.3 -9168 428
4 100 2.3 -9576 216
5 100 2.3 -10008 150
6 100 2.3 -10468 286
7 100 2.3 -10568 372
8 100 2.3 -11040 450
9 100 2.3 -11200 414
10 100 2.3 -11388 296
11 100 2.3 -11596 306
12 100 2.3 -11700 474
13 100 2.3 -11676 422
14 100 2.3 -11812 348
15 100 2.3 -11900 318
16 100 2.3 -11916 344
17 100 2.3 -11652 380
18 100 2.3 -11780 456
19 100 2.3 -12016 356
20 100 2.3 -11912 148
21 100 2.3 -11936 378
22 100 2.3 -11876 270
23 100 2.3 -11976 206
24 100 2.3 -11924 -118
25 100 2.3 -11892 -54
26 100 2.3 -12148 -118
27 100 2.3 -12240 -156
28 100 2.3 -12048 -8
29 100 2.3 -12208 6
30 100 2.3 -12420 16
31 100 2.3 -12392 108
32 100 2.3 -12612 68
33 100 2.3 -12652 18
34 100 2.3 -12684 -140
35 100 2.3 -12716 -48
36 100 2.3 -12676 78
37 100 2.3 -12648 -120
38 100 2.3 -12352 -50
39 100 2.3 -12404 -194
40 100 2.3 -12332 -88
41 100 2.3 -12320 -224
42 100 2.3 -12500 -294
43 100 2.3 -12312 -280
44 100 2.3 -12436 -188
45 100 2.3 -12756 -228
46 100 2.3 -13016 -294
47 100 2.3 -12916 -342
48 100 2.3 -12948 -216
49 100 2.3 -12888 -322
50 100 2.3 -12820 -210
51 100 2.3 -12700 -176
52 100 2.3 -12576 -18
53 100 2.3 -12652 -84
54 100 2.3 -12688 28
55 100 2.3 -12664 60
56 100 2.3 -12816 -62
57 100 2.3 -12664 -48
58 100 2.3 -13024 -36
59 100 2.3 -12944 52
60 100 2.3 -12804 -8
61 100 2.3 -12856 102
62 100 2.3 -13028 68
63 100 2.3 -12756 -6
64 100 2.3 -12804 154
65 100 2.3 -12824 242
66 100 2.3 -12768 248
67 100 2.3 -12692 110
68 100 2.3 -12556 258
69 100 2.3 -12552 374
70 100 2.3 -12408 196
71 100 2.3 -12584 200
72 100 2.3 -12444 268
73 100 2.3 -12544 262
74 100 2.3 -12512 252
75 100 2.3 -12496 132
76 100 2.3 -12792 332
77 100 2.3 -12680 228
78 100 2.3 -12756 234
79 100 2.3 -12812 390
80 100 2.3 -12776 278
81 100 2.3 -12516 422
82 100 2.3 -12636 414
83 100 2.3 -12928 302
84 100 2.3 -12708 340
85 100 2.3 -12756 316
86 100 2.3 -12936 254
88 100 2.3 -12892 308
89 100 2.3 -12824 416
90 100 2.3 -12516 404
91 100 2.3 -12592 522
92 100 2.3 -12740 448
93 100 2.3 -12748 574
95 100 2.3 -12660 412
96 100 2.3 -12760 298
97 100 2.3 -12780 416
98 100 2.3 -12856 664
99 100 2.3 -12640 680
101 100 2.3 -12788 556
102 100 2.3 -12952 660
103 100 2.3 -12804 702
105 100 2.3 -12920 704
106 100 2.3 -12736 742
107 100 2.3 -12748 858
109 100 2.3 -12656 826
110 100 2.3 -12620 604
112 100 2.3 -12752 692
113 100 2.3 -12896 650
114 100 2.3 -12868 556
116 100 2.3 -12848 840
117 100 2.3 -13100 934
119 100 2.3 -13008 966
120 100 2.3 -13000 1082
122 100 2.3 -12924 908
124 100 2.3 -12768 840
125 100 2.3 -12876 730
127 100 2.3 -12872 774
128 100 2.3 -13064 822
130 100 2.3 -13116 790
132 100 2.3 -13044 736
133 100 2.3 -13316 690
135 100 2.3 -13444 800
137 100 2.3 -13520 876
139 100 2.3 -13584 1112
140 100 2.3 -13296 1026
142 100 2.3 -13148 1014
144 100 2.3 -12988 876
146 100 2.3 -13336 902
148 100 2.3 -13140 962
150 100 2.3 -13080 818
152 100 2.3 -13160 820
154 100 2.3 -13264 786
155 100 2.3 -13208 780
157 100 2.3 -13304 828
160 100 2.3 -13328 836
162 100 2.3 -13292 680
164 100 2.3 -13320 764
166 100 2.3 -13208 868
168 100 2.3 -13064 846
170 100 2.3 -12892 638
172 100 2.3 -13368 610
174 100 2.3 -12836 512
177 100 2.3 -13204 646
179 100 2.3 -13008 560
181 100 2.3 -12744 586
184 100 2.3 -12828 908
186 100 2.3 -12800 830
188 100 2.3 -12744 826
191 100 2.3 -12920 888
193 100 2.3 -12888 844
196 100 2.3 -12960 846
198 100 2.3 -12952 974
201 100 2.3 -13172 1016
203 100 2.3 -12968 1094
206 100 2.3 -12932 922
209 100 2.3 -12948 1164
211 100 2.3 -13116 1304
214 100 2.3 -13044 1630
217 100 2.3 -12960 1538
220 100 2.3 -13104 1232
222 100 2.3 -12848 1388
225 100 2.3 -12804 1394
228 100 2.3 -13164 1402
231 100 2.3 -13064 1614
234 100 2.3 -13040 1636
237 100 2.3 -13184 1600
240 100 2.3 -13296 1316
243 100 2.3 -12676 1318
246 100 2.3 -13228 1126
250 100 2.3 -13156 1276
253 100 2.3 -13032 1156
256 100 2.3 -12928 1000
259 100 2.3 -12756 1036
263 100 2.3 -13140 906
266 100 2.3 -13020 1130
269 100 2.3 -12804 1138
273 100 2.3 -13188 1176
276 100 2.3 -13412 1096
280 100 2.3 -13488 1008
284 100 2.3 -13324 838
287 100 2.3 -13168 1014
291 100 2.3 -13748 978
295 100 2.3 -13616 756
298 100 2.3 -13432 708
302 100 2.3 -13044 622
306 100 2.3 -13240 722
310 100 2.3 -12948 786
314 100 2.3 -13148 326
318 100 2.3 -13228 0
322 100 2.3 -13452 92
326 100 2.3 -13488 174
331 100 2.3 -13504 430
335 100 2.3 -13428 232
339 100 2.3 -13368 378
344 100 2.3 -13408 288
348 100 2.3 -13316 314
352 100 2.3 -13260 344
357 100 2.3 -13096 430
362 100 2.3 -13348 428
366 100 2.3 -13500 420
371 100 2.3 -13528 256
376 100 2.3 -13768 682
381 100 2.3 -13784 790
385 100 2.3 -13436 962
390 100 2.3 -13412 962
395 100 2.3 -13432 1086
401 100 2.3 -13008 866
406 100 2.3 -13448 730
411 100 2.3 -13540 724
416 100 2.3 -13672 906
422 100 2.3 -13556 598
427 100 2.3 -13612 734
433 100 2.3 -13472 1016
438 100 2.3 -13296 796
444 100 2.3 -13212 818
449 100 2.3 -13192 808
455 100 2.3 -13508 534
461 100 2.3 -13632 458
467 100 2.3 -13212 152
473 100 2.3 -12856 150
479 100 2.3 -13008 -30
485 100 2.3 -13152 216
492 100 2.3 -13164 36
498 100 2.3 -13544 266
504 100 2.3 -13388 310
511 100 2.3 -13436 374
517 100 2.3 -13256 300
524 100 2.3 -13212 50
531 100 2.3 -13156 -70
538 100 2.3 -13092 -310
545 100 2.3 -12928 -314
552 100 2.3 -13112 -358
559 100 2.3 -12912 -638
566 100 2.3 -13280 -228
573 100 2.3 -13112 38
581 100 2.3 -12720 -30
588 100 2.3 -12872 -320
596 100 2.3 -12868 -636
603 100 2.3 -12876 -114
611 100 2.3 -13048 -142
619 100 2.3 -13000 -52
627 100 2.3 -13392 -194
635 100 2.3 -13208 2
643 100 2.3 -13128 -334
652 100 2.3 -13120 -340
660 100 2.3 -13300 -164
668 100 2.3 -13080 -362
677 100 2.3 -13344 -468
686 100 2.3 -13376 -416
695 100 2.3 -13308 -186
704 100 2.3 -13564 206
713 100 2.3 -13208 622
722 100 2.3 -13144 336
731 100 2.3 -13460 152
741 100 2.3 -12984 24
750 100 2.3 -13484 -44
760 100 2.3 -13228 186
770 100 2.3 -12684 -54
780 100 2.3 -13044 -96
790 100 2.3 -13204 -610
800 100 2.3 -12880 -402
810 100 2.3 -12852 -494
821 100 2.3 -12852 -402
831 100 2.3 -13124 -292
842 100 2.3 -12876 -80
853 100 2.3 -13216 44
864 100 2.3 -12908 -44
875 100 2.3 -13240 268
886 100 2.3 -12708 530
897 100 2.3 -13168 142
909 100 2.3 -13048 208
921 100 2.3 -13312 282
933 100 2.3 -13136 272
945 100 2.3 -13304 276
957 100 2.3 -13464 338
969 100 2.3 -13720 666
982 100 2.3 -13404 766
994 100 2.3 -13504 1060
1007 100 2.3 -12944 1242
1020 100 2.3 -12940 1258
1033 100 2.3 -13464 1202
1047 100 2.3 -13472 1828
1060 100 2.3 -13168 1652
1074 100 2.3 -13500 1276
1088 100 2.3 -13180 888
1102 100 2.3 -13348 744
1116 100 2.3 -13112 1086
1130 100 2.3 -13136 880
1145 100 2.3 -13224 640
1160 100 2.3 -13228 734
1174 100 2.3 -13312 762
1190 100 2.3 -13312 634
1205 100 2.3 -13684 678
1220 100 2.3 -13312 416
1236 100 2.3 -13200 242
1252 100 2.3 -13164 482
1268 100 2.3 -12824 276
1285 100 2.3 -13384 268
1301 100 2.3 -12992 476
1318 100 2.3 -13372 404
1335 100 2.3 -13216 644
1352 100 2.3 -13348 800
1370 100 2.3 -13268 1168
1387 100 2.3 -13196 1200
1405 100 2.3 -13344 774
1423 100 2.3 -13008 742
1442 100 2.3 -12968 668
1460 100 2.3 -13276 170
1479 100 2.3 -13236 326
1498 100 2.3 -13360 298
1517 100 2.3 -13384 164
1537 100 2.3 -13328 452
1557 100 2.3 -13468 1472
1577 100 2.3 -13876 1612
1597 100 2.3 -13368 1560
1618 100 2.3 -13928 1666
1639 100 2.3 -13784 1176
1660 100 2.3 -13788 1104
1681 100 2.3 -13464 716
1703 100 2.3 -13284 298
1725 100 2.3 -13320 246
1747 100 2.3 -13392 390
1770 100 2.3 -13320 418
1792 100 2.3 -13112 1774
1816 100 2.3 -13352 1844
1839 100 2.3 -13500 2212
1863 100 2.3 -13316 2444
1887 100 2.3 -13608 2944
1911 100 2.3 -13896 2772
1936 100 2.3 -13492 3174
1961 100 2.3 -13340 2618
1986 100 2.3 -13140 2160
2012 100 2.3 -13376 2148
2037 100 2.3 -13544 2884
2064 100 2.3 -13504 3672
2090 100 2.3 -13552 3512
2117 100 2.3 -13904 3882
2145 100 2.3 -13232 3096
2172 100 2.3 -13496 2888
2200 100 2.3 -13480 2136
2229 100 2.3 -13736 2784
2257 100 2.3 -13348 2572
2286 100 2.3 -13308 1516
2316 100 2.3 -13292 2172
2346 100 2.3 -13976 1354
2376 100 2.3 -13488 1356
2407 100 2.3 -13600 1414
2438 100 2.3 -13584 892
2469 100 2.3 -13288 1296
2501 100 2.3 -12988 1280
2533 100 2.3 -13412 1084
2566 100 2.3 -13400 866
2599 100 2.3 -13304 474
2633 100 2.3 -13296 602
2667 100 2.3 -13588 966
2701 100 2.3 -13356 474
2736 100 2.3 -13384 -90
2771 100 2.3 -13700 822
2807 100 2.3 -13236 -126
2843 100 2.3 -12936 -422
2880 100 2.3 -13168 72
2917 100 2.3 -13276 -126
2954 100 2.3 -13368 -744
2992 100 2.3 -13180 -1342
3031 100 2.3 -12820 -496
3070 100 2.3 -13092 -722
3110 100 2.3 -13852 -1716
3150 100 2.3 -13776 -2448
3190 100 2.3 -13304 -2686
3232 100 2.3 -13472 -3572
3273 100 2.3 -13632 -3446
3315 100 2.3 -13856 -4360
3358 100 2.3 -13968 -4404
3402 100 2.3 -14000 -4052
3445 100 2.3 -13280 -3760
3490 100 2.3 -13708 -4252
3535 100 2.3 -13556 -2772
3580 100 2.3 -13544 -2730
3627 100 2.3 -13656 -2812
3673 100 2.3 -13432 -3542
3721 100 2.3 -13204 -2900
3769 100 2.3 -13308 -2704
3817 100 2.3 -13332 -3242
3867 100 2.3 -13896 -2842
3916 100 2.3 -13704 -2558
3967 100 2.3 -13652 -2506
4018 100 2.3 -13772 -2410
4070 100 2.3 -13692 -2740
4122 100 2.3 -13636 -2064
4176 100 2.3 -14164 -1906
4229 100 2.3 -13400 -2156
4284 100 2.3 -13340 -2086
4339 100 2.3 -13304 -1508
4395 100 2.3 -13176 -528
4452 100 2.3 -13096 -1326
4509 100 2.3 -13388 -1842
4567 100 2.3 -13444 -956
4626 100 2.3 -13272 -268
4686 100 2.3 -13476 56
4746 100 2.3 -13508 -658
4808 100 2.3 -12972 -480
4870 100 2.3 -12920 -504
4932 100 2.3 -13068 -334
4996 100 2.3 -12660 -466
5060 100 2.3 -13024 -130
5126 100 2.3 -13108 -1202
5192 100 2.3 -12956 -1190
5259 100 2.3 -13080 -1298
5327 100 2.3 -13112 -1160
5395 100 2.3 -13356 -654
5465 100 2.3 -13236 162
5535 100 2.3 -13252 806
5607 100 2.3 -13044 -224
5679 100 2.3 -13348 -576
5752 100 2.3 -12800 70
5826 100 2.3 -13900 -528
5902 100 2.3 -13488 -900
5978 100 2.3 -13656 -562
6055 100 2.3 -13376 -24
6133 100 2.3 -12928 -784
6212 100 2.3 -13220 226
6292 100 2.3 -13308 1508
6373 100 2.3 -13368 662
6455 100 2.3 -13396 -638
6539 100 2.3 -13640 -842
6623 100 2.3 -13668 -1320
6708 100 2.3 -13448 -390
6795 100 2.3 -13512 -452
6883 100 2.3 -12592 -46
6971 100 2.3 -12880 -296
7061 100 2.3 -13380 -862
7152 100 2.3 -13296 -1424
7245 100 2.3 -13276 -1304
7338 100 2.3 -12860 -2194
7433 100 2.3 -13388 -3040
7529 100 2.3 -13384 -1914
7626 100 2.3 -13492 -1114
7724 100 2.3 -13800 -1546
7824 100 2.3 -13316 -1290
7925 100 2.3 -13464 -332
8027 100 2.3 -13424 404
8130 100 2.3 -12972 1678
8235 100 2.3 -12796 916
8341 100 2.3 -13140 2688
8449 100 2.3 -13360 2930
8558 100 2.3 -13552 3444
8668 100 2.3 -13672 3864
8780 100 2.3 -13332 3656
8893 100 2.3 -13348 4146
9008 100 2.3 -13692 4360
9124 100 2.3 -13124 2888
9242 100 2.3 -13740 4002
9361 100 2.3 -12732 2836
9482 100 2.3 -13648 3898
9604 100 2.3 -13228 3698
9728 100 2.3 -13168 2732
9853 100 2.3 -13312 3136
9980 100 2.3 -13272 3514
10109 100 2.3 -12936 3732
10240 100 2.3 -13264 4412
10372 100 2.3 -14080 5780
10505 100 2.3 -13728 5014
10641 100 2.3 -14068 5120
10778 100 2.3 -14000 5110
10917 100 2.3 -14300 6200
11058 100 2.3 -13448 4838
11201 100 2.3 -13496 5510
11345 100 2.3 -13164 4722
11491 100 2.3 -13044 4000
11640 100 2.3 -13812 5010
11790 100 2.3 -13696 4754
11942 100 2.3 -13808 4574
12096 100 2.3 -13068 4182
12252 100 2.3 -13708 4974
12410 100 2.3 -13280 3590
12570 100 2.3 -13544 3832
12732 100 2.3 -13720 4918
12896 100 2.3 -13392 4024
13062 100 2.3 -13120 4408
13231 100 2.3 -13396 3678
13402 100 2.3 -13664 3792
13574 100 2.3 -13516 4412
13750 100 2.3 -13736 4420
13927 100 2.3 -13732 4914
14106 100 2.3 -13576 5618
14288 100 2.3 -13636 5412
14473 100 2.3 -14080 5768
14659 100 2.3 -14136 5974
14848 100 2.3 -13572 4754
15040 100 2.3 -13844 3540
15234 100 2.3 -13548 1934
15430 100 2.3 -13720 432
15629 100 2.3 -13700 996
15831 100 2.3 -13368 722
16035 100 2.3 -13156 660
16242 100 2.3 -13660 -128
16451 100 2.3 -13260 956
16664 100 2.3 -13444 -540
16879 100 2.3 -13120 246
17096 100 2.3 -13740 516
17317 100 2.3 -12888 688
17540 100 2.3 -12528 1234
17766 100 2.3 -13024 860
17995 100 2.3 -13552 2030
18228 100 2.3 -14044 2964
18463 100 2.3 -13284 4624
18701 100 2.3 -13276 5084
18942 100 2.3 -13056 3694
19186 100 2.3 -13288 3976
19434 100 2.3 -13596 3172
19684 100 2.3 -13196 2584
19938 100 2.3 -13728 4750
20195 100 2.3 -13344 4010
20456 100 2.3 -13240 2838
20720 100 2.3 -13528 3880
20987 100 2.3 -13904 4666
21258 100 2.3 -13540 2322
21532 100 2.3 -13512 1902
21810 100 2.3 -13808 3108
22091 100 2.3 -13472 2542
22376 100 2.3 -13320 2544
22664 100 2.3 -13652 3240
22957 100 2.3 -13420 1748
23253 100 2.3 -13368 3608
23553 100 2.3 -13092 3794
23856 100 2.3 -14312 5570
24164 100 2.3 -13268 4802
24476 100 2.3 -13288 4896
24791 100 2.3 -14052 6736
25111 100 2.3 -13912 5430
25435 100 2.3 -13260 4738
25763 100 2.3 -13660 5332
26095 100 2.3 -13564 4334
26432 100 2.3 -13564 4686
26773 100 2.3 -13452 2552
27118 100 2.3 -13904 1598
27468 100 2.3 -12968 1546
27822 100 2.3 -13220 2072
28181 100 2.3 -13112 724
28545 100 2.3 -13824 1888
28913 100 2.3 -13492 1950
29286 100 2.3 -13468 2160
29663 100 2.3 -13504 1458
30046 100 2.3 -12976 528
30434 100 2.3 -13224 898
30826 100 2.3 -13792 -992
31224 100 2.3 -13456 1102
31626 100 2.3 -13368 2140
32034 100 2.3 -13428 2878
32447 100 2.3 -13040 2784
32866 100 2.3 -13756 3032
33290 100 2.3 -13912 2192
33719 100 2.3 -13860 3074
34154 100 2.3 -13180 2774
34595 100 2.3 -13404 1300
35041 100 2.3 -13016 1136
35493 100 2.3 -13432 676
35951 100 2.3 -12716 1458
36414 100 2.3 -13260 2166
36884 100 2.3 -13256 1708
37360 100 2.3 -13044 1264
37841 100 2.3 -13740 5328
38330 100 2.3 -13104 4384
38824 100 2.3 -12732 2230
39325 100 2.3 -13560 5000
39832 100 2.3 -13368 3548
40346 100 2.3 -13332 2922
40866 100 2.3 -13592 2316
41393 100 2.3 -14104 3852
41927 100 2.3 -13800 4838
42468 100 2.3 -14016 5124
43015 100 2.3 -13288 1944
43570 100 2.3 -13680 2284
44132 100 2.3 -14068 5364
44701 100 2.3 -12496 2090
45278 100 2.3 -13664 1568
45862 100 2.3 -13268 -406
46453 100 2.3 -13216 -850
47053 100 2.3 -13216 -2070
47660 100 2.3 -13276 -1130
48274 100 2.3 -13300 -2362
48897 100 2.3 -13680 -3284
49528 100 2.3 -13424 -2248
50166 100 2.3 -13576 -2234
50813 100 2.3 -12972 -1344
51469 100 2.3 -13116 -1942
52133 100 2.3 -13508 -636
52805 100 2.3 -13548 3172
53486 100 2.3 -13860 4594
54176 100 2.3 -13396 5470
54875 100 2.3 -13908 5078
55582 100 2.3 -13120 2520
56299 100 2.3 -12972 2296
57025 100 2.3 -13628 3276
57761 100 2.3 -13104 -836
58506 100 2.3 -13328 3442
59261 100 2.3 -13400 3416
60025 100 2.3 -13352 4962
60799 100 2.3 -13236 5214
61583 100 2.3 -13660 2662
62378 100 2.3 -13860 5570
63182 100 2.3 -13872 5866
63997 100 2.3 -13760 6820
64822 100 2.3 -13496 5688
65658 100 2.3 -13728 4148
66505 100 2.3 -13488 5260
67363 100 2.3 -13524 3800
68232 100 2.3 -13540 3696
69112 100 2.3 -13180 2548
70003 100 2.3 -13284 4090
70906 100 2.3 -13908 5200
71821 100 2.3 -13680 5612
72747 100 2.3 -13932 4688
73685 100 2.3 -13520 4312
74636 100 2.3 -13244 3812
75599 100 2.3 -13284 4542
76574 100 2.3 -13492 4346
77561 100 2.3 -13096 3450
78562 100 2.3 -13560 4948
79575 100 2.3 -13608 5780
80601 100 2.3 -13436 4358
81641 100 2.3 -13116 1680
82694 100 2.3 -13020 1066
83760 100 2.3 -13884 -3268
84841 100 2.3 -13784 -6568
85935 100 2.3 -13668 -4770
87043 100 2.3 -13184 -5438
88166 100 2.3 -13544 -3484
89303 100 2.3 -13380 -1962
90455 100 2.3 -13512 -1214
91622 100 2.3 -13420 -4032
92803 100 2.3 -13660 -2948
94000 100 2.3 -13796 -5686
95213 100 2.3 -13936 -4872
96441 100 2.3 -13312 -3922
97685 100 2.3 -13760 -252
98945 100 2.3 -13360 -50
100221 100 2.3 -13132 3576
101513 100 2.3 -13692 3920
102823 100 2.3 -13292 -948
104149 100 2.3 -13444 -2602
105492 100 2.3 -12988 662
106853 100 2.3 -13768 1582
108231 100 2.3 -13332 -2090
109627 100 2.3 -13288 1434
111041 100 2.3 -13496 526
112473 100 2.3 -12804 2700
113924 100 2.3 -13428 5450
115393 100 2.3 -13012 1326
116882 100 2.3 -12968 -46
118389 100 2.3 -13088 2412
119916 100 2.3 -13380 2662
121463 100 2.3 -13704 5350
123029 100 2.3 -13128 3412
124616 100 2.3 -13676 4900
126224 100 2.3 -13412 3060
127852 100 2.3 -12916 532
129501 100 2.3 -13376 612
131171 100 2.3 -13280 -1356
132863 100 2.3 -13156 -1468
134576 100 2.3 -13796 -3334
136312 100 2.3 -13160 -3124
138070 100 2.3 -13816 -5576
139851 100 2.3 -13984 -4366
141655 100 2.3 -13476 -3596
143482 100 2.3 -13444 -4968
145333 100 2.3 -13924 -5544
147207 100 2.3 -13788 -5522
149106 100 2.3 -13696 276
151029 100 2.3 -13576 670
152977 100 2.3 -12964 1380
154950 100 2.3 -13068 632
156948 100 2.3 -13404 -444
158973 100 2.3 -13376 556
161023 100 2.3 -13160 3536
163100 100 2.3 -13144 3320
165204 100 2.3 -12824 604
167334 100 2.3 -13240 -1646
169493 100 2.3 -13724 1424
171679 100 2.3 -13584 -2466
173893 100 2.3 -13800 -5126
176136 100 2.3 -13704 -4924
178408 100 2.3 -13048 -980
180709 100 2.3 -13480 3800
183040 100 2.3 -13404 3738
185400 100 2.3 -13876 4968
187792 100 2.3 -13940 4330
190214 100 2.3 -13824 6236
192667 100 2.3 -13204 2044
195152 100 2.3 -13444 2838
197669 100 2.3 -13532 5060
200219 100 2.3 -13808 5870
202801 100 2.3 -14024 6354
205417 100 2.3 -13436 3856
208066 100 2.3 -14052 5534
210750 100 2.3 -13156 -1140
213468 100 2.3 -13664 344
216222 100 2.3 -13308 3644
219010 100 2.3 -13436 2094
221835 100 2.3 -13248 -3224
224696 100 2.3 -13108 1466
227595 100 2.3 -13204 2788
230530 100 2.3 -13184 1874
233503 100 2.3 -13360 12
236515 100 2.3 -13764 6176
239566 100 2.3 -13780 4948
242656 100 2.3 -13364 4392
245785 100 2.3 -13140 4836
248956 100 2.3 -14028 6022
252167 100 2.3 -13300 4702
255419 100 2.3 -13592 4932
258713 100 2.3 -13144 -1880
262050 100 2.3 -13548 -2708
265430 100 2.3 -14024 5906
268854 100 2.3 -13856 5746
272321 100 2.3 -14028 6516
275834 100 2.3 -13140 5180
279391 100 2.3 -13572 2260
282995 100 2.3 -12892 1562
286645 100 2.3 -13020 -690
290342 100 2.3 -14464 -7110
294087 100 2.3 -13216 -774
297880 100 2.3 -13844 -5976
301722 100 2.3 -13260 -4042
305614 100 2.3 -13976 -5508
309556 100 2.3 -13356 -2340
313548 100 2.3 -13616 2566
317592 100 2.3 -13844 -4996
321689 100 2.3 -13188 -8
325838 100 2.3 -13576 2322
330040 100 2.3 -13300 3962
334297 100 2.3 -13556 4544
338609 100 2.3 -13200 -1280
342976 100 2.3 -13792 332
347400 100 2.3 -13816 3774
351881 100 2.3 -13588 4524
356419 100 2.3 -13808 -5940
361016 100 2.3 -13044 -1744
365673 100 2.3 -12896 658
370389 100 2.3 -13156 -1934
375167 100 2.3 -14072 -5982
380005 100 2.3 -13756 -5790
384907 100 2.3 -13048 -3846
389871 100 2.3 -13716 -5920
394900 100 2.3 -13316 -3528
399993 100 2.3 -13492 3212
405152 100 2.3 -13356 -3730
410378 100 2.3 -13856 5626
415671 100 2.3 -13664 5290
421032 100 2.3 -13100 3362
426463 100 2.3 -13508 5304
431963 100 2.3 -13460 2458
437535 100 2.3 -13652 -5294
443178 100 2.3 -12980 1538
448894 100 2.3 -13172 -872
454684 100 2.3 -13512 3602
460548 100 2.3 -13692 -4810
466489 100 2.3 -13980 5584
472505 100 2.3 -13012 1476
478600 100 2.3 -13472 2968
484773 100 2.3 -13044 -1790
491025 100 2.3 -13420 -176
497358 100 2.3 -13564 -5430
503773 100 2.3 -13652 1568
510271 100 2.3 -14024 6152
516852 100 2.3 -13180 788
523519 100 2.3 -13192 3952
530271 100 2.3 -13440 3260
537111 100 2.3 -13308 -1444
544038 100 2.3 -13628 -70
551055 100 2.3 -13972 2990
558163 100 2.3 -14120 6274
565362 100 2.3 -13572 4692
572654 100 2.3 -13524 4420
580040 100 2.3 -14148 2338
587521 100 2.3 -13676 -5268
595099 100 2.3 -13648 1910
602775 100 2.3 -13348 -2664
610549 100 2.3 -13596 -312
618424 100 2.3 -13248 2326
626400 100 2.3 -13436 2714
634480 100 2.3 -13256 -136
642663 100 2.3 -13620 3066
650952 100 2.3 -13656 4602
659348 100 2.3 -13124 3318
667853 100 2.3 -13584 -4824
676467 100 2.3 -13268 646
685192 100 2.3 -13264 3200
694029 100 2.3 -13548 -2190
702981 100 2.3 -13792 6158
712048 100 2.3 -12976 1132
721232 100 2.3 -13684 2990
730534 100 2.3 -13524 830
739957 100 2.3 -13372 -2598
749500 100 2.3 -13360 966
759168 100 2.3 -12840 2586
768959 100 2.3 -13948 5446
778877 100 2.3 -13476 -4458
788923 100 2.3 -13572 -3772
799099 100 2.3 -13984 -5166
809405 100 2.3 -13756 1936
819845 100 2.3 -12832 2034
830419 100 2.3 -12828 2798
841130 100 2.3 -13128 -1816
851979 100 2.3 -13352 -5008
862968 100 2.3 -13696 -5662
874098 100 2.3 -13880 -4856
885373 100 2.3 -13672 2542
896792 100 2.3 -13084 -2220
908359 100 2.3 -13512 2810
920075 100 2.3 -13160 -1440
931942 100 2.3 -14400 -6598
943962 100 2.3 -13244 904
956137 100 2.3 -14108 6482
968470 100 2.3 -13440 1498
980961 100 2.3 -13652 -5220
993613 100 2.3 -13708 -4684
999999 100 2.3 -13468 -2224
