3 60 2.4 -3220 22
4 60 2.4 -3428 40
5 60 2.4 -3512 6
6 60 2.4 -3620 24
7 60 2.4 -3720 34
8 60 2.4 -3808 18
9 60 2.4 -3924 -122
10 60 2.4 -3844 -74
11 60 2.4 -3784 -60
12 60 2.4 -3900 -26
13 60 2.4 -3876 -152
14 60 2.4 -3784 -32
15 60 2.4 -4004 -126
16 60 2.4 -4108 -150
17 60 2.4 -3816 -134
18 60 2.4 -3872 -178
19 60 2.4 -3912 -230
20 60 2.4 -3904 -206
21 60 2.4 -3880 -248
22 60 2.4 -3880 -304
23 60 2.4 -3988 -286
24 60 2.4 -3956 -318
25 60 2.4 -3968 -162
26 60 2.4 -3852 -192
27 60 2.4 -3820 -158
28 60 2.4 -3892 -130
29 60 2.4 -4068 -186
30 60 2.4 -3948 -130
31 60 2.4 -4012 -158
32 60 2.4 -4116 -148
33 60 2.4 -4104 -150
34 60 2.4 -3940 -44
35 60 2.4 -3948 -50
36 60 2.4 -3772 38
37 60 2.4 -3872 112
38 60 2.4 -4044 134
39 60 2.4 -4104 28
40 60 2.4 -4148 78
41 60 2.4 -4172 150
42 60 2.4 -4144 178
43 60 2.4 -4080 192
44 60 2.4 -4104 48
45 60 2.4 -4088 14
46 60 2.4 -4132 -22
47 60 2.4 -4160 -64
48 60 2.4 -4160 -50
49 60 2.4 -4164 -136
50 60 2.4 -4136 -198
51 60 2.4 -4044 -178
52 60 2.4 -4156 -126
53 60 2.4 -4136 -248
54 60 2.4 -4160 -298
55 60 2.4 -4204 -378
56 60 2.4 -4280 -396
57 60 2.4 -4044 -418
58 60 2.4 -4136 -346
59 60 2.4 -4096 -338
60 60 2.4 -4176 -324
61 60 2.4 -4112 -230
62 60 2.4 -4220 -216
63 60 2.4 -4280 -276
64 60 2.4 -4232 -324
65 60 2.4 -4204 -312
66 60 2.4 -4260 -304
67 60 2.4 -4240 -312
68 60 2.4 -4404 -388
69 60 2.4 -4508 -376
70 60 2.4 -4444 -384
71 60 2.4 -4576 -342
72 60 2.4 -4508 -340
73 60 2.4 -4380 -374
74 60 2.4 -4440 -398
75 60 2.4 -4404 -360
76 60 2.4 -4160 -284
77 60 2.4 -4352 -320
78 60 2.4 -4320 -304
79 60 2.4 -4240 -112
80 60 2.4 -4228 -210
81 60 2.4 -4108 -230
82 60 2.4 -3956 -106
83 60 2.4 -4172 22
84 60 2.4 -4304 -6
85 60 2.4 -4284 16
86 60 2.4 -4220 -130
88 60 2.4 -4184 -158
89 60 2.4 -4196 -128
90 60 2.4 -4244 -162
91 60 2.4 -4212 -24
92 60 2.4 -4332 -132
93 60 2.4 -4280 -188
95 60 2.4 -4240 -286
96 60 2.4 -4108 -250
97 60 2.4 -4076 -64
98 60 2.4 -4280 -96
99 60 2.4 -4040 -132
101 60 2.4 -4316 -166
102 60 2.4 -4360 -170
103 60 2.4 -4240 -210
105 60 2.4 -4232 -298
106 60 2.4 -4332 -406
107 60 2.4 -4336 -448
109 60 2.4 -4180 -280
110 60 2.4 -4196 -260
112 60 2.4 -4196 -410
113 60 2.4 -4312 -530
114 60 2.4 -4268 -612
116 60 2.4 -4204 -710
117 60 2.4 -4264 -790
119 60 2.4 -4364 -802
120 60 2.4 -4364 -780
122 60 2.4 -4432 -866
124 60 2.4 -4364 -858
125 60 2.4 -4388 -854
127 60 2.4 -4460 -782
128 60 2.4 -4376 -746
130 60 2.4 -4372 -700
132 60 2.4 -4124 -560
133 60 2.4 -4340 -524
135 60 2.4 -4240 -416
137 60 2.4 -4404 -512
139 60 2.4 -4400 -648
140 60 2.4 -4388 -598
142 60 2.4 -4484 -532
144 60 2.4 -4328 -566
146 60 2.4 -4100 -370
148 60 2.4 -4128 -256
150 60 2.4 -4120 -198
152 60 2.4 -4356 -90
154 60 2.4 -4504 -38
155 60 2.4 -4520 24
157 60 2.4 -4472 -110
160 60 2.4 -4476 -290
162 60 2.4 -4364 -306
164 60 2.4 -4304 -304
166 60 2.4 -4464 -118
168 60 2.4 -4416 -170
170 60 2.4 -4496 -76
172 60 2.4 -4524 -246
174 60 2.4 -4528 -240
177 60 2.4 -4412 -286
179 60 2.4 -4572 -446
181 60 2.4 -4376 -290
184 60 2.4 -4464 -480
186 60 2.4 -4516 -438
188 60 2.4 -4384 -370
191 60 2.4 -4640 -366
193 60 2.4 -4576 -406
196 60 2.4 -4584 -394
198 60 2.4 -4532 -410
201 60 2.4 -4340 -174
203 60 2.4 -4492 -258
206 60 2.4 -4520 -390
209 60 2.4 -4704 -254
211 60 2.4 -4764 -198
214 60 2.4 -4420 -106
217 60 2.4 -4492 -144
220 60 2.4 -4136 -64
222 60 2.4 -4152 -26
225 60 2.4 -4188 -152
228 60 2.4 -4052 -226
231 60 2.4 -4268 -22
234 60 2.4 -4368 -40
237 60 2.4 -4488 112
240 60 2.4 -4484 130
243 60 2.4 -4352 164
246 60 2.4 -4516 230
250 60 2.4 -4308 366
253 60 2.4 -4360 294
256 60 2.4 -4204 244
259 60 2.4 -4416 192
263 60 2.4 -4332 546
266 60 2.4 -4252 302
269 60 2.4 -4440 316
273 60 2.4 -4300 274
276 60 2.4 -4288 126
280 60 2.4 -4344 162
284 60 2.4 -4384 84
287 60 2.4 -4188 140
291 60 2.4 -4128 252
295 60 2.4 -4288 400
298 60 2.4 -4328 456
302 60 2.4 -4348 142
306 60 2.4 -4444 124
310 60 2.4 -4248 -60
314 60 2.4 -4148 2
318 60 2.4 -4416 44
322 60 2.4 -4220 172
326 60 2.4 -4324 140
331 60 2.4 -4288 -36
335 60 2.4 -4160 -10
339 60 2.4 -4100 -64
344 60 2.4 -4124 -38
348 60 2.4 -4300 -52
352 60 2.4 -4160 -256
357 60 2.4 -4308 -270
362 60 2.4 -4208 -98
366 60 2.4 -4160 -174
371 60 2.4 -4144 -36
376 60 2.4 -4124 -196
381 60 2.4 -4448 -246
385 60 2.4 -4308 -566
390 60 2.4 -4388 -692
395 60 2.4 -4428 -668
401 60 2.4 -4392 -766
406 60 2.4 -4328 -654
411 60 2.4 -4120 -644
416 60 2.4 -4280 -650
422 60 2.4 -4388 -674
427 60 2.4 -4368 -734
433 60 2.4 -4308 -740
438 60 2.4 -4236 -820
444 60 2.4 -4284 -962
449 60 2.4 -4220 -852
455 60 2.4 -4156 -724
461 60 2.4 -4016 -764
467 60 2.4 -4060 -1034
473 60 2.4 -4132 -1188
479 60 2.4 -4040 -1202
485 60 2.4 -4144 -1322
492 60 2.4 -4220 -1452
498 60 2.4 -4512 -1672
504 60 2.4 -4348 -1624
511 60 2.4 -4592 -1688
517 60 2.4 -4624 -1844
524 60 2.4 -4372 -1740
531 60 2.4 -4404 -1810
538 60 2.4 -4508 -1876
545 60 2.4 -4628 -1932
552 60 2.4 -4576 -1844
559 60 2.4 -4568 -1842
566 60 2.4 -4644 -2068
573 60 2.4 -4720 -2034
581 60 2.4 -4656 -1980
588 60 2.4 -4452 -1800
596 60 2.4 -4408 -1660
603 60 2.4 -4540 -1560
611 60 2.4 -4504 -1500
619 60 2.4 -4720 -1372
627 60 2.4 -4632 -1306
635 60 2.4 -4452 -1286
643 60 2.4 -4540 -1580
652 60 2.4 -4428 -1510
660 60 2.4 -4608 -1542
668 60 2.4 -4628 -1636
677 60 2.4 -4304 -1450
686 60 2.4 -4468 -1338
695 60 2.4 -4372 -1256
704 60 2.4 -4452 -1130
713 60 2.4 -4524 -1078
722 60 2.4 -4548 -1320
731 60 2.4 -4396 -1240
741 60 2.4 -4356 -1034
750 60 2.4 -4424 -1012
760 60 2.4 -4468 -914
770 60 2.4 -4396 -766
780 60 2.4 -4432 -506
790 60 2.4 -4420 -506
800 60 2.4 -4452 -510
810 60 2.4 -4408 -598
821 60 2.4 -4048 -488
831 60 2.4 -4096 -598
842 60 2.4 -4284 -726
853 60 2.4 -4384 -744
864 60 2.4 -4384 -876
875 60 2.4 -4216 -494
886 60 2.4 -4300 -332
897 60 2.4 -4076 -184
909 60 2.4 -4120 -114
921 60 2.4 -4124 -20
933 60 2.4 -4272 64
945 60 2.4 -4328 330
957 60 2.4 -4192 -106
969 60 2.4 -3996 -114
982 60 2.4 -4044 -90
994 60 2.4 -4296 -12
1007 60 2.4 -4240 112
1020 60 2.4 -4248 28
1033 60 2.4 -4416 -238
1047 60 2.4 -4124 -372
1060 60 2.4 -4484 -408
1074 60 2.4 -4456 -898
1088 60 2.4 -4392 -528
1102 60 2.4 -4480 -218
1116 60 2.4 -3940 -226
1130 60 2.4 -4180 -412
1145 60 2.4 -4152 -374
1160 60 2.4 -4372 -160
1174 60 2.4 -4456 458
1190 60 2.4 -4480 276
1205 60 2.4 -4396 518
1220 60 2.4 -4484 464
1236 60 2.4 -4336 220
1252 60 2.4 -4456 602
1268 60 2.4 -4396 908
1285 60 2.4 -4416 806
1301 60 2.4 -4352 758
1318 60 2.4 -4288 546
1335 60 2.4 -4188 788
1352 60 2.4 -4396 728
1370 60 2.4 -4424 796
1387 60 2.4 -4428 858
1405 60 2.4 -4352 214
1423 60 2.4 -4316 268
1442 60 2.4 -4376 -46
1460 60 2.4 -4264 188
1479 60 2.4 -4180 36
1498 60 2.4 -4160 -224
1517 60 2.4 -4260 -518
1537 60 2.4 -4232 -442
1557 60 2.4 -4196 44
1577 60 2.4 -4468 88
1597 60 2.4 -4004 32
1618 60 2.4 -4300 -118
1639 60 2.4 -4052 -72
1660 60 2.4 -4304 592
1681 60 2.4 -4288 648
1703 60 2.4 -4356 442
1725 60 2.4 -3952 660
1747 60 2.4 -4336 1190
1770 60 2.4 -4236 1006
1792 60 2.4 -4256 652
1816 60 2.4 -4220 514
1839 60 2.4 -4304 1028
1863 60 2.4 -4612 1088
1887 60 2.4 -4768 1352
1911 60 2.4 -4288 802
1936 60 2.4 -4308 542
1961 60 2.4 -4176 782
1986 60 2.4 -4424 1052
2012 60 2.4 -4660 1142
2037 60 2.4 -4540 970
2064 60 2.4 -4364 774
2090 60 2.4 -4588 938
2117 60 2.4 -4340 736
2145 60 2.4 -4276 910
2172 60 2.4 -4392 1072
2200 60 2.4 -4444 844
2229 60 2.4 -4420 572
2257 60 2.4 -4368 292
2286 60 2.4 -4236 74
2316 60 2.4 -4256 -258
2346 60 2.4 -4272 -56
2376 60 2.4 -4072 -188
2407 60 2.4 -4400 -990
2438 60 2.4 -4412 -844
2469 60 2.4 -4172 -628
2501 60 2.4 -4300 -510
2533 60 2.4 -4252 -778
2566 60 2.4 -4368 -716
2599 60 2.4 -4460 -388
2633 60 2.4 -4480 -58
2667 60 2.4 -4296 -298
2701 60 2.4 -4256 -232
2736 60 2.4 -4496 268
2771 60 2.4 -4332 524
2807 60 2.4 -4324 268
2843 60 2.4 -4320 84
2880 60 2.4 -4852 -160
2917 60 2.4 -4200 -240
2954 60 2.4 -4348 -20
2992 60 2.4 -4532 -78
3031 60 2.4 -4532 -452
3070 60 2.4 -4268 -710
3110 60 2.4 -4272 -258
3150 60 2.4 -4248 226
3190 60 2.4 -4312 518
3232 60 2.4 -4340 186
3273 60 2.4 -4572 542
3315 60 2.4 -4432 430
3358 60 2.4 -4380 338
3402 60 2.4 -4260 -232
3445 60 2.4 -4232 198
3490 60 2.4 -4312 826
3535 60 2.4 -4280 990
3580 60 2.4 -4428 870
3627 60 2.4 -4152 1044
3673 60 2.4 -4044 1212
3721 60 2.4 -4164 1038
3769 60 2.4 -4124 1126
3817 60 2.4 -4204 1100
3867 60 2.4 -4204 528
3916 60 2.4 -4440 822
3967 60 2.4 -4448 1200
4018 60 2.4 -4504 764
4070 60 2.4 -4652 754
4122 60 2.4 -4480 1012
4176 60 2.4 -4244 480
4229 60 2.4 -4328 26
4284 60 2.4 -4244 22
4339 60 2.4 -4264 84
4395 60 2.4 -4076 10
4452 60 2.4 -4128 192
4509 60 2.4 -4176 276
4567 60 2.4 -4316 782
4626 60 2.4 -4260 336
4686 60 2.4 -4480 694
4746 60 2.4 -4464 870
4808 60 2.4 -4440 630
4870 60 2.4 -4372 920
4932 60 2.4 -4320 702
4996 60 2.4 -4432 162
5060 60 2.4 -4312 54
5126 60 2.4 -4240 -520
5192 60 2.4 -4268 348
5259 60 2.4 -3940 10
5327 60 2.4 -4528 -208
5395 60 2.4 -3868 -378
5465 60 2.4 -4164 238
5535 60 2.4 -4216 278
5607 60 2.4 -4192 516
5679 60 2.4 -4112 -520
5752 60 2.4 -4292 -926
5826 60 2.4 -4288 -812
5902 60 2.4 -4300 -500
5978 60 2.4 -4368 -834
6055 60 2.4 -4152 -1026
6133 60 2.4 -4640 -948
6212 60 2.4 -4300 -60
6292 60 2.4 -4576 -780
6373 60 2.4 -4156 -740
6455 60 2.4 -4280 -744
6539 60 2.4 -4644 -184
6623 60 2.4 -4436 80
6708 60 2.4 -4340 -18
6795 60 2.4 -4208 -382
6883 60 2.4 -4348 992
6971 60 2.4 -3972 -174
7061 60 2.4 -4312 -340
7152 60 2.4 -4292 430
7245 60 2.4 -4216 56
7338 60 2.4 -4348 900
7433 60 2.4 -4396 352
7529 60 2.4 -4300 106
7626 60 2.4 -4560 -42
7724 60 2.4 -4224 538
7824 60 2.4 -4376 878
7925 60 2.4 -4620 -392
8027 60 2.4 -4344 -412
8130 60 2.4 -4648 -150
8235 60 2.4 -4424 -212
8341 60 2.4 -4340 920
8449 60 2.4 -4360 1062
8558 60 2.4 -4076 598
8668 60 2.4 -4300 598
8780 60 2.4 -4276 330
8893 60 2.4 -4292 222
9008 60 2.4 -4528 -576
9124 60 2.4 -4232 -782
9242 60 2.4 -4256 342
9361 60 2.4 -4428 -826
9482 60 2.4 -4488 -1528
9604 60 2.4 -4460 -920
9728 60 2.4 -4448 468
9853 60 2.4 -4432 908
9980 60 2.4 -4340 684
10109 60 2.4 -4360 56
10240 60 2.4 -4572 -106
10372 60 2.4 -4268 -50
10505 60 2.4 -4364 320
10641 60 2.4 -4180 606
10778 60 2.4 -4336 768
10917 60 2.4 -4280 1384
11058 60 2.4 -4652 740
11201 60 2.4 -4276 68
11345 60 2.4 -4052 -230
11491 60 2.4 -4360 -842
11640 60 2.4 -4360 -26
11790 60 2.4 -4292 -424
11942 60 2.4 -4376 -1350
12096 60 2.4 -4536 -702
12252 60 2.4 -4172 294
12410 60 2.4 -4452 1504
12570 60 2.4 -4348 1302
12732 60 2.4 -4324 1024
12896 60 2.4 -4284 580
13062 60 2.4 -4656 -16
13231 60 2.4 -4552 -998
13402 60 2.4 -4588 -1032
13574 60 2.4 -4296 -916
13750 60 2.4 -4452 -1236
13927 60 2.4 -4224 -812
14106 60 2.4 -4288 -998
14288 60 2.4 -4352 -1250
14473 60 2.4 -4340 -286
14659 60 2.4 -4128 148
14848 60 2.4 -4308 328
15040 60 2.4 -4256 504
15234 60 2.4 -4348 -416
15430 60 2.4 -4244 -1012
15629 60 2.4 -4404 -642
15831 60 2.4 -4376 854
16035 60 2.4 -4312 396
16242 60 2.4 -4256 350
16451 60 2.4 -4176 696
16664 60 2.4 -4488 788
16879 60 2.4 -4284 16
17096 60 2.4 -4044 230
17317 60 2.4 -4444 -992
17540 60 2.4 -4412 -1222
17766 60 2.4 -4252 -1054
17995 60 2.4 -4452 -1354
18228 60 2.4 -4244 -394
18463 60 2.4 -4820 -2224
18701 60 2.4 -4228 -766
18942 60 2.4 -4324 70
19186 60 2.4 -4564 498
19434 60 2.4 -4428 -344
19684 60 2.4 -4536 -726
19938 60 2.4 -4600 -664
20195 60 2.4 -4176 -28
20456 60 2.4 -4332 -306
20720 60 2.4 -4116 794
20987 60 2.4 -4204 -606
21258 60 2.4 -4232 -118
21532 60 2.4 -4388 -484
21810 60 2.4 -4504 -722
22091 60 2.4 -4148 306
22376 60 2.4 -4360 1158
22664 60 2.4 -4380 658
22957 60 2.4 -4264 818
23253 60 2.4 -4568 76
23553 60 2.4 -4328 72
23856 60 2.4 -4380 -466
24164 60 2.4 -4320 -712
24476 60 2.4 -4456 -1052
24791 60 2.4 -4144 -574
25111 60 2.4 -4188 -694
25435 60 2.4 -4288 -148
25763 60 2.4 -4296 418
26095 60 2.4 -4580 -978
26432 60 2.4 -4384 -1540
26773 60 2.4 -4528 -1218
27118 60 2.4 -4396 -772
27468 60 2.4 -4600 -798
27822 60 2.4 -4272 -1436
28181 60 2.4 -4304 -1412
28545 60 2.4 -4288 -482
28913 60 2.4 -4120 44
29286 60 2.4 -4376 510
29663 60 2.4 -4236 -626
30046 60 2.4 -4308 1184
30434 60 2.4 -4556 -136
30826 60 2.4 -4388 172
31224 60 2.4 -4120 32
31626 60 2.4 -4328 1178
32034 60 2.4 -4616 -630
32447 60 2.4 -4400 426
32866 60 2.4 -4092 58
33290 60 2.4 -4664 1368
33719 60 2.4 -4540 1468
34154 60 2.4 -4240 1330
34595 60 2.4 -4460 336
35041 60 2.4 -4012 372
35493 60 2.4 -4224 548
35951 60 2.4 -4240 834
36414 60 2.4 -4244 684
36884 60 2.4 -4180 -152
37360 60 2.4 -4352 -1362
37841 60 2.4 -4200 -36
38330 60 2.4 -4236 100
38824 60 2.4 -4452 326
39325 60 2.4 -4116 994
39832 60 2.4 -4484 802
40346 60 2.4 -4412 1384
40866 60 2.4 -4284 -204
41393 60 2.4 -4416 1258
41927 60 2.4 -4436 966
42468 60 2.4 -4420 308
43015 60 2.4 -4332 -968
43570 60 2.4 -4120 58
44132 60 2.4 -4416 -1516
44701 60 2.4 -4392 -480
45278 60 2.4 -4268 22
45862 60 2.4 -4180 -54
46453 60 2.4 -4364 356
47053 60 2.4 -4268 -100
47660 60 2.4 -4504 -620
48274 60 2.4 -4372 -382
48897 60 2.4 -4288 -200
49528 60 2.4 -4548 -828
50166 60 2.4 -4300 -588
50813 60 2.4 -4212 -184
51469 60 2.4 -4408 376
52133 60 2.4 -4356 616
52805 60 2.4 -4644 -1042
53486 60 2.4 -4180 -538
54176 60 2.4 -4400 -428
54875 60 2.4 -3908 -12
55582 60 2.4 -4436 646
56299 60 2.4 -4072 -136
57025 60 2.4 -4620 -792
57761 60 2.4 -4284 -268
58506 60 2.4 -4400 -790
59261 60 2.4 -4300 1082
60025 60 2.4 -4416 -574
60799 60 2.4 -4552 -1262
61583 60 2.4 -4404 132
62378 60 2.4 -4480 -850
63182 60 2.4 -4320 -344
63997 60 2.4 -4372 -170
64822 60 2.4 -4428 -940
65658 60 2.4 -4416 -86
66505 60 2.4 -4356 168
67363 60 2.4 -4532 -264
68232 60 2.4 -4724 822
69112 60 2.4 -4268 1532
70003 60 2.4 -4340 1004
70906 60 2.4 -4340 -968
71821 60 2.4 -4288 50
72747 60 2.4 -4424 388
73685 60 2.4 -4252 -212
74636 60 2.4 -4240 352
75599 60 2.4 -4112 -622
76574 60 2.4 -4608 1448
77561 60 2.4 -4568 154
78562 60 2.4 -4100 -172
79575 60 2.4 -4372 -384
80601 60 2.4 -4252 -576
81641 60 2.4 -4420 -136
82694 60 2.4 -4472 1358
83760 60 2.4 -4308 -534
84841 60 2.4 -4536 -68
85935 60 2.4 -4272 -394
87043 60 2.4 -4392 1182
88166 60 2.4 -4260 -144
89303 60 2.4 -4680 -782
90455 60 2.4 -4448 840
91622 60 2.4 -4564 34
92803 60 2.4 -4340 -280
94000 60 2.4 -4196 -600
95213 60 2.4 -4340 558
96441 60 2.4 -4240 1160
97685 60 2.4 -4256 686
98945 60 2.4 -4124 228
100221 60 2.4 -4192 -644
101513 60 2.4 -4264 -650
102823 60 2.4 -4352 -352
104149 60 2.4 -4176 814
105492 60 2.4 -4232 -728
106853 60 2.4 -4168 -400
108231 60 2.4 -4392 84
109627 60 2.4 -4244 456
111041 60 2.4 -4048 -420
112473 60 2.4 -4204 -220
113924 60 2.4 -4204 728
115393 60 2.4 -4436 206
116882 60 2.4 -4336 -788
118389 60 2.4 -4448 -878
119916 60 2.4 -4088 228
121463 60 2.4 -4272 -880
123029 60 2.4 -4192 160
124616 60 2.4 -4340 278
126224 60 2.4 -4372 -1046
127852 60 2.4 -4556 -1394
129501 60 2.4 -4076 -386
131171 60 2.4 -4324 458
132863 60 2.4 -4368 -1050
134576 60 2.4 -4360 -1092
136312 60 2.4 -4168 736
138070 60 2.4 -4672 -1216
139851 60 2.4 -4548 76
141655 60 2.4 -4348 90
143482 60 2.4 -4328 206
145333 60 2.4 -4592 86
147207 60 2.4 -4192 616
149106 60 2.4 -4452 -1242
151029 60 2.4 -4296 28
152977 60 2.4 -4208 -1200
154950 60 2.4 -4020 98
156948 60 2.4 -4176 558
158973 60 2.4 -4248 208
161023 60 2.4 -4512 1248
163100 60 2.4 -4668 1732
165204 60 2.4 -4640 118
167334 60 2.4 -4360 -904
169493 60 2.4 -4332 700
171679 60 2.4 -4408 -544
173893 60 2.4 -4448 82
176136 60 2.4 -4116 -406
178408 60 2.4 -4416 -908
180709 60 2.4 -4160 -588
183040 60 2.4 -4408 -168
185400 60 2.4 -4460 -580
187792 60 2.4 -4520 1108
190214 60 2.4 -4304 1112
192667 60 2.4 -4408 496
195152 60 2.4 -4428 1032
197669 60 2.4 -4156 -690
200219 60 2.4 -3988 452
202801 60 2.4 -4360 836
205417 60 2.4 -4144 554
208066 60 2.4 -4360 1394
210750 60 2.4 -4356 1526
213468 60 2.4 -4436 -1496
216222 60 2.4 -4340 416
219010 60 2.4 -4052 224
221835 60 2.4 -4276 696
224696 60 2.4 -4172 434
227595 60 2.4 -4368 1210
230530 60 2.4 -4276 -818
233503 60 2.4 -4508 1146
236515 60 2.4 -4172 186
239566 60 2.4 -4220 -1040
242656 60 2.4 -4164 -1224
245785 60 2.4 -4124 1000
248956 60 2.4 -4192 68
252167 60 2.4 -4464 1222
255419 60 2.4 -4272 -402
258713 60 2.4 -4260 -378
262050 60 2.4 -4524 -182
265430 60 2.4 -4520 422
268854 60 2.4 -4300 548
272321 60 2.4 -4300 -538
275834 60 2.4 -4488 146
279391 60 2.4 -4256 1006
282995 60 2.4 -4168 1006
286645 60 2.4 -4136 100
290342 60 2.4 -4556 -1696
294087 60 2.4 -4320 514
297880 60 2.4 -4240 314
301722 60 2.4 -4020 498
305614 60 2.4 -4540 -600
309556 60 2.4 -4336 594
313548 60 2.4 -4508 586
317592 60 2.4 -4280 -1254
321689 60 2.4 -4096 1140
325838 60 2.4 -4148 888
330040 60 2.4 -4352 22
334297 60 2.4 -4256 140
338609 60 2.4 -4380 392
342976 60 2.4 -4556 1118
347400 60 2.4 -4284 -126
351881 60 2.4 -4444 -130
356419 60 2.4 -4336 368
361016 60 2.4 -4280 -820
365673 60 2.4 -4172 -1036
370389 60 2.4 -4112 44
375167 60 2.4 -4456 -660
380005 60 2.4 -4100 468
384907 60 2.4 -4380 -702
389871 60 2.4 -4424 1774
394900 60 2.4 -4452 482
399993 60 2.4 -4492 1136
405152 60 2.4 -4136 -986
410378 60 2.4 -4428 -880
415671 60 2.4 -4412 -1314
421032 60 2.4 -4420 -176
426463 60 2.4 -4312 274
431963 60 2.4 -4256 142
437535 60 2.4 -4384 948
443178 60 2.4 -4296 232
448894 60 2.4 -4284 -538
454684 60 2.4 -4492 -580
460548 60 2.4 -4388 -662
466489 60 2.4 -4344 -800
472505 60 2.4 -4388 -818
478600 60 2.4 -4668 256
484773 60 2.4 -4276 -364
491025 60 2.4 -4356 852
497358 60 2.4 -4200 -552
503773 60 2.4 -4480 84
510271 60 2.4 -4000 432
516852 60 2.4 -4324 1404
523519 60 2.4 -4444 -362
530271 60 2.4 -4164 512
537111 60 2.4 -4176 -734
544038 60 2.4 -4184 -644
551055 60 2.4 -4424 1632
558163 60 2.4 -4528 614
565362 60 2.4 -4144 -666
572654 60 2.4 -4320 -1350
580040 60 2.4 -4624 168
587521 60 2.4 -4272 962
595099 60 2.4 -4676 -1206
602775 60 2.4 -4384 46
610549 60 2.4 -4172 -1030
618424 60 2.4 -4216 -30
626400 60 2.4 -4292 -2
634480 60 2.4 -4276 556
642663 60 2.4 -4116 24
650952 60 2.4 -4404 -450
659348 60 2.4 -4352 -626
667853 60 2.4 -4316 -676
676467 60 2.4 -4236 -46
685192 60 2.4 -4324 -252
694029 60 2.4 -4308 1206
702981 60 2.4 -4060 -484
712048 60 2.4 -4340 166
721232 60 2.4 -4248 -374
730534 60 2.4 -4452 -1470
739957 60 2.4 -4508 1454
749500 60 2.4 -4336 -518
759168 60 2.4 -4284 -80
768959 60 2.4 -4404 264
778877 60 2.4 -4200 -1118
788923 60 2.4 -4492 1170
799099 60 2.4 -4344 92
809405 60 2.4 -4076 -638
819845 60 2.4 -4520 1768
830419 60 2.4 -4240 328
841130 60 2.4 -4440 724
851979 60 2.4 -4512 928
862968 60 2.4 -4284 -956
874098 60 2.4 -4256 -502
885373 60 2.4 -4248 -482
896792 60 2.4 -4332 528
908359 60 2.4 -4396 1762
920075 60 2.4 -4124 -10
931942 60 2.4 -4384 -74
943962 60 2.4 -4448 -384
956137 60 2.4 -4268 456
968470 60 2.4 -4308 -78
980961 60 2.4 -4292 -318
993613 60 2.4 -4712 -454
999999 60 2.4 -4288 -108
