3 60 2.1 -3568 -234
4 60 2.1 -3884 -270
5 60 2.1 -4144 -286
6 60 2.1 -4352 -358
7 60 2.1 -4508 -310
8 60 2.1 -4552 -394
9 60 2.1 -4448 -378
10 60 2.1 -4504 -410
11 60 2.1 -4608 -472
12 60 2.1 -4692 -542
13 60 2.1 -4676 -624
14 60 2.1 -4620 -588
15 60 2.1 -4708 -594
16 60 2.1 -4752 -630
17 60 2.1 -4696 -630
18 60 2.1 -4780 -650
19 60 2.1 -4732 -644
20 60 2.1 -4820 -614
21 60 2.1 -4924 -606
22 60 2.1 -4940 -740
23 60 2.1 -4944 -772
24 60 2.1 -4912 -766
25 60 2.1 -5016 -804
26 60 2.1 -5004 -794
27 60 2.1 -4944 -742
28 60 2.1 -4972 -742
29 60 2.1 -4980 -704
30 60 2.1 -4988 -710
31 60 2.1 -4892 -704
32 60 2.1 -4916 -724
33 60 2.1 -5024 -828
34 60 2.1 -4996 -898
35 60 2.1 -5088 -858
36 60 2.1 -5204 -848
37 60 2.1 -5316 -916
38 60 2.1 -5240 -992
39 60 2.1 -5132 -1004
40 60 2.1 -5052 -1068
41 60 2.1 -4996 -1094
42 60 2.1 -4956 -1080
43 60 2.1 -5032 -1160
44 60 2.1 -5048 -1118
45 60 2.1 -5128 -1214
46 60 2.1 -5168 -1254
47 60 2.1 -5192 -1212
48 60 2.1 -5220 -1298
49 60 2.1 -5224 -1324
50 60 2.1 -5316 -1290
51 60 2.1 -5484 -1278
52 60 2.1 -5464 -1216
53 60 2.1 -5428 -1206
54 60 2.1 -5344 -1186
55 60 2.1 -5416 -1190
56 60 2.1 -5372 -1160
57 60 2.1 -5364 -1166
58 60 2.1 -5268 -1146
59 60 2.1 -5288 -1138
60 60 2.1 -5220 -1036
61 60 2.1 -5276 -1084
62 60 2.1 -5408 -1156
63 60 2.1 -5408 -1218
64 60 2.1 -5320 -1170
65 60 2.1 -5292 -1172
66 60 2.1 -5256 -1194
67 60 2.1 -5252 -1180
68 60 2.1 -5228 -1140
69 60 2.1 -5072 -1042
70 60 2.1 -5092 -1012
71 60 2.1 -5164 -1022
72 60 2.1 -5160 -1058
73 60 2.1 -5172 -1062
74 60 2.1 -5180 -1098
75 60 2.1 -5228 -1176
76 60 2.1 -5352 -1318
77 60 2.1 -5444 -1342
78 60 2.1 -5360 -1396
79 60 2.1 -5348 -1394
80 60 2.1 -5184 -1368
81 60 2.1 -5384 -1372
82 60 2.1 -5388 -1368
83 60 2.1 -5368 -1338
84 60 2.1 -5384 -1274
85 60 2.1 -5364 -1350
86 60 2.1 -5296 -1398
88 60 2.1 -5452 -1508
89 60 2.1 -5524 -1554
90 60 2.1 -5596 -1552
91 60 2.1 -5556 -1564
92 60 2.1 -5452 -1552
93 60 2.1 -5484 -1572
95 60 2.1 -5456 -1566
96 60 2.1 -5332 -1546
97 60 2.1 -5416 -1608
98 60 2.1 -5480 -1576
99 60 2.1 -5428 -1564
101 60 2.1 -5344 -1518
102 60 2.1 -5376 -1494
103 60 2.1 -5332 -1502
105 60 2.1 -5436 -1562
106 60 2.1 -5488 -1650
107 60 2.1 -5444 -1680
109 60 2.1 -5500 -1674
110 60 2.1 -5564 -1654
112 60 2.1 -5488 -1664
113 60 2.1 -5304 -1668
114 60 2.1 -5480 -1702
116 60 2.1 -5420 -1628
117 60 2.1 -5336 -1678
119 60 2.1 -5484 -1844
120 60 2.1 -5528 -1814
122 60 2.1 -5572 -1878
124 60 2.1 -5540 -1912
125 60 2.1 -5636 -1908
127 60 2.1 -5636 -1916
128 60 2.1 -5588 -1896
130 60 2.1 -5600 -1844
132 60 2.1 -5528 -1840
133 60 2.1 -5416 -1822
135 60 2.1 -5416 -1856
137 60 2.1 -5556 -1832
139 60 2.1 -5724 -1848
140 60 2.1 -5768 -1866
142 60 2.1 -5676 -1848
144 60 2.1 -5480 -1862
146 60 2.1 -5544 -1958
148 60 2.1 -5440 -1916
150 60 2.1 -5576 -2020
152 60 2.1 -5528 -2016
154 60 2.1 -5720 -2046
155 60 2.1 -5768 -2056
157 60 2.1 -5728 -2056
160 60 2.1 -5792 -2066
162 60 2.1 -5552 -2016
164 60 2.1 -5576 -1988
166 60 2.1 -5428 -1932
168 60 2.1 -5540 -2022
170 60 2.1 -5508 -2044
172 60 2.1 -5612 -2114
174 60 2.1 -5840 -2166
177 60 2.1 -5704 -2134
179 60 2.1 -5660 -2074
181 60 2.1 -5612 -1992
184 60 2.1 -5592 -2014
186 60 2.1 -5536 -2036
188 60 2.1 -5524 -2108
191 60 2.1 -5592 -2052
193 60 2.1 -5684 -2070
196 60 2.1 -5684 -1960
198 60 2.1 -5588 -1952
201 60 2.1 -5548 -1950
203 60 2.1 -5448 -1966
206 60 2.1 -5604 -1960
209 60 2.1 -5444 -2038
211 60 2.1 -5676 -2044
214 60 2.1 -5344 -2010
217 60 2.1 -5448 -2098
220 60 2.1 -5524 -2138
222 60 2.1 -5548 -2152
225 60 2.1 -5524 -2152
228 60 2.1 -5708 -2170
231 60 2.1 -5656 -2140
234 60 2.1 -5580 -2134
237 60 2.1 -5568 -2078
240 60 2.1 -5640 -2094
243 60 2.1 -5552 -2038
246 60 2.1 -5688 -2042
250 60 2.1 -5604 -2090
253 60 2.1 -5608 -2066
256 60 2.1 -5528 -2004
259 60 2.1 -5664 -2116
263 60 2.1 -5688 -2168
266 60 2.1 -5752 -2222
269 60 2.1 -5648 -2206
273 60 2.1 -5656 -2118
276 60 2.1 -5628 -2124
280 60 2.1 -5688 -2278
284 60 2.1 -5844 -2320
287 60 2.1 -5892 -2418
291 60 2.1 -5864 -2410
295 60 2.1 -5848 -2404
298 60 2.1 -5700 -2430
302 60 2.1 -5872 -2520
306 60 2.1 -5636 -2440
310 60 2.1 -5856 -2532
314 60 2.1 -5796 -2558
318 60 2.1 -5788 -2496
322 60 2.1 -5684 -2490
326 60 2.1 -5856 -2588
331 60 2.1 -5796 -2492
335 60 2.1 -5820 -2450
339 60 2.1 -5680 -2352
344 60 2.1 -5524 -2324
348 60 2.1 -5792 -2416
352 60 2.1 -5636 -2368
357 60 2.1 -5780 -2438
362 60 2.1 -5700 -2400
366 60 2.1 -5660 -2434
371 60 2.1 -5864 -2518
376 60 2.1 -5840 -2512
381 60 2.1 -5740 -2518
385 60 2.1 -5856 -2512
390 60 2.1 -5544 -2394
395 60 2.1 -5780 -2576
401 60 2.1 -5964 -2640
406 60 2.1 -5752 -2544
411 60 2.1 -5808 -2546
416 60 2.1 -5744 -2566
422 60 2.1 -5844 -2664
427 60 2.1 -5772 -2658
433 60 2.1 -5868 -2720
438 60 2.1 -5736 -2706
444 60 2.1 -5752 -2766
449 60 2.1 -5684 -2718
455 60 2.1 -5712 -2738
461 60 2.1 -5572 -2798
467 60 2.1 -5672 -2860
473 60 2.1 -5892 -2926
479 60 2.1 -6040 -2996
485 60 2.1 -5768 -2918
492 60 2.1 -5744 -2808
498 60 2.1 -5948 -3050
504 60 2.1 -5932 -3094
511 60 2.1 -6068 -3142
517 60 2.1 -6140 -3142
524 60 2.1 -5756 -2928
531 60 2.1 -6008 -3100
538 60 2.1 -5908 -3124
545 60 2.1 -6120 -3234
552 60 2.1 -5908 -3136
559 60 2.1 -5884 -3118
566 60 2.1 -5956 -3130
573 60 2.1 -6024 -3182
581 60 2.1 -5836 -3070
588 60 2.1 -5996 -3152
596 60 2.1 -6208 -3272
603 60 2.1 -6108 -3212
611 60 2.1 -6060 -3174
619 60 2.1 -5972 -3190
627 60 2.1 -6152 -3192
635 60 2.1 -6052 -3216
643 60 2.1 -6020 -3180
652 60 2.1 -6092 -3198
660 60 2.1 -6044 -3184
668 60 2.1 -6032 -3188
677 60 2.1 -6016 -3168
686 60 2.1 -5944 -3114
695 60 2.1 -6136 -3242
704 60 2.1 -5688 -2972
713 60 2.1 -5948 -3046
722 60 2.1 -5984 -3130
731 60 2.1 -6108 -3178
741 60 2.1 -5992 -3120
750 60 2.1 -6212 -3214
760 60 2.1 -6024 -3162
770 60 2.1 -6020 -3148
780 60 2.1 -6048 -3224
790 60 2.1 -6100 -3184
800 60 2.1 -6032 -3206
810 60 2.1 -5740 -3012
821 60 2.1 -5832 -3030
831 60 2.1 -6096 -3198
842 60 2.1 -6020 -3190
853 60 2.1 -5848 -3090
864 60 2.1 -6144 -3250
875 60 2.1 -5816 -3114
886 60 2.1 -6308 -3314
897 60 2.1 -6108 -3188
909 60 2.1 -5724 -2980
921 60 2.1 -5884 -3052
933 60 2.1 -5920 -2996
945 60 2.1 -5996 -3096
957 60 2.1 -5868 -3014
969 60 2.1 -6000 -3100
982 60 2.1 -5920 -3008
994 60 2.1 -5924 -2904
1007 60 2.1 -6032 -3064
1020 60 2.1 -5876 -3060
1033 60 2.1 -5860 -3046
1047 60 2.1 -5832 -3088
1060 60 2.1 -5864 -3132
1074 60 2.1 -6228 -3264
1088 60 2.1 -5864 -3048
1102 60 2.1 -5884 -3126
1116 60 2.1 -5956 -3106
1130 60 2.1 -6000 -3136
1145 60 2.1 -5924 -3112
1160 60 2.1 -5992 -3166
1174 60 2.1 -5876 -2990
1190 60 2.1 -5908 -3142
1205 60 2.1 -5948 -3094
1220 60 2.1 -5984 -3122
1236 60 2.1 -5932 -3088
1252 60 2.1 -5828 -3086
1268 60 2.1 -5792 -3020
1285 60 2.1 -5944 -3086
1301 60 2.1 -6032 -3124
1318 60 2.1 -5924 -3084
1335 60 2.1 -5860 -3048
1352 60 2.1 -5940 -3044
1370 60 2.1 -6084 -3106
1387 60 2.1 -6128 -3164
1405 60 2.1 -5908 -3084
1423 60 2.1 -5988 -3142
1442 60 2.1 -6100 -3174
1460 60 2.1 -5988 -3106
1479 60 2.1 -5864 -3150
1498 60 2.1 -6300 -3292
1517 60 2.1 -5940 -3104
1537 60 2.1 -5828 -3126
1557 60 2.1 -5908 -3070
1577 60 2.1 -6076 -3202
1597 60 2.1 -5956 -3172
1618 60 2.1 -5856 -3106
1639 60 2.1 -6076 -3228
1660 60 2.1 -6080 -3222
1681 60 2.1 -5844 -3040
1703 60 2.1 -5804 -2988
1725 60 2.1 -5988 -3134
1747 60 2.1 -6080 -3138
1770 60 2.1 -5984 -3182
1792 60 2.1 -6128 -3158
1816 60 2.1 -6208 -3264
1839 60 2.1 -6100 -3190
1863 60 2.1 -6084 -3232
1887 60 2.1 -6032 -3122
1911 60 2.1 -6076 -3172
1936 60 2.1 -5924 -3126
1961 60 2.1 -5988 -3198
1986 60 2.1 -6020 -3092
2012 60 2.1 -5912 -3130
2037 60 2.1 -6048 -3198
2064 60 2.1 -5856 -3094
2090 60 2.1 -5956 -3020
2117 60 2.1 -6148 -3226
2145 60 2.1 -6088 -3214
2172 60 2.1 -5948 -3166
2200 60 2.1 -6068 -3200
2229 60 2.1 -6036 -3196
2257 60 2.1 -5952 -3174
2286 60 2.1 -6048 -3114
2316 60 2.1 -6132 -3198
2346 60 2.1 -5888 -3074
2376 60 2.1 -6024 -3118
2407 60 2.1 -6072 -3152
2438 60 2.1 -6144 -3214
2469 60 2.1 -5860 -3092
2501 60 2.1 -5992 -3156
2533 60 2.1 -6144 -3192
2566 60 2.1 -5964 -3148
2599 60 2.1 -5968 -3130
2633 60 2.1 -5924 -3118
2667 60 2.1 -6024 -3194
2701 60 2.1 -6256 -3244
2736 60 2.1 -6152 -3214
2771 60 2.1 -6172 -3198
2807 60 2.1 -6032 -3190
2843 60 2.1 -6164 -3216
2880 60 2.1 -6004 -3138
2917 60 2.1 -5940 -3120
2954 60 2.1 -6188 -3264
2992 60 2.1 -5896 -3084
3031 60 2.1 -6000 -3166
3070 60 2.1 -6024 -3126
3110 60 2.1 -5820 -2962
3150 60 2.1 -5928 -3066
3190 60 2.1 -6060 -3176
3232 60 2.1 -5776 -2994
3273 60 2.1 -6044 -3192
3315 60 2.1 -5788 -3046
3358 60 2.1 -5900 -3044
3402 60 2.1 -5980 -3100
3445 60 2.1 -5908 -3056
3490 60 2.1 -5940 -3140
3535 60 2.1 -5728 -3032
3580 60 2.1 -6052 -3196
3627 60 2.1 -5776 -3028
3673 60 2.1 -6116 -3212
3721 60 2.1 -5976 -3104
3769 60 2.1 -6116 -3182
3817 60 2.1 -6136 -3212
3867 60 2.1 -5880 -3132
3916 60 2.1 -5984 -3170
3967 60 2.1 -5888 -3044
4018 60 2.1 -6052 -3122
4070 60 2.1 -5660 -2996
4122 60 2.1 -5908 -3132
4176 60 2.1 -6140 -3240
4229 60 2.1 -6004 -3154
4284 60 2.1 -5952 -3128
4339 60 2.1 -6092 -3186
4395 60 2.1 -5976 -3182
4452 60 2.1 -6116 -3188
4509 60 2.1 -6020 -2980
4567 60 2.1 -5864 -3120
4626 60 2.1 -5752 -2974
4686 60 2.1 -5792 -3084
4746 60 2.1 -6024 -3122
4808 60 2.1 -5996 -3124
4870 60 2.1 -5988 -3066
4932 60 2.1 -5952 -3120
4996 60 2.1 -6212 -3256
5060 60 2.1 -5864 -3126
5126 60 2.1 -6136 -3252
5192 60 2.1 -6168 -3214
5259 60 2.1 -5900 -3090
5327 60 2.1 -5944 -3106
5395 60 2.1 -6028 -3188
5465 60 2.1 -6148 -3250
5535 60 2.1 -6032 -3174
5607 60 2.1 -6028 -3188
5679 60 2.1 -6080 -3134
5752 60 2.1 -6080 -3158
5826 60 2.1 -6168 -3250
5902 60 2.1 -6096 -3178
5978 60 2.1 -6036 -3150
6055 60 2.1 -5856 -3082
6133 60 2.1 -6140 -3244
6212 60 2.1 -6144 -3214
6292 60 2.1 -6240 -3266
6373 60 2.1 -5920 -3124
6455 60 2.1 -6208 -3126
6539 60 2.1 -5872 -3040
6623 60 2.1 -6028 -3168
6708 60 2.1 -5976 -3132
6795 60 2.1 -5884 -3160
6883 60 2.1 -6048 -3204
6971 60 2.1 -6088 -3220
7061 60 2.1 -6040 -3168
7152 60 2.1 -5952 -3206
7245 60 2.1 -5972 -3096
7338 60 2.1 -6040 -3196
7433 60 2.1 -5944 -3030
7529 60 2.1 -5956 -3172
7626 60 2.1 -6076 -3146
7724 60 2.1 -5904 -3044
7824 60 2.1 -5900 -3008
7925 60 2.1 -5980 -3100
8027 60 2.1 -5972 -3104
8130 60 2.1 -6032 -3168
8235 60 2.1 -6148 -3176
8341 60 2.1 -5920 -3138
8449 60 2.1 -6068 -3198
8558 60 2.1 -6152 -3216
8668 60 2.1 -6072 -3142
8780 60 2.1 -6052 -3144
8893 60 2.1 -6176 -3214
9008 60 2.1 -5884 -2980
9124 60 2.1 -6016 -3108
9242 60 2.1 -5820 -2922
9361 60 2.1 -6032 -3176
9482 60 2.1 -5960 -3144
9604 60 2.1 -5796 -3020
9728 60 2.1 -5800 -3026
9853 60 2.1 -5872 -2986
9980 60 2.1 -5880 -3050
10109 60 2.1 -6004 -3146
10240 60 2.1 -6052 -3206
10372 60 2.1 -6040 -3142
10505 60 2.1 -5996 -3138
10641 60 2.1 -5844 -3088
10778 60 2.1 -6048 -3168
10917 60 2.1 -5944 -3172
11058 60 2.1 -6004 -3124
11201 60 2.1 -5956 -3080
11345 60 2.1 -5952 -3142
11491 60 2.1 -6060 -3182
11640 60 2.1 -5808 -2864
11790 60 2.1 -5988 -3158
11942 60 2.1 -6012 -3104
12096 60 2.1 -6040 -3158
12252 60 2.1 -5740 -2954
12410 60 2.1 -5852 -3026
12570 60 2.1 -6144 -3204
12732 60 2.1 -6156 -3238
12896 60 2.1 -6144 -3124
13062 60 2.1 -6112 -3170
13231 60 2.1 -6000 -3108
13402 60 2.1 -5992 -3168
13574 60 2.1 -5812 -2966
13750 60 2.1 -6048 -3116
13927 60 2.1 -5976 -3150
14106 60 2.1 -5792 -2948
14288 60 2.1 -5980 -3114
14473 60 2.1 -5940 -3132
14659 60 2.1 -5852 -2976
14848 60 2.1 -6000 -3158
15040 60 2.1 -6088 -3150
15234 60 2.1 -6264 -3264
15430 60 2.1 -5892 -3084
15629 60 2.1 -5924 -3114
15831 60 2.1 -6296 -3326
16035 60 2.1 -5964 -3104
16242 60 2.1 -5944 -3140
16451 60 2.1 -6236 -3240
16664 60 2.1 -6024 -3174
16879 60 2.1 -6100 -3176
17096 60 2.1 -5892 -2914
17317 60 2.1 -6160 -3176
17540 60 2.1 -6116 -3220
17766 60 2.1 -6128 -3120
17995 60 2.1 -5884 -3096
18228 60 2.1 -5860 -3032
18463 60 2.1 -5872 -3114
18701 60 2.1 -5764 -2978
18942 60 2.1 -5968 -3184
19186 60 2.1 -5984 -3104
19434 60 2.1 -6160 -3250
19684 60 2.1 -5996 -3136
19938 60 2.1 -6084 -3186
20195 60 2.1 -5784 -3028
20456 60 2.1 -5964 -3072
20720 60 2.1 -5976 -3168
20987 60 2.1 -6288 -3292
21258 60 2.1 -5984 -3132
21532 60 2.1 -6104 -3194
21810 60 2.1 -5796 -3096
22091 60 2.1 -5952 -3034
22376 60 2.1 -5724 -2956
22664 60 2.1 -6024 -3138
22957 60 2.1 -5800 -2990
23253 60 2.1 -6044 -3136
23553 60 2.1 -6088 -3192
23856 60 2.1 -5908 -3138
24164 60 2.1 -5908 -3072
24476 60 2.1 -5816 -3050
24791 60 2.1 -6028 -3102
25111 60 2.1 -6092 -3170
25435 60 2.1 -6076 -3222
25763 60 2.1 -5892 -3088
26095 60 2.1 -5868 -2880
26432 60 2.1 -6108 -3174
26773 60 2.1 -5972 -3132
27118 60 2.1 -6004 -3114
27468 60 2.1 -6088 -3234
27822 60 2.1 -6096 -3230
28181 60 2.1 -6076 -3192
28545 60 2.1 -5820 -3030
28913 60 2.1 -6044 -3162
29286 60 2.1 -5988 -3084
29663 60 2.1 -5944 -3140
30046 60 2.1 -5864 -3010
30434 60 2.1 -5928 -3078
30826 60 2.1 -5932 -3142
31224 60 2.1 -6196 -3230
31626 60 2.1 -6008 -3044
32034 60 2.1 -5948 -3062
32447 60 2.1 -6056 -3186
32866 60 2.1 -6092 -3220
33290 60 2.1 -6000 -3134
33719 60 2.1 -6140 -3226
34154 60 2.1 -5952 -3152
34595 60 2.1 -6096 -3192
35041 60 2.1 -5956 -3138
35493 60 2.1 -6044 -3190
35951 60 2.1 -5864 -3012
36414 60 2.1 -5924 -3068
36884 60 2.1 -5988 -3178
37360 60 2.1 -5936 -3056
37841 60 2.1 -5964 -3124
38330 60 2.1 -5988 -3028
38824 60 2.1 -6020 -3108
39325 60 2.1 -6076 -3170
39832 60 2.1 -5904 -2964
40346 60 2.1 -5544 -2626
40866 60 2.1 -6164 -3224
41393 60 2.1 -5904 -3056
41927 60 2.1 -5936 -3178
42468 60 2.1 -5900 -2978
43015 60 2.1 -6056 -3078
43570 60 2.1 -6176 -3254
44132 60 2.1 -5884 -3128
44701 60 2.1 -5876 -3084
45278 60 2.1 -6088 -3150
45862 60 2.1 -6244 -3212
46453 60 2.1 -6072 -3188
47053 60 2.1 -5852 -3042
47660 60 2.1 -6204 -3228
48274 60 2.1 -5700 -3000
48897 60 2.1 -6028 -3118
49528 60 2.1 -5992 -3038
50166 60 2.1 -5728 -2976
50813 60 2.1 -5740 -2974
51469 60 2.1 -6024 -3160
52133 60 2.1 -5724 -2934
52805 60 2.1 -6024 -3150
53486 60 2.1 -6304 -3260
54176 60 2.1 -5872 -3106
54875 60 2.1 -6180 -3262
55582 60 2.1 -5952 -3110
56299 60 2.1 -5784 -3028
57025 60 2.1 -5896 -3048
57761 60 2.1 -5932 -3144
58506 60 2.1 -6004 -3208
59261 60 2.1 -6124 -3216
60025 60 2.1 -5976 -3160
60799 60 2.1 -6092 -3162
61583 60 2.1 -5980 -3092
62378 60 2.1 -6104 -3184
63182 60 2.1 -5912 -3118
63997 60 2.1 -6004 -3122
64822 60 2.1 -5996 -3166
65658 60 2.1 -6028 -3146
66505 60 2.1 -5824 -3078
67363 60 2.1 -5776 -3022
68232 60 2.1 -5952 -3104
69112 60 2.1 -5848 -3072
70003 60 2.1 -5880 -3002
70906 60 2.1 -6052 -3200
71821 60 2.1 -5852 -2938
72747 60 2.1 -5756 -2982
73685 60 2.1 -5968 -3146
74636 60 2.1 -6076 -3194
75599 60 2.1 -5988 -3172
76574 60 2.1 -5900 -3108
77561 60 2.1 -6020 -3098
78562 60 2.1 -5928 -3128
79575 60 2.1 -6160 -3214
80601 60 2.1 -6316 -3316
81641 60 2.1 -6176 -3220
82694 60 2.1 -6232 -3262
83760 60 2.1 -5956 -3144
84841 60 2.1 -6044 -3192
85935 60 2.1 -5996 -3156
87043 60 2.1 -6156 -3224
88166 60 2.1 -5936 -3112
89303 60 2.1 -6248 -3306
90455 60 2.1 -6084 -3128
91622 60 2.1 -5920 -3150
92803 60 2.1 -6000 -3198
94000 60 2.1 -5984 -3156
95213 60 2.1 -6136 -3224
96441 60 2.1 -5960 -3180
97685 60 2.1 -5804 -3030
98945 60 2.1 -5860 -3056
100221 60 2.1 -5868 -3132
101513 60 2.1 -5956 -3170
102823 60 2.1 -6068 -3206
104149 60 2.1 -5928 -3120
105492 60 2.1 -5792 -3058
106853 60 2.1 -6172 -3234
108231 60 2.1 -6020 -3144
109627 60 2.1 -5772 -3010
111041 60 2.1 -6112 -3242
112473 60 2.1 -6160 -3224
113924 60 2.1 -5936 -3156
115393 60 2.1 -5756 -3030
116882 60 2.1 -5864 -3102
118389 60 2.1 -6000 -3138
119916 60 2.1 -6108 -3208
121463 60 2.1 -6044 -3144
123029 60 2.1 -5760 -3048
124616 60 2.1 -6040 -3168
126224 60 2.1 -5840 -3052
127852 60 2.1 -6008 -3156
129501 60 2.1 -5968 -3104
131171 60 2.1 -5564 -2652
132863 60 2.1 -5904 -3056
134576 60 2.1 -6092 -3210
136312 60 2.1 -5864 -2988
138070 60 2.1 -6016 -3180
139851 60 2.1 -5948 -3158
141655 60 2.1 -6076 -3176
143482 60 2.1 -5692 -2934
145333 60 2.1 -5900 -3112
147207 60 2.1 -6136 -3150
149106 60 2.1 -5972 -3156
151029 60 2.1 -6040 -3180
152977 60 2.1 -6216 -3260
154950 60 2.1 -6164 -3214
156948 60 2.1 -5948 -3134
158973 60 2.1 -5852 -3110
161023 60 2.1 -5848 -3084
163100 60 2.1 -6056 -3130
165204 60 2.1 -5960 -3072
167334 60 2.1 -6096 -3210
169493 60 2.1 -6088 -3148
171679 60 2.1 -6264 -3306
173893 60 2.1 -5852 -3020
176136 60 2.1 -6168 -3226
178408 60 2.1 -6024 -3134
180709 60 2.1 -6056 -3058
183040 60 2.1 -6088 -3178
185400 60 2.1 -6268 -3280
187792 60 2.1 -5964 -3164
190214 60 2.1 -5880 -3102
192667 60 2.1 -5940 -3142
195152 60 2.1 -5816 -2994
197669 60 2.1 -5856 -3052
200219 60 2.1 -6012 -3170
202801 60 2.1 -6088 -3108
205417 60 2.1 -6016 -3182
208066 60 2.1 -5740 -2714
210750 60 2.1 -5940 -3090
213468 60 2.1 -6032 -3138
216222 60 2.1 -5776 -3034
219010 60 2.1 -5860 -3110
221835 60 2.1 -6276 -3260
224696 60 2.1 -6144 -3244
227595 60 2.1 -6124 -3234
230530 60 2.1 -5924 -3132
233503 60 2.1 -5876 -2988
236515 60 2.1 -6188 -3248
239566 60 2.1 -6016 -3158
242656 60 2.1 -5968 -3116
245785 60 2.1 -6124 -3236
248956 60 2.1 -5912 -3046
252167 60 2.1 -6044 -3036
255419 60 2.1 -6028 -3158
258713 60 2.1 -5824 -3028
262050 60 2.1 -5856 -3042
265430 60 2.1 -5908 -3112
268854 60 2.1 -6064 -3168
272321 60 2.1 -5844 -3130
275834 60 2.1 -6224 -3296
279391 60 2.1 -5840 -3068
282995 60 2.1 -6000 -3112
286645 60 2.1 -5956 -3166
290342 60 2.1 -5988 -3130
294087 60 2.1 -5912 -3136
297880 60 2.1 -6012 -3132
301722 60 2.1 -6100 -3212
305614 60 2.1 -6028 -3186
309556 60 2.1 -5916 -3150
313548 60 2.1 -5804 -3078
317592 60 2.1 -5936 -3056
321689 60 2.1 -6032 -3202
325838 60 2.1 -6080 -3198
330040 60 2.1 -5924 -3116
334297 60 2.1 -6112 -3200
338609 60 2.1 -6076 -3198
342976 60 2.1 -5848 -3098
347400 60 2.1 -6056 -3188
351881 60 2.1 -5928 -3136
356419 60 2.1 -5820 -2970
361016 60 2.1 -5948 -3012
365673 60 2.1 -6096 -3226
370389 60 2.1 -6276 -3328
375167 60 2.1 -6076 -3178
380005 60 2.1 -5868 -3100
384907 60 2.1 -6032 -3182
389871 60 2.1 -6032 -3192
394900 60 2.1 -5852 -2930
399993 60 2.1 -6172 -3162
405152 60 2.1 -6096 -3204
410378 60 2.1 -5964 -3102
415671 60 2.1 -6068 -3156
421032 60 2.1 -5804 -2916
426463 60 2.1 -6220 -3274
431963 60 2.1 -6032 -3220
437535 60 2.1 -5972 -3130
443178 60 2.1 -5768 -3030
448894 60 2.1 -6068 -3220
454684 60 2.1 -5924 -3156
460548 60 2.1 -5896 -2924
466489 60 2.1 -5952 -3008
472505 60 2.1 -6156 -3100
478600 60 2.1 -6020 -3152
484773 60 2.1 -5912 -3118
491025 60 2.1 -5920 -3000
497358 60 2.1 -5860 -3058
503773 60 2.1 -5876 -3086
510271 60 2.1 -5964 -3090
516852 60 2.1 -6236 -3216
523519 60 2.1 -6200 -3290
530271 60 2.1 -5928 -3132
537111 60 2.1 -5976 -3114
544038 60 2.1 -5828 -2996
551055 60 2.1 -5828 -3124
558163 60 2.1 -6144 -3254
565362 60 2.1 -5916 -3124
572654 60 2.1 -5932 -3128
580040 60 2.1 -5944 -3136
587521 60 2.1 -6036 -3170
595099 60 2.1 -6084 -3226
602775 60 2.1 -5956 -3104
610549 60 2.1 -6088 -3218
618424 60 2.1 -5852 -2996
626400 60 2.1 -5960 -3130
634480 60 2.1 -6132 -3190
642663 60 2.1 -5920 -3044
650952 60 2.1 -6044 -3156
659348 60 2.1 -5712 -3044
667853 60 2.1 -5892 -3034
676467 60 2.1 -6112 -3208
685192 60 2.1 -6036 -3160
694029 60 2.1 -5948 -3114
702981 60 2.1 -6208 -3264
712048 60 2.1 -6144 -3204
721232 60 2.1 -6092 -3174
730534 60 2.1 -6184 -3276
739957 60 2.1 -5956 -3160
749500 60 2.1 -5812 -3104
759168 60 2.1 -5912 -3058
768959 60 2.1 -6076 -3212
778877 60 2.1 -6204 -3268
788923 60 2.1 -6016 -3156
799099 60 2.1 -6020 -3134
809405 60 2.1 -6016 -3222
819845 60 2.1 -6068 -3162
830419 60 2.1 -6188 -3262
841130 60 2.1 -5876 -3066
851979 60 2.1 -5944 -3166
862968 60 2.1 -5936 -3160
874098 60 2.1 -6112 -3176
885373 60 2.1 -5872 -3116
896792 60 2.1 -6112 -3144
908359 60 2.1 -6032 -3146
920075 60 2.1 -5948 -3120
931942 60 2.1 -5952 -3100
943962 60 2.1 -5912 -3062
956137 60 2.1 -5916 -3068
968470 60 2.1 -5968 -3052
980961 60 2.1 -5736 -3066
993613 60 2.1 -6148 -3256
999999 60 2.1 -6080 -3136
