3 60 2 -3628 -18
4 60 2 -3908 -112
5 60 2 -3960 -242
6 60 2 -4220 -188
7 60 2 -4204 -234
8 60 2 -4348 -272
9 60 2 -4372 -242
10 60 2 -4552 -266
11 60 2 -4660 -308
12 60 2 -4772 -324
13 60 2 -4824 -384
14 60 2 -4728 -428
15 60 2 -4792 -526
16 60 2 -4872 -460
17 60 2 -4868 -418
18 60 2 -4960 -400
19 60 2 -4976 -394
20 60 2 -4920 -414
21 60 2 -5008 -462
22 60 2 -5020 -468
23 60 2 -5004 -474
24 60 2 -4968 -468
25 60 2 -5112 -552
26 60 2 -5260 -512
27 60 2 -5224 -504
28 60 2 -5108 -468
29 60 2 -5192 -422
30 60 2 -5200 -398
31 60 2 -5208 -424
32 60 2 -5316 -414
33 60 2 -5244 -442
34 60 2 -5224 -386
35 60 2 -5188 -434
36 60 2 -5236 -462
37 60 2 -5228 -458
38 60 2 -5240 -458
39 60 2 -5232 -534
40 60 2 -5252 -500
41 60 2 -5268 -386
42 60 2 -5308 -318
43 60 2 -5380 -316
44 60 2 -5412 -364
45 60 2 -5312 -322
46 60 2 -5352 -302
47 60 2 -5368 -294
48 60 2 -5232 -224
49 60 2 -5180 -216
50 60 2 -5252 -172
51 60 2 -5268 -118
52 60 2 -5176 -58
53 60 2 -5312 -28
54 60 2 -5272 -54
55 60 2 -5320 -66
56 60 2 -5276 -14
57 60 2 -5364 4
58 60 2 -5356 6
59 60 2 -5320 -36
60 60 2 -5360 -76
61 60 2 -5412 -72
62 60 2 -5296 -8
63 60 2 -5220 -30
64 60 2 -5368 4
65 60 2 -5476 -34
66 60 2 -5452 -96
67 60 2 -5488 -154
68 60 2 -5500 -176
69 60 2 -5440 -158
70 60 2 -5580 -60
71 60 2 -5448 -34
72 60 2 -5404 -84
73 60 2 -5468 -138
74 60 2 -5504 -96
75 60 2 -5532 -124
76 60 2 -5468 -190
77 60 2 -5532 -170
78 60 2 -5392 -168
79 60 2 -5580 -196
80 60 2 -5652 -188
81 60 2 -5544 -212
82 60 2 -5712 -248
83 60 2 -5608 -246
84 60 2 -5648 -270
85 60 2 -5704 -238
86 60 2 -5788 -216
88 60 2 -5776 -178
89 60 2 -5740 -262
90 60 2 -5616 -212
91 60 2 -5616 -258
92 60 2 -5672 -234
93 60 2 -5612 -244
95 60 2 -5636 -308
96 60 2 -5616 -332
97 60 2 -5552 -270
98 60 2 -5540 -320
99 60 2 -5548 -310
101 60 2 -5648 -240
102 60 2 -5780 -144
103 60 2 -5724 -198
105 60 2 -5676 -142
106 60 2 -5688 -128
107 60 2 -5712 -132
109 60 2 -5740 -100
110 60 2 -5812 -150
112 60 2 -5664 -200
113 60 2 -5656 -198
114 60 2 -5548 -210
116 60 2 -5628 -394
117 60 2 -5516 -350
119 60 2 -5472 -282
120 60 2 -5444 -272
122 60 2 -5416 -346
124 60 2 -5548 -340
125 60 2 -5492 -376
127 60 2 -5536 -464
128 60 2 -5436 -480
130 60 2 -5372 -410
132 60 2 -5564 -418
133 60 2 -5476 -402
135 60 2 -5512 -444
137 60 2 -5644 -316
139 60 2 -5696 -444
140 60 2 -5680 -450
142 60 2 -5624 -474
144 60 2 -5712 -426
146 60 2 -5608 -458
148 60 2 -5552 -430
150 60 2 -5556 -540
152 60 2 -5624 -548
154 60 2 -5416 -510
155 60 2 -5512 -520
157 60 2 -5816 -460
160 60 2 -5760 -438
162 60 2 -5776 -496
164 60 2 -5712 -468
166 60 2 -5676 -436
168 60 2 -5544 -488
170 60 2 -5676 -492
172 60 2 -5764 -474
174 60 2 -5656 -574
177 60 2 -5764 -856
179 60 2 -5760 -838
181 60 2 -5764 -856
184 60 2 -5696 -934
186 60 2 -5752 -802
188 60 2 -5744 -868
191 60 2 -5808 -854
193 60 2 -5932 -888
196 60 2 -5792 -818
198 60 2 -5784 -792
201 60 2 -5748 -880
203 60 2 -5908 -890
206 60 2 -5884 -906
209 60 2 -5884 -1074
211 60 2 -5656 -1016
214 60 2 -5776 -1070
217 60 2 -5800 -1092
220 60 2 -5888 -1080
222 60 2 -5884 -1092
225 60 2 -5712 -1030
228 60 2 -5832 -1116
231 60 2 -5932 -1116
234 60 2 -5912 -1152
237 60 2 -5936 -1160
240 60 2 -6008 -1194
243 60 2 -5928 -1090
246 60 2 -5888 -1102
250 60 2 -5756 -1132
253 60 2 -5656 -1106
256 60 2 -5820 -1164
259 60 2 -5672 -1128
263 60 2 -5736 -960
266 60 2 -5816 -1022
269 60 2 -5620 -1038
273 60 2 -5820 -986
276 60 2 -5852 -978
280 60 2 -5860 -912
284 60 2 -5936 -1106
287 60 2 -5856 -1072
291 60 2 -5924 -1182
295 60 2 -5868 -1266
298 60 2 -5936 -1278
302 60 2 -5968 -1212
306 60 2 -5872 -1122
310 60 2 -5676 -1106
314 60 2 -5796 -1176
318 60 2 -5832 -1136
322 60 2 -5876 -1146
326 60 2 -5840 -1228
331 60 2 -5880 -1120
335 60 2 -5924 -1130
339 60 2 -5876 -1132
344 60 2 -5704 -1142
348 60 2 -5908 -1164
352 60 2 -5740 -1070
357 60 2 -5768 -1072
362 60 2 -5932 -1230
366 60 2 -5932 -1310
371 60 2 -5936 -1288
376 60 2 -6012 -1128
381 60 2 -5948 -1162
385 60 2 -6080 -1244
390 60 2 -5788 -1236
395 60 2 -5880 -1398
401 60 2 -5840 -1330
406 60 2 -5948 -1264
411 60 2 -5856 -1336
416 60 2 -5780 -1420
422 60 2 -5776 -1350
427 60 2 -5820 -1336
433 60 2 -5892 -1336
438 60 2 -5904 -1450
444 60 2 -5872 -1540
449 60 2 -5668 -1650
455 60 2 -5792 -1680
461 60 2 -5972 -1690
467 60 2 -5980 -1708
473 60 2 -6000 -1866
479 60 2 -5924 -2000
485 60 2 -5912 -1878
492 60 2 -5804 -1936
498 60 2 -5960 -1984
504 60 2 -5776 -1962
511 60 2 -5908 -2162
517 60 2 -5788 -2134
524 60 2 -5992 -2138
531 60 2 -5812 -2156
538 60 2 -6044 -2348
545 60 2 -5948 -2298
552 60 2 -5940 -2238
559 60 2 -6132 -2318
566 60 2 -5904 -2274
573 60 2 -6152 -2360
581 60 2 -5824 -2182
588 60 2 -5880 -2082
596 60 2 -6116 -2268
603 60 2 -5876 -2112
611 60 2 -5856 -2250
619 60 2 -5872 -2272
627 60 2 -6104 -2336
635 60 2 -5948 -2328
643 60 2 -6172 -2506
652 60 2 -5892 -2516
660 60 2 -5972 -2562
668 60 2 -6016 -2624
677 60 2 -6084 -2572
686 60 2 -5988 -2682
695 60 2 -6016 -2748
704 60 2 -6056 -2790
713 60 2 -6064 -2912
722 60 2 -6064 -3044
731 60 2 -6220 -3182
741 60 2 -6320 -3288
750 60 2 -6260 -3224
760 60 2 -6276 -3220
770 60 2 -6284 -3308
780 60 2 -6296 -3300
790 60 2 -6364 -3312
800 60 2 -6532 -3376
810 60 2 -6068 -3202
821 60 2 -6240 -3212
831 60 2 -6376 -3318
842 60 2 -6340 -3310
853 60 2 -6388 -3330
864 60 2 -6324 -3246
875 60 2 -6332 -3312
886 60 2 -6236 -3250
897 60 2 -6292 -3288
909 60 2 -6368 -3304
921 60 2 -6404 -3350
933 60 2 -6332 -3322
945 60 2 -6184 -3232
957 60 2 -6452 -3356
969 60 2 -6276 -3274
982 60 2 -6380 -3340
994 60 2 -6316 -3308
1007 60 2 -6380 -3338
1020 60 2 -6344 -3318
1033 60 2 -6368 -3308
1047 60 2 -6320 -3314
1060 60 2 -6392 -3304
1074 60 2 -6248 -3280
1088 60 2 -6588 -3418
1102 60 2 -6248 -3260
1116 60 2 -6448 -3372
1130 60 2 -6252 -3290
1145 60 2 -6176 -3256
1160 60 2 -6300 -3250
1174 60 2 -6304 -3302
1190 60 2 -6236 -3262
1205 60 2 -6156 -3188
1220 60 2 -6292 -3280
1236 60 2 -6292 -3306
1252 60 2 -6296 -3272
1268 60 2 -6360 -3336
1285 60 2 -6224 -3214
1301 60 2 -6276 -3280
1318 60 2 -6132 -3268
1335 60 2 -6344 -3324
1352 60 2 -6280 -3248
1370 60 2 -6148 -3154
1387 60 2 -6332 -3280
1405 60 2 -6440 -3342
1423 60 2 -6224 -3264
1442 60 2 -6364 -3282
1460 60 2 -6252 -3292
1479 60 2 -6216 -3256
1498 60 2 -6336 -3316
1517 60 2 -6268 -3302
1537 60 2 -6328 -3298
1557 60 2 -6208 -3234
1577 60 2 -6256 -3218
1597 60 2 -6300 -3310
1618 60 2 -6320 -3286
1639 60 2 -6400 -3336
1660 60 2 -6208 -3238
1681 60 2 -6388 -3312
1703 60 2 -6224 -3280
1725 60 2 -6416 -3304
1747 60 2 -6380 -3330
1770 60 2 -6332 -3334
1792 60 2 -6256 -3272
1816 60 2 -6072 -3210
1839 60 2 -6312 -3314
1863 60 2 -6336 -3300
1887 60 2 -6360 -3308
1911 60 2 -6232 -3250
1936 60 2 -6180 -3222
1961 60 2 -6140 -3198
1986 60 2 -6212 -3190
2012 60 2 -6304 -3320
2037 60 2 -6348 -3340
2064 60 2 -6252 -3258
2090 60 2 -6244 -3246
2117 60 2 -6364 -3338
2145 60 2 -6276 -3304
2172 60 2 -6436 -3310
2200 60 2 -6404 -3334
2229 60 2 -6300 -3300
2257 60 2 -6212 -3232
2286 60 2 -6448 -3366
2316 60 2 -6500 -3364
2346 60 2 -6112 -3172
2376 60 2 -6184 -3252
2407 60 2 -6228 -3250
2438 60 2 -6384 -3362
2469 60 2 -6292 -3278
2501 60 2 -6344 -3320
2533 60 2 -6204 -3238
2566 60 2 -6324 -3286
2599 60 2 -5996 -3010
2633 60 2 -6192 -3186
2667 60 2 -6332 -3316
2701 60 2 -6272 -3310
2736 60 2 -6404 -3344
2771 60 2 -6196 -3268
2807 60 2 -6396 -3352
2843 60 2 -6192 -3268
2880 60 2 -6424 -3352
2917 60 2 -6352 -3332
2954 60 2 -6276 -3284
2992 60 2 -6148 -3224
3031 60 2 -6296 -3280
3070 60 2 -6360 -3278
3110 60 2 -6240 -3254
3150 60 2 -6328 -3330
3190 60 2 -6412 -3356
3232 60 2 -6300 -3322
3273 60 2 -6352 -3336
3315 60 2 -6244 -3280
3358 60 2 -6352 -3328
3402 60 2 -6164 -3266
3445 60 2 -6360 -3336
3490 60 2 -6324 -3218
3535 60 2 -6220 -3252
3580 60 2 -6272 -3280
3627 60 2 -6348 -3282
3673 60 2 -6372 -3338
3721 60 2 -6260 -3286
3769 60 2 -6288 -3302
3817 60 2 -6400 -3314
3867 60 2 -6204 -3220
3916 60 2 -6256 -3238
3967 60 2 -6200 -3216
4018 60 2 -6156 -3212
4070 60 2 -6252 -3282
4122 60 2 -6308 -3326
4176 60 2 -6244 -3294
4229 60 2 -6364 -3326
4284 60 2 -6348 -3294
4339 60 2 -6320 -3298
4395 60 2 -6352 -3252
4452 60 2 -6336 -3308
4509 60 2 -6296 -3286
4567 60 2 -6140 -3220
4626 60 2 -6372 -3324
4686 60 2 -6412 -3342
4746 60 2 -6272 -3314
4808 60 2 -6132 -3162
4870 60 2 -6216 -3220
4932 60 2 -6364 -3276
4996 60 2 -6256 -3248
5060 60 2 -6356 -3312
5126 60 2 -6200 -3254
5192 60 2 -6200 -3256
5259 60 2 -6152 -3236
5327 60 2 -6272 -3266
5395 60 2 -6088 -3222
5465 60 2 -6404 -3348
5535 60 2 -6144 -3194
5607 60 2 -6292 -3314
5679 60 2 -6352 -3312
5752 60 2 -6340 -3308
5826 60 2 -5896 -3032
5902 60 2 -6436 -3354
5978 60 2 -6256 -3280
6055 60 2 -6256 -3310
6133 60 2 -6260 -3246
6212 60 2 -6264 -3260
6292 60 2 -6280 -3272
6373 60 2 -6240 -3282
6455 60 2 -6048 -3160
6539 60 2 -6176 -3282
6623 60 2 -6216 -3264
6708 60 2 -6372 -3330
6795 60 2 -6128 -3214
6883 60 2 -6188 -3236
6971 60 2 -6512 -3378
7061 60 2 -6284 -3274
7152 60 2 -6380 -3316
7245 60 2 -6312 -3308
7338 60 2 -6156 -3192
7433 60 2 -6316 -3306
7529 60 2 -6188 -3256
7626 60 2 -6068 -3088
7724 60 2 -6336 -3294
7824 60 2 -6412 -3312
7925 60 2 -6216 -3300
8027 60 2 -6372 -3336
8130 60 2 -6080 -3200
8235 60 2 -6412 -3346
8341 60 2 -6256 -3292
8449 60 2 -6216 -3264
8558 60 2 -6068 -3202
8668 60 2 -6316 -3304
8780 60 2 -6352 -3308
8893 60 2 -6396 -3334
9008 60 2 -6372 -3322
9124 60 2 -6404 -3330
9242 60 2 -6240 -3234
9361 60 2 -6312 -3306
9482 60 2 -6236 -3256
9604 60 2 -6388 -3344
9728 60 2 -6324 -3270
9853 60 2 -6284 -3268
9980 60 2 -6304 -3270
10109 60 2 -6368 -3316
10240 60 2 -6416 -3346
10372 60 2 -6364 -3306
10505 60 2 -6316 -3300
10641 60 2 -6384 -3302
10778 60 2 -6244 -3262
10917 60 2 -6332 -3308
11058 60 2 -6300 -3300
11201 60 2 -6104 -3210
11345 60 2 -6460 -3344
11491 60 2 -6340 -3276
11640 60 2 -6272 -3280
11790 60 2 -6348 -3334
11942 60 2 -6232 -3262
12096 60 2 -6292 -3302
12252 60 2 -6352 -3326
12410 60 2 -6396 -3324
12570 60 2 -6252 -3286
12732 60 2 -6304 -3292
12896 60 2 -6256 -3284
13062 60 2 -6368 -3336
13231 60 2 -6180 -3260
13402 60 2 -6200 -3200
13574 60 2 -6272 -3296
13750 60 2 -6392 -3322
13927 60 2 -6340 -3314
14106 60 2 -6296 -3326
14288 60 2 -6344 -3300
14473 60 2 -6308 -3302
14659 60 2 -6208 -3240
14848 60 2 -6224 -3288
15040 60 2 -6468 -3360
15234 60 2 -6336 -3234
15430 60 2 -6252 -3268
15629 60 2 -6264 -3276
15831 60 2 -6472 -3380
16035 60 2 -6264 -3272
16242 60 2 -6324 -3244
16451 60 2 -6340 -3340
16664 60 2 -6476 -3360
16879 60 2 -6176 -3236
17096 60 2 -6292 -3278
17317 60 2 -6308 -3296
17540 60 2 -6208 -3274
17766 60 2 -6284 -3288
17995 60 2 -6172 -3204
18228 60 2 -6492 -3368
18463 60 2 -6336 -3248
18701 60 2 -6200 -3260
18942 60 2 -6092 -3228
19186 60 2 -6200 -3278
19434 60 2 -6244 -3256
19684 60 2 -6492 -3366
19938 60 2 -6264 -3256
20195 60 2 -6348 -3298
20456 60 2 -6172 -3218
20720 60 2 -6240 -3224
20987 60 2 -6176 -3252
21258 60 2 -6224 -3238
21532 60 2 -6200 -3256
21810 60 2 -6412 -3282
22091 60 2 -6460 -3370
22376 60 2 -6136 -3222
22664 60 2 -6228 -3260
22957 60 2 -6312 -3300
23253 60 2 -6432 -3316
23553 60 2 -6148 -3208
23856 60 2 -6352 -3322
24164 60 2 -6180 -3226
24476 60 2 -6300 -3316
24791 60 2 -6288 -3292
25111 60 2 -6236 -3220
25435 60 2 -6276 -3280
25763 60 2 -6380 -3322
26095 60 2 -6156 -3176
26432 60 2 -6284 -3282
26773 60 2 -6272 -3310
27118 60 2 -6276 -3290
27468 60 2 -6336 -3334
27822 60 2 -6320 -3296
28181 60 2 -6272 -3302
28545 60 2 -6224 -3230
28913 60 2 -6192 -3250
29286 60 2 -6172 -3174
29663 60 2 -6268 -3268
30046 60 2 -6380 -3294
30434 60 2 -6408 -3308
30826 60 2 -6116 -3212
31224 60 2 -6444 -3362
31626 60 2 -6044 -3180
32034 60 2 -6276 -3256
32447 60 2 -6292 -3324
32866 60 2 -6240 -3270
33290 60 2 -6348 -3320
33719 60 2 -6336 -3330
34154 60 2 -6540 -3394
34595 60 2 -6356 -3334
35041 60 2 -6296 -3310
35493 60 2 -6236 -3254
35951 60 2 -6416 -3350
36414 60 2 -6228 -3282
36884 60 2 -6448 -3350
37360 60 2 -6300 -3268
37841 60 2 -6244 -3258
38330 60 2 -6156 -3262
38824 60 2 -6192 -3254
39325 60 2 -6360 -3276
39832 60 2 -6348 -3298
40346 60 2 -6244 -3262
40866 60 2 -6284 -3282
41393 60 2 -6420 -3338
41927 60 2 -6048 -3090
42468 60 2 -6144 -3194
43015 60 2 -6236 -3262
43570 60 2 -6292 -3322
44132 60 2 -6376 -3336
44701 60 2 -6300 -3268
45278 60 2 -6212 -3196
45862 60 2 -6380 -3294
46453 60 2 -6184 -3218
47053 60 2 -6488 -3380
47660 60 2 -6484 -3378
48274 60 2 -6272 -3264
48897 60 2 -6136 -3228
49528 60 2 -6172 -3230
50166 60 2 -6440 -3352
50813 60 2 -6200 -3238
51469 60 2 -6508 -3346
52133 60 2 -6300 -3274
52805 60 2 -6204 -3204
53486 60 2 -6332 -3314
54176 60 2 -6336 -3294
54875 60 2 -6256 -3224
55582 60 2 -6204 -3258
56299 60 2 -6180 -3250
57025 60 2 -6416 -3332
57761 60 2 -6484 -3392
58506 60 2 -6376 -3352
59261 60 2 -6200 -3240
60025 60 2 -6380 -3300
60799 60 2 -6176 -3232
61583 60 2 -6360 -3338
62378 60 2 -6312 -3294
63182 60 2 -6164 -3232
63997 60 2 -6292 -3272
64822 60 2 -6444 -3344
65658 60 2 -6276 -3284
66505 60 2 -6340 -3310
67363 60 2 -6416 -3348
68232 60 2 -6388 -3334
69112 60 2 -6352 -3278
70003 60 2 -6316 -3300
70906 60 2 -6228 -3272
71821 60 2 -6364 -3256
72747 60 2 -6408 -3306
73685 60 2 -6196 -3250
74636 60 2 -6216 -3276
75599 60 2 -6388 -3334
76574 60 2 -6312 -3314
77561 60 2 -6288 -3216
78562 60 2 -6040 -3158
79575 60 2 -6268 -3300
80601 60 2 -6188 -3184
81641 60 2 -6376 -3292
82694 60 2 -6392 -3340
83760 60 2 -6436 -3350
84841 60 2 -6152 -3170
85935 60 2 -6236 -3196
87043 60 2 -6124 -3182
88166 60 2 -6172 -3230
89303 60 2 -6276 -3264
90455 60 2 -6392 -3350
91622 60 2 -6488 -3374
92803 60 2 -6476 -3352
94000 60 2 -6260 -3270
95213 60 2 -6348 -3308
96441 60 2 -6368 -3336
97685 60 2 -6320 -3328
98945 60 2 -6236 -3278
100221 60 2 -6168 -3180
101513 60 2 -6396 -3340
102823 60 2 -6424 -3336
104149 60 2 -6244 -3268
105492 60 2 -6156 -3258
106853 60 2 -6016 -3142
108231 60 2 -6308 -3318
109627 60 2 -6404 -3330
111041 60 2 -6304 -3298
112473 60 2 -6084 -3216
113924 60 2 -6268 -3296
115393 60 2 -6036 -3178
116882 60 2 -6304 -3310
118389 60 2 -6188 -3280
119916 60 2 -6400 -3308
121463 60 2 -6188 -3278
123029 60 2 -6316 -3324
124616 60 2 -6100 -3226
126224 60 2 -6108 -3222
127852 60 2 -6288 -3308
129501 60 2 -6244 -3266
131171 60 2 -6088 -3192
132863 60 2 -6512 -3388
134576 60 2 -6404 -3324
136312 60 2 -6400 -3340
138070 60 2 -6376 -3330
139851 60 2 -6244 -3232
141655 60 2 -6204 -3294
143482 60 2 -6264 -3276
145333 60 2 -6208 -3242
147207 60 2 -6108 -3218
149106 60 2 -6408 -3330
151029 60 2 -6240 -3262
152977 60 2 -6192 -3238
154950 60 2 -6384 -3302
156948 60 2 -6352 -3310
158973 60 2 -6288 -3286
161023 60 2 -6220 -3270
163100 60 2 -6364 -3320
165204 60 2 -6240 -3302
167334 60 2 -6272 -3292
169493 60 2 -6176 -3252
171679 60 2 -6276 -3278
173893 60 2 -6228 -3268
176136 60 2 -6356 -3342
178408 60 2 -6304 -3262
180709 60 2 -6444 -3360
183040 60 2 -6264 -3270
185400 60 2 -6324 -3298
187792 60 2 -6560 -3408
190214 60 2 -6296 -3300
192667 60 2 -6284 -3272
195152 60 2 -6392 -3338
197669 60 2 -6132 -3224
200219 60 2 -6256 -3284
202801 60 2 -6276 -3278
205417 60 2 -6404 -3338
208066 60 2 -6332 -3312
210750 60 2 -6424 -3360
213468 60 2 -6208 -3268
216222 60 2 -6296 -3296
219010 60 2 -6212 -3288
221835 60 2 -6368 -3312
224696 60 2 -6360 -3326
227595 60 2 -6328 -3310
230530 60 2 -6212 -3250
233503 60 2 -6156 -3222
236515 60 2 -6336 -3338
239566 60 2 -6272 -3288
242656 60 2 -6232 -3266
245785 60 2 -6228 -3270
248956 60 2 -6280 -3264
252167 60 2 -6196 -3218
255419 60 2 -6364 -3322
258713 60 2 -6236 -3254
262050 60 2 -6408 -3356
265430 60 2 -6416 -3344
268854 60 2 -6252 -3272
272321 60 2 -6340 -3310
275834 60 2 -6308 -3236
279391 60 2 -6304 -3286
282995 60 2 -6304 -3318
286645 60 2 -6208 -3256
290342 60 2 -6400 -3354
294087 60 2 -6360 -3312
297880 60 2 -6196 -3248
301722 60 2 -6440 -3352
305614 60 2 -6256 -3288
309556 60 2 -6344 -3278
313548 60 2 -6128 -3232
317592 60 2 -6352 -3298
321689 60 2 -6328 -3296
325838 60 2 -6376 -3312
330040 60 2 -6348 -3328
334297 60 2 -6324 -3258
338609 60 2 -6156 -3222
342976 60 2 -6320 -3328
347400 60 2 -6132 -3208
351881 60 2 -6164 -3238
356419 60 2 -6356 -3330
361016 60 2 -6340 -3292
365673 60 2 -6212 -3226
370389 60 2 -6432 -3356
375167 60 2 -6428 -3350
380005 60 2 -6340 -3310
384907 60 2 -6296 -3272
389871 60 2 -6388 -3356
394900 60 2 -6188 -3242
399993 60 2 -6164 -3258
405152 60 2 -6340 -3324
410378 60 2 -6256 -3288
415671 60 2 -6196 -3274
421032 60 2 -6332 -3334
426463 60 2 -6396 -3320
431963 60 2 -6264 -3256
437535 60 2 -6248 -3256
443178 60 2 -6192 -3212
448894 60 2 -6348 -3314
454684 60 2 -6440 -3320
460548 60 2 -6216 -3274
466489 60 2 -6224 -3286
472505 60 2 -6376 -3302
478600 60 2 -6364 -3316
484773 60 2 -6328 -3290
491025 60 2 -6092 -3222
497358 60 2 -6372 -3292
503773 60 2 -6332 -3284
510271 60 2 -6408 -3308
516852 60 2 -6244 -3192
523519 60 2 -6356 -3302
530271 60 2 -6380 -3296
537111 60 2 -6420 -3330
544038 60 2 -6328 -3298
551055 60 2 -6232 -3264
558163 60 2 -6352 -3300
565362 60 2 -6332 -3330
572654 60 2 -6064 -3140
580040 60 2 -6236 -3274
587521 60 2 -6224 -3190
595099 60 2 -6280 -3298
602775 60 2 -6456 -3310
610549 60 2 -6168 -3222
618424 60 2 -6252 -3296
626400 60 2 -6360 -3322
634480 60 2 -6296 -3290
642663 60 2 -6260 -3224
650952 60 2 -6152 -3238
659348 60 2 -6216 -3254
667853 60 2 -6156 -3264
676467 60 2 -6124 -3242
685192 60 2 -6404 -3344
694029 60 2 -6356 -3334
702981 60 2 -6256 -3288
712048 60 2 -6236 -3266
721232 60 2 -6296 -3258
730534 60 2 -6380 -3308
739957 60 2 -6312 -3308
749500 60 2 -6228 -3280
759168 60 2 -6280 -3308
768959 60 2 -6276 -3270
778877 60 2 -6160 -3194
788923 60 2 -6256 -3252
799099 60 2 -6428 -3360
809405 60 2 -6256 -3290
819845 60 2 -6284 -3304
830419 60 2 -6492 -3370
841130 60 2 -6344 -3290
851979 60 2 -6124 -3236
862968 60 2 -6296 -3286
874098 60 2 -6228 -3298
885373 60 2 -6284 -3260
896792 60 2 -6336 -3298
908359 60 2 -6264 -3244
920075 60 2 -6320 -3292
931942 60 2 -6300 -3290
943962 60 2 -6280 -3310
956137 60 2 -6356 -3334
968470 60 2 -6368 -3306
980961 60 2 -6244 -3270
993613 60 2 -6164 -3228
999999 60 2 -6124 -3210
