3 20 2.2 -404 -56
4 20 2.2 -444 -54
5 20 2.2 -448 -24
6 20 2.2 -468 -10
7 20 2.2 -452 -28
8 20 2.2 -480 -56
9 20 2.2 -500 -60
10 20 2.2 -504 -70
11 20 2.2 -440 -66
12 20 2.2 -456 -60
13 20 2.2 -468 -70
14 20 2.2 -480 -118
15 20 2.2 -496 -154
16 20 2.2 -516 -154
17 20 2.2 -524 -162
18 20 2.2 -508 -142
19 20 2.2 -452 -116
20 20 2.2 -472 -126
21 20 2.2 -456 -154
22 20 2.2 -460 -164
23 20 2.2 -468 -162
24 20 2.2 -500 -168
25 20 2.2 -480 -126
26 20 2.2 -440 -114
27 20 2.2 -496 -140
28 20 2.2 -464 -100
29 20 2.2 -500 -76
30 20 2.2 -448 -84
31 20 2.2 -452 -74
32 20 2.2 -480 -68
33 20 2.2 -532 -96
34 20 2.2 -472 -66
35 20 2.2 -512 -68
36 20 2.2 -540 -44
37 20 2.2 -552 -30
38 20 2.2 -568 -28
39 20 2.2 -560 -54
40 20 2.2 -520 -36
41 20 2.2 -556 -28
42 20 2.2 -584 -26
43 20 2.2 -612 -20
44 20 2.2 -596 4
45 20 2.2 -536 26
46 20 2.2 -528 20
47 20 2.2 -516 56
48 20 2.2 -512 48
49 20 2.2 -504 42
50 20 2.2 -500 28
51 20 2.2 -524 14
52 20 2.2 -492 26
53 20 2.2 -492 -6
54 20 2.2 -480 14
55 20 2.2 -500 -18
56 20 2.2 -516 -42
57 20 2.2 -508 -42
58 20 2.2 -492 -40
59 20 2.2 -548 -52
60 20 2.2 -564 -28
61 20 2.2 -572 -6
62 20 2.2 -492 -10
63 20 2.2 -532 -40
64 20 2.2 -516 -34
65 20 2.2 -536 -54
66 20 2.2 -508 -42
67 20 2.2 -520 -48
68 20 2.2 -516 -26
69 20 2.2 -536 -40
70 20 2.2 -564 -52
71 20 2.2 -592 -72
72 20 2.2 -540 -58
73 20 2.2 -508 -70
74 20 2.2 -512 -56
75 20 2.2 -516 -88
76 20 2.2 -544 -36
77 20 2.2 -532 -58
78 20 2.2 -528 -46
79 20 2.2 -540 -32
80 20 2.2 -568 -46
81 20 2.2 -544 -50
82 20 2.2 -540 -48
83 20 2.2 -552 -76
84 20 2.2 -528 -58
85 20 2.2 -532 -70
86 20 2.2 -528 -74
88 20 2.2 -520 -16
89 20 2.2 -480 -2
90 20 2.2 -488 -6
91 20 2.2 -516 -10
92 20 2.2 -492 -14
93 20 2.2 -512 -16
95 20 2.2 -508 4
96 20 2.2 -524 -4
97 20 2.2 -528 24
98 20 2.2 -516 4
99 20 2.2 -516 -10
101 20 2.2 -492 26
102 20 2.2 -464 56
103 20 2.2 -468 64
105 20 2.2 -536 34
106 20 2.2 -524 46
107 20 2.2 -480 40
109 20 2.2 -464 20
110 20 2.2 -460 8
112 20 2.2 -444 22
113 20 2.2 -456 12
114 20 2.2 -488 -8
116 20 2.2 -488 -10
117 20 2.2 -496 12
119 20 2.2 -528 24
120 20 2.2 -544 56
122 20 2.2 -536 50
124 20 2.2 -516 78
125 20 2.2 -552 98
127 20 2.2 -532 100
128 20 2.2 -564 66
130 20 2.2 -500 40
132 20 2.2 -512 50
133 20 2.2 -524 66
135 20 2.2 -488 94
137 20 2.2 -528 106
139 20 2.2 -556 144
140 20 2.2 -568 170
142 20 2.2 -548 170
144 20 2.2 -584 194
146 20 2.2 -576 184
148 20 2.2 -596 228
150 20 2.2 -556 238
152 20 2.2 -600 276
154 20 2.2 -580 276
155 20 2.2 -616 294
157 20 2.2 -588 294
160 20 2.2 -544 256
162 20 2.2 -572 232
164 20 2.2 -588 232
166 20 2.2 -588 196
168 20 2.2 -476 204
170 20 2.2 -516 190
172 20 2.2 -588 238
174 20 2.2 -560 202
177 20 2.2 -604 280
179 20 2.2 -596 274
181 20 2.2 -644 314
184 20 2.2 -632 310
186 20 2.2 -668 352
188 20 2.2 -612 312
191 20 2.2 -624 308
193 20 2.2 -660 344
196 20 2.2 -644 352
198 20 2.2 -656 356
201 20 2.2 -636 348
203 20 2.2 -640 344
206 20 2.2 -616 326
209 20 2.2 -652 334
211 20 2.2 -652 332
214 20 2.2 -580 306
217 20 2.2 -580 316
220 20 2.2 -636 332
222 20 2.2 -632 346
225 20 2.2 -660 340
228 20 2.2 -620 330
231 20 2.2 -676 364
234 20 2.2 -640 346
237 20 2.2 -728 380
240 20 2.2 -612 342
243 20 2.2 -644 346
246 20 2.2 -668 330
250 20 2.2 -696 350
253 20 2.2 -640 342
256 20 2.2 -636 346
259 20 2.2 -640 350
263 20 2.2 -596 298
266 20 2.2 -592 296
269 20 2.2 -596 322
273 20 2.2 -616 338
276 20 2.2 -616 332
280 20 2.2 -648 336
284 20 2.2 -644 334
287 20 2.2 -568 286
291 20 2.2 -648 356
295 20 2.2 -664 348
298 20 2.2 -732 378
302 20 2.2 -596 324
306 20 2.2 -640 338
310 20 2.2 -668 350
314 20 2.2 -592 310
318 20 2.2 -612 328
322 20 2.2 -632 322
326 20 2.2 -652 350
331 20 2.2 -672 356
335 20 2.2 -608 314
339 20 2.2 -596 308
344 20 2.2 -592 310
348 20 2.2 -612 328
352 20 2.2 -540 260
357 20 2.2 -536 300
362 20 2.2 -604 330
366 20 2.2 -688 354
371 20 2.2 -648 350
376 20 2.2 -620 320
381 20 2.2 -620 332
385 20 2.2 -608 320
390 20 2.2 -600 326
395 20 2.2 -592 330
401 20 2.2 -580 302
406 20 2.2 -620 330
411 20 2.2 -628 344
416 20 2.2 -592 320
422 20 2.2 -644 350
427 20 2.2 -668 336
433 20 2.2 -584 324
438 20 2.2 -572 306
444 20 2.2 -628 310
449 20 2.2 -656 332
455 20 2.2 -560 262
461 20 2.2 -580 260
467 20 2.2 -568 266
473 20 2.2 -608 324
479 20 2.2 -704 366
485 20 2.2 -688 366
492 20 2.2 -572 300
498 20 2.2 -660 354
504 20 2.2 -624 336
511 20 2.2 -644 338
517 20 2.2 -592 308
524 20 2.2 -580 322
531 20 2.2 -664 358
538 20 2.2 -684 362
545 20 2.2 -572 328
552 20 2.2 -668 360
559 20 2.2 -604 316
566 20 2.2 -552 268
573 20 2.2 -628 320
581 20 2.2 -640 344
588 20 2.2 -628 346
596 20 2.2 -652 340
603 20 2.2 -716 368
611 20 2.2 -600 326
619 20 2.2 -580 304
627 20 2.2 -584 306
635 20 2.2 -680 350
643 20 2.2 -640 334
652 20 2.2 -640 326
660 20 2.2 -660 342
668 20 2.2 -544 242
677 20 2.2 -592 290
686 20 2.2 -584 266
695 20 2.2 -612 282
704 20 2.2 -528 214
713 20 2.2 -628 256
722 20 2.2 -584 248
731 20 2.2 -580 258
741 20 2.2 -564 320
750 20 2.2 -612 264
760 20 2.2 -628 244
770 20 2.2 -580 302
780 20 2.2 -624 346
790 20 2.2 -684 358
800 20 2.2 -632 334
810 20 2.2 -616 328
821 20 2.2 -600 322
831 20 2.2 -672 326
842 20 2.2 -548 246
853 20 2.2 -568 304
864 20 2.2 -584 334
875 20 2.2 -672 362
886 20 2.2 -656 358
897 20 2.2 -664 354
909 20 2.2 -600 312
921 20 2.2 -596 298
933 20 2.2 -640 352
945 20 2.2 -684 362
957 20 2.2 -584 306
969 20 2.2 -644 350
982 20 2.2 -740 384
994 20 2.2 -584 274
1007 20 2.2 -592 286
1020 20 2.2 -616 328
1033 20 2.2 -544 294
1047 20 2.2 -660 346
1060 20 2.2 -660 352
1074 20 2.2 -576 276
1088 20 2.2 -620 328
1102 20 2.2 -648 348
1116 20 2.2 -672 360
1130 20 2.2 -564 312
1145 20 2.2 -524 272
1160 20 2.2 -656 336
1174 20 2.2 -632 334
1190 20 2.2 -648 348
1205 20 2.2 -660 356
1220 20 2.2 -528 230
1236 20 2.2 -488 94
1252 20 2.2 -600 240
1268 20 2.2 -552 264
1285 20 2.2 -636 320
1301 20 2.2 -680 358
1318 20 2.2 -548 298
1335 20 2.2 -620 292
1352 20 2.2 -640 322
1370 20 2.2 -680 368
1387 20 2.2 -604 298
1405 20 2.2 -600 304
1423 20 2.2 -680 362
1442 20 2.2 -628 344
1460 20 2.2 -580 312
1479 20 2.2 -636 352
1498 20 2.2 -584 318
1517 20 2.2 -644 342
1537 20 2.2 -624 332
1557 20 2.2 -660 354
1577 20 2.2 -616 330
1597 20 2.2 -648 358
1618 20 2.2 -556 282
1639 20 2.2 -676 344
1660 20 2.2 -636 350
1681 20 2.2 -732 378
1703 20 2.2 -636 342
1725 20 2.2 -696 366
1747 20 2.2 -620 324
1770 20 2.2 -604 270
1792 20 2.2 -616 332
1816 20 2.2 -608 322
1839 20 2.2 -576 276
1863 20 2.2 -520 162
1887 20 2.2 -608 166
1911 20 2.2 -576 258
1936 20 2.2 -556 288
1961 20 2.2 -624 342
1986 20 2.2 -668 362
2012 20 2.2 -656 316
2037 20 2.2 -600 326
2064 20 2.2 -604 330
2090 20 2.2 -624 340
2117 20 2.2 -660 350
2145 20 2.2 -644 330
2172 20 2.2 -512 262
2200 20 2.2 -580 282
2229 20 2.2 -628 326
2257 20 2.2 -624 332
2286 20 2.2 -604 294
2316 20 2.2 -620 332
2346 20 2.2 -716 376
2376 20 2.2 -524 224
2407 20 2.2 -536 148
2438 20 2.2 -576 276
2469 20 2.2 -568 220
2501 20 2.2 -676 362
2533 20 2.2 -676 360
2566 20 2.2 -680 364
2599 20 2.2 -556 268
2633 20 2.2 -504 240
2667 20 2.2 -560 246
2701 20 2.2 -700 368
2736 20 2.2 -628 322
2771 20 2.2 -684 368
2807 20 2.2 -592 322
2843 20 2.2 -688 354
2880 20 2.2 -632 348
2917 20 2.2 -584 322
2954 20 2.2 -624 342
2992 20 2.2 -500 232
3031 20 2.2 -680 366
3070 20 2.2 -648 336
3110 20 2.2 -676 358
3150 20 2.2 -720 376
3190 20 2.2 -608 304
3232 20 2.2 -612 320
3273 20 2.2 -600 326
3315 20 2.2 -596 326
3358 20 2.2 -628 328
3402 20 2.2 -668 356
3445 20 2.2 -620 326
3490 20 2.2 -612 330
3535 20 2.2 -600 332
3580 20 2.2 -632 320
3627 20 2.2 -604 288
3673 20 2.2 -612 308
3721 20 2.2 -544 260
3769 20 2.2 -648 354
3817 20 2.2 -564 276
3867 20 2.2 -672 360
3916 20 2.2 -636 344
3967 20 2.2 -580 304
4018 20 2.2 -640 270
4070 20 2.2 -628 334
4122 20 2.2 -596 328
4176 20 2.2 -636 336
4229 20 2.2 -612 316
4284 20 2.2 -612 326
4339 20 2.2 -500 212
4395 20 2.2 -608 320
4452 20 2.2 -600 326
4509 20 2.2 -556 144
4567 20 2.2 -540 242
4626 20 2.2 -528 106
4686 20 2.2 -580 -112
4746 20 2.2 -488 8
4808 20 2.2 -584 -72
4870 20 2.2 -492 -84
4932 20 2.2 -704 -368
4996 20 2.2 -684 -360
5060 20 2.2 -584 -254
5126 20 2.2 -588 -316
5192 20 2.2 -620 -332
5259 20 2.2 -612 -328
5327 20 2.2 -656 -346
5395 20 2.2 -648 -352
5465 20 2.2 -656 -350
5535 20 2.2 -560 -268
5607 20 2.2 -640 -338
5679 20 2.2 -560 -294
5752 20 2.2 -592 -310
5826 20 2.2 -604 -344
5902 20 2.2 -624 -348
5978 20 2.2 -672 -338
6055 20 2.2 -612 -332
6133 20 2.2 -608 -324
6212 20 2.2 -660 -354
6292 20 2.2 -568 -306
6373 20 2.2 -500 -104
6455 20 2.2 -664 -350
6539 20 2.2 -660 -348
6623 20 2.2 -644 -340
6708 20 2.2 -656 -354
6795 20 2.2 -516 -148
6883 20 2.2 -672 -362
6971 20 2.2 -652 -356
7061 20 2.2 -584 -316
7152 20 2.2 -664 -340
7245 20 2.2 -660 -330
7338 20 2.2 -620 -316
7433 20 2.2 -548 -246
7529 20 2.2 -592 -294
7626 20 2.2 -684 -362
7724 20 2.2 -668 -320
7824 20 2.2 -752 -386
7925 20 2.2 -620 -326
8027 20 2.2 -472 -56
8130 20 2.2 -700 -364
8235 20 2.2 -624 -302
8341 20 2.2 -576 -326
8449 20 2.2 -620 -336
8558 20 2.2 -556 -282
8668 20 2.2 -668 -322
8780 20 2.2 -676 -354
8893 20 2.2 -584 -310
9008 20 2.2 -560 -302
9124 20 2.2 -652 -352
9242 20 2.2 -560 -292
9361 20 2.2 -544 -274
9482 20 2.2 -564 -278
9604 20 2.2 -696 -366
9728 20 2.2 -504 -246
9853 20 2.2 -596 -328
9980 20 2.2 -588 -328
10109 20 2.2 -688 -358
10240 20 2.2 -652 -344
10372 20 2.2 -680 -360
10505 20 2.2 -584 -318
10641 20 2.2 -532 -256
10778 20 2.2 -604 -336
10917 20 2.2 -568 -294
11058 20 2.2 -572 -306
11201 20 2.2 -676 -350
11345 20 2.2 -632 -286
11491 20 2.2 -604 -330
11640 20 2.2 -664 -348
11790 20 2.2 -648 -346
11942 20 2.2 -616 -334
12096 20 2.2 -644 -334
12252 20 2.2 -480 -118
12410 20 2.2 -596 -310
12570 20 2.2 -640 -350
12732 20 2.2 -692 -372
12896 20 2.2 -492 -214
13062 20 2.2 -696 -366
13231 20 2.2 -700 -370
13402 20 2.2 -676 -364
13574 20 2.2 -608 -318
13750 20 2.2 -624 -316
13927 20 2.2 -552 -128
14106 20 2.2 -616 -334
14288 20 2.2 -700 -354
14473 20 2.2 -652 -360
14659 20 2.2 -620 -326
14848 20 2.2 -608 -326
15040 20 2.2 -620 -316
15234 20 2.2 -580 -296
15430 20 2.2 -640 -340
15629 20 2.2 -632 -310
15831 20 2.2 -588 -322
16035 20 2.2 -580 -242
16242 20 2.2 -640 -346
16451 20 2.2 -588 -290
16664 20 2.2 -636 -322
16879 20 2.2 -596 -326
17096 20 2.2 -648 -350
17317 20 2.2 -680 -346
17540 20 2.2 -612 -306
17766 20 2.2 -580 -322
17995 20 2.2 -616 -342
18228 20 2.2 -628 -342
18463 20 2.2 -652 -322
18701 20 2.2 -668 -364
18942 20 2.2 -644 -350
19186 20 2.2 -612 -346
19434 20 2.2 -652 -344
19684 20 2.2 -648 -348
19938 20 2.2 -644 -308
20195 20 2.2 -656 -344
20456 20 2.2 -624 -348
20720 20 2.2 -656 -324
20987 20 2.2 -636 -342
21258 20 2.2 -648 -354
21532 20 2.2 -624 -318
21810 20 2.2 -480 198
22091 20 2.2 -648 350
22376 20 2.2 -648 348
22664 20 2.2 -620 338
22957 20 2.2 -628 296
23253 20 2.2 -636 334
23553 20 2.2 -580 308
23856 20 2.2 -524 252
24164 20 2.2 -540 280
24476 20 2.2 -672 364
24791 20 2.2 -692 370
25111 20 2.2 -676 358
25435 20 2.2 -668 358
25763 20 2.2 -568 312
26095 20 2.2 -652 346
26432 20 2.2 -652 346
26773 20 2.2 -676 364
27118 20 2.2 -592 168
27468 20 2.2 -652 340
27822 20 2.2 -616 314
28181 20 2.2 -584 312
28545 20 2.2 -560 204
28913 20 2.2 -664 348
29286 20 2.2 -532 288
29663 20 2.2 -688 354
30046 20 2.2 -624 316
30434 20 2.2 -664 354
30826 20 2.2 -708 370
31224 20 2.2 -540 46
31626 20 2.2 -664 354
32034 20 2.2 -552 278
32447 20 2.2 -628 336
32866 20 2.2 -660 354
33290 20 2.2 -644 352
33719 20 2.2 -724 372
34154 20 2.2 -588 294
34595 20 2.2 -736 378
35041 20 2.2 -676 348
35493 20 2.2 -624 334
35951 20 2.2 -632 318
36414 20 2.2 -640 324
36884 20 2.2 -672 356
37360 20 2.2 -628 330
37841 20 2.2 -624 328
38330 20 2.2 -712 360
38824 20 2.2 -604 308
39325 20 2.2 -596 332
39832 20 2.2 -624 308
40346 20 2.2 -644 342
40866 20 2.2 -592 296
41393 20 2.2 -576 310
41927 20 2.2 -568 272
42468 20 2.2 -568 318
43015 20 2.2 -660 350
43570 20 2.2 -536 224
44132 20 2.2 -528 256
44701 20 2.2 -688 352
45278 20 2.2 -640 336
45862 20 2.2 -588 318
46453 20 2.2 -640 342
47053 20 2.2 -752 384
47660 20 2.2 -612 334
48274 20 2.2 -672 362
48897 20 2.2 -592 300
49528 20 2.2 -544 300
50166 20 2.2 -584 308
50813 20 2.2 -592 322
51469 20 2.2 -704 372
52133 20 2.2 -632 338
52805 20 2.2 -616 330
53486 20 2.2 -676 360
54176 20 2.2 -632 334
54875 20 2.2 -704 370
55582 20 2.2 -552 312
56299 20 2.2 -552 306
57025 20 2.2 -628 326
57761 20 2.2 -584 312
58506 20 2.2 -600 320
59261 20 2.2 -712 370
60025 20 2.2 -648 352
60799 20 2.2 -684 362
61583 20 2.2 -660 342
62378 20 2.2 -660 356
63182 20 2.2 -660 350
63997 20 2.2 -540 294
64822 20 2.2 -616 316
65658 20 2.2 -572 82
66505 20 2.2 -568 304
67363 20 2.2 -500 222
68232 20 2.2 -624 316
69112 20 2.2 -636 330
70003 20 2.2 -556 284
70906 20 2.2 -680 362
71821 20 2.2 -620 336
72747 20 2.2 -572 230
73685 20 2.2 -612 324
74636 20 2.2 -576 296
75599 20 2.2 -572 260
76574 20 2.2 -576 -296
77561 20 2.2 -548 -304
78562 20 2.2 -648 -336
79575 20 2.2 -520 -236
80601 20 2.2 -700 -358
81641 20 2.2 -528 -228
82694 20 2.2 -652 -314
83760 20 2.2 -560 -310
84841 20 2.2 -652 -340
85935 20 2.2 -588 -310
87043 20 2.2 -612 -312
88166 20 2.2 -648 -348
89303 20 2.2 -632 -338
90455 20 2.2 -512 -280
91622 20 2.2 -672 -338
92803 20 2.2 -644 -314
94000 20 2.2 -564 -302
95213 20 2.2 -588 -316
96441 20 2.2 -624 -332
97685 20 2.2 -636 -350
98945 20 2.2 -704 -374
100221 20 2.2 -640 -348
101513 20 2.2 -692 -366
102823 20 2.2 -544 -272
104149 20 2.2 -532 -116
105492 20 2.2 -560 -298
106853 20 2.2 -604 -332
108231 20 2.2 -628 -340
109627 20 2.2 -652 344
111041 20 2.2 -684 356
112473 20 2.2 -580 316
113924 20 2.2 -628 348
115393 20 2.2 -620 -342
116882 20 2.2 -632 -346
118389 20 2.2 -572 -148
119916 20 2.2 -636 328
121463 20 2.2 -648 332
123029 20 2.2 -648 348
124616 20 2.2 -584 306
126224 20 2.2 -656 348
127852 20 2.2 -540 296
129501 20 2.2 -660 348
131171 20 2.2 -648 338
132863 20 2.2 -648 352
134576 20 2.2 -652 348
136312 20 2.2 -620 328
138070 20 2.2 -596 -314
139851 20 2.2 -696 -372
141655 20 2.2 -608 -268
143482 20 2.2 -508 -84
145333 20 2.2 -556 -302
147207 20 2.2 -544 -262
149106 20 2.2 -620 -332
151029 20 2.2 -616 -330
152977 20 2.2 -680 -350
154950 20 2.2 -528 -284
156948 20 2.2 -608 -330
158973 20 2.2 -644 -336
161023 20 2.2 -548 -222
163100 20 2.2 -676 -356
165204 20 2.2 -536 -252
167334 20 2.2 -592 -300
169493 20 2.2 -536 -90
171679 20 2.2 -616 -328
173893 20 2.2 -636 -310
176136 20 2.2 -624 342
178408 20 2.2 -684 364
180709 20 2.2 -640 332
183040 20 2.2 -612 -318
185400 20 2.2 -684 -364
187792 20 2.2 -688 -370
190214 20 2.2 -616 -310
192667 20 2.2 -644 354
195152 20 2.2 -556 302
197669 20 2.2 -580 -314
200219 20 2.2 -552 -308
202801 20 2.2 -648 290
205417 20 2.2 -620 336
208066 20 2.2 -680 366
210750 20 2.2 -552 298
213468 20 2.2 -580 304
216222 20 2.2 -624 -328
219010 20 2.2 -540 -258
221835 20 2.2 -716 -372
224696 20 2.2 -680 -358
227595 20 2.2 -584 -328
230530 20 2.2 -648 -350
233503 20 2.2 -580 -298
236515 20 2.2 -564 -314
239566 20 2.2 -568 -276
242656 20 2.2 -684 -358
245785 20 2.2 -592 -306
248956 20 2.2 -604 -312
252167 20 2.2 -652 -340
255419 20 2.2 -668 -354
258713 20 2.2 -628 340
262050 20 2.2 -588 -264
265430 20 2.2 -620 -306
268854 20 2.2 -664 -344
272321 20 2.2 -624 -326
275834 20 2.2 -528 -254
279391 20 2.2 -656 -336
282995 20 2.2 -656 -342
286645 20 2.2 -648 -316
290342 20 2.2 -676 -360
294087 20 2.2 -556 -244
297880 20 2.2 -600 -328
301722 20 2.2 -556 -306
305614 20 2.2 -612 -330
309556 20 2.2 -632 -352
313548 20 2.2 -628 336
317592 20 2.2 -612 296
321689 20 2.2 -660 -326
325838 20 2.2 -620 -252
330040 20 2.2 -664 -348
334297 20 2.2 -588 -302
338609 20 2.2 -712 -376
342976 20 2.2 -548 -270
347400 20 2.2 -600 338
351881 20 2.2 -552 256
356419 20 2.2 -640 286
361016 20 2.2 -628 326
365673 20 2.2 -648 356
370389 20 2.2 -580 106
375167 20 2.2 -656 354
380005 20 2.2 -564 -258
384907 20 2.2 -652 -306
389871 20 2.2 -568 298
394900 20 2.2 -556 226
399993 20 2.2 -688 366
405152 20 2.2 -644 328
410378 20 2.2 -596 310
415671 20 2.2 -648 346
421032 20 2.2 -700 -368
426463 20 2.2 -664 -354
431963 20 2.2 -520 -244
437535 20 2.2 -664 -358
443178 20 2.2 -616 -322
448894 20 2.2 -648 -322
454684 20 2.2 -580 -296
460548 20 2.2 -580 -312
466489 20 2.2 -612 -340
472505 20 2.2 -656 -348
478600 20 2.2 -628 -338
484773 20 2.2 -584 302
491025 20 2.2 -692 -364
497358 20 2.2 -640 -352
503773 20 2.2 -676 -358
510271 20 2.2 -632 330
516852 20 2.2 -564 -308
523519 20 2.2 -548 232
530271 20 2.2 -652 346
537111 20 2.2 -688 368
544038 20 2.2 -588 318
551055 20 2.2 -620 -336
558163 20 2.2 -668 -350
565362 20 2.2 -604 -314
572654 20 2.2 -584 -286
580040 20 2.2 -604 -328
587521 20 2.2 -512 -224
595099 20 2.2 -644 -344
602775 20 2.2 -484 184
610549 20 2.2 -620 310
618424 20 2.2 -572 318
626400 20 2.2 -600 304
634480 20 2.2 -540 178
642663 20 2.2 -604 324
650952 20 2.2 -672 358
659348 20 2.2 -568 208
667853 20 2.2 -492 136
676467 20 2.2 -592 292
685192 20 2.2 -608 320
694029 20 2.2 -604 262
702981 20 2.2 -660 -344
712048 20 2.2 -580 238
721232 20 2.2 -616 -328
730534 20 2.2 -672 -360
739957 20 2.2 -680 -358
749500 20 2.2 -736 382
759168 20 2.2 -700 372
768959 20 2.2 -640 356
778877 20 2.2 -680 364
788923 20 2.2 -628 338
799099 20 2.2 -644 -346
809405 20 2.2 -596 -314
819845 20 2.2 -584 -324
830419 20 2.2 -632 338
841130 20 2.2 -604 314
851979 20 2.2 -620 -314
862968 20 2.2 -492 -146
874098 20 2.2 -660 348
885373 20 2.2 -572 248
896792 20 2.2 -596 -270
908359 20 2.2 -620 -320
920075 20 2.2 -624 346
931942 20 2.2 -712 366
943962 20 2.2 -560 -266
956137 20 2.2 -672 360
968470 20 2.2 -636 -344
980961 20 2.2 -656 -352
993613 20 2.2 -672 -356
999999 20 2.2 -636 342
