3 100 2.1 -9636 360
4 100 2.1 -10420 416
5 100 2.1 -10928 494
6 100 2.1 -11248 602
7 100 2.1 -11492 748
8 100 2.1 -11656 508
9 100 2.1 -12092 464
10 100 2.1 -12260 86
11 100 2.1 -12560 8
12 100 2.1 -12588 106
13 100 2.1 -12976 52
14 100 2.1 -12892 -42
15 100 2.1 -13172 14
16 100 2.1 -13308 -64
17 100 2.1 -13324 -102
18 100 2.1 -13272 -292
19 100 2.1 -13468 -480
20 100 2.1 -13444 -534
21 100 2.1 -13472 -452
22 100 2.1 -13680 -520
23 100 2.1 -13856 -548
24 100 2.1 -13676 -496
25 100 2.1 -13464 -384
26 100 2.1 -13724 -432
27 100 2.1 -13768 -390
28 100 2.1 -13616 -460
29 100 2.1 -13856 -472
30 100 2.1 -13712 -434
31 100 2.1 -13740 -346
32 100 2.1 -13716 -406
33 100 2.1 -13820 -450
34 100 2.1 -13508 -488
35 100 2.1 -13756 -404
36 100 2.1 -13900 -350
37 100 2.1 -13932 -370
38 100 2.1 -14024 -566
39 100 2.1 -14384 -460
40 100 2.1 -14008 -506
41 100 2.1 -14140 -550
42 100 2.1 -14184 -604
43 100 2.1 -14104 -654
44 100 2.1 -14236 -768
45 100 2.1 -14272 -768
46 100 2.1 -14420 -794
47 100 2.1 -14376 -868
48 100 2.1 -14408 -882
49 100 2.1 -14224 -922
50 100 2.1 -14312 -864
51 100 2.1 -14312 -904
52 100 2.1 -14316 -892
53 100 2.1 -13988 -970
54 100 2.1 -14036 -978
55 100 2.1 -14232 -1118
56 100 2.1 -14384 -1070
57 100 2.1 -14440 -1100
58 100 2.1 -14800 -1202
59 100 2.1 -14768 -1144
60 100 2.1 -14748 -1310
61 100 2.1 -14496 -1452
62 100 2.1 -14772 -1440
63 100 2.1 -14828 -1372
64 100 2.1 -14900 -1250
65 100 2.1 -14772 -1238
66 100 2.1 -14640 -1132
67 100 2.1 -14536 -1060
68 100 2.1 -14764 -1020
69 100 2.1 -14844 -1062
70 100 2.1 -14856 -998
71 100 2.1 -14712 -886
72 100 2.1 -14700 -798
73 100 2.1 -14708 -706
74 100 2.1 -14852 -834
75 100 2.1 -14748 -826
76 100 2.1 -14712 -720
77 100 2.1 -14936 -624
78 100 2.1 -14812 -624
79 100 2.1 -14944 -538
80 100 2.1 -15088 -526
81 100 2.1 -15172 -660
82 100 2.1 -15140 -624
83 100 2.1 -14948 -580
84 100 2.1 -15048 -702
85 100 2.1 -15032 -678
86 100 2.1 -14916 -700
88 100 2.1 -14792 -650
89 100 2.1 -14724 -690
90 100 2.1 -14316 -662
91 100 2.1 -14304 -630
92 100 2.1 -14392 -766
93 100 2.1 -14280 -990
95 100 2.1 -14408 -1032
96 100 2.1 -14484 -956
97 100 2.1 -14512 -974
98 100 2.1 -14532 -1040
99 100 2.1 -14432 -1042
101 100 2.1 -14544 -1124
102 100 2.1 -14592 -1116
103 100 2.1 -14740 -1122
105 100 2.1 -14784 -1492
106 100 2.1 -14536 -1532
107 100 2.1 -14816 -1428
109 100 2.1 -14864 -1370
110 100 2.1 -14828 -1330
112 100 2.1 -14700 -1194
113 100 2.1 -14852 -1268
114 100 2.1 -14776 -1296
116 100 2.1 -14804 -1156
117 100 2.1 -14820 -1006
119 100 2.1 -15104 -1072
120 100 2.1 -14832 -1034
122 100 2.1 -14920 -1056
124 100 2.1 -14788 -1146
125 100 2.1 -14716 -1298
127 100 2.1 -14732 -1222
128 100 2.1 -14812 -1132
130 100 2.1 -14960 -1282
132 100 2.1 -14676 -1390
133 100 2.1 -14924 -1362
135 100 2.1 -15084 -1400
137 100 2.1 -15052 -1408
139 100 2.1 -14800 -1364
140 100 2.1 -14920 -1296
142 100 2.1 -15052 -1264
144 100 2.1 -15084 -1348
146 100 2.1 -14840 -1300
148 100 2.1 -14768 -1258
150 100 2.1 -14888 -1380
152 100 2.1 -14652 -1180
154 100 2.1 -14920 -1160
155 100 2.1 -14692 -1142
157 100 2.1 -14572 -1156
160 100 2.1 -14776 -1388
162 100 2.1 -14844 -1486
164 100 2.1 -14824 -1430
166 100 2.1 -14820 -1458
168 100 2.1 -14716 -1426
170 100 2.1 -14660 -1306
172 100 2.1 -14924 -1186
174 100 2.1 -14848 -1308
177 100 2.1 -15000 -1096
179 100 2.1 -14920 -1074
181 100 2.1 -15348 -1106
184 100 2.1 -15076 -1032
186 100 2.1 -15212 -1006
188 100 2.1 -15280 -1158
191 100 2.1 -14992 -1014
193 100 2.1 -15128 -984
196 100 2.1 -14968 -1112
198 100 2.1 -15452 -1072
201 100 2.1 -15188 -1114
203 100 2.1 -15152 -1182
206 100 2.1 -15076 -934
209 100 2.1 -15144 -1184
211 100 2.1 -15020 -974
214 100 2.1 -15152 -1004
217 100 2.1 -15132 -1020
220 100 2.1 -15068 -1182
222 100 2.1 -15244 -990
225 100 2.1 -15180 -1158
228 100 2.1 -15384 -1220
231 100 2.1 -15244 -1288
234 100 2.1 -15236 -1322
237 100 2.1 -15408 -1340
240 100 2.1 -15304 -1400
243 100 2.1 -15412 -1310
246 100 2.1 -15424 -1370
250 100 2.1 -15372 -1464
253 100 2.1 -15728 -1604
256 100 2.1 -15724 -1932
259 100 2.1 -15828 -1980
263 100 2.1 -15840 -1932
266 100 2.1 -15588 -2004
269 100 2.1 -15860 -1948
273 100 2.1 -15912 -2076
276 100 2.1 -15644 -1892
280 100 2.1 -15564 -2022
284 100 2.1 -15572 -2062
287 100 2.1 -15628 -2202
291 100 2.1 -15376 -2272
295 100 2.1 -15344 -2256
298 100 2.1 -15540 -2200
302 100 2.1 -15256 -1976
306 100 2.1 -15380 -2132
310 100 2.1 -15436 -2328
314 100 2.1 -15568 -2252
318 100 2.1 -15596 -2232
322 100 2.1 -15232 -2200
326 100 2.1 -15200 -2026
331 100 2.1 -15608 -2332
335 100 2.1 -15472 -2470
339 100 2.1 -15768 -2570
344 100 2.1 -15676 -2418
348 100 2.1 -15464 -2312
352 100 2.1 -15376 -2768
357 100 2.1 -15576 -2792
362 100 2.1 -15624 -2612
366 100 2.1 -15460 -2704
371 100 2.1 -15692 -2594
376 100 2.1 -15656 -2358
381 100 2.1 -15584 -2520
385 100 2.1 -15612 -2538
390 100 2.1 -15712 -2600
395 100 2.1 -16008 -2606
401 100 2.1 -16300 -2704
406 100 2.1 -15992 -2806
411 100 2.1 -15780 -2772
416 100 2.1 -15556 -2884
422 100 2.1 -15480 -2942
427 100 2.1 -15652 -2924
433 100 2.1 -15560 -3142
438 100 2.1 -15508 -2928
444 100 2.1 -15440 -2708
449 100 2.1 -15812 -2780
455 100 2.1 -15788 -3008
461 100 2.1 -15536 -3202
467 100 2.1 -15696 -3324
473 100 2.1 -15780 -3342
479 100 2.1 -15332 -3164
485 100 2.1 -15508 -3200
492 100 2.1 -15800 -3280
498 100 2.1 -15744 -3386
504 100 2.1 -15448 -3336
511 100 2.1 -15412 -3300
517 100 2.1 -15752 -3260
524 100 2.1 -15688 -3216
531 100 2.1 -16128 -3566
538 100 2.1 -16000 -3588
545 100 2.1 -15440 -3602
552 100 2.1 -15880 -3660
559 100 2.1 -15584 -3558
566 100 2.1 -15652 -3470
573 100 2.1 -15868 -3430
581 100 2.1 -15816 -3368
588 100 2.1 -15752 -3094
596 100 2.1 -15904 -3326
603 100 2.1 -15656 -3198
611 100 2.1 -15404 -3060
619 100 2.1 -15800 -3082
627 100 2.1 -15624 -2522
635 100 2.1 -16008 -2736
643 100 2.1 -15840 -2660
652 100 2.1 -15784 -2730
660 100 2.1 -15936 -2970
668 100 2.1 -16088 -2668
677 100 2.1 -16040 -2622
686 100 2.1 -15732 -2286
695 100 2.1 -15576 -2476
704 100 2.1 -15540 -2538
713 100 2.1 -15924 -2492
722 100 2.1 -16004 -2326
731 100 2.1 -16004 -2522
741 100 2.1 -15752 -2394
750 100 2.1 -15780 -2236
760 100 2.1 -16112 -2106
770 100 2.1 -16016 -1986
780 100 2.1 -16096 -2262
790 100 2.1 -15760 -2392
800 100 2.1 -15924 -2412
810 100 2.1 -15848 -2542
821 100 2.1 -15964 -2442
831 100 2.1 -15748 -2260
842 100 2.1 -15884 -2452
853 100 2.1 -15788 -2596
864 100 2.1 -15972 -2618
875 100 2.1 -15636 -2826
886 100 2.1 -16052 -2616
897 100 2.1 -15816 -2328
909 100 2.1 -15856 -2520
921 100 2.1 -15640 -2422
933 100 2.1 -16040 -2528
945 100 2.1 -15804 -2714
957 100 2.1 -15984 -2626
969 100 2.1 -15796 -2650
982 100 2.1 -15928 -2672
994 100 2.1 -16136 -2744
1007 100 2.1 -15908 -3066
1020 100 2.1 -16168 -3174
1033 100 2.1 -16068 -2996
1047 100 2.1 -16080 -3434
1060 100 2.1 -16124 -3390
1074 100 2.1 -15436 -3342
1088 100 2.1 -15788 -3374
1102 100 2.1 -16308 -3622
1116 100 2.1 -15952 -3746
1130 100 2.1 -16232 -3758
1145 100 2.1 -16044 -3424
1160 100 2.1 -15988 -3568
1174 100 2.1 -15992 -3724
1190 100 2.1 -16084 -3620
1205 100 2.1 -15568 -3330
1220 100 2.1 -15876 -3446
1236 100 2.1 -15672 -3612
1252 100 2.1 -16028 -3982
1268 100 2.1 -16488 -4740
1285 100 2.1 -16036 -4428
1301 100 2.1 -15996 -4436
1318 100 2.1 -15844 -4480
1335 100 2.1 -15992 -4186
1352 100 2.1 -16096 -4354
1370 100 2.1 -15968 -4226
1387 100 2.1 -16144 -4602
1405 100 2.1 -15992 -4664
1423 100 2.1 -15816 -4450
1442 100 2.1 -16268 -4284
1460 100 2.1 -16236 -4440
1479 100 2.1 -15924 -4622
1498 100 2.1 -15944 -4362
1517 100 2.1 -16056 -4514
1537 100 2.1 -15888 -4338
1557 100 2.1 -15464 -4252
1577 100 2.1 -15976 -4258
1597 100 2.1 -15648 -4130
1618 100 2.1 -15620 -4044
1639 100 2.1 -15728 -4108
1660 100 2.1 -15776 -3690
1681 100 2.1 -15796 -4050
1703 100 2.1 -16116 -4104
1725 100 2.1 -16024 -4232
1747 100 2.1 -15864 -4374
1770 100 2.1 -15892 -4464
1792 100 2.1 -15968 -4778
1816 100 2.1 -15656 -4444
1839 100 2.1 -16100 -4456
1863 100 2.1 -15816 -4784
1887 100 2.1 -15488 -4500
1911 100 2.1 -15796 -4768
1936 100 2.1 -15628 -4334
1961 100 2.1 -15880 -4604
1986 100 2.1 -15780 -4666
2012 100 2.1 -15476 -5006
2037 100 2.1 -15796 -5078
2064 100 2.1 -16028 -5786
2090 100 2.1 -16096 -5702
2117 100 2.1 -15352 -5418
2145 100 2.1 -16280 -5670
2172 100 2.1 -15896 -5650
2200 100 2.1 -15920 -5840
2229 100 2.1 -16076 -5726
2257 100 2.1 -16288 -5444
2286 100 2.1 -16072 -5476
2316 100 2.1 -15880 -5534
2346 100 2.1 -16100 -5616
2376 100 2.1 -16152 -5546
2407 100 2.1 -15784 -5432
2438 100 2.1 -16304 -5818
2469 100 2.1 -16024 -6244
2501 100 2.1 -16236 -6540
2533 100 2.1 -16332 -6700
2566 100 2.1 -16136 -6500
2599 100 2.1 -16196 -6828
2633 100 2.1 -15800 -6784
2667 100 2.1 -15900 -6822
2701 100 2.1 -16040 -7392
2736 100 2.1 -16156 -7506
2771 100 2.1 -15916 -7346
2807 100 2.1 -16332 -7688
2843 100 2.1 -16248 -8160
2880 100 2.1 -16224 -8368
2917 100 2.1 -16580 -8464
2954 100 2.1 -16484 -8610
2992 100 2.1 -16500 -8588
3031 100 2.1 -16500 -8454
3070 100 2.1 -16776 -8722
3110 100 2.1 -16804 -8778
3150 100 2.1 -16420 -8594
3190 100 2.1 -16496 -8520
3232 100 2.1 -16236 -8426
3273 100 2.1 -16812 -8842
3315 100 2.1 -16584 -8676
3358 100 2.1 -16420 -8686
3402 100 2.1 -16832 -8776
3445 100 2.1 -16680 -8760
3490 100 2.1 -17016 -8880
3535 100 2.1 -16460 -8534
3580 100 2.1 -15768 -8182
3627 100 2.1 -16724 -8838
3673 100 2.1 -16768 -8772
3721 100 2.1 -16856 -8772
3769 100 2.1 -16936 -8860
3817 100 2.1 -16600 -8610
3867 100 2.1 -16692 -8880
3916 100 2.1 -16880 -8898
3967 100 2.1 -16392 -8610
4018 100 2.1 -16584 -8672
4070 100 2.1 -16484 -8618
4122 100 2.1 -16452 -8588
4176 100 2.1 -16380 -8456
4229 100 2.1 -16824 -8812
4284 100 2.1 -16540 -8720
4339 100 2.1 -16508 -8584
4395 100 2.1 -16484 -8670
4452 100 2.1 -16588 -8688
4509 100 2.1 -16864 -8808
4567 100 2.1 -16804 -8826
4626 100 2.1 -16680 -8838
4686 100 2.1 -16764 -8688
4746 100 2.1 -17104 -8828
4808 100 2.1 -16456 -8554
4870 100 2.1 -16924 -8864
4932 100 2.1 -16952 -8838
4996 100 2.1 -16544 -8664
5060 100 2.1 -16476 -8602
5126 100 2.1 -16696 -8752
5192 100 2.1 -16672 -8662
5259 100 2.1 -16044 -8264
5327 100 2.1 -16404 -8498
5395 100 2.1 -16812 -8862
5465 100 2.1 -16868 -8844
5535 100 2.1 -16744 -8834
5607 100 2.1 -16852 -8828
5679 100 2.1 -16716 -8546
5752 100 2.1 -16356 -8530
5826 100 2.1 -16604 -8554
5902 100 2.1 -16768 -8890
5978 100 2.1 -16792 -8840
6055 100 2.1 -16624 -8740
6133 100 2.1 -16876 -8830
6212 100 2.1 -16848 -8692
6292 100 2.1 -16800 -8842
6373 100 2.1 -16124 -8366
6455 100 2.1 -16708 -8740
6539 100 2.1 -16452 -8434
6623 100 2.1 -16644 -8732
6708 100 2.1 -16408 -8548
6795 100 2.1 -16656 -8714
6883 100 2.1 -17080 -9014
6971 100 2.1 -16796 -8700
7061 100 2.1 -16508 -8530
7152 100 2.1 -16748 -8798
7245 100 2.1 -17064 -8838
7338 100 2.1 -16440 -8674
7433 100 2.1 -16440 -8510
7529 100 2.1 -16724 -8798
7626 100 2.1 -16704 -8644
7724 100 2.1 -16748 -8762
7824 100 2.1 -16292 -8566
7925 100 2.1 -16508 -8600
8027 100 2.1 -16864 -8854
8130 100 2.1 -16180 -8436
8235 100 2.1 -16856 -8888
8341 100 2.1 -16544 -8670
8449 100 2.1 -17068 -8978
8558 100 2.1 -16796 -8820
8668 100 2.1 -16720 -8708
8780 100 2.1 -16672 -8700
8893 100 2.1 -16568 -8594
9008 100 2.1 -16504 -8614
9124 100 2.1 -17036 -8862
9242 100 2.1 -16860 -8850
9361 100 2.1 -16788 -8798
9482 100 2.1 -16544 -8836
9604 100 2.1 -16336 -8432
9728 100 2.1 -16904 -8858
9853 100 2.1 -16616 -8654
9980 100 2.1 -16700 -8758
10109 100 2.1 -16560 -8754
10240 100 2.1 -16620 -8704
10372 100 2.1 -16436 -8594
10505 100 2.1 -16488 -8638
10641 100 2.1 -16948 -8858
10778 100 2.1 -16524 -8638
10917 100 2.1 -16744 -8876
11058 100 2.1 -16828 -8832
11201 100 2.1 -16880 -8774
11345 100 2.1 -16300 -8564
11491 100 2.1 -16792 -8822
11640 100 2.1 -17072 -8936
11790 100 2.1 -16896 -8700
11942 100 2.1 -16572 -8694
12096 100 2.1 -16420 -8488
12252 100 2.1 -16620 -8630
12410 100 2.1 -16672 -8706
12570 100 2.1 -16548 -8612
12732 100 2.1 -16608 -8600
12896 100 2.1 -16444 -8592
13062 100 2.1 -16720 -8784
13231 100 2.1 -16672 -8772
13402 100 2.1 -16940 -8848
13574 100 2.1 -16580 -8624
13750 100 2.1 -16424 -8462
13927 100 2.1 -16608 -8840
14106 100 2.1 -16524 -8588
14288 100 2.1 -16396 -8488
14473 100 2.1 -16464 -8646
14659 100 2.1 -16436 -8522
14848 100 2.1 -16460 -8662
15040 100 2.1 -16696 -8796
15234 100 2.1 -16308 -8392
15430 100 2.1 -16916 -8864
15629 100 2.1 -16644 -8686
15831 100 2.1 -16664 -8762
16035 100 2.1 -16544 -8670
16242 100 2.1 -16836 -8626
16451 100 2.1 -16680 -8728
16664 100 2.1 -17024 -8948
16879 100 2.1 -16472 -8642
17096 100 2.1 -16696 -8756
17317 100 2.1 -16900 -8912
17540 100 2.1 -16600 -8710
17766 100 2.1 -16372 -8618
17995 100 2.1 -16228 -8486
18228 100 2.1 -16516 -8710
18463 100 2.1 -16428 -8574
18701 100 2.1 -16484 -8534
18942 100 2.1 -16532 -8662
19186 100 2.1 -16620 -8722
19434 100 2.1 -16956 -8830
19684 100 2.1 -16592 -8716
19938 100 2.1 -16544 -8422
20195 100 2.1 -16736 -8706
20456 100 2.1 -16984 -8916
20720 100 2.1 -16624 -8736
20987 100 2.1 -16592 -8640
21258 100 2.1 -16648 -8694
21532 100 2.1 -16640 -8800
21810 100 2.1 -16604 -8710
22091 100 2.1 -16640 -8786
22376 100 2.1 -16508 -8598
22664 100 2.1 -16984 -8898
22957 100 2.1 -16508 -8640
23253 100 2.1 -16532 -8664
23553 100 2.1 -16400 -8524
23856 100 2.1 -16852 -8798
24164 100 2.1 -17052 -8914
24476 100 2.1 -16824 -8704
24791 100 2.1 -16644 -8800
25111 100 2.1 -16484 -8534
25435 100 2.1 -16628 -8596
25763 100 2.1 -16740 -8688
26095 100 2.1 -16412 -8608
26432 100 2.1 -16648 -8824
26773 100 2.1 -16956 -8980
27118 100 2.1 -16812 -8878
27468 100 2.1 -16712 -8734
27822 100 2.1 -16364 -8558
28181 100 2.1 -16756 -8808
28545 100 2.1 -16792 -8708
28913 100 2.1 -16468 -8532
29286 100 2.1 -16532 -8694
29663 100 2.1 -16300 -8474
30046 100 2.1 -16856 -8844
30434 100 2.1 -16492 -8614
30826 100 2.1 -16936 -8956
31224 100 2.1 -16348 -8588
31626 100 2.1 -16932 -8836
32034 100 2.1 -16772 -8818
32447 100 2.1 -16456 -8622
32866 100 2.1 -16556 -8764
33290 100 2.1 -16896 -8830
33719 100 2.1 -16812 -8728
34154 100 2.1 -16392 -8464
34595 100 2.1 -16632 -8700
35041 100 2.1 -16652 -8744
35493 100 2.1 -16328 -8362
35951 100 2.1 -16280 -8658
36414 100 2.1 -16380 -8486
36884 100 2.1 -16472 -8644
37360 100 2.1 -16880 -8844
37841 100 2.1 -17092 -8966
38330 100 2.1 -16892 -8872
38824 100 2.1 -16380 -8538
39325 100 2.1 -16876 -8826
39832 100 2.1 -16784 -8792
40346 100 2.1 -16736 -8754
40866 100 2.1 -16512 -8632
41393 100 2.1 -16764 -8680
41927 100 2.1 -16748 -8626
42468 100 2.1 -16820 -8798
43015 100 2.1 -16860 -8848
43570 100 2.1 -16608 -8712
44132 100 2.1 -16760 -8884
44701 100 2.1 -16700 -8758
45278 100 2.1 -16352 -8562
45862 100 2.1 -16344 -8420
46453 100 2.1 -16728 -8730
47053 100 2.1 -16808 -8846
47660 100 2.1 -16508 -8470
48274 100 2.1 -16480 -8572
48897 100 2.1 -16728 -8818
49528 100 2.1 -16364 -8642
50166 100 2.1 -16908 -8918
50813 100 2.1 -16576 -8730
51469 100 2.1 -17076 -8916
52133 100 2.1 -16776 -8556
52805 100 2.1 -16676 -8652
53486 100 2.1 -16692 -8696
54176 100 2.1 -16344 -8558
54875 100 2.1 -16336 -8474
55582 100 2.1 -16720 -8758
56299 100 2.1 -16764 -8806
57025 100 2.1 -16608 -8816
57761 100 2.1 -16884 -8930
58506 100 2.1 -16808 -8780
59261 100 2.1 -16968 -8894
60025 100 2.1 -16368 -8526
60799 100 2.1 -16404 -8540
61583 100 2.1 -16912 -8890
62378 100 2.1 -16496 -8626
63182 100 2.1 -16472 -8578
63997 100 2.1 -16212 -8504
64822 100 2.1 -16952 -8830
65658 100 2.1 -16828 -8852
66505 100 2.1 -16588 -8646
67363 100 2.1 -16476 -8546
68232 100 2.1 -16432 -8606
69112 100 2.1 -16232 -8562
70003 100 2.1 -17064 -8792
70906 100 2.1 -16732 -8754
71821 100 2.1 -16520 -8688
72747 100 2.1 -16324 -8482
73685 100 2.1 -16876 -8904
74636 100 2.1 -16552 -8712
75599 100 2.1 -16408 -8454
76574 100 2.1 -16824 -8734
77561 100 2.1 -16764 -8734
78562 100 2.1 -16504 -8668
79575 100 2.1 -16896 -8792
80601 100 2.1 -16500 -8676
81641 100 2.1 -16680 -8606
82694 100 2.1 -16604 -8712
83760 100 2.1 -16860 -8910
84841 100 2.1 -16352 -8492
85935 100 2.1 -16700 -8542
87043 100 2.1 -16460 -8632
88166 100 2.1 -16828 -8736
89303 100 2.1 -16548 -8602
90455 100 2.1 -16396 -8520
91622 100 2.1 -16520 -8682
92803 100 2.1 -16548 -8556
94000 100 2.1 -16572 -8730
95213 100 2.1 -16632 -8754
96441 100 2.1 -16704 -8798
97685 100 2.1 -16964 -8914
98945 100 2.1 -16552 -8732
100221 100 2.1 -16340 -8498
101513 100 2.1 -16784 -8704
102823 100 2.1 -16556 -8788
104149 100 2.1 -16436 -8528
105492 100 2.1 -16688 -8720
106853 100 2.1 -16484 -8732
108231 100 2.1 -16504 -8608
109627 100 2.1 -16760 -8736
111041 100 2.1 -16796 -8756
112473 100 2.1 -16448 -8578
113924 100 2.1 -16544 -8666
115393 100 2.1 -16744 -8658
116882 100 2.1 -16316 -8546
118389 100 2.1 -16720 -8730
119916 100 2.1 -16580 -8688
121463 100 2.1 -16164 -8256
123029 100 2.1 -16716 -8810
124616 100 2.1 -16688 -8734
126224 100 2.1 -16668 -8712
127852 100 2.1 -16424 -8606
129501 100 2.1 -16872 -8852
131171 100 2.1 -16224 -8310
132863 100 2.1 -16260 -8446
134576 100 2.1 -16668 -8770
136312 100 2.1 -16432 -8556
138070 100 2.1 -16652 -8640
139851 100 2.1 -16612 -8736
141655 100 2.1 -16692 -8812
143482 100 2.1 -16512 -8634
145333 100 2.1 -16472 -8638
147207 100 2.1 -16368 -8448
149106 100 2.1 -16316 -8568
151029 100 2.1 -16916 -8698
152977 100 2.1 -16696 -8678
154950 100 2.1 -16248 -8480
156948 100 2.1 -16568 -8640
158973 100 2.1 -16552 -8692
161023 100 2.1 -16504 -8632
163100 100 2.1 -16824 -8768
165204 100 2.1 -16336 -8536
167334 100 2.1 -16812 -8828
169493 100 2.1 -16500 -8700
171679 100 2.1 -16784 -8764
173893 100 2.1 -16872 -8758
176136 100 2.1 -16928 -8812
178408 100 2.1 -16584 -8546
180709 100 2.1 -16400 -8480
183040 100 2.1 -16824 -8942
185400 100 2.1 -16548 -8638
187792 100 2.1 -16956 -8876
190214 100 2.1 -16640 -8642
192667 100 2.1 -16372 -8524
195152 100 2.1 -16648 -8714
197669 100 2.1 -16768 -8842
200219 100 2.1 -16552 -8754
202801 100 2.1 -16804 -8816
205417 100 2.1 -16744 -8812
208066 100 2.1 -16528 -8574
210750 100 2.1 -16272 -8530
213468 100 2.1 -16680 -8786
216222 100 2.1 -16768 -8814
219010 100 2.1 -16556 -8772
221835 100 2.1 -16856 -8718
224696 100 2.1 -16396 -8532
227595 100 2.1 -16640 -8740
230530 100 2.1 -16492 -8698
233503 100 2.1 -16508 -8522
236515 100 2.1 -16716 -8638
239566 100 2.1 -16528 -8538
242656 100 2.1 -16712 -8646
245785 100 2.1 -16808 -8866
248956 100 2.1 -16692 -8694
252167 100 2.1 -16468 -8366
255419 100 2.1 -16852 -8780
258713 100 2.1 -16756 -8754
262050 100 2.1 -16548 -8642
265430 100 2.1 -16944 -8826
268854 100 2.1 -16632 -8622
272321 100 2.1 -16692 -8784
275834 100 2.1 -16496 -8654
279391 100 2.1 -16696 -8710
282995 100 2.1 -16364 -8560
286645 100 2.1 -16144 -8256
290342 100 2.1 -16500 -8650
294087 100 2.1 -16840 -8834
297880 100 2.1 -16100 -8422
301722 100 2.1 -16676 -8764
305614 100 2.1 -16488 -8616
309556 100 2.1 -16684 -8746
313548 100 2.1 -16720 -8766
317592 100 2.1 -16672 -8814
321689 100 2.1 -16280 -8506
325838 100 2.1 -16488 -8528
330040 100 2.1 -16156 -8362
334297 100 2.1 -16804 -8736
338609 100 2.1 -16632 -8674
342976 100 2.1 -16832 -8716
347400 100 2.1 -16860 -8922
351881 100 2.1 -16604 -8724
356419 100 2.1 -16428 -8460
361016 100 2.1 -17312 -9098
365673 100 2.1 -16708 -8822
370389 100 2.1 -16640 -8780
375167 100 2.1 -16104 -8310
380005 100 2.1 -16688 -8652
384907 100 2.1 -16240 -8348
389871 100 2.1 -16712 -8718
394900 100 2.1 -16428 -8510
399993 100 2.1 -16564 -8708
405152 100 2.1 -16820 -8876
410378 100 2.1 -16628 -8710
415671 100 2.1 -16472 -8510
421032 100 2.1 -16692 -8680
426463 100 2.1 -16536 -8818
431963 100 2.1 -16956 -8840
437535 100 2.1 -16588 -8684
443178 100 2.1 -16980 -8924
448894 100 2.1 -16668 -8748
454684 100 2.1 -16964 -8898
460548 100 2.1 -16092 -8108
466489 100 2.1 -16764 -8778
472505 100 2.1 -16580 -8714
478600 100 2.1 -16860 -8848
484773 100 2.1 -16668 -8652
491025 100 2.1 -16496 -8628
497358 100 2.1 -16388 -8406
503773 100 2.1 -16440 -8608
510271 100 2.1 -16552 -8618
516852 100 2.1 -16656 -8772
523519 100 2.1 -16560 -8654
530271 100 2.1 -16472 -8664
537111 100 2.1 -16596 -8672
544038 100 2.1 -16600 -8722
551055 100 2.1 -16476 -8624
558163 100 2.1 -16772 -8696
565362 100 2.1 -16420 -8620
572654 100 2.1 -16652 -8694
580040 100 2.1 -16728 -8730
587521 100 2.1 -16036 -8330
595099 100 2.1 -16932 -8758
602775 100 2.1 -16684 -8812
610549 100 2.1 -16448 -8538
618424 100 2.1 -16812 -8846
626400 100 2.1 -16720 -8822
634480 100 2.1 -16688 -8774
642663 100 2.1 -16996 -8778
650952 100 2.1 -16576 -8532
659348 100 2.1 -16628 -8692
667853 100 2.1 -17048 -8954
676467 100 2.1 -16376 -8390
685192 100 2.1 -16728 -8800
694029 100 2.1 -16808 -8816
702981 100 2.1 -16388 -8604
712048 100 2.1 -16552 -8626
721232 100 2.1 -16940 -8888
730534 100 2.1 -16448 -8554
739957 100 2.1 -16168 -8480
749500 100 2.1 -16548 -8628
759168 100 2.1 -16636 -8738
768959 100 2.1 -16624 -8782
778877 100 2.1 -16804 -8720
788923 100 2.1 -16940 -8928
799099 100 2.1 -16920 -8846
809405 100 2.1 -16684 -8626
819845 100 2.1 -16708 -8770
830419 100 2.1 -16412 -8508
841130 100 2.1 -16476 -8666
851979 100 2.1 -16424 -8614
862968 100 2.1 -16888 -8910
874098 100 2.1 -16728 -8832
885373 100 2.1 -16728 -8630
896792 100 2.1 -16884 -8876
908359 100 2.1 -16692 -8598
920075 100 2.1 -16360 -8544
931942 100 2.1 -16776 -8824
943962 100 2.1 -16788 -8900
956137 100 2.1 -16816 -8828
968470 100 2.1 -16936 -8926
980961 100 2.1 -16544 -8628
993613 100 2.1 -16816 -8900
999999 100 2.1 -16460 -8684
