3 100 2.4 -8748 352
4 100 2.4 -9596 450
5 100 2.4 -9852 528
6 100 2.4 -9924 604
7 100 2.4 -10232 756
8 100 2.4 -10580 768
9 100 2.4 -10880 792
10 100 2.4 -10808 734
11 100 2.4 -10868 712
12 100 2.4 -10988 892
13 100 2.4 -11100 940
14 100 2.4 -11160 1068
15 100 2.4 -11388 1070
16 100 2.4 -11204 1070
17 100 2.4 -11312 1168
18 100 2.4 -11168 1122
19 100 2.4 -11240 1246
20 100 2.4 -11192 1354
21 100 2.4 -11340 1506
22 100 2.4 -11304 1552
23 100 2.4 -11252 1522
24 100 2.4 -11292 1568
25 100 2.4 -11116 1424
26 100 2.4 -11324 1382
27 100 2.4 -11288 1466
28 100 2.4 -11484 1462
29 100 2.4 -11456 1530
30 100 2.4 -11320 1456
31 100 2.4 -11440 1470
32 100 2.4 -11408 1570
33 100 2.4 -11784 1600
34 100 2.4 -11768 1528
35 100 2.4 -11888 1562
36 100 2.4 -11656 1672
37 100 2.4 -11724 1732
38 100 2.4 -12052 1808
39 100 2.4 -12108 1894
40 100 2.4 -12212 1992
41 100 2.4 -11968 2048
42 100 2.4 -11940 2078
43 100 2.4 -11880 2116
44 100 2.4 -11752 2050
45 100 2.4 -11700 2144
46 100 2.4 -11684 2180
47 100 2.4 -12004 2382
48 100 2.4 -12008 2282
49 100 2.4 -12052 2106
50 100 2.4 -11828 2092
51 100 2.4 -11996 2134
52 100 2.4 -11964 1978
53 100 2.4 -11680 1924
54 100 2.4 -11892 2014
55 100 2.4 -11912 1912
56 100 2.4 -11788 1908
57 100 2.4 -11708 1868
58 100 2.4 -11752 1876
59 100 2.4 -11492 1926
60 100 2.4 -11776 2000
61 100 2.4 -11768 1860
62 100 2.4 -11804 1976
63 100 2.4 -11792 2034
64 100 2.4 -11780 1958
65 100 2.4 -11908 1954
66 100 2.4 -11716 2078
67 100 2.4 -11940 1922
68 100 2.4 -12224 1940
69 100 2.4 -12244 1986
70 100 2.4 -11996 2042
71 100 2.4 -12180 2038
72 100 2.4 -12200 2040
73 100 2.4 -12268 2090
74 100 2.4 -12344 2190
75 100 2.4 -12304 2258
76 100 2.4 -12016 2150
77 100 2.4 -12184 2208
78 100 2.4 -12156 2248
79 100 2.4 -12104 2128
80 100 2.4 -11832 2154
81 100 2.4 -11740 2080
82 100 2.4 -11888 2044
83 100 2.4 -12012 1954
84 100 2.4 -11768 1824
85 100 2.4 -11988 1974
86 100 2.4 -11884 1986
88 100 2.4 -11932 1994
89 100 2.4 -12168 1974
90 100 2.4 -12388 1932
91 100 2.4 -12460 1794
92 100 2.4 -12116 1776
93 100 2.4 -12184 1714
95 100 2.4 -12092 1704
96 100 2.4 -11868 1574
97 100 2.4 -12056 1634
98 100 2.4 -11928 1658
99 100 2.4 -11728 1664
101 100 2.4 -11756 1706
102 100 2.4 -11896 1540
103 100 2.4 -12044 1476
105 100 2.4 -11604 1650
106 100 2.4 -11688 1686
107 100 2.4 -11844 1700
109 100 2.4 -12100 1762
110 100 2.4 -12192 1676
112 100 2.4 -11528 1244
113 100 2.4 -11844 1516
114 100 2.4 -11696 1318
116 100 2.4 -11644 1204
117 100 2.4 -11924 1358
119 100 2.4 -11808 1284
120 100 2.4 -11744 1294
122 100 2.4 -11904 1330
124 100 2.4 -12008 1430
125 100 2.4 -11912 1338
127 100 2.4 -11832 1300
128 100 2.4 -11728 1184
130 100 2.4 -12036 1306
132 100 2.4 -11936 1058
133 100 2.4 -11608 1100
135 100 2.4 -11872 1106
137 100 2.4 -11900 1306
139 100 2.4 -12008 1068
140 100 2.4 -12120 1032
142 100 2.4 -11824 1254
144 100 2.4 -11312 966
146 100 2.4 -11440 812
148 100 2.4 -11696 834
150 100 2.4 -12128 804
152 100 2.4 -12204 748
154 100 2.4 -12264 850
155 100 2.4 -12132 908
157 100 2.4 -12164 804
160 100 2.4 -12212 962
162 100 2.4 -12060 1028
164 100 2.4 -12252 1152
166 100 2.4 -11820 1348
168 100 2.4 -12116 1332
170 100 2.4 -11988 1294
172 100 2.4 -11660 1478
174 100 2.4 -12068 1744
177 100 2.4 -12292 1494
179 100 2.4 -12276 1664
181 100 2.4 -12156 1702
184 100 2.4 -12128 1608
186 100 2.4 -11916 1596
188 100 2.4 -11884 1618
191 100 2.4 -12024 1642
193 100 2.4 -12072 1682
196 100 2.4 -11920 1642
198 100 2.4 -11844 1514
201 100 2.4 -12220 1782
203 100 2.4 -12236 2002
206 100 2.4 -11984 1970
209 100 2.4 -12112 1434
211 100 2.4 -12220 1550
214 100 2.4 -12100 1546
217 100 2.4 -12196 1596
220 100 2.4 -11788 1026
222 100 2.4 -12028 902
225 100 2.4 -12220 972
228 100 2.4 -12044 1128
231 100 2.4 -12052 1182
234 100 2.4 -11904 892
237 100 2.4 -12064 976
240 100 2.4 -11824 908
243 100 2.4 -11600 1168
246 100 2.4 -11820 1134
250 100 2.4 -11784 1270
253 100 2.4 -11884 1346
256 100 2.4 -12096 1446
259 100 2.4 -12156 1198
263 100 2.4 -11832 1310
266 100 2.4 -12052 1590
269 100 2.4 -11532 1638
273 100 2.4 -11488 1478
276 100 2.4 -11708 1484
280 100 2.4 -11560 1406
284 100 2.4 -11980 1238
287 100 2.4 -11684 1334
291 100 2.4 -11784 1462
295 100 2.4 -11852 1172
298 100 2.4 -11600 1302
302 100 2.4 -12096 1002
306 100 2.4 -11888 1112
310 100 2.4 -11832 1118
314 100 2.4 -12092 994
318 100 2.4 -12004 982
322 100 2.4 -12052 1388
326 100 2.4 -12064 1224
331 100 2.4 -11676 1084
335 100 2.4 -12036 734
339 100 2.4 -11880 822
344 100 2.4 -11784 856
348 100 2.4 -11636 976
352 100 2.4 -11972 918
357 100 2.4 -11568 890
362 100 2.4 -12028 1338
366 100 2.4 -11932 1118
371 100 2.4 -11868 758
376 100 2.4 -11868 952
381 100 2.4 -11744 1142
385 100 2.4 -11772 1394
390 100 2.4 -11828 1042
395 100 2.4 -12108 1646
401 100 2.4 -11928 1984
406 100 2.4 -12212 1866
411 100 2.4 -11808 1668
416 100 2.4 -12252 1800
422 100 2.4 -12152 2058
427 100 2.4 -12240 1872
433 100 2.4 -12308 2128
438 100 2.4 -11912 2066
444 100 2.4 -11948 2298
449 100 2.4 -12644 2626
455 100 2.4 -12432 2854
461 100 2.4 -11976 2568
467 100 2.4 -12088 2382
473 100 2.4 -12484 2128
479 100 2.4 -12716 2208
485 100 2.4 -11956 2190
492 100 2.4 -12108 1998
498 100 2.4 -11844 1578
504 100 2.4 -11636 1498
511 100 2.4 -12032 1840
517 100 2.4 -12056 1676
524 100 2.4 -12460 1682
531 100 2.4 -12148 1376
538 100 2.4 -12248 1532
545 100 2.4 -11840 1382
552 100 2.4 -11612 1814
559 100 2.4 -11904 1794
566 100 2.4 -12008 1696
573 100 2.4 -11892 1566
581 100 2.4 -12152 1720
588 100 2.4 -11712 1494
596 100 2.4 -12040 1694
603 100 2.4 -11736 1522
611 100 2.4 -11848 1376
619 100 2.4 -12204 1612
627 100 2.4 -12264 1372
635 100 2.4 -12060 1550
643 100 2.4 -11952 1214
652 100 2.4 -12132 416
660 100 2.4 -12088 522
668 100 2.4 -11888 770
677 100 2.4 -11784 800
686 100 2.4 -12292 582
695 100 2.4 -11884 572
704 100 2.4 -11820 260
713 100 2.4 -11732 -176
722 100 2.4 -12064 -34
731 100 2.4 -11932 -230
741 100 2.4 -11968 -450
750 100 2.4 -11508 -276
760 100 2.4 -11512 -374
770 100 2.4 -11152 220
780 100 2.4 -11980 614
790 100 2.4 -12080 314
800 100 2.4 -12140 144
810 100 2.4 -12312 -318
821 100 2.4 -11656 -232
831 100 2.4 -12404 120
842 100 2.4 -12092 348
853 100 2.4 -12412 -60
864 100 2.4 -12356 170
875 100 2.4 -12140 464
886 100 2.4 -12148 -12
897 100 2.4 -12240 288
909 100 2.4 -11952 408
921 100 2.4 -12108 496
933 100 2.4 -12324 234
945 100 2.4 -11556 402
957 100 2.4 -11808 488
969 100 2.4 -12044 602
982 100 2.4 -12152 892
994 100 2.4 -12300 942
1007 100 2.4 -11924 618
1020 100 2.4 -11740 -102
1033 100 2.4 -11988 -210
1047 100 2.4 -11840 -642
1060 100 2.4 -12056 -858
1074 100 2.4 -12016 -1014
1088 100 2.4 -12060 -888
1102 100 2.4 -12020 -1402
1116 100 2.4 -12096 -1214
1130 100 2.4 -12096 -1514
1145 100 2.4 -12028 -1330
1160 100 2.4 -11824 -180
1174 100 2.4 -12396 -70
1190 100 2.4 -11972 62
1205 100 2.4 -12216 -290
1220 100 2.4 -12556 -1502
1236 100 2.4 -12452 -1122
1252 100 2.4 -12072 -686
1268 100 2.4 -12356 -476
1285 100 2.4 -12396 -312
1301 100 2.4 -12152 132
1318 100 2.4 -12144 -96
1335 100 2.4 -11480 -354
1352 100 2.4 -12168 -308
1370 100 2.4 -11780 -226
1387 100 2.4 -11864 400
1405 100 2.4 -11840 -220
1423 100 2.4 -12044 -732
1442 100 2.4 -12160 -792
1460 100 2.4 -12480 -626
1479 100 2.4 -12360 -342
1498 100 2.4 -12204 -534
1517 100 2.4 -11792 -48
1537 100 2.4 -11888 34
1557 100 2.4 -11748 460
1577 100 2.4 -12320 496
1597 100 2.4 -12236 530
1618 100 2.4 -12124 150
1639 100 2.4 -12248 74
1660 100 2.4 -11896 136
1681 100 2.4 -11776 596
1703 100 2.4 -11996 142
1725 100 2.4 -11444 -320
1747 100 2.4 -11792 312
1770 100 2.4 -11652 1136
1792 100 2.4 -12424 1488
1816 100 2.4 -11836 934
1839 100 2.4 -12032 1404
1863 100 2.4 -12328 1264
1887 100 2.4 -11828 1726
1911 100 2.4 -12048 848
1936 100 2.4 -12060 1104
1961 100 2.4 -12112 628
1986 100 2.4 -12072 1048
2012 100 2.4 -11916 1196
2037 100 2.4 -12028 936
2064 100 2.4 -11996 1118
2090 100 2.4 -11720 1240
2117 100 2.4 -12092 1156
2145 100 2.4 -11432 1124
2172 100 2.4 -11944 458
2200 100 2.4 -12000 1530
2229 100 2.4 -11988 1688
2257 100 2.4 -11836 1316
2286 100 2.4 -11756 1296
2316 100 2.4 -11928 1068
2346 100 2.4 -12120 1150
2376 100 2.4 -12020 664
2407 100 2.4 -11512 458
2438 100 2.4 -12052 960
2469 100 2.4 -11880 866
2501 100 2.4 -11912 564
2533 100 2.4 -12020 260
2566 100 2.4 -12224 188
2599 100 2.4 -12328 1142
2633 100 2.4 -11892 702
2667 100 2.4 -12392 468
2701 100 2.4 -12024 858
2736 100 2.4 -11520 130
2771 100 2.4 -12104 -860
2807 100 2.4 -11960 -790
2843 100 2.4 -11960 -1122
2880 100 2.4 -12200 -980
2917 100 2.4 -12276 192
2954 100 2.4 -11656 -82
2992 100 2.4 -12344 -284
3031 100 2.4 -12016 -272
3070 100 2.4 -11984 -150
3110 100 2.4 -11620 -374
3150 100 2.4 -11424 964
3190 100 2.4 -11492 908
3232 100 2.4 -11720 1438
3273 100 2.4 -12024 1680
3315 100 2.4 -12012 1428
3358 100 2.4 -11872 -196
3402 100 2.4 -12540 -840
3445 100 2.4 -12220 -304
3490 100 2.4 -12508 -410
3535 100 2.4 -11996 870
3580 100 2.4 -11948 184
3627 100 2.4 -12532 920
3673 100 2.4 -12112 288
3721 100 2.4 -12344 -1420
3769 100 2.4 -11848 -1462
3817 100 2.4 -11664 -934
3867 100 2.4 -12204 -600
3916 100 2.4 -11764 -312
3967 100 2.4 -12312 1248
4018 100 2.4 -11888 590
4070 100 2.4 -12184 950
4122 100 2.4 -11868 -864
4176 100 2.4 -11992 -368
4229 100 2.4 -12212 78
4284 100 2.4 -11968 360
4339 100 2.4 -12284 778
4395 100 2.4 -12220 1340
4452 100 2.4 -12184 1446
4509 100 2.4 -12364 1908
4567 100 2.4 -12112 1508
4626 100 2.4 -12016 1890
4686 100 2.4 -11588 270
4746 100 2.4 -11860 -954
4808 100 2.4 -12244 -1648
4870 100 2.4 -11892 -1584
4932 100 2.4 -12320 -594
4996 100 2.4 -12028 132
5060 100 2.4 -12412 186
5126 100 2.4 -11920 662
5192 100 2.4 -11816 662
5259 100 2.4 -11960 -784
5327 100 2.4 -12456 -742
5395 100 2.4 -12764 -1472
5465 100 2.4 -12100 -976
5535 100 2.4 -11720 -468
5607 100 2.4 -11912 -762
5679 100 2.4 -12124 -1240
5752 100 2.4 -11636 -1222
5826 100 2.4 -12080 -666
5902 100 2.4 -11972 684
5978 100 2.4 -11744 -508
6055 100 2.4 -11520 -1318
6133 100 2.4 -11828 -2246
6212 100 2.4 -12272 -3358
6292 100 2.4 -12404 -1138
6373 100 2.4 -12228 -1728
6455 100 2.4 -12312 144
6539 100 2.4 -11972 -848
6623 100 2.4 -11816 -1688
6708 100 2.4 -12188 -1600
6795 100 2.4 -12204 -704
6883 100 2.4 -12004 -190
6971 100 2.4 -12076 -270
7061 100 2.4 -11836 -256
7152 100 2.4 -11908 878
7245 100 2.4 -12592 678
7338 100 2.4 -12244 102
7433 100 2.4 -12420 250
7529 100 2.4 -12116 142
7626 100 2.4 -12024 436
7724 100 2.4 -11812 -584
7824 100 2.4 -12032 -1010
7925 100 2.4 -11956 -1666
8027 100 2.4 -11820 -194
8130 100 2.4 -11888 -88
8235 100 2.4 -11992 726
8341 100 2.4 -11984 416
8449 100 2.4 -11964 712
8558 100 2.4 -12156 2944
8668 100 2.4 -12148 3276
8780 100 2.4 -12048 1244
8893 100 2.4 -12148 674
9008 100 2.4 -11512 -206
9124 100 2.4 -11024 -222
9242 100 2.4 -12020 -452
9361 100 2.4 -11788 706
9482 100 2.4 -12072 470
9604 100 2.4 -11932 -18
9728 100 2.4 -12280 1088
9853 100 2.4 -11748 -70
9980 100 2.4 -12204 732
10109 100 2.4 -11852 132
10240 100 2.4 -12152 712
10372 100 2.4 -11764 12
10505 100 2.4 -11712 552
10641 100 2.4 -12152 746
10778 100 2.4 -12332 300
10917 100 2.4 -11620 1156
11058 100 2.4 -12428 538
11201 100 2.4 -11904 484
11345 100 2.4 -12080 1234
11491 100 2.4 -12056 2576
11640 100 2.4 -12180 2436
11790 100 2.4 -12028 966
11942 100 2.4 -11712 -492
12096 100 2.4 -12320 -1970
12252 100 2.4 -12848 -236
12410 100 2.4 -12524 -1146
12570 100 2.4 -12428 -1934
12732 100 2.4 -12032 -1238
12896 100 2.4 -12052 -1518
13062 100 2.4 -11864 -468
13231 100 2.4 -12232 -110
13402 100 2.4 -11576 -148
13574 100 2.4 -12016 670
13750 100 2.4 -11888 -1168
13927 100 2.4 -11952 610
14106 100 2.4 -11664 -258
14288 100 2.4 -12436 650
14473 100 2.4 -12156 762
14659 100 2.4 -12068 1760
14848 100 2.4 -12596 2212
15040 100 2.4 -12032 1008
15234 100 2.4 -12164 1140
15430 100 2.4 -12212 910
15629 100 2.4 -12296 2894
15831 100 2.4 -12144 2254
16035 100 2.4 -12028 1130
16242 100 2.4 -12148 148
16451 100 2.4 -12020 -108
16664 100 2.4 -11872 874
16879 100 2.4 -11720 818
17096 100 2.4 -12084 2424
17317 100 2.4 -12264 -338
17540 100 2.4 -12304 272
17766 100 2.4 -11860 534
17995 100 2.4 -11696 1670
18228 100 2.4 -12232 1986
18463 100 2.4 -11768 -84
18701 100 2.4 -12132 344
18942 100 2.4 -12032 -364
19186 100 2.4 -11992 -1204
19434 100 2.4 -11784 -660
19684 100 2.4 -11792 1508
19938 100 2.4 -11904 2870
20195 100 2.4 -12108 1760
20456 100 2.4 -12452 520
20720 100 2.4 -11904 590
20987 100 2.4 -12212 1442
21258 100 2.4 -11748 -284
21532 100 2.4 -12096 -1472
21810 100 2.4 -12064 -766
22091 100 2.4 -11836 -162
22376 100 2.4 -12128 -198
22664 100 2.4 -12104 -340
22957 100 2.4 -12380 -644
23253 100 2.4 -12356 -1202
23553 100 2.4 -12076 -102
23856 100 2.4 -11776 -1440
24164 100 2.4 -12144 946
24476 100 2.4 -12092 10
24791 100 2.4 -12392 826
25111 100 2.4 -12104 -1442
25435 100 2.4 -11912 -1968
25763 100 2.4 -12360 1166
26095 100 2.4 -11984 1214
26432 100 2.4 -12084 1368
26773 100 2.4 -12012 906
27118 100 2.4 -11752 -174
27468 100 2.4 -11968 866
27822 100 2.4 -11620 406
28181 100 2.4 -11924 484
28545 100 2.4 -12068 918
28913 100 2.4 -12292 -776
29286 100 2.4 -11992 -152
29663 100 2.4 -12032 398
30046 100 2.4 -12160 -162
30434 100 2.4 -11804 1528
30826 100 2.4 -12180 256
31224 100 2.4 -11824 1134
31626 100 2.4 -12252 -2876
32034 100 2.4 -11988 -1588
32447 100 2.4 -11844 -286
32866 100 2.4 -11964 -464
33290 100 2.4 -12496 -174
33719 100 2.4 -12108 3284
34154 100 2.4 -12068 2478
34595 100 2.4 -12016 156
35041 100 2.4 -12252 -798
35493 100 2.4 -12480 -826
35951 100 2.4 -11644 434
36414 100 2.4 -12040 690
36884 100 2.4 -11920 1130
37360 100 2.4 -11560 1184
37841 100 2.4 -12332 72
38330 100 2.4 -11668 628
38824 100 2.4 -11984 -762
39325 100 2.4 -11988 -2192
39832 100 2.4 -12500 84
40346 100 2.4 -11728 60
40866 100 2.4 -12212 142
41393 100 2.4 -11896 -144
41927 100 2.4 -12028 -1740
42468 100 2.4 -11976 -2174
43015 100 2.4 -11972 2272
43570 100 2.4 -12028 -638
44132 100 2.4 -11956 130
44701 100 2.4 -12132 994
45278 100 2.4 -11744 -202
45862 100 2.4 -12068 266
46453 100 2.4 -12176 1174
47053 100 2.4 -11744 1522
47660 100 2.4 -11812 1310
48274 100 2.4 -11768 118
48897 100 2.4 -12192 38
49528 100 2.4 -12108 -266
50166 100 2.4 -11768 362
50813 100 2.4 -12044 -2082
51469 100 2.4 -11804 -1008
52133 100 2.4 -11928 -902
52805 100 2.4 -12116 -1412
53486 100 2.4 -12116 -754
54176 100 2.4 -11984 -2500
54875 100 2.4 -12376 -982
55582 100 2.4 -11508 212
56299 100 2.4 -12176 966
57025 100 2.4 -12480 2380
57761 100 2.4 -12108 -706
58506 100 2.4 -12192 270
59261 100 2.4 -11964 -1334
60025 100 2.4 -11836 -252
60799 100 2.4 -12292 -2
61583 100 2.4 -11852 980
62378 100 2.4 -12096 268
63182 100 2.4 -12400 -368
63997 100 2.4 -12284 -10
64822 100 2.4 -11952 546
65658 100 2.4 -12040 -2560
66505 100 2.4 -11872 338
67363 100 2.4 -12560 2466
68232 100 2.4 -12308 -438
69112 100 2.4 -11672 -568
70003 100 2.4 -12412 1460
70906 100 2.4 -12184 -964
71821 100 2.4 -12124 1690
72747 100 2.4 -12296 -540
73685 100 2.4 -12248 -426
74636 100 2.4 -12312 578
75599 100 2.4 -12276 1068
76574 100 2.4 -11740 404
77561 100 2.4 -11904 768
78562 100 2.4 -12192 788
79575 100 2.4 -11740 -490
80601 100 2.4 -12236 -1936
81641 100 2.4 -11708 -1550
82694 100 2.4 -11928 156
83760 100 2.4 -11932 -446
84841 100 2.4 -12116 2026
85935 100 2.4 -11784 -708
87043 100 2.4 -12072 -1760
88166 100 2.4 -12104 528
89303 100 2.4 -12116 608
90455 100 2.4 -12676 2418
91622 100 2.4 -11556 284
92803 100 2.4 -12216 -1094
94000 100 2.4 -12092 428
95213 100 2.4 -12128 -866
96441 100 2.4 -11928 544
97685 100 2.4 -12272 -916
98945 100 2.4 -12612 -482
100221 100 2.4 -12176 1240
101513 100 2.4 -12028 2746
102823 100 2.4 -11684 132
104149 100 2.4 -11924 -2370
105492 100 2.4 -12344 -758
106853 100 2.4 -12236 -176
108231 100 2.4 -11972 -306
109627 100 2.4 -12004 -8
111041 100 2.4 -12020 830
112473 100 2.4 -12040 -1676
113924 100 2.4 -12560 -988
115393 100 2.4 -11956 74
116882 100 2.4 -11924 -532
118389 100 2.4 -11780 950
119916 100 2.4 -12144 -720
121463 100 2.4 -12036 -868
123029 100 2.4 -11848 -1106
124616 100 2.4 -11636 -874
126224 100 2.4 -12028 1120
127852 100 2.4 -12092 -1154
129501 100 2.4 -12144 1548
131171 100 2.4 -12448 910
132863 100 2.4 -12036 -1310
134576 100 2.4 -12164 1048
136312 100 2.4 -11880 880
138070 100 2.4 -11956 14
139851 100 2.4 -12012 -570
141655 100 2.4 -11828 -2022
143482 100 2.4 -12084 588
145333 100 2.4 -11432 -276
147207 100 2.4 -11944 -1498
149106 100 2.4 -11680 640
151029 100 2.4 -11748 468
152977 100 2.4 -12012 -40
154950 100 2.4 -11816 2032
156948 100 2.4 -12256 -84
158973 100 2.4 -11984 1006
161023 100 2.4 -12276 858
163100 100 2.4 -12364 402
165204 100 2.4 -12308 -1594
167334 100 2.4 -12436 742
169493 100 2.4 -12040 -1142
171679 100 2.4 -11964 -1134
173893 100 2.4 -11636 550
176136 100 2.4 -11956 708
178408 100 2.4 -11696 -1126
180709 100 2.4 -12256 790
183040 100 2.4 -12136 1312
185400 100 2.4 -12392 -522
187792 100 2.4 -12332 -1220
190214 100 2.4 -12300 1530
192667 100 2.4 -11948 2020
195152 100 2.4 -12156 342
197669 100 2.4 -11832 -390
200219 100 2.4 -12168 -2158
202801 100 2.4 -12244 1976
205417 100 2.4 -12300 1668
208066 100 2.4 -11824 1362
210750 100 2.4 -11844 178
213468 100 2.4 -11640 -632
216222 100 2.4 -12088 3024
219010 100 2.4 -11924 -520
221835 100 2.4 -12512 -1824
224696 100 2.4 -12832 -3924
227595 100 2.4 -12424 -300
230530 100 2.4 -12016 -924
233503 100 2.4 -11948 960
236515 100 2.4 -12176 810
239566 100 2.4 -12388 -566
242656 100 2.4 -11912 938
245785 100 2.4 -11812 1018
248956 100 2.4 -12680 -1768
252167 100 2.4 -12180 1330
255419 100 2.4 -12216 612
258713 100 2.4 -12128 296
262050 100 2.4 -11712 458
265430 100 2.4 -11848 -2164
268854 100 2.4 -11856 -468
272321 100 2.4 -11576 714
275834 100 2.4 -12144 -248
279391 100 2.4 -11936 -770
282995 100 2.4 -11968 -840
286645 100 2.4 -12332 262
290342 100 2.4 -11852 -338
294087 100 2.4 -12208 1626
297880 100 2.4 -12044 710
301722 100 2.4 -12248 -836
305614 100 2.4 -12356 -1018
309556 100 2.4 -12048 1234
313548 100 2.4 -11768 -2412
317592 100 2.4 -12040 706
321689 100 2.4 -12444 384
325838 100 2.4 -11736 -784
330040 100 2.4 -12208 1356
334297 100 2.4 -12216 1576
338609 100 2.4 -11952 -1850
342976 100 2.4 -11932 1484
347400 100 2.4 -12124 -1084
351881 100 2.4 -11928 554
356419 100 2.4 -12004 -668
361016 100 2.4 -12088 -144
365673 100 2.4 -12008 438
370389 100 2.4 -12312 -244
375167 100 2.4 -12192 1252
380005 100 2.4 -12028 306
384907 100 2.4 -11872 -474
389871 100 2.4 -12164 1216
394900 100 2.4 -12308 50
399993 100 2.4 -12164 1620
405152 100 2.4 -12032 -950
410378 100 2.4 -12108 628
415671 100 2.4 -12016 -276
421032 100 2.4 -12092 212
426463 100 2.4 -12904 228
431963 100 2.4 -12192 -1376
437535 100 2.4 -11860 1616
443178 100 2.4 -12048 714
448894 100 2.4 -11872 -3326
454684 100 2.4 -12036 836
460548 100 2.4 -11972 -1208
466489 100 2.4 -11912 1252
472505 100 2.4 -12068 52
478600 100 2.4 -11540 216
484773 100 2.4 -11948 -876
491025 100 2.4 -12560 1020
497358 100 2.4 -11880 -700
503773 100 2.4 -12596 214
510271 100 2.4 -11876 -1968
516852 100 2.4 -12372 -214
523519 100 2.4 -12116 -664
530271 100 2.4 -12596 -2606
537111 100 2.4 -12136 626
544038 100 2.4 -11952 -1610
551055 100 2.4 -11888 428
558163 100 2.4 -12512 1440
565362 100 2.4 -11956 476
572654 100 2.4 -11656 -276
580040 100 2.4 -12188 246
587521 100 2.4 -12052 742
595099 100 2.4 -12136 -524
602775 100 2.4 -12144 -630
610549 100 2.4 -11932 -2276
618424 100 2.4 -12276 1270
626400 100 2.4 -11896 222
634480 100 2.4 -11416 58
642663 100 2.4 -11972 1854
650952 100 2.4 -12148 -292
659348 100 2.4 -12052 -660
667853 100 2.4 -12016 1148
676467 100 2.4 -12152 568
685192 100 2.4 -11732 2186
694029 100 2.4 -11664 348
702981 100 2.4 -11784 -1012
712048 100 2.4 -12132 648
721232 100 2.4 -12036 -24
730534 100 2.4 -11880 -664
739957 100 2.4 -12012 1146
749500 100 2.4 -12204 -2024
759168 100 2.4 -11584 -140
768959 100 2.4 -12088 804
778877 100 2.4 -11540 -1016
788923 100 2.4 -12112 -10
799099 100 2.4 -12264 974
809405 100 2.4 -11912 1326
819845 100 2.4 -11912 1688
830419 100 2.4 -11892 1306
841130 100 2.4 -12224 -374
851979 100 2.4 -12444 -2096
862968 100 2.4 -12044 224
874098 100 2.4 -12204 -2424
885373 100 2.4 -12292 1792
896792 100 2.4 -12208 382
908359 100 2.4 -11776 -1942
920075 100 2.4 -11316 340
931942 100 2.4 -11552 -444
943962 100 2.4 -12048 1236
956137 100 2.4 -12060 -1286
968470 100 2.4 -12028 356
980961 100 2.4 -12456 1908
993613 100 2.4 -11980 -2098
999999 100 2.4 -12392 1540
