3 140 2.3 -18500 -778
4 140 2.3 -19580 -606
5 140 2.3 -20620 -660
6 140 2.3 -21100 -728
7 140 2.3 -21476 -558
8 140 2.3 -22204 -404
9 140 2.3 -22516 -328
10 140 2.3 -22900 -390
11 140 2.3 -22808 -376
12 140 2.3 -23164 -112
13 140 2.3 -23180 96
14 140 2.3 -23400 222
15 140 2.3 -23292 312
16 140 2.3 -23380 504
17 140 2.3 -23408 338
18 140 2.3 -23756 344
19 140 2.3 -23928 382
20 140 2.3 -23892 220
21 140 2.3 -24064 254
22 140 2.3 -24352 510
23 140 2.3 -24192 452
24 140 2.3 -24216 554
25 140 2.3 -24384 402
26 140 2.3 -24260 228
27 140 2.3 -24924 66
28 140 2.3 -24612 -58
29 140 2.3 -24520 -170
30 140 2.3 -24044 -126
31 140 2.3 -24104 92
32 140 2.3 -24172 -40
33 140 2.3 -24328 -40
34 140 2.3 -24624 218
35 140 2.3 -24368 300
36 140 2.3 -24428 340
37 140 2.3 -24316 428
38 140 2.3 -24328 476
39 140 2.3 -24452 460
40 140 2.3 -24512 360
41 140 2.3 -24644 418
42 140 2.3 -24468 562
43 140 2.3 -24920 454
44 140 2.3 -24940 468
45 140 2.3 -24948 494
46 140 2.3 -25176 686
47 140 2.3 -25152 312
48 140 2.3 -24912 224
49 140 2.3 -24732 258
50 140 2.3 -24968 202
51 140 2.3 -24732 358
52 140 2.3 -24768 186
53 140 2.3 -24504 112
54 140 2.3 -24820 208
55 140 2.3 -24732 186
56 140 2.3 -24720 106
57 140 2.3 -24480 186
58 140 2.3 -24756 208
59 140 2.3 -25188 342
60 140 2.3 -25368 246
61 140 2.3 -25408 410
62 140 2.3 -25196 526
63 140 2.3 -25156 432
64 140 2.3 -25316 430
65 140 2.3 -24900 232
66 140 2.3 -24908 6
67 140 2.3 -25260 -54
68 140 2.3 -25260 -62
69 140 2.3 -25132 18
70 140 2.3 -25080 98
71 140 2.3 -25004 6
72 140 2.3 -25092 -120
73 140 2.3 -25068 -206
74 140 2.3 -25420 -58
75 140 2.3 -25464 -82
76 140 2.3 -25316 22
77 140 2.3 -25560 152
78 140 2.3 -25584 -12
79 140 2.3 -25392 -182
80 140 2.3 -25392 -296
81 140 2.3 -25316 -452
82 140 2.3 -25276 -714
83 140 2.3 -25424 -706
84 140 2.3 -25752 -728
85 140 2.3 -25636 -672
86 140 2.3 -25792 -628
88 140 2.3 -25468 -762
89 140 2.3 -25476 -722
90 140 2.3 -25008 -518
91 140 2.3 -25004 -448
92 140 2.3 -25440 -368
93 140 2.3 -25028 -426
95 140 2.3 -25444 -354
96 140 2.3 -25452 -214
97 140 2.3 -25816 -476
98 140 2.3 -25572 -548
99 140 2.3 -25380 -544
101 140 2.3 -25148 -608
102 140 2.3 -25264 -568
103 140 2.3 -25100 -400
105 140 2.3 -25436 -276
106 140 2.3 -25044 -244
107 140 2.3 -25248 -202
109 140 2.3 -24932 184
110 140 2.3 -24864 54
112 140 2.3 -25292 82
113 140 2.3 -25316 -196
114 140 2.3 -25428 -74
116 140 2.3 -25444 -284
117 140 2.3 -25332 -226
119 140 2.3 -25652 -426
120 140 2.3 -25064 -246
122 140 2.3 -25248 -398
124 140 2.3 -25264 -454
125 140 2.3 -25396 -592
127 140 2.3 -25480 -556
128 140 2.3 -25140 -548
130 140 2.3 -25164 -590
132 140 2.3 -25192 -518
133 140 2.3 -25512 -550
135 140 2.3 -25820 -620
137 140 2.3 -26032 -402
139 140 2.3 -25536 -780
140 140 2.3 -25656 -824
142 140 2.3 -25588 -1280
144 140 2.3 -25516 -1444
146 140 2.3 -25260 -1050
148 140 2.3 -25128 -928
150 140 2.3 -25088 -742
152 140 2.3 -25268 -506
154 140 2.3 -25388 -474
155 140 2.3 -25252 -250
157 140 2.3 -25772 -230
160 140 2.3 -25396 -568
162 140 2.3 -25480 -316
164 140 2.3 -25992 -186
166 140 2.3 -26224 -324
168 140 2.3 -25740 -502
170 140 2.3 -25736 -430
172 140 2.3 -25268 -370
174 140 2.3 -25592 -722
177 140 2.3 -25796 -462
179 140 2.3 -26028 -718
181 140 2.3 -26064 -672
184 140 2.3 -25524 -516
186 140 2.3 -25772 -656
188 140 2.3 -25948 -728
191 140 2.3 -26004 -566
193 140 2.3 -26312 -648
196 140 2.3 -26160 -608
198 140 2.3 -25828 -630
201 140 2.3 -26008 -814
203 140 2.3 -25908 -724
206 140 2.3 -25748 -972
209 140 2.3 -25564 -948
211 140 2.3 -25140 -632
214 140 2.3 -25716 -1012
217 140 2.3 -25484 -1152
220 140 2.3 -25480 -1078
222 140 2.3 -24960 -1062
225 140 2.3 -25008 -792
228 140 2.3 -25804 -712
231 140 2.3 -25900 -842
234 140 2.3 -25988 -590
237 140 2.3 -25752 -570
240 140 2.3 -25760 -714
243 140 2.3 -25656 -598
246 140 2.3 -25520 -822
250 140 2.3 -25820 -1024
253 140 2.3 -25548 -1346
256 140 2.3 -25508 -1070
259 140 2.3 -25116 -1202
263 140 2.3 -24944 -1418
266 140 2.3 -24908 -1662
269 140 2.3 -25012 -1298
273 140 2.3 -25068 -1542
276 140 2.3 -25188 -1428
280 140 2.3 -25532 -1298
284 140 2.3 -25204 -1154
287 140 2.3 -25128 -1024
291 140 2.3 -25264 -874
295 140 2.3 -25584 -898
298 140 2.3 -25620 -796
302 140 2.3 -25080 -1056
306 140 2.3 -25132 -930
310 140 2.3 -25136 -760
314 140 2.3 -25468 -416
318 140 2.3 -25604 -732
322 140 2.3 -25592 -1146
326 140 2.3 -25244 -1290
331 140 2.3 -25300 -1028
335 140 2.3 -25304 -1286
339 140 2.3 -25588 -986
344 140 2.3 -25924 -1024
348 140 2.3 -26112 -1320
352 140 2.3 -26124 -1240
357 140 2.3 -25568 -1328
362 140 2.3 -25896 -1510
366 140 2.3 -25540 -1348
371 140 2.3 -25572 -1366
376 140 2.3 -25420 -1704
381 140 2.3 -25508 -1866
385 140 2.3 -24840 -1862
390 140 2.3 -25100 -2178
395 140 2.3 -25460 -2258
401 140 2.3 -26012 -2158
406 140 2.3 -25492 -2030
411 140 2.3 -25724 -2190
416 140 2.3 -26292 -2450
422 140 2.3 -25952 -2698
427 140 2.3 -26140 -3000
433 140 2.3 -26384 -2712
438 140 2.3 -26372 -2910
444 140 2.3 -26012 -3450
449 140 2.3 -26728 -3288
455 140 2.3 -26156 -3232
461 140 2.3 -26208 -3914
467 140 2.3 -26612 -3798
473 140 2.3 -26460 -4156
479 140 2.3 -26564 -4450
485 140 2.3 -26436 -4216
492 140 2.3 -26428 -4488
498 140 2.3 -26560 -4108
504 140 2.3 -26720 -4178
511 140 2.3 -26696 -3770
517 140 2.3 -26092 -3266
524 140 2.3 -26388 -3696
531 140 2.3 -26524 -3706
538 140 2.3 -26308 -3864
545 140 2.3 -26220 -3856
552 140 2.3 -26296 -3686
559 140 2.3 -26252 -4048
566 140 2.3 -26216 -4166
573 140 2.3 -26316 -4028
581 140 2.3 -25752 -3602
588 140 2.3 -26424 -4246
596 140 2.3 -26500 -3846
603 140 2.3 -26352 -3730
611 140 2.3 -26424 -3954
619 140 2.3 -26084 -3998
627 140 2.3 -26464 -3578
635 140 2.3 -25952 -4096
643 140 2.3 -26684 -4042
652 140 2.3 -26516 -3902
660 140 2.3 -26500 -4442
668 140 2.3 -25996 -4398
677 140 2.3 -26024 -4796
686 140 2.3 -26048 -5032
695 140 2.3 -26504 -5612
704 140 2.3 -26164 -5352
713 140 2.3 -26084 -5928
722 140 2.3 -25720 -5402
731 140 2.3 -25772 -5162
741 140 2.3 -25876 -5348
750 140 2.3 -26024 -5796
760 140 2.3 -25760 -5792
770 140 2.3 -26000 -5906
780 140 2.3 -25860 -5028
790 140 2.3 -26200 -4832
800 140 2.3 -25868 -4762
810 140 2.3 -26232 -5284
821 140 2.3 -25924 -5568
831 140 2.3 -26656 -6156
842 140 2.3 -26424 -5420
853 140 2.3 -26884 -5092
864 140 2.3 -26204 -5044
875 140 2.3 -26664 -5200
886 140 2.3 -26196 -5058
897 140 2.3 -26476 -4328
909 140 2.3 -26064 -4580
921 140 2.3 -25840 -4696
933 140 2.3 -25860 -4490
945 140 2.3 -25716 -4700
957 140 2.3 -25772 -4488
969 140 2.3 -25996 -5506
982 140 2.3 -25620 -5126
994 140 2.3 -26372 -5138
1007 140 2.3 -26424 -4660
1020 140 2.3 -26124 -4092
1033 140 2.3 -25920 -3720
1047 140 2.3 -26232 -3774
1060 140 2.3 -26288 -4062
1074 140 2.3 -26044 -4044
1088 140 2.3 -26120 -4646
1102 140 2.3 -26696 -4520
1116 140 2.3 -25852 -3870
1130 140 2.3 -26272 -3612
1145 140 2.3 -26240 -3206
1160 140 2.3 -25740 -3788
1174 140 2.3 -25492 -3374
1190 140 2.3 -25532 -3624
1205 140 2.3 -25884 -3154
1220 140 2.3 -25800 -2520
1236 140 2.3 -26012 -2922
1252 140 2.3 -26384 -2162
1268 140 2.3 -26636 -2030
1285 140 2.3 -26384 -1602
1301 140 2.3 -26096 -2500
1318 140 2.3 -26660 -2068
1335 140 2.3 -26344 -1684
1352 140 2.3 -26748 -1012
1370 140 2.3 -26424 -1026
1387 140 2.3 -26164 -976
1405 140 2.3 -25544 -1156
1423 140 2.3 -26024 -1390
1442 140 2.3 -26224 -992
1460 140 2.3 -25988 -1370
1479 140 2.3 -26476 -2436
1498 140 2.3 -26068 -3640
1517 140 2.3 -26312 -3246
1537 140 2.3 -26572 -3914
1557 140 2.3 -26144 -4542
1577 140 2.3 -26144 -4556
1597 140 2.3 -25848 -4472
1618 140 2.3 -26132 -4400
1639 140 2.3 -26152 -4678
1660 140 2.3 -26348 -4762
1681 140 2.3 -26324 -5306
1703 140 2.3 -26668 -5180
1725 140 2.3 -26112 -5142
1747 140 2.3 -25996 -5092
1770 140 2.3 -25932 -5176
1792 140 2.3 -25816 -5224
1816 140 2.3 -26352 -5464
1839 140 2.3 -26484 -5436
1863 140 2.3 -26268 -5554
1887 140 2.3 -26716 -5706
1911 140 2.3 -26408 -6040
1936 140 2.3 -26564 -5436
1961 140 2.3 -26496 -6362
1986 140 2.3 -26832 -6362
2012 140 2.3 -26700 -6310
2037 140 2.3 -27076 -6410
2064 140 2.3 -27132 -6982
2090 140 2.3 -27176 -7108
2117 140 2.3 -27548 -6736
2145 140 2.3 -26612 -7214
2172 140 2.3 -26604 -8320
2200 140 2.3 -27340 -7610
2229 140 2.3 -26896 -7472
2257 140 2.3 -27344 -8018
2286 140 2.3 -26716 -7328
2316 140 2.3 -26692 -7240
2346 140 2.3 -26716 -8094
2376 140 2.3 -26748 -8256
2407 140 2.3 -27696 -8918
2438 140 2.3 -26564 -8218
2469 140 2.3 -26336 -8184
2501 140 2.3 -26960 -8016
2533 140 2.3 -26688 -7762
2566 140 2.3 -26428 -7358
2599 140 2.3 -26684 -8120
2633 140 2.3 -26288 -8202
2667 140 2.3 -26916 -8074
2701 140 2.3 -27188 -9078
2736 140 2.3 -27368 -9900
2771 140 2.3 -26900 -9244
2807 140 2.3 -26504 -8360
2843 140 2.3 -26032 -8006
2880 140 2.3 -26044 -8442
2917 140 2.3 -25788 -9528
2954 140 2.3 -26408 -10114
2992 140 2.3 -26944 -11426
3031 140 2.3 -26844 -10486
3070 140 2.3 -26916 -10656
3110 140 2.3 -27228 -10214
3150 140 2.3 -26788 -9818
3190 140 2.3 -26880 -10920
3232 140 2.3 -27220 -10408
3273 140 2.3 -26900 -10564
3315 140 2.3 -26880 -9654
3358 140 2.3 -26284 -8640
3402 140 2.3 -26432 -8664
3445 140 2.3 -25656 -8126
3490 140 2.3 -26488 -10004
3535 140 2.3 -26656 -10378
3580 140 2.3 -27080 -10640
3627 140 2.3 -26664 -10150
3673 140 2.3 -26380 -8896
3721 140 2.3 -26520 -8554
3769 140 2.3 -27004 -9312
3817 140 2.3 -26444 -8670
3867 140 2.3 -25984 -7134
3916 140 2.3 -25572 -7334
3967 140 2.3 -26056 -7916
4018 140 2.3 -25876 -7120
4070 140 2.3 -26324 -7588
4122 140 2.3 -26272 -6990
4176 140 2.3 -26192 -6262
4229 140 2.3 -26280 -6404
4284 140 2.3 -26508 -7616
4339 140 2.3 -26056 -7602
4395 140 2.3 -26928 -7102
4452 140 2.3 -26240 -6460
4509 140 2.3 -26316 -5840
4567 140 2.3 -26108 -6340
4626 140 2.3 -26492 -6972
4686 140 2.3 -26188 -6888
4746 140 2.3 -26672 -7370
4808 140 2.3 -26292 -5938
4870 140 2.3 -26356 -4800
4932 140 2.3 -25924 -4408
4996 140 2.3 -26352 -3728
5060 140 2.3 -26716 -3956
5126 140 2.3 -26136 -3220
5192 140 2.3 -25692 -4312
5259 140 2.3 -25996 -4428
5327 140 2.3 -25520 -3590
5395 140 2.3 -26100 -4802
5465 140 2.3 -26172 -3666
5535 140 2.3 -26588 -5016
5607 140 2.3 -26232 -4878
5679 140 2.3 -26480 -3482
5752 140 2.3 -25908 -3404
5826 140 2.3 -26048 -4124
5902 140 2.3 -25216 -2390
5978 140 2.3 -25656 -2314
6055 140 2.3 -26364 -2600
6133 140 2.3 -26100 -4384
6212 140 2.3 -25588 -3824
6292 140 2.3 -25992 -4624
6373 140 2.3 -26312 -4258
6455 140 2.3 -25992 -2860
6539 140 2.3 -25900 -3586
6623 140 2.3 -26648 -3696
6708 140 2.3 -26228 -2042
6795 140 2.3 -26348 -2300
6883 140 2.3 -26180 -1432
6971 140 2.3 -26656 -1342
7061 140 2.3 -26168 136
7152 140 2.3 -26620 -968
7245 140 2.3 -26176 -448
7338 140 2.3 -25780 792
7433 140 2.3 -25892 650
7529 140 2.3 -26736 -1282
7626 140 2.3 -26476 -1508
7724 140 2.3 -26444 -2536
7824 140 2.3 -26488 -2070
7925 140 2.3 -25888 1062
8027 140 2.3 -26164 2002
8130 140 2.3 -25868 1970
8235 140 2.3 -25892 3556
8341 140 2.3 -26164 2496
8449 140 2.3 -26016 1284
8558 140 2.3 -25740 2820
8668 140 2.3 -25756 3352
8780 140 2.3 -26292 2890
8893 140 2.3 -26268 3246
9008 140 2.3 -25908 4570
9124 140 2.3 -26040 5142
9242 140 2.3 -26012 3922
9361 140 2.3 -26004 4762
9482 140 2.3 -26284 6488
9604 140 2.3 -26640 5196
9728 140 2.3 -25932 5452
9853 140 2.3 -26420 4764
9980 140 2.3 -26584 4510
10109 140 2.3 -25756 4594
10240 140 2.3 -25656 5360
10372 140 2.3 -25804 4274
10505 140 2.3 -25072 5438
10641 140 2.3 -26368 7398
10778 140 2.3 -26264 8002
10917 140 2.3 -27444 9656
11058 140 2.3 -26844 9476
11201 140 2.3 -26920 9974
11345 140 2.3 -26096 8452
11491 140 2.3 -26852 8892
11640 140 2.3 -27232 9650
11790 140 2.3 -27392 9860
11942 140 2.3 -27172 8926
12096 140 2.3 -26744 9674
12252 140 2.3 -26400 8796
12410 140 2.3 -27028 9492
12570 140 2.3 -26392 7418
12732 140 2.3 -26004 4126
12896 140 2.3 -25912 3532
13062 140 2.3 -26492 1962
13231 140 2.3 -26412 -274
13402 140 2.3 -26384 1848
13574 140 2.3 -25476 1156
13750 140 2.3 -26012 3026
13927 140 2.3 -25836 4028
14106 140 2.3 -27028 3222
14288 140 2.3 -25788 2282
14473 140 2.3 -26748 4260
14659 140 2.3 -26108 2954
14848 140 2.3 -26580 3848
15040 140 2.3 -26224 2240
15234 140 2.3 -26692 2528
15430 140 2.3 -26304 2756
15629 140 2.3 -26240 4154
15831 140 2.3 -26460 4960
16035 140 2.3 -26176 5044
16242 140 2.3 -25428 4382
16451 140 2.3 -25448 7584
16664 140 2.3 -26636 7356
16879 140 2.3 -26256 6318
17096 140 2.3 -25924 4226
17317 140 2.3 -25968 1938
17540 140 2.3 -25828 1450
17766 140 2.3 -25896 -378
17995 140 2.3 -26240 922
18228 140 2.3 -25492 32
18463 140 2.3 -25240 1024
18701 140 2.3 -26904 2712
18942 140 2.3 -26304 4068
19186 140 2.3 -26824 4976
19434 140 2.3 -26300 6060
19684 140 2.3 -26300 6126
19938 140 2.3 -26360 6592
20195 140 2.3 -26640 6502
20456 140 2.3 -25688 5848
20720 140 2.3 -25964 5188
20987 140 2.3 -26516 7812
21258 140 2.3 -26080 7232
21532 140 2.3 -26328 5924
21810 140 2.3 -26336 6768
22091 140 2.3 -25404 6110
22376 140 2.3 -26688 6908
22664 140 2.3 -26696 6496
22957 140 2.3 -25756 3104
23253 140 2.3 -25996 3962
23553 140 2.3 -26344 5536
23856 140 2.3 -25724 5772
24164 140 2.3 -26596 8370
24476 140 2.3 -26676 9272
24791 140 2.3 -26340 10622
25111 140 2.3 -27232 12472
25435 140 2.3 -26772 10592
25763 140 2.3 -26340 8912
26095 140 2.3 -26660 9316
26432 140 2.3 -26096 7872
26773 140 2.3 -26792 9130
27118 140 2.3 -26500 9232
27468 140 2.3 -26364 8162
27822 140 2.3 -26712 8634
28181 140 2.3 -26536 9260
28545 140 2.3 -26804 8720
28913 140 2.3 -26584 7796
29286 140 2.3 -26324 4154
29663 140 2.3 -26604 3606
30046 140 2.3 -25784 734
30434 140 2.3 -25936 2208
30826 140 2.3 -25828 3262
31224 140 2.3 -26244 934
31626 140 2.3 -26872 1132
32034 140 2.3 -25928 -1072
32447 140 2.3 -26468 -3506
32866 140 2.3 -26644 -1660
33290 140 2.3 -26224 -2710
33719 140 2.3 -26268 -2720
34154 140 2.3 -26268 -3138
34595 140 2.3 -26424 -4894
35041 140 2.3 -26752 -4750
35493 140 2.3 -26448 -5574
35951 140 2.3 -26028 -2794
36414 140 2.3 -26316 -3748
36884 140 2.3 -26136 -2380
37360 140 2.3 -26340 -3392
37841 140 2.3 -26732 -6386
38330 140 2.3 -26764 -8298
38824 140 2.3 -25972 -7454
39325 140 2.3 -26184 -6732
39832 140 2.3 -26648 -6854
40346 140 2.3 -25804 -6720
40866 140 2.3 -26332 -6400
41393 140 2.3 -26664 -6120
41927 140 2.3 -26516 -7992
42468 140 2.3 -26960 -10062
43015 140 2.3 -26144 -8492
43570 140 2.3 -26228 -8110
44132 140 2.3 -27044 -11492
44701 140 2.3 -26420 -11080
45278 140 2.3 -27140 -11178
45862 140 2.3 -26824 -10414
46453 140 2.3 -26004 -6628
47053 140 2.3 -26080 -5612
47660 140 2.3 -26096 -9408
48274 140 2.3 -26868 -9916
48897 140 2.3 -25864 -8474
49528 140 2.3 -26784 -6832
50166 140 2.3 -25860 -4316
50813 140 2.3 -26144 -6298
51469 140 2.3 -26384 -7156
52133 140 2.3 -26356 -7774
52805 140 2.3 -27392 -9418
53486 140 2.3 -26112 -6376
54176 140 2.3 -26952 -9172
54875 140 2.3 -26956 -10672
55582 140 2.3 -26004 -8448
56299 140 2.3 -26536 -9238
57025 140 2.3 -26708 -10354
57761 140 2.3 -26204 -8902
58506 140 2.3 -26504 -6958
59261 140 2.3 -26876 -3568
60025 140 2.3 -25708 -3292
60799 140 2.3 -26040 -4894
61583 140 2.3 -25480 -5506
62378 140 2.3 -26900 -7900
63182 140 2.3 -27260 -11104
63997 140 2.3 -26984 -5996
64822 140 2.3 -26460 -2420
65658 140 2.3 -26488 -1984
66505 140 2.3 -26168 -1590
67363 140 2.3 -26344 -1068
68232 140 2.3 -26736 2652
69112 140 2.3 -26224 2758
70003 140 2.3 -27040 4142
70906 140 2.3 -26352 -5536
71821 140 2.3 -26088 -4100
72747 140 2.3 -26656 -1842
73685 140 2.3 -25920 224
74636 140 2.3 -26624 7822
75599 140 2.3 -26476 5712
76574 140 2.3 -26512 3856
77561 140 2.3 -26836 7588
78562 140 2.3 -26232 7966
79575 140 2.3 -26772 8300
80601 140 2.3 -26856 7932
81641 140 2.3 -26576 6300
82694 140 2.3 -25976 1866
83760 140 2.3 -26112 -3936
84841 140 2.3 -25832 1696
85935 140 2.3 -26396 480
87043 140 2.3 -25884 -2074
88166 140 2.3 -26800 -2752
89303 140 2.3 -26584 -122
90455 140 2.3 -25936 -1338
91622 140 2.3 -26564 542
92803 140 2.3 -26128 62
94000 140 2.3 -26320 -886
95213 140 2.3 -26492 -2124
96441 140 2.3 -26232 2642
97685 140 2.3 -25380 804
98945 140 2.3 -25760 -2850
100221 140 2.3 -25756 -1696
101513 140 2.3 -26428 -9258
102823 140 2.3 -27444 -10998
104149 140 2.3 -26504 -6038
105492 140 2.3 -25944 -2294
106853 140 2.3 -25520 2078
108231 140 2.3 -26208 3180
109627 140 2.3 -25944 5464
111041 140 2.3 -26408 6434
112473 140 2.3 -26160 4074
113924 140 2.3 -26080 4542
115393 140 2.3 -27004 6564
116882 140 2.3 -26568 7328
118389 140 2.3 -26716 4578
119916 140 2.3 -27932 9904
121463 140 2.3 -26736 8242
123029 140 2.3 -27600 10644
124616 140 2.3 -27464 11010
126224 140 2.3 -26340 7044
127852 140 2.3 -26752 10816
129501 140 2.3 -25748 5062
131171 140 2.3 -25596 7730
132863 140 2.3 -26908 7594
134576 140 2.3 -26276 6810
136312 140 2.3 -26232 5092
138070 140 2.3 -26460 4476
139851 140 2.3 -26332 4820
141655 140 2.3 -26356 1340
143482 140 2.3 -26600 -1526
145333 140 2.3 -25988 -2038
147207 140 2.3 -26152 -2234
149106 140 2.3 -25652 -770
151029 140 2.3 -26824 -1478
152977 140 2.3 -26616 -782
154950 140 2.3 -25636 3416
156948 140 2.3 -26332 -444
158973 140 2.3 -26040 1088
161023 140 2.3 -25968 -2150
163100 140 2.3 -25656 -3382
165204 140 2.3 -25384 -2588
167334 140 2.3 -26548 -6860
169493 140 2.3 -26536 -5480
171679 140 2.3 -26708 -4736
173893 140 2.3 -26144 -6990
176136 140 2.3 -26952 -11120
178408 140 2.3 -26340 -8716
180709 140 2.3 -26612 -9162
183040 140 2.3 -26824 -9874
185400 140 2.3 -26360 -234
187792 140 2.3 -26312 396
190214 140 2.3 -26216 -1830
192667 140 2.3 -25624 -6726
195152 140 2.3 -25896 -5494
197669 140 2.3 -25748 -2074
200219 140 2.3 -26560 5298
202801 140 2.3 -26624 8454
205417 140 2.3 -27248 8342
208066 140 2.3 -27116 8072
210750 140 2.3 -26248 416
213468 140 2.3 -26388 4510
216222 140 2.3 -26236 9060
219010 140 2.3 -26576 -314
221835 140 2.3 -25500 -1510
224696 140 2.3 -25432 -2700
227595 140 2.3 -26680 -6850
230530 140 2.3 -25980 -4934
233503 140 2.3 -26320 -6914
236515 140 2.3 -26492 -5878
239566 140 2.3 -27032 6254
242656 140 2.3 -26608 3296
245785 140 2.3 -26136 -2896
248956 140 2.3 -26460 7380
252167 140 2.3 -27260 11394
255419 140 2.3 -26096 6466
258713 140 2.3 -26972 3668
262050 140 2.3 -26364 394
265430 140 2.3 -27404 7794
268854 140 2.3 -26172 -524
272321 140 2.3 -25960 -3506
275834 140 2.3 -26408 -5714
279391 140 2.3 -26276 -3968
282995 140 2.3 -26168 -3118
286645 140 2.3 -26576 7544
290342 140 2.3 -26708 1366
294087 140 2.3 -26500 9452
297880 140 2.3 -26304 7790
301722 140 2.3 -25712 9150
305614 140 2.3 -26568 8566
309556 140 2.3 -28096 12368
313548 140 2.3 -26676 6004
317592 140 2.3 -26960 10060
321689 140 2.3 -26648 646
325838 140 2.3 -26084 674
330040 140 2.3 -25980 8290
334297 140 2.3 -25888 -12
338609 140 2.3 -26336 8696
342976 140 2.3 -26364 -5494
347400 140 2.3 -25724 5334
351881 140 2.3 -26264 5046
356419 140 2.3 -26324 5840
361016 140 2.3 -25484 3998
365673 140 2.3 -26084 -5320
370389 140 2.3 -26624 -3892
375167 140 2.3 -26656 -9898
380005 140 2.3 -27040 -9864
384907 140 2.3 -27316 -8046
389871 140 2.3 -26392 -4170
394900 140 2.3 -26596 -6622
399993 140 2.3 -26216 -8720
405152 140 2.3 -26268 -7580
410378 140 2.3 -26848 200
415671 140 2.3 -26824 5766
421032 140 2.3 -26552 6132
426463 140 2.3 -26044 -532
431963 140 2.3 -26492 5794
437535 140 2.3 -26728 10360
443178 140 2.3 -26604 10530
448894 140 2.3 -26232 5478
454684 140 2.3 -26212 4576
460548 140 2.3 -26224 6752
466489 140 2.3 -26320 4438
472505 140 2.3 -26420 1482
478600 140 2.3 -26164 5156
484773 140 2.3 -26092 4504
491025 140 2.3 -26868 8730
497358 140 2.3 -25520 -4096
503773 140 2.3 -25592 -16
510271 140 2.3 -26144 4330
516852 140 2.3 -25880 -640
523519 140 2.3 -26456 -282
530271 140 2.3 -25980 2852
537111 140 2.3 -26672 -7868
544038 140 2.3 -25928 -4402
551055 140 2.3 -26816 -4534
558163 140 2.3 -26232 978
565362 140 2.3 -26188 2020
572654 140 2.3 -25668 -2526
580040 140 2.3 -25648 -4044
587521 140 2.3 -26560 -6868
595099 140 2.3 -25504 -1634
602775 140 2.3 -26304 -8470
610549 140 2.3 -26352 -6044
618424 140 2.3 -26684 -9348
626400 140 2.3 -26384 -6812
634480 140 2.3 -26320 2078
642663 140 2.3 -26456 5920
650952 140 2.3 -27060 7586
659348 140 2.3 -25688 -3496
667853 140 2.3 -26288 -5160
676467 140 2.3 -26828 7838
685192 140 2.3 -27200 3388
694029 140 2.3 -26204 -1638
702981 140 2.3 -26512 -5490
712048 140 2.3 -26564 -5958
721232 140 2.3 -27216 -11508
730534 140 2.3 -25808 -844
739957 140 2.3 -26308 -8154
749500 140 2.3 -26756 -2484
759168 140 2.3 -26560 8914
768959 140 2.3 -25996 -4974
778877 140 2.3 -27040 -1734
788923 140 2.3 -27092 -8874
799099 140 2.3 -26328 -3566
809405 140 2.3 -25888 1748
819845 140 2.3 -26420 -6160
830419 140 2.3 -26292 -4868
841130 140 2.3 -26148 2792
851979 140 2.3 -25940 -4286
862968 140 2.3 -25872 -1700
874098 140 2.3 -27004 -884
885373 140 2.3 -26000 3104
896792 140 2.3 -26408 1448
908359 140 2.3 -26224 7714
920075 140 2.3 -26280 -1374
931942 140 2.3 -25736 -6156
943962 140 2.3 -26608 286
956137 140 2.3 -25908 -3366
968470 140 2.3 -26300 -7996
980961 140 2.3 -26300 -3198
993613 140 2.3 -26348 5492
999999 140 2.3 -26804 9522
