3 60 2 -3724 340
4 60 2 -4036 372
5 60 2 -4188 422
6 60 2 -4432 448
7 60 2 -4588 590
8 60 2 -4664 544
9 60 2 -4724 518
10 60 2 -4712 518
11 60 2 -4896 554
12 60 2 -4996 554
13 60 2 -4996 582
14 60 2 -5072 574
15 60 2 -5084 598
16 60 2 -5124 620
17 60 2 -5108 562
18 60 2 -5004 574
19 60 2 -5168 498
20 60 2 -5300 540
21 60 2 -5256 584
22 60 2 -5320 582
23 60 2 -5264 580
24 60 2 -5180 564
25 60 2 -5176 592
26 60 2 -5296 616
27 60 2 -5248 680
28 60 2 -5208 732
29 60 2 -5364 660
30 60 2 -5376 708
31 60 2 -5376 712
32 60 2 -5404 750
33 60 2 -5380 754
34 60 2 -5452 728
35 60 2 -5536 754
36 60 2 -5660 768
37 60 2 -5576 758
38 60 2 -5580 762
39 60 2 -5420 714
40 60 2 -5444 698
41 60 2 -5484 676
42 60 2 -5420 720
43 60 2 -5436 732
44 60 2 -5432 702
45 60 2 -5544 634
46 60 2 -5600 592
47 60 2 -5560 676
48 60 2 -5560 644
49 60 2 -5444 606
50 60 2 -5448 634
51 60 2 -5400 640
52 60 2 -5400 682
53 60 2 -5508 672
54 60 2 -5460 694
55 60 2 -5508 714
56 60 2 -5572 796
57 60 2 -5592 756
58 60 2 -5556 708
59 60 2 -5452 738
60 60 2 -5400 766
61 60 2 -5356 768
62 60 2 -5476 692
63 60 2 -5536 666
64 60 2 -5528 682
65 60 2 -5532 698
66 60 2 -5496 730
67 60 2 -5576 678
68 60 2 -5604 752
69 60 2 -5640 666
70 60 2 -5588 582
71 60 2 -5672 666
72 60 2 -5640 724
73 60 2 -5744 662
74 60 2 -5676 678
75 60 2 -5648 700
76 60 2 -5664 702
77 60 2 -5660 676
78 60 2 -5684 656
79 60 2 -5608 678
80 60 2 -5644 646
81 60 2 -5732 698
82 60 2 -5804 712
83 60 2 -5764 748
84 60 2 -5708 806
85 60 2 -5740 756
86 60 2 -5756 720
88 60 2 -5788 780
89 60 2 -5720 826
90 60 2 -5752 774
91 60 2 -5580 740
92 60 2 -5592 822
93 60 2 -5624 774
95 60 2 -5596 876
96 60 2 -5648 894
97 60 2 -5628 892
98 60 2 -5492 908
99 60 2 -5560 918
101 60 2 -5652 898
102 60 2 -5660 918
103 60 2 -5508 920
105 60 2 -5680 956
106 60 2 -5748 990
107 60 2 -5716 996
109 60 2 -5664 1002
110 60 2 -5684 1080
112 60 2 -5636 1096
113 60 2 -5688 1122
114 60 2 -5604 1094
116 60 2 -5584 1076
117 60 2 -5796 1114
119 60 2 -5628 1170
120 60 2 -5600 1168
122 60 2 -5736 1242
124 60 2 -5736 1308
125 60 2 -5696 1344
127 60 2 -5856 1368
128 60 2 -5856 1406
130 60 2 -5812 1300
132 60 2 -5908 1340
133 60 2 -5864 1322
135 60 2 -5832 1276
137 60 2 -5880 1266
139 60 2 -5852 1322
140 60 2 -5772 1278
142 60 2 -5796 1194
144 60 2 -5808 1274
146 60 2 -5844 1164
148 60 2 -5820 1226
150 60 2 -5948 1240
152 60 2 -5820 1172
154 60 2 -5656 1146
155 60 2 -5736 1170
157 60 2 -5708 1248
160 60 2 -5840 1244
162 60 2 -5776 1178
164 60 2 -5892 1186
166 60 2 -5840 1082
168 60 2 -5860 1114
170 60 2 -5856 1234
172 60 2 -5804 1150
174 60 2 -5892 1188
177 60 2 -5832 1140
179 60 2 -5908 1022
181 60 2 -5728 972
184 60 2 -5760 996
186 60 2 -5652 956
188 60 2 -5764 900
191 60 2 -5684 1004
193 60 2 -5752 1058
196 60 2 -5816 1128
198 60 2 -5836 1110
201 60 2 -5644 980
203 60 2 -5604 1016
206 60 2 -5620 1028
209 60 2 -5696 1052
211 60 2 -5604 1094
214 60 2 -5668 1136
217 60 2 -5800 1186
220 60 2 -5792 1086
222 60 2 -5788 1192
225 60 2 -5736 1216
228 60 2 -5680 1288
231 60 2 -5708 1278
234 60 2 -5780 1260
237 60 2 -5800 1150
240 60 2 -5836 1124
243 60 2 -5864 1202
246 60 2 -5872 1266
250 60 2 -5976 1368
253 60 2 -5952 1342
256 60 2 -5800 1274
259 60 2 -5924 1276
263 60 2 -5980 1352
266 60 2 -5880 1262
269 60 2 -5956 1204
273 60 2 -5964 1264
276 60 2 -5844 1152
280 60 2 -5816 1192
284 60 2 -6080 1204
287 60 2 -5972 1058
291 60 2 -5872 1166
295 60 2 -5780 1122
298 60 2 -5900 1128
302 60 2 -5916 1074
306 60 2 -6060 1042
310 60 2 -5940 1050
314 60 2 -6028 1134
318 60 2 -5888 1062
322 60 2 -5876 1156
326 60 2 -5960 1178
331 60 2 -5984 1220
335 60 2 -6060 1214
339 60 2 -5832 1096
344 60 2 -5648 1172
348 60 2 -5700 1152
352 60 2 -5968 1266
357 60 2 -5968 1352
362 60 2 -6000 1170
366 60 2 -5832 1166
371 60 2 -5876 1108
376 60 2 -5960 1166
381 60 2 -6032 1352
385 60 2 -5812 1254
390 60 2 -5852 1240
395 60 2 -5848 1248
401 60 2 -5872 1230
406 60 2 -5904 1294
411 60 2 -5884 1446
416 60 2 -5828 1476
422 60 2 -5876 1432
427 60 2 -5764 1502
433 60 2 -5812 1492
438 60 2 -5812 1724
444 60 2 -5876 1596
449 60 2 -5852 1650
455 60 2 -5748 1622
461 60 2 -5992 1596
467 60 2 -5800 1488
473 60 2 -5876 1504
479 60 2 -5996 1444
485 60 2 -5864 1344
492 60 2 -5900 1436
498 60 2 -5972 1348
504 60 2 -5744 1396
511 60 2 -5944 1480
517 60 2 -5956 1426
524 60 2 -5888 1474
531 60 2 -5900 1512
538 60 2 -5904 1454
545 60 2 -5972 1372
552 60 2 -6024 1468
559 60 2 -6008 1324
566 60 2 -6052 1310
573 60 2 -5972 1284
581 60 2 -5796 1376
588 60 2 -5724 1304
596 60 2 -5836 1266
603 60 2 -5888 1260
611 60 2 -5996 1212
619 60 2 -5840 1242
627 60 2 -5772 1102
635 60 2 -5884 1104
643 60 2 -5788 1112
652 60 2 -5844 1110
660 60 2 -5792 1050
668 60 2 -5900 1142
677 60 2 -5928 1046
686 60 2 -5824 928
695 60 2 -5904 1114
704 60 2 -5776 1248
713 60 2 -5772 1322
722 60 2 -5908 1366
731 60 2 -5884 1440
741 60 2 -5916 1602
750 60 2 -5952 1488
760 60 2 -5804 1508
770 60 2 -5820 1484
780 60 2 -5996 1600
790 60 2 -5848 1532
800 60 2 -5980 1364
810 60 2 -5980 1296
821 60 2 -5832 1426
831 60 2 -5864 1488
842 60 2 -6040 1718
853 60 2 -5968 1758
864 60 2 -5968 1656
875 60 2 -5976 1678
886 60 2 -5984 1622
897 60 2 -5844 1664
909 60 2 -5920 1796
921 60 2 -5860 1798
933 60 2 -6016 1992
945 60 2 -6000 2028
957 60 2 -6036 2096
969 60 2 -5896 2208
982 60 2 -6028 2270
994 60 2 -5956 2270
1007 60 2 -5832 2130
1020 60 2 -6072 2208
1033 60 2 -5944 2198
1047 60 2 -5924 2204
1060 60 2 -5940 2174
1074 60 2 -5856 2144
1088 60 2 -5768 2354
1102 60 2 -5988 2522
1116 60 2 -6048 2436
1130 60 2 -6156 2402
1145 60 2 -5856 2428
1160 60 2 -6044 2602
1174 60 2 -6120 2624
1190 60 2 -6092 2396
1205 60 2 -5996 2450
1220 60 2 -6004 2568
1236 60 2 -6088 2596
1252 60 2 -6096 2720
1268 60 2 -6144 2858
1285 60 2 -6072 2894
1301 60 2 -6028 2968
1318 60 2 -6284 3162
1335 60 2 -6272 3168
1352 60 2 -6380 3230
1370 60 2 -6364 3278
1387 60 2 -6212 3170
1405 60 2 -6136 3202
1423 60 2 -6324 3280
1442 60 2 -6140 3216
1460 60 2 -6400 3348
1479 60 2 -6296 3276
1498 60 2 -6392 3322
1517 60 2 -6416 3354
1537 60 2 -6192 3260
1557 60 2 -6216 3264
1577 60 2 -6392 3358
1597 60 2 -6268 3286
1618 60 2 -6316 3290
1639 60 2 -6212 3238
1660 60 2 -6248 3228
1681 60 2 -6540 3378
1703 60 2 -6356 3336
1725 60 2 -6260 3266
1747 60 2 -6004 3168
1770 60 2 -6392 3340
1792 60 2 -6384 3332
1816 60 2 -6304 3272
1839 60 2 -6252 3242
1863 60 2 -6324 3302
1887 60 2 -6268 3288
1911 60 2 -6304 3304
1936 60 2 -6300 3300
1961 60 2 -6420 3326
1986 60 2 -6308 3264
2012 60 2 -6344 3312
2037 60 2 -6312 3266
2064 60 2 -6308 3292
2090 60 2 -6208 3216
2117 60 2 -6524 3382
2145 60 2 -6120 3200
2172 60 2 -6396 3344
2200 60 2 -6252 3232
2229 60 2 -6356 3312
2257 60 2 -6316 3296
2286 60 2 -6396 3346
2316 60 2 -6348 3308
2346 60 2 -6220 3280
2376 60 2 -6244 3272
2407 60 2 -6364 3312
2438 60 2 -6420 3336
2469 60 2 -6316 3284
2501 60 2 -6472 3366
2533 60 2 -6308 3294
2566 60 2 -6324 3302
2599 60 2 -6332 3292
2633 60 2 -6520 3404
2667 60 2 -6160 3192
2701 60 2 -6220 3258
2736 60 2 -6396 3342
2771 60 2 -6304 3314
2807 60 2 -6268 3294
2843 60 2 -6288 3260
2880 60 2 -6468 3322
2917 60 2 -6228 3278
2954 60 2 -6284 3254
2992 60 2 -6228 3250
3031 60 2 -6368 3328
3070 60 2 -6364 3316
3110 60 2 -6332 3270
3150 60 2 -6216 3228
3190 60 2 -6280 3278
3232 60 2 -6296 3274
3273 60 2 -6252 3242
3315 60 2 -6052 3212
3358 60 2 -6376 3350
3402 60 2 -6312 3282
3445 60 2 -6312 3262
3490 60 2 -6236 3256
3535 60 2 -6392 3340
3580 60 2 -6384 3326
3627 60 2 -6396 3294
3673 60 2 -6140 3212
3721 60 2 -6440 3376
3769 60 2 -6236 3262
3817 60 2 -6280 3246
3867 60 2 -6424 3364
3916 60 2 -6324 3312
3967 60 2 -6384 3354
4018 60 2 -6336 3304
4070 60 2 -6324 3296
4122 60 2 -6320 3326
4176 60 2 -6432 3350
4229 60 2 -6316 3240
4284 60 2 -6396 3296
4339 60 2 -6168 3230
4395 60 2 -6264 3272
4452 60 2 -6220 3272
4509 60 2 -6164 3198
4567 60 2 -6112 3210
4626 60 2 -6352 3330
4686 60 2 -6284 3290
4746 60 2 -6208 3262
4808 60 2 -6176 3256
4870 60 2 -6248 3266
4932 60 2 -6212 3266
4996 60 2 -6236 3224
5060 60 2 -6156 3250
5126 60 2 -6168 3260
5192 60 2 -6420 3346
5259 60 2 -6144 3210
5327 60 2 -6252 3292
5395 60 2 -6388 3328
5465 60 2 -6372 3326
5535 60 2 -6300 3292
5607 60 2 -6036 3160
5679 60 2 -6188 3244
5752 60 2 -6352 3324
5826 60 2 -6272 3250
5902 60 2 -6080 3168
5978 60 2 -6268 3220
6055 60 2 -6356 3310
6133 60 2 -6164 3214
6212 60 2 -6280 3296
6292 60 2 -6080 3234
6373 60 2 -6364 3340
6455 60 2 -6292 3288
6539 60 2 -6028 2998
6623 60 2 -6364 3328
6708 60 2 -6220 3224
6795 60 2 -6208 3278
6883 60 2 -6340 3308
6971 60 2 -6320 3270
7061 60 2 -6156 3258
7152 60 2 -6312 3318
7245 60 2 -6196 3230
7338 60 2 -6388 3290
7433 60 2 -6140 3228
7529 60 2 -6256 3244
7626 60 2 -6312 3272
7724 60 2 -6360 3320
7824 60 2 -6424 3350
7925 60 2 -6380 3328
8027 60 2 -6248 3248
8130 60 2 -6288 3300
8235 60 2 -6292 3288
8341 60 2 -6352 3326
8449 60 2 -6272 3246
8558 60 2 -6296 3302
8668 60 2 -6364 3314
8780 60 2 -6520 3374
8893 60 2 -6296 3276
9008 60 2 -6300 3302
9124 60 2 -6368 3312
9242 60 2 -6144 3200
9361 60 2 -6372 3296
9482 60 2 -6400 3320
9604 60 2 -6320 3294
9728 60 2 -6264 3280
9853 60 2 -6308 3288
9980 60 2 -6208 3272
10109 60 2 -6316 3248
10240 60 2 -6032 3166
10372 60 2 -6400 3326
10505 60 2 -6144 3230
10641 60 2 -6292 3262
10778 60 2 -6060 3204
10917 60 2 -6192 3272
11058 60 2 -6308 3318
11201 60 2 -6244 3254
11345 60 2 -6240 3290
11491 60 2 -6320 3320
11640 60 2 -6248 3280
11790 60 2 -6056 3136
11942 60 2 -6464 3354
12096 60 2 -6336 3312
12252 60 2 -6308 3320
12410 60 2 -6128 3240
12570 60 2 -6332 3318
12732 60 2 -6184 3248
12896 60 2 -6272 3262
13062 60 2 -6220 3224
13231 60 2 -6252 3284
13402 60 2 -6368 3340
13574 60 2 -6284 3282
13750 60 2 -6400 3312
13927 60 2 -6332 3304
14106 60 2 -6200 3162
14288 60 2 -6320 3304
14473 60 2 -6316 3298
14659 60 2 -6356 3330
14848 60 2 -6248 3244
15040 60 2 -6236 3266
15234 60 2 -6276 3296
15430 60 2 -6356 3310
15629 60 2 -6388 3320
15831 60 2 -6216 3212
16035 60 2 -6328 3302
16242 60 2 -6308 3248
16451 60 2 -6156 3250
16664 60 2 -6352 3226
16879 60 2 -6316 3298
17096 60 2 -6352 3326
17317 60 2 -6268 3282
17540 60 2 -6364 3308
17766 60 2 -6124 3242
17995 60 2 -6488 3376
18228 60 2 -6380 3322
18463 60 2 -6288 3290
18701 60 2 -6300 3300
18942 60 2 -6248 3250
19186 60 2 -6160 3228
19434 60 2 -6252 3254
19684 60 2 -6228 3240
19938 60 2 -6216 3264
20195 60 2 -6336 3310
20456 60 2 -6160 3184
20720 60 2 -6272 3260
20987 60 2 -6372 3282
21258 60 2 -6236 3250
21532 60 2 -6236 3264
21810 60 2 -6148 3196
22091 60 2 -6296 3266
22376 60 2 -6376 3358
22664 60 2 -6304 3294
22957 60 2 -6360 3328
23253 60 2 -6440 3368
23553 60 2 -6196 3202
23856 60 2 -6400 3314
24164 60 2 -6452 3368
24476 60 2 -6340 3308
24791 60 2 -6380 3308
25111 60 2 -6280 3284
25435 60 2 -6172 3232
25763 60 2 -6324 3292
26095 60 2 -6280 3280
26432 60 2 -6408 3314
26773 60 2 -6264 3256
27118 60 2 -6412 3344
27468 60 2 -6200 3280
27822 60 2 -6284 3292
28181 60 2 -6120 3232
28545 60 2 -6288 3198
28913 60 2 -6212 3284
29286 60 2 -6256 3252
29663 60 2 -6528 3410
30046 60 2 -6308 3324
30434 60 2 -6212 3260
30826 60 2 -6376 3346
31224 60 2 -6440 3360
31626 60 2 -6176 3248
32034 60 2 -6316 3330
32447 60 2 -6276 3314
32866 60 2 -6380 3310
33290 60 2 -6132 3202
33719 60 2 -6224 3266
34154 60 2 -6316 3278
34595 60 2 -6420 3354
35041 60 2 -6312 3318
35493 60 2 -6232 3264
35951 60 2 -6276 3276
36414 60 2 -6412 3358
36884 60 2 -6300 3268
37360 60 2 -6372 3322
37841 60 2 -6360 3334
38330 60 2 -6160 3204
38824 60 2 -6272 3260
39325 60 2 -6276 3102
39832 60 2 -6224 3290
40346 60 2 -6356 3324
40866 60 2 -6296 3310
41393 60 2 -6156 3202
41927 60 2 -6452 3356
42468 60 2 -6040 3184
43015 60 2 -6356 3330
43570 60 2 -6384 3260
44132 60 2 -6212 3190
44701 60 2 -6308 3282
45278 60 2 -6148 3276
45862 60 2 -6376 3336
46453 60 2 -6124 3130
47053 60 2 -6136 3238
47660 60 2 -6428 3324
48274 60 2 -6068 3164
48897 60 2 -6244 3276
49528 60 2 -6384 3352
50166 60 2 -6356 3258
50813 60 2 -6376 3336
51469 60 2 -6228 3258
52133 60 2 -6516 3384
52805 60 2 -6372 3318
53486 60 2 -6228 3238
54176 60 2 -6420 3318
54875 60 2 -6280 3286
55582 60 2 -6064 3212
56299 60 2 -6172 3226
57025 60 2 -6220 3226
57761 60 2 -6436 3354
58506 60 2 -6188 3246
59261 60 2 -6288 3298
60025 60 2 -6116 3222
60799 60 2 -6384 3294
61583 60 2 -6332 3308
62378 60 2 -6204 3272
63182 60 2 -6384 3320
63997 60 2 -6308 3288
64822 60 2 -6208 3200
65658 60 2 -6140 3230
66505 60 2 -6312 3306
67363 60 2 -6144 3184
68232 60 2 -6276 3282
69112 60 2 -6172 3192
70003 60 2 -6156 3202
70906 60 2 -6212 3274
71821 60 2 -6380 3310
72747 60 2 -6260 3286
73685 60 2 -6156 3184
74636 60 2 -6292 3268
75599 60 2 -6320 3300
76574 60 2 -6348 3312
77561 60 2 -6104 3202
78562 60 2 -6084 3120
79575 60 2 -6384 3310
80601 60 2 -6328 3280
81641 60 2 -6320 3260
82694 60 2 -6148 3144
83760 60 2 -6356 3334
84841 60 2 -6208 3192
85935 60 2 -6320 3308
87043 60 2 -6288 3266
88166 60 2 -6148 3196
89303 60 2 -6448 3340
90455 60 2 -6100 3228
91622 60 2 -6232 3286
92803 60 2 -6180 3262
94000 60 2 -6212 3188
95213 60 2 -6236 3276
96441 60 2 -6164 3250
97685 60 2 -6576 3408
98945 60 2 -6292 3270
100221 60 2 -6300 3298
101513 60 2 -6120 3216
102823 60 2 -6384 3324
104149 60 2 -6216 3278
105492 60 2 -5948 3088
106853 60 2 -6312 3296
108231 60 2 -6356 3342
109627 60 2 -6228 3254
111041 60 2 -6376 3340
112473 60 2 -6192 3282
113924 60 2 -6348 3278
115393 60 2 -6004 3168
116882 60 2 -6192 3224
118389 60 2 -6284 3282
119916 60 2 -6068 3182
121463 60 2 -6336 3316
123029 60 2 -6404 3318
124616 60 2 -6048 3110
126224 60 2 -6216 3238
127852 60 2 -6204 3288
129501 60 2 -6252 3272
131171 60 2 -6396 3326
132863 60 2 -6300 3288
134576 60 2 -6260 3300
136312 60 2 -6376 3310
138070 60 2 -6176 3118
139851 60 2 -6212 3272
141655 60 2 -6144 3200
143482 60 2 -6136 3138
145333 60 2 -6068 3190
147207 60 2 -6404 3278
149106 60 2 -6380 3316
151029 60 2 -6444 3374
152977 60 2 -6336 3306
154950 60 2 -6340 3300
156948 60 2 -6204 3284
158973 60 2 -6304 3202
161023 60 2 -6192 3256
163100 60 2 -6324 3302
165204 60 2 -6404 3344
167334 60 2 -6296 3278
169493 60 2 -6332 3310
171679 60 2 -6092 3200
173893 60 2 -6336 3306
176136 60 2 -6220 3184
178408 60 2 -6304 3326
180709 60 2 -6456 3344
183040 60 2 -6292 3308
185400 60 2 -6268 3278
187792 60 2 -6416 3374
190214 60 2 -6312 3318
192667 60 2 -6308 3298
195152 60 2 -6172 3264
197669 60 2 -6180 3246
200219 60 2 -6336 3318
202801 60 2 -6200 3252
205417 60 2 -6196 3236
208066 60 2 -6320 3308
210750 60 2 -6484 3366
213468 60 2 -6288 3298
216222 60 2 -6300 3288
219010 60 2 -6324 3200
221835 60 2 -6128 3206
224696 60 2 -6236 3274
227595 60 2 -6316 3306
230530 60 2 -6280 3316
233503 60 2 -6324 3314
236515 60 2 -6492 3372
239566 60 2 -6176 3254
242656 60 2 -6292 3298
245785 60 2 -6320 3310
248956 60 2 -6228 3264
252167 60 2 -6528 3402
255419 60 2 -6196 3266
258713 60 2 -6248 3226
262050 60 2 -6116 3218
265430 60 2 -6144 3220
268854 60 2 -6324 3292
272321 60 2 -6212 3272
275834 60 2 -6256 3300
279391 60 2 -6328 3306
282995 60 2 -6384 3348
286645 60 2 -6284 3258
290342 60 2 -6220 3080
294087 60 2 -6328 3328
297880 60 2 -6368 3326
301722 60 2 -6304 3178
305614 60 2 -6068 3154
309556 60 2 -6312 3304
313548 60 2 -6440 3330
317592 60 2 -6076 3190
321689 60 2 -6180 3172
325838 60 2 -6248 3228
330040 60 2 -6352 3316
334297 60 2 -6368 3330
338609 60 2 -6352 3276
342976 60 2 -6332 3338
347400 60 2 -6324 3326
351881 60 2 -6308 3318
356419 60 2 -6380 3312
361016 60 2 -6148 3264
365673 60 2 -6312 3304
370389 60 2 -6424 3346
375167 60 2 -6360 3314
380005 60 2 -6172 3216
384907 60 2 -6424 3348
389871 60 2 -6328 3332
394900 60 2 -6316 3308
399993 60 2 -6424 3324
405152 60 2 -6292 3312
410378 60 2 -6284 3304
415671 60 2 -6308 3300
421032 60 2 -6340 3322
426463 60 2 -6364 3322
431963 60 2 -6204 3256
437535 60 2 -6332 3308
443178 60 2 -6124 3234
448894 60 2 -6228 3284
454684 60 2 -6360 3330
460548 60 2 -6068 3164
466489 60 2 -6256 3256
472505 60 2 -6360 3334
478600 60 2 -6300 3302
484773 60 2 -6244 3274
491025 60 2 -6140 3206
497358 60 2 -6368 3330
503773 60 2 -6160 3256
510271 60 2 -6288 3294
516852 60 2 -6280 3286
523519 60 2 -6308 3322
530271 60 2 -6480 3384
537111 60 2 -6320 3300
544038 60 2 -6424 3330
551055 60 2 -6424 3332
558163 60 2 -6436 3352
565362 60 2 -6372 3326
572654 60 2 -6272 3262
580040 60 2 -6192 3230
587521 60 2 -6204 3240
595099 60 2 -6372 3308
602775 60 2 -6376 3340
610549 60 2 -6360 3262
618424 60 2 -6264 3306
626400 60 2 -6344 3324
634480 60 2 -6156 3176
642663 60 2 -6124 3214
650952 60 2 -6228 3280
659348 60 2 -6184 3248
667853 60 2 -6272 3264
676467 60 2 -6344 3294
685192 60 2 -6500 3382
694029 60 2 -6428 3326
702981 60 2 -6188 3242
712048 60 2 -6492 3352
721232 60 2 -6344 3318
730534 60 2 -6348 3278
739957 60 2 -6288 3300
749500 60 2 -6348 3322
759168 60 2 -6244 3264
768959 60 2 -6260 3236
778877 60 2 -6300 3252
788923 60 2 -6188 3204
799099 60 2 -6216 3254
809405 60 2 -6444 3346
819845 60 2 -6228 3220
830419 60 2 -6132 3192
841130 60 2 -6424 3362
851979 60 2 -6168 3210
862968 60 2 -6240 3282
874098 60 2 -6300 3298
885373 60 2 -6344 3324
896792 60 2 -6344 3288
908359 60 2 -6172 3214
920075 60 2 -6264 3278
931942 60 2 -6384 3334
943962 60 2 -6316 3322
956137 60 2 -6280 3278
968470 60 2 -6140 3200
980961 60 2 -6216 3248
993613 60 2 -6212 3266
999999 60 2 -6352 3278
