3 60 2.4 -3180 -120
4 60 2.4 -3476 -32
5 60 2.4 -3608 -22
6 60 2.4 -3716 -168
7 60 2.4 -3784 -258
8 60 2.4 -3740 -360
9 60 2.4 -3812 -402
10 60 2.4 -3956 -428
11 60 2.4 -3956 -372
12 60 2.4 -4100 -312
13 60 2.4 -3988 -288
14 60 2.4 -3952 -282
15 60 2.4 -4020 -316
16 60 2.4 -4044 -296
17 60 2.4 -4080 -312
18 60 2.4 -4076 -244
19 60 2.4 -4032 -322
20 60 2.4 -3948 -258
21 60 2.4 -3940 -216
22 60 2.4 -3924 -112
23 60 2.4 -4024 -174
24 60 2.4 -4004 -98
25 60 2.4 -3988 -136
26 60 2.4 -4088 -164
27 60 2.4 -4020 -144
28 60 2.4 -4200 -182
29 60 2.4 -4228 -270
30 60 2.4 -4140 -368
31 60 2.4 -4112 -258
32 60 2.4 -4016 -228
33 60 2.4 -4136 -238
34 60 2.4 -4172 -206
35 60 2.4 -4388 -250
36 60 2.4 -4252 -222
37 60 2.4 -4260 -282
38 60 2.4 -4200 -326
39 60 2.4 -4200 -406
40 60 2.4 -4376 -426
41 60 2.4 -4348 -358
42 60 2.4 -4404 -346
43 60 2.4 -4544 -416
44 60 2.4 -4384 -406
45 60 2.4 -4180 -354
46 60 2.4 -4248 -292
47 60 2.4 -4136 -348
48 60 2.4 -3996 -362
49 60 2.4 -4120 -406
50 60 2.4 -4080 -498
51 60 2.4 -4256 -450
52 60 2.4 -4372 -548
53 60 2.4 -4316 -484
54 60 2.4 -4212 -370
55 60 2.4 -4340 -388
56 60 2.4 -4328 -450
57 60 2.4 -4252 -404
58 60 2.4 -4168 -416
59 60 2.4 -4296 -476
60 60 2.4 -4340 -510
61 60 2.4 -4372 -582
62 60 2.4 -4420 -540
63 60 2.4 -4532 -466
64 60 2.4 -4596 -420
65 60 2.4 -4528 -438
66 60 2.4 -4504 -420
67 60 2.4 -4436 -506
68 60 2.4 -4504 -406
69 60 2.4 -4664 -492
70 60 2.4 -4624 -396
71 60 2.4 -4660 -432
72 60 2.4 -4496 -406
73 60 2.4 -4468 -380
74 60 2.4 -4472 -442
75 60 2.4 -4540 -422
76 60 2.4 -4496 -430
77 60 2.4 -4416 -430
78 60 2.4 -4440 -434
79 60 2.4 -4344 -526
80 60 2.4 -4444 -534
81 60 2.4 -4352 -530
82 60 2.4 -4252 -624
83 60 2.4 -4164 -514
84 60 2.4 -4232 -498
85 60 2.4 -4268 -578
86 60 2.4 -4252 -572
88 60 2.4 -4204 -368
89 60 2.4 -4308 -318
90 60 2.4 -4536 -396
91 60 2.4 -4532 -396
92 60 2.4 -4448 -480
93 60 2.4 -4408 -574
95 60 2.4 -4428 -660
96 60 2.4 -4364 -654
97 60 2.4 -4460 -614
98 60 2.4 -4380 -678
99 60 2.4 -4532 -750
101 60 2.4 -4444 -744
102 60 2.4 -4264 -696
103 60 2.4 -4252 -628
105 60 2.4 -4192 -642
106 60 2.4 -4112 -664
107 60 2.4 -4104 -628
109 60 2.4 -4336 -656
110 60 2.4 -4308 -672
112 60 2.4 -4392 -590
113 60 2.4 -4352 -574
114 60 2.4 -4276 -464
116 60 2.4 -4320 -458
117 60 2.4 -4208 -434
119 60 2.4 -4348 -520
120 60 2.4 -4388 -510
122 60 2.4 -4124 -454
124 60 2.4 -4216 -456
125 60 2.4 -4308 -486
127 60 2.4 -4144 -428
128 60 2.4 -4276 -536
130 60 2.4 -4220 -460
132 60 2.4 -4088 -450
133 60 2.4 -4208 -394
135 60 2.4 -4236 -310
137 60 2.4 -4156 -144
139 60 2.4 -4260 -354
140 60 2.4 -4280 -374
142 60 2.4 -4264 -516
144 60 2.4 -4280 -544
146 60 2.4 -4364 -636
148 60 2.4 -4296 -502
150 60 2.4 -4260 -490
152 60 2.4 -4104 -450
154 60 2.4 -4348 -546
155 60 2.4 -4268 -608
157 60 2.4 -4020 -518
160 60 2.4 -4284 -598
162 60 2.4 -4280 -540
164 60 2.4 -4348 -486
166 60 2.4 -4448 -486
168 60 2.4 -4376 -470
170 60 2.4 -4404 -566
172 60 2.4 -4204 -678
174 60 2.4 -4448 -590
177 60 2.4 -4336 -418
179 60 2.4 -4424 -362
181 60 2.4 -4424 -608
184 60 2.4 -4196 -356
186 60 2.4 -4296 -430
188 60 2.4 -4256 -532
191 60 2.4 -4184 -516
193 60 2.4 -4200 -506
196 60 2.4 -4240 -392
198 60 2.4 -4148 -394
201 60 2.4 -4136 -228
203 60 2.4 -4240 -196
206 60 2.4 -4236 -324
209 60 2.4 -4356 -268
211 60 2.4 -4260 -334
214 60 2.4 -4412 -360
217 60 2.4 -4504 -488
220 60 2.4 -4428 -424
222 60 2.4 -4260 -496
225 60 2.4 -4404 -450
228 60 2.4 -4400 -370
231 60 2.4 -4324 -492
234 60 2.4 -4204 -570
237 60 2.4 -4216 -446
240 60 2.4 -4112 -514
243 60 2.4 -4100 -498
246 60 2.4 -4152 -670
250 60 2.4 -4340 -626
253 60 2.4 -4228 -746
256 60 2.4 -4272 -750
259 60 2.4 -4116 -780
263 60 2.4 -4104 -774
266 60 2.4 -4208 -828
269 60 2.4 -4096 -800
273 60 2.4 -4276 -830
276 60 2.4 -4220 -796
280 60 2.4 -4328 -698
284 60 2.4 -4348 -816
287 60 2.4 -4364 -882
291 60 2.4 -4368 -782
295 60 2.4 -4640 -672
298 60 2.4 -4740 -604
302 60 2.4 -4472 -664
306 60 2.4 -4388 -794
310 60 2.4 -4460 -902
314 60 2.4 -4580 -836
318 60 2.4 -4380 -794
322 60 2.4 -4464 -576
326 60 2.4 -4364 -570
331 60 2.4 -4380 -378
335 60 2.4 -4428 -218
339 60 2.4 -4276 -262
344 60 2.4 -4388 -510
348 60 2.4 -4572 -414
352 60 2.4 -4476 -394
357 60 2.4 -4376 -530
362 60 2.4 -4220 -302
366 60 2.4 -4248 -262
371 60 2.4 -4316 -292
376 60 2.4 -4144 -138
381 60 2.4 -4356 74
385 60 2.4 -4260 28
390 60 2.4 -4432 2
395 60 2.4 -4080 -114
401 60 2.4 -4368 -444
406 60 2.4 -4188 -512
411 60 2.4 -4256 -786
416 60 2.4 -4420 -646
422 60 2.4 -4232 -546
427 60 2.4 -4288 -392
433 60 2.4 -4572 -310
438 60 2.4 -4416 -362
444 60 2.4 -4272 -180
449 60 2.4 -4132 -286
455 60 2.4 -4248 -198
461 60 2.4 -4336 -238
467 60 2.4 -4092 -338
473 60 2.4 -4260 -352
479 60 2.4 -4040 -128
485 60 2.4 -4216 -150
492 60 2.4 -4244 -282
498 60 2.4 -4152 -202
504 60 2.4 -4188 -158
511 60 2.4 -4020 -206
517 60 2.4 -4208 -234
524 60 2.4 -4216 -58
531 60 2.4 -4124 -146
538 60 2.4 -4268 74
545 60 2.4 -4120 70
552 60 2.4 -4160 20
559 60 2.4 -4372 62
566 60 2.4 -4380 58
573 60 2.4 -4532 48
581 60 2.4 -4412 72
588 60 2.4 -4312 164
596 60 2.4 -4152 288
603 60 2.4 -4156 64
611 60 2.4 -4116 -120
619 60 2.4 -4364 -280
627 60 2.4 -4120 -172
635 60 2.4 -4192 -84
643 60 2.4 -4188 -404
652 60 2.4 -4056 -356
660 60 2.4 -4136 -520
668 60 2.4 -4048 -486
677 60 2.4 -3996 -422
686 60 2.4 -4288 -320
695 60 2.4 -4172 -352
704 60 2.4 -4160 -168
713 60 2.4 -4176 -104
722 60 2.4 -3996 -68
731 60 2.4 -4256 42
741 60 2.4 -4336 230
750 60 2.4 -4376 384
760 60 2.4 -4400 506
770 60 2.4 -4476 604
780 60 2.4 -4392 310
790 60 2.4 -4204 134
800 60 2.4 -4172 286
810 60 2.4 -4104 142
821 60 2.4 -4244 448
831 60 2.4 -4468 98
842 60 2.4 -4400 282
853 60 2.4 -4256 326
864 60 2.4 -4320 598
875 60 2.4 -4204 208
886 60 2.4 -4400 -150
897 60 2.4 -4216 -230
909 60 2.4 -4568 34
921 60 2.4 -4424 372
933 60 2.4 -4400 282
945 60 2.4 -4344 174
957 60 2.4 -4316 -270
969 60 2.4 -4348 -142
982 60 2.4 -4324 -200
994 60 2.4 -4408 -504
1007 60 2.4 -4364 -672
1020 60 2.4 -4536 -500
1033 60 2.4 -4636 -426
1047 60 2.4 -4520 -588
1060 60 2.4 -4372 -590
1074 60 2.4 -4308 -680
1088 60 2.4 -4276 -1012
1102 60 2.4 -4372 -1036
1116 60 2.4 -4188 -810
1130 60 2.4 -4228 -848
1145 60 2.4 -4200 -686
1160 60 2.4 -4548 -504
1174 60 2.4 -4452 -508
1190 60 2.4 -4360 -266
1205 60 2.4 -4240 -338
1220 60 2.4 -4360 -278
1236 60 2.4 -4312 -354
1252 60 2.4 -4184 -602
1268 60 2.4 -4328 -760
1285 60 2.4 -4256 -666
1301 60 2.4 -4296 -592
1318 60 2.4 -4096 -348
1335 60 2.4 -4036 -66
1352 60 2.4 -4324 322
1370 60 2.4 -4252 454
1387 60 2.4 -4376 442
1405 60 2.4 -4364 52
1423 60 2.4 -4520 598
1442 60 2.4 -4228 472
1460 60 2.4 -4348 242
1479 60 2.4 -4240 342
1498 60 2.4 -4380 612
1517 60 2.4 -4360 1066
1537 60 2.4 -4368 790
1557 60 2.4 -4400 720
1577 60 2.4 -4320 462
1597 60 2.4 -4320 500
1618 60 2.4 -3900 386
1639 60 2.4 -4432 418
1660 60 2.4 -4192 184
1681 60 2.4 -4524 514
1703 60 2.4 -4412 348
1725 60 2.4 -4640 126
1747 60 2.4 -4228 220
1770 60 2.4 -4508 202
1792 60 2.4 -4468 -82
1816 60 2.4 -4424 30
1839 60 2.4 -4556 38
1863 60 2.4 -4592 204
1887 60 2.4 -4164 198
1911 60 2.4 -4376 688
1936 60 2.4 -4588 276
1961 60 2.4 -4532 514
1986 60 2.4 -4384 460
2012 60 2.4 -4680 484
2037 60 2.4 -4192 380
2064 60 2.4 -4408 44
2090 60 2.4 -4484 352
2117 60 2.4 -4304 852
2145 60 2.4 -4452 948
2172 60 2.4 -4328 1130
2200 60 2.4 -4296 1192
2229 60 2.4 -4324 976
2257 60 2.4 -4396 786
2286 60 2.4 -4372 824
2316 60 2.4 -4528 920
2346 60 2.4 -4160 -328
2376 60 2.4 -4240 -180
2407 60 2.4 -4472 -420
2438 60 2.4 -4288 70
2469 60 2.4 -4064 -260
2501 60 2.4 -4188 -66
2533 60 2.4 -4424 -352
2566 60 2.4 -4404 -410
2599 60 2.4 -4568 -632
2633 60 2.4 -4484 -758
2667 60 2.4 -4448 -24
2701 60 2.4 -4380 104
2736 60 2.4 -4060 500
2771 60 2.4 -4188 2
2807 60 2.4 -4180 -142
2843 60 2.4 -4284 -338
2880 60 2.4 -4148 -150
2917 60 2.4 -4492 -190
2954 60 2.4 -4116 -118
2992 60 2.4 -4264 318
3031 60 2.4 -4260 376
3070 60 2.4 -4416 356
3110 60 2.4 -4400 468
3150 60 2.4 -4268 414
3190 60 2.4 -4404 168
3232 60 2.4 -4412 -200
3273 60 2.4 -4284 -568
3315 60 2.4 -4276 -452
3358 60 2.4 -4228 -500
3402 60 2.4 -4472 -1262
3445 60 2.4 -4332 -780
3490 60 2.4 -4476 -424
3535 60 2.4 -4216 -150
3580 60 2.4 -4200 -558
3627 60 2.4 -4188 156
3673 60 2.4 -4372 -656
3721 60 2.4 -4308 -1392
3769 60 2.4 -4432 -1326
3817 60 2.4 -4508 -974
3867 60 2.4 -4368 -920
3916 60 2.4 -4280 -758
3967 60 2.4 -4388 -756
4018 60 2.4 -4260 -182
4070 60 2.4 -4108 -314
4122 60 2.4 -4312 -612
4176 60 2.4 -4176 -244
4229 60 2.4 -4484 306
4284 60 2.4 -4316 412
4339 60 2.4 -4304 56
4395 60 2.4 -4072 -234
4452 60 2.4 -4352 -68
4509 60 2.4 -4252 398
4567 60 2.4 -4412 494
4626 60 2.4 -4452 812
4686 60 2.4 -4384 1302
4746 60 2.4 -4260 1112
4808 60 2.4 -4400 1154
4870 60 2.4 -4484 1154
4932 60 2.4 -4416 1706
4996 60 2.4 -4496 1790
5060 60 2.4 -4264 958
5126 60 2.4 -4268 418
5192 60 2.4 -4228 -372
5259 60 2.4 -4524 242
5327 60 2.4 -4328 548
5395 60 2.4 -4152 664
5465 60 2.4 -4296 420
5535 60 2.4 -4268 290
5607 60 2.4 -4620 618
5679 60 2.4 -4472 326
5752 60 2.4 -4428 960
5826 60 2.4 -4412 482
5902 60 2.4 -4052 -38
5978 60 2.4 -4396 654
6055 60 2.4 -4300 996
6133 60 2.4 -4192 1204
6212 60 2.4 -4272 142
6292 60 2.4 -4452 -338
6373 60 2.4 -4100 -300
6455 60 2.4 -4136 -930
6539 60 2.4 -4288 -416
6623 60 2.4 -4432 -1172
6708 60 2.4 -4432 -620
6795 60 2.4 -4360 -674
6883 60 2.4 -4436 -1042
6971 60 2.4 -4440 -926
7061 60 2.4 -4072 -574
7152 60 2.4 -4208 468
7245 60 2.4 -4524 126
7338 60 2.4 -4336 -752
7433 60 2.4 -4232 -646
7529 60 2.4 -4176 -648
7626 60 2.4 -4348 -1084
7724 60 2.4 -4104 -586
7824 60 2.4 -4276 406
7925 60 2.4 -4444 714
8027 60 2.4 -4552 198
8130 60 2.4 -4276 -416
8235 60 2.4 -4100 -712
8341 60 2.4 -4276 316
8449 60 2.4 -4308 1010
8558 60 2.4 -4256 190
8668 60 2.4 -4364 -30
8780 60 2.4 -4384 1272
8893 60 2.4 -4440 1064
9008 60 2.4 -4428 836
9124 60 2.4 -4500 154
9242 60 2.4 -4360 -22
9361 60 2.4 -4184 2
9482 60 2.4 -4376 544
9604 60 2.4 -4428 998
9728 60 2.4 -4600 1302
9853 60 2.4 -4428 786
9980 60 2.4 -4436 274
10109 60 2.4 -4324 342
10240 60 2.4 -4168 12
10372 60 2.4 -3996 400
10505 60 2.4 -4124 -196
10641 60 2.4 -4356 48
10778 60 2.4 -4284 -68
10917 60 2.4 -4480 990
11058 60 2.4 -4408 984
11201 60 2.4 -3952 166
11345 60 2.4 -4480 232
11491 60 2.4 -4488 -256
11640 60 2.4 -4636 390
11790 60 2.4 -4248 974
11942 60 2.4 -4260 60
12096 60 2.4 -4472 1032
12252 60 2.4 -4500 1384
12410 60 2.4 -4404 1110
12570 60 2.4 -4464 1580
12732 60 2.4 -4456 148
12896 60 2.4 -4224 496
13062 60 2.4 -4144 162
13231 60 2.4 -4608 -460
13402 60 2.4 -4512 -730
13574 60 2.4 -4252 586
13750 60 2.4 -4484 -824
13927 60 2.4 -4260 -680
14106 60 2.4 -4356 -690
14288 60 2.4 -4340 -166
14473 60 2.4 -4484 -128
14659 60 2.4 -4100 182
14848 60 2.4 -4608 24
15040 60 2.4 -3996 -308
15234 60 2.4 -4300 876
15430 60 2.4 -4420 1424
15629 60 2.4 -4236 -18
15831 60 2.4 -4296 -338
16035 60 2.4 -4264 -46
16242 60 2.4 -4116 538
16451 60 2.4 -4308 222
16664 60 2.4 -4268 566
16879 60 2.4 -4740 1660
17096 60 2.4 -4012 558
17317 60 2.4 -4552 1538
17540 60 2.4 -4376 740
17766 60 2.4 -4416 580
17995 60 2.4 -4404 -544
18228 60 2.4 -4260 408
18463 60 2.4 -4536 -488
18701 60 2.4 -4408 -302
18942 60 2.4 -4504 -1268
19186 60 2.4 -4216 -236
19434 60 2.4 -4416 -1172
19684 60 2.4 -4408 -690
19938 60 2.4 -4312 652
20195 60 2.4 -4152 430
20456 60 2.4 -4172 304
20720 60 2.4 -4432 -1016
20987 60 2.4 -4304 -1210
21258 60 2.4 -4560 496
21532 60 2.4 -4284 342
21810 60 2.4 -4384 -92
22091 60 2.4 -4636 494
22376 60 2.4 -4180 -714
22664 60 2.4 -4420 -716
22957 60 2.4 -3968 -1042
23253 60 2.4 -4064 232
23553 60 2.4 -4244 142
23856 60 2.4 -4444 -1340
24164 60 2.4 -4612 -1718
24476 60 2.4 -4060 720
24791 60 2.4 -4480 -280
25111 60 2.4 -4180 288
25435 60 2.4 -4160 696
25763 60 2.4 -4220 610
26095 60 2.4 -4324 -184
26432 60 2.4 -4324 -1314
26773 60 2.4 -4120 -614
27118 60 2.4 -4304 -102
27468 60 2.4 -4436 52
27822 60 2.4 -4528 -608
28181 60 2.4 -4584 702
28545 60 2.4 -4412 -692
28913 60 2.4 -4156 -706
29286 60 2.4 -4444 -332
29663 60 2.4 -4296 598
30046 60 2.4 -4148 514
30434 60 2.4 -4440 1014
30826 60 2.4 -4240 -410
31224 60 2.4 -4188 -690
31626 60 2.4 -4444 -740
32034 60 2.4 -4488 -1072
32447 60 2.4 -4388 -1236
32866 60 2.4 -4320 -1176
33290 60 2.4 -4464 -254
33719 60 2.4 -4240 -254
34154 60 2.4 -4496 -478
34595 60 2.4 -4324 460
35041 60 2.4 -4004 -58
35493 60 2.4 -4184 826
35951 60 2.4 -4508 1232
36414 60 2.4 -4432 -1336
36884 60 2.4 -4360 -48
37360 60 2.4 -4456 -448
37841 60 2.4 -4372 -718
38330 60 2.4 -4304 -1388
38824 60 2.4 -4268 -454
39325 60 2.4 -4248 -468
39832 60 2.4 -4396 568
40346 60 2.4 -4004 -52
40866 60 2.4 -4188 -530
41393 60 2.4 -4256 40
41927 60 2.4 -4488 770
42468 60 2.4 -4368 -672
43015 60 2.4 -4288 -966
43570 60 2.4 -4332 -708
44132 60 2.4 -4324 756
44701 60 2.4 -4280 -476
45278 60 2.4 -4328 -438
45862 60 2.4 -4640 -388
46453 60 2.4 -4360 -662
47053 60 2.4 -4340 -1484
47660 60 2.4 -4756 -1736
48274 60 2.4 -4436 -750
48897 60 2.4 -4184 -22
49528 60 2.4 -4356 -1012
50166 60 2.4 -4384 -534
50813 60 2.4 -4580 -1284
51469 60 2.4 -4476 -1790
52133 60 2.4 -4168 -470
52805 60 2.4 -4280 -144
53486 60 2.4 -4340 392
54176 60 2.4 -4312 -1054
54875 60 2.4 -4176 284
55582 60 2.4 -4416 1530
56299 60 2.4 -4244 320
57025 60 2.4 -4164 -102
57761 60 2.4 -4364 600
58506 60 2.4 -4616 -1128
59261 60 2.4 -4676 -1096
60025 60 2.4 -4524 1296
60799 60 2.4 -4348 392
61583 60 2.4 -4584 170
62378 60 2.4 -4444 852
63182 60 2.4 -4084 -64
63997 60 2.4 -4128 -466
64822 60 2.4 -4556 -882
65658 60 2.4 -4460 -1032
66505 60 2.4 -4252 -250
67363 60 2.4 -4404 -234
68232 60 2.4 -4224 -1098
69112 60 2.4 -4124 -308
70003 60 2.4 -4456 138
70906 60 2.4 -4536 -1122
71821 60 2.4 -4364 -326
72747 60 2.4 -4204 792
73685 60 2.4 -4136 18
74636 60 2.4 -4368 -1332
75599 60 2.4 -4032 -94
76574 60 2.4 -4216 -402
77561 60 2.4 -4384 -150
78562 60 2.4 -4172 -958
79575 60 2.4 -4604 -1478
80601 60 2.4 -4384 656
81641 60 2.4 -4036 198
82694 60 2.4 -4652 -1406
83760 60 2.4 -4152 -272
84841 60 2.4 -4276 630
85935 60 2.4 -4312 -138
87043 60 2.4 -4348 1348
88166 60 2.4 -4132 -556
89303 60 2.4 -4080 -120
90455 60 2.4 -4528 -628
91622 60 2.4 -4316 524
92803 60 2.4 -4448 -764
94000 60 2.4 -4332 -966
95213 60 2.4 -4424 712
96441 60 2.4 -4212 12
97685 60 2.4 -4604 -1724
98945 60 2.4 -4388 -2
100221 60 2.4 -4420 870
101513 60 2.4 -4140 1094
102823 60 2.4 -4192 -820
104149 60 2.4 -4576 -224
105492 60 2.4 -4524 -404
106853 60 2.4 -4324 -1040
108231 60 2.4 -4156 36
109627 60 2.4 -4396 -1048
111041 60 2.4 -4248 382
112473 60 2.4 -4216 -724
113924 60 2.4 -4596 -370
115393 60 2.4 -4240 -130
116882 60 2.4 -4216 108
118389 60 2.4 -4212 -394
119916 60 2.4 -4344 876
121463 60 2.4 -4304 -354
123029 60 2.4 -4400 -1112
124616 60 2.4 -4036 670
126224 60 2.4 -4464 720
127852 60 2.4 -4040 806
129501 60 2.4 -4436 1172
131171 60 2.4 -4400 -382
132863 60 2.4 -4412 -540
134576 60 2.4 -4480 -32
136312 60 2.4 -4336 -652
138070 60 2.4 -4296 -882
139851 60 2.4 -4132 -348
141655 60 2.4 -4412 70
143482 60 2.4 -4308 2
145333 60 2.4 -4632 446
147207 60 2.4 -4292 1320
149106 60 2.4 -4344 -708
151029 60 2.4 -4288 280
152977 60 2.4 -4208 -902
154950 60 2.4 -4480 -160
156948 60 2.4 -4596 804
158973 60 2.4 -4652 1610
161023 60 2.4 -4136 -188
163100 60 2.4 -4164 664
165204 60 2.4 -4416 -824
167334 60 2.4 -4200 206
169493 60 2.4 -3988 160
171679 60 2.4 -4256 300
173893 60 2.4 -4536 1456
176136 60 2.4 -4232 624
178408 60 2.4 -4376 -372
180709 60 2.4 -4324 336
183040 60 2.4 -4252 1004
185400 60 2.4 -4460 548
187792 60 2.4 -4316 758
190214 60 2.4 -4500 1684
192667 60 2.4 -4416 1374
195152 60 2.4 -4504 -452
197669 60 2.4 -4484 1288
200219 60 2.4 -4308 1098
202801 60 2.4 -4224 1194
205417 60 2.4 -4332 -642
208066 60 2.4 -4436 1264
210750 60 2.4 -4208 -192
213468 60 2.4 -4500 -442
216222 60 2.4 -4696 770
219010 60 2.4 -4404 -424
221835 60 2.4 -4304 500
224696 60 2.4 -4540 1558
227595 60 2.4 -4380 -410
230530 60 2.4 -4392 646
233503 60 2.4 -4464 810
236515 60 2.4 -4320 502
239566 60 2.4 -4264 -1016
242656 60 2.4 -4492 -706
245785 60 2.4 -4272 -1440
248956 60 2.4 -4440 1480
252167 60 2.4 -4620 -1378
255419 60 2.4 -4440 1188
258713 60 2.4 -4220 152
262050 60 2.4 -4312 -184
265430 60 2.4 -4432 -1332
268854 60 2.4 -4084 -118
272321 60 2.4 -4484 552
275834 60 2.4 -4156 114
279391 60 2.4 -4184 152
282995 60 2.4 -4600 606
286645 60 2.4 -4276 -634
290342 60 2.4 -4080 -150
294087 60 2.4 -4308 344
297880 60 2.4 -4156 -198
301722 60 2.4 -4332 794
305614 60 2.4 -4080 -16
309556 60 2.4 -4220 -430
313548 60 2.4 -4376 -1006
317592 60 2.4 -4116 -106
321689 60 2.4 -4340 404
325838 60 2.4 -4288 170
330040 60 2.4 -4448 130
334297 60 2.4 -4268 -190
338609 60 2.4 -4440 982
342976 60 2.4 -4268 504
347400 60 2.4 -4396 1458
351881 60 2.4 -4304 -312
356419 60 2.4 -4284 1272
361016 60 2.4 -4340 -152
365673 60 2.4 -4200 -466
370389 60 2.4 -4236 524
375167 60 2.4 -4528 -330
380005 60 2.4 -4428 -546
384907 60 2.4 -4460 -1618
389871 60 2.4 -4292 12
394900 60 2.4 -4544 562
399993 60 2.4 -4444 -198
405152 60 2.4 -4588 -422
410378 60 2.4 -4296 -702
415671 60 2.4 -4432 -304
421032 60 2.4 -4440 -186
426463 60 2.4 -4356 -1174
431963 60 2.4 -4132 -22
437535 60 2.4 -4724 -1018
443178 60 2.4 -4424 68
448894 60 2.4 -4592 814
454684 60 2.4 -4296 204
460548 60 2.4 -4260 478
466489 60 2.4 -4512 1544
472505 60 2.4 -4188 118
478600 60 2.4 -4220 416
484773 60 2.4 -4236 4
491025 60 2.4 -4232 -176
497358 60 2.4 -4300 242
503773 60 2.4 -4436 944
510271 60 2.4 -4060 200
516852 60 2.4 -4524 -530
523519 60 2.4 -4224 70
530271 60 2.4 -4468 728
537111 60 2.4 -4200 -1042
544038 60 2.4 -4228 1128
551055 60 2.4 -4184 468
558163 60 2.4 -4180 212
565362 60 2.4 -3988 -718
572654 60 2.4 -3952 -130
580040 60 2.4 -4180 -254
587521 60 2.4 -4360 -1502
595099 60 2.4 -4296 -144
602775 60 2.4 -4032 -652
610549 60 2.4 -4460 -78
618424 60 2.4 -4332 474
626400 60 2.4 -4316 52
634480 60 2.4 -4424 -26
642663 60 2.4 -4304 196
650952 60 2.4 -4600 1168
659348 60 2.4 -4380 -710
667853 60 2.4 -4436 4
676467 60 2.4 -4388 -104
685192 60 2.4 -4352 -1234
694029 60 2.4 -4308 -822
702981 60 2.4 -4184 -822
712048 60 2.4 -4436 988
721232 60 2.4 -3992 442
730534 60 2.4 -4492 -1000
739957 60 2.4 -4076 624
749500 60 2.4 -4292 -554
759168 60 2.4 -4508 -1004
768959 60 2.4 -4308 -1058
778877 60 2.4 -4388 -1220
788923 60 2.4 -4412 340
799099 60 2.4 -4072 -156
809405 60 2.4 -4684 796
819845 60 2.4 -4384 496
830419 60 2.4 -4164 192
841130 60 2.4 -4000 506
851979 60 2.4 -4356 -772
862968 60 2.4 -4252 -1218
874098 60 2.4 -4492 -366
885373 60 2.4 -4392 520
896792 60 2.4 -4384 -324
908359 60 2.4 -4244 -450
920075 60 2.4 -4168 28
931942 60 2.4 -4592 -680
943962 60 2.4 -4384 596
956137 60 2.4 -4424 -246
968470 60 2.4 -4624 1148
980961 60 2.4 -4636 1600
993613 60 2.4 -4268 132
999999 60 2.4 -4292 -1158
