3 140 2.4 -17056 -390
4 140 2.4 -18640 -466
5 140 2.4 -19340 -478
6 140 2.4 -19796 -312
7 140 2.4 -19856 -508
8 140 2.4 -20468 -628
9 140 2.4 -20748 -292
10 140 2.4 -20636 -250
11 140 2.4 -21004 -202
12 140 2.4 -21180 -140
13 140 2.4 -21276 34
14 140 2.4 -21648 -14
15 140 2.4 -21824 76
16 140 2.4 -21588 -126
17 140 2.4 -21548 -218
18 140 2.4 -21476 -138
19 140 2.4 -21736 -124
20 140 2.4 -21908 -110
21 140 2.4 -21960 -150
22 140 2.4 -21968 -66
23 140 2.4 -22060 12
24 140 2.4 -22172 92
25 140 2.4 -22236 266
26 140 2.4 -22288 114
27 140 2.4 -22556 254
28 140 2.4 -22668 104
29 140 2.4 -22356 74
30 140 2.4 -22520 -236
31 140 2.4 -22404 -556
32 140 2.4 -22396 -650
33 140 2.4 -22280 -694
34 140 2.4 -22460 -578
35 140 2.4 -22668 -828
36 140 2.4 -22332 -992
37 140 2.4 -22488 -1252
38 140 2.4 -22236 -1302
39 140 2.4 -22476 -1434
40 140 2.4 -22960 -1330
41 140 2.4 -22660 -1156
42 140 2.4 -22616 -1250
43 140 2.4 -22604 -1630
44 140 2.4 -22672 -1830
45 140 2.4 -22820 -2010
46 140 2.4 -22836 -1648
47 140 2.4 -23096 -1798
48 140 2.4 -23160 -1848
49 140 2.4 -23024 -2000
50 140 2.4 -23112 -2120
51 140 2.4 -23088 -2050
52 140 2.4 -22900 -2006
53 140 2.4 -23140 -1908
54 140 2.4 -22740 -1762
55 140 2.4 -23032 -1572
56 140 2.4 -23204 -1442
57 140 2.4 -23108 -1664
58 140 2.4 -22976 -1708
59 140 2.4 -23200 -1640
60 140 2.4 -23012 -1400
61 140 2.4 -22980 -1520
62 140 2.4 -22908 -1774
63 140 2.4 -23052 -1722
64 140 2.4 -22804 -1754
65 140 2.4 -22896 -1806
66 140 2.4 -22732 -2062
67 140 2.4 -22908 -2074
68 140 2.4 -23016 -1796
69 140 2.4 -22800 -1908
70 140 2.4 -23248 -1998
71 140 2.4 -23264 -1932
72 140 2.4 -23220 -2086
73 140 2.4 -23104 -2042
74 140 2.4 -23176 -1626
75 140 2.4 -23172 -1584
76 140 2.4 -23068 -1530
77 140 2.4 -22832 -1500
78 140 2.4 -22900 -1578
79 140 2.4 -22960 -1746
80 140 2.4 -22904 -1744
81 140 2.4 -23020 -1644
82 140 2.4 -23196 -1724
83 140 2.4 -23300 -1390
84 140 2.4 -23284 -1500
85 140 2.4 -23588 -1650
86 140 2.4 -23608 -1738
88 140 2.4 -23512 -1388
89 140 2.4 -23592 -1330
90 140 2.4 -23484 -1362
91 140 2.4 -23756 -1204
92 140 2.4 -23700 -1358
93 140 2.4 -23656 -1562
95 140 2.4 -23768 -1752
96 140 2.4 -23188 -1620
97 140 2.4 -23424 -1630
98 140 2.4 -23212 -1702
99 140 2.4 -23496 -1504
101 140 2.4 -23628 -1478
102 140 2.4 -23708 -1496
103 140 2.4 -23920 -1376
105 140 2.4 -23632 -1794
106 140 2.4 -23620 -1822
107 140 2.4 -23672 -1976
109 140 2.4 -23848 -1452
110 140 2.4 -23928 -1444
112 140 2.4 -23328 -1782
113 140 2.4 -24060 -1690
114 140 2.4 -24188 -1630
116 140 2.4 -24104 -1654
117 140 2.4 -24044 -1886
119 140 2.4 -23940 -1326
120 140 2.4 -23880 -1122
122 140 2.4 -23440 -1258
124 140 2.4 -23572 -1438
125 140 2.4 -23676 -1556
127 140 2.4 -23648 -1278
128 140 2.4 -23672 -1012
130 140 2.4 -23376 -920
132 140 2.4 -23968 -1028
133 140 2.4 -23656 -1016
135 140 2.4 -23584 -1084
137 140 2.4 -23644 -986
139 140 2.4 -23688 -786
140 140 2.4 -23724 -600
142 140 2.4 -24040 -300
144 140 2.4 -23756 -368
146 140 2.4 -23524 -324
148 140 2.4 -23300 -320
150 140 2.4 -23204 62
152 140 2.4 -23468 56
154 140 2.4 -23072 -90
155 140 2.4 -23536 -340
157 140 2.4 -23208 -200
160 140 2.4 -23148 18
162 140 2.4 -23360 -26
164 140 2.4 -23156 -212
166 140 2.4 -23456 -18
168 140 2.4 -23332 -124
170 140 2.4 -23520 214
172 140 2.4 -23376 392
174 140 2.4 -23136 790
177 140 2.4 -23744 866
179 140 2.4 -23576 850
181 140 2.4 -23824 644
184 140 2.4 -23400 736
186 140 2.4 -23652 958
188 140 2.4 -23716 992
191 140 2.4 -23724 998
193 140 2.4 -22788 892
196 140 2.4 -23284 812
198 140 2.4 -23172 904
201 140 2.4 -22816 944
203 140 2.4 -23028 1636
206 140 2.4 -23140 1780
209 140 2.4 -22892 1624
211 140 2.4 -22808 1776
214 140 2.4 -22964 1980
217 140 2.4 -23132 1852
220 140 2.4 -23320 1778
222 140 2.4 -23256 2226
225 140 2.4 -23184 2336
228 140 2.4 -23328 2332
231 140 2.4 -23664 2478
234 140 2.4 -23668 2092
237 140 2.4 -23356 2106
240 140 2.4 -23332 1868
243 140 2.4 -24280 1866
246 140 2.4 -23672 1904
250 140 2.4 -24108 1714
253 140 2.4 -23808 1412
256 140 2.4 -24216 1308
259 140 2.4 -24076 1244
263 140 2.4 -23928 1218
266 140 2.4 -23600 962
269 140 2.4 -23260 778
273 140 2.4 -23340 868
276 140 2.4 -23272 1360
280 140 2.4 -23212 938
284 140 2.4 -23280 366
287 140 2.4 -23160 258
291 140 2.4 -23256 206
295 140 2.4 -23384 92
298 140 2.4 -23712 124
302 140 2.4 -23236 -132
306 140 2.4 -23684 -394
310 140 2.4 -24016 -414
314 140 2.4 -24036 -438
318 140 2.4 -23512 -184
322 140 2.4 -23388 -80
326 140 2.4 -23600 -556
331 140 2.4 -23764 -216
335 140 2.4 -23708 -206
339 140 2.4 -23440 76
344 140 2.4 -23372 -820
348 140 2.4 -24172 -1124
352 140 2.4 -23892 -1340
357 140 2.4 -24204 -1010
362 140 2.4 -23396 -762
366 140 2.4 -24016 -782
371 140 2.4 -23684 -818
376 140 2.4 -23416 -690
381 140 2.4 -23756 -632
385 140 2.4 -23796 -356
390 140 2.4 -23868 -268
395 140 2.4 -23096 -628
401 140 2.4 -23524 -286
406 140 2.4 -23232 -552
411 140 2.4 -23448 -236
416 140 2.4 -23188 238
422 140 2.4 -23176 1092
427 140 2.4 -23612 1202
433 140 2.4 -23464 1040
438 140 2.4 -23356 792
444 140 2.4 -23452 836
449 140 2.4 -23528 552
455 140 2.4 -23672 908
461 140 2.4 -23556 1048
467 140 2.4 -23408 990
473 140 2.4 -23548 924
479 140 2.4 -23640 626
485 140 2.4 -23976 910
492 140 2.4 -23708 88
498 140 2.4 -22972 132
504 140 2.4 -23336 36
511 140 2.4 -23608 590
517 140 2.4 -23272 360
524 140 2.4 -23104 1130
531 140 2.4 -23272 946
538 140 2.4 -23104 686
545 140 2.4 -22824 562
552 140 2.4 -23028 1154
559 140 2.4 -24112 1428
566 140 2.4 -23772 1550
573 140 2.4 -23348 1936
581 140 2.4 -23396 1996
588 140 2.4 -23912 2442
596 140 2.4 -23712 2926
603 140 2.4 -24084 3164
611 140 2.4 -23384 2758
619 140 2.4 -23820 3270
627 140 2.4 -24012 3340
635 140 2.4 -23572 2762
643 140 2.4 -23944 2654
652 140 2.4 -23452 2712
660 140 2.4 -23760 2356
668 140 2.4 -23320 2042
677 140 2.4 -23620 2386
686 140 2.4 -23472 2116
695 140 2.4 -23796 2158
704 140 2.4 -23768 2160
713 140 2.4 -23696 2268
722 140 2.4 -24080 2350
731 140 2.4 -24180 2034
741 140 2.4 -23620 1902
750 140 2.4 -23996 1888
760 140 2.4 -24100 2340
770 140 2.4 -24008 2594
780 140 2.4 -24256 2022
790 140 2.4 -23704 2040
800 140 2.4 -23908 1608
810 140 2.4 -23892 2040
821 140 2.4 -23556 1786
831 140 2.4 -23340 1334
842 140 2.4 -22820 1590
853 140 2.4 -23412 1426
864 140 2.4 -23156 830
875 140 2.4 -23128 -118
886 140 2.4 -23560 88
897 140 2.4 -23340 -212
909 140 2.4 -24080 -986
921 140 2.4 -24336 -300
933 140 2.4 -24048 -988
945 140 2.4 -23616 -1052
957 140 2.4 -23676 -648
969 140 2.4 -23564 -962
982 140 2.4 -23824 -1192
994 140 2.4 -23936 -1100
1007 140 2.4 -23420 -438
1020 140 2.4 -23332 398
1033 140 2.4 -23640 58
1047 140 2.4 -23348 292
1060 140 2.4 -23580 -390
1074 140 2.4 -24076 -1208
1088 140 2.4 -23748 -1870
1102 140 2.4 -23624 -2042
1116 140 2.4 -23592 -1838
1130 140 2.4 -23456 -1450
1145 140 2.4 -23196 -1356
1160 140 2.4 -23364 -1460
1174 140 2.4 -23332 -1460
1190 140 2.4 -23552 -1936
1205 140 2.4 -23856 -2506
1220 140 2.4 -24184 -2248
1236 140 2.4 -23628 -2352
1252 140 2.4 -23396 -1508
1268 140 2.4 -24504 -2318
1285 140 2.4 -23808 -1772
1301 140 2.4 -23776 -1340
1318 140 2.4 -23332 -1194
1335 140 2.4 -23580 292
1352 140 2.4 -23760 928
1370 140 2.4 -23544 710
1387 140 2.4 -23664 808
1405 140 2.4 -23316 358
1423 140 2.4 -23208 1116
1442 140 2.4 -23348 796
1460 140 2.4 -24064 1616
1479 140 2.4 -23788 1298
1498 140 2.4 -24376 1342
1517 140 2.4 -23472 826
1537 140 2.4 -23836 1640
1557 140 2.4 -23240 1056
1577 140 2.4 -23560 874
1597 140 2.4 -24048 264
1618 140 2.4 -23740 368
1639 140 2.4 -23996 630
1660 140 2.4 -23912 1184
1681 140 2.4 -23280 1100
1703 140 2.4 -23604 542
1725 140 2.4 -23304 508
1747 140 2.4 -23808 -332
1770 140 2.4 -24064 -1242
1792 140 2.4 -23988 -2448
1816 140 2.4 -23812 -2758
1839 140 2.4 -23588 -2018
1863 140 2.4 -23208 -536
1887 140 2.4 -23608 -1230
1911 140 2.4 -23932 -1806
1936 140 2.4 -23584 -530
1961 140 2.4 -23540 -692
1986 140 2.4 -23960 48
2012 140 2.4 -23232 -512
2037 140 2.4 -23456 -596
2064 140 2.4 -23500 10
2090 140 2.4 -23668 -140
2117 140 2.4 -23380 92
2145 140 2.4 -23324 -114
2172 140 2.4 -23804 -282
2200 140 2.4 -23568 -974
2229 140 2.4 -23276 -1178
2257 140 2.4 -23100 -372
2286 140 2.4 -23452 -1074
2316 140 2.4 -22896 -526
2346 140 2.4 -23432 -714
2376 140 2.4 -23056 -670
2407 140 2.4 -23572 -1318
2438 140 2.4 -23692 -1460
2469 140 2.4 -23960 -1046
2501 140 2.4 -23884 -276
2533 140 2.4 -24160 -1438
2566 140 2.4 -24040 -1652
2599 140 2.4 -23980 -446
2633 140 2.4 -23100 -1180
2667 140 2.4 -24088 -264
2701 140 2.4 -23400 224
2736 140 2.4 -23904 252
2771 140 2.4 -23564 196
2807 140 2.4 -23860 -88
2843 140 2.4 -22924 -314
2880 140 2.4 -23612 -1282
2917 140 2.4 -23420 -1362
2954 140 2.4 -23540 88
2992 140 2.4 -23052 728
3031 140 2.4 -23244 666
3070 140 2.4 -23112 862
3110 140 2.4 -23912 278
3150 140 2.4 -23752 -566
3190 140 2.4 -23568 598
3232 140 2.4 -22968 1278
3273 140 2.4 -23556 978
3315 140 2.4 -23704 536
3358 140 2.4 -23260 956
3402 140 2.4 -23864 1406
3445 140 2.4 -23292 2032
3490 140 2.4 -23528 1380
3535 140 2.4 -23960 488
3580 140 2.4 -23660 190
3627 140 2.4 -22692 -878
3673 140 2.4 -23072 -1680
3721 140 2.4 -23324 -634
3769 140 2.4 -24424 -218
3817 140 2.4 -23568 -1640
3867 140 2.4 -23804 -98
3916 140 2.4 -23612 -2276
3967 140 2.4 -23128 -2682
4018 140 2.4 -24124 -2724
4070 140 2.4 -23556 -2286
4122 140 2.4 -23776 -164
4176 140 2.4 -24228 -1284
4229 140 2.4 -22768 -1752
4284 140 2.4 -23520 -3368
4339 140 2.4 -23628 -1648
4395 140 2.4 -23324 -1354
4452 140 2.4 -23400 -644
4509 140 2.4 -23104 340
4567 140 2.4 -23348 1180
4626 140 2.4 -23196 -138
4686 140 2.4 -23564 1878
4746 140 2.4 -23512 1002
4808 140 2.4 -23588 2108
4870 140 2.4 -23792 800
4932 140 2.4 -23944 1608
4996 140 2.4 -23604 1844
5060 140 2.4 -23940 2832
5126 140 2.4 -24100 3210
5192 140 2.4 -23740 3330
5259 140 2.4 -23704 1942
5327 140 2.4 -23512 266
5395 140 2.4 -22884 68
5465 140 2.4 -24028 870
5535 140 2.4 -23796 1404
5607 140 2.4 -23200 556
5679 140 2.4 -23084 832
5752 140 2.4 -23528 392
5826 140 2.4 -23220 -174
5902 140 2.4 -23460 456
5978 140 2.4 -23200 2246
6055 140 2.4 -23204 1028
6133 140 2.4 -23504 110
6212 140 2.4 -23972 14
6292 140 2.4 -23348 260
6373 140 2.4 -23424 1554
6455 140 2.4 -23076 1344
6539 140 2.4 -23216 1332
6623 140 2.4 -23076 372
6708 140 2.4 -24732 -46
6795 140 2.4 -23872 -1230
6883 140 2.4 -23808 -660
6971 140 2.4 -24160 -60
7061 140 2.4 -23464 1218
7152 140 2.4 -23540 -816
7245 140 2.4 -23752 -110
7338 140 2.4 -23296 -692
7433 140 2.4 -23540 790
7529 140 2.4 -23536 -226
7626 140 2.4 -23360 1220
7724 140 2.4 -23588 516
7824 140 2.4 -23776 -276
7925 140 2.4 -23720 1708
8027 140 2.4 -23220 444
8130 140 2.4 -23588 1576
8235 140 2.4 -23800 1580
8341 140 2.4 -23908 1278
8449 140 2.4 -23868 -1492
8558 140 2.4 -23944 280
8668 140 2.4 -23644 -1918
8780 140 2.4 -23232 -718
8893 140 2.4 -24092 -1412
9008 140 2.4 -23024 1580
9124 140 2.4 -23728 3276
9242 140 2.4 -23316 -22
9361 140 2.4 -23416 -1286
9482 140 2.4 -23488 -2442
9604 140 2.4 -24196 -4262
9728 140 2.4 -23508 -2448
9853 140 2.4 -23668 -2188
9980 140 2.4 -23240 126
10109 140 2.4 -24056 1632
10240 140 2.4 -23576 498
10372 140 2.4 -22824 578
10505 140 2.4 -23960 478
10641 140 2.4 -23200 -3096
10778 140 2.4 -24000 -3156
10917 140 2.4 -23652 -2466
11058 140 2.4 -23744 -3696
11201 140 2.4 -23068 -3934
11345 140 2.4 -23908 -2298
11491 140 2.4 -23320 -1254
11640 140 2.4 -23328 -1832
11790 140 2.4 -23952 -912
11942 140 2.4 -23876 262
12096 140 2.4 -23696 -1028
12252 140 2.4 -23612 1530
12410 140 2.4 -23632 556
12570 140 2.4 -23468 -1518
12732 140 2.4 -23768 -2182
12896 140 2.4 -24168 576
13062 140 2.4 -23256 1346
13231 140 2.4 -22972 1152
13402 140 2.4 -24064 2126
13574 140 2.4 -23644 2464
13750 140 2.4 -24452 1746
13927 140 2.4 -23424 148
14106 140 2.4 -23688 206
14288 140 2.4 -24092 1026
14473 140 2.4 -23532 -498
14659 140 2.4 -23288 -630
14848 140 2.4 -23464 -2366
15040 140 2.4 -23452 -2770
15234 140 2.4 -23660 362
15430 140 2.4 -23736 1680
15629 140 2.4 -23532 -930
15831 140 2.4 -23504 -1604
16035 140 2.4 -24112 -2002
16242 140 2.4 -23844 2774
16451 140 2.4 -23388 1102
16664 140 2.4 -23680 -352
16879 140 2.4 -23712 2358
17096 140 2.4 -23152 974
17317 140 2.4 -23308 1628
17540 140 2.4 -23604 -418
17766 140 2.4 -23884 -2520
17995 140 2.4 -23608 -2600
18228 140 2.4 -24144 -728
18463 140 2.4 -24076 -1940
18701 140 2.4 -23516 -2558
18942 140 2.4 -23516 -626
19186 140 2.4 -23448 -374
19434 140 2.4 -24180 898
19684 140 2.4 -23504 -194
19938 140 2.4 -23668 2014
20195 140 2.4 -23700 3308
20456 140 2.4 -23396 4426
20720 140 2.4 -23156 3120
20987 140 2.4 -23316 2814
21258 140 2.4 -23924 774
21532 140 2.4 -23408 2518
21810 140 2.4 -23652 1428
22091 140 2.4 -23736 -742
22376 140 2.4 -23800 -140
22664 140 2.4 -23784 -2080
22957 140 2.4 -23480 668
23253 140 2.4 -23696 -290
23553 140 2.4 -23744 -1780
23856 140 2.4 -23608 -2084
24164 140 2.4 -23780 730
24476 140 2.4 -24112 2122
24791 140 2.4 -23256 772
25111 140 2.4 -23576 216
25435 140 2.4 -23428 -1278
25763 140 2.4 -23336 556
26095 140 2.4 -23316 -1850
26432 140 2.4 -22956 -1166
26773 140 2.4 -23524 -1416
27118 140 2.4 -23104 550
27468 140 2.4 -23384 -2444
27822 140 2.4 -24088 -3858
28181 140 2.4 -23152 -378
28545 140 2.4 -23600 178
28913 140 2.4 -23484 1754
29286 140 2.4 -23896 92
29663 140 2.4 -23804 54
30046 140 2.4 -23204 -2610
30434 140 2.4 -23368 -3698
30826 140 2.4 -23940 5436
31224 140 2.4 -23284 -898
31626 140 2.4 -23400 -1650
32034 140 2.4 -23588 886
32447 140 2.4 -23768 1006
32866 140 2.4 -23648 40
33290 140 2.4 -24168 -1130
33719 140 2.4 -23628 -2362
34154 140 2.4 -23248 1052
34595 140 2.4 -23784 2118
35041 140 2.4 -23520 1564
35493 140 2.4 -23724 3368
35951 140 2.4 -24028 436
36414 140 2.4 -23376 -74
36884 140 2.4 -23984 2626
37360 140 2.4 -24236 218
37841 140 2.4 -23228 -778
38330 140 2.4 -24048 3458
38824 140 2.4 -23064 550
39325 140 2.4 -23404 -1068
39832 140 2.4 -23688 -32
40346 140 2.4 -23396 1896
40866 140 2.4 -22860 1580
41393 140 2.4 -23872 -140
41927 140 2.4 -23180 -814
42468 140 2.4 -23204 780
43015 140 2.4 -23320 1228
43570 140 2.4 -24272 -2884
44132 140 2.4 -23824 1810
44701 140 2.4 -23604 2250
45278 140 2.4 -23816 3568
45862 140 2.4 -23976 -320
46453 140 2.4 -23064 -514
47053 140 2.4 -24084 3086
47660 140 2.4 -23516 -1568
48274 140 2.4 -23324 572
48897 140 2.4 -23904 -1486
49528 140 2.4 -23764 -518
50166 140 2.4 -24120 -820
50813 140 2.4 -23772 188
51469 140 2.4 -23924 346
52133 140 2.4 -23840 1860
52805 140 2.4 -23808 2064
53486 140 2.4 -23464 -88
54176 140 2.4 -23740 2774
54875 140 2.4 -23664 -5030
55582 140 2.4 -23228 1174
56299 140 2.4 -23756 418
57025 140 2.4 -23072 422
57761 140 2.4 -23416 -1068
58506 140 2.4 -23328 -474
59261 140 2.4 -23824 -2564
60025 140 2.4 -23796 1032
60799 140 2.4 -23396 -968
61583 140 2.4 -23284 680
62378 140 2.4 -23488 -246
63182 140 2.4 -23564 -240
63997 140 2.4 -22904 -1128
64822 140 2.4 -23320 238
65658 140 2.4 -23128 -2582
66505 140 2.4 -23908 -1686
67363 140 2.4 -22720 -828
68232 140 2.4 -23276 1902
69112 140 2.4 -23252 -1930
70003 140 2.4 -24512 906
70906 140 2.4 -23764 -466
71821 140 2.4 -23280 -1168
72747 140 2.4 -23520 -722
73685 140 2.4 -23316 874
74636 140 2.4 -23584 -590
75599 140 2.4 -23932 3348
76574 140 2.4 -24128 -2714
77561 140 2.4 -23324 974
78562 140 2.4 -22952 -4
79575 140 2.4 -24136 -436
80601 140 2.4 -23696 612
81641 140 2.4 -23264 -40
82694 140 2.4 -24100 440
83760 140 2.4 -23440 -256
84841 140 2.4 -23696 1468
85935 140 2.4 -23788 706
87043 140 2.4 -24136 -1312
88166 140 2.4 -23776 168
89303 140 2.4 -23564 1928
90455 140 2.4 -23724 1978
91622 140 2.4 -23292 3202
92803 140 2.4 -23544 -3108
94000 140 2.4 -23164 -900
95213 140 2.4 -23268 222
96441 140 2.4 -23576 -4024
97685 140 2.4 -23832 -926
98945 140 2.4 -23672 2036
100221 140 2.4 -23932 2946
101513 140 2.4 -22648 -2250
102823 140 2.4 -23448 -2306
104149 140 2.4 -23596 1126
105492 140 2.4 -23888 -1468
106853 140 2.4 -24040 932
108231 140 2.4 -23608 1074
109627 140 2.4 -24016 2162
111041 140 2.4 -23508 436
112473 140 2.4 -23576 390
113924 140 2.4 -23872 -96
115393 140 2.4 -23660 652
116882 140 2.4 -23560 388
118389 140 2.4 -23488 2276
119916 140 2.4 -23820 60
121463 140 2.4 -23724 -1944
123029 140 2.4 -23316 1704
124616 140 2.4 -23468 406
126224 140 2.4 -23328 -1016
127852 140 2.4 -23616 1794
129501 140 2.4 -23620 3248
131171 140 2.4 -23668 -372
132863 140 2.4 -23776 1406
134576 140 2.4 -24020 -1362
136312 140 2.4 -24220 -680
138070 140 2.4 -23956 1730
139851 140 2.4 -23908 548
141655 140 2.4 -23748 1520
143482 140 2.4 -23456 1524
145333 140 2.4 -23760 1252
147207 140 2.4 -23288 1122
149106 140 2.4 -23224 210
151029 140 2.4 -23028 -1920
152977 140 2.4 -23688 -2382
154950 140 2.4 -23660 1828
156948 140 2.4 -23584 454
158973 140 2.4 -23884 -136
161023 140 2.4 -23184 -2136
163100 140 2.4 -24072 3646
165204 140 2.4 -23748 2382
167334 140 2.4 -23352 -3072
169493 140 2.4 -23940 1302
171679 140 2.4 -23408 -14
173893 140 2.4 -23048 -1212
176136 140 2.4 -23120 -1152
178408 140 2.4 -23868 994
180709 140 2.4 -23744 1188
183040 140 2.4 -23548 1894
185400 140 2.4 -23524 -3320
187792 140 2.4 -22904 -3758
190214 140 2.4 -23572 2400
192667 140 2.4 -23252 -1030
195152 140 2.4 -23752 -498
197669 140 2.4 -23332 1466
200219 140 2.4 -23524 -1808
202801 140 2.4 -23232 -584
205417 140 2.4 -24060 290
208066 140 2.4 -23656 -2358
210750 140 2.4 -23288 -1214
213468 140 2.4 -23784 -2460
216222 140 2.4 -23420 -584
219010 140 2.4 -23224 -1078
221835 140 2.4 -23132 -1318
224696 140 2.4 -23668 1974
227595 140 2.4 -23736 -1528
230530 140 2.4 -23284 2038
233503 140 2.4 -23456 -1760
236515 140 2.4 -24068 -676
239566 140 2.4 -23480 330
242656 140 2.4 -23328 -640
245785 140 2.4 -23296 196
248956 140 2.4 -23316 828
252167 140 2.4 -23332 1674
255419 140 2.4 -23032 1258
258713 140 2.4 -23240 826
262050 140 2.4 -24024 -1692
265430 140 2.4 -23320 -1036
268854 140 2.4 -24224 2026
272321 140 2.4 -23584 1472
275834 140 2.4 -23688 -274
279391 140 2.4 -23592 -3852
282995 140 2.4 -23648 -1722
286645 140 2.4 -23332 572
290342 140 2.4 -23916 -1922
294087 140 2.4 -23420 -156
297880 140 2.4 -23108 906
301722 140 2.4 -23412 -4694
305614 140 2.4 -24196 2816
309556 140 2.4 -24204 -1366
313548 140 2.4 -23712 -1090
317592 140 2.4 -23252 1444
321689 140 2.4 -23612 1504
325838 140 2.4 -23708 -1890
330040 140 2.4 -23920 1962
334297 140 2.4 -23044 1704
338609 140 2.4 -23352 3286
342976 140 2.4 -24072 -1230
347400 140 2.4 -23876 -1792
351881 140 2.4 -23752 -392
356419 140 2.4 -24180 1760
361016 140 2.4 -23448 -1290
365673 140 2.4 -23240 -566
370389 140 2.4 -23480 116
375167 140 2.4 -23468 1748
380005 140 2.4 -23356 -1526
384907 140 2.4 -23720 1914
389871 140 2.4 -23468 -110
394900 140 2.4 -23264 604
399993 140 2.4 -23168 -38
405152 140 2.4 -23644 -2
410378 140 2.4 -23840 -2266
415671 140 2.4 -23220 -140
421032 140 2.4 -23272 2038
426463 140 2.4 -23672 -746
431963 140 2.4 -23940 -1664
437535 140 2.4 -23376 -572
443178 140 2.4 -23664 2160
448894 140 2.4 -23124 1886
454684 140 2.4 -23380 3798
460548 140 2.4 -24024 -316
466489 140 2.4 -23364 -664
472505 140 2.4 -23696 -580
478600 140 2.4 -23076 -1360
484773 140 2.4 -23732 1192
491025 140 2.4 -23840 -3404
497358 140 2.4 -23596 -1184
503773 140 2.4 -23736 1376
510271 140 2.4 -23284 1548
516852 140 2.4 -24100 1900
523519 140 2.4 -23696 2538
530271 140 2.4 -23076 876
537111 140 2.4 -23748 2402
544038 140 2.4 -23656 -694
551055 140 2.4 -24028 2998
558163 140 2.4 -24020 1006
565362 140 2.4 -23568 -2294
572654 140 2.4 -24092 -442
580040 140 2.4 -23256 -432
587521 140 2.4 -23176 2296
595099 140 2.4 -23164 -222
602775 140 2.4 -23760 938
610549 140 2.4 -23884 1330
618424 140 2.4 -23484 708
626400 140 2.4 -23604 -472
634480 140 2.4 -22960 1062
642663 140 2.4 -23852 -2204
650952 140 2.4 -23856 126
659348 140 2.4 -24040 -1600
667853 140 2.4 -24472 -4440
676467 140 2.4 -23360 -2344
685192 140 2.4 -23892 -1184
694029 140 2.4 -24248 466
702981 140 2.4 -23740 252
712048 140 2.4 -23864 3248
721232 140 2.4 -23876 -2488
730534 140 2.4 -23656 -124
739957 140 2.4 -23248 1476
749500 140 2.4 -23740 10
759168 140 2.4 -23540 -3278
768959 140 2.4 -23276 2666
778877 140 2.4 -23836 3246
788923 140 2.4 -22940 1316
799099 140 2.4 -23484 -1558
809405 140 2.4 -23372 -598
819845 140 2.4 -23704 196
830419 140 2.4 -23812 -1488
841130 140 2.4 -23344 1132
851979 140 2.4 -23272 390
862968 140 2.4 -23000 1474
874098 140 2.4 -23700 -2598
885373 140 2.4 -24568 3144
896792 140 2.4 -23800 840
908359 140 2.4 -23324 -2234
920075 140 2.4 -23820 -1560
931942 140 2.4 -23576 160
943962 140 2.4 -23596 1252
956137 140 2.4 -23440 1144
968470 140 2.4 -23288 12
980961 140 2.4 -23608 -2218
993613 140 2.4 -23260 -1078
999999 140 2.4 -22964 -852
