3 100 2.4 -8848 276
4 100 2.4 -9288 384
5 100 2.4 -9704 342
6 100 2.4 -10220 614
7 100 2.4 -10176 512
8 100 2.4 -10416 710
9 100 2.4 -10596 868
10 100 2.4 -10760 1038
11 100 2.4 -10840 1084
12 100 2.4 -10856 890
13 100 2.4 -10796 674
14 100 2.4 -10748 550
15 100 2.4 -10920 416
16 100 2.4 -11000 542
17 100 2.4 -11384 568
18 100 2.4 -11404 712
19 100 2.4 -11548 692
20 100 2.4 -11844 802
21 100 2.4 -11692 854
22 100 2.4 -11916 664
23 100 2.4 -11776 664
24 100 2.4 -11776 762
25 100 2.4 -11708 716
26 100 2.4 -11428 530
27 100 2.4 -11740 580
28 100 2.4 -11588 652
29 100 2.4 -11972 754
30 100 2.4 -11844 866
31 100 2.4 -11656 952
32 100 2.4 -11696 798
33 100 2.4 -11624 928
34 100 2.4 -11976 1034
35 100 2.4 -11956 894
36 100 2.4 -11684 960
37 100 2.4 -11988 960
38 100 2.4 -12028 1172
39 100 2.4 -11808 1056
40 100 2.4 -11932 882
41 100 2.4 -11956 952
42 100 2.4 -12124 934
43 100 2.4 -11800 896
44 100 2.4 -11864 960
45 100 2.4 -11988 762
46 100 2.4 -11948 788
47 100 2.4 -11716 566
48 100 2.4 -11840 518
49 100 2.4 -11656 488
50 100 2.4 -11712 472
51 100 2.4 -11968 566
52 100 2.4 -12112 514
53 100 2.4 -12052 480
54 100 2.4 -11972 356
55 100 2.4 -11788 570
56 100 2.4 -11576 514
57 100 2.4 -11504 364
58 100 2.4 -11592 188
59 100 2.4 -11776 104
60 100 2.4 -11648 4
61 100 2.4 -11688 -110
62 100 2.4 -11764 -216
63 100 2.4 -11732 -228
64 100 2.4 -11756 -416
65 100 2.4 -11968 -440
66 100 2.4 -12048 -394
67 100 2.4 -11888 -474
68 100 2.4 -11872 -196
69 100 2.4 -11636 -54
70 100 2.4 -11716 -216
71 100 2.4 -11676 94
72 100 2.4 -11640 230
73 100 2.4 -11752 86
74 100 2.4 -11832 104
75 100 2.4 -11864 14
76 100 2.4 -11752 -182
77 100 2.4 -11536 -98
78 100 2.4 -11660 10
79 100 2.4 -11396 178
80 100 2.4 -11444 78
81 100 2.4 -11836 246
82 100 2.4 -11916 112
83 100 2.4 -11960 96
84 100 2.4 -11816 252
85 100 2.4 -11968 242
86 100 2.4 -11984 132
88 100 2.4 -11828 22
89 100 2.4 -11740 -102
90 100 2.4 -11936 -94
91 100 2.4 -11992 -178
92 100 2.4 -11888 -150
93 100 2.4 -11832 -150
95 100 2.4 -11804 -112
96 100 2.4 -11676 -156
97 100 2.4 -11712 -18
98 100 2.4 -11740 -222
99 100 2.4 -11456 -238
101 100 2.4 -11692 6
102 100 2.4 -11692 -130
103 100 2.4 -11632 -166
105 100 2.4 -11420 -106
106 100 2.4 -11416 -314
107 100 2.4 -11420 -296
109 100 2.4 -11248 -322
110 100 2.4 -11348 -306
112 100 2.4 -11560 -138
113 100 2.4 -11448 54
114 100 2.4 -11568 24
116 100 2.4 -11788 -64
117 100 2.4 -11836 -18
119 100 2.4 -11760 -118
120 100 2.4 -11876 -234
122 100 2.4 -11836 -154
124 100 2.4 -11756 -202
125 100 2.4 -11596 -56
127 100 2.4 -11744 -474
128 100 2.4 -11628 -282
130 100 2.4 -11980 -436
132 100 2.4 -11944 -478
133 100 2.4 -11980 -430
135 100 2.4 -11732 -228
137 100 2.4 -11760 -488
139 100 2.4 -11628 -434
140 100 2.4 -11572 -392
142 100 2.4 -11368 -144
144 100 2.4 -11412 -32
146 100 2.4 -11688 106
148 100 2.4 -11352 -22
150 100 2.4 -11908 -114
152 100 2.4 -11788 -104
154 100 2.4 -11632 -60
155 100 2.4 -11756 -136
157 100 2.4 -11856 -436
160 100 2.4 -12200 -408
162 100 2.4 -11976 -618
164 100 2.4 -11756 -588
166 100 2.4 -12108 -590
168 100 2.4 -12272 -578
170 100 2.4 -12148 -388
172 100 2.4 -11772 -272
174 100 2.4 -11940 8
177 100 2.4 -11932 84
179 100 2.4 -11852 82
181 100 2.4 -11808 156
184 100 2.4 -11788 254
186 100 2.4 -11796 298
188 100 2.4 -11732 416
191 100 2.4 -11816 552
193 100 2.4 -11532 450
196 100 2.4 -11916 342
198 100 2.4 -12008 610
201 100 2.4 -12212 752
203 100 2.4 -12644 726
206 100 2.4 -12736 788
209 100 2.4 -12392 970
211 100 2.4 -12156 960
214 100 2.4 -12040 712
217 100 2.4 -12052 638
220 100 2.4 -11816 356
222 100 2.4 -11944 498
225 100 2.4 -11772 568
228 100 2.4 -12128 710
231 100 2.4 -11816 386
234 100 2.4 -11840 168
237 100 2.4 -12040 520
240 100 2.4 -11944 72
243 100 2.4 -11832 94
246 100 2.4 -11708 202
250 100 2.4 -11612 52
253 100 2.4 -12092 116
256 100 2.4 -12016 -86
259 100 2.4 -12124 -154
263 100 2.4 -12080 -208
266 100 2.4 -12048 -240
269 100 2.4 -12332 52
273 100 2.4 -12124 -246
276 100 2.4 -12152 -164
280 100 2.4 -11744 58
284 100 2.4 -11708 340
287 100 2.4 -11784 616
291 100 2.4 -11756 610
295 100 2.4 -11896 1016
298 100 2.4 -12052 1014
302 100 2.4 -12300 1310
306 100 2.4 -12184 1218
310 100 2.4 -11856 1178
314 100 2.4 -11908 1276
318 100 2.4 -11972 982
322 100 2.4 -11724 1146
326 100 2.4 -11996 1302
331 100 2.4 -12244 1704
335 100 2.4 -12216 1718
339 100 2.4 -12240 1700
344 100 2.4 -12600 1288
348 100 2.4 -12720 1164
352 100 2.4 -11860 974
357 100 2.4 -12120 702
362 100 2.4 -12164 884
366 100 2.4 -12028 1056
371 100 2.4 -11628 992
376 100 2.4 -11572 1100
381 100 2.4 -12032 862
385 100 2.4 -11628 724
390 100 2.4 -11864 1096
395 100 2.4 -12356 570
401 100 2.4 -11908 648
406 100 2.4 -11960 564
411 100 2.4 -11924 706
416 100 2.4 -12564 712
422 100 2.4 -11676 780
427 100 2.4 -11872 660
433 100 2.4 -12152 270
438 100 2.4 -12224 286
444 100 2.4 -12120 -30
449 100 2.4 -11960 -314
455 100 2.4 -12160 -388
461 100 2.4 -11952 -36
467 100 2.4 -12036 0
473 100 2.4 -11876 -20
479 100 2.4 -12240 440
485 100 2.4 -12192 572
492 100 2.4 -12272 768
498 100 2.4 -12248 798
504 100 2.4 -12324 962
511 100 2.4 -12304 770
517 100 2.4 -12092 752
524 100 2.4 -12228 602
531 100 2.4 -11728 1064
538 100 2.4 -11780 1216
545 100 2.4 -11860 1286
552 100 2.4 -11808 1438
559 100 2.4 -12044 1406
566 100 2.4 -12504 1644
573 100 2.4 -12212 1296
581 100 2.4 -11936 1406
588 100 2.4 -12488 1782
596 100 2.4 -12108 1708
603 100 2.4 -12492 1926
611 100 2.4 -12096 1624
619 100 2.4 -12252 1522
627 100 2.4 -12140 1244
635 100 2.4 -12092 1264
643 100 2.4 -12012 1464
652 100 2.4 -12412 1422
660 100 2.4 -11780 1424
668 100 2.4 -12372 1534
677 100 2.4 -11852 1878
686 100 2.4 -11800 1834
695 100 2.4 -12108 1488
704 100 2.4 -11764 1378
713 100 2.4 -11984 1394
722 100 2.4 -12268 976
731 100 2.4 -12240 842
741 100 2.4 -11956 1178
750 100 2.4 -12456 1244
760 100 2.4 -12256 1176
770 100 2.4 -12692 1260
780 100 2.4 -12272 1052
790 100 2.4 -12224 926
800 100 2.4 -11672 1072
810 100 2.4 -12144 1526
821 100 2.4 -11776 1152
831 100 2.4 -11736 1284
842 100 2.4 -12192 1912
853 100 2.4 -12296 1592
864 100 2.4 -11844 1582
875 100 2.4 -12324 2064
886 100 2.4 -12168 1986
897 100 2.4 -12064 1450
909 100 2.4 -11708 1096
921 100 2.4 -11944 1346
933 100 2.4 -12112 1348
945 100 2.4 -12092 1278
957 100 2.4 -12184 988
969 100 2.4 -12216 744
982 100 2.4 -11816 500
994 100 2.4 -11596 314
1007 100 2.4 -11988 -30
1020 100 2.4 -12060 492
1033 100 2.4 -11832 494
1047 100 2.4 -11832 42
1060 100 2.4 -12012 550
1074 100 2.4 -12124 582
1088 100 2.4 -11776 754
1102 100 2.4 -12260 1238
1116 100 2.4 -12668 792
1130 100 2.4 -11840 878
1145 100 2.4 -12124 986
1160 100 2.4 -12004 1158
1174 100 2.4 -12768 1548
1190 100 2.4 -11728 1760
1205 100 2.4 -12056 1350
1220 100 2.4 -11748 900
1236 100 2.4 -12112 752
1252 100 2.4 -11608 536
1268 100 2.4 -11952 974
1285 100 2.4 -12392 896
1301 100 2.4 -12400 454
1318 100 2.4 -11768 8
1335 100 2.4 -11660 74
1352 100 2.4 -11660 -334
1370 100 2.4 -11728 444
1387 100 2.4 -12024 296
1405 100 2.4 -11532 684
1423 100 2.4 -11912 604
1442 100 2.4 -12308 548
1460 100 2.4 -12004 694
1479 100 2.4 -11724 1220
1498 100 2.4 -12096 1686
1517 100 2.4 -11868 790
1537 100 2.4 -12144 1552
1557 100 2.4 -11900 1926
1577 100 2.4 -12324 1484
1597 100 2.4 -12320 2168
1618 100 2.4 -12444 2130
1639 100 2.4 -12392 2620
1660 100 2.4 -12524 2908
1681 100 2.4 -11748 2590
1703 100 2.4 -11828 2324
1725 100 2.4 -12076 2396
1747 100 2.4 -12160 2684
1770 100 2.4 -12440 3140
1792 100 2.4 -12028 2762
1816 100 2.4 -12388 3122
1839 100 2.4 -11952 2552
1863 100 2.4 -11908 2156
1887 100 2.4 -12388 2904
1911 100 2.4 -12124 2222
1936 100 2.4 -12292 2266
1961 100 2.4 -12304 2048
1986 100 2.4 -11864 1180
2012 100 2.4 -11704 1724
2037 100 2.4 -12104 1350
2064 100 2.4 -12112 1104
2090 100 2.4 -11892 534
2117 100 2.4 -11792 452
2145 100 2.4 -12036 -880
2172 100 2.4 -11996 -774
2200 100 2.4 -11628 -670
2229 100 2.4 -11828 -396
2257 100 2.4 -11904 -268
2286 100 2.4 -12216 -728
2316 100 2.4 -11912 -576
2346 100 2.4 -12040 -1016
2376 100 2.4 -11968 126
2407 100 2.4 -11840 412
2438 100 2.4 -11952 788
2469 100 2.4 -12128 -158
2501 100 2.4 -12052 -74
2533 100 2.4 -12180 994
2566 100 2.4 -12068 1742
2599 100 2.4 -11896 1954
2633 100 2.4 -12168 2440
2667 100 2.4 -12356 3310
2701 100 2.4 -11856 2610
2736 100 2.4 -12032 2600
2771 100 2.4 -12132 2216
2807 100 2.4 -12268 1966
2843 100 2.4 -12476 1552
2880 100 2.4 -12108 1324
2917 100 2.4 -11832 970
2954 100 2.4 -11788 1578
2992 100 2.4 -11804 1350
3031 100 2.4 -11760 396
3070 100 2.4 -12368 300
3110 100 2.4 -11704 586
3150 100 2.4 -12016 1212
3190 100 2.4 -12440 1992
3232 100 2.4 -12556 2242
3273 100 2.4 -12252 2454
3315 100 2.4 -11976 1380
3358 100 2.4 -11972 1518
3402 100 2.4 -12048 1616
3445 100 2.4 -12316 464
3490 100 2.4 -12076 -132
3535 100 2.4 -11920 70
3580 100 2.4 -11752 -1024
3627 100 2.4 -11968 -542
3673 100 2.4 -12044 -1280
3721 100 2.4 -12204 -822
3769 100 2.4 -12000 -740
3817 100 2.4 -11848 2
3867 100 2.4 -12340 -132
3916 100 2.4 -12132 -296
3967 100 2.4 -11932 -148
4018 100 2.4 -11868 128
4070 100 2.4 -12152 -72
4122 100 2.4 -12184 -890
4176 100 2.4 -12080 102
4229 100 2.4 -11800 -4
4284 100 2.4 -11788 -100
4339 100 2.4 -12112 -164
4395 100 2.4 -12052 298
4452 100 2.4 -11964 2
4509 100 2.4 -11824 -684
4567 100 2.4 -11900 -190
4626 100 2.4 -11912 280
4686 100 2.4 -11860 -436
4746 100 2.4 -11896 168
4808 100 2.4 -11756 -320
4870 100 2.4 -12248 -250
4932 100 2.4 -11916 284
4996 100 2.4 -12084 316
5060 100 2.4 -12012 302
5126 100 2.4 -11932 -972
5192 100 2.4 -11816 468
5259 100 2.4 -11812 -310
5327 100 2.4 -11696 -864
5395 100 2.4 -11776 -50
5465 100 2.4 -12180 60
5535 100 2.4 -11860 460
5607 100 2.4 -11772 646
5679 100 2.4 -11708 216
5752 100 2.4 -11888 20
5826 100 2.4 -11916 -1062
5902 100 2.4 -11844 -1914
5978 100 2.4 -11916 -720
6055 100 2.4 -11636 -342
6133 100 2.4 -11752 -442
6212 100 2.4 -12036 -268
6292 100 2.4 -11896 -608
6373 100 2.4 -12200 -2140
6455 100 2.4 -12224 -2840
6539 100 2.4 -12124 -2974
6623 100 2.4 -12176 -2878
6708 100 2.4 -12268 -1802
6795 100 2.4 -11820 -1102
6883 100 2.4 -12040 -1098
6971 100 2.4 -11656 -1122
7061 100 2.4 -11856 -1660
7152 100 2.4 -11940 -1872
7245 100 2.4 -12624 -1200
7338 100 2.4 -11788 -566
7433 100 2.4 -12064 -182
7529 100 2.4 -12500 -342
7626 100 2.4 -11760 946
7724 100 2.4 -12300 182
7824 100 2.4 -12220 -454
7925 100 2.4 -12260 1704
8027 100 2.4 -11224 12
8130 100 2.4 -11652 276
8235 100 2.4 -12344 -1272
8341 100 2.4 -11776 -1254
8449 100 2.4 -12092 -1772
8558 100 2.4 -12068 -874
8668 100 2.4 -11972 -190
8780 100 2.4 -11988 800
8893 100 2.4 -11632 -1228
9008 100 2.4 -11940 -630
9124 100 2.4 -12076 2010
9242 100 2.4 -12196 656
9361 100 2.4 -12216 1124
9482 100 2.4 -12208 580
9604 100 2.4 -11744 392
9728 100 2.4 -11764 -716
9853 100 2.4 -12268 240
9980 100 2.4 -12320 -644
10109 100 2.4 -11780 -186
10240 100 2.4 -11900 318
10372 100 2.4 -11896 1824
10505 100 2.4 -11780 -204
10641 100 2.4 -12032 -1440
10778 100 2.4 -12140 -704
10917 100 2.4 -12160 -1318
11058 100 2.4 -11968 -962
11201 100 2.4 -11808 -1316
11345 100 2.4 -11440 122
11491 100 2.4 -12280 -1226
11640 100 2.4 -12280 -1126
11790 100 2.4 -12584 -354
11942 100 2.4 -12316 -270
12096 100 2.4 -12228 -102
12252 100 2.4 -11928 1198
12410 100 2.4 -12088 -176
12570 100 2.4 -11980 -912
12732 100 2.4 -12460 -24
12896 100 2.4 -12492 280
13062 100 2.4 -11768 336
13231 100 2.4 -11796 92
13402 100 2.4 -12060 -450
13574 100 2.4 -11836 -604
13750 100 2.4 -12148 -820
13927 100 2.4 -11748 -1298
14106 100 2.4 -11924 -326
14288 100 2.4 -11748 216
14473 100 2.4 -11904 -270
14659 100 2.4 -12180 -632
14848 100 2.4 -11904 598
15040 100 2.4 -12396 -94
15234 100 2.4 -12200 -1444
15430 100 2.4 -12220 -1112
15629 100 2.4 -12180 -1576
15831 100 2.4 -12444 2120
16035 100 2.4 -12316 1128
16242 100 2.4 -11992 1064
16451 100 2.4 -12128 -1184
16664 100 2.4 -12116 710
16879 100 2.4 -12584 1258
17096 100 2.4 -11764 1232
17317 100 2.4 -11592 -26
17540 100 2.4 -11672 1788
17766 100 2.4 -11696 960
17995 100 2.4 -12152 20
18228 100 2.4 -11900 -212
18463 100 2.4 -11964 1152
18701 100 2.4 -12088 2298
18942 100 2.4 -11608 1376
19186 100 2.4 -11916 -576
19434 100 2.4 -11924 -2806
19684 100 2.4 -12312 -3586
19938 100 2.4 -12112 -1122
20195 100 2.4 -12248 -238
20456 100 2.4 -11692 1312
20720 100 2.4 -11988 842
20987 100 2.4 -11948 1316
21258 100 2.4 -12472 -1214
21532 100 2.4 -12480 738
21810 100 2.4 -12056 -614
22091 100 2.4 -12116 -308
22376 100 2.4 -11904 252
22664 100 2.4 -11624 -16
22957 100 2.4 -11984 -1570
23253 100 2.4 -12252 246
23553 100 2.4 -11908 -540
23856 100 2.4 -12200 -1736
24164 100 2.4 -11748 -930
24476 100 2.4 -11992 -960
24791 100 2.4 -12136 -1526
25111 100 2.4 -11740 -1026
25435 100 2.4 -11720 -1800
25763 100 2.4 -12084 -264
26095 100 2.4 -12484 446
26432 100 2.4 -11940 2092
26773 100 2.4 -12260 3026
27118 100 2.4 -12216 1456
27468 100 2.4 -12328 1030
27822 100 2.4 -12332 -906
28181 100 2.4 -11744 -480
28545 100 2.4 -11556 -638
28913 100 2.4 -11852 -660
29286 100 2.4 -12396 634
29663 100 2.4 -11852 662
30046 100 2.4 -12176 1660
30434 100 2.4 -12312 286
30826 100 2.4 -11776 -36
31224 100 2.4 -11556 -76
31626 100 2.4 -12372 -1454
32034 100 2.4 -11884 490
32447 100 2.4 -11828 200
32866 100 2.4 -12256 -1104
33290 100 2.4 -12048 -2000
33719 100 2.4 -12228 -2248
34154 100 2.4 -11700 -2012
34595 100 2.4 -12320 606
35041 100 2.4 -12196 490
35493 100 2.4 -11652 758
35951 100 2.4 -11804 40
36414 100 2.4 -12096 2644
36884 100 2.4 -12260 1216
37360 100 2.4 -12248 2618
37841 100 2.4 -11872 1562
38330 100 2.4 -12252 -464
38824 100 2.4 -12608 -1550
39325 100 2.4 -12520 -444
39832 100 2.4 -12064 656
40346 100 2.4 -11688 1800
40866 100 2.4 -12496 -1618
41393 100 2.4 -11984 -826
41927 100 2.4 -12088 -548
42468 100 2.4 -11992 -818
43015 100 2.4 -11988 -1624
43570 100 2.4 -12080 -660
44132 100 2.4 -11848 -434
44701 100 2.4 -11892 -180
45278 100 2.4 -12128 -550
45862 100 2.4 -11912 -908
46453 100 2.4 -11700 238
47053 100 2.4 -11948 -52
47660 100 2.4 -12380 -502
48274 100 2.4 -12300 428
48897 100 2.4 -11816 -46
49528 100 2.4 -12032 -1264
50166 100 2.4 -11796 962
50813 100 2.4 -12032 2758
51469 100 2.4 -11780 2220
52133 100 2.4 -11600 -38
52805 100 2.4 -12588 1768
53486 100 2.4 -12092 -688
54176 100 2.4 -12448 1946
54875 100 2.4 -12056 -828
55582 100 2.4 -12576 -36
56299 100 2.4 -11832 -210
57025 100 2.4 -12512 -2784
57761 100 2.4 -11892 -492
58506 100 2.4 -12012 -914
59261 100 2.4 -11704 -714
60025 100 2.4 -12400 -798
60799 100 2.4 -11964 1674
61583 100 2.4 -12060 252
62378 100 2.4 -12224 722
63182 100 2.4 -12060 -326
63997 100 2.4 -11808 926
64822 100 2.4 -12364 1300
65658 100 2.4 -12324 2800
66505 100 2.4 -11832 -120
67363 100 2.4 -12172 776
68232 100 2.4 -11536 -1354
69112 100 2.4 -12064 1050
70003 100 2.4 -12100 -1034
70906 100 2.4 -12212 416
71821 100 2.4 -11984 -348
72747 100 2.4 -11744 294
73685 100 2.4 -12080 1030
74636 100 2.4 -12324 -1754
75599 100 2.4 -11868 96
76574 100 2.4 -12060 -2224
77561 100 2.4 -11976 478
78562 100 2.4 -12116 -2976
79575 100 2.4 -12616 -428
80601 100 2.4 -12020 -100
81641 100 2.4 -11932 -1430
82694 100 2.4 -12072 348
83760 100 2.4 -12184 -136
84841 100 2.4 -11952 -192
85935 100 2.4 -11840 -650
87043 100 2.4 -12020 250
88166 100 2.4 -11808 626
89303 100 2.4 -11900 -710
90455 100 2.4 -11996 706
91622 100 2.4 -12080 1250
92803 100 2.4 -12200 218
94000 100 2.4 -11840 642
95213 100 2.4 -11736 -1104
96441 100 2.4 -11832 -928
97685 100 2.4 -11888 -778
98945 100 2.4 -12064 -1162
100221 100 2.4 -11608 -144
101513 100 2.4 -12172 -2366
102823 100 2.4 -11836 538
104149 100 2.4 -12164 -842
105492 100 2.4 -12280 540
106853 100 2.4 -11692 1046
108231 100 2.4 -11732 -550
109627 100 2.4 -11828 -1768
111041 100 2.4 -11852 1404
112473 100 2.4 -11764 236
113924 100 2.4 -12044 870
115393 100 2.4 -12372 -266
116882 100 2.4 -12128 -126
118389 100 2.4 -12416 688
119916 100 2.4 -11456 -1498
121463 100 2.4 -12400 2616
123029 100 2.4 -12072 -316
124616 100 2.4 -11696 1146
126224 100 2.4 -12256 586
127852 100 2.4 -12208 896
129501 100 2.4 -12288 -474
131171 100 2.4 -11988 -380
132863 100 2.4 -12120 2700
134576 100 2.4 -11620 894
136312 100 2.4 -11740 428
138070 100 2.4 -12016 -1058
139851 100 2.4 -11716 164
141655 100 2.4 -11908 -432
143482 100 2.4 -11768 -2244
145333 100 2.4 -11820 864
147207 100 2.4 -12008 2146
149106 100 2.4 -12132 -2140
151029 100 2.4 -12384 -908
152977 100 2.4 -11588 1336
154950 100 2.4 -12044 -1168
156948 100 2.4 -12288 1140
158973 100 2.4 -12100 -810
161023 100 2.4 -11960 378
163100 100 2.4 -11912 -592
165204 100 2.4 -11904 -1086
167334 100 2.4 -12196 1116
169493 100 2.4 -12424 2948
171679 100 2.4 -12428 -3758
173893 100 2.4 -11452 -2392
176136 100 2.4 -12296 1346
178408 100 2.4 -11684 2344
180709 100 2.4 -12196 -454
183040 100 2.4 -12088 766
185400 100 2.4 -11920 -1632
187792 100 2.4 -11788 1190
190214 100 2.4 -11884 -200
192667 100 2.4 -12132 1306
195152 100 2.4 -12020 710
197669 100 2.4 -11944 -1978
200219 100 2.4 -11760 1852
202801 100 2.4 -11636 -1412
205417 100 2.4 -12192 664
208066 100 2.4 -11744 -502
210750 100 2.4 -11912 734
213468 100 2.4 -11844 70
216222 100 2.4 -12020 1100
219010 100 2.4 -12012 716
221835 100 2.4 -11964 -560
224696 100 2.4 -12388 988
227595 100 2.4 -11932 256
230530 100 2.4 -12024 -2050
233503 100 2.4 -12000 124
236515 100 2.4 -11980 -60
239566 100 2.4 -11800 -1908
242656 100 2.4 -12184 2072
245785 100 2.4 -12196 1470
248956 100 2.4 -12000 386
252167 100 2.4 -12180 1896
255419 100 2.4 -12344 -2162
258713 100 2.4 -12424 -430
262050 100 2.4 -12208 2874
265430 100 2.4 -12136 -1120
268854 100 2.4 -12000 266
272321 100 2.4 -12480 -248
275834 100 2.4 -12160 -508
279391 100 2.4 -11800 2250
282995 100 2.4 -11944 1128
286645 100 2.4 -12200 -1152
290342 100 2.4 -12108 -194
294087 100 2.4 -12204 -2428
297880 100 2.4 -12576 -1860
301722 100 2.4 -11912 524
305614 100 2.4 -12244 28
309556 100 2.4 -12356 2450
313548 100 2.4 -12040 -934
317592 100 2.4 -12016 1996
321689 100 2.4 -12016 270
325838 100 2.4 -12184 -1646
330040 100 2.4 -12240 36
334297 100 2.4 -12112 -2452
338609 100 2.4 -12332 502
342976 100 2.4 -11956 746
347400 100 2.4 -12260 -836
351881 100 2.4 -11956 -1660
356419 100 2.4 -11884 -1428
361016 100 2.4 -12392 -616
365673 100 2.4 -11940 622
370389 100 2.4 -11868 -34
375167 100 2.4 -12100 1002
380005 100 2.4 -12148 1560
384907 100 2.4 -11684 1818
389871 100 2.4 -11932 320
394900 100 2.4 -12536 -224
399993 100 2.4 -12244 760
405152 100 2.4 -11784 2118
410378 100 2.4 -12052 -306
415671 100 2.4 -11844 -636
421032 100 2.4 -11684 622
426463 100 2.4 -11928 -766
431963 100 2.4 -12596 -246
437535 100 2.4 -11912 40
443178 100 2.4 -11860 268
448894 100 2.4 -11912 836
454684 100 2.4 -12124 1148
460548 100 2.4 -12072 418
466489 100 2.4 -11936 1248
472505 100 2.4 -12020 -2788
478600 100 2.4 -12260 326
484773 100 2.4 -12248 -2174
491025 100 2.4 -11560 -1276
497358 100 2.4 -11912 1832
503773 100 2.4 -12328 -362
510271 100 2.4 -11664 672
516852 100 2.4 -11604 274
523519 100 2.4 -12012 -1410
530271 100 2.4 -12800 -308
537111 100 2.4 -11760 1844
544038 100 2.4 -12004 -234
551055 100 2.4 -12108 154
558163 100 2.4 -11552 650
565362 100 2.4 -11936 594
572654 100 2.4 -12572 -774
580040 100 2.4 -12252 -446
587521 100 2.4 -12244 1780
595099 100 2.4 -11796 -268
602775 100 2.4 -11872 -664
610549 100 2.4 -11948 -2098
618424 100 2.4 -12168 2598
626400 100 2.4 -11776 -218
634480 100 2.4 -12156 678
642663 100 2.4 -12516 620
650952 100 2.4 -12024 -534
659348 100 2.4 -12412 730
667853 100 2.4 -11976 1702
676467 100 2.4 -11780 526
685192 100 2.4 -12068 -28
694029 100 2.4 -12204 1242
702981 100 2.4 -11644 810
712048 100 2.4 -12152 -60
721232 100 2.4 -11844 -2370
730534 100 2.4 -12124 -138
739957 100 2.4 -11932 282
749500 100 2.4 -12044 -190
759168 100 2.4 -12176 -2358
768959 100 2.4 -11988 1496
778877 100 2.4 -12220 -572
788923 100 2.4 -11976 978
799099 100 2.4 -11672 -272
809405 100 2.4 -12256 1706
819845 100 2.4 -12064 -16
830419 100 2.4 -12324 1194
841130 100 2.4 -12136 68
851979 100 2.4 -11752 414
862968 100 2.4 -12248 -1068
874098 100 2.4 -11856 1282
885373 100 2.4 -12252 -1388
896792 100 2.4 -12608 -1328
908359 100 2.4 -12448 1346
920075 100 2.4 -12248 648
931942 100 2.4 -12344 -1962
943962 100 2.4 -11764 -1028
956137 100 2.4 -12156 1734
968470 100 2.4 -12224 40
980961 100 2.4 -11932 1294
993613 100 2.4 -12128 516
999999 100 2.4 -12216 -328
