3 60 2.1 -3600 6
4 60 2.1 -3832 128
5 60 2.1 -4004 186
6 60 2.1 -4104 202
7 60 2.1 -4320 204
8 60 2.1 -4224 202
9 60 2.1 -4368 152
10 60 2.1 -4328 260
11 60 2.1 -4424 308
12 60 2.1 -4588 194
13 60 2.1 -4584 122
14 60 2.1 -4628 128
15 60 2.1 -4544 134
16 60 2.1 -4632 86
17 60 2.1 -4828 72
18 60 2.1 -4808 32
19 60 2.1 -4844 -52
20 60 2.1 -5008 -66
21 60 2.1 -4936 -86
22 60 2.1 -4892 -94
23 60 2.1 -4864 -132
24 60 2.1 -5004 -210
25 60 2.1 -5052 -196
26 60 2.1 -4928 -222
27 60 2.1 -4920 -196
28 60 2.1 -4956 -222
29 60 2.1 -4988 -170
30 60 2.1 -5112 -138
31 60 2.1 -5068 -242
32 60 2.1 -5060 -160
33 60 2.1 -5012 -114
34 60 2.1 -5120 -58
35 60 2.1 -5040 -128
36 60 2.1 -4992 -64
37 60 2.1 -4968 -26
38 60 2.1 -5180 -20
39 60 2.1 -5216 -62
40 60 2.1 -5220 18
41 60 2.1 -5252 16
42 60 2.1 -5144 44
43 60 2.1 -5220 42
44 60 2.1 -5100 -64
45 60 2.1 -5128 -42
46 60 2.1 -5172 -10
47 60 2.1 -5252 -2
48 60 2.1 -5184 46
49 60 2.1 -5144 14
50 60 2.1 -5224 48
51 60 2.1 -5272 52
52 60 2.1 -5220 8
53 60 2.1 -5332 10
54 60 2.1 -5292 58
55 60 2.1 -5320 28
56 60 2.1 -5380 10
57 60 2.1 -5368 -70
58 60 2.1 -5248 20
59 60 2.1 -5296 16
60 60 2.1 -5344 -20
61 60 2.1 -5316 -110
62 60 2.1 -5324 -120
63 60 2.1 -5424 46
64 60 2.1 -5524 50
65 60 2.1 -5444 -8
66 60 2.1 -5460 -34
67 60 2.1 -5472 -54
68 60 2.1 -5316 -124
69 60 2.1 -5320 -78
70 60 2.1 -5252 -128
71 60 2.1 -5468 -156
72 60 2.1 -5496 -192
73 60 2.1 -5468 -278
74 60 2.1 -5488 -306
75 60 2.1 -5356 -304
76 60 2.1 -5308 -348
77 60 2.1 -5464 -302
78 60 2.1 -5576 -280
79 60 2.1 -5424 -244
80 60 2.1 -5388 -242
81 60 2.1 -5572 -330
82 60 2.1 -5520 -284
83 60 2.1 -5420 -298
84 60 2.1 -5240 -348
85 60 2.1 -5260 -450
86 60 2.1 -5288 -480
88 60 2.1 -5564 -438
89 60 2.1 -5544 -414
90 60 2.1 -5440 -406
91 60 2.1 -5396 -380
92 60 2.1 -5388 -352
93 60 2.1 -5384 -328
95 60 2.1 -5428 -290
96 60 2.1 -5392 -234
97 60 2.1 -5424 -206
98 60 2.1 -5320 -198
99 60 2.1 -5392 -256
101 60 2.1 -5412 -324
102 60 2.1 -5416 -296
103 60 2.1 -5576 -296
105 60 2.1 -5436 -320
106 60 2.1 -5464 -310
107 60 2.1 -5428 -314
109 60 2.1 -5288 -432
110 60 2.1 -5288 -364
112 60 2.1 -5168 -428
113 60 2.1 -5268 -436
114 60 2.1 -5316 -426
116 60 2.1 -5368 -438
117 60 2.1 -5424 -396
119 60 2.1 -5500 -390
120 60 2.1 -5596 -452
122 60 2.1 -5444 -358
124 60 2.1 -5376 -432
125 60 2.1 -5388 -508
127 60 2.1 -5412 -542
128 60 2.1 -5460 -564
130 60 2.1 -5412 -558
132 60 2.1 -5496 -564
133 60 2.1 -5500 -508
135 60 2.1 -5360 -446
137 60 2.1 -5324 -470
139 60 2.1 -5456 -542
140 60 2.1 -5432 -442
142 60 2.1 -5464 -422
144 60 2.1 -5556 -490
146 60 2.1 -5484 -504
148 60 2.1 -5528 -326
150 60 2.1 -5520 -480
152 60 2.1 -5576 -506
154 60 2.1 -5564 -512
155 60 2.1 -5512 -550
157 60 2.1 -5568 -672
160 60 2.1 -5556 -628
162 60 2.1 -5588 -596
164 60 2.1 -5404 -586
166 60 2.1 -5348 -558
168 60 2.1 -5532 -562
170 60 2.1 -5504 -622
172 60 2.1 -5604 -600
174 60 2.1 -5464 -598
177 60 2.1 -5448 -540
179 60 2.1 -5404 -460
181 60 2.1 -5420 -596
184 60 2.1 -5512 -624
186 60 2.1 -5360 -580
188 60 2.1 -5324 -534
191 60 2.1 -5508 -418
193 60 2.1 -5320 -400
196 60 2.1 -5268 -346
198 60 2.1 -5232 -394
201 60 2.1 -5384 -374
203 60 2.1 -5488 -378
206 60 2.1 -5496 -448
209 60 2.1 -5508 -542
211 60 2.1 -5312 -406
214 60 2.1 -5424 -484
217 60 2.1 -5304 -432
220 60 2.1 -5328 -414
222 60 2.1 -5468 -448
225 60 2.1 -5432 -450
228 60 2.1 -5408 -348
231 60 2.1 -5252 -384
234 60 2.1 -5452 -468
237 60 2.1 -5484 -448
240 60 2.1 -5480 -446
243 60 2.1 -5464 -542
246 60 2.1 -5476 -500
250 60 2.1 -5384 -536
253 60 2.1 -5296 -588
256 60 2.1 -5296 -602
259 60 2.1 -5524 -744
263 60 2.1 -5436 -634
266 60 2.1 -5476 -680
269 60 2.1 -5340 -824
273 60 2.1 -5464 -592
276 60 2.1 -5420 -614
280 60 2.1 -5504 -544
284 60 2.1 -5472 -584
287 60 2.1 -5488 -466
291 60 2.1 -5636 -546
295 60 2.1 -5320 -428
298 60 2.1 -5376 -466
302 60 2.1 -5404 -370
306 60 2.1 -5424 -480
310 60 2.1 -5604 -484
314 60 2.1 -5552 -428
318 60 2.1 -5436 -398
322 60 2.1 -5672 -490
326 60 2.1 -5616 -430
331 60 2.1 -5612 -502
335 60 2.1 -5560 -476
339 60 2.1 -5592 -504
344 60 2.1 -5492 -678
348 60 2.1 -5444 -672
352 60 2.1 -5336 -512
357 60 2.1 -5476 -562
362 60 2.1 -5708 -522
366 60 2.1 -5484 -416
371 60 2.1 -5508 -430
376 60 2.1 -5424 -310
381 60 2.1 -5400 -288
385 60 2.1 -5544 -328
390 60 2.1 -5400 -438
395 60 2.1 -5564 -408
401 60 2.1 -5632 -268
406 60 2.1 -5496 -202
411 60 2.1 -5424 -70
416 60 2.1 -5332 -196
422 60 2.1 -5428 -288
427 60 2.1 -5496 -458
433 60 2.1 -5376 -356
438 60 2.1 -5416 -396
444 60 2.1 -5452 -480
449 60 2.1 -5564 -588
455 60 2.1 -5688 -706
461 60 2.1 -5608 -574
467 60 2.1 -5580 -600
473 60 2.1 -5568 -650
479 60 2.1 -5708 -846
485 60 2.1 -5668 -768
492 60 2.1 -5484 -862
498 60 2.1 -5544 -902
504 60 2.1 -5460 -792
511 60 2.1 -5260 -756
517 60 2.1 -5380 -698
524 60 2.1 -5492 -820
531 60 2.1 -5672 -932
538 60 2.1 -5556 -958
545 60 2.1 -5328 -906
552 60 2.1 -5576 -996
559 60 2.1 -5516 -940
566 60 2.1 -5636 -984
573 60 2.1 -5512 -1082
581 60 2.1 -5456 -1030
588 60 2.1 -5708 -918
596 60 2.1 -5516 -882
603 60 2.1 -5324 -804
611 60 2.1 -5440 -1006
619 60 2.1 -5220 -552
627 60 2.1 -5604 -764
635 60 2.1 -5548 -680
643 60 2.1 -5424 -708
652 60 2.1 -5752 -826
660 60 2.1 -5500 -774
668 60 2.1 -5404 -764
677 60 2.1 -5564 -828
686 60 2.1 -5504 -754
695 60 2.1 -5632 -650
704 60 2.1 -5472 -642
713 60 2.1 -5604 -598
722 60 2.1 -5468 -576
731 60 2.1 -5580 -542
741 60 2.1 -5644 -438
750 60 2.1 -5736 -468
760 60 2.1 -5568 -192
770 60 2.1 -5676 -220
780 60 2.1 -5468 -318
790 60 2.1 -5684 -310
800 60 2.1 -5632 -154
810 60 2.1 -5492 -274
821 60 2.1 -5580 -300
831 60 2.1 -5796 -242
842 60 2.1 -5668 -80
853 60 2.1 -5336 168
864 60 2.1 -5624 -102
875 60 2.1 -5736 -202
886 60 2.1 -5396 -424
897 60 2.1 -5596 -676
909 60 2.1 -5420 -682
921 60 2.1 -5352 -842
933 60 2.1 -5716 -992
945 60 2.1 -5520 -710
957 60 2.1 -5432 -616
969 60 2.1 -5532 -594
982 60 2.1 -5600 -516
994 60 2.1 -5676 -430
1007 60 2.1 -5556 -530
1020 60 2.1 -5760 -588
1033 60 2.1 -5528 -668
1047 60 2.1 -5640 -704
1060 60 2.1 -5420 -564
1074 60 2.1 -5560 -450
1088 60 2.1 -5572 -600
1102 60 2.1 -5564 -524
1116 60 2.1 -5488 -606
1130 60 2.1 -5268 -566
1145 60 2.1 -5528 -564
1160 60 2.1 -5700 -574
1174 60 2.1 -5484 -672
1190 60 2.1 -5852 -864
1205 60 2.1 -5436 -912
1220 60 2.1 -5392 -740
1236 60 2.1 -5408 -832
1252 60 2.1 -5628 -910
1268 60 2.1 -5568 -592
1285 60 2.1 -5440 -386
1301 60 2.1 -5472 -146
1318 60 2.1 -5516 -192
1335 60 2.1 -5628 -536
1352 60 2.1 -5644 -238
1370 60 2.1 -5608 -36
1387 60 2.1 -5536 -270
1405 60 2.1 -5380 -56
1423 60 2.1 -5308 -34
1442 60 2.1 -5604 398
1460 60 2.1 -5856 428
1479 60 2.1 -5728 468
1498 60 2.1 -5688 586
1517 60 2.1 -5716 724
1537 60 2.1 -5584 650
1557 60 2.1 -5376 784
1577 60 2.1 -5568 750
1597 60 2.1 -5648 776
1618 60 2.1 -5632 794
1639 60 2.1 -5652 702
1660 60 2.1 -5564 956
1681 60 2.1 -5548 814
1703 60 2.1 -5596 880
1725 60 2.1 -5788 676
1747 60 2.1 -5592 470
1770 60 2.1 -5688 314
1792 60 2.1 -5612 190
1816 60 2.1 -5488 -200
1839 60 2.1 -5472 -300
1863 60 2.1 -5552 50
1887 60 2.1 -5640 16
1911 60 2.1 -5792 -64
1936 60 2.1 -5572 72
1961 60 2.1 -5312 -2
1986 60 2.1 -5552 26
2012 60 2.1 -5540 66
2037 60 2.1 -5444 206
2064 60 2.1 -5484 596
2090 60 2.1 -5448 560
2117 60 2.1 -5460 242
2145 60 2.1 -5624 304
2172 60 2.1 -5748 172
2200 60 2.1 -5424 -152
2229 60 2.1 -5632 -264
2257 60 2.1 -5404 384
2286 60 2.1 -5352 644
2316 60 2.1 -5656 328
2346 60 2.1 -5516 290
2376 60 2.1 -5616 486
2407 60 2.1 -5428 160
2438 60 2.1 -5308 358
2469 60 2.1 -5588 670
2501 60 2.1 -5636 676
2533 60 2.1 -5608 922
2566 60 2.1 -5564 656
2599 60 2.1 -5640 606
2633 60 2.1 -5752 382
2667 60 2.1 -5768 -20
2701 60 2.1 -5400 204
2736 60 2.1 -5504 360
2771 60 2.1 -5460 352
2807 60 2.1 -5408 504
2843 60 2.1 -5772 814
2880 60 2.1 -5672 850
2917 60 2.1 -5604 636
2954 60 2.1 -5696 398
2992 60 2.1 -5600 666
3031 60 2.1 -5516 464
3070 60 2.1 -5604 182
3110 60 2.1 -5712 204
3150 60 2.1 -5424 356
3190 60 2.1 -5432 660
3232 60 2.1 -5620 676
3273 60 2.1 -5632 874
3315 60 2.1 -5420 688
3358 60 2.1 -5684 1024
3402 60 2.1 -5708 1116
3445 60 2.1 -5632 1352
3490 60 2.1 -5520 1510
3535 60 2.1 -5620 1342
3580 60 2.1 -5632 1762
3627 60 2.1 -5560 2086
3673 60 2.1 -5408 2154
3721 60 2.1 -5952 2786
3769 60 2.1 -5932 2788
3817 60 2.1 -5904 2940
3867 60 2.1 -5756 2812
3916 60 2.1 -5796 2808
3967 60 2.1 -5632 2792
4018 60 2.1 -5896 3082
4070 60 2.1 -6040 3088
4122 60 2.1 -6132 3236
4176 60 2.1 -6016 3208
4229 60 2.1 -5952 3170
4284 60 2.1 -6008 3134
4339 60 2.1 -6052 3188
4395 60 2.1 -5884 3092
4452 60 2.1 -6072 3206
4509 60 2.1 -5876 3058
4567 60 2.1 -6120 3198
4626 60 2.1 -6064 3164
4686 60 2.1 -6140 3248
4746 60 2.1 -6164 3258
4808 60 2.1 -5928 3082
4870 60 2.1 -5944 3120
4932 60 2.1 -5976 3160
4996 60 2.1 -5964 3114
5060 60 2.1 -5912 3096
5126 60 2.1 -6060 3154
5192 60 2.1 -5696 3052
5259 60 2.1 -6040 3170
5327 60 2.1 -5836 3120
5395 60 2.1 -6060 3178
5465 60 2.1 -6024 3198
5535 60 2.1 -5972 3120
5607 60 2.1 -6012 3058
5679 60 2.1 -5804 2858
5752 60 2.1 -5928 3024
5826 60 2.1 -6008 3094
5902 60 2.1 -5736 3018
5978 60 2.1 -5956 3072
6055 60 2.1 -6148 3130
6133 60 2.1 -6144 3224
6212 60 2.1 -5708 2938
6292 60 2.1 -6044 3190
6373 60 2.1 -5904 3098
6455 60 2.1 -5960 3140
6539 60 2.1 -5972 3162
6623 60 2.1 -6112 3232
6708 60 2.1 -6012 3170
6795 60 2.1 -5880 2992
6883 60 2.1 -5896 3154
6971 60 2.1 -6032 3216
7061 60 2.1 -6044 3174
7152 60 2.1 -5916 3136
7245 60 2.1 -6144 3212
7338 60 2.1 -6156 3182
7433 60 2.1 -5948 3072
7529 60 2.1 -5856 3098
7626 60 2.1 -5988 3046
7724 60 2.1 -5932 3106
7824 60 2.1 -6028 3128
7925 60 2.1 -5972 3116
8027 60 2.1 -6112 3206
8130 60 2.1 -6020 3154
8235 60 2.1 -6112 3194
8341 60 2.1 -5896 3070
8449 60 2.1 -5672 2968
8558 60 2.1 -5960 3092
8668 60 2.1 -5900 3084
8780 60 2.1 -5956 2932
8893 60 2.1 -6040 3196
9008 60 2.1 -6104 3210
9124 60 2.1 -5892 3096
9242 60 2.1 -5860 3084
9361 60 2.1 -5960 3074
9482 60 2.1 -5996 3134
9604 60 2.1 -6100 3170
9728 60 2.1 -5844 2998
9853 60 2.1 -5852 3024
9980 60 2.1 -6144 3230
10109 60 2.1 -6016 3144
10240 60 2.1 -6184 3236
10372 60 2.1 -5952 3080
10505 60 2.1 -6104 3230
10641 60 2.1 -5876 3116
10778 60 2.1 -5968 3164
10917 60 2.1 -5872 2970
11058 60 2.1 -5944 3132
11201 60 2.1 -6132 3188
11345 60 2.1 -5716 2994
11491 60 2.1 -6020 3142
11640 60 2.1 -5940 3078
11790 60 2.1 -5868 3144
11942 60 2.1 -5748 3010
12096 60 2.1 -6080 3214
12252 60 2.1 -6236 3282
12410 60 2.1 -6232 3276
12570 60 2.1 -6088 3178
12732 60 2.1 -6172 3224
12896 60 2.1 -5980 3152
13062 60 2.1 -5856 3126
13231 60 2.1 -6084 3176
13402 60 2.1 -6016 3124
13574 60 2.1 -6084 3228
13750 60 2.1 -5928 3062
13927 60 2.1 -5984 3092
14106 60 2.1 -5620 2944
14288 60 2.1 -5888 3092
14473 60 2.1 -5996 3126
14659 60 2.1 -6076 3170
14848 60 2.1 -5916 3134
15040 60 2.1 -6084 3146
15234 60 2.1 -5860 3140
15430 60 2.1 -6096 3194
15629 60 2.1 -6024 3038
15831 60 2.1 -5912 3142
16035 60 2.1 -6068 3186
16242 60 2.1 -5984 3128
16451 60 2.1 -6112 3206
16664 60 2.1 -5756 3068
16879 60 2.1 -6000 3182
17096 60 2.1 -5820 2662
17317 60 2.1 -6032 3162
17540 60 2.1 -5892 3050
17766 60 2.1 -5932 3088
17995 60 2.1 -5956 3138
18228 60 2.1 -6048 3206
18463 60 2.1 -5824 3110
18701 60 2.1 -6032 3176
18942 60 2.1 -6060 3164
19186 60 2.1 -5840 3044
19434 60 2.1 -6228 3300
19684 60 2.1 -6024 3080
19938 60 2.1 -5836 3034
20195 60 2.1 -5880 3068
20456 60 2.1 -5844 3060
20720 60 2.1 -6276 3282
20987 60 2.1 -5604 2904
21258 60 2.1 -6028 3156
21532 60 2.1 -5716 2932
21810 60 2.1 -5560 2840
22091 60 2.1 -5852 3074
22376 60 2.1 -6036 3176
22664 60 2.1 -6144 3214
22957 60 2.1 -5972 3044
23253 60 2.1 -6076 3190
23553 60 2.1 -6120 3180
23856 60 2.1 -6132 3194
24164 60 2.1 -6056 3182
24476 60 2.1 -6068 3168
24791 60 2.1 -5856 3068
25111 60 2.1 -5940 3110
25435 60 2.1 -5916 3050
25763 60 2.1 -6092 3168
26095 60 2.1 -5828 2820
26432 60 2.1 -5664 2960
26773 60 2.1 -6124 3238
27118 60 2.1 -6120 3208
27468 60 2.1 -6104 3238
27822 60 2.1 -6004 3074
28181 60 2.1 -5936 3118
28545 60 2.1 -6056 3156
28913 60 2.1 -5956 2992
29286 60 2.1 -5980 3082
29663 60 2.1 -5996 3176
30046 60 2.1 -6220 3284
30434 60 2.1 -6040 3164
30826 60 2.1 -5772 3102
31224 60 2.1 -6084 3164
31626 60 2.1 -5940 3088
32034 60 2.1 -5960 3096
32447 60 2.1 -5868 3070
32866 60 2.1 -5984 3104
33290 60 2.1 -5900 3080
33719 60 2.1 -5980 3100
34154 60 2.1 -5788 3082
34595 60 2.1 -6192 3248
35041 60 2.1 -6196 3228
35493 60 2.1 -5972 3112
35951 60 2.1 -6056 3188
36414 60 2.1 -6012 3132
36884 60 2.1 -6044 3188
37360 60 2.1 -6080 3192
37841 60 2.1 -5932 3130
38330 60 2.1 -6116 3200
38824 60 2.1 -6100 3202
39325 60 2.1 -6032 3150
39832 60 2.1 -6048 3190
40346 60 2.1 -6172 3192
40866 60 2.1 -6096 3212
41393 60 2.1 -6060 3224
41927 60 2.1 -5980 3144
42468 60 2.1 -5868 3140
43015 60 2.1 -5928 3144
43570 60 2.1 -6256 3222
44132 60 2.1 -6004 3148
44701 60 2.1 -5840 3074
45278 60 2.1 -6024 3200
45862 60 2.1 -6116 3184
46453 60 2.1 -6236 3266
47053 60 2.1 -5736 2892
47660 60 2.1 -6000 3190
48274 60 2.1 -5872 3112
48897 60 2.1 -5852 3030
49528 60 2.1 -5932 3134
50166 60 2.1 -5824 3066
50813 60 2.1 -5924 3128
51469 60 2.1 -5968 3072
52133 60 2.1 -5724 2992
52805 60 2.1 -5948 3116
53486 60 2.1 -5976 3128
54176 60 2.1 -5880 3088
54875 60 2.1 -6152 3248
55582 60 2.1 -6020 3148
56299 60 2.1 -5984 3030
57025 60 2.1 -6020 3136
57761 60 2.1 -5964 3098
58506 60 2.1 -6148 3230
59261 60 2.1 -5900 2932
60025 60 2.1 -5992 3164
60799 60 2.1 -5996 3182
61583 60 2.1 -5856 2998
62378 60 2.1 -6220 3274
63182 60 2.1 -5900 3126
63997 60 2.1 -6008 3156
64822 60 2.1 -5988 3154
65658 60 2.1 -6000 3170
66505 60 2.1 -5984 3152
67363 60 2.1 -6112 3202
68232 60 2.1 -5912 3028
69112 60 2.1 -6000 3174
70003 60 2.1 -5980 3186
70906 60 2.1 -5772 3084
71821 60 2.1 -6048 3208
72747 60 2.1 -5928 3092
73685 60 2.1 -5992 3176
74636 60 2.1 -5936 3132
75599 60 2.1 -6092 3208
76574 60 2.1 -6048 3138
77561 60 2.1 -6060 3182
78562 60 2.1 -5852 3024
79575 60 2.1 -6108 3160
80601 60 2.1 -5760 2992
81641 60 2.1 -6104 3168
82694 60 2.1 -5840 3086
83760 60 2.1 -5768 3036
84841 60 2.1 -5928 3118
85935 60 2.1 -6012 3076
87043 60 2.1 -5904 3106
88166 60 2.1 -5908 3110
89303 60 2.1 -5928 3084
90455 60 2.1 -5688 3008
91622 60 2.1 -5908 3048
92803 60 2.1 -6068 3196
94000 60 2.1 -5952 3104
95213 60 2.1 -6132 3226
96441 60 2.1 -6132 3220
97685 60 2.1 -5964 3104
98945 60 2.1 -5988 3106
100221 60 2.1 -6292 3244
101513 60 2.1 -5920 3114
102823 60 2.1 -5988 3122
104149 60 2.1 -6016 3132
105492 60 2.1 -5876 2984
106853 60 2.1 -6244 3286
108231 60 2.1 -5864 3092
109627 60 2.1 -6048 3160
111041 60 2.1 -5992 3192
112473 60 2.1 -5940 3108
113924 60 2.1 -5940 3030
115393 60 2.1 -6024 3174
116882 60 2.1 -6232 3260
118389 60 2.1 -6028 3128
119916 60 2.1 -6008 3176
121463 60 2.1 -6048 3186
123029 60 2.1 -5864 3062
124616 60 2.1 -6108 3130
126224 60 2.1 -6108 3124
127852 60 2.1 -6040 3170
129501 60 2.1 -6120 3220
131171 60 2.1 -6128 3166
132863 60 2.1 -5928 3108
134576 60 2.1 -5860 3126
136312 60 2.1 -6100 3244
138070 60 2.1 -6124 3214
139851 60 2.1 -6188 3236
141655 60 2.1 -5836 3104
143482 60 2.1 -5980 3174
145333 60 2.1 -6100 3162
147207 60 2.1 -6000 3180
149106 60 2.1 -6004 3146
151029 60 2.1 -6100 3196
152977 60 2.1 -6096 3114
154950 60 2.1 -5928 3154
156948 60 2.1 -5884 3118
158973 60 2.1 -6028 3222
161023 60 2.1 -6184 3242
163100 60 2.1 -5864 3134
165204 60 2.1 -5836 3042
167334 60 2.1 -6060 3178
169493 60 2.1 -6056 3198
171679 60 2.1 -5976 3158
173893 60 2.1 -5976 3174
176136 60 2.1 -6088 3230
178408 60 2.1 -5840 2994
180709 60 2.1 -5796 3028
183040 60 2.1 -5872 3108
185400 60 2.1 -5924 2984
187792 60 2.1 -6012 3174
190214 60 2.1 -5968 3090
192667 60 2.1 -5848 3064
195152 60 2.1 -6152 3166
197669 60 2.1 -5848 2958
200219 60 2.1 -5948 3088
202801 60 2.1 -6152 3230
205417 60 2.1 -5960 3154
208066 60 2.1 -5744 2982
210750 60 2.1 -6124 3252
213468 60 2.1 -6240 3274
216222 60 2.1 -5912 3096
219010 60 2.1 -6004 3154
221835 60 2.1 -5976 3140
224696 60 2.1 -5936 3112
227595 60 2.1 -6140 3214
230530 60 2.1 -6136 3162
233503 60 2.1 -5872 2942
236515 60 2.1 -6108 3202
239566 60 2.1 -5724 2874
242656 60 2.1 -5932 3094
245785 60 2.1 -6140 3244
248956 60 2.1 -6144 3198
252167 60 2.1 -5968 3106
255419 60 2.1 -5876 3160
258713 60 2.1 -6016 3162
262050 60 2.1 -5832 3008
265430 60 2.1 -6076 3134
268854 60 2.1 -6064 3088
272321 60 2.1 -5772 2998
275834 60 2.1 -5952 3100
279391 60 2.1 -6112 3214
282995 60 2.1 -6160 3256
286645 60 2.1 -6040 3140
290342 60 2.1 -5852 2984
294087 60 2.1 -6052 3150
297880 60 2.1 -5996 3050
301722 60 2.1 -6184 3270
305614 60 2.1 -6056 3150
309556 60 2.1 -6008 3144
313548 60 2.1 -6024 3164
317592 60 2.1 -6068 3192
321689 60 2.1 -5832 3024
325838 60 2.1 -5980 3116
330040 60 2.1 -5944 3102
334297 60 2.1 -5792 2964
338609 60 2.1 -5916 3158
342976 60 2.1 -6112 3194
347400 60 2.1 -5984 3126
351881 60 2.1 -5992 3152
356419 60 2.1 -6028 3204
361016 60 2.1 -6040 3184
365673 60 2.1 -5696 2960
370389 60 2.1 -5928 3050
375167 60 2.1 -5940 3086
380005 60 2.1 -6012 3046
384907 60 2.1 -6020 3188
389871 60 2.1 -5832 3056
394900 60 2.1 -5868 3016
399993 60 2.1 -5836 3098
405152 60 2.1 -5804 3060
410378 60 2.1 -5920 3116
415671 60 2.1 -5916 3132
421032 60 2.1 -5952 3116
426463 60 2.1 -5932 3062
431963 60 2.1 -5932 3138
437535 60 2.1 -5792 3032
443178 60 2.1 -6052 3180
448894 60 2.1 -5856 3124
454684 60 2.1 -5828 3012
460548 60 2.1 -6060 3174
466489 60 2.1 -5844 3100
472505 60 2.1 -5888 3120
478600 60 2.1 -5828 3042
484773 60 2.1 -6164 3212
491025 60 2.1 -6056 3164
497358 60 2.1 -6096 3194
503773 60 2.1 -5972 3140
510271 60 2.1 -6236 3282
516852 60 2.1 -6160 3194
523519 60 2.1 -6056 3150
530271 60 2.1 -6012 3174
537111 60 2.1 -5892 3072
544038 60 2.1 -6100 3244
551055 60 2.1 -6048 3138
558163 60 2.1 -5844 3074
565362 60 2.1 -5816 2994
572654 60 2.1 -5940 3126
580040 60 2.1 -6144 3260
587521 60 2.1 -6008 3096
595099 60 2.1 -6028 3152
602775 60 2.1 -5968 3166
610549 60 2.1 -6032 3192
618424 60 2.1 -6052 3196
626400 60 2.1 -6060 3132
634480 60 2.1 -5948 3138
642663 60 2.1 -5856 3094
650952 60 2.1 -5912 3088
659348 60 2.1 -6072 3206
667853 60 2.1 -5936 3014
676467 60 2.1 -6008 2974
685192 60 2.1 -6064 3202
694029 60 2.1 -6056 3234
702981 60 2.1 -6096 3186
712048 60 2.1 -5868 3068
721232 60 2.1 -5980 3064
730534 60 2.1 -5940 3084
739957 60 2.1 -5976 3144
749500 60 2.1 -5776 2856
759168 60 2.1 -5784 2744
768959 60 2.1 -5892 3018
778877 60 2.1 -5988 3178
788923 60 2.1 -6004 3162
799099 60 2.1 -6152 3254
809405 60 2.1 -6024 3168
819845 60 2.1 -6008 3180
830419 60 2.1 -5904 3160
841130 60 2.1 -5900 3102
851979 60 2.1 -6092 3198
862968 60 2.1 -6152 3220
874098 60 2.1 -6080 3198
885373 60 2.1 -6064 3200
896792 60 2.1 -6080 3090
908359 60 2.1 -5964 3142
920075 60 2.1 -6064 3204
931942 60 2.1 -6004 3188
943962 60 2.1 -5932 3120
956137 60 2.1 -6140 3198
968470 60 2.1 -5924 3088
980961 60 2.1 -6084 3222
993613 60 2.1 -5836 3042
999999 60 2.1 -5876 3062
