3 140 2.4 -17184 548
4 140 2.4 -18244 702
5 140 2.4 -19324 738
6 140 2.4 -19816 716
7 140 2.4 -20460 584
8 140 2.4 -20784 654
9 140 2.4 -21024 656
10 140 2.4 -21068 808
11 140 2.4 -21544 784
12 140 2.4 -21544 874
13 140 2.4 -22028 544
14 140 2.4 -21868 696
15 140 2.4 -22084 532
16 140 2.4 -22424 780
17 140 2.4 -22452 670
18 140 2.4 -22328 746
19 140 2.4 -22240 614
20 140 2.4 -22268 926
21 140 2.4 -22280 728
22 140 2.4 -22388 476
23 140 2.4 -22604 636
24 140 2.4 -22508 712
25 140 2.4 -22656 428
26 140 2.4 -22664 224
27 140 2.4 -22564 254
28 140 2.4 -22692 486
29 140 2.4 -22888 626
30 140 2.4 -22976 1052
31 140 2.4 -23236 1152
32 140 2.4 -23256 1192
33 140 2.4 -23228 1162
34 140 2.4 -23028 892
35 140 2.4 -23320 1026
36 140 2.4 -23260 754
37 140 2.4 -23136 634
38 140 2.4 -22916 686
39 140 2.4 -23304 534
40 140 2.4 -23368 376
41 140 2.4 -22996 268
42 140 2.4 -23024 88
43 140 2.4 -22492 -112
44 140 2.4 -22656 32
45 140 2.4 -22772 56
46 140 2.4 -23028 22
47 140 2.4 -23012 172
48 140 2.4 -23028 -190
49 140 2.4 -23120 -498
50 140 2.4 -23088 -648
51 140 2.4 -23284 -742
52 140 2.4 -23540 -706
53 140 2.4 -23496 -646
54 140 2.4 -23460 -604
55 140 2.4 -23624 -750
56 140 2.4 -23552 -786
57 140 2.4 -23816 -772
58 140 2.4 -23376 -770
59 140 2.4 -23228 -1012
60 140 2.4 -23464 -1176
61 140 2.4 -23300 -978
62 140 2.4 -23320 -998
63 140 2.4 -23664 -1170
64 140 2.4 -23448 -1182
65 140 2.4 -23560 -1144
66 140 2.4 -23236 -1082
67 140 2.4 -23616 -978
68 140 2.4 -23676 -934
69 140 2.4 -23812 -820
70 140 2.4 -23744 -786
71 140 2.4 -23524 -908
72 140 2.4 -23628 -788
73 140 2.4 -23568 -950
74 140 2.4 -23508 -936
75 140 2.4 -23372 -734
76 140 2.4 -23060 -862
77 140 2.4 -23168 -826
78 140 2.4 -23100 -936
79 140 2.4 -23224 -880
80 140 2.4 -23024 -970
81 140 2.4 -22996 -1150
82 140 2.4 -23164 -1080
83 140 2.4 -23428 -966
84 140 2.4 -23432 -942
85 140 2.4 -22908 -714
86 140 2.4 -23008 -804
88 140 2.4 -23008 -870
89 140 2.4 -23232 -678
90 140 2.4 -23212 -710
91 140 2.4 -23192 -586
92 140 2.4 -22868 -468
93 140 2.4 -22996 -250
95 140 2.4 -22636 -412
96 140 2.4 -22872 -448
97 140 2.4 -23176 -508
98 140 2.4 -23176 -418
99 140 2.4 -23256 -508
101 140 2.4 -23436 -476
102 140 2.4 -23488 -426
103 140 2.4 -23148 -342
105 140 2.4 -23052 -576
106 140 2.4 -23328 -750
107 140 2.4 -23280 -778
109 140 2.4 -23176 -900
110 140 2.4 -22904 -890
112 140 2.4 -22868 -1038
113 140 2.4 -23016 -1094
114 140 2.4 -23292 -1138
116 140 2.4 -23900 -1062
117 140 2.4 -23548 -1092
119 140 2.4 -23584 -1460
120 140 2.4 -23476 -1540
122 140 2.4 -23024 -1616
124 140 2.4 -23144 -1692
125 140 2.4 -22964 -1558
127 140 2.4 -22684 -1604
128 140 2.4 -22796 -1714
130 140 2.4 -22868 -1446
132 140 2.4 -23104 -1358
133 140 2.4 -22936 -1168
135 140 2.4 -23156 -1172
137 140 2.4 -23548 -838
139 140 2.4 -22932 -772
140 140 2.4 -23328 -764
142 140 2.4 -23656 -870
144 140 2.4 -23600 -560
146 140 2.4 -23584 -384
148 140 2.4 -23512 -150
150 140 2.4 -23124 -294
152 140 2.4 -23032 -126
154 140 2.4 -23244 -134
155 140 2.4 -23168 -198
157 140 2.4 -23392 156
160 140 2.4 -23944 28
162 140 2.4 -23504 -76
164 140 2.4 -23704 118
166 140 2.4 -23556 106
168 140 2.4 -23584 -126
170 140 2.4 -23316 -148
172 140 2.4 -22812 -336
174 140 2.4 -23148 -378
177 140 2.4 -23372 -390
179 140 2.4 -23264 -428
181 140 2.4 -23784 -602
184 140 2.4 -23604 -866
186 140 2.4 -23468 -830
188 140 2.4 -23532 -992
191 140 2.4 -23808 -1242
193 140 2.4 -23248 -1390
196 140 2.4 -23540 -1636
198 140 2.4 -23664 -1522
201 140 2.4 -23804 -1874
203 140 2.4 -23400 -1858
206 140 2.4 -23096 -1546
209 140 2.4 -23328 -1828
211 140 2.4 -23932 -1856
214 140 2.4 -24044 -1522
217 140 2.4 -23952 -1606
220 140 2.4 -23332 -1720
222 140 2.4 -23268 -1518
225 140 2.4 -23412 -1910
228 140 2.4 -23216 -2120
231 140 2.4 -23028 -2284
234 140 2.4 -23464 -2192
237 140 2.4 -23076 -2272
240 140 2.4 -22988 -2206
243 140 2.4 -23312 -2050
246 140 2.4 -23300 -2234
250 140 2.4 -23660 -1766
253 140 2.4 -23436 -1702
256 140 2.4 -23568 -1728
259 140 2.4 -23616 -2370
263 140 2.4 -23148 -2496
266 140 2.4 -23616 -2410
269 140 2.4 -23520 -2438
273 140 2.4 -23172 -2344
276 140 2.4 -23420 -2744
280 140 2.4 -23716 -2840
284 140 2.4 -23716 -2910
287 140 2.4 -23836 -2792
291 140 2.4 -23576 -3266
295 140 2.4 -24164 -3172
298 140 2.4 -23944 -3018
302 140 2.4 -23520 -2974
306 140 2.4 -24048 -3136
310 140 2.4 -23788 -3152
314 140 2.4 -23700 -2952
318 140 2.4 -24164 -2888
322 140 2.4 -24636 -2726
326 140 2.4 -24484 -3030
331 140 2.4 -24248 -2858
335 140 2.4 -23912 -2590
339 140 2.4 -23724 -2328
344 140 2.4 -23684 -2062
348 140 2.4 -24132 -2002
352 140 2.4 -23888 -1754
357 140 2.4 -23868 -1602
362 140 2.4 -24164 -1862
366 140 2.4 -23892 -2216
371 140 2.4 -24192 -2282
376 140 2.4 -24512 -2712
381 140 2.4 -24032 -2630
385 140 2.4 -24140 -2614
390 140 2.4 -24368 -2488
395 140 2.4 -23568 -2742
401 140 2.4 -23740 -3052
406 140 2.4 -23952 -3164
411 140 2.4 -24240 -3442
416 140 2.4 -24064 -3596
422 140 2.4 -23688 -3398
427 140 2.4 -24068 -3976
433 140 2.4 -24032 -4224
438 140 2.4 -23904 -3906
444 140 2.4 -23868 -3596
449 140 2.4 -23584 -3736
455 140 2.4 -23408 -3598
461 140 2.4 -23260 -3432
467 140 2.4 -24064 -3362
473 140 2.4 -24276 -2980
479 140 2.4 -23516 -2944
485 140 2.4 -23760 -2694
492 140 2.4 -23416 -2246
498 140 2.4 -23696 -1976
504 140 2.4 -23960 -2150
511 140 2.4 -24500 -1934
517 140 2.4 -24500 -2284
524 140 2.4 -23512 -2146
531 140 2.4 -24316 -2184
538 140 2.4 -24060 -1920
545 140 2.4 -24132 -2500
552 140 2.4 -24192 -2470
559 140 2.4 -23620 -2574
566 140 2.4 -23136 -2510
573 140 2.4 -23360 -2732
581 140 2.4 -23956 -2468
588 140 2.4 -23564 -2724
596 140 2.4 -24300 -3316
603 140 2.4 -24364 -3378
611 140 2.4 -24156 -3450
619 140 2.4 -23728 -3294
627 140 2.4 -23388 -3380
635 140 2.4 -24172 -3978
643 140 2.4 -24052 -3728
652 140 2.4 -24012 -3964
660 140 2.4 -24524 -3164
668 140 2.4 -23664 -2242
677 140 2.4 -23604 -1882
686 140 2.4 -23272 -1988
695 140 2.4 -23172 -974
704 140 2.4 -23300 -1202
713 140 2.4 -23828 -756
722 140 2.4 -23872 26
731 140 2.4 -23880 -516
741 140 2.4 -23640 -632
750 140 2.4 -23324 -508
760 140 2.4 -23496 126
770 140 2.4 -22780 314
780 140 2.4 -23548 630
790 140 2.4 -23148 720
800 140 2.4 -23144 480
810 140 2.4 -23452 -52
821 140 2.4 -23864 88
831 140 2.4 -22964 542
842 140 2.4 -23280 1176
853 140 2.4 -23292 1612
864 140 2.4 -23364 1214
875 140 2.4 -23232 1528
886 140 2.4 -23372 1184
897 140 2.4 -23608 540
909 140 2.4 -23220 210
921 140 2.4 -23196 -124
933 140 2.4 -22672 126
945 140 2.4 -23404 646
957 140 2.4 -24112 638
969 140 2.4 -23984 1494
982 140 2.4 -24068 1310
994 140 2.4 -23808 1540
1007 140 2.4 -24060 1952
1020 140 2.4 -23532 2294
1033 140 2.4 -23768 2798
1047 140 2.4 -23336 2580
1060 140 2.4 -23604 2020
1074 140 2.4 -23304 1562
1088 140 2.4 -23548 1936
1102 140 2.4 -23568 2266
1116 140 2.4 -23336 2402
1130 140 2.4 -23164 3160
1145 140 2.4 -23616 3552
1160 140 2.4 -23544 3050
1174 140 2.4 -23668 2610
1190 140 2.4 -23556 2368
1205 140 2.4 -23308 1860
1220 140 2.4 -23088 2266
1236 140 2.4 -23256 2330
1252 140 2.4 -23536 2742
1268 140 2.4 -23840 2314
1285 140 2.4 -24216 1740
1301 140 2.4 -23288 2116
1318 140 2.4 -23808 2370
1335 140 2.4 -23720 2698
1352 140 2.4 -23616 2306
1370 140 2.4 -23644 1864
1387 140 2.4 -22972 2328
1405 140 2.4 -23476 1784
1423 140 2.4 -23132 1172
1442 140 2.4 -23488 726
1460 140 2.4 -23376 328
1479 140 2.4 -22716 544
1498 140 2.4 -22704 1916
1517 140 2.4 -23496 740
1537 140 2.4 -23376 858
1557 140 2.4 -23640 -874
1577 140 2.4 -23264 -468
1597 140 2.4 -23380 -568
1618 140 2.4 -22880 -564
1639 140 2.4 -23860 -2292
1660 140 2.4 -23444 -1328
1681 140 2.4 -23456 -1108
1703 140 2.4 -23360 -1722
1725 140 2.4 -22916 -1896
1747 140 2.4 -23832 -1588
1770 140 2.4 -23132 -926
1792 140 2.4 -23240 -922
1816 140 2.4 -23872 -580
1839 140 2.4 -22880 344
1863 140 2.4 -23496 556
1887 140 2.4 -23656 -164
1911 140 2.4 -23096 -1012
1936 140 2.4 -23408 -1288
1961 140 2.4 -23884 -570
1986 140 2.4 -23372 -386
2012 140 2.4 -23936 -540
2037 140 2.4 -23668 -326
2064 140 2.4 -22984 938
2090 140 2.4 -23304 1050
2117 140 2.4 -23548 732
2145 140 2.4 -23548 616
2172 140 2.4 -23444 -592
2200 140 2.4 -23716 -816
2229 140 2.4 -24164 -44
2257 140 2.4 -23396 -432
2286 140 2.4 -24468 -12
2316 140 2.4 -23896 -432
2346 140 2.4 -23244 -194
2376 140 2.4 -23788 -804
2407 140 2.4 -23444 224
2438 140 2.4 -23548 -38
2469 140 2.4 -24180 308
2501 140 2.4 -23164 -830
2533 140 2.4 -22980 390
2566 140 2.4 -23356 62
2599 140 2.4 -23576 1020
2633 140 2.4 -23656 978
2667 140 2.4 -23796 972
2701 140 2.4 -22976 1620
2736 140 2.4 -24176 3060
2771 140 2.4 -23272 1798
2807 140 2.4 -24020 1448
2843 140 2.4 -23256 290
2880 140 2.4 -23448 532
2917 140 2.4 -23904 -418
2954 140 2.4 -23444 1852
2992 140 2.4 -24176 1238
3031 140 2.4 -24688 1196
3070 140 2.4 -24352 1248
3110 140 2.4 -24068 236
3150 140 2.4 -23780 858
3190 140 2.4 -23192 -58
3232 140 2.4 -23812 -1676
3273 140 2.4 -23048 -1098
3315 140 2.4 -22784 -872
3358 140 2.4 -23584 -606
3402 140 2.4 -23772 -576
3445 140 2.4 -23520 360
3490 140 2.4 -23360 132
3535 140 2.4 -23700 468
3580 140 2.4 -23472 -24
3627 140 2.4 -23640 -358
3673 140 2.4 -23376 -800
3721 140 2.4 -22980 -714
3769 140 2.4 -23312 -1834
3817 140 2.4 -23284 -1780
3867 140 2.4 -23836 -2776
3916 140 2.4 -23352 -1698
3967 140 2.4 -23468 -1714
4018 140 2.4 -23424 -1788
4070 140 2.4 -23508 -1286
4122 140 2.4 -23284 -554
4176 140 2.4 -24472 -752
4229 140 2.4 -23652 -1878
4284 140 2.4 -23336 136
4339 140 2.4 -22928 812
4395 140 2.4 -22924 596
4452 140 2.4 -23580 368
4509 140 2.4 -23748 -1476
4567 140 2.4 -23924 -1296
4626 140 2.4 -23724 -1236
4686 140 2.4 -23668 -1828
4746 140 2.4 -23588 -2734
4808 140 2.4 -24292 -1860
4870 140 2.4 -23916 -1258
4932 140 2.4 -23896 -2148
4996 140 2.4 -23864 -2946
5060 140 2.4 -23196 -1666
5126 140 2.4 -23456 -1894
5192 140 2.4 -23252 -1454
5259 140 2.4 -23580 -610
5327 140 2.4 -22912 -586
5395 140 2.4 -24088 -3644
5465 140 2.4 -23664 -2778
5535 140 2.4 -23984 -1874
5607 140 2.4 -23616 -2546
5679 140 2.4 -23216 -1104
5752 140 2.4 -23396 -816
5826 140 2.4 -23536 1052
5902 140 2.4 -23628 1336
5978 140 2.4 -24092 1862
6055 140 2.4 -23356 860
6133 140 2.4 -23560 732
6212 140 2.4 -23836 636
6292 140 2.4 -23376 -736
6373 140 2.4 -24060 -3040
6455 140 2.4 -23948 -3146
6539 140 2.4 -23316 -1966
6623 140 2.4 -23680 -574
6708 140 2.4 -23536 -1608
6795 140 2.4 -23556 -2308
6883 140 2.4 -23176 -594
6971 140 2.4 -23896 -1572
7061 140 2.4 -22756 -66
7152 140 2.4 -23128 -464
7245 140 2.4 -23884 -876
7338 140 2.4 -23424 -1970
7433 140 2.4 -23116 -894
7529 140 2.4 -23684 -1238
7626 140 2.4 -23608 -1298
7724 140 2.4 -23376 -1242
7824 140 2.4 -23284 324
7925 140 2.4 -23136 -490
8027 140 2.4 -23460 -518
8130 140 2.4 -23952 310
8235 140 2.4 -23740 702
8341 140 2.4 -24100 606
8449 140 2.4 -23392 2
8558 140 2.4 -23860 248
8668 140 2.4 -23548 252
8780 140 2.4 -23332 -1586
8893 140 2.4 -23356 -1642
9008 140 2.4 -23524 -4624
9124 140 2.4 -23396 -1216
9242 140 2.4 -23884 -1038
9361 140 2.4 -23896 -1380
9482 140 2.4 -23372 46
9604 140 2.4 -23812 -210
9728 140 2.4 -23792 -482
9853 140 2.4 -23164 -1022
9980 140 2.4 -23804 -1060
10109 140 2.4 -22748 -144
10240 140 2.4 -23216 -458
10372 140 2.4 -23940 -1548
10505 140 2.4 -23492 -2946
10641 140 2.4 -23624 -1088
10778 140 2.4 -24272 698
10917 140 2.4 -24156 3886
11058 140 2.4 -24100 3470
11201 140 2.4 -23696 2814
11345 140 2.4 -24152 1406
11491 140 2.4 -23864 1624
11640 140 2.4 -24060 1470
11790 140 2.4 -24104 -2632
11942 140 2.4 -24196 -2712
12096 140 2.4 -23260 -442
12252 140 2.4 -24016 1098
12410 140 2.4 -23632 2122
12570 140 2.4 -23940 2218
12732 140 2.4 -23692 86
12896 140 2.4 -23468 -32
13062 140 2.4 -24172 656
13231 140 2.4 -23556 -1280
13402 140 2.4 -24256 152
13574 140 2.4 -23460 1298
13750 140 2.4 -23508 -468
13927 140 2.4 -23800 -1178
14106 140 2.4 -23600 -2294
14288 140 2.4 -23028 -1258
14473 140 2.4 -23648 -1434
14659 140 2.4 -23624 -2464
14848 140 2.4 -23512 -864
15040 140 2.4 -23264 -2384
15234 140 2.4 -23688 -632
15430 140 2.4 -23900 1038
15629 140 2.4 -23852 1258
15831 140 2.4 -23284 1770
16035 140 2.4 -23676 1922
16242 140 2.4 -23696 -452
16451 140 2.4 -23976 -1228
16664 140 2.4 -23476 -2214
16879 140 2.4 -22916 -2096
17096 140 2.4 -23560 -3758
17317 140 2.4 -23536 -1952
17540 140 2.4 -23284 -838
17766 140 2.4 -23164 -2528
17995 140 2.4 -23672 -3116
18228 140 2.4 -23704 -4078
18463 140 2.4 -23024 -110
18701 140 2.4 -23200 592
18942 140 2.4 -23488 -1086
19186 140 2.4 -23764 1574
19434 140 2.4 -23820 4226
19684 140 2.4 -23728 994
19938 140 2.4 -24040 -588
20195 140 2.4 -23688 1248
20456 140 2.4 -23564 -1188
20720 140 2.4 -23012 -524
20987 140 2.4 -24444 3730
21258 140 2.4 -23876 706
21532 140 2.4 -23456 1476
21810 140 2.4 -23768 -1536
22091 140 2.4 -23196 1780
22376 140 2.4 -23564 3784
22664 140 2.4 -23712 1752
22957 140 2.4 -23396 2094
23253 140 2.4 -23656 -2560
23553 140 2.4 -23568 478
23856 140 2.4 -24076 1416
24164 140 2.4 -23372 790
24476 140 2.4 -23744 960
24791 140 2.4 -24176 -2254
25111 140 2.4 -23256 1790
25435 140 2.4 -24092 74
25763 140 2.4 -23860 -252
26095 140 2.4 -23204 -462
26432 140 2.4 -24304 1064
26773 140 2.4 -23440 270
27118 140 2.4 -23384 -752
27468 140 2.4 -23192 1548
27822 140 2.4 -23352 -396
28181 140 2.4 -23968 -3968
28545 140 2.4 -23340 380
28913 140 2.4 -23744 548
29286 140 2.4 -24268 3534
29663 140 2.4 -23136 -428
30046 140 2.4 -24220 2698
30434 140 2.4 -23424 -594
30826 140 2.4 -23352 -1888
31224 140 2.4 -23248 -728
31626 140 2.4 -23976 1770
32034 140 2.4 -23664 3712
32447 140 2.4 -23276 -1334
32866 140 2.4 -23768 -2408
33290 140 2.4 -23720 -1034
33719 140 2.4 -23184 1058
34154 140 2.4 -23400 3420
34595 140 2.4 -23592 -262
35041 140 2.4 -24092 3206
35493 140 2.4 -23596 542
35951 140 2.4 -23272 980
36414 140 2.4 -23428 1806
36884 140 2.4 -23180 -1642
37360 140 2.4 -23304 1062
37841 140 2.4 -24036 1030
38330 140 2.4 -23380 -600
38824 140 2.4 -23820 -1392
39325 140 2.4 -24528 -1142
39832 140 2.4 -23692 282
40346 140 2.4 -23484 432
40866 140 2.4 -23544 1180
41393 140 2.4 -23844 -502
41927 140 2.4 -23708 -102
42468 140 2.4 -23756 -3048
43015 140 2.4 -23140 -1132
43570 140 2.4 -22872 -706
44132 140 2.4 -23320 -42
44701 140 2.4 -23532 -162
45278 140 2.4 -23492 1226
45862 140 2.4 -23604 -366
46453 140 2.4 -23532 1490
47053 140 2.4 -23584 836
47660 140 2.4 -23448 1258
48274 140 2.4 -23724 -1980
48897 140 2.4 -24140 -1014
49528 140 2.4 -23880 698
50166 140 2.4 -23664 1440
50813 140 2.4 -23552 -208
51469 140 2.4 -23252 2294
52133 140 2.4 -23376 -1026
52805 140 2.4 -23528 -336
53486 140 2.4 -23700 -318
54176 140 2.4 -23776 -3278
54875 140 2.4 -23976 -324
55582 140 2.4 -22964 2746
56299 140 2.4 -23744 150
57025 140 2.4 -23732 -1410
57761 140 2.4 -23328 1674
58506 140 2.4 -23708 -1880
59261 140 2.4 -23360 1690
60025 140 2.4 -23696 484
60799 140 2.4 -23980 -1204
61583 140 2.4 -23520 576
62378 140 2.4 -24136 -1926
63182 140 2.4 -24616 1400
63997 140 2.4 -23872 858
64822 140 2.4 -23376 -2864
65658 140 2.4 -24468 -632
66505 140 2.4 -23544 1134
67363 140 2.4 -23964 -1292
68232 140 2.4 -23536 -1088
69112 140 2.4 -24032 506
70003 140 2.4 -22916 86
70906 140 2.4 -23688 -2006
71821 140 2.4 -23600 -2298
72747 140 2.4 -23348 -656
73685 140 2.4 -23860 -2558
74636 140 2.4 -23272 -1720
75599 140 2.4 -23412 -1258
76574 140 2.4 -23536 -1180
77561 140 2.4 -23368 1592
78562 140 2.4 -23372 2372
79575 140 2.4 -23888 1416
80601 140 2.4 -23140 -1508
81641 140 2.4 -23240 -852
82694 140 2.4 -24056 448
83760 140 2.4 -23628 -484
84841 140 2.4 -23756 -720
85935 140 2.4 -23696 -50
87043 140 2.4 -23392 570
88166 140 2.4 -23176 -68
89303 140 2.4 -23500 2052
90455 140 2.4 -23956 -1740
91622 140 2.4 -23696 3022
92803 140 2.4 -24168 -332
94000 140 2.4 -23896 2790
95213 140 2.4 -23456 630
96441 140 2.4 -23804 -2936
97685 140 2.4 -23912 646
98945 140 2.4 -23076 -1286
100221 140 2.4 -23504 980
101513 140 2.4 -23784 -446
102823 140 2.4 -24276 366
104149 140 2.4 -23864 1666
105492 140 2.4 -23232 -712
106853 140 2.4 -24076 -768
108231 140 2.4 -23672 264
109627 140 2.4 -23908 -1846
111041 140 2.4 -24040 2254
112473 140 2.4 -23340 1364
113924 140 2.4 -23236 594
115393 140 2.4 -23504 1524
116882 140 2.4 -23620 2472
118389 140 2.4 -23880 4516
119916 140 2.4 -23484 1242
121463 140 2.4 -23452 -912
123029 140 2.4 -23792 -2828
124616 140 2.4 -23836 -792
126224 140 2.4 -23316 -354
127852 140 2.4 -23280 704
129501 140 2.4 -23784 1986
131171 140 2.4 -23792 3014
132863 140 2.4 -23620 638
134576 140 2.4 -23508 -1562
136312 140 2.4 -23540 2684
138070 140 2.4 -22880 1230
139851 140 2.4 -24172 -2948
141655 140 2.4 -23896 -2676
143482 140 2.4 -23432 -2116
145333 140 2.4 -23236 1306
147207 140 2.4 -24220 3296
149106 140 2.4 -23212 -2498
151029 140 2.4 -23312 -1650
152977 140 2.4 -23896 -328
154950 140 2.4 -24232 -1688
156948 140 2.4 -23700 -986
158973 140 2.4 -23552 -1198
161023 140 2.4 -23544 490
163100 140 2.4 -23444 -274
165204 140 2.4 -23476 1466
167334 140 2.4 -24216 -360
169493 140 2.4 -23336 -1894
171679 140 2.4 -23216 1500
173893 140 2.4 -23836 -1378
176136 140 2.4 -23364 954
178408 140 2.4 -22772 2074
180709 140 2.4 -23508 -2830
183040 140 2.4 -24404 1528
185400 140 2.4 -23516 2486
187792 140 2.4 -23112 -2298
190214 140 2.4 -23616 -3576
192667 140 2.4 -23784 134
195152 140 2.4 -23088 -676
197669 140 2.4 -23592 -480
200219 140 2.4 -23216 -260
202801 140 2.4 -24116 222
205417 140 2.4 -23784 1858
208066 140 2.4 -23144 -1572
210750 140 2.4 -23592 -2116
213468 140 2.4 -23332 -1840
216222 140 2.4 -23636 192
219010 140 2.4 -24264 -3728
221835 140 2.4 -23788 -1850
224696 140 2.4 -23480 362
227595 140 2.4 -23860 -2320
230530 140 2.4 -23568 1574
233503 140 2.4 -23076 1064
236515 140 2.4 -23296 -586
239566 140 2.4 -23808 -1038
242656 140 2.4 -24124 820
245785 140 2.4 -23332 894
248956 140 2.4 -23700 1640
252167 140 2.4 -23808 -794
255419 140 2.4 -23836 1028
258713 140 2.4 -24256 -124
262050 140 2.4 -23264 4462
265430 140 2.4 -23512 1188
268854 140 2.4 -23424 -2044
272321 140 2.4 -23340 -1336
275834 140 2.4 -24092 678
279391 140 2.4 -24004 -1392
282995 140 2.4 -24168 934
286645 140 2.4 -24116 -160
290342 140 2.4 -24180 -78
294087 140 2.4 -24060 -1212
297880 140 2.4 -23124 -1964
301722 140 2.4 -23656 -3272
305614 140 2.4 -23460 -1678
309556 140 2.4 -23772 814
313548 140 2.4 -24468 3910
317592 140 2.4 -23148 -2604
321689 140 2.4 -23468 -3170
325838 140 2.4 -23192 -712
330040 140 2.4 -24140 -662
334297 140 2.4 -23796 -3358
338609 140 2.4 -22952 1076
342976 140 2.4 -23192 -1484
347400 140 2.4 -23388 -3152
351881 140 2.4 -23964 -1130
356419 140 2.4 -23576 184
361016 140 2.4 -23112 1860
365673 140 2.4 -23988 -1364
370389 140 2.4 -23212 3160
375167 140 2.4 -24088 1724
380005 140 2.4 -23548 880
384907 140 2.4 -23788 -90
389871 140 2.4 -23344 -1864
394900 140 2.4 -23848 -1772
399993 140 2.4 -23896 1490
405152 140 2.4 -24108 1104
410378 140 2.4 -23232 1856
415671 140 2.4 -22744 800
421032 140 2.4 -23504 1728
426463 140 2.4 -23676 -1590
431963 140 2.4 -22944 -246
437535 140 2.4 -23248 -100
443178 140 2.4 -23764 378
448894 140 2.4 -22600 -438
454684 140 2.4 -23828 522
460548 140 2.4 -23544 -204
466489 140 2.4 -23548 -1632
472505 140 2.4 -23784 -1788
478600 140 2.4 -23104 -362
484773 140 2.4 -23616 1598
491025 140 2.4 -23372 1560
497358 140 2.4 -24060 -2598
503773 140 2.4 -23668 -1750
510271 140 2.4 -23808 -4268
516852 140 2.4 -23300 544
523519 140 2.4 -23616 -2438
530271 140 2.4 -23512 -1972
537111 140 2.4 -23992 -48
544038 140 2.4 -24232 1596
551055 140 2.4 -23248 480
558163 140 2.4 -24484 -534
565362 140 2.4 -23136 712
572654 140 2.4 -23612 1564
580040 140 2.4 -23568 -2896
587521 140 2.4 -23180 1058
595099 140 2.4 -23668 3080
602775 140 2.4 -23528 -1100
610549 140 2.4 -24328 1978
618424 140 2.4 -23592 194
626400 140 2.4 -23632 1274
634480 140 2.4 -24360 -2614
642663 140 2.4 -23528 -2126
650952 140 2.4 -23244 926
659348 140 2.4 -23884 1096
667853 140 2.4 -23512 636
676467 140 2.4 -23696 1070
685192 140 2.4 -24096 -1454
694029 140 2.4 -23440 -116
702981 140 2.4 -23528 2314
712048 140 2.4 -24064 2144
721232 140 2.4 -23692 286
730534 140 2.4 -23924 944
739957 140 2.4 -23780 312
749500 140 2.4 -23652 -2682
759168 140 2.4 -23536 1716
768959 140 2.4 -23476 370
778877 140 2.4 -23392 -1062
788923 140 2.4 -23352 -2066
799099 140 2.4 -23380 2430
809405 140 2.4 -24284 -3456
819845 140 2.4 -23412 1184
830419 140 2.4 -23316 -330
841130 140 2.4 -23768 -1186
851979 140 2.4 -23676 -2346
862968 140 2.4 -23212 -2390
874098 140 2.4 -23356 1780
885373 140 2.4 -23932 656
896792 140 2.4 -23760 1524
908359 140 2.4 -23232 1062
920075 140 2.4 -23996 -2750
931942 140 2.4 -23828 -2652
943962 140 2.4 -23820 2526
956137 140 2.4 -23512 230
968470 140 2.4 -24108 1594
980961 140 2.4 -23828 -690
993613 140 2.4 -23164 -300
999999 140 2.4 -23320 -1714
