3 20 2.3 -344 -14
4 20 2.3 -388 -38
5 20 2.3 -404 -18
6 20 2.3 -396 -28
7 20 2.3 -428 -62
8 20 2.3 -444 -80
9 20 2.3 -460 -78
10 20 2.3 -432 -104
11 20 2.3 -404 -76
12 20 2.3 -444 -70
13 20 2.3 -472 -68
14 20 2.3 -472 -34
15 20 2.3 -456 -28
16 20 2.3 -484 -28
17 20 2.3 -468 -8
18 20 2.3 -428 -14
19 20 2.3 -404 -30
20 20 2.3 -416 -12
21 20 2.3 -400 2
22 20 2.3 -456 -22
23 20 2.3 -444 -30
24 20 2.3 -460 -24
25 20 2.3 -480 -12
26 20 2.3 -456 -4
27 20 2.3 -464 -28
28 20 2.3 -424 -38
29 20 2.3 -500 -52
30 20 2.3 -476 -52
31 20 2.3 -468 -44
32 20 2.3 -420 -8
33 20 2.3 -452 -36
34 20 2.3 -400 -44
35 20 2.3 -420 -30
36 20 2.3 -424 -24
37 20 2.3 -476 -10
38 20 2.3 -400 -64
39 20 2.3 -464 -76
40 20 2.3 -464 -84
41 20 2.3 -484 -72
42 20 2.3 -472 -88
43 20 2.3 -476 -124
44 20 2.3 -480 -138
45 20 2.3 -460 -126
46 20 2.3 -504 -88
47 20 2.3 -536 -56
48 20 2.3 -464 -48
49 20 2.3 -448 -74
50 20 2.3 -384 -24
51 20 2.3 -404 -24
52 20 2.3 -352 -30
53 20 2.3 -420 32
54 20 2.3 -420 48
55 20 2.3 -452 62
56 20 2.3 -476 86
57 20 2.3 -484 94
58 20 2.3 -528 122
59 20 2.3 -496 124
60 20 2.3 -508 112
61 20 2.3 -516 120
62 20 2.3 -564 124
63 20 2.3 -520 106
64 20 2.3 -496 106
65 20 2.3 -504 84
66 20 2.3 -512 116
67 20 2.3 -520 112
68 20 2.3 -480 112
69 20 2.3 -480 94
70 20 2.3 -480 110
71 20 2.3 -496 108
72 20 2.3 -496 74
73 20 2.3 -508 92
74 20 2.3 -500 122
75 20 2.3 -476 98
76 20 2.3 -528 122
77 20 2.3 -568 114
78 20 2.3 -564 152
79 20 2.3 -564 182
80 20 2.3 -556 190
81 20 2.3 -548 146
82 20 2.3 -564 166
83 20 2.3 -556 170
84 20 2.3 -520 140
85 20 2.3 -464 116
86 20 2.3 -496 96
88 20 2.3 -456 90
89 20 2.3 -444 106
90 20 2.3 -412 106
91 20 2.3 -484 144
92 20 2.3 -484 112
93 20 2.3 -476 138
95 20 2.3 -492 146
96 20 2.3 -528 152
97 20 2.3 -528 134
98 20 2.3 -540 152
99 20 2.3 -564 152
101 20 2.3 -492 200
102 20 2.3 -516 214
103 20 2.3 -468 204
105 20 2.3 -508 178
106 20 2.3 -492 206
107 20 2.3 -532 222
109 20 2.3 -508 238
110 20 2.3 -544 256
112 20 2.3 -548 208
113 20 2.3 -544 210
114 20 2.3 -568 226
116 20 2.3 -596 226
117 20 2.3 -516 226
119 20 2.3 -500 248
120 20 2.3 -488 272
122 20 2.3 -504 282
124 20 2.3 -572 296
125 20 2.3 -564 296
127 20 2.3 -588 294
128 20 2.3 -520 262
130 20 2.3 -536 260
132 20 2.3 -508 258
133 20 2.3 -556 268
135 20 2.3 -652 354
137 20 2.3 -624 330
139 20 2.3 -636 342
140 20 2.3 -640 342
142 20 2.3 -672 352
144 20 2.3 -600 334
146 20 2.3 -652 342
148 20 2.3 -648 348
150 20 2.3 -608 332
152 20 2.3 -624 344
154 20 2.3 -588 314
155 20 2.3 -592 314
157 20 2.3 -528 248
160 20 2.3 -536 274
162 20 2.3 -516 290
164 20 2.3 -632 348
166 20 2.3 -628 332
168 20 2.3 -556 302
170 20 2.3 -624 322
172 20 2.3 -572 312
174 20 2.3 -544 308
177 20 2.3 -644 342
179 20 2.3 -664 352
181 20 2.3 -640 350
184 20 2.3 -652 348
186 20 2.3 -672 360
188 20 2.3 -608 338
191 20 2.3 -644 340
193 20 2.3 -620 330
196 20 2.3 -556 298
198 20 2.3 -604 312
201 20 2.3 -640 332
203 20 2.3 -632 350
206 20 2.3 -692 364
209 20 2.3 -680 366
211 20 2.3 -716 378
214 20 2.3 -568 306
217 20 2.3 -536 286
220 20 2.3 -536 294
222 20 2.3 -512 264
225 20 2.3 -532 238
228 20 2.3 -568 268
231 20 2.3 -628 300
234 20 2.3 -600 332
237 20 2.3 -580 314
240 20 2.3 -576 312
243 20 2.3 -572 282
246 20 2.3 -592 316
250 20 2.3 -660 354
253 20 2.3 -632 348
256 20 2.3 -608 328
259 20 2.3 -616 328
263 20 2.3 -608 332
266 20 2.3 -556 302
269 20 2.3 -584 292
273 20 2.3 -536 288
276 20 2.3 -560 274
280 20 2.3 -556 280
284 20 2.3 -508 232
287 20 2.3 -548 244
291 20 2.3 -564 282
295 20 2.3 -536 266
298 20 2.3 -568 308
302 20 2.3 -540 276
306 20 2.3 -504 272
310 20 2.3 -552 266
314 20 2.3 -524 238
318 20 2.3 -552 234
322 20 2.3 -628 290
326 20 2.3 -580 254
331 20 2.3 -668 282
335 20 2.3 -580 280
339 20 2.3 -536 232
344 20 2.3 -524 276
348 20 2.3 -528 228
352 20 2.3 -504 230
357 20 2.3 -548 252
362 20 2.3 -596 302
366 20 2.3 -640 338
371 20 2.3 -568 308
376 20 2.3 -580 316
381 20 2.3 -540 280
385 20 2.3 -500 272
390 20 2.3 -560 272
395 20 2.3 -492 238
401 20 2.3 -596 254
406 20 2.3 -556 298
411 20 2.3 -620 316
416 20 2.3 -616 338
422 20 2.3 -656 354
427 20 2.3 -632 348
433 20 2.3 -540 298
438 20 2.3 -620 326
444 20 2.3 -644 344
449 20 2.3 -560 272
455 20 2.3 -684 358
461 20 2.3 -572 314
467 20 2.3 -636 334
473 20 2.3 -568 322
479 20 2.3 -676 354
485 20 2.3 -568 318
492 20 2.3 -564 284
498 20 2.3 -584 286
504 20 2.3 -480 244
511 20 2.3 -556 234
517 20 2.3 -536 218
524 20 2.3 -568 250
531 20 2.3 -544 234
538 20 2.3 -568 260
545 20 2.3 -560 252
552 20 2.3 -552 262
559 20 2.3 -552 300
566 20 2.3 -580 298
573 20 2.3 -588 290
581 20 2.3 -536 278
588 20 2.3 -492 246
596 20 2.3 -508 270
603 20 2.3 -652 348
611 20 2.3 -660 344
619 20 2.3 -592 312
627 20 2.3 -588 292
635 20 2.3 -560 268
643 20 2.3 -556 286
652 20 2.3 -588 314
660 20 2.3 -596 282
668 20 2.3 -540 298
677 20 2.3 -632 330
686 20 2.3 -524 300
695 20 2.3 -676 354
704 20 2.3 -668 356
713 20 2.3 -576 310
722 20 2.3 -584 298
731 20 2.3 -636 352
741 20 2.3 -668 356
750 20 2.3 -620 318
760 20 2.3 -624 338
770 20 2.3 -676 354
780 20 2.3 -512 292
790 20 2.3 -508 284
800 20 2.3 -516 242
810 20 2.3 -616 288
821 20 2.3 -572 234
831 20 2.3 -564 218
842 20 2.3 -572 266
853 20 2.3 -548 276
864 20 2.3 -568 268
875 20 2.3 -520 234
886 20 2.3 -548 250
897 20 2.3 -592 284
909 20 2.3 -524 174
921 20 2.3 -556 124
933 20 2.3 -532 144
945 20 2.3 -500 52
957 20 2.3 -516 182
969 20 2.3 -484 154
982 20 2.3 -532 204
994 20 2.3 -532 164
1007 20 2.3 -516 92
1020 20 2.3 -484 132
1033 20 2.3 -544 216
1047 20 2.3 -564 182
1060 20 2.3 -500 192
1074 20 2.3 -596 236
1088 20 2.3 -536 262
1102 20 2.3 -576 296
1116 20 2.3 -572 294
1130 20 2.3 -576 322
1145 20 2.3 -560 308
1160 20 2.3 -628 280
1174 20 2.3 -620 302
1190 20 2.3 -576 258
1205 20 2.3 -520 268
1220 20 2.3 -512 266
1236 20 2.3 -568 280
1252 20 2.3 -544 274
1268 20 2.3 -536 242
1285 20 2.3 -532 234
1301 20 2.3 -536 270
1318 20 2.3 -480 102
1335 20 2.3 -516 150
1352 20 2.3 -404 152
1370 20 2.3 -468 206
1387 20 2.3 -532 290
1405 20 2.3 -560 294
1423 20 2.3 -688 362
1442 20 2.3 -604 332
1460 20 2.3 -652 338
1479 20 2.3 -664 348
1498 20 2.3 -544 294
1517 20 2.3 -520 180
1537 20 2.3 -564 106
1557 20 2.3 -516 64
1577 20 2.3 -508 204
1597 20 2.3 -548 140
1618 20 2.3 -464 64
1639 20 2.3 -484 170
1660 20 2.3 -496 148
1681 20 2.3 -488 130
1703 20 2.3 -496 148
1725 20 2.3 -616 282
1747 20 2.3 -620 330
1770 20 2.3 -540 284
1792 20 2.3 -564 262
1816 20 2.3 -588 282
1839 20 2.3 -512 194
1863 20 2.3 -612 330
1887 20 2.3 -524 286
1911 20 2.3 -632 336
1936 20 2.3 -620 338
1961 20 2.3 -612 322
1986 20 2.3 -604 326
2012 20 2.3 -580 320
2037 20 2.3 -580 250
2064 20 2.3 -564 258
2090 20 2.3 -552 314
2117 20 2.3 -580 308
2145 20 2.3 -620 290
2172 20 2.3 -536 278
2200 20 2.3 -524 180
2229 20 2.3 -464 246
2257 20 2.3 -604 304
2286 20 2.3 -500 166
2316 20 2.3 -576 302
2346 20 2.3 -536 292
2376 20 2.3 -604 298
2407 20 2.3 -484 198
2438 20 2.3 -548 264
2469 20 2.3 -568 278
2501 20 2.3 -672 344
2533 20 2.3 -664 340
2566 20 2.3 -656 358
2599 20 2.3 -668 354
2633 20 2.3 -532 216
2667 20 2.3 -548 284
2701 20 2.3 -516 248
2736 20 2.3 -512 258
2771 20 2.3 -572 296
2807 20 2.3 -636 334
2843 20 2.3 -640 342
2880 20 2.3 -612 300
2917 20 2.3 -572 280
2954 20 2.3 -488 210
2992 20 2.3 -564 230
3031 20 2.3 -600 310
3070 20 2.3 -548 250
3110 20 2.3 -580 304
3150 20 2.3 -616 326
3190 20 2.3 -616 290
3232 20 2.3 -548 290
3273 20 2.3 -524 266
3315 20 2.3 -588 230
3358 20 2.3 -572 280
3402 20 2.3 -556 288
3445 20 2.3 -548 272
3490 20 2.3 -624 242
3535 20 2.3 -540 248
3580 20 2.3 -480 178
3627 20 2.3 -608 324
3673 20 2.3 -592 306
3721 20 2.3 -612 314
3769 20 2.3 -552 216
3817 20 2.3 -648 320
3867 20 2.3 -512 224
3916 20 2.3 -488 236
3967 20 2.3 -556 282
4018 20 2.3 -564 252
4070 20 2.3 -492 222
4122 20 2.3 -528 286
4176 20 2.3 -516 286
4229 20 2.3 -536 256
4284 20 2.3 -508 208
4339 20 2.3 -624 328
4395 20 2.3 -584 312
4452 20 2.3 -608 324
4509 20 2.3 -440 210
4567 20 2.3 -680 364
4626 20 2.3 -548 306
4686 20 2.3 -524 198
4746 20 2.3 -572 308
4808 20 2.3 -536 222
4870 20 2.3 -580 186
4932 20 2.3 -560 302
4996 20 2.3 -604 328
5060 20 2.3 -596 310
5126 20 2.3 -636 338
5192 20 2.3 -616 330
5259 20 2.3 -608 330
5327 20 2.3 -520 274
5395 20 2.3 -456 106
5465 20 2.3 -640 356
5535 20 2.3 -572 312
5607 20 2.3 -596 312
5679 20 2.3 -520 238
5752 20 2.3 -564 292
5826 20 2.3 -640 334
5902 20 2.3 -572 240
5978 20 2.3 -652 338
6055 20 2.3 -560 278
6133 20 2.3 -524 222
6212 20 2.3 -608 328
6292 20 2.3 -624 284
6373 20 2.3 -500 264
6455 20 2.3 -648 348
6539 20 2.3 -600 324
6623 20 2.3 -592 318
6708 20 2.3 -584 222
6795 20 2.3 -668 350
6883 20 2.3 -532 258
6971 20 2.3 -532 230
7061 20 2.3 -560 310
7152 20 2.3 -564 288
7245 20 2.3 -484 206
7338 20 2.3 -448 -68
7433 20 2.3 -524 -210
7529 20 2.3 -488 -258
7626 20 2.3 -584 -318
7724 20 2.3 -596 -300
7824 20 2.3 -512 -254
7925 20 2.3 -652 -354
8027 20 2.3 -476 -96
8130 20 2.3 -592 -296
8235 20 2.3 -700 -374
8341 20 2.3 -492 -232
8449 20 2.3 -476 -26
8558 20 2.3 -484 -114
8668 20 2.3 -456 -182
8780 20 2.3 -524 -252
8893 20 2.3 -504 -264
9008 20 2.3 -604 -320
9124 20 2.3 -676 -344
9242 20 2.3 -612 -322
9361 20 2.3 -548 -232
9482 20 2.3 -616 -312
9604 20 2.3 -584 -324
9728 20 2.3 -572 -234
9853 20 2.3 -540 -240
9980 20 2.3 -572 -290
10109 20 2.3 -532 -238
10240 20 2.3 -524 -266
10372 20 2.3 -544 -288
10505 20 2.3 -484 -180
10641 20 2.3 -504 216
10778 20 2.3 -564 252
10917 20 2.3 -596 332
11058 20 2.3 -512 194
11201 20 2.3 -548 288
11345 20 2.3 -584 300
11491 20 2.3 -592 306
11640 20 2.3 -540 204
11790 20 2.3 -564 244
11942 20 2.3 -560 278
12096 20 2.3 -564 312
12252 20 2.3 -516 122
12410 20 2.3 -640 -346
12570 20 2.3 -484 -154
12732 20 2.3 -580 -264
12896 20 2.3 -620 -314
13062 20 2.3 -568 -266
13231 20 2.3 -540 -294
13402 20 2.3 -604 -324
13574 20 2.3 -504 -236
13750 20 2.3 -588 -316
13927 20 2.3 -532 -280
14106 20 2.3 -600 -284
14288 20 2.3 -504 -176
14473 20 2.3 -620 -314
14659 20 2.3 -476 -64
14848 20 2.3 -612 -322
15040 20 2.3 -512 -194
15234 20 2.3 -564 -310
15430 20 2.3 -600 -296
15629 20 2.3 -524 -180
15831 20 2.3 -512 -220
16035 20 2.3 -496 -40
16242 20 2.3 -508 -242
16451 20 2.3 -632 -302
16664 20 2.3 -560 -294
16879 20 2.3 -484 -158
17096 20 2.3 -504 -22
17317 20 2.3 -580 286
17540 20 2.3 -592 318
17766 20 2.3 -572 292
17995 20 2.3 -596 310
18228 20 2.3 -544 -214
18463 20 2.3 -484 -92
18701 20 2.3 -556 -284
18942 20 2.3 -596 -314
19186 20 2.3 -512 -198
19434 20 2.3 -500 10
19684 20 2.3 -564 -270
19938 20 2.3 -596 302
20195 20 2.3 -496 38
20456 20 2.3 -628 344
20720 20 2.3 -576 270
20987 20 2.3 -612 336
21258 20 2.3 -608 272
21532 20 2.3 -532 270
21810 20 2.3 -520 86
22091 20 2.3 -540 234
22376 20 2.3 -548 274
22664 20 2.3 -584 306
22957 20 2.3 -480 88
23253 20 2.3 -556 272
23553 20 2.3 -604 322
23856 20 2.3 -532 262
24164 20 2.3 -536 200
24476 20 2.3 -464 -164
24791 20 2.3 -428 20
25111 20 2.3 -652 -354
25435 20 2.3 -708 -370
25763 20 2.3 -632 -324
26095 20 2.3 -520 -126
26432 20 2.3 -548 -266
26773 20 2.3 -468 -150
27118 20 2.3 -564 -272
27468 20 2.3 -640 348
27822 20 2.3 -576 288
28181 20 2.3 -604 308
28545 20 2.3 -568 316
28913 20 2.3 -636 348
29286 20 2.3 -540 298
29663 20 2.3 -416 164
30046 20 2.3 -524 254
30434 20 2.3 -580 304
30826 20 2.3 -540 -288
31224 20 2.3 -576 222
31626 20 2.3 -616 334
32034 20 2.3 -552 296
32447 20 2.3 -520 228
32866 20 2.3 -608 306
33290 20 2.3 -552 -270
33719 20 2.3 -608 -326
34154 20 2.3 -608 -330
34595 20 2.3 -584 -308
35041 20 2.3 -548 -232
35493 20 2.3 -604 284
35951 20 2.3 -520 296
36414 20 2.3 -568 302
36884 20 2.3 -564 288
37360 20 2.3 -572 234
37841 20 2.3 -548 310
38330 20 2.3 -488 -82
38824 20 2.3 -628 332
39325 20 2.3 -576 300
39832 20 2.3 -652 346
40346 20 2.3 -624 342
40866 20 2.3 -600 316
41393 20 2.3 -564 316
41927 20 2.3 -576 282
42468 20 2.3 -620 320
43015 20 2.3 -460 -132
43570 20 2.3 -680 -360
44132 20 2.3 -620 -320
44701 20 2.3 -588 -280
45278 20 2.3 -524 -44
45862 20 2.3 -556 -318
46453 20 2.3 -544 -294
47053 20 2.3 -488 -110
47660 20 2.3 -588 320
48274 20 2.3 -540 278
48897 20 2.3 -440 208
49528 20 2.3 -556 -304
50166 20 2.3 -544 -246
50813 20 2.3 -616 -318
51469 20 2.3 -512 -194
52133 20 2.3 -668 -358
52805 20 2.3 -576 -306
53486 20 2.3 -556 228
54176 20 2.3 -584 308
54875 20 2.3 -608 328
55582 20 2.3 -536 62
56299 20 2.3 -560 292
57025 20 2.3 -576 292
57761 20 2.3 -612 310
58506 20 2.3 -600 334
59261 20 2.3 -640 342
60025 20 2.3 -564 288
60799 20 2.3 -524 -76
61583 20 2.3 -536 170
62378 20 2.3 -492 160
63182 20 2.3 -436 116
63997 20 2.3 -608 306
64822 20 2.3 -580 286
65658 20 2.3 -516 254
66505 20 2.3 -548 278
67363 20 2.3 -528 284
68232 20 2.3 -552 254
69112 20 2.3 -564 288
70003 20 2.3 -584 320
70906 20 2.3 -548 270
71821 20 2.3 -516 162
72747 20 2.3 -568 304
73685 20 2.3 -572 -212
74636 20 2.3 -552 -168
75599 20 2.3 -632 308
76574 20 2.3 -520 -214
77561 20 2.3 -628 -342
78562 20 2.3 -636 -330
79575 20 2.3 -656 -356
80601 20 2.3 -552 -238
81641 20 2.3 -480 -178
82694 20 2.3 -540 -260
83760 20 2.3 -588 -324
84841 20 2.3 -504 -56
85935 20 2.3 -552 244
87043 20 2.3 -460 166
88166 20 2.3 -508 102
89303 20 2.3 -488 122
90455 20 2.3 -608 -324
91622 20 2.3 -564 162
92803 20 2.3 -540 -300
94000 20 2.3 -548 -268
95213 20 2.3 -484 -138
96441 20 2.3 -684 -354
97685 20 2.3 -492 214
98945 20 2.3 -668 358
100221 20 2.3 -584 330
101513 20 2.3 -556 282
102823 20 2.3 -544 274
104149 20 2.3 -524 250
105492 20 2.3 -608 332
106853 20 2.3 -552 292
108231 20 2.3 -596 322
109627 20 2.3 -564 306
111041 20 2.3 -516 -38
112473 20 2.3 -660 346
113924 20 2.3 -568 296
115393 20 2.3 -532 -236
116882 20 2.3 -540 212
118389 20 2.3 -564 220
119916 20 2.3 -504 268
121463 20 2.3 -444 -78
123029 20 2.3 -504 228
124616 20 2.3 -572 300
126224 20 2.3 -496 -228
127852 20 2.3 -580 -330
129501 20 2.3 -560 -314
131171 20 2.3 -496 114
132863 20 2.3 -700 370
134576 20 2.3 -492 -138
136312 20 2.3 -536 -234
138070 20 2.3 -484 228
139851 20 2.3 -660 -358
141655 20 2.3 -564 -254
143482 20 2.3 -660 -338
145333 20 2.3 -648 -344
147207 20 2.3 -584 -316
149106 20 2.3 -468 -156
151029 20 2.3 -556 284
152977 20 2.3 -404 52
154950 20 2.3 -684 362
156948 20 2.3 -580 288
158973 20 2.3 -568 182
161023 20 2.3 -588 304
163100 20 2.3 -528 -20
165204 20 2.3 -616 320
167334 20 2.3 -588 -270
169493 20 2.3 -648 -348
171679 20 2.3 -512 -232
173893 20 2.3 -664 -342
176136 20 2.3 -532 -296
178408 20 2.3 -588 302
180709 20 2.3 -544 280
183040 20 2.3 -660 -352
185400 20 2.3 -592 -238
187792 20 2.3 -456 212
190214 20 2.3 -520 -290
192667 20 2.3 -612 338
195152 20 2.3 -464 16
197669 20 2.3 -492 226
200219 20 2.3 -432 126
202801 20 2.3 -556 242
205417 20 2.3 -616 -336
208066 20 2.3 -528 -282
210750 20 2.3 -500 164
213468 20 2.3 -628 290
216222 20 2.3 -372 -164
219010 20 2.3 -600 -266
221835 20 2.3 -504 -172
224696 20 2.3 -464 208
227595 20 2.3 -568 296
230530 20 2.3 -480 -210
233503 20 2.3 -576 -288
236515 20 2.3 -596 -238
239566 20 2.3 -536 -220
242656 20 2.3 -604 314
245785 20 2.3 -500 -102
248956 20 2.3 -628 -332
252167 20 2.3 -480 216
255419 20 2.3 -588 -316
258713 20 2.3 -632 -342
262050 20 2.3 -676 350
265430 20 2.3 -528 224
268854 20 2.3 -640 -334
272321 20 2.3 -520 292
275834 20 2.3 -500 -92
279391 20 2.3 -596 328
282995 20 2.3 -488 -248
286645 20 2.3 -560 -316
290342 20 2.3 -512 -172
294087 20 2.3 -492 36
297880 20 2.3 -556 302
301722 20 2.3 -560 -214
305614 20 2.3 -496 22
309556 20 2.3 -500 -100
313548 20 2.3 -688 366
317592 20 2.3 -500 194
321689 20 2.3 -592 286
325838 20 2.3 -440 -52
330040 20 2.3 -520 -210
334297 20 2.3 -576 304
338609 20 2.3 -620 -318
342976 20 2.3 -492 -56
347400 20 2.3 -532 -268
351881 20 2.3 -612 -306
356419 20 2.3 -540 314
361016 20 2.3 -640 348
365673 20 2.3 -496 -236
370389 20 2.3 -592 -266
375167 20 2.3 -564 -260
380005 20 2.3 -596 326
384907 20 2.3 -544 -222
389871 20 2.3 -624 -312
394900 20 2.3 -520 -286
399993 20 2.3 -448 -60
405152 20 2.3 -640 340
410378 20 2.3 -560 308
415671 20 2.3 -468 -178
421032 20 2.3 -640 -308
426463 20 2.3 -536 128
431963 20 2.3 -620 -324
437535 20 2.3 -576 -270
443178 20 2.3 -540 254
448894 20 2.3 -568 -244
454684 20 2.3 -612 324
460548 20 2.3 -664 348
466489 20 2.3 -452 -108
472505 20 2.3 -604 -324
478600 20 2.3 -580 302
484773 20 2.3 -584 292
491025 20 2.3 -448 56
497358 20 2.3 -640 -334
503773 20 2.3 -608 290
510271 20 2.3 -584 -324
516852 20 2.3 -596 310
523519 20 2.3 -576 308
530271 20 2.3 -512 -232
537111 20 2.3 -640 -346
544038 20 2.3 -572 250
551055 20 2.3 -540 -270
558163 20 2.3 -572 280
565362 20 2.3 -552 308
572654 20 2.3 -492 -68
580040 20 2.3 -560 282
587521 20 2.3 -532 226
595099 20 2.3 -528 -240
602775 20 2.3 -524 -288
610549 20 2.3 -596 -312
618424 20 2.3 -548 -306
626400 20 2.3 -580 -218
634480 20 2.3 -468 110
642663 20 2.3 -568 -274
650952 20 2.3 -668 -360
659348 20 2.3 -612 338
667853 20 2.3 -532 252
676467 20 2.3 -420 -118
685192 20 2.3 -472 -230
694029 20 2.3 -556 -306
702981 20 2.3 -488 -224
712048 20 2.3 -532 222
721232 20 2.3 -560 -282
730534 20 2.3 -600 -294
739957 20 2.3 -600 -312
749500 20 2.3 -584 288
759168 20 2.3 -636 -342
768959 20 2.3 -548 252
778877 20 2.3 -516 -146
788923 20 2.3 -520 -190
799099 20 2.3 -612 324
809405 20 2.3 -536 278
819845 20 2.3 -624 -242
830419 20 2.3 -508 -130
841130 20 2.3 -472 -264
851979 20 2.3 -612 312
862968 20 2.3 -612 332
874098 20 2.3 -516 -142
885373 20 2.3 -500 268
896792 20 2.3 -528 252
908359 20 2.3 -564 294
920075 20 2.3 -540 250
931942 20 2.3 -688 368
943962 20 2.3 -608 326
956137 20 2.3 -584 252
968470 20 2.3 -420 8
980961 20 2.3 -572 -288
993613 20 2.3 -524 -290
999999 20 2.3 -584 312
