3 60 2.2 -3316 254
4 60 2.2 -3576 346
5 60 2.2 -3828 384
6 60 2.2 -3856 280
7 60 2.2 -4064 306
8 60 2.2 -4152 342
9 60 2.2 -4152 312
10 60 2.2 -4200 316
11 60 2.2 -4316 324
12 60 2.2 -4568 356
13 60 2.2 -4676 392
14 60 2.2 -4680 362
15 60 2.2 -4692 318
16 60 2.2 -4524 310
17 60 2.2 -4668 294
18 60 2.2 -4708 292
19 60 2.2 -4804 290
20 60 2.2 -4868 326
21 60 2.2 -4868 298
22 60 2.2 -4872 320
23 60 2.2 -4808 254
24 60 2.2 -4808 270
25 60 2.2 -4816 164
26 60 2.2 -4896 136
27 60 2.2 -4828 128
28 60 2.2 -4892 64
29 60 2.2 -4900 80
30 60 2.2 -4872 146
31 60 2.2 -4916 166
32 60 2.2 -5012 132
33 60 2.2 -4844 148
34 60 2.2 -4964 152
35 60 2.2 -4800 146
36 60 2.2 -4864 114
37 60 2.2 -4916 164
38 60 2.2 -4928 160
39 60 2.2 -5012 194
40 60 2.2 -4872 130
41 60 2.2 -4900 126
42 60 2.2 -4916 112
43 60 2.2 -4992 90
44 60 2.2 -5008 48
45 60 2.2 -5112 -24
46 60 2.2 -5132 -26
47 60 2.2 -5056 -68
48 60 2.2 -5024 -80
49 60 2.2 -5056 -86
50 60 2.2 -4844 -150
51 60 2.2 -4740 -150
52 60 2.2 -4928 -102
53 60 2.2 -5040 -146
54 60 2.2 -5024 -198
55 60 2.2 -4960 -186
56 60 2.2 -4980 -148
57 60 2.2 -4888 -94
58 60 2.2 -4936 -38
59 60 2.2 -5000 -22
60 60 2.2 -4844 -156
61 60 2.2 -4836 -182
62 60 2.2 -4768 -272
63 60 2.2 -4688 -272
64 60 2.2 -4740 -250
65 60 2.2 -4808 -278
66 60 2.2 -4816 -254
67 60 2.2 -4788 -306
68 60 2.2 -4836 -344
69 60 2.2 -5028 -398
70 60 2.2 -4916 -404
71 60 2.2 -4888 -346
72 60 2.2 -5072 -278
73 60 2.2 -5080 -230
74 60 2.2 -5048 -128
75 60 2.2 -4996 -148
76 60 2.2 -5052 -182
77 60 2.2 -5088 -122
78 60 2.2 -4984 -226
79 60 2.2 -5016 -250
80 60 2.2 -4884 -176
81 60 2.2 -5052 -146
82 60 2.2 -5048 -124
83 60 2.2 -4944 -186
84 60 2.2 -4848 -196
85 60 2.2 -4836 -152
86 60 2.2 -4836 -88
88 60 2.2 -4856 -168
89 60 2.2 -4872 -158
90 60 2.2 -4928 -130
91 60 2.2 -4908 -102
92 60 2.2 -4948 -216
93 60 2.2 -4936 -268
95 60 2.2 -5068 -210
96 60 2.2 -5156 -242
97 60 2.2 -5060 -230
98 60 2.2 -5060 -196
99 60 2.2 -5156 -192
101 60 2.2 -5020 -246
102 60 2.2 -5124 -168
103 60 2.2 -5076 -194
105 60 2.2 -5248 -180
106 60 2.2 -5140 -200
107 60 2.2 -5220 -182
109 60 2.2 -5312 -132
110 60 2.2 -5212 -88
112 60 2.2 -5000 -132
113 60 2.2 -5072 -154
114 60 2.2 -5084 -138
116 60 2.2 -5104 -88
117 60 2.2 -5188 -2
119 60 2.2 -5176 -68
120 60 2.2 -5244 -160
122 60 2.2 -5304 -186
124 60 2.2 -5164 -146
125 60 2.2 -5132 -164
127 60 2.2 -5092 -196
128 60 2.2 -5216 -214
130 60 2.2 -5236 -158
132 60 2.2 -5320 -204
133 60 2.2 -5340 -310
135 60 2.2 -5176 -218
137 60 2.2 -5196 -224
139 60 2.2 -5256 -174
140 60 2.2 -5200 -218
142 60 2.2 -5300 -268
144 60 2.2 -5292 -308
146 60 2.2 -5404 -408
148 60 2.2 -5272 -474
150 60 2.2 -5168 -440
152 60 2.2 -5268 -374
154 60 2.2 -5416 -370
155 60 2.2 -5252 -408
157 60 2.2 -5096 -410
160 60 2.2 -5300 -524
162 60 2.2 -5332 -460
164 60 2.2 -5400 -446
166 60 2.2 -5484 -506
168 60 2.2 -5392 -552
170 60 2.2 -5256 -614
172 60 2.2 -4988 -502
174 60 2.2 -5112 -540
177 60 2.2 -5128 -568
179 60 2.2 -5136 -532
181 60 2.2 -5184 -636
184 60 2.2 -5232 -730
186 60 2.2 -5044 -736
188 60 2.2 -5136 -754
191 60 2.2 -5048 -844
193 60 2.2 -5028 -840
196 60 2.2 -5024 -726
198 60 2.2 -5016 -774
201 60 2.2 -4952 -1062
203 60 2.2 -4856 -1068
206 60 2.2 -4996 -1064
209 60 2.2 -5068 -1010
211 60 2.2 -5216 -1056
214 60 2.2 -5108 -1066
217 60 2.2 -5188 -1062
220 60 2.2 -5292 -1140
222 60 2.2 -5472 -1134
225 60 2.2 -5352 -1168
228 60 2.2 -5284 -1134
231 60 2.2 -5132 -1062
234 60 2.2 -5220 -1090
237 60 2.2 -5228 -1060
240 60 2.2 -5152 -1050
243 60 2.2 -5228 -1044
246 60 2.2 -5048 -1002
250 60 2.2 -5192 -878
253 60 2.2 -5204 -1018
256 60 2.2 -4824 -910
259 60 2.2 -4864 -852
263 60 2.2 -5020 -980
266 60 2.2 -4992 -870
269 60 2.2 -5084 -842
273 60 2.2 -4972 -914
276 60 2.2 -5128 -960
280 60 2.2 -5192 -1056
284 60 2.2 -5384 -1040
287 60 2.2 -5368 -1020
291 60 2.2 -5216 -1088
295 60 2.2 -5324 -1130
298 60 2.2 -5092 -1056
302 60 2.2 -5188 -1120
306 60 2.2 -5320 -1160
310 60 2.2 -5272 -1062
314 60 2.2 -5316 -1052
318 60 2.2 -5228 -1046
322 60 2.2 -5176 -1032
326 60 2.2 -5188 -1016
331 60 2.2 -5352 -1078
335 60 2.2 -5476 -914
339 60 2.2 -5368 -772
344 60 2.2 -5180 -752
348 60 2.2 -5044 -770
352 60 2.2 -5208 -630
357 60 2.2 -5020 -652
362 60 2.2 -5024 -572
366 60 2.2 -5140 -596
371 60 2.2 -5160 -636
376 60 2.2 -5140 -474
381 60 2.2 -5192 -432
385 60 2.2 -5200 -460
390 60 2.2 -5176 -608
395 60 2.2 -5180 -530
401 60 2.2 -5248 -484
406 60 2.2 -5312 -376
411 60 2.2 -5312 -428
416 60 2.2 -5152 -410
422 60 2.2 -5184 -452
427 60 2.2 -5268 -446
433 60 2.2 -5200 -504
438 60 2.2 -5004 -442
444 60 2.2 -5220 -448
449 60 2.2 -5208 -558
455 60 2.2 -5308 -596
461 60 2.2 -5332 -594
467 60 2.2 -5212 -524
473 60 2.2 -5108 -516
479 60 2.2 -5232 -472
485 60 2.2 -5248 -500
492 60 2.2 -5208 -452
498 60 2.2 -5252 -594
504 60 2.2 -5072 -492
511 60 2.2 -5148 -374
517 60 2.2 -5128 -402
524 60 2.2 -4968 -94
531 60 2.2 -5040 -158
538 60 2.2 -5164 -256
545 60 2.2 -5344 -190
552 60 2.2 -5500 -144
559 60 2.2 -5384 -306
566 60 2.2 -5272 -104
573 60 2.2 -5424 -74
581 60 2.2 -5312 -124
588 60 2.2 -5284 -302
596 60 2.2 -5524 -58
603 60 2.2 -5552 -110
611 60 2.2 -5428 -140
619 60 2.2 -5192 24
627 60 2.2 -5368 -118
635 60 2.2 -5352 -242
643 60 2.2 -5292 -162
652 60 2.2 -5352 -284
660 60 2.2 -5160 -226
668 60 2.2 -5244 -266
677 60 2.2 -5096 -188
686 60 2.2 -5132 -196
695 60 2.2 -5144 -156
704 60 2.2 -5072 -46
713 60 2.2 -5216 -212
722 60 2.2 -5168 -182
731 60 2.2 -5164 -520
741 60 2.2 -5296 -596
750 60 2.2 -5332 -340
760 60 2.2 -5156 -428
770 60 2.2 -5420 -512
780 60 2.2 -5144 -514
790 60 2.2 -5172 -350
800 60 2.2 -5420 -102
810 60 2.2 -5188 -100
821 60 2.2 -5368 -374
831 60 2.2 -5468 -216
842 60 2.2 -5308 -202
853 60 2.2 -5088 -40
864 60 2.2 -5232 264
875 60 2.2 -5120 414
886 60 2.2 -5312 462
897 60 2.2 -5192 322
909 60 2.2 -5072 130
921 60 2.2 -5104 250
933 60 2.2 -5140 178
945 60 2.2 -5232 72
957 60 2.2 -5244 298
969 60 2.2 -5276 328
982 60 2.2 -5088 406
994 60 2.2 -5232 438
1007 60 2.2 -5280 780
1020 60 2.2 -5224 900
1033 60 2.2 -5240 784
1047 60 2.2 -5336 768
1060 60 2.2 -5216 772
1074 60 2.2 -5292 700
1088 60 2.2 -5208 686
1102 60 2.2 -5180 1046
1116 60 2.2 -5192 1012
1130 60 2.2 -5260 864
1145 60 2.2 -5268 614
1160 60 2.2 -5308 942
1174 60 2.2 -4968 1172
1190 60 2.2 -5180 1444
1205 60 2.2 -5272 1446
1220 60 2.2 -5008 1480
1236 60 2.2 -5404 1950
1252 60 2.2 -5440 1914
1268 60 2.2 -5364 2080
1285 60 2.2 -5052 1960
1301 60 2.2 -5452 2152
1318 60 2.2 -5436 2236
1335 60 2.2 -5644 2470
1352 60 2.2 -5524 2500
1370 60 2.2 -5112 2032
1387 60 2.2 -5108 2288
1405 60 2.2 -5552 2418
1423 60 2.2 -5364 2290
1442 60 2.2 -5516 2346
1460 60 2.2 -5296 2016
1479 60 2.2 -5144 1966
1498 60 2.2 -5348 2260
1517 60 2.2 -5252 2304
1537 60 2.2 -5240 2508
1557 60 2.2 -5732 2580
1577 60 2.2 -5264 2394
1597 60 2.2 -5368 2304
1618 60 2.2 -5176 2238
1639 60 2.2 -5344 2394
1660 60 2.2 -5548 2502
1681 60 2.2 -5512 2484
1703 60 2.2 -5224 2616
1725 60 2.2 -5460 2706
1747 60 2.2 -5668 2924
1770 60 2.2 -5740 2942
1792 60 2.2 -5380 2756
1816 60 2.2 -5796 2916
1839 60 2.2 -5724 3026
1863 60 2.2 -5628 2936
1887 60 2.2 -5576 2806
1911 60 2.2 -5404 2632
1936 60 2.2 -5456 2488
1961 60 2.2 -5384 2492
1986 60 2.2 -5308 2496
2012 60 2.2 -5392 2636
2037 60 2.2 -5524 2808
2064 60 2.2 -5668 2922
2090 60 2.2 -5712 2992
2117 60 2.2 -5852 3104
2145 60 2.2 -5648 3006
2172 60 2.2 -5740 3032
2200 60 2.2 -5716 2956
2229 60 2.2 -5568 2932
2257 60 2.2 -5764 3060
2286 60 2.2 -5752 2942
2316 60 2.2 -5556 2878
2346 60 2.2 -5392 2810
2376 60 2.2 -5772 3022
2407 60 2.2 -5516 2856
2438 60 2.2 -5680 2932
2469 60 2.2 -5368 2758
2501 60 2.2 -6008 3130
2533 60 2.2 -5452 2740
2566 60 2.2 -5280 2548
2599 60 2.2 -5688 2800
2633 60 2.2 -5676 2868
2667 60 2.2 -5652 2936
2701 60 2.2 -5668 2976
2736 60 2.2 -5560 2946
2771 60 2.2 -5724 3060
2807 60 2.2 -5536 2832
2843 60 2.2 -5700 3012
2880 60 2.2 -5424 2758
2917 60 2.2 -5600 2830
2954 60 2.2 -5228 2486
2992 60 2.2 -5512 2816
3031 60 2.2 -5272 2680
3070 60 2.2 -5388 2700
3110 60 2.2 -5588 2956
3150 60 2.2 -5564 2844
3190 60 2.2 -5352 2622
3232 60 2.2 -5520 2780
3273 60 2.2 -5692 2834
3315 60 2.2 -5516 2722
3358 60 2.2 -5524 2838
3402 60 2.2 -5616 2764
3445 60 2.2 -5620 2706
3490 60 2.2 -5456 2492
3535 60 2.2 -5524 2480
3580 60 2.2 -5204 2386
3627 60 2.2 -5580 2600
3673 60 2.2 -5588 2758
3721 60 2.2 -5296 2454
3769 60 2.2 -5496 2676
3817 60 2.2 -5640 2692
3867 60 2.2 -5584 2460
3916 60 2.2 -5292 2682
3967 60 2.2 -5516 2834
4018 60 2.2 -5816 3076
4070 60 2.2 -5544 2774
4122 60 2.2 -5428 2726
4176 60 2.2 -5432 2834
4229 60 2.2 -5484 2834
4284 60 2.2 -5608 2900
4339 60 2.2 -5572 2826
4395 60 2.2 -5344 2710
4452 60 2.2 -5540 2780
4509 60 2.2 -5768 2786
4567 60 2.2 -5308 2632
4626 60 2.2 -5352 2300
4686 60 2.2 -5376 2394
4746 60 2.2 -5532 2682
4808 60 2.2 -5520 2904
4870 60 2.2 -5456 2802
4932 60 2.2 -5660 2862
4996 60 2.2 -5532 2892
5060 60 2.2 -5540 2920
5126 60 2.2 -5704 3018
5192 60 2.2 -5544 2904
5259 60 2.2 -5564 2760
5327 60 2.2 -5696 3014
5395 60 2.2 -5616 2846
5465 60 2.2 -5524 2828
5535 60 2.2 -5692 2836
5607 60 2.2 -5528 2832
5679 60 2.2 -5484 2896
5752 60 2.2 -5872 3022
5826 60 2.2 -5496 2692
5902 60 2.2 -5476 2730
5978 60 2.2 -5720 2916
6055 60 2.2 -5604 2708
6133 60 2.2 -5328 2614
6212 60 2.2 -5476 2754
6292 60 2.2 -5496 2772
6373 60 2.2 -5788 3072
6455 60 2.2 -5608 2928
6539 60 2.2 -5476 2760
6623 60 2.2 -5496 2522
6708 60 2.2 -5668 2934
6795 60 2.2 -5612 2870
6883 60 2.2 -5564 2790
6971 60 2.2 -5692 2914
7061 60 2.2 -5556 2942
7152 60 2.2 -5392 2582
7245 60 2.2 -5372 2494
7338 60 2.2 -5460 2522
7433 60 2.2 -5548 2584
7529 60 2.2 -5368 2284
7626 60 2.2 -5320 2130
7724 60 2.2 -5508 2404
7824 60 2.2 -5512 2608
7925 60 2.2 -5448 2632
8027 60 2.2 -5532 2354
8130 60 2.2 -5564 2740
8235 60 2.2 -5740 2962
8341 60 2.2 -5536 2900
8449 60 2.2 -5688 3054
8558 60 2.2 -5324 2722
8668 60 2.2 -5680 2918
8780 60 2.2 -5448 2816
8893 60 2.2 -5392 2646
9008 60 2.2 -5780 2956
9124 60 2.2 -5672 2990
9242 60 2.2 -5452 2882
9361 60 2.2 -5584 2856
9482 60 2.2 -5496 2828
9604 60 2.2 -5648 2934
9728 60 2.2 -5624 2906
9853 60 2.2 -5600 2932
9980 60 2.2 -5792 3032
10109 60 2.2 -5396 2752
10240 60 2.2 -5464 2844
10372 60 2.2 -5540 2874
10505 60 2.2 -5676 3024
10641 60 2.2 -5684 2982
10778 60 2.2 -5412 2476
10917 60 2.2 -5600 2754
11058 60 2.2 -5896 3052
11201 60 2.2 -5672 2940
11345 60 2.2 -5416 2818
11491 60 2.2 -5184 2340
11640 60 2.2 -5624 2762
11790 60 2.2 -5636 2848
11942 60 2.2 -5948 3150
12096 60 2.2 -5656 2970
12252 60 2.2 -5508 2668
12410 60 2.2 -5464 2846
12570 60 2.2 -5684 2840
12732 60 2.2 -5492 2652
12896 60 2.2 -5728 3026
13062 60 2.2 -5348 2490
13231 60 2.2 -5508 2712
13402 60 2.2 -5480 2734
13574 60 2.2 -5376 2542
13750 60 2.2 -5720 3014
13927 60 2.2 -5472 2702
14106 60 2.2 -5748 3016
14288 60 2.2 -5612 2882
14473 60 2.2 -5692 3016
14659 60 2.2 -5780 3026
14848 60 2.2 -5176 2170
15040 60 2.2 -5788 2952
15234 60 2.2 -5260 2064
15430 60 2.2 -5568 2378
15629 60 2.2 -5580 2948
15831 60 2.2 -5560 2914
16035 60 2.2 -5444 2828
16242 60 2.2 -5604 2758
16451 60 2.2 -5692 2990
16664 60 2.2 -5612 2928
16879 60 2.2 -5816 3038
17096 60 2.2 -5688 2638
17317 60 2.2 -5404 2772
17540 60 2.2 -5556 2850
17766 60 2.2 -5588 2880
17995 60 2.2 -5620 2850
18228 60 2.2 -5816 3054
18463 60 2.2 -5208 2404
18701 60 2.2 -5520 2854
18942 60 2.2 -5932 3034
19186 60 2.2 -5672 2866
19434 60 2.2 -5600 2914
19684 60 2.2 -5584 2732
19938 60 2.2 -5708 2976
20195 60 2.2 -5392 2836
20456 60 2.2 -5764 3042
20720 60 2.2 -5684 2906
20987 60 2.2 -5648 2828
21258 60 2.2 -5668 2858
21532 60 2.2 -5320 2622
21810 60 2.2 -5340 2554
22091 60 2.2 -5440 2676
22376 60 2.2 -5644 2878
22664 60 2.2 -5540 2882
22957 60 2.2 -5768 3072
23253 60 2.2 -5664 2986
23553 60 2.2 -5628 2892
23856 60 2.2 -5740 3016
24164 60 2.2 -5544 2820
24476 60 2.2 -5656 3028
24791 60 2.2 -5684 2676
25111 60 2.2 -5640 2980
25435 60 2.2 -5516 2844
25763 60 2.2 -5756 2976
26095 60 2.2 -5416 2762
26432 60 2.2 -5856 3080
26773 60 2.2 -5324 2578
27118 60 2.2 -5724 2970
27468 60 2.2 -5500 2834
27822 60 2.2 -5360 2672
28181 60 2.2 -5720 2988
28545 60 2.2 -5324 2708
28913 60 2.2 -5324 2544
29286 60 2.2 -5660 2916
29663 60 2.2 -5392 2320
30046 60 2.2 -5468 2840
30434 60 2.2 -5656 2870
30826 60 2.2 -5504 2804
31224 60 2.2 -5416 2788
31626 60 2.2 -5624 2782
32034 60 2.2 -5612 2958
32447 60 2.2 -5508 2712
32866 60 2.2 -5560 2744
33290 60 2.2 -5592 2882
33719 60 2.2 -5492 2760
34154 60 2.2 -5444 2546
34595 60 2.2 -5324 2370
35041 60 2.2 -5508 2888
35493 60 2.2 -5452 2892
35951 60 2.2 -5400 2812
36414 60 2.2 -5792 3056
36884 60 2.2 -5484 2684
37360 60 2.2 -5608 2868
37841 60 2.2 -5420 2744
38330 60 2.2 -5360 2740
38824 60 2.2 -5336 2642
39325 60 2.2 -5444 2910
39832 60 2.2 -5496 2838
40346 60 2.2 -5484 2912
40866 60 2.2 -5256 2490
41393 60 2.2 -5536 2750
41927 60 2.2 -5356 2564
42468 60 2.2 -5320 2624
43015 60 2.2 -5516 2918
43570 60 2.2 -5640 2916
44132 60 2.2 -5828 3122
44701 60 2.2 -5468 2772
45278 60 2.2 -5480 2816
45862 60 2.2 -5608 2886
46453 60 2.2 -5376 2696
47053 60 2.2 -5420 2692
47660 60 2.2 -5472 2728
48274 60 2.2 -5840 3036
48897 60 2.2 -5484 2886
49528 60 2.2 -5448 2884
50166 60 2.2 -5496 2440
50813 60 2.2 -5332 2722
51469 60 2.2 -5508 2868
52133 60 2.2 -5400 2748
52805 60 2.2 -5548 2710
53486 60 2.2 -5512 2820
54176 60 2.2 -5928 3068
54875 60 2.2 -5700 3028
55582 60 2.2 -5604 2948
56299 60 2.2 -5552 2876
57025 60 2.2 -5548 2784
57761 60 2.2 -5540 2884
58506 60 2.2 -5668 2998
59261 60 2.2 -5464 2842
60025 60 2.2 -5724 3018
60799 60 2.2 -5724 2916
61583 60 2.2 -5356 2578
62378 60 2.2 -5564 2920
63182 60 2.2 -5808 3056
63997 60 2.2 -5412 2756
64822 60 2.2 -5360 2702
65658 60 2.2 -5524 2852
66505 60 2.2 -5672 2832
67363 60 2.2 -5764 3072
68232 60 2.2 -5428 2646
69112 60 2.2 -5628 2902
70003 60 2.2 -5320 2594
70906 60 2.2 -5852 3076
71821 60 2.2 -5636 2980
72747 60 2.2 -5772 2964
73685 60 2.2 -5764 3028
74636 60 2.2 -5544 2854
75599 60 2.2 -5540 2884
76574 60 2.2 -5600 2792
77561 60 2.2 -5676 2922
78562 60 2.2 -5596 2824
79575 60 2.2 -5764 3042
80601 60 2.2 -5784 2948
81641 60 2.2 -5368 2774
82694 60 2.2 -5632 2912
83760 60 2.2 -5576 2958
84841 60 2.2 -5380 2810
85935 60 2.2 -5492 2500
87043 60 2.2 -5724 2950
88166 60 2.2 -5584 2826
89303 60 2.2 -5640 2986
90455 60 2.2 -5748 2380
91622 60 2.2 -5704 2924
92803 60 2.2 -5552 2876
94000 60 2.2 -5608 2720
95213 60 2.2 -5588 2802
96441 60 2.2 -5724 2606
97685 60 2.2 -5360 2426
98945 60 2.2 -5484 2756
100221 60 2.2 -5932 3084
101513 60 2.2 -5596 2934
102823 60 2.2 -5632 2894
104149 60 2.2 -5956 3152
105492 60 2.2 -5784 3002
106853 60 2.2 -5512 2742
108231 60 2.2 -5692 2968
109627 60 2.2 -5388 2670
111041 60 2.2 -5412 2702
112473 60 2.2 -5688 2990
113924 60 2.2 -5380 2608
115393 60 2.2 -5456 2642
116882 60 2.2 -5312 2726
118389 60 2.2 -5712 3002
119916 60 2.2 -5544 2576
121463 60 2.2 -5504 2868
123029 60 2.2 -5608 2780
124616 60 2.2 -5436 2488
126224 60 2.2 -5276 2618
127852 60 2.2 -5576 2720
129501 60 2.2 -5708 2976
131171 60 2.2 -5660 2978
132863 60 2.2 -5400 2526
134576 60 2.2 -5440 2732
136312 60 2.2 -5496 2700
138070 60 2.2 -5424 2722
139851 60 2.2 -5332 2828
141655 60 2.2 -5872 2978
143482 60 2.2 -5604 2952
145333 60 2.2 -5564 2840
147207 60 2.2 -5632 2980
149106 60 2.2 -5492 2916
151029 60 2.2 -5400 2730
152977 60 2.2 -5764 2970
154950 60 2.2 -5552 2858
156948 60 2.2 -5740 3012
158973 60 2.2 -5672 2918
161023 60 2.2 -5740 3028
163100 60 2.2 -5776 3046
165204 60 2.2 -5496 2734
167334 60 2.2 -5392 2782
169493 60 2.2 -5732 3034
171679 60 2.2 -5572 2956
173893 60 2.2 -5896 3074
176136 60 2.2 -5528 2866
178408 60 2.2 -5556 2844
180709 60 2.2 -5760 3048
183040 60 2.2 -5732 2984
185400 60 2.2 -5508 2790
187792 60 2.2 -5340 2728
190214 60 2.2 -5368 2676
192667 60 2.2 -5604 2944
195152 60 2.2 -5436 2732
197669 60 2.2 -5508 2704
200219 60 2.2 -5452 2822
202801 60 2.2 -5416 2852
205417 60 2.2 -5640 3024
208066 60 2.2 -5540 2918
210750 60 2.2 -5472 2908
213468 60 2.2 -5720 2940
216222 60 2.2 -5464 2492
219010 60 2.2 -5784 2998
221835 60 2.2 -5804 2908
224696 60 2.2 -5668 2832
227595 60 2.2 -5792 3058
230530 60 2.2 -5796 3018
233503 60 2.2 -5556 2866
236515 60 2.2 -5444 2742
239566 60 2.2 -5272 2652
242656 60 2.2 -5596 2918
245785 60 2.2 -5648 3006
248956 60 2.2 -5632 2946
252167 60 2.2 -5552 2866
255419 60 2.2 -5392 2690
258713 60 2.2 -5536 2752
262050 60 2.2 -5448 2722
265430 60 2.2 -5428 2732
268854 60 2.2 -5296 2492
272321 60 2.2 -5748 3046
275834 60 2.2 -5596 2924
279391 60 2.2 -5600 2932
282995 60 2.2 -5568 2884
286645 60 2.2 -5572 2904
290342 60 2.2 -5416 2708
294087 60 2.2 -5752 3054
297880 60 2.2 -5584 2906
301722 60 2.2 -5484 2716
305614 60 2.2 -5592 2866
309556 60 2.2 -5672 3008
313548 60 2.2 -5488 2818
317592 60 2.2 -5520 2722
321689 60 2.2 -5668 2952
325838 60 2.2 -5580 2768
330040 60 2.2 -5860 3112
334297 60 2.2 -5468 2948
338609 60 2.2 -5556 2888
342976 60 2.2 -5260 2600
347400 60 2.2 -5668 2894
351881 60 2.2 -5584 2880
356419 60 2.2 -5352 2680
361016 60 2.2 -5920 3164
365673 60 2.2 -5844 3044
370389 60 2.2 -5340 2534
375167 60 2.2 -5596 2914
380005 60 2.2 -5388 2768
384907 60 2.2 -5304 2408
389871 60 2.2 -5880 3028
394900 60 2.2 -5548 2804
399993 60 2.2 -5684 2994
405152 60 2.2 -5688 2904
410378 60 2.2 -5600 2884
415671 60 2.2 -5760 2966
421032 60 2.2 -5804 2926
426463 60 2.2 -5752 2956
431963 60 2.2 -5668 2906
437535 60 2.2 -5576 2906
443178 60 2.2 -5548 2340
448894 60 2.2 -5788 2984
454684 60 2.2 -5604 2624
460548 60 2.2 -5828 3054
466489 60 2.2 -5324 2456
472505 60 2.2 -5776 3014
478600 60 2.2 -5512 2754
484773 60 2.2 -5828 2926
491025 60 2.2 -5772 2906
497358 60 2.2 -5680 2910
503773 60 2.2 -5440 2864
510271 60 2.2 -5604 2940
516852 60 2.2 -5420 2816
523519 60 2.2 -5616 2906
530271 60 2.2 -5352 2634
537111 60 2.2 -5516 2862
544038 60 2.2 -6068 3182
551055 60 2.2 -5664 2980
558163 60 2.2 -5632 2888
565362 60 2.2 -5768 3028
572654 60 2.2 -5888 3090
580040 60 2.2 -5652 2928
587521 60 2.2 -5476 2786
595099 60 2.2 -5564 2818
602775 60 2.2 -5572 2822
610549 60 2.2 -5452 2614
618424 60 2.2 -5800 3104
626400 60 2.2 -5712 2998
634480 60 2.2 -5744 3000
642663 60 2.2 -5624 2914
650952 60 2.2 -5684 2884
659348 60 2.2 -5756 2846
667853 60 2.2 -5712 2978
676467 60 2.2 -5940 3116
685192 60 2.2 -5748 2696
694029 60 2.2 -5644 2948
702981 60 2.2 -5496 2680
712048 60 2.2 -5692 2840
721232 60 2.2 -5628 2922
730534 60 2.2 -5360 2616
739957 60 2.2 -5576 2822
749500 60 2.2 -5460 2750
759168 60 2.2 -5260 2704
768959 60 2.2 -5728 2848
778877 60 2.2 -5676 3000
788923 60 2.2 -5668 2924
799099 60 2.2 -5724 2952
809405 60 2.2 -5528 2938
819845 60 2.2 -5808 2996
830419 60 2.2 -5636 2860
841130 60 2.2 -5528 2868
851979 60 2.2 -5592 2830
862968 60 2.2 -5656 2922
874098 60 2.2 -5708 2774
885373 60 2.2 -5376 2694
896792 60 2.2 -5680 2930
908359 60 2.2 -5716 2956
920075 60 2.2 -5632 3010
931942 60 2.2 -5540 2922
943962 60 2.2 -5624 2870
956137 60 2.2 -5708 3098
968470 60 2.2 -5296 2552
980961 60 2.2 -5344 2438
993613 60 2.2 -5680 2926
999999 60 2.2 -5972 3128
