3 20 2.2 -380 72
4 20 2.2 -424 54
5 20 2.2 -480 16
6 20 2.2 -444 20
7 20 2.2 -400 34
8 20 2.2 -460 60
9 20 2.2 -452 94
10 20 2.2 -456 126
11 20 2.2 -492 124
12 20 2.2 -524 116
13 20 2.2 -504 126
14 20 2.2 -484 100
15 20 2.2 -480 100
16 20 2.2 -484 92
17 20 2.2 -464 84
18 20 2.2 -460 110
19 20 2.2 -412 116
20 20 2.2 -428 148
21 20 2.2 -380 126
22 20 2.2 -416 114
23 20 2.2 -408 122
24 20 2.2 -416 146
25 20 2.2 -432 116
26 20 2.2 -476 118
27 20 2.2 -504 84
28 20 2.2 -496 96
29 20 2.2 -476 106
30 20 2.2 -456 120
31 20 2.2 -412 106
32 20 2.2 -416 102
33 20 2.2 -480 172
34 20 2.2 -504 148
35 20 2.2 -484 148
36 20 2.2 -444 170
37 20 2.2 -508 218
38 20 2.2 -496 214
39 20 2.2 -532 246
40 20 2.2 -572 258
41 20 2.2 -560 266
42 20 2.2 -560 282
43 20 2.2 -532 294
44 20 2.2 -528 288
45 20 2.2 -560 312
46 20 2.2 -588 312
47 20 2.2 -568 320
48 20 2.2 -624 344
49 20 2.2 -608 340
50 20 2.2 -580 306
51 20 2.2 -580 306
52 20 2.2 -576 300
53 20 2.2 -584 290
54 20 2.2 -612 314
55 20 2.2 -580 302
56 20 2.2 -532 282
57 20 2.2 -560 298
58 20 2.2 -584 302
59 20 2.2 -536 292
60 20 2.2 -584 302
61 20 2.2 -604 316
62 20 2.2 -600 308
63 20 2.2 -600 308
64 20 2.2 -592 306
65 20 2.2 -612 302
66 20 2.2 -652 314
67 20 2.2 -624 284
68 20 2.2 -584 248
69 20 2.2 -584 266
70 20 2.2 -556 224
71 20 2.2 -576 228
72 20 2.2 -572 228
73 20 2.2 -556 210
74 20 2.2 -584 218
75 20 2.2 -568 212
76 20 2.2 -544 202
77 20 2.2 -528 186
78 20 2.2 -492 166
79 20 2.2 -496 182
80 20 2.2 -524 172
81 20 2.2 -508 166
82 20 2.2 -520 176
83 20 2.2 -544 196
84 20 2.2 -512 206
85 20 2.2 -520 216
86 20 2.2 -572 254
88 20 2.2 -588 274
89 20 2.2 -600 280
90 20 2.2 -636 302
91 20 2.2 -640 326
92 20 2.2 -632 330
93 20 2.2 -672 346
95 20 2.2 -632 342
96 20 2.2 -604 316
97 20 2.2 -636 324
98 20 2.2 -604 322
99 20 2.2 -624 326
101 20 2.2 -632 324
102 20 2.2 -668 346
103 20 2.2 -672 348
105 20 2.2 -600 328
106 20 2.2 -556 298
107 20 2.2 -592 316
109 20 2.2 -604 332
110 20 2.2 -616 340
112 20 2.2 -636 330
113 20 2.2 -668 354
114 20 2.2 -668 350
116 20 2.2 -616 328
117 20 2.2 -660 326
119 20 2.2 -600 328
120 20 2.2 -608 344
122 20 2.2 -640 346
124 20 2.2 -596 318
125 20 2.2 -624 328
127 20 2.2 -612 330
128 20 2.2 -616 330
130 20 2.2 -656 358
132 20 2.2 -676 358
133 20 2.2 -692 362
135 20 2.2 -668 354
137 20 2.2 -684 364
139 20 2.2 -692 364
140 20 2.2 -696 360
142 20 2.2 -656 334
144 20 2.2 -676 360
146 20 2.2 -684 362
148 20 2.2 -612 332
150 20 2.2 -568 312
152 20 2.2 -652 342
154 20 2.2 -636 350
155 20 2.2 -680 360
157 20 2.2 -620 334
160 20 2.2 -624 334
162 20 2.2 -628 322
164 20 2.2 -640 316
166 20 2.2 -628 334
168 20 2.2 -688 348
170 20 2.2 -628 318
172 20 2.2 -580 304
174 20 2.2 -576 290
177 20 2.2 -576 308
179 20 2.2 -608 298
181 20 2.2 -584 286
184 20 2.2 -616 276
186 20 2.2 -568 284
188 20 2.2 -560 292
191 20 2.2 -612 290
193 20 2.2 -672 334
196 20 2.2 -668 354
198 20 2.2 -620 340
201 20 2.2 -596 310
203 20 2.2 -540 270
206 20 2.2 -576 264
209 20 2.2 -520 202
211 20 2.2 -560 218
214 20 2.2 -532 252
217 20 2.2 -592 234
220 20 2.2 -636 262
222 20 2.2 -628 230
225 20 2.2 -588 244
228 20 2.2 -564 246
231 20 2.2 -592 242
234 20 2.2 -600 226
237 20 2.2 -560 228
240 20 2.2 -640 268
243 20 2.2 -632 272
246 20 2.2 -596 262
250 20 2.2 -616 252
253 20 2.2 -604 272
256 20 2.2 -660 326
259 20 2.2 -600 308
263 20 2.2 -636 320
266 20 2.2 -552 270
269 20 2.2 -528 258
273 20 2.2 -620 318
276 20 2.2 -652 348
280 20 2.2 -592 310
284 20 2.2 -556 298
287 20 2.2 -520 246
291 20 2.2 -640 324
295 20 2.2 -688 360
298 20 2.2 -652 348
302 20 2.2 -688 360
306 20 2.2 -620 320
310 20 2.2 -672 356
314 20 2.2 -668 348
318 20 2.2 -608 334
322 20 2.2 -672 356
326 20 2.2 -624 328
331 20 2.2 -628 332
335 20 2.2 -616 342
339 20 2.2 -676 352
344 20 2.2 -628 332
348 20 2.2 -664 354
352 20 2.2 -692 366
357 20 2.2 -632 336
362 20 2.2 -728 378
366 20 2.2 -696 364
371 20 2.2 -660 350
376 20 2.2 -664 344
381 20 2.2 -672 362
385 20 2.2 -576 312
390 20 2.2 -648 342
395 20 2.2 -528 316
401 20 2.2 -620 318
406 20 2.2 -600 290
411 20 2.2 -556 254
416 20 2.2 -544 232
422 20 2.2 -568 258
427 20 2.2 -524 260
433 20 2.2 -572 310
438 20 2.2 -572 260
444 20 2.2 -512 234
449 20 2.2 -504 166
455 20 2.2 -568 208
461 20 2.2 -544 178
467 20 2.2 -512 248
473 20 2.2 -632 330
479 20 2.2 -644 326
485 20 2.2 -632 340
492 20 2.2 -580 310
498 20 2.2 -628 346
504 20 2.2 -656 354
511 20 2.2 -724 376
517 20 2.2 -688 368
524 20 2.2 -660 354
531 20 2.2 -724 378
538 20 2.2 -676 354
545 20 2.2 -524 274
552 20 2.2 -640 338
559 20 2.2 -600 308
566 20 2.2 -652 352
573 20 2.2 -684 362
581 20 2.2 -680 366
588 20 2.2 -644 342
596 20 2.2 -680 360
603 20 2.2 -604 336
611 20 2.2 -648 350
619 20 2.2 -704 370
627 20 2.2 -648 340
635 20 2.2 -644 348
643 20 2.2 -616 338
652 20 2.2 -644 316
660 20 2.2 -600 306
668 20 2.2 -600 292
677 20 2.2 -628 328
686 20 2.2 -612 300
695 20 2.2 -712 370
704 20 2.2 -588 328
713 20 2.2 -632 318
722 20 2.2 -652 350
731 20 2.2 -580 306
741 20 2.2 -668 336
750 20 2.2 -604 298
760 20 2.2 -560 252
770 20 2.2 -540 240
780 20 2.2 -624 318
790 20 2.2 -628 336
800 20 2.2 -572 248
810 20 2.2 -564 226
821 20 2.2 -600 282
831 20 2.2 -544 204
842 20 2.2 -612 256
853 20 2.2 -596 286
864 20 2.2 -600 320
875 20 2.2 -664 346
886 20 2.2 -644 352
897 20 2.2 -708 374
909 20 2.2 -660 358
921 20 2.2 -592 314
933 20 2.2 -644 350
945 20 2.2 -648 326
957 20 2.2 -684 364
969 20 2.2 -636 332
982 20 2.2 -624 286
994 20 2.2 -692 362
1007 20 2.2 -644 350
1020 20 2.2 -644 338
1033 20 2.2 -656 346
1047 20 2.2 -572 282
1060 20 2.2 -632 318
1074 20 2.2 -588 288
1088 20 2.2 -548 180
1102 20 2.2 -528 212
1116 20 2.2 -492 210
1130 20 2.2 -584 244
1145 20 2.2 -556 248
1160 20 2.2 -584 296
1174 20 2.2 -644 270
1190 20 2.2 -560 234
1205 20 2.2 -544 248
1220 20 2.2 -576 210
1236 20 2.2 -516 232
1252 20 2.2 -560 290
1268 20 2.2 -560 300
1285 20 2.2 -564 286
1301 20 2.2 -508 216
1318 20 2.2 -564 138
1335 20 2.2 -516 236
1352 20 2.2 -660 350
1370 20 2.2 -664 354
1387 20 2.2 -728 380
1405 20 2.2 -588 276
1423 20 2.2 -672 362
1442 20 2.2 -616 340
1460 20 2.2 -624 318
1479 20 2.2 -728 380
1498 20 2.2 -680 364
1517 20 2.2 -564 320
1537 20 2.2 -648 340
1557 20 2.2 -652 350
1577 20 2.2 -652 352
1597 20 2.2 -608 334
1618 20 2.2 -636 338
1639 20 2.2 -652 336
1660 20 2.2 -612 334
1681 20 2.2 -604 292
1703 20 2.2 -664 360
1725 20 2.2 -608 322
1747 20 2.2 -580 270
1770 20 2.2 -692 368
1792 20 2.2 -624 336
1816 20 2.2 -576 268
1839 20 2.2 -568 302
1863 20 2.2 -696 368
1887 20 2.2 -688 368
1911 20 2.2 -628 334
1936 20 2.2 -660 354
1961 20 2.2 -604 336
1986 20 2.2 -556 288
2012 20 2.2 -648 332
2037 20 2.2 -584 192
2064 20 2.2 -564 202
2090 20 2.2 -576 254
2117 20 2.2 -616 330
2145 20 2.2 -620 334
2172 20 2.2 -624 346
2200 20 2.2 -584 314
2229 20 2.2 -604 278
2257 20 2.2 -576 286
2286 20 2.2 -600 326
2316 20 2.2 -644 320
2346 20 2.2 -676 352
2376 20 2.2 -620 332
2407 20 2.2 -644 330
2438 20 2.2 -712 372
2469 20 2.2 -624 316
2501 20 2.2 -668 356
2533 20 2.2 -576 288
2566 20 2.2 -680 362
2599 20 2.2 -568 294
2633 20 2.2 -536 268
2667 20 2.2 -648 264
2701 20 2.2 -628 342
2736 20 2.2 -680 360
2771 20 2.2 -544 206
2807 20 2.2 -648 338
2843 20 2.2 -644 322
2880 20 2.2 -628 328
2917 20 2.2 -596 324
2954 20 2.2 -656 342
2992 20 2.2 -608 332
3031 20 2.2 -604 290
3070 20 2.2 -636 290
3110 20 2.2 -656 328
3150 20 2.2 -636 330
3190 20 2.2 -676 344
3232 20 2.2 -704 370
3273 20 2.2 -576 298
3315 20 2.2 -568 296
3358 20 2.2 -640 346
3402 20 2.2 -588 306
3445 20 2.2 -620 320
3490 20 2.2 -660 354
3535 20 2.2 -588 312
3580 20 2.2 -580 304
3627 20 2.2 -756 388
3673 20 2.2 -556 266
3721 20 2.2 -612 340
3769 20 2.2 -660 348
3817 20 2.2 -596 326
3867 20 2.2 -708 374
3916 20 2.2 -680 366
3967 20 2.2 -628 346
4018 20 2.2 -576 258
4070 20 2.2 -612 316
4122 20 2.2 -648 354
4176 20 2.2 -668 330
4229 20 2.2 -580 308
4284 20 2.2 -636 336
4339 20 2.2 -588 322
4395 20 2.2 -700 370
4452 20 2.2 -680 362
4509 20 2.2 -676 340
4567 20 2.2 -648 336
4626 20 2.2 -604 302
4686 20 2.2 -712 376
4746 20 2.2 -688 360
4808 20 2.2 -668 354
4870 20 2.2 -624 344
4932 20 2.2 -632 336
4996 20 2.2 -708 366
5060 20 2.2 -632 320
5126 20 2.2 -608 260
5192 20 2.2 -552 116
5259 20 2.2 -600 308
5327 20 2.2 -584 314
5395 20 2.2 -536 278
5465 20 2.2 -600 302
5535 20 2.2 -604 338
5607 20 2.2 -536 280
5679 20 2.2 -572 264
5752 20 2.2 -644 320
5826 20 2.2 -604 336
5902 20 2.2 -664 346
5978 20 2.2 -616 256
6055 20 2.2 -660 354
6133 20 2.2 -552 254
6212 20 2.2 -552 262
6292 20 2.2 -620 336
6373 20 2.2 -584 312
6455 20 2.2 -560 298
6539 20 2.2 -588 310
6623 20 2.2 -652 352
6708 20 2.2 -584 314
6795 20 2.2 -628 328
6883 20 2.2 -620 336
6971 20 2.2 -636 324
7061 20 2.2 -696 370
7152 20 2.2 -688 356
7245 20 2.2 -600 314
7338 20 2.2 -660 354
7433 20 2.2 -608 304
7529 20 2.2 -488 224
7626 20 2.2 -592 298
7724 20 2.2 -644 328
7824 20 2.2 -592 234
7925 20 2.2 -580 300
8027 20 2.2 -568 232
8130 20 2.2 -616 344
8235 20 2.2 -544 284
8341 20 2.2 -624 326
8449 20 2.2 -616 334
8558 20 2.2 -580 304
8668 20 2.2 -704 372
8780 20 2.2 -632 330
8893 20 2.2 -668 352
9008 20 2.2 -520 308
9124 20 2.2 -628 352
9242 20 2.2 -656 338
9361 20 2.2 -572 316
9482 20 2.2 -516 272
9604 20 2.2 -592 288
9728 20 2.2 -620 330
9853 20 2.2 -572 312
9980 20 2.2 -612 314
10109 20 2.2 -556 300
10240 20 2.2 -572 284
10372 20 2.2 -700 368
10505 20 2.2 -608 332
10641 20 2.2 -544 178
10778 20 2.2 -624 320
10917 20 2.2 -648 314
11058 20 2.2 -704 372
11201 20 2.2 -580 318
11345 20 2.2 -584 276
11491 20 2.2 -480 142
11640 20 2.2 -568 282
11790 20 2.2 -632 340
11942 20 2.2 -696 368
12096 20 2.2 -660 346
12252 20 2.2 -620 330
12410 20 2.2 -612 304
12570 20 2.2 -588 314
12732 20 2.2 -636 346
12896 20 2.2 -616 316
13062 20 2.2 -628 330
13231 20 2.2 -668 360
13402 20 2.2 -596 264
13574 20 2.2 -600 312
13750 20 2.2 -624 320
13927 20 2.2 -632 336
14106 20 2.2 -580 284
14288 20 2.2 -640 344
14473 20 2.2 -608 314
14659 20 2.2 -620 292
14848 20 2.2 -576 312
15040 20 2.2 -648 334
15234 20 2.2 -600 304
15430 20 2.2 -596 308
15629 20 2.2 -600 308
15831 20 2.2 -648 340
16035 20 2.2 -668 362
16242 20 2.2 -592 312
16451 20 2.2 -660 350
16664 20 2.2 -504 164
16879 20 2.2 -608 252
17096 20 2.2 -660 352
17317 20 2.2 -608 338
17540 20 2.2 -608 320
17766 20 2.2 -592 306
17995 20 2.2 -600 318
18228 20 2.2 -612 324
18463 20 2.2 -608 322
18701 20 2.2 -596 322
18942 20 2.2 -612 332
19186 20 2.2 -596 318
19434 20 2.2 -580 318
19684 20 2.2 -560 306
19938 20 2.2 -628 334
20195 20 2.2 -660 314
20456 20 2.2 -544 240
20720 20 2.2 -568 314
20987 20 2.2 -580 316
21258 20 2.2 -604 236
21532 20 2.2 -652 356
21810 20 2.2 -632 326
22091 20 2.2 -720 366
22376 20 2.2 -664 340
22664 20 2.2 -572 300
22957 20 2.2 -604 338
23253 20 2.2 -676 362
23553 20 2.2 -548 248
23856 20 2.2 -604 314
24164 20 2.2 -648 348
24476 20 2.2 -740 384
24791 20 2.2 -544 250
25111 20 2.2 -576 288
25435 20 2.2 -648 340
25763 20 2.2 -604 294
26095 20 2.2 -640 346
26432 20 2.2 -616 274
26773 20 2.2 -684 366
27118 20 2.2 -592 312
27468 20 2.2 -620 326
27822 20 2.2 -712 376
28181 20 2.2 -636 332
28545 20 2.2 -628 324
28913 20 2.2 -584 306
29286 20 2.2 -656 348
29663 20 2.2 -516 296
30046 20 2.2 -572 304
30434 20 2.2 -672 352
30826 20 2.2 -696 368
31224 20 2.2 -704 366
31626 20 2.2 -464 -76
32034 20 2.2 -560 -264
32447 20 2.2 -648 -336
32866 20 2.2 -604 -174
33290 20 2.2 -648 -344
33719 20 2.2 -600 -302
34154 20 2.2 -704 -364
34595 20 2.2 -672 -354
35041 20 2.2 -640 -338
35493 20 2.2 -632 -332
35951 20 2.2 -668 -354
36414 20 2.2 -640 -342
36884 20 2.2 -576 -284
37360 20 2.2 -492 -38
37841 20 2.2 -628 -342
38330 20 2.2 -592 -308
38824 20 2.2 -596 -314
39325 20 2.2 -628 -338
39832 20 2.2 -624 -338
40346 20 2.2 -632 -298
40866 20 2.2 -680 -362
41393 20 2.2 -628 -308
41927 20 2.2 -612 -332
42468 20 2.2 -620 -342
43015 20 2.2 -656 342
43570 20 2.2 -668 362
44132 20 2.2 -628 326
44701 20 2.2 -676 354
45278 20 2.2 -692 358
45862 20 2.2 -656 342
46453 20 2.2 -584 270
47053 20 2.2 -612 340
47660 20 2.2 -580 300
48274 20 2.2 -604 316
48897 20 2.2 -584 260
49528 20 2.2 -712 374
50166 20 2.2 -636 346
50813 20 2.2 -576 -310
51469 20 2.2 -564 -246
52133 20 2.2 -616 -338
52805 20 2.2 -648 -318
53486 20 2.2 -624 -338
54176 20 2.2 -564 -288
54875 20 2.2 -520 -286
55582 20 2.2 -596 -322
56299 20 2.2 -616 -322
57025 20 2.2 -632 -324
57761 20 2.2 -704 -374
58506 20 2.2 -696 -362
59261 20 2.2 -576 -280
60025 20 2.2 -612 -330
60799 20 2.2 -524 -268
61583 20 2.2 -604 -306
62378 20 2.2 -600 -330
63182 20 2.2 -712 -374
63997 20 2.2 -636 -344
64822 20 2.2 -620 -330
65658 20 2.2 -700 -370
66505 20 2.2 -696 -370
67363 20 2.2 -668 -364
68232 20 2.2 -680 -362
69112 20 2.2 -648 -340
70003 20 2.2 -664 -356
70906 20 2.2 -628 -326
71821 20 2.2 -632 310
72747 20 2.2 -704 374
73685 20 2.2 -576 296
74636 20 2.2 -700 370
75599 20 2.2 -632 348
76574 20 2.2 -640 354
77561 20 2.2 -620 304
78562 20 2.2 -596 318
79575 20 2.2 -680 352
80601 20 2.2 -632 330
81641 20 2.2 -580 330
82694 20 2.2 -644 334
83760 20 2.2 -612 282
84841 20 2.2 -676 362
85935 20 2.2 -664 354
87043 20 2.2 -644 344
88166 20 2.2 -596 300
89303 20 2.2 -580 308
90455 20 2.2 -692 -364
91622 20 2.2 -604 332
92803 20 2.2 -612 212
94000 20 2.2 -600 322
95213 20 2.2 -600 330
96441 20 2.2 -596 310
97685 20 2.2 -632 336
98945 20 2.2 -604 328
100221 20 2.2 -560 194
101513 20 2.2 -560 304
102823 20 2.2 -568 314
104149 20 2.2 -484 248
105492 20 2.2 -540 266
106853 20 2.2 -520 222
108231 20 2.2 -608 342
109627 20 2.2 -660 352
111041 20 2.2 -684 366
112473 20 2.2 -572 274
113924 20 2.2 -664 -352
115393 20 2.2 -668 -342
116882 20 2.2 -576 -250
118389 20 2.2 -612 -334
119916 20 2.2 -628 -338
121463 20 2.2 -676 -356
123029 20 2.2 -556 -310
124616 20 2.2 -632 -330
126224 20 2.2 -736 -376
127852 20 2.2 -712 -372
129501 20 2.2 -664 -354
131171 20 2.2 -564 -222
132863 20 2.2 -560 204
134576 20 2.2 -556 300
136312 20 2.2 -596 336
138070 20 2.2 -644 330
139851 20 2.2 -648 332
141655 20 2.2 -644 318
143482 20 2.2 -648 344
145333 20 2.2 -696 366
147207 20 2.2 -676 346
149106 20 2.2 -668 334
151029 20 2.2 -628 330
152977 20 2.2 -652 352
154950 20 2.2 -616 290
156948 20 2.2 -544 284
158973 20 2.2 -720 374
161023 20 2.2 -696 366
163100 20 2.2 -640 340
165204 20 2.2 -656 356
167334 20 2.2 -632 -334
169493 20 2.2 -692 -364
171679 20 2.2 -596 -280
173893 20 2.2 -672 -356
176136 20 2.2 -612 -322
178408 20 2.2 -612 302
180709 20 2.2 -648 354
183040 20 2.2 -592 -324
185400 20 2.2 -668 -358
187792 20 2.2 -580 292
190214 20 2.2 -460 222
192667 20 2.2 -652 350
195152 20 2.2 -652 336
197669 20 2.2 -628 324
200219 20 2.2 -632 330
202801 20 2.2 -540 202
205417 20 2.2 -556 236
208066 20 2.2 -568 322
210750 20 2.2 -548 312
213468 20 2.2 -680 348
216222 20 2.2 -640 324
219010 20 2.2 -700 372
221835 20 2.2 -656 346
224696 20 2.2 -640 356
227595 20 2.2 -568 266
230530 20 2.2 -524 252
233503 20 2.2 -536 242
236515 20 2.2 -652 292
239566 20 2.2 -712 -374
242656 20 2.2 -632 -342
245785 20 2.2 -636 -294
248956 20 2.2 -564 306
252167 20 2.2 -612 286
255419 20 2.2 -656 360
258713 20 2.2 -608 -334
262050 20 2.2 -644 -350
265430 20 2.2 -660 -350
268854 20 2.2 -568 -306
272321 20 2.2 -632 -316
275834 20 2.2 -460 -172
279391 20 2.2 -548 -266
282995 20 2.2 -572 -316
286645 20 2.2 -620 320
290342 20 2.2 -572 -296
294087 20 2.2 -608 -338
297880 20 2.2 -656 -342
301722 20 2.2 -660 -356
305614 20 2.2 -680 -354
309556 20 2.2 -588 -306
313548 20 2.2 -620 -342
317592 20 2.2 -688 -356
321689 20 2.2 -652 -326
325838 20 2.2 -604 -318
330040 20 2.2 -536 -302
334297 20 2.2 -600 324
338609 20 2.2 -588 266
342976 20 2.2 -640 334
347400 20 2.2 -536 150
351881 20 2.2 -488 212
356419 20 2.2 -528 -208
361016 20 2.2 -544 -250
365673 20 2.2 -604 -334
370389 20 2.2 -612 -334
375167 20 2.2 -508 -236
380005 20 2.2 -644 -350
384907 20 2.2 -484 -196
389871 20 2.2 -512 -158
394900 20 2.2 -600 -288
399993 20 2.2 -644 -342
405152 20 2.2 -616 -328
410378 20 2.2 -592 -326
415671 20 2.2 -624 328
421032 20 2.2 -564 320
426463 20 2.2 -652 338
431963 20 2.2 -656 338
437535 20 2.2 -568 302
443178 20 2.2 -716 370
448894 20 2.2 -664 356
454684 20 2.2 -648 -354
460548 20 2.2 -496 -136
466489 20 2.2 -616 -330
472505 20 2.2 -600 -328
478600 20 2.2 -592 330
484773 20 2.2 -620 326
491025 20 2.2 -644 340
497358 20 2.2 -652 354
503773 20 2.2 -668 -358
510271 20 2.2 -596 -302
516852 20 2.2 -528 292
523519 20 2.2 -540 252
530271 20 2.2 -616 334
537111 20 2.2 -632 328
544038 20 2.2 -652 -344
551055 20 2.2 -648 338
558163 20 2.2 -660 360
565362 20 2.2 -500 -174
572654 20 2.2 -664 -350
580040 20 2.2 -700 -368
587521 20 2.2 -728 382
595099 20 2.2 -668 350
602775 20 2.2 -628 340
610549 20 2.2 -624 326
618424 20 2.2 -616 328
626400 20 2.2 -656 334
634480 20 2.2 -628 338
642663 20 2.2 -712 372
650952 20 2.2 -472 -120
659348 20 2.2 -600 298
667853 20 2.2 -560 280
676467 20 2.2 -648 354
685192 20 2.2 -632 348
694029 20 2.2 -588 300
702981 20 2.2 -676 -350
712048 20 2.2 -680 -344
721232 20 2.2 -664 340
730534 20 2.2 -672 358
739957 20 2.2 -616 328
749500 20 2.2 -688 356
759168 20 2.2 -588 290
768959 20 2.2 -640 318
778877 20 2.2 -660 350
788923 20 2.2 -612 340
799099 20 2.2 -640 -338
809405 20 2.2 -652 346
819845 20 2.2 -672 356
830419 20 2.2 -688 366
841130 20 2.2 -576 314
851979 20 2.2 -632 -352
862968 20 2.2 -604 -326
874098 20 2.2 -660 -356
885373 20 2.2 -616 332
896792 20 2.2 -660 356
908359 20 2.2 -632 -330
920075 20 2.2 -576 282
931942 20 2.2 -628 -342
943962 20 2.2 -608 -310
956137 20 2.2 -644 -350
968470 20 2.2 -616 -336
980961 20 2.2 -592 -306
993613 20 2.2 -632 -336
999999 20 2.2 -464 -188
