3 60 2.2 -3140 -44
4 60 2.2 -3512 14
5 60 2.2 -3884 -12
6 60 2.2 -4120 -94
7 60 2.2 -4032 -154
8 60 2.2 -4220 -68
9 60 2.2 -4184 -74
10 60 2.2 -4232 -24
11 60 2.2 -4440 2
12 60 2.2 -4560 118
13 60 2.2 -4492 168
14 60 2.2 -4576 152
15 60 2.2 -4476 152
16 60 2.2 -4372 260
17 60 2.2 -4324 324
18 60 2.2 -4444 368
19 60 2.2 -4464 346
20 60 2.2 -4520 302
21 60 2.2 -4632 438
22 60 2.2 -4580 434
23 60 2.2 -4520 462
24 60 2.2 -4640 518
25 60 2.2 -4544 444
26 60 2.2 -4596 394
27 60 2.2 -4580 398
28 60 2.2 -4600 468
29 60 2.2 -4708 482
30 60 2.2 -4732 476
31 60 2.2 -4604 372
32 60 2.2 -4692 400
33 60 2.2 -4636 406
34 60 2.2 -4716 420
35 60 2.2 -4680 410
36 60 2.2 -4592 336
37 60 2.2 -4672 346
38 60 2.2 -4776 332
39 60 2.2 -4856 414
40 60 2.2 -4876 498
41 60 2.2 -4792 494
42 60 2.2 -4776 446
43 60 2.2 -4856 536
44 60 2.2 -4740 488
45 60 2.2 -4904 402
46 60 2.2 -4784 328
47 60 2.2 -4772 400
48 60 2.2 -4692 394
49 60 2.2 -4716 436
50 60 2.2 -4736 326
51 60 2.2 -4792 346
52 60 2.2 -4916 296
53 60 2.2 -4956 370
54 60 2.2 -4996 366
55 60 2.2 -4988 418
56 60 2.2 -5108 438
57 60 2.2 -4996 418
58 60 2.2 -4924 452
59 60 2.2 -4876 420
60 60 2.2 -4880 358
61 60 2.2 -4740 428
62 60 2.2 -4756 388
63 60 2.2 -4756 370
64 60 2.2 -4748 354
65 60 2.2 -4820 384
66 60 2.2 -5040 390
67 60 2.2 -5128 418
68 60 2.2 -5144 448
69 60 2.2 -5132 426
70 60 2.2 -5116 430
71 60 2.2 -5040 530
72 60 2.2 -5112 592
73 60 2.2 -5144 594
74 60 2.2 -5140 604
75 60 2.2 -5256 638
76 60 2.2 -5136 676
77 60 2.2 -5080 548
78 60 2.2 -5100 616
79 60 2.2 -5004 674
80 60 2.2 -5048 646
81 60 2.2 -5060 650
82 60 2.2 -4996 658
83 60 2.2 -5064 698
84 60 2.2 -5092 682
85 60 2.2 -5088 792
86 60 2.2 -5032 832
88 60 2.2 -5068 760
89 60 2.2 -5108 842
90 60 2.2 -5100 846
91 60 2.2 -5072 796
92 60 2.2 -5208 818
93 60 2.2 -5252 876
95 60 2.2 -5212 850
96 60 2.2 -5092 884
97 60 2.2 -5080 796
98 60 2.2 -5136 706
99 60 2.2 -5012 646
101 60 2.2 -5044 620
102 60 2.2 -5096 672
103 60 2.2 -4976 698
105 60 2.2 -5104 702
106 60 2.2 -5036 662
107 60 2.2 -5012 692
109 60 2.2 -5156 694
110 60 2.2 -5248 686
112 60 2.2 -4980 846
113 60 2.2 -4976 862
114 60 2.2 -5024 814
116 60 2.2 -5068 908
117 60 2.2 -5192 906
119 60 2.2 -5260 946
120 60 2.2 -5184 968
122 60 2.2 -5128 1046
124 60 2.2 -5144 1124
125 60 2.2 -5180 1160
127 60 2.2 -5252 1336
128 60 2.2 -5192 1254
130 60 2.2 -5092 1262
132 60 2.2 -5168 1274
133 60 2.2 -5288 1252
135 60 2.2 -5136 1136
137 60 2.2 -5064 1128
139 60 2.2 -5192 1068
140 60 2.2 -5164 1076
142 60 2.2 -5056 1004
144 60 2.2 -5104 1118
146 60 2.2 -5036 1018
148 60 2.2 -5012 1010
150 60 2.2 -4980 980
152 60 2.2 -5116 898
154 60 2.2 -5172 944
155 60 2.2 -4924 992
157 60 2.2 -4932 944
160 60 2.2 -5016 982
162 60 2.2 -4956 986
164 60 2.2 -5124 1082
166 60 2.2 -5012 1100
168 60 2.2 -4980 1092
170 60 2.2 -5092 1136
172 60 2.2 -5136 1140
174 60 2.2 -5048 1194
177 60 2.2 -4924 1074
179 60 2.2 -4876 1010
181 60 2.2 -5088 1030
184 60 2.2 -5200 1142
186 60 2.2 -5188 1088
188 60 2.2 -5096 1058
191 60 2.2 -5200 1080
193 60 2.2 -5080 994
196 60 2.2 -5076 1142
198 60 2.2 -5332 1174
201 60 2.2 -5056 1080
203 60 2.2 -5264 1020
206 60 2.2 -5136 984
209 60 2.2 -5184 1050
211 60 2.2 -5244 998
214 60 2.2 -5276 1002
217 60 2.2 -5276 966
220 60 2.2 -5288 1022
222 60 2.2 -5180 1026
225 60 2.2 -5076 928
228 60 2.2 -5096 1072
231 60 2.2 -5004 1060
234 60 2.2 -5112 1090
237 60 2.2 -4992 1060
240 60 2.2 -4940 1154
243 60 2.2 -5060 1444
246 60 2.2 -5188 1520
250 60 2.2 -5456 1660
253 60 2.2 -5212 1570
256 60 2.2 -5252 1536
259 60 2.2 -5144 1542
263 60 2.2 -5068 1670
266 60 2.2 -5064 1540
269 60 2.2 -5296 1556
273 60 2.2 -5108 1520
276 60 2.2 -5168 1510
280 60 2.2 -5364 1724
284 60 2.2 -5316 1704
287 60 2.2 -5496 1778
291 60 2.2 -5512 1808
295 60 2.2 -5272 1766
298 60 2.2 -5268 1892
302 60 2.2 -5212 1748
306 60 2.2 -5172 1794
310 60 2.2 -5088 1772
314 60 2.2 -5024 1758
318 60 2.2 -5048 1664
322 60 2.2 -5136 1590
326 60 2.2 -5124 1658
331 60 2.2 -5268 1694
335 60 2.2 -5092 1814
339 60 2.2 -5248 1824
344 60 2.2 -5028 1674
348 60 2.2 -5092 1748
352 60 2.2 -5344 1960
357 60 2.2 -5288 1894
362 60 2.2 -5252 2016
366 60 2.2 -5320 1930
371 60 2.2 -5344 1952
376 60 2.2 -5340 1964
381 60 2.2 -5176 1946
385 60 2.2 -5380 1900
390 60 2.2 -5208 1704
395 60 2.2 -5248 1698
401 60 2.2 -5212 1816
406 60 2.2 -5080 1706
411 60 2.2 -5056 1634
416 60 2.2 -4956 1562
422 60 2.2 -5132 1460
427 60 2.2 -4972 1364
433 60 2.2 -5100 1640
438 60 2.2 -5076 1556
444 60 2.2 -5364 1760
449 60 2.2 -5268 1666
455 60 2.2 -5396 1646
461 60 2.2 -5576 1770
467 60 2.2 -5436 1690
473 60 2.2 -5340 1826
479 60 2.2 -5240 2046
485 60 2.2 -5208 2084
492 60 2.2 -5404 2058
498 60 2.2 -5200 1968
504 60 2.2 -5296 2158
511 60 2.2 -5252 2046
517 60 2.2 -5468 2182
524 60 2.2 -5540 2142
531 60 2.2 -5504 2242
538 60 2.2 -5448 2162
545 60 2.2 -5520 2194
552 60 2.2 -5320 2054
559 60 2.2 -5200 2020
566 60 2.2 -5428 2078
573 60 2.2 -5484 2026
581 60 2.2 -5392 2078
588 60 2.2 -5268 1704
596 60 2.2 -5260 1636
603 60 2.2 -5476 1678
611 60 2.2 -5188 1596
619 60 2.2 -5348 1710
627 60 2.2 -5444 1668
635 60 2.2 -5428 1754
643 60 2.2 -5208 1682
652 60 2.2 -5292 1704
660 60 2.2 -5376 1694
668 60 2.2 -5412 1832
677 60 2.2 -5204 1802
686 60 2.2 -5264 1638
695 60 2.2 -5256 1684
704 60 2.2 -4964 1412
713 60 2.2 -5168 1640
722 60 2.2 -5204 1622
731 60 2.2 -5412 1882
741 60 2.2 -5120 1704
750 60 2.2 -5316 1704
760 60 2.2 -5320 1634
770 60 2.2 -5344 1764
780 60 2.2 -5392 1638
790 60 2.2 -5272 1724
800 60 2.2 -5420 1630
810 60 2.2 -5204 1412
821 60 2.2 -5172 1276
831 60 2.2 -5232 1354
842 60 2.2 -5108 1198
853 60 2.2 -5284 1508
864 60 2.2 -5236 1708
875 60 2.2 -5324 1924
886 60 2.2 -5284 1920
897 60 2.2 -5360 1976
909 60 2.2 -5372 1996
921 60 2.2 -5312 1818
933 60 2.2 -5216 1808
945 60 2.2 -5248 1832
957 60 2.2 -5336 1622
969 60 2.2 -5228 1910
982 60 2.2 -5172 1958
994 60 2.2 -5208 1976
1007 60 2.2 -5504 2104
1020 60 2.2 -5440 2154
1033 60 2.2 -5448 2052
1047 60 2.2 -5344 1926
1060 60 2.2 -5140 1682
1074 60 2.2 -5208 1876
1088 60 2.2 -5304 1614
1102 60 2.2 -5276 1660
1116 60 2.2 -5312 1814
1130 60 2.2 -5400 1714
1145 60 2.2 -5224 1962
1160 60 2.2 -5608 2280
1174 60 2.2 -5396 2296
1190 60 2.2 -5244 2284
1205 60 2.2 -5424 2282
1220 60 2.2 -5644 2528
1236 60 2.2 -5516 2242
1252 60 2.2 -5400 2408
1268 60 2.2 -5328 2318
1285 60 2.2 -5276 2404
1301 60 2.2 -5344 2172
1318 60 2.2 -5252 2010
1335 60 2.2 -5296 2168
1352 60 2.2 -5360 2028
1370 60 2.2 -5280 2164
1387 60 2.2 -5292 2278
1405 60 2.2 -5128 2102
1423 60 2.2 -5296 2104
1442 60 2.2 -5312 1992
1460 60 2.2 -5244 2432
1479 60 2.2 -5344 2480
1498 60 2.2 -5328 2516
1517 60 2.2 -5252 2642
1537 60 2.2 -5428 2686
1557 60 2.2 -5392 2680
1577 60 2.2 -5752 2992
1597 60 2.2 -5528 2790
1618 60 2.2 -5688 2988
1639 60 2.2 -5660 3044
1660 60 2.2 -5720 3038
1681 60 2.2 -5420 2684
1703 60 2.2 -5596 2810
1725 60 2.2 -5584 2852
1747 60 2.2 -5876 3060
1770 60 2.2 -5608 2920
1792 60 2.2 -5652 2856
1816 60 2.2 -5588 2832
1839 60 2.2 -5560 2882
1863 60 2.2 -5416 2598
1887 60 2.2 -5224 2390
1911 60 2.2 -5620 2780
1936 60 2.2 -5300 2438
1961 60 2.2 -5296 2456
1986 60 2.2 -5460 2662
2012 60 2.2 -5480 2420
2037 60 2.2 -5508 2638
2064 60 2.2 -5512 2678
2090 60 2.2 -5528 2856
2117 60 2.2 -5520 2682
2145 60 2.2 -5408 2678
2172 60 2.2 -5508 2752
2200 60 2.2 -5660 2794
2229 60 2.2 -5528 2878
2257 60 2.2 -5636 2970
2286 60 2.2 -5644 2920
2316 60 2.2 -5620 2876
2346 60 2.2 -5952 3062
2376 60 2.2 -5596 2836
2407 60 2.2 -5712 2932
2438 60 2.2 -5316 2594
2469 60 2.2 -5436 2640
2501 60 2.2 -5412 2826
2533 60 2.2 -5824 3090
2566 60 2.2 -5740 3010
2599 60 2.2 -5564 2836
2633 60 2.2 -5764 2980
2667 60 2.2 -5488 2842
2701 60 2.2 -5348 2822
2736 60 2.2 -5640 2994
2771 60 2.2 -5388 2736
2807 60 2.2 -5364 2772
2843 60 2.2 -5520 2944
2880 60 2.2 -5860 3090
2917 60 2.2 -5612 3002
2954 60 2.2 -5564 2862
2992 60 2.2 -5568 2892
3031 60 2.2 -5476 2750
3070 60 2.2 -5644 3006
3110 60 2.2 -5488 2876
3150 60 2.2 -5708 3000
3190 60 2.2 -5564 2938
3232 60 2.2 -5844 3086
3273 60 2.2 -5760 2996
3315 60 2.2 -5936 3094
3358 60 2.2 -5608 2976
3402 60 2.2 -5540 2970
3445 60 2.2 -5596 2924
3490 60 2.2 -5680 3004
3535 60 2.2 -5244 2714
3580 60 2.2 -5748 3024
3627 60 2.2 -5648 2922
3673 60 2.2 -5624 2754
3721 60 2.2 -5700 3018
3769 60 2.2 -5524 2794
3817 60 2.2 -5468 2832
3867 60 2.2 -5556 2866
3916 60 2.2 -5772 2910
3967 60 2.2 -5540 2774
4018 60 2.2 -5316 2710
4070 60 2.2 -5056 2476
4122 60 2.2 -5616 2970
4176 60 2.2 -5496 2910
4229 60 2.2 -5720 3004
4284 60 2.2 -5712 2980
4339 60 2.2 -5588 2968
4395 60 2.2 -5548 2798
4452 60 2.2 -5672 3012
4509 60 2.2 -5724 3012
4567 60 2.2 -5760 2912
4626 60 2.2 -5676 2912
4686 60 2.2 -5628 2836
4746 60 2.2 -5116 2386
4808 60 2.2 -5392 2914
4870 60 2.2 -5708 2990
4932 60 2.2 -5648 2992
4996 60 2.2 -5660 2868
5060 60 2.2 -5656 2946
5126 60 2.2 -5756 3012
5192 60 2.2 -5448 2826
5259 60 2.2 -5788 2980
5327 60 2.2 -5588 3010
5395 60 2.2 -5512 2660
5465 60 2.2 -5652 2910
5535 60 2.2 -5436 2654
5607 60 2.2 -5380 2888
5679 60 2.2 -5664 2900
5752 60 2.2 -5464 2802
5826 60 2.2 -5716 2956
5902 60 2.2 -5332 2654
5978 60 2.2 -5500 2900
6055 60 2.2 -5448 2686
6133 60 2.2 -5632 2886
6212 60 2.2 -5644 2922
6292 60 2.2 -5224 2764
6373 60 2.2 -5428 2818
6455 60 2.2 -5472 2814
6539 60 2.2 -5384 2578
6623 60 2.2 -5272 2534
6708 60 2.2 -5612 2654
6795 60 2.2 -5568 2722
6883 60 2.2 -5452 2760
6971 60 2.2 -5348 2430
7061 60 2.2 -5472 2450
7152 60 2.2 -5680 3002
7245 60 2.2 -5608 3008
7338 60 2.2 -5640 2958
7433 60 2.2 -5672 2986
7529 60 2.2 -5760 2970
7626 60 2.2 -5516 2866
7724 60 2.2 -5496 2804
7824 60 2.2 -5480 2862
7925 60 2.2 -5540 2784
8027 60 2.2 -5556 2842
8130 60 2.2 -5476 2744
8235 60 2.2 -5652 2908
8341 60 2.2 -5576 2942
8449 60 2.2 -5692 2924
8558 60 2.2 -5524 2898
8668 60 2.2 -5576 3024
8780 60 2.2 -5872 3062
8893 60 2.2 -5716 2910
9008 60 2.2 -5640 2924
9124 60 2.2 -5440 2528
9242 60 2.2 -5584 2750
9361 60 2.2 -5620 2926
9482 60 2.2 -5844 3036
9604 60 2.2 -5532 2884
9728 60 2.2 -5628 2994
9853 60 2.2 -5688 3016
9980 60 2.2 -5408 2794
10109 60 2.2 -5416 2634
10240 60 2.2 -5668 2902
10372 60 2.2 -5284 2692
10505 60 2.2 -5556 2764
10641 60 2.2 -5708 3018
10778 60 2.2 -5580 2636
10917 60 2.2 -5692 2978
11058 60 2.2 -5372 2722
11201 60 2.2 -5632 2856
11345 60 2.2 -5492 2578
11491 60 2.2 -5464 2328
11640 60 2.2 -5476 2702
11790 60 2.2 -5592 2822
11942 60 2.2 -5352 2772
12096 60 2.2 -5544 2776
12252 60 2.2 -5732 3062
12410 60 2.2 -5476 2774
12570 60 2.2 -5444 2726
12732 60 2.2 -5688 2852
12896 60 2.2 -5756 3070
13062 60 2.2 -5412 2722
13231 60 2.2 -5580 2898
13402 60 2.2 -5556 2930
13574 60 2.2 -5712 2828
13750 60 2.2 -5372 2766
13927 60 2.2 -5656 2902
14106 60 2.2 -5568 2854
14288 60 2.2 -5748 3072
14473 60 2.2 -5432 2680
14659 60 2.2 -5596 2780
14848 60 2.2 -5296 2528
15040 60 2.2 -5576 2826
15234 60 2.2 -5436 2926
15430 60 2.2 -5464 2764
15629 60 2.2 -5680 2956
15831 60 2.2 -5576 2758
16035 60 2.2 -5696 2992
16242 60 2.2 -5492 2706
16451 60 2.2 -5680 2986
16664 60 2.2 -5656 2728
16879 60 2.2 -5580 2906
17096 60 2.2 -5588 2526
17317 60 2.2 -5396 2746
17540 60 2.2 -5724 2912
17766 60 2.2 -5696 2900
17995 60 2.2 -5496 2804
18228 60 2.2 -5384 2626
18463 60 2.2 -5452 2852
18701 60 2.2 -5860 3104
18942 60 2.2 -5724 2864
19186 60 2.2 -5460 2706
19434 60 2.2 -5332 2532
19684 60 2.2 -5288 2428
19938 60 2.2 -5724 2844
20195 60 2.2 -5536 2822
20456 60 2.2 -5780 3024
20720 60 2.2 -5580 2972
20987 60 2.2 -5668 2848
21258 60 2.2 -5780 2992
21532 60 2.2 -5556 2836
21810 60 2.2 -5608 2996
22091 60 2.2 -5648 2938
22376 60 2.2 -5292 2736
22664 60 2.2 -5820 3098
22957 60 2.2 -5416 2816
23253 60 2.2 -5548 2830
23553 60 2.2 -5396 2626
23856 60 2.2 -5484 2790
24164 60 2.2 -5424 2648
24476 60 2.2 -5636 2988
24791 60 2.2 -5724 3016
25111 60 2.2 -5652 2950
25435 60 2.2 -5776 3072
25763 60 2.2 -5692 2952
26095 60 2.2 -5368 2672
26432 60 2.2 -5804 3040
26773 60 2.2 -5568 2800
27118 60 2.2 -5740 2948
27468 60 2.2 -5328 2404
27822 60 2.2 -5376 2628
28181 60 2.2 -5660 2838
28545 60 2.2 -5632 2930
28913 60 2.2 -5420 2814
29286 60 2.2 -5796 3056
29663 60 2.2 -5444 2732
30046 60 2.2 -5324 2724
30434 60 2.2 -5908 3084
30826 60 2.2 -5864 3064
31224 60 2.2 -5756 2980
31626 60 2.2 -5448 2846
32034 60 2.2 -5260 2584
32447 60 2.2 -5696 2954
32866 60 2.2 -5400 2842
33290 60 2.2 -5444 2706
33719 60 2.2 -5428 2730
34154 60 2.2 -5660 2888
34595 60 2.2 -5376 2808
35041 60 2.2 -5460 2876
35493 60 2.2 -5780 3006
35951 60 2.2 -5600 2730
36414 60 2.2 -5872 3084
36884 60 2.2 -5576 2834
37360 60 2.2 -5732 3064
37841 60 2.2 -5360 2516
38330 60 2.2 -5544 2892
38824 60 2.2 -5584 2816
39325 60 2.2 -5720 3000
39832 60 2.2 -5464 2710
40346 60 2.2 -5724 3000
40866 60 2.2 -5648 2896
41393 60 2.2 -5700 2900
41927 60 2.2 -5696 2988
42468 60 2.2 -5452 2820
43015 60 2.2 -5252 2616
43570 60 2.2 -5656 3028
44132 60 2.2 -5400 2738
44701 60 2.2 -5532 2906
45278 60 2.2 -5492 2802
45862 60 2.2 -5760 2994
46453 60 2.2 -5764 3070
47053 60 2.2 -5780 3022
47660 60 2.2 -5720 2986
48274 60 2.2 -5516 2632
48897 60 2.2 -5472 2722
49528 60 2.2 -5512 2660
50166 60 2.2 -5376 2318
50813 60 2.2 -5800 3072
51469 60 2.2 -5836 3046
52133 60 2.2 -5640 2810
52805 60 2.2 -5620 2892
53486 60 2.2 -5836 3054
54176 60 2.2 -5512 2294
54875 60 2.2 -5656 2974
55582 60 2.2 -5496 2800
56299 60 2.2 -5636 2976
57025 60 2.2 -5788 3054
57761 60 2.2 -5452 2804
58506 60 2.2 -5848 3054
59261 60 2.2 -5676 2952
60025 60 2.2 -5576 2980
60799 60 2.2 -5768 3078
61583 60 2.2 -5788 3036
62378 60 2.2 -5616 2946
63182 60 2.2 -5328 2424
63997 60 2.2 -5648 2912
64822 60 2.2 -5628 2854
65658 60 2.2 -5636 2926
66505 60 2.2 -5540 2724
67363 60 2.2 -5576 2950
68232 60 2.2 -5536 2858
69112 60 2.2 -5396 2806
70003 60 2.2 -5076 1484
70906 60 2.2 -5544 2842
71821 60 2.2 -5400 2842
72747 60 2.2 -5484 2780
73685 60 2.2 -5528 2888
74636 60 2.2 -5740 2786
75599 60 2.2 -5332 2712
76574 60 2.2 -5448 2856
77561 60 2.2 -5628 2970
78562 60 2.2 -5596 2782
79575 60 2.2 -5744 2908
80601 60 2.2 -5976 3156
81641 60 2.2 -5404 2524
82694 60 2.2 -5680 3034
83760 60 2.2 -5624 2884
84841 60 2.2 -5496 2730
85935 60 2.2 -5320 2690
87043 60 2.2 -5364 2768
88166 60 2.2 -5332 2554
89303 60 2.2 -5600 2840
90455 60 2.2 -5816 3066
91622 60 2.2 -5684 2968
92803 60 2.2 -5368 2744
94000 60 2.2 -5536 2872
95213 60 2.2 -5628 2966
96441 60 2.2 -5672 3004
97685 60 2.2 -5384 2692
98945 60 2.2 -5668 2930
100221 60 2.2 -5720 2954
101513 60 2.2 -5768 2998
102823 60 2.2 -5608 2898
104149 60 2.2 -5736 3048
105492 60 2.2 -5676 2850
106853 60 2.2 -5452 2836
108231 60 2.2 -5672 2924
109627 60 2.2 -5700 2950
111041 60 2.2 -5492 2932
112473 60 2.2 -5924 3084
113924 60 2.2 -5340 2672
115393 60 2.2 -5596 2934
116882 60 2.2 -5656 2964
118389 60 2.2 -5520 2902
119916 60 2.2 -5300 2622
121463 60 2.2 -5516 2872
123029 60 2.2 -5596 2882
124616 60 2.2 -5428 2740
126224 60 2.2 -5888 3138
127852 60 2.2 -5648 2880
129501 60 2.2 -5944 3186
131171 60 2.2 -5504 2784
132863 60 2.2 -5720 3008
134576 60 2.2 -5848 3102
136312 60 2.2 -5688 2916
138070 60 2.2 -5912 3124
139851 60 2.2 -5696 2992
141655 60 2.2 -5528 2826
143482 60 2.2 -5588 2956
145333 60 2.2 -5388 2850
147207 60 2.2 -5480 2726
149106 60 2.2 -5776 3050
151029 60 2.2 -5676 2974
152977 60 2.2 -5604 2776
154950 60 2.2 -5304 2736
156948 60 2.2 -5652 2962
158973 60 2.2 -5640 2886
161023 60 2.2 -5572 2884
163100 60 2.2 -5392 2720
165204 60 2.2 -5908 3050
167334 60 2.2 -5592 2934
169493 60 2.2 -5560 2560
171679 60 2.2 -5756 3022
173893 60 2.2 -5760 2984
176136 60 2.2 -5552 2838
178408 60 2.2 -5508 2768
180709 60 2.2 -5484 2752
183040 60 2.2 -5692 2936
185400 60 2.2 -5284 2714
187792 60 2.2 -5512 2840
190214 60 2.2 -5308 2692
192667 60 2.2 -5608 2880
195152 60 2.2 -5664 2892
197669 60 2.2 -5416 2700
200219 60 2.2 -5656 2946
202801 60 2.2 -5564 2816
205417 60 2.2 -5576 2756
208066 60 2.2 -5344 2686
210750 60 2.2 -5368 2590
213468 60 2.2 -5452 2778
216222 60 2.2 -5736 3060
219010 60 2.2 -5664 3024
221835 60 2.2 -5608 2868
224696 60 2.2 -5524 2818
227595 60 2.2 -5336 2792
230530 60 2.2 -5680 2916
233503 60 2.2 -5520 2828
236515 60 2.2 -5448 2682
239566 60 2.2 -5720 2918
242656 60 2.2 -5504 2692
245785 60 2.2 -5436 2682
248956 60 2.2 -5448 2732
252167 60 2.2 -5728 3012
255419 60 2.2 -5388 2558
258713 60 2.2 -5756 2904
262050 60 2.2 -5384 2710
265430 60 2.2 -5316 2278
268854 60 2.2 -5588 2904
272321 60 2.2 -5652 2910
275834 60 2.2 -5692 3084
279391 60 2.2 -5172 1982
282995 60 2.2 -5496 2912
286645 60 2.2 -5680 2858
290342 60 2.2 -5768 3064
294087 60 2.2 -5412 2802
297880 60 2.2 -5352 2744
301722 60 2.2 -5592 2960
305614 60 2.2 -5604 2862
309556 60 2.2 -5604 2812
313548 60 2.2 -5324 2644
317592 60 2.2 -5668 2956
321689 60 2.2 -5516 2726
325838 60 2.2 -5676 2990
330040 60 2.2 -5540 2752
334297 60 2.2 -5568 2894
338609 60 2.2 -5444 2668
342976 60 2.2 -5756 3030
347400 60 2.2 -5632 2896
351881 60 2.2 -5436 2834
356419 60 2.2 -5516 2672
361016 60 2.2 -5496 2642
365673 60 2.2 -5700 3004
370389 60 2.2 -5764 2988
375167 60 2.2 -5368 2638
380005 60 2.2 -5496 2568
384907 60 2.2 -5808 3066
389871 60 2.2 -5576 2844
394900 60 2.2 -5348 2770
399993 60 2.2 -5784 2988
405152 60 2.2 -5660 2980
410378 60 2.2 -5600 2838
415671 60 2.2 -5484 2626
421032 60 2.2 -5592 2970
426463 60 2.2 -5740 2884
431963 60 2.2 -5492 2796
437535 60 2.2 -5612 2956
443178 60 2.2 -5580 2904
448894 60 2.2 -5676 2988
454684 60 2.2 -5640 3032
460548 60 2.2 -5600 2994
466489 60 2.2 -5736 2956
472505 60 2.2 -5420 2746
478600 60 2.2 -5328 2092
484773 60 2.2 -5584 2892
491025 60 2.2 -5528 2776
497358 60 2.2 -5752 3060
503773 60 2.2 -5864 3096
510271 60 2.2 -5656 2850
516852 60 2.2 -5572 2766
523519 60 2.2 -5784 3046
530271 60 2.2 -5744 2980
537111 60 2.2 -5568 2862
544038 60 2.2 -5420 2612
551055 60 2.2 -5492 2670
558163 60 2.2 -5260 2560
565362 60 2.2 -5772 3042
572654 60 2.2 -5388 2768
580040 60 2.2 -5612 2858
587521 60 2.2 -5656 2926
595099 60 2.2 -5660 2910
602775 60 2.2 -5548 2922
610549 60 2.2 -5700 2972
618424 60 2.2 -5916 3148
626400 60 2.2 -5548 2898
634480 60 2.2 -5308 2332
642663 60 2.2 -5848 3074
650952 60 2.2 -5476 2858
659348 60 2.2 -5728 2990
667853 60 2.2 -5472 1792
676467 60 2.2 -5356 2734
685192 60 2.2 -5340 2714
694029 60 2.2 -5492 2394
702981 60 2.2 -5568 2494
712048 60 2.2 -5592 2880
721232 60 2.2 -5340 2592
730534 60 2.2 -5524 2900
739957 60 2.2 -5604 3016
749500 60 2.2 -5624 2764
759168 60 2.2 -5972 3144
768959 60 2.2 -5676 2936
778877 60 2.2 -5456 2504
788923 60 2.2 -5376 2780
799099 60 2.2 -5500 2744
809405 60 2.2 -5716 2936
819845 60 2.2 -5408 2772
830419 60 2.2 -5584 2942
841130 60 2.2 -5776 3014
851979 60 2.2 -5728 2988
862968 60 2.2 -5744 2938
874098 60 2.2 -5564 2948
885373 60 2.2 -5656 2940
896792 60 2.2 -5532 2830
908359 60 2.2 -5684 2882
920075 60 2.2 -5688 2934
931942 60 2.2 -5504 2862
943962 60 2.2 -5548 2856
956137 60 2.2 -5592 2948
968470 60 2.2 -5352 2702
980961 60 2.2 -5924 3126
993613 60 2.2 -5696 2968
999999 60 2.2 -5336 2450
